<TICKER>;<PER>;<DATE>;<TIME>;<OPEN>;<HIGH>;<LOW>;<CLOSE>;<VOL>;<OPENINT>
ENPL-гдр;60;20171108;130000;840;840;782;785.1;7679;0
ENPL-гдр;60;20171108;140000;794.9;800;790.1;792;2073;0
ENPL-гдр;60;20171108;150000;790.2;790.2;782.9;783.6;4511;0
ENPL-гдр;60;20171108;160000;784.9;784.9;780.7;783.9;3968;0
ENPL-гдр;60;20171108;170000;783.9;785;783;785;618;0
ENPL-гдр;60;20171108;180000;785;794;783;794;1736;0
ENPL-гдр;60;20171109;100000;794;819.8;786.1;818;475;0
ENPL-гдр;60;20171109;110000;795.3;799.2;781.1;796.8;3112;0
ENPL-гдр;60;20171109;120000;786;790;785;787.9;51;0
ENPL-гдр;60;20171109;130000;785.5;785.5;779.8;779.8;4052;0
ENPL-гдр;60;20171109;140000;783;783.1;779.8;783.1;155;0
ENPL-гдр;60;20171109;150000;780.2;780.2;777;779;1146;0
ENPL-гдр;60;20171109;160000;780;780;773;773;704;0
ENPL-гдр;60;20171109;170000;772.3;775.8;772.1;772.1;2181;0
ENPL-гдр;60;20171109;180000;772.2;780;772.1;780;1237;0
ENPL-гдр;60;20171110;100000;765.4;780;765.4;780;1045;0
ENPL-гдр;60;20171110;110000;772.1;773;770;770;854;0
ENPL-гдр;60;20171110;120000;780;780;780;780;2;0
ENPL-гдр;60;20171110;130000;774;779.9;773;773.1;138;0
ENPL-гдр;60;20171110;140000;773.2;777.9;771;777.3;199;0
ENPL-гдр;60;20171110;150000;774.9;775;770;770;114;0
ENPL-гдр;60;20171110;160000;774.1;784.9;770;770;1050;0
ENPL-гдр;60;20171110;170000;775;780;772.4;772.4;3671;0
ENPL-гдр;60;20171110;180000;770.5;776.6;770.3;770.3;422;0
ENPL-гдр;60;20171113;100000;785;785;771;780;85;0
ENPL-гдр;60;20171113;110000;780;783;780;780;73;0
ENPL-гдр;60;20171113;120000;781.9;782.9;777.9;777.9;143;0
ENPL-гдр;60;20171113;130000;775.2;775.3;775;775;118;0
ENPL-гдр;60;20171113;140000;777.8;777.8;775;775;524;0
ENPL-гдр;60;20171113;160000;775;775;770;770;452;0
ENPL-гдр;60;20171113;170000;770.1;770.1;767;768.2;685;0
ENPL-гдр;60;20171113;180000;768;770;766.2;770;100;0
ENPL-гдр;60;20171114;100000;770.1;775;769.9;774;2777;0
ENPL-гдр;60;20171114;120000;776;776;770;770;168;0
ENPL-гдр;60;20171114;130000;769.9;770;769.8;770;3;0
ENPL-гдр;60;20171114;140000;770.1;770.1;767.1;767.1;211;0
ENPL-гдр;60;20171114;150000;772.3;772.4;771.4;771.4;40;0
ENPL-гдр;60;20171114;160000;771.4;772.5;768.6;768.6;546;0
ENPL-гдр;60;20171114;170000;767.3;767.9;767.3;767.9;6;0
ENPL-гдр;60;20171114;180000;768;780;768;780;618;0
ENPL-гдр;60;20171115;100000;767.7;770.1;767.7;770;21;0
ENPL-гдр;60;20171115;110000;774.4;783.9;774.4;783.9;353;0
ENPL-гдр;60;20171115;120000;781;781;781;781;1;0
ENPL-гдр;60;20171115;130000;781;783.9;781;783.9;180;0
ENPL-гдр;60;20171115;160000;776.4;776.4;773;773;37;0
ENPL-гдр;60;20171115;170000;770.4;770.4;770.3;770.3;88;0
ENPL-гдр;60;20171115;180000;770.4;772.6;770.3;772.6;214;0
ENPL-гдр;60;20171116;100000;783.8;783.8;783.8;783.8;1;0
ENPL-гдр;60;20171116;110000;783.7;783.7;781;781;3;0
ENPL-гдр;60;20171116;120000;780.1;780.1;767.1;779.9;94;0
ENPL-гдр;60;20171116;130000;767.3;770;765;770;262;0
ENPL-гдр;60;20171116;140000;770.2;776.5;765;776;170;0
ENPL-гдр;60;20171116;150000;769.9;770;760;760.3;50;0
ENPL-гдр;60;20171116;160000;761.1;761.1;761;761;105;0
ENPL-гдр;60;20171116;170000;763.5;763.5;763.5;763.5;1;0
ENPL-гдр;60;20171117;100000;763.5;770.2;763.5;770.2;94;0
ENPL-гдр;60;20171117;110000;771.6;780.2;771.6;780;21;0
ENPL-гдр;60;20171117;120000;780;780;780;780;3;0
ENPL-гдр;60;20171117;130000;779.9;779.9;772;772;32;0
ENPL-гдр;60;20171117;140000;779.9;780;779.9;780;17;0
ENPL-гдр;60;20171117;150000;779.8;780.1;779.8;780.1;128;0
ENPL-гдр;60;20171117;160000;777.5;777.5;777.5;777.5;1;0
ENPL-гдр;60;20171117;180000;777.4;777.5;777.4;777.5;13;0
ENPL-гдр;60;20171120;100000;778;778;775.3;775.3;21;0
ENPL-гдр;60;20171120;110000;778;779;778;779;115;0
ENPL-гдр;60;20171120;120000;775.3;775.3;775.3;775.3;1;0
ENPL-гдр;60;20171120;130000;775.3;779;775.3;779;4;0
ENPL-гдр;60;20171120;140000;775.4;775.4;775.4;775.4;170;0
ENPL-гдр;60;20171120;150000;775.3;779;772.6;775;251;0
ENPL-гдр;60;20171120;170000;776;776;771;771;68;0
ENPL-гдр;60;20171120;180000;771;772.7;771;772.7;32;0
ENPL-гдр;60;20171121;100000;770.5;770.5;770;770.4;30;0
ENPL-гдр;60;20171121;110000;770.3;770.3;770.1;770.3;3;0
ENPL-гдр;60;20171121;120000;770.1;770.1;770;770;24;0
ENPL-гдр;60;20171121;130000;767.3;767.3;766.2;766.2;11;0
ENPL-гдр;60;20171121;140000;766;766;764;764;1938;0
ENPL-гдр;60;20171121;150000;764;764;763.9;764;19;0
ENPL-гдр;60;20171121;160000;764;764;764;764;20;0
ENPL-гдр;60;20171121;180000;763.9;763.9;762.5;763.9;70;0
ENPL-гдр;60;20171122;100000;761.2;768;761.2;768;129;0
ENPL-гдр;60;20171122;110000;768;768;768;768;10;0
ENPL-гдр;60;20171122;130000;765;765;764;764;3;0
ENPL-гдр;60;20171122;140000;764;764;764;764;12;0
ENPL-гдр;60;20171122;150000;764;768;764;768;3781;0
ENPL-гдр;60;20171122;170000;768;768;768;768;1;0
ENPL-гдр;60;20171122;180000;768;768;768;768;5;0
ENPL-гдр;60;20171123;100000;768;768;760.6;768;113;0
ENPL-гдр;60;20171123;110000;768;768;768;768;6;0
ENPL-гдр;60;20171123;120000;768.6;768.6;768;768;30;0
ENPL-гдр;60;20171123;130000;768.2;768.2;763.1;763.1;720;0
ENPL-гдр;60;20171123;140000;770.8;771;770.8;771;4;0
ENPL-гдр;60;20171123;160000;764.9;764.9;764.9;764.9;1;0
ENPL-гдр;60;20171123;180000;769.6;769.6;769.6;769.6;1;0
ENPL-гдр;60;20171124;110000;767.6;767.6;765.5;765.5;32;0
ENPL-гдр;60;20171124;120000;765.6;771.6;763;765;261;0
ENPL-гдр;60;20171124;130000;765;771.5;765;765.7;121;0
ENPL-гдр;60;20171124;140000;765.7;771.4;765.7;771.4;109;0
ENPL-гдр;60;20171124;150000;765.2;765.2;764.1;764.2;51;0
ENPL-гдр;60;20171124;170000;768.9;768.9;764.6;767.9;175;0
ENPL-гдр;60;20171124;180000;768.3;768.3;768.3;768.3;4;0
ENPL-гдр;60;20171127;100000;777.4;777.5;766.3;770;15;0
ENPL-гдр;60;20171127;110000;767.1;767.1;753;753;1659;0
ENPL-гдр;60;20171127;120000;753;753;748;748;318;0
ENPL-гдр;60;20171127;130000;749.4;749.5;748.6;749.3;248;0
ENPL-гдр;60;20171127;140000;749.4;749.5;745;745;545;0
ENPL-гдр;60;20171127;150000;744.2;745.8;742.8;742.8;146;0
ENPL-гдр;60;20171127;160000;748.1;748.1;741.1;744.3;354;0
ENPL-гдр;60;20171127;170000;742;748.2;741.5;748;138;0
ENPL-гдр;60;20171127;180000;747.9;748.8;747.9;748.8;13;0
ENPL-гдр;60;20171128;100000;751.4;759.3;749;749;18;0
ENPL-гдр;60;20171128;110000;748.2;748.2;741;743.3;361;0
ENPL-гдр;60;20171128;120000;740.1;740.1;735.1;738;436;0
ENPL-гдр;60;20171128;130000;737;738;734.9;734.9;96;0
ENPL-гдр;60;20171128;140000;736;736.2;734.1;735;51;0
ENPL-гдр;60;20171128;150000;737.8;740;737.8;740;2158;0
ENPL-гдр;60;20171128;160000;740.1;743.3;740;743.3;34;0
ENPL-гдр;60;20171128;170000;743.4;743.4;743.4;743.4;45;0
ENPL-гдр;60;20171128;180000;743.4;748.2;743.3;748.2;28;0
ENPL-гдр;60;20171129;090000;739;739;739;739;1;0
ENPL-гдр;60;20171129;100000;739;739;731.8;732;147;0
ENPL-гдр;60;20171129;110000;735.9;745.4;735.9;745.3;207;0
ENPL-гдр;60;20171129;120000;745.4;745.4;745.4;745.4;30;0
ENPL-гдр;60;20171129;130000;746.4;748.6;742;748.6;92;0
ENPL-гдр;60;20171129;140000;743.1;747.4;742;742;352;0
ENPL-гдр;60;20171129;150000;742;749;742;749;275;0
ENPL-гдр;60;20171129;170000;746;746;745;745;15;0
ENPL-гдр;60;20171129;180000;745;747.9;745;747.9;2;0
ENPL-гдр;60;20171130;100000;741.8;751;741.8;751;751;0
ENPL-гдр;60;20171130;110000;749.9;750.1;749.9;750.1;272;0
ENPL-гдр;60;20171130;120000;750.5;751;750.5;751;523;0
ENPL-гдр;60;20171130;130000;750.1;750.1;750;750;118;0
ENPL-гдр;60;20171130;150000;750.1;750.1;750;750;3;0
ENPL-гдр;60;20171130;160000;750;750;750;750;12;0
ENPL-гдр;60;20171130;170000;750;752;747;747;11813;0
ENPL-гдр;60;20171130;180000;750.9;752;747;747;4041;0
ENPL-гдр;60;20171201;100000;741.6;741.6;741.6;741.6;2;0
ENPL-гдр;60;20171201;110000;746.9;769.7;744;744;149;0
ENPL-гдр;60;20171201;120000;744;744;744;744;1;0
ENPL-гдр;60;20171201;130000;757.9;769.2;757.9;769.2;13706;0
ENPL-гдр;60;20171201;140000;769;769;745.5;745.5;12530;0
ENPL-гдр;60;20171201;150000;767.9;777;744;776;6886;0
ENPL-гдр;60;20171201;160000;776.3;776.3;760;770;32297;0
ENPL-гдр;60;20171201;170000;751.8;773.5;751.8;752.4;4372;0
ENPL-гдр;60;20171201;180000;752.2;752.2;745.7;745.7;53156;0
ENPL-гдр;60;20171204;100000;754;761;745.1;750;119;0
ENPL-гдр;60;20171204;110000;756.7;764;756.7;763.6;5865;0
ENPL-гдр;60;20171204;120000;762.7;763.5;757.5;760.3;25645;0
ENPL-гдр;60;20171204;130000;760.3;762.8;757;760.8;53784;0
ENPL-гдр;60;20171204;140000;762.7;762.7;762.5;762.5;5;0
ENPL-гдр;60;20171204;150000;762.6;762.6;759;762;23847;0
ENPL-гдр;60;20171204;160000;762.6;762.6;760.7;760.7;10753;0
ENPL-гдр;60;20171204;170000;761.9;772.6;761.9;768;14237;0
ENPL-гдр;60;20171204;180000;768.5;768.5;765.1;765.1;190;0
ENPL-гдр;60;20171205;110000;778.1;778.1;769.7;769.7;12;0
ENPL-гдр;60;20171205;120000;769.7;779.8;759;759;5308;0
ENPL-гдр;60;20171205;130000;755;777.4;755;755;5076;0
ENPL-гдр;60;20171205;140000;758;758;751.3;751.3;234;0
ENPL-гдр;60;20171205;150000;750.5;751.3;750.1;751.3;32;0
ENPL-гдр;60;20171205;160000;750.1;758;750.1;758;719;0
ENPL-гдр;60;20171205;170000;752.6;777.6;752.4;777.5;20848;0
ENPL-гдр;60;20171205;180000;776.2;776.2;760;760;152;0
ENPL-гдр;60;20171206;100000;750.1;759.9;750;750;16;0
ENPL-гдр;60;20171206;110000;766.9;767.1;760;766.9;47;0
ENPL-гдр;60;20171206;130000;760.5;767.1;760.4;761.6;15707;0
ENPL-гдр;60;20171206;140000;764.2;765;760;764;28727;0
ENPL-гдр;60;20171206;150000;764.7;775;760;775;6531;0
ENPL-гдр;60;20171206;160000;774.9;774.9;770.4;774;38923;0
ENPL-гдр;60;20171206;170000;774;778.6;770.1;777.7;35065;0
ENPL-гдр;60;20171206;180000;770.2;777.6;770.2;770.4;7;0
ENPL-гдр;60;20171207;100000;779.9;780;779.9;780;19;0
ENPL-гдр;60;20171207;110000;780;780;770;770;155;0
ENPL-гдр;60;20171207;120000;770.5;775.4;770.2;770.2;22152;0
ENPL-гдр;60;20171207;130000;770.2;775.7;770;775.5;29684;0
ENPL-гдр;60;20171207;140000;775.5;775.5;775.5;775.5;13;0
ENPL-гдр;60;20171207;150000;774;776;770;775;32433;0
ENPL-гдр;60;20171207;160000;775;775;770.5;774.3;24167;0
ENPL-гдр;60;20171207;170000;771.7;774.6;770;770;20478;0
ENPL-гдр;60;20171207;180000;771.5;771.5;770;770;280;0
ENPL-гдр;60;20171208;100000;770.1;770.1;770;770;16;0
ENPL-гдр;60;20171208;110000;770;774.4;770;774.4;3212;0
ENPL-гдр;60;20171208;120000;771.2;776;771.2;772.7;12926;0
ENPL-гдр;60;20171208;140000;774;774;771.8;771.8;84;0
ENPL-гдр;60;20171208;150000;772.5;773.9;772;772.7;5065;0
ENPL-гдр;60;20171208;160000;774;776;772.5;772.7;11544;0
ENPL-гдр;60;20171208;170000;774.6;774.6;772.4;773.1;7524;0
ENPL-гдр;60;20171208;180000;774;774;774;774;1;0
ENPL-гдр;60;20171211;100000;770.1;770.1;770.1;770.1;6;0
ENPL-гдр;60;20171211;110000;770;772.7;768.5;772.7;13459;0
ENPL-гдр;60;20171211;120000;770.9;771.9;770.2;770.4;25780;0
ENPL-гдр;60;20171211;140000;772;772.4;770.3;772.3;19410;0
ENPL-гдр;60;20171211;150000;770.6;774;770.2;771.3;6790;0
ENPL-гдр;60;20171211;160000;773.7;773.9;771.5;772;25326;0
ENPL-гдр;60;20171211;170000;772.7;775;772.1;774.7;13324;0
ENPL-гдр;60;20171211;180000;773;779.4;773;779.4;16392;0
ENPL-гдр;60;20171212;100000;782.1;792.1;775.1;787.8;147;0
ENPL-гдр;60;20171212;110000;787.6;787.6;775;780.2;509;0
ENPL-гдр;60;20171212;120000;783.2;783.3;783.2;783.3;6;0
ENPL-гдр;60;20171212;130000;783;783.3;779.4;780.5;26434;0
ENPL-гдр;60;20171212;140000;782.7;783;779.2;779.6;8714;0
ENPL-гдр;60;20171212;150000;781.6;783.2;779.7;780.7;21444;0
ENPL-гдр;60;20171212;160000;782.6;782.8;779.2;779.2;30328;0
ENPL-гдр;60;20171212;170000;779.3;783.2;779.2;782.7;16294;0
ENPL-гдр;60;20171212;180000;780.7;782.7;779.9;782;19769;0
ENPL-гдр;60;20171213;100000;787.5;787.7;779.9;784;56;0
ENPL-гдр;60;20171213;110000;780.7;783.4;780.6;780.6;3149;0
ENPL-гдр;60;20171213;120000;781.2;783.7;780.6;782.5;5418;0
ENPL-гдр;60;20171213;130000;782.5;785.1;780.5;785;4913;0
ENPL-гдр;60;20171213;140000;785.1;785.1;785;785;27;0
ENPL-гдр;60;20171213;150000;785;785;785;785;48;0
ENPL-гдр;60;20171213;160000;785.1;785.1;785;785;62;0
ENPL-гдр;60;20171213;170000;787.6;790;787.6;790;204;0
ENPL-гдр;60;20171213;180000;790;790;790;790;753;0
ENPL-гдр;60;20171214;090000;809;809;809;809;5;0
ENPL-гдр;60;20171214;100000;792.1;800;792.1;798.5;2084;0
ENPL-гдр;60;20171214;110000;798.6;800;797.7;799.4;3366;0
ENPL-гдр;60;20171214;120000;802.1;809.9;802.1;809.9;625;0
ENPL-гдр;60;20171214;130000;807.3;810.7;804.3;807.7;12507;0
ENPL-гдр;60;20171214;140000;806.5;809.9;806.1;806.5;6069;0
ENPL-гдр;60;20171214;150000;805;805;800;801.3;9175;0
ENPL-гдр;60;20171214;160000;802.9;804.8;801;802.7;50169;0
ENPL-гдр;60;20171214;170000;801.8;809;801.8;808;23243;0
ENPL-гдр;60;20171214;180000;809.5;814.2;807.4;814.2;9843;0
ENPL-гдр;60;20171215;100000;800.1;805.1;790;802.4;6567;0
ENPL-гдр;60;20171215;110000;802.6;814.2;802.6;814.2;1942;0
ENPL-гдр;60;20171215;120000;814.2;814.2;808.2;812.9;29112;0
ENPL-гдр;60;20171215;130000;811.2;813.5;806;813;38573;0
ENPL-гдр;60;20171215;140000;813;813;808.2;808.2;10228;0
ENPL-гдр;60;20171215;150000;810.5;813;810.5;812.3;28949;0
ENPL-гдр;60;20171215;160000;812;813;811.3;813;9681;0
ENPL-гдр;60;20171215;170000;811.2;812.9;808;808.3;257;0
ENPL-гдр;60;20171215;180000;812.9;813.9;812.9;813.9;1131;0
ENPL-гдр;60;20171218;090000;825;825;825;825;1;0
ENPL-гдр;60;20171218;100000;814;820;813.9;820;22;0
ENPL-гдр;60;20171218;110000;814.1;819.7;810;810.4;351;0
ENPL-гдр;60;20171218;120000;813;821.7;812;821.7;308;0
ENPL-гдр;60;20171218;130000;815.9;818.8;815.9;816.4;5996;0
ENPL-гдр;60;20171218;140000;815.1;823;815.1;823;8202;0
ENPL-гдр;60;20171218;150000;823.8;823.9;823.8;823.9;34;0
ENPL-гдр;60;20171218;160000;822.5;824.9;822.5;822.9;13799;0
ENPL-гдр;60;20171218;170000;824.6;824.9;822.4;824.9;10748;0
ENPL-гдр;60;20171218;180000;824.8;824.8;822.2;823.8;306;0
ENPL-гдр;60;20171219;100000;825;825;825;825;4;0
ENPL-гдр;60;20171219;110000;825;825;825;825;1;0
ENPL-гдр;60;20171219;120000;824.3;824.4;821.7;821.7;12103;0
ENPL-гдр;60;20171219;130000;822.2;824.2;821.8;822.7;13463;0
ENPL-гдр;60;20171219;140000;821.9;824.8;821.8;824.8;11652;0
ENPL-гдр;60;20171219;150000;823.2;824.5;822.2;822.3;27066;0
ENPL-гдр;60;20171219;160000;822.9;824.9;822.1;823.9;22259;0
ENPL-гдр;60;20171219;170000;822.4;824.9;822.4;824.8;29010;0
ENPL-гдр;60;20171219;180000;823.7;824.6;823;823;2624;0
ENPL-гдр;60;20171220;100000;810.1;820.1;810.1;811.7;170;0
ENPL-гдр;60;20171220;110000;811.7;818;811.7;817.5;1137;0
ENPL-гдр;60;20171220;120000;815.1;818;814.8;818;14660;0
ENPL-гдр;60;20171220;130000;819.1;819.1;816.2;819.1;19638;0
ENPL-гдр;60;20171220;140000;818.5;819.1;817.2;817.6;24536;0
ENPL-гдр;60;20171220;150000;817.6;824;816.8;822.8;18753;0
ENPL-гдр;60;20171220;160000;821.9;823;821.7;821.7;8060;0
ENPL-гдр;60;20171220;170000;822.9;822.9;820;821.3;23242;0
ENPL-гдр;60;20171220;180000;821.7;821.8;820;820.4;5988;0
ENPL-гдр;60;20171221;100000;826;826;822.1;822.1;155;0
ENPL-гдр;60;20171221;110000;822.1;822.1;819.9;819.9;27;0
ENPL-гдр;60;20171221;120000;820;820;817.5;819.9;10797;0
ENPL-гдр;60;20171221;130000;818.4;819.9;818.4;819.8;18215;0
ENPL-гдр;60;20171221;140000;818.7;819.9;818.3;818.9;13317;0
ENPL-гдр;60;20171221;150000;819.7;819.8;816.3;818.3;14756;0
ENPL-гдр;60;20171221;160000;817.5;818;810;815.7;18811;0
ENPL-гдр;60;20171221;170000;811.9;817.2;811;811.8;38749;0
ENPL-гдр;60;20171221;180000;816;816;808.6;812.8;2550;0
ENPL-гдр;60;20171222;100000;815.1;823;812.8;823;6;0
ENPL-гдр;60;20171222;110000;818;818;801.1;812.7;1465;0
ENPL-гдр;60;20171222;120000;806.5;815.5;802.7;815.5;5219;0
ENPL-гдр;60;20171222;130000;814.1;818.7;805;811.5;5552;0
ENPL-гдр;60;20171222;140000;811.5;811.6;811.5;811.6;4;0
ENPL-гдр;60;20171222;150000;817;817;807;814.5;93;0
ENPL-гдр;60;20171222;160000;814;814;805.8;805.8;26;0
ENPL-гдр;60;20171222;170000;807;807;807;807;1;0
ENPL-гдр;60;20171222;180000;814;814;809.8;809.8;8;0
ENPL-гдр;60;20171225;100000;809.9;809.9;806.9;808.8;14970;0
ENPL-гдр;60;20171225;110000;808.7;810;807.4;807.6;15802;0
ENPL-гдр;60;20171225;120000;807.6;809.3;795;802.1;19567;0
ENPL-гдр;60;20171225;130000;802.1;803.9;799;801.7;13902;0
ENPL-гдр;60;20171225;140000;803.1;810.9;801.9;810.9;12058;0
ENPL-гдр;60;20171225;150000;811;815;807.3;810.7;29523;0
ENPL-гдр;60;20171225;160000;814.9;814.9;803.1;811.8;14442;0
ENPL-гдр;60;20171225;170000;811.3;814.9;807.3;814.9;4895;0
ENPL-гдр;60;20171226;110000;815;815;808.1;808.2;8;0
ENPL-гдр;60;20171226;120000;810;810;809.2;809.9;358;0
ENPL-гдр;60;20171226;130000;809.2;809.9;808.3;809.6;1829;0
ENPL-гдр;60;20171226;140000;808.1;809.5;804.1;806.9;12531;0
ENPL-гдр;60;20171226;150000;806.8;808.4;778.2;778.2;17828;0
ENPL-гдр;60;20171226;160000;779.5;799.9;770;797.9;27334;0
ENPL-гдр;60;20171226;170000;798.9;799.9;797.5;798.3;27010;0
ENPL-гдр;60;20171226;180000;798.3;799;795;795;33204;0
ENPL-гдр;60;20171227;100000;800;802.9;800;801.5;2870;0
ENPL-гдр;60;20171227;110000;800.2;809.9;796.6;808.8;4244;0
ENPL-гдр;60;20171227;120000;808.8;808.8;801.4;808.8;1103;0
ENPL-гдр;60;20171227;140000;808.5;809;800;808.9;13585;0
ENPL-гдр;60;20171227;150000;808;808;801.2;806.5;1471;0
ENPL-гдр;60;20171227;160000;801.2;802.9;800;802.9;151;0
ENPL-гдр;60;20171227;170000;800.1;803.4;800;800.2;237;0
ENPL-гдр;60;20171227;180000;804.7;805;800.1;800.1;173;0
ENPL-гдр;60;20171228;100000;800.1;800.1;800;800.1;42;0
ENPL-гдр;60;20171228;110000;800.6;801.1;798;798;268;0
ENPL-гдр;60;20171228;120000;797.2;799.2;797;799.2;112;0
ENPL-гдр;60;20171228;130000;799.2;802.4;799.2;800.1;1504;0
ENPL-гдр;60;20171228;140000;800.2;800.2;800;800;60;0
ENPL-гдр;60;20171228;150000;805.9;808.5;800;802.1;3539;0
ENPL-гдр;60;20171228;160000;800.1;808.7;796.1;797;5602;0
ENPL-гдр;60;20171228;170000;797.9;800.7;796.2;799;1462;0
ENPL-гдр;60;20171228;180000;801;804.9;796.3;800;892;0
ENPL-гдр;60;20171229;100000;795.6;804.1;795.6;804.1;542;0
ENPL-гдр;60;20171229;110000;803.3;805;801.1;801.6;2644;0
ENPL-гдр;60;20171229;120000;801.6;802;800.5;802;171;0
ENPL-гдр;60;20171229;130000;800.1;802;799.1;799.1;73;0
ENPL-гдр;60;20171229;140000;799.1;799.1;799;799;28;0
ENPL-гдр;60;20171229;150000;799.1;800;799.1;800;30;0
ENPL-гдр;60;20171229;160000;802;802.2;802;802.2;23;0
ENPL-гдр;60;20171229;170000;804.9;805.4;804.9;805.4;12;0
