<TICKER>;<PER>;<DATE>;<TIME>;<OPEN>;<HIGH>;<LOW>;<CLOSE>;<VOL>;<OPENINT>
FXCN ETF;60;20170124;100000;1810;1810;1810;1810;7;0
FXCN ETF;60;20170124;120000;1805;1805;1805;1805;4;0
FXCN ETF;60;20170124;180000;1805;1805;1805;1805;40;0
FXCN ETF;60;20170125;110000;1815;1820;1815;1820;15;0
FXCN ETF;60;20170125;170000;1825;1825;1825;1825;2000;0
FXCN ETF;60;20170125;180000;1830;1830;1830;1830;1;0
FXCN ETF;60;20170126;100000;1850;1850;1850;1850;16;0
FXCN ETF;60;20170126;150000;1865;1870;1865;1870;21;0
FXCN ETF;60;20170126;160000;1955;1955;1880;1880;3;0
FXCN ETF;60;20170126;180000;1870;1870;1870;1870;16;0
FXCN ETF;60;20170127;100000;1870;1870;1870;1870;1;0
FXCN ETF;60;20170127;120000;1865;1865;1865;1865;3;0
FXCN ETF;60;20170127;140000;1850;1850;1850;1850;5;0
FXCN ETF;60;20170127;150000;1845;1845;1845;1845;2;0
FXCN ETF;60;20170127;160000;1860;1860;1860;1860;1;0
FXCN ETF;60;20170127;170000;1840;1840;1840;1840;1;0
FXCN ETF;60;20170127;180000;1840;1840;1840;1840;16;0
FXCN ETF;60;20170130;100000;1855;1855;1855;1855;1;0
FXCN ETF;60;20170130;120000;1845;1845;1845;1845;20;0
FXCN ETF;60;20170130;130000;1835;1835;1835;1835;2;0
FXCN ETF;60;20170131;100000;1835;1835;1835;1835;1;0
FXCN ETF;60;20170201;100000;1860;1860;1860;1860;9;0
FXCN ETF;60;20170201;170000;1865;1865;1855;1855;9;0
FXCN ETF;60;20170202;100000;1840;1840;1840;1840;5;0
FXCN ETF;60;20170202;120000;1840;1840;1840;1840;1;0
FXCN ETF;60;20170202;130000;1820;1820;1820;1820;23;0
FXCN ETF;60;20170202;140000;1835;1835;1835;1835;10;0
FXCN ETF;60;20170202;150000;1835;1835;1835;1835;3;0
FXCN ETF;60;20170202;160000;1830;1830;1830;1830;1;0
FXCN ETF;60;20170202;180000;1825;1840;1825;1840;44;0
FXCN ETF;60;20170203;100000;1815;1815;1815;1815;9;0
FXCN ETF;60;20170203;110000;1830;1830;1830;1830;3;0
FXCN ETF;60;20170203;150000;1820;1820;1820;1820;6;0
FXCN ETF;60;20170206;130000;1825;1825;1825;1825;5;0
FXCN ETF;60;20170206;150000;1815;1815;1815;1815;2;0
FXCN ETF;60;20170206;160000;1825;1825;1825;1825;54;0
FXCN ETF;60;20170206;170000;1820;1820;1820;1820;1;0
FXCN ETF;60;20170206;180000;1820;1820;1820;1820;7;0
FXCN ETF;60;20170207;100000;1830;1830;1830;1830;1;0
FXCN ETF;60;20170207;120000;1845;1845;1845;1845;1;0
FXCN ETF;60;20170207;130000;1840;1840;1840;1840;6;0
FXCN ETF;60;20170207;140000;1840;1840;1840;1840;29;0
FXCN ETF;60;20170207;170000;1850;1850;1850;1850;5;0
FXCN ETF;60;20170207;180000;1850;1850;1850;1850;1;0
FXCN ETF;60;20170208;100000;1865;1865;1865;1865;6;0
FXCN ETF;60;20170208;110000;1860;1865;1860;1860;12;0
FXCN ETF;60;20170208;140000;1860;1860;1860;1860;5;0
FXCN ETF;60;20170208;180000;1845;1845;1845;1845;4;0
FXCN ETF;60;20170209;100000;1870;1870;1870;1870;1;0
FXCN ETF;60;20170209;130000;1860;1860;1860;1860;2;0
FXCN ETF;60;20170209;150000;1865;1865;1860;1860;23;0
FXCN ETF;60;20170209;170000;1855;1860;1855;1860;16;0
FXCN ETF;60;20170209;180000;1860;1860;1860;1860;1;0
FXCN ETF;60;20170210;100000;1860;1860;1860;1860;2;0
FXCN ETF;60;20170210;110000;1860;1860;1850;1850;56;0
FXCN ETF;60;20170210;130000;1855;1855;1855;1855;91;0
FXCN ETF;60;20170210;180000;1855;1855;1845;1845;9;0
FXCN ETF;60;20170213;100000;1845;1850;1845;1850;22;0
FXCN ETF;60;20170213;140000;1845;1845;1845;1845;3;0
FXCN ETF;60;20170213;160000;1845;1845;1845;1845;3;0
FXCN ETF;60;20170215;100000;1825;1825;1825;1825;1;0
FXCN ETF;60;20170215;110000;1820;1820;1820;1820;3;0
FXCN ETF;60;20170215;120000;1835;1835;1835;1835;1;0
FXCN ETF;60;20170215;160000;1855;1860;1855;1855;18;0
FXCN ETF;60;20170216;100000;1835;1835;1835;1835;2;0
FXCN ETF;60;20170216;130000;1845;1845;1845;1845;38;0
FXCN ETF;60;20170217;100000;1850;1850;1850;1850;2;0
FXCN ETF;60;20170217;110000;1850;1850;1850;1850;3;0
FXCN ETF;60;20170217;120000;1840;1840;1840;1840;5;0
FXCN ETF;60;20170217;130000;1850;1860;1850;1860;22;0
FXCN ETF;60;20170217;140000;1865;1865;1855;1855;34;0
FXCN ETF;60;20170217;150000;1855;1855;1855;1855;43;0
FXCN ETF;60;20170217;180000;1865;1865;1865;1865;3;0
FXCN ETF;60;20170220;100000;1880;1880;1880;1880;5;0
FXCN ETF;60;20170220;110000;1865;1880;1865;1880;4;0
FXCN ETF;60;20170220;120000;1880;1880;1880;1880;4;0
FXCN ETF;60;20170220;140000;1880;1880;1880;1880;1;0
FXCN ETF;60;20170220;150000;1870;1870;1870;1870;1;0
FXCN ETF;60;20170220;160000;1875;1880;1875;1880;18;0
FXCN ETF;60;20170221;100000;1850;1850;1850;1850;1;0
FXCN ETF;60;20170221;110000;1855;1855;1855;1855;8;0
FXCN ETF;60;20170221;120000;1855;1855;1855;1855;21;0
FXCN ETF;60;20170221;160000;1860;1860;1860;1860;1;0
FXCN ETF;60;20170221;170000;1855;1855;1855;1855;50;0
FXCN ETF;60;20170222;110000;1865;1865;1865;1865;8;0
FXCN ETF;60;20170222;140000;1880;1880;1880;1880;1;0
FXCN ETF;60;20170222;150000;1880;1880;1880;1880;5;0
FXCN ETF;60;20170222;160000;1880;1880;1880;1880;2;0
FXCN ETF;60;20170222;180000;1890;1895;1890;1895;9;0
FXCN ETF;60;20170224;100000;1870;1870;1860;1860;6;0
FXCN ETF;60;20170224;110000;1875;1875;1875;1875;16;0
FXCN ETF;60;20170224;120000;1875;1875;1875;1875;8;0
FXCN ETF;60;20170224;150000;1860;1860;1860;1860;18;0
FXCN ETF;60;20170227;100000;1850;1860;1850;1860;11;0
FXCN ETF;60;20170227;130000;1850;1850;1850;1850;3;0
FXCN ETF;60;20170227;140000;1840;1840;1840;1840;5;0
FXCN ETF;60;20170227;150000;1840;1850;1840;1850;2;0
FXCN ETF;60;20170227;160000;1845;1845;1845;1845;1;0
FXCN ETF;60;20170227;170000;1840;1840;1840;1840;1;0
FXCN ETF;60;20170227;180000;1860;1860;1860;1860;5;0
FXCN ETF;60;20170228;100000;1855;1855;1855;1855;2;0
FXCN ETF;60;20170228;160000;1860;1860;1860;1860;13;0
FXCN ETF;60;20170228;180000;1855;1855;1855;1855;50;0
FXCN ETF;60;20170301;100000;1870;1870;1865;1865;363;0
FXCN ETF;60;20170301;120000;1855;1855;1855;1855;20;0
FXCN ETF;60;20170301;180000;1875;1875;1875;1875;10;0
FXCN ETF;60;20170302;100000;1765;1855;1760;1855;3;0
FXCN ETF;60;20170302;110000;1855;1865;1855;1865;51;0
FXCN ETF;60;20170302;120000;1865;1865;1865;1865;1;0
FXCN ETF;60;20170302;130000;1855;1855;1855;1855;6;0
FXCN ETF;60;20170302;170000;1875;1875;1875;1875;3;0
FXCN ETF;60;20170302;180000;1870;1870;1870;1870;5;0
FXCN ETF;60;20170303;100000;1870;1875;1870;1875;3;0
FXCN ETF;60;20170303;120000;1850;1850;1850;1850;5;0
FXCN ETF;60;20170303;170000;1870;1870;1860;1870;33;0
FXCN ETF;60;20170306;100000;1845;1845;1845;1845;21;0
FXCN ETF;60;20170306;110000;1840;1850;1840;1850;5;0
FXCN ETF;60;20170306;170000;1840;1840;1840;1840;6;0
FXCN ETF;60;20170307;110000;1890;1945;1850;1850;8;0
FXCN ETF;60;20170307;120000;1850;1850;1850;1850;2;0
FXCN ETF;60;20170307;150000;1860;1860;1860;1860;1;0
FXCN ETF;60;20170307;160000;1845;1845;1845;1845;1;0
FXCN ETF;60;20170307;180000;1860;1860;1860;1860;27;0
FXCN ETF;60;20170309;100000;1865;1865;1865;1865;6;0
FXCN ETF;60;20170309;130000;1860;1860;1860;1860;7;0
FXCN ETF;60;20170309;160000;1870;1870;1870;1870;230;0
FXCN ETF;60;20170309;170000;1870;1870;1865;1865;166;0
FXCN ETF;60;20170309;180000;1880;1880;1870;1880;7;0
FXCN ETF;60;20170310;110000;1880;1880;1870;1870;16;0
FXCN ETF;60;20170310;140000;1880;1880;1880;1880;1;0
FXCN ETF;60;20170310;150000;1870;1870;1870;1870;10;0
FXCN ETF;60;20170310;160000;1875;1875;1870;1870;21;0
FXCN ETF;60;20170310;170000;1875;1875;1875;1875;220;0
FXCN ETF;60;20170313;100000;1900;1905;1900;1900;50;0
FXCN ETF;60;20170313;110000;1890;1900;1890;1900;4;0
FXCN ETF;60;20170313;120000;1900;1900;1900;1900;1;0
FXCN ETF;60;20170313;130000;1905;1905;1895;1895;2;0
FXCN ETF;60;20170313;140000;1895;1895;1895;1895;2;0
FXCN ETF;60;20170313;150000;1895;1905;1895;1905;5;0
FXCN ETF;60;20170314;120000;1900;1900;1900;1900;6;0
FXCN ETF;60;20170314;130000;1895;1895;1895;1895;9;0
FXCN ETF;60;20170314;150000;1905;1905;1905;1905;2;0
FXCN ETF;60;20170314;180000;1910;1910;1910;1910;6;0
FXCN ETF;60;20170315;120000;1905;1905;1905;1905;1;0
FXCN ETF;60;20170315;130000;1905;1905;1905;1905;13;0
FXCN ETF;60;20170315;160000;1895;1895;1895;1895;3;0
FXCN ETF;60;20170315;180000;1900;1900;1900;1900;5;0
FXCN ETF;60;20170316;110000;1910;1910;1910;1910;11;0
FXCN ETF;60;20170316;120000;1905;1905;1905;1905;40;0
FXCN ETF;60;20170316;140000;1910;1910;1910;1910;3;0
FXCN ETF;60;20170316;160000;1910;1910;1910;1910;3;0
FXCN ETF;60;20170316;170000;1900;1910;1900;1910;14;0
FXCN ETF;60;20170316;180000;1895;1895;1895;1895;15;0
FXCN ETF;60;20170317;110000;1895;1895;1895;1895;7;0
FXCN ETF;60;20170317;140000;1910;1910;1910;1910;3;0
FXCN ETF;60;20170317;180000;1900;1900;1900;1900;315;0
FXCN ETF;60;20170320;110000;1900;1900;1900;1900;5;0
FXCN ETF;60;20170320;130000;1910;1910;1910;1910;1;0
FXCN ETF;60;20170320;140000;1910;1910;1910;1910;1;0
FXCN ETF;60;20170320;180000;1910;1915;1910;1915;4;0
FXCN ETF;60;20170321;160000;1915;1915;1915;1915;1;0
FXCN ETF;60;20170321;170000;1905;1905;1900;1900;88;0
FXCN ETF;60;20170322;170000;1900;1900;1900;1900;2;0
FXCN ETF;60;20170323;110000;1890;1890;1890;1890;3;0
FXCN ETF;60;20170323;130000;1895;1895;1895;1895;22;0
FXCN ETF;60;20170323;140000;1895;1895;1895;1895;1;0
FXCN ETF;60;20170324;100000;1880;1880;1880;1880;31;0
FXCN ETF;60;20170324;120000;1885;1885;1885;1885;2;0
FXCN ETF;60;20170324;140000;1890;1890;1890;1890;4;0
FXCN ETF;60;20170327;100000;1860;1860;1860;1860;2;0
FXCN ETF;60;20170327;110000;1850;1850;1850;1850;221;0
FXCN ETF;60;20170327;150000;1855;1860;1855;1860;77;0
FXCN ETF;60;20170328;150000;1875;1875;1875;1875;3;0
FXCN ETF;60;20170328;170000;1875;1875;1875;1875;26;0
FXCN ETF;60;20170328;180000;1875;1875;1875;1875;1;0
FXCN ETF;60;20170329;110000;1880;1880;1880;1880;4;0
FXCN ETF;60;20170330;110000;1840;1840;1835;1835;5;0
FXCN ETF;60;20170330;140000;1840;1840;1840;1840;1;0
FXCN ETF;60;20170330;150000;1835;1835;1835;1835;2;0
FXCN ETF;60;20170330;160000;1840;1840;1840;1840;7;0
FXCN ETF;60;20170330;170000;1835;1835;1835;1835;1;0
FXCN ETF;60;20170331;120000;1820;1820;1820;1820;9;0
FXCN ETF;60;20170331;130000;1835;1840;1835;1840;6;0
FXCN ETF;60;20170331;140000;1840;1840;1840;1840;1;0
FXCN ETF;60;20170331;150000;1840;1840;1840;1840;1;0
FXCN ETF;60;20170331;160000;1840;1840;1840;1840;3;0
FXCN ETF;60;20170331;170000;1840;1840;1840;1840;11;0
FXCN ETF;60;20170403;110000;1840;1840;1840;1840;5;0
FXCN ETF;60;20170403;150000;1850;1850;1850;1850;3;0
FXCN ETF;60;20170403;170000;1850;1850;1850;1850;5;0
FXCN ETF;60;20170404;150000;1845;1845;1845;1845;3;0
FXCN ETF;60;20170405;100000;1830;1835;1820;1835;11;0
FXCN ETF;60;20170405;120000;1845;1845;1845;1845;8;0
FXCN ETF;60;20170405;140000;1850;1850;1845;1845;62;0
FXCN ETF;60;20170405;180000;1860;1860;1860;1860;1;0
FXCN ETF;60;20170406;110000;1845;1845;1845;1845;5;0
FXCN ETF;60;20170406;130000;1850;1850;1850;1850;79;0
FXCN ETF;60;20170406;140000;1850;1850;1850;1850;22;0
FXCN ETF;60;20170406;180000;1850;1855;1850;1855;27;0
FXCN ETF;60;20170407;120000;1870;1870;1870;1870;1;0
FXCN ETF;60;20170407;140000;1875;1875;1875;1875;20;0
FXCN ETF;60;20170407;170000;1860;1875;1860;1875;46;0
FXCN ETF;60;20170410;110000;1870;1870;1870;1870;8;0
FXCN ETF;60;20170410;150000;1875;1875;1875;1875;1;0
FXCN ETF;60;20170411;110000;1860;1860;1860;1860;3;0
FXCN ETF;60;20170411;130000;1860;1860;1860;1860;1;0
FXCN ETF;60;20170411;140000;1865;1865;1865;1865;29;0
FXCN ETF;60;20170411;150000;1865;1865;1865;1865;1;0
FXCN ETF;60;20170412;100000;1865;1865;1865;1865;15;0
FXCN ETF;60;20170412;110000;1855;1855;1855;1855;8;0
FXCN ETF;60;20170412;120000;1870;1870;1870;1870;5;0
FXCN ETF;60;20170412;160000;1865;1865;1865;1865;1;0
FXCN ETF;60;20170413;150000;1855;1855;1855;1855;2;0
FXCN ETF;60;20170413;160000;1855;1855;1850;1855;15;0
FXCN ETF;60;20170413;170000;1855;1855;1855;1855;5;0
FXCN ETF;60;20170413;180000;1850;1850;1850;1850;1;0
FXCN ETF;60;20170414;110000;1925;1925;1850;1850;3;0
FXCN ETF;60;20170414;120000;1850;1850;1825;1825;4;0
FXCN ETF;60;20170414;130000;1825;1850;1825;1850;33;0
FXCN ETF;60;20170414;150000;1845;1845;1815;1815;86;0
FXCN ETF;60;20170417;120000;1845;1845;1845;1845;3;0
FXCN ETF;60;20170418;100000;1825;1825;1825;1825;2;0
FXCN ETF;60;20170418;150000;1820;1820;1820;1820;1;0
FXCN ETF;60;20170418;180000;1815;1820;1815;1820;6802;0
FXCN ETF;60;20170419;100000;1830;1830;1830;1830;4;0
FXCN ETF;60;20170419;120000;1830;1830;1830;1830;1;0
FXCN ETF;60;20170419;140000;1830;1830;1830;1830;21;0
FXCN ETF;60;20170419;150000;1835;1835;1830;1830;9;0
FXCN ETF;60;20170419;170000;1840;1840;1840;1840;109;0
FXCN ETF;60;20170420;110000;1850;1850;1850;1850;3;0
FXCN ETF;60;20170420;120000;1850;1850;1850;1850;30;0
FXCN ETF;60;20170420;140000;1845;1845;1845;1845;1;0
FXCN ETF;60;20170420;150000;1835;1835;1835;1835;1;0
FXCN ETF;60;20170420;180000;1850;1850;1850;1850;1;0
FXCN ETF;60;20170421;100000;1850;1850;1850;1850;2;0
FXCN ETF;60;20170421;150000;1850;1850;1850;1850;2;0
FXCN ETF;60;20170421;160000;1845;1845;1845;1845;15;0
FXCN ETF;60;20170421;170000;1850;1855;1850;1855;5;0
FXCN ETF;60;20170424;100000;1855;1855;1855;1855;5;0
FXCN ETF;60;20170424;110000;1840;1840;1840;1840;1;0
FXCN ETF;60;20170424;130000;1840;1840;1840;1840;71;0
FXCN ETF;60;20170424;140000;1845;1850;1845;1845;22;0
FXCN ETF;60;20170425;100000;1850;1850;1850;1850;2;0
FXCN ETF;60;20170425;110000;1865;1900;1860;1860;9;0
FXCN ETF;60;20170425;130000;1870;1870;1870;1870;1;0
FXCN ETF;60;20170425;170000;1870;1870;1870;1870;5;0
FXCN ETF;60;20170426;110000;1885;1885;1885;1885;19;0
FXCN ETF;60;20170426;130000;1885;1885;1885;1885;7;0
FXCN ETF;60;20170426;170000;1900;1910;1900;1910;7;0
FXCN ETF;60;20170427;120000;1900;1900;1900;1900;8;0
FXCN ETF;60;20170427;130000;1900;1900;1900;1900;4;0
FXCN ETF;60;20170427;140000;1900;1900;1900;1900;2;0
FXCN ETF;60;20170427;150000;1910;1910;1910;1910;99;0
FXCN ETF;60;20170428;100000;1895;1895;1895;1895;5;0
FXCN ETF;60;20170428;110000;1905;1910;1905;1910;70;0
FXCN ETF;60;20170428;120000;1910;1910;1910;1910;120;0
FXCN ETF;60;20170428;130000;1900;1905;1900;1905;15;0
FXCN ETF;60;20170428;140000;1905;1905;1905;1905;29;0
FXCN ETF;60;20170428;170000;1900;1900;1900;1900;2;0
FXCN ETF;60;20170428;180000;1900;1900;1900;1900;5;0
FXCN ETF;60;20170502;100000;1815;1895;1815;1895;2;0
FXCN ETF;60;20170502;120000;1910;1910;1910;1910;236;0
FXCN ETF;60;20170502;130000;1900;1900;1900;1900;1;0
FXCN ETF;60;20170502;140000;1910;1910;1910;1910;23;0
FXCN ETF;60;20170503;100000;1905;1905;1905;1905;15;0
FXCN ETF;60;20170503;150000;1920;1920;1920;1920;18;0
FXCN ETF;60;20170503;160000;1920;1920;1920;1920;1;0
FXCN ETF;60;20170504;100000;1910;1910;1910;1910;2;0
FXCN ETF;60;20170504;120000;1910;1910;1910;1910;1;0
FXCN ETF;60;20170504;130000;1920;1920;1920;1920;3;0
FXCN ETF;60;20170504;170000;1915;1915;1915;1915;9;0
FXCN ETF;60;20170505;110000;1920;1920;1920;1920;4;0
FXCN ETF;60;20170505;120000;1920;1920;1920;1920;19;0
FXCN ETF;60;20170505;130000;1925;1925;1925;1925;1;0
FXCN ETF;60;20170505;150000;1920;1920;1910;1920;9;0
FXCN ETF;60;20170505;160000;1925;1925;1925;1925;9;0
FXCN ETF;60;20170505;170000;1920;1920;1920;1920;5;0
FXCN ETF;60;20170505;180000;1900;1900;1900;1900;2;0
FXCN ETF;60;20170510;100000;1945;1945;1945;1945;1;0
FXCN ETF;60;20170510;110000;1965;1965;1965;1965;5;0
FXCN ETF;60;20170510;120000;1955;1955;1955;1955;52;0
FXCN ETF;60;20170510;140000;1960;1960;1960;1960;1;0
FXCN ETF;60;20170510;150000;1960;1960;1960;1960;7;0
FXCN ETF;60;20170510;170000;1940;1940;1940;1940;1;0
FXCN ETF;60;20170510;180000;1955;1955;1945;1945;55;0
FXCN ETF;60;20170511;110000;1935;1935;1935;1935;15;0
FXCN ETF;60;20170511;130000;1940;1945;1940;1945;2;0
FXCN ETF;60;20170511;140000;1945;1945;1945;1945;1;0
FXCN ETF;60;20170511;160000;1930;1930;1930;1930;150;0
FXCN ETF;60;20170512;110000;1950;1950;1950;1950;3;0
FXCN ETF;60;20170512;140000;1950;1950;1950;1950;3;0
FXCN ETF;60;20170512;170000;1955;1955;1955;1955;3;0
FXCN ETF;60;20170515;100000;1940;1940;1940;1940;36;0
FXCN ETF;60;20170515;110000;1940;1940;1940;1940;103;0
FXCN ETF;60;20170515;120000;1935;1935;1935;1935;5;0
FXCN ETF;60;20170515;130000;1935;1935;1935;1935;3;0
FXCN ETF;60;20170515;150000;1935;1935;1935;1935;10;0
FXCN ETF;60;20170515;170000;1940;1940;1940;1940;1;0
FXCN ETF;60;20170516;140000;1940;1940;1940;1940;1;0
FXCN ETF;60;20170516;160000;1940;1940;1940;1940;15;0
FXCN ETF;60;20170516;170000;1950;1950;1950;1950;9;0
FXCN ETF;60;20170516;180000;1940;1940;1940;1940;50;0
FXCN ETF;60;20170517;100000;1945;1945;1945;1945;1;0
FXCN ETF;60;20170517;110000;1960;1960;1955;1955;18;0
FXCN ETF;60;20170517;120000;1965;1965;1965;1965;51;0
FXCN ETF;60;20170517;130000;1960;1965;1960;1965;3;0
FXCN ETF;60;20170517;150000;1965;1965;1965;1965;17;0
FXCN ETF;60;20170517;170000;1960;1960;1955;1960;43;0
FXCN ETF;60;20170518;130000;1975;1975;1975;1975;20;0
FXCN ETF;60;20170518;140000;1980;1980;1980;1980;79;0
FXCN ETF;60;20170518;160000;1970;1970;1965;1965;6;0
FXCN ETF;60;20170518;180000;1970;1970;1970;1970;25;0
FXCN ETF;60;20170519;100000;1970;1970;1955;1955;9;0
FXCN ETF;60;20170519;120000;1970;1970;1970;1970;8;0
FXCN ETF;60;20170519;130000;1970;1970;1970;1970;1;0
FXCN ETF;60;20170519;140000;1965;1965;1965;1965;24;0
FXCN ETF;60;20170519;170000;1980;1980;1980;1980;10;0
FXCN ETF;60;20170522;100000;1975;1975;1975;1975;1;0
FXCN ETF;60;20170522;110000;1975;1975;1975;1975;35;0
FXCN ETF;60;20170522;140000;1980;1980;1980;1980;7;0
FXCN ETF;60;20170522;150000;1980;1985;1980;1985;3;0
FXCN ETF;60;20170522;170000;1975;1975;1975;1975;12;0
FXCN ETF;60;20170522;180000;1990;1990;1990;1990;3;0
FXCN ETF;60;20170523;100000;1980;1980;1980;1980;34;0
FXCN ETF;60;20170523;140000;1980;1980;1980;1980;8;0
FXCN ETF;60;20170523;170000;1960;1970;1960;1970;10;0
FXCN ETF;60;20170524;140000;1960;1975;1960;1975;11;0
FXCN ETF;60;20170524;160000;1960;1960;1960;1960;2;0
FXCN ETF;60;20170525;130000;1975;1975;1975;1975;6;0
FXCN ETF;60;20170525;150000;1975;1975;1975;1975;10;0
FXCN ETF;60;20170525;170000;1990;1990;1990;1990;5;0
FXCN ETF;60;20170526;100000;2005;2005;2005;2005;13;0
FXCN ETF;60;20170526;120000;2000;2000;2000;2000;15;0
FXCN ETF;60;20170526;130000;2000;2000;2000;2000;20;0
FXCN ETF;60;20170526;140000;1995;2005;1995;2005;19;0
FXCN ETF;60;20170526;160000;2005;2005;2005;2005;9;0
FXCN ETF;60;20170529;100000;2000;2000;2000;2000;9;0
FXCN ETF;60;20170529;140000;2005;2005;2005;2005;4;0
FXCN ETF;60;20170529;170000;2000;2000;2000;2000;4;0
FXCN ETF;60;20170530;090000;2010;2010;2010;2010;1;0
FXCN ETF;60;20170530;100000;1990;2000;1990;2000;14;0
FXCN ETF;60;20170530;110000;1990;1990;1990;1990;1;0
FXCN ETF;60;20170530;120000;2000;2000;2000;2000;10;0
FXCN ETF;60;20170530;130000;2000;2000;2000;2000;2;0
FXCN ETF;60;20170530;170000;2005;2005;2005;2005;3;0
FXCN ETF;60;20170531;100000;1990;1990;1990;1990;6;0
FXCN ETF;60;20170531;120000;2005;2005;1990;1990;4;0
FXCN ETF;60;20170531;140000;2000;2010;2000;2010;32;0
FXCN ETF;60;20170531;180000;1995;1995;1995;1995;3;0
FXCN ETF;60;20170601;100000;1995;1995;1995;1995;1;0
FXCN ETF;60;20170601;150000;1995;1995;1995;1995;16;0
FXCN ETF;60;20170601;170000;1995;2000;1995;2000;4;0
FXCN ETF;60;20170601;180000;1990;1990;1990;1990;8;0
FXCN ETF;60;20170602;110000;2010;2030;2005;2010;13;0
FXCN ETF;60;20170602;130000;2010;2010;2010;2010;7;0
FXCN ETF;60;20170602;140000;2005;2005;2005;2005;1;0
FXCN ETF;60;20170602;180000;2010;2010;2010;2010;18;0
FXCN ETF;60;20170605;100000;1995;1995;1995;1995;22;0
FXCN ETF;60;20170605;110000;2005;2005;2005;2005;4;0
FXCN ETF;60;20170605;140000;2015;2015;2015;2015;15;0
FXCN ETF;60;20170605;150000;2015;2015;2015;2015;2;0
FXCN ETF;60;20170605;160000;2015;2015;2015;2015;11;0
FXCN ETF;60;20170605;170000;2020;2020;2020;2020;3;0
FXCN ETF;60;20170606;100000;2015;2020;2015;2020;37;0
FXCN ETF;60;20170606;110000;2015;2020;2015;2020;56;0
FXCN ETF;60;20170606;120000;2020;2025;2020;2025;59;0
FXCN ETF;60;20170606;130000;2025;2025;2020;2020;39;0
FXCN ETF;60;20170606;140000;2020;2020;2020;2020;35;0
FXCN ETF;60;20170606;150000;2020;2020;2020;2020;18;0
FXCN ETF;60;20170606;160000;2020;2020;2020;2020;1;0
FXCN ETF;60;20170606;170000;2025;2025;2025;2025;11;0
FXCN ETF;60;20170606;180000;2020;2025;2020;2025;11;0
FXCN ETF;60;20170607;100000;2015;2015;2005;2015;119;0
FXCN ETF;60;20170607;120000;2020;2020;2020;2020;5;0
FXCN ETF;60;20170607;140000;2020;2025;2015;2015;10;0
FXCN ETF;60;20170607;150000;2020;2025;2020;2025;16;0
FXCN ETF;60;20170607;160000;2025;2025;2025;2025;6;0
FXCN ETF;60;20170607;170000;2030;2030;2030;2030;1;0
FXCN ETF;60;20170607;180000;2030;2030;2030;2030;3;0
FXCN ETF;60;20170608;100000;2045;2045;2045;2045;15;0
FXCN ETF;60;20170608;110000;2045;2045;2040;2045;382;0
FXCN ETF;60;20170608;120000;2045;2045;2045;2045;39;0
FXCN ETF;60;20170608;130000;2045;2045;2045;2045;58;0
FXCN ETF;60;20170608;140000;2045;2050;2045;2050;6;0
FXCN ETF;60;20170608;150000;2050;2050;2050;2050;23;0
FXCN ETF;60;20170608;160000;2045;2070;2045;2065;58;0
FXCN ETF;60;20170608;170000;2060;2060;2060;2060;1;0
FXCN ETF;60;20170608;180000;2060;2065;2060;2065;4;0
FXCN ETF;60;20170609;100000;2060;2075;2060;2075;93;0
FXCN ETF;60;20170609;110000;2070;2075;2060;2060;60;0
FXCN ETF;60;20170609;120000;2075;2075;2075;2075;35;0
FXCN ETF;60;20170609;130000;2075;2075;2070;2070;19;0
FXCN ETF;60;20170609;140000;2070;2070;2070;2070;28;0
FXCN ETF;60;20170609;150000;2075;2075;2075;2075;46;0
FXCN ETF;60;20170609;160000;2075;2080;2075;2075;94;0
FXCN ETF;60;20170609;170000;2075;2085;2075;2085;99;0
FXCN ETF;60;20170609;180000;2080;2080;2065;2065;23;0
FXCN ETF;60;20170613;100000;2035;2040;2025;2040;26;0
FXCN ETF;60;20170613;110000;2040;2040;2030;2040;91;0
FXCN ETF;60;20170613;120000;2040;2040;2040;2040;36;0
FXCN ETF;60;20170613;130000;2040;2040;2030;2040;40;0
FXCN ETF;60;20170613;140000;2040;2040;2040;2040;42;0
FXCN ETF;60;20170613;150000;2040;2045;2040;2045;25;0
FXCN ETF;60;20170613;160000;2045;2045;2035;2045;29;0
FXCN ETF;60;20170613;170000;2040;2040;2025;2025;5;0
FXCN ETF;60;20170613;180000;2035;2035;2020;2035;32;0
FXCN ETF;60;20170614;100000;2035;2040;2035;2040;53;0
FXCN ETF;60;20170614;110000;2040;2045;2030;2040;31;0
FXCN ETF;60;20170614;120000;2040;2045;2040;2045;16;0
FXCN ETF;60;20170614;140000;2045;2045;2030;2045;84;0
FXCN ETF;60;20170614;150000;2045;2045;2040;2040;87;0
FXCN ETF;60;20170614;160000;2040;2040;2030;2030;8;0
FXCN ETF;60;20170614;170000;2040;2045;2040;2045;15;0
FXCN ETF;60;20170614;180000;2040;2040;2040;2040;14;0
FXCN ETF;60;20170615;100000;2030;2030;2030;2030;34;0
FXCN ETF;60;20170615;110000;2025;2030;2025;2030;199;0
FXCN ETF;60;20170615;120000;2030;2030;2020;2030;21;0
FXCN ETF;60;20170615;130000;2020;2030;2015;2025;53;0
FXCN ETF;60;20170615;140000;2030;2030;2030;2030;25;0
FXCN ETF;60;20170615;150000;2030;2030;2030;2030;1;0
FXCN ETF;60;20170615;160000;2025;2025;2025;2025;3;0
FXCN ETF;60;20170615;170000;2025;2030;2025;2030;16;0
FXCN ETF;60;20170615;180000;2030;2030;2030;2030;1;0
FXCN ETF;60;20170616;100000;2040;2040;2025;2035;60;0
FXCN ETF;60;20170616;110000;2040;2060;2030;2030;119;0
FXCN ETF;60;20170616;120000;2030;2040;2025;2040;107;0
FXCN ETF;60;20170616;130000;2040;2040;2030;2035;31;0
FXCN ETF;60;20170616;140000;2035;2035;2025;2025;148;0
FXCN ETF;60;20170616;150000;2025;2030;2025;2030;3;0
FXCN ETF;60;20170616;160000;2035;2035;2030;2030;14;0
FXCN ETF;60;20170616;170000;2035;2035;2030;2030;22;0
FXCN ETF;60;20170619;100000;2065;2070;2065;2070;50;0
FXCN ETF;60;20170619;110000;2070;2075;2060;2070;92;0
FXCN ETF;60;20170619;120000;2070;2075;2070;2075;29;0
FXCN ETF;60;20170619;130000;2075;2075;2075;2075;55;0
FXCN ETF;60;20170619;140000;2080;2080;2070;2070;111;0
FXCN ETF;60;20170619;150000;2070;2080;2070;2080;24;0
FXCN ETF;60;20170619;160000;2070;2080;2070;2080;45;0
FXCN ETF;60;20170619;170000;2090;2095;2085;2095;159;0
FXCN ETF;60;20170619;180000;2095;2095;2095;2095;8;0
FXCN ETF;60;20170620;100000;2095;2100;2085;2100;79;0
FXCN ETF;60;20170620;110000;2100;2105;2090;2105;38;0
FXCN ETF;60;20170620;120000;2110;2110;2110;2110;1;0
FXCN ETF;60;20170620;130000;2115;2120;2110;2120;44;0
FXCN ETF;60;20170620;140000;2120;2120;2120;2120;37;0
FXCN ETF;60;20170620;150000;2125;2125;2110;2125;64;0
FXCN ETF;60;20170620;160000;2120;2125;2120;2125;11;0
FXCN ETF;60;20170620;170000;2115;2135;2115;2135;61;0
FXCN ETF;60;20170620;180000;2135;2135;2120;2130;25;0
FXCN ETF;60;20170621;100000;2135;2145;2130;2140;200;0
FXCN ETF;60;20170621;110000;2150;2150;2140;2140;57;0
FXCN ETF;60;20170621;120000;2140;2140;2130;2130;47;0
FXCN ETF;60;20170621;130000;2130;2130;2120;2130;72;0
FXCN ETF;60;20170621;140000;2125;2130;2125;2125;414;0
FXCN ETF;60;20170621;150000;2125;2125;2120;2125;55;0
FXCN ETF;60;20170621;160000;2135;2135;2130;2130;305;0
FXCN ETF;60;20170621;170000;2140;2140;2130;2140;80;0
FXCN ETF;60;20170621;180000;2140;2150;2140;2150;68;0
FXCN ETF;60;20170622;100000;2165;2170;2145;2160;117;0
FXCN ETF;60;20170622;110000;2165;2165;2160;2160;47;0
FXCN ETF;60;20170622;120000;2160;2160;2155;2160;152;0
FXCN ETF;60;20170622;130000;2140;2160;2140;2160;130;0
FXCN ETF;60;20170622;140000;2155;2160;2155;2155;119;0
FXCN ETF;60;20170622;150000;2145;2160;2145;2160;18;0
FXCN ETF;60;20170622;160000;2150;2160;2150;2155;83;0
FXCN ETF;60;20170622;170000;2155;2160;2150;2160;49;0
FXCN ETF;60;20170622;180000;2155;2160;2155;2160;15;0
FXCN ETF;60;20170623;100000;2160;2160;2155;2155;6;0
FXCN ETF;60;20170623;110000;2150;2150;2145;2145;33;0
FXCN ETF;60;20170623;120000;2135;2150;2135;2150;42;0
FXCN ETF;60;20170623;130000;2145;2150;2145;2150;12;0
FXCN ETF;60;20170623;140000;2150;2150;2140;2150;48;0
FXCN ETF;60;20170623;150000;2150;2150;2150;2150;18;0
FXCN ETF;60;20170623;160000;2145;2150;2140;2150;57;0
FXCN ETF;60;20170623;170000;2150;2150;2150;2150;15;0
FXCN ETF;60;20170626;100000;2225;2225;2135;2145;116;0
FXCN ETF;60;20170626;110000;2145;2150;2145;2150;33;0
FXCN ETF;60;20170626;120000;2150;2150;2150;2150;20;0
FXCN ETF;60;20170626;130000;2150;2150;2140;2140;52;0
FXCN ETF;60;20170626;140000;2140;2155;2140;2155;34;0
FXCN ETF;60;20170626;150000;2155;2170;2140;2150;65;0
FXCN ETF;60;20170626;160000;2140;2145;2140;2145;30;0
FXCN ETF;60;20170626;170000;2155;2155;2155;2155;1;0
FXCN ETF;60;20170626;180000;2150;2150;2150;2150;16;0
FXCN ETF;60;20170627;100000;2135;2145;2135;2145;22;0
FXCN ETF;60;20170627;110000;2145;2150;2145;2150;31;0
FXCN ETF;60;20170627;120000;2150;2150;2135;2135;37;0
FXCN ETF;60;20170627;130000;2140;2245;2135;2245;66;0
FXCN ETF;60;20170627;140000;2245;2245;2145;2145;54;0
FXCN ETF;60;20170627;150000;2145;2145;2145;2145;58;0
FXCN ETF;60;20170627;160000;2145;2150;2145;2150;95;0
FXCN ETF;60;20170627;170000;2145;2145;2130;2145;11;0
FXCN ETF;60;20170627;180000;2145;2145;2145;2145;10;0
FXCN ETF;60;20170628;100000;2140;2245;2130;2145;41;0
FXCN ETF;60;20170628;110000;2140;2140;2135;2135;34;0
FXCN ETF;60;20170628;120000;2135;2140;2125;2140;16648;0
FXCN ETF;60;20170628;130000;2140;2145;2140;2145;26;0
FXCN ETF;60;20170628;140000;2145;2145;2145;2145;6;0
FXCN ETF;60;20170628;150000;2150;2150;2150;2150;49;0
FXCN ETF;60;20170628;160000;2145;2150;2130;2130;32;0
FXCN ETF;60;20170628;170000;2145;2145;2145;2145;31;0
FXCN ETF;60;20170628;180000;2145;2145;2145;2145;1;0
FXCN ETF;60;20170629;100000;2135;2135;2135;2135;11;0
FXCN ETF;60;20170629;110000;2135;2135;2120;2135;45;0
FXCN ETF;60;20170629;120000;2130;2135;2130;2135;6;0
FXCN ETF;60;20170629;130000;2130;2130;2130;2130;24;0
FXCN ETF;60;20170629;140000;2135;2135;2120;2135;22;0
FXCN ETF;60;20170629;150000;2125;2125;2125;2125;3;0
FXCN ETF;60;20170629;160000;2125;2135;2125;2130;8;0
FXCN ETF;60;20170629;170000;2125;2125;2110;2110;2023;0
FXCN ETF;60;20170629;180000;2120;2120;2120;2120;64;0
FXCN ETF;60;20170630;100000;2130;2130;2130;2130;13;0
FXCN ETF;60;20170630;110000;2115;2115;2115;2115;3;0
FXCN ETF;60;20170630;120000;2115;2130;2115;2130;56;0
FXCN ETF;60;20170630;130000;2130;2130;2115;2125;106;0
FXCN ETF;60;20170630;140000;2125;2125;2115;2125;65;0
FXCN ETF;60;20170630;150000;2125;2125;2125;2125;1;0
FXCN ETF;60;20170630;160000;2125;2125;2125;2125;68;0
FXCN ETF;60;20170630;170000;2120;2125;2115;2120;80;0
FXCN ETF;60;20170630;180000;2130;2130;2120;2120;9;0
FXCN ETF;60;20170703;100000;2105;2120;2100;2110;240;0
FXCN ETF;60;20170703;110000;2110;2135;2110;2135;240;0
FXCN ETF;60;20170703;120000;2135;2135;2125;2125;30;0
FXCN ETF;60;20170703;130000;2125;2140;2125;2140;17;0
FXCN ETF;60;20170703;140000;2135;2135;2125;2135;52;0
FXCN ETF;60;20170703;150000;2135;2140;2125;2140;29;0
FXCN ETF;60;20170703;160000;2140;2145;2140;2145;53;0
FXCN ETF;60;20170703;170000;2140;2140;2125;2140;49;0
FXCN ETF;60;20170703;180000;2140;2220;2140;2190;40;0
FXCN ETF;60;20170704;100000;2105;2110;2105;2110;22;0
FXCN ETF;60;20170704;110000;2105;2105;2105;2105;58;0
FXCN ETF;60;20170704;120000;2105;2110;2100;2110;43;0
FXCN ETF;60;20170704;130000;2110;2110;2100;2100;27;0
FXCN ETF;60;20170704;140000;2110;2110;2110;2110;1;0
FXCN ETF;60;20170704;150000;2110;2110;2110;2110;11;0
FXCN ETF;60;20170704;160000;2110;2110;2110;2110;11;0
FXCN ETF;60;20170704;170000;2110;2110;2100;2100;12;0
FXCN ETF;60;20170704;180000;2100;2100;2095;2095;8;0
FXCN ETF;60;20170705;100000;2115;2130;2105;2130;133;0
FXCN ETF;60;20170705;110000;2130;2215;2120;2140;114;0
FXCN ETF;60;20170705;120000;2130;2140;2125;2140;56;0
FXCN ETF;60;20170705;130000;2140;2145;2130;2140;95;0
FXCN ETF;60;20170705;140000;2145;2145;2140;2140;110;0
FXCN ETF;60;20170705;150000;2140;2145;2125;2145;98;0
FXCN ETF;60;20170705;160000;2140;2140;2140;2140;42;0
FXCN ETF;60;20170705;170000;2145;2145;2145;2145;5;0
FXCN ETF;60;20170705;180000;2150;2150;2150;2150;1;0
FXCN ETF;60;20170706;100000;2160;2170;2160;2165;34;0
FXCN ETF;60;20170706;110000;2160;2165;2150;2160;45;0
FXCN ETF;60;20170706;120000;2160;2160;2160;2160;35;0
FXCN ETF;60;20170706;130000;2150;2155;2150;2155;39;0
FXCN ETF;60;20170706;140000;2155;2155;2150;2155;33;0
FXCN ETF;60;20170706;150000;2145;2155;2140;2155;36;0
FXCN ETF;60;20170706;160000;2140;2140;2140;2140;1;0
FXCN ETF;60;20170706;170000;2135;2135;2130;2135;73;0
FXCN ETF;60;20170706;180000;2130;2135;2130;2135;102;0
FXCN ETF;60;20170707;090000;2165;2165;2165;2165;7;0
FXCN ETF;60;20170707;100000;2150;2150;2145;2150;27;0
FXCN ETF;60;20170707;110000;2150;2150;2140;2150;102;0
FXCN ETF;60;20170707;120000;2150;2150;2145;2145;59;0
FXCN ETF;60;20170707;130000;2140;2150;2135;2145;45;0
FXCN ETF;60;20170707;140000;2145;2145;2130;2145;41;0
FXCN ETF;60;20170707;150000;2135;2150;2135;2150;6;0
FXCN ETF;60;20170707;160000;2150;2155;2150;2150;65;0
FXCN ETF;60;20170707;170000;2155;2155;2150;2150;10;0
FXCN ETF;60;20170707;180000;2135;2150;2135;2135;5;0
FXCN ETF;60;20170710;100000;2150;2150;2150;2150;14;0
FXCN ETF;60;20170710;110000;2150;2150;2135;2135;93;0
FXCN ETF;60;20170710;120000;2150;2150;2135;2150;87;0
FXCN ETF;60;20170710;130000;2140;2150;2140;2140;60;0
FXCN ETF;60;20170710;140000;2155;2155;2155;2155;22;0
FXCN ETF;60;20170710;150000;2155;2155;2150;2150;18;0
FXCN ETF;60;20170710;160000;2145;2150;2135;2150;10;0
FXCN ETF;60;20170710;170000;2155;2155;2140;2155;6;0
FXCN ETF;60;20170710;180000;2160;2160;2145;2155;69;0
FXCN ETF;60;20170711;100000;2170;2205;2170;2205;432;0
FXCN ETF;60;20170711;110000;2210;2210;2190;2205;83;0
FXCN ETF;60;20170711;120000;2210;2210;2200;2205;130;0
FXCN ETF;60;20170711;130000;2205;2210;2195;2210;146;0
FXCN ETF;60;20170711;140000;2195;2210;2195;2205;35;0
FXCN ETF;60;20170711;150000;2205;2210;2205;2205;149;0
FXCN ETF;60;20170711;160000;2200;2205;2200;2205;31;0
FXCN ETF;60;20170711;170000;2195;2210;2195;2210;124;0
FXCN ETF;60;20170711;180000;2210;2210;2205;2210;5;0
FXCN ETF;60;20170712;100000;2220;2220;2220;2220;148;0
FXCN ETF;60;20170712;110000;2220;2225;2220;2225;118;0
FXCN ETF;60;20170712;120000;2225;2225;2210;2225;34;0
FXCN ETF;60;20170712;130000;2225;2225;2225;2225;9;0
FXCN ETF;60;20170712;140000;2225;2225;2210;2220;86;0
FXCN ETF;60;20170712;150000;2225;2225;2215;2220;28;0
FXCN ETF;60;20170712;160000;2205;2215;2205;2215;42;0
FXCN ETF;60;20170712;170000;2220;2220;2220;2220;20;0
FXCN ETF;60;20170712;180000;2225;2225;2225;2225;43;0
FXCN ETF;60;20170713;100000;2230;2240;2230;2235;37;0
FXCN ETF;60;20170713;110000;2230;2245;2225;2230;339;0
FXCN ETF;60;20170713;120000;2240;2240;2225;2230;251;0
FXCN ETF;60;20170713;130000;2225;2225;2220;2225;56;0
FXCN ETF;60;20170713;140000;2230;2235;2220;2230;53;0
FXCN ETF;60;20170713;150000;2235;2235;2220;2230;126;0
FXCN ETF;60;20170713;160000;2230;2235;2215;2235;332;0
FXCN ETF;60;20170713;170000;2235;2235;2230;2230;29;0
FXCN ETF;60;20170713;180000;2215;2230;2215;2230;24;0
FXCN ETF;60;20170714;100000;2230;2235;2215;2235;18;0
FXCN ETF;60;20170714;110000;2230;2245;2215;2215;126;0
FXCN ETF;60;20170714;120000;2225;2225;2225;2225;79;0
FXCN ETF;60;20170714;130000;2225;2225;2210;2220;86;0
FXCN ETF;60;20170714;140000;2220;2225;2220;2225;48;0
FXCN ETF;60;20170714;150000;2220;2220;2205;2215;69;0
FXCN ETF;60;20170714;160000;2215;2220;2215;2220;21;0
FXCN ETF;60;20170714;170000;2220;2220;2210;2210;20;0
FXCN ETF;60;20170714;180000;2225;2225;2225;2225;14;0
FXCN ETF;60;20170717;100000;2220;2220;2205;2220;121;0
FXCN ETF;60;20170717;110000;2220;2220;2210;2220;49;0
FXCN ETF;60;20170717;120000;2220;2225;2210;2225;40;0
FXCN ETF;60;20170717;130000;2225;2230;2225;2225;135;0
FXCN ETF;60;20170717;140000;2230;2230;2215;2225;116;0
FXCN ETF;60;20170717;150000;2225;2225;2210;2225;86;0
FXCN ETF;60;20170717;160000;2225;2230;2215;2230;30;0
FXCN ETF;60;20170717;170000;2225;2225;2210;2210;22;0
FXCN ETF;60;20170717;180000;2220;2225;2210;2225;4;0
FXCN ETF;60;20170718;100000;2225;2225;2210;2225;131;0
FXCN ETF;60;20170718;110000;2225;2225;2215;2215;135;0
FXCN ETF;60;20170718;120000;2225;2225;2215;2215;56;0
FXCN ETF;60;20170718;130000;2205;2220;2205;2210;78;0
FXCN ETF;60;20170718;140000;2205;2215;2205;2215;78;0
FXCN ETF;60;20170718;150000;2210;2215;2210;2215;23;0
FXCN ETF;60;20170718;160000;2215;2215;2215;2215;55;0
FXCN ETF;60;20170718;170000;2220;2220;2210;2210;116;0
FXCN ETF;60;20170718;180000;2225;2225;2225;2225;17;0
FXCN ETF;60;20170719;100000;2250;2260;2245;2260;101;0
FXCN ETF;60;20170719;110000;2260;2260;2245;2255;175;0
FXCN ETF;60;20170719;120000;2255;2255;2240;2250;200;0
FXCN ETF;60;20170719;130000;2255;2255;2250;2250;340;0
FXCN ETF;60;20170719;140000;2250;2250;2250;2250;31;0
FXCN ETF;60;20170719;150000;2250;2255;2250;2255;13;0
FXCN ETF;60;20170719;160000;2260;2265;2250;2250;27;0
FXCN ETF;60;20170719;170000;2250;2265;2250;2260;37;0
FXCN ETF;60;20170719;180000;2260;2260;2255;2255;13;0
FXCN ETF;60;20170720;100000;2260;2360;2250;2255;100;0
FXCN ETF;60;20170720;110000;2260;2260;2245;2255;89;0
FXCN ETF;60;20170720;120000;2260;2260;2255;2255;162;0
FXCN ETF;60;20170720;130000;2255;2255;2240;2240;82;0
FXCN ETF;60;20170720;140000;2250;2250;2250;2250;22;0
FXCN ETF;60;20170720;150000;2255;2255;2240;2240;145;0
FXCN ETF;60;20170720;160000;2255;2255;2255;2255;3;0
FXCN ETF;60;20170720;170000;2255;2255;2250;2255;54;0
FXCN ETF;60;20170720;180000;2245;2250;2245;2250;9;0
FXCN ETF;60;20170721;100000;2245;2245;2240;2240;67;0
FXCN ETF;60;20170721;110000;2240;2245;2225;2245;60;0
FXCN ETF;60;20170721;120000;2245;2245;2230;2245;263;0
FXCN ETF;60;20170721;130000;2240;2240;2230;2230;120;0
FXCN ETF;60;20170721;140000;2230;2245;2230;2245;68;0
FXCN ETF;60;20170721;150000;2245;2245;2245;2245;42;0
FXCN ETF;60;20170721;160000;2240;2240;2240;2240;26;0
FXCN ETF;60;20170721;170000;2245;2245;2230;2245;167;0
FXCN ETF;60;20170721;180000;2245;2245;2245;2245;10;0
FXCN ETF;60;20170724;100000;2270;2280;2220;2270;278;0
FXCN ETF;60;20170724;110000;2270;2360;2265;2285;342;0
FXCN ETF;60;20170724;120000;2280;2290;2275;2275;242;0
FXCN ETF;60;20170724;130000;2290;2290;2275;2285;153;0
FXCN ETF;60;20170724;140000;2285;2290;2270;2290;477;0
FXCN ETF;60;20170724;150000;2290;2290;2280;2285;244;0
FXCN ETF;60;20170724;160000;2295;2305;2290;2305;61;0
FXCN ETF;60;20170724;170000;2300;2305;2285;2300;84;0
FXCN ETF;60;20170724;180000;2300;2300;2295;2295;35;0
FXCN ETF;60;20170725;090000;2525;2525;2525;2525;10;0
FXCN ETF;60;20170725;100000;2295;2295;2280;2280;202;0
FXCN ETF;60;20170725;110000;2285;2285;2275;2285;79;0
FXCN ETF;60;20170725;120000;2285;2295;2285;2295;114;0
FXCN ETF;60;20170725;130000;2295;2300;2285;2295;352;0
FXCN ETF;60;20170725;140000;2295;2295;2290;2295;67;0
FXCN ETF;60;20170725;150000;2295;2295;2290;2295;91;0
FXCN ETF;60;20170725;160000;2285;2525;2280;2290;134;0
FXCN ETF;60;20170725;170000;2295;2295;2280;2280;161;0
FXCN ETF;60;20170725;180000;2290;2295;2290;2295;66;0
FXCN ETF;60;20170726;100000;2285;2290;2285;2290;482;0
FXCN ETF;60;20170726;110000;2295;2360;2280;2295;98;0
FXCN ETF;60;20170726;120000;2295;2295;2280;2295;17;0
FXCN ETF;60;20170726;130000;2290;2295;2280;2290;94;0
FXCN ETF;60;20170726;140000;2295;2295;2290;2290;14;0
FXCN ETF;60;20170726;150000;2290;2290;2290;2290;78;0
FXCN ETF;60;20170726;160000;2295;2295;2290;2295;25;0
FXCN ETF;60;20170726;170000;2300;2400;2295;2295;97;0
FXCN ETF;60;20170726;180000;2295;2295;2285;2295;35;0
FXCN ETF;60;20170727;100000;2305;2305;2290;2300;233;0
FXCN ETF;60;20170727;110000;2305;2305;2290;2305;111;0
FXCN ETF;60;20170727;120000;2300;2305;2290;2290;135;0
FXCN ETF;60;20170727;130000;2300;2300;2300;2300;102;0
FXCN ETF;60;20170727;140000;2300;2300;2300;2300;4;0
FXCN ETF;60;20170727;150000;2310;2310;2300;2305;18;0
FXCN ETF;60;20170727;160000;2305;2310;2305;2310;21;0
FXCN ETF;60;20170727;170000;2310;2315;2305;2315;99;0
FXCN ETF;60;20170727;180000;2310;2315;2300;2310;75;0
FXCN ETF;60;20170728;100000;2300;2330;2275;2285;157;0
FXCN ETF;60;20170728;110000;2285;2330;2275;2280;311;0
FXCN ETF;60;20170728;120000;2280;2280;2270;2280;136;0
FXCN ETF;60;20170728;130000;2275;2280;2265;2280;56;0
FXCN ETF;60;20170728;140000;2280;2280;2270;2280;27;0
FXCN ETF;60;20170728;150000;2280;2285;2280;2285;27;0
FXCN ETF;60;20170728;160000;2275;2295;2270;2295;30;0
FXCN ETF;60;20170728;170000;2295;2295;2295;2295;112;0
FXCN ETF;60;20170728;180000;2290;2305;2290;2305;18;0
FXCN ETF;60;20170731;100000;2325;2350;2315;2330;167;0
FXCN ETF;60;20170731;110000;2335;2350;2335;2345;217;0
FXCN ETF;60;20170731;120000;2330;2340;2325;2340;138;0
FXCN ETF;60;20170731;130000;2335;2345;2325;2345;150;0
FXCN ETF;60;20170731;140000;2345;2345;2330;2330;373;0
FXCN ETF;60;20170731;150000;2340;2345;2340;2345;15;0
FXCN ETF;60;20170731;160000;2345;2355;2330;2340;93;0
FXCN ETF;60;20170731;170000;2345;2350;2340;2340;58;0
FXCN ETF;60;20170731;180000;2340;2340;2335;2335;158;0
FXCN ETF;60;20170801;100000;2360;2360;2325;2345;440;0
FXCN ETF;60;20170801;110000;2340;2345;2330;2345;268;0
FXCN ETF;60;20170801;120000;2360;2360;2345;2350;196;0
FXCN ETF;60;20170801;130000;2355;2360;2340;2355;330;0
FXCN ETF;60;20170801;140000;2350;2365;2350;2365;98;0
FXCN ETF;60;20170801;150000;2365;2390;2355;2365;72;0
FXCN ETF;60;20170801;160000;2360;2360;2350;2350;377;0
FXCN ETF;60;20170801;170000;2355;2355;2350;2350;89;0
FXCN ETF;60;20170801;180000;2350;2355;2335;2355;386;0
FXCN ETF;60;20170802;100000;2360;2375;2360;2370;279;0
FXCN ETF;60;20170802;110000;2365;2390;2365;2370;202;0
FXCN ETF;60;20170802;120000;2390;2390;2360;2370;108;0
FXCN ETF;60;20170802;130000;2375;2375;2360;2370;225;0
FXCN ETF;60;20170802;140000;2370;2375;2370;2375;189;0
FXCN ETF;60;20170802;150000;2375;2375;2370;2375;184;0
FXCN ETF;60;20170802;160000;2375;2375;2365;2365;53;0
FXCN ETF;60;20170802;170000;2370;2370;2340;2350;198;0
FXCN ETF;60;20170802;180000;2350;2350;2330;2350;44;0
FXCN ETF;60;20170803;100000;2390;2390;2345;2355;167;0
FXCN ETF;60;20170803;110000;2345;2355;2345;2345;615;0
FXCN ETF;60;20170803;120000;2340;2345;2340;2345;17;0
FXCN ETF;60;20170803;130000;2345;2345;2340;2340;46;0
FXCN ETF;60;20170803;140000;2345;2345;2345;2345;39;0
FXCN ETF;60;20170803;150000;2335;2345;2335;2340;73;0
FXCN ETF;60;20170803;160000;2340;2340;2330;2330;126;0
FXCN ETF;60;20170803;170000;2330;2350;2320;2340;40;0
FXCN ETF;60;20170803;180000;2340;2340;2320;2335;42;0
FXCN ETF;60;20170804;100000;2345;2350;2335;2350;184;0
FXCN ETF;60;20170804;110000;2340;2360;2340;2345;184;0
FXCN ETF;60;20170804;120000;2350;2355;2345;2355;174;0
FXCN ETF;60;20170804;130000;2345;2355;2345;2355;118;0
FXCN ETF;60;20170804;140000;2355;2355;2345;2345;159;0
FXCN ETF;60;20170804;150000;2345;2350;2330;2330;183;0
FXCN ETF;60;20170804;160000;2340;2345;2330;2330;219;0
FXCN ETF;60;20170804;170000;2340;2345;2325;2325;203;0
FXCN ETF;60;20170804;180000;2320;2335;2320;2335;37;0
FXCN ETF;60;20170807;100000;2350;2370;2345;2360;309;0
FXCN ETF;60;20170807;110000;2360;2360;2355;2360;86;0
FXCN ETF;60;20170807;120000;2350;2360;2350;2350;92;0
FXCN ETF;60;20170807;130000;2355;2355;2350;2350;107;0
FXCN ETF;60;20170807;140000;2355;2355;2350;2355;226;0
FXCN ETF;60;20170807;150000;2350;2350;2340;2340;131;0
FXCN ETF;60;20170807;160000;2350;2360;2345;2360;445;0
FXCN ETF;60;20170807;170000;2360;2365;2345;2365;65;0
FXCN ETF;60;20170807;180000;2365;2370;2360;2370;40;0
FXCN ETF;60;20170808;100000;2375;2385;2370;2375;318;0
FXCN ETF;60;20170808;110000;2380;2385;2380;2380;117;0
FXCN ETF;60;20170808;120000;2380;2380;2370;2380;67;0
FXCN ETF;60;20170808;130000;2380;2385;2380;2385;47;0
FXCN ETF;60;20170808;140000;2385;2385;2370;2385;295;0
FXCN ETF;60;20170808;150000;2385;2385;2380;2385;30;0
FXCN ETF;60;20170808;160000;2380;2385;2365;2380;116;0
FXCN ETF;60;20170808;170000;2385;2385;2370;2385;231;0
FXCN ETF;60;20170808;180000;2385;2385;2385;2385;56;0
FXCN ETF;60;20170809;090000;2385;2385;2385;2385;2;0
FXCN ETF;60;20170809;100000;2380;2380;2370;2380;350;0
FXCN ETF;60;20170809;110000;2370;2385;2365;2380;113;0
FXCN ETF;60;20170809;120000;2380;2380;2365;2365;371;0
FXCN ETF;60;20170809;130000;2375;2375;2375;2375;105;0
FXCN ETF;60;20170809;140000;2375;2375;2375;2375;103;0
FXCN ETF;60;20170809;150000;2375;2380;2370;2370;75;0
FXCN ETF;60;20170809;160000;2370;2385;2365;2370;134;0
FXCN ETF;60;20170809;170000;2375;2375;2375;2375;5;0
FXCN ETF;60;20170809;180000;2380;2380;2375;2380;31;0
FXCN ETF;60;20170810;100000;2370;2390;2350;2360;260;0
FXCN ETF;60;20170810;110000;2360;2360;2350;2360;238;0
FXCN ETF;60;20170810;120000;2355;2355;2350;2350;76;0
FXCN ETF;60;20170810;130000;2355;2355;2350;2355;180;0
FXCN ETF;60;20170810;140000;2355;2360;2355;2360;123;0
FXCN ETF;60;20170810;150000;2360;2385;2345;2345;163;0
FXCN ETF;60;20170810;160000;2350;2350;2345;2345;385;0
FXCN ETF;60;20170810;170000;2330;2335;2330;2335;121;0
FXCN ETF;60;20170810;180000;2330;2335;2330;2335;128;0
FXCN ETF;60;20170811;100000;2335;2370;2290;2295;277;0
FXCN ETF;60;20170811;110000;2300;2305;2290;2300;189;0
FXCN ETF;60;20170811;120000;2295;2305;2290;2295;97;0
FXCN ETF;60;20170811;130000;2345;2350;2290;2305;113;0
FXCN ETF;60;20170811;140000;2300;2300;2290;2300;105;0
FXCN ETF;60;20170811;150000;2290;2305;2290;2300;60;0
FXCN ETF;60;20170811;160000;2300;2300;2285;2285;88;0
FXCN ETF;60;20170811;170000;2290;2295;2285;2295;253;0
FXCN ETF;60;20170811;180000;2295;2295;2280;2290;128;0
FXCN ETF;60;20170814;100000;2305;2325;2305;2315;401;0
FXCN ETF;60;20170814;110000;2320;2325;2320;2320;203;0
FXCN ETF;60;20170814;120000;2320;2320;2305;2320;84;0
FXCN ETF;60;20170814;130000;2310;2320;2310;2320;135;0
FXCN ETF;60;20170814;140000;2320;2320;2320;2320;29;0
FXCN ETF;60;20170814;150000;2315;2320;2315;2320;76;0
FXCN ETF;60;20170814;160000;2325;2325;2310;2320;181;0
FXCN ETF;60;20170814;170000;2320;2325;2320;2325;34;0
FXCN ETF;60;20170814;180000;2320;2320;2320;2320;147;0
FXCN ETF;60;20170815;100000;2340;2340;2315;2330;187;0
FXCN ETF;60;20170815;110000;2330;2330;2320;2320;17;0
FXCN ETF;60;20170815;120000;2320;2320;2315;2320;31;0
FXCN ETF;60;20170815;130000;2325;2325;2320;2320;122;0
FXCN ETF;60;20170815;140000;2320;2330;2310;2330;160;0
FXCN ETF;60;20170815;150000;2330;2330;2315;2320;44;0
FXCN ETF;60;20170815;160000;2320;2325;2305;2310;70;0
FXCN ETF;60;20170815;170000;2320;2320;2305;2320;64;0
FXCN ETF;60;20170815;180000;2315;2320;2310;2320;26;0
FXCN ETF;60;20170816;100000;2315;2395;2315;2385;764;0
FXCN ETF;60;20170816;110000;2390;2395;2335;2335;383;0
FXCN ETF;60;20170816;120000;2380;2380;2330;2330;103;0
FXCN ETF;60;20170816;130000;2330;2340;2330;2340;139;0
FXCN ETF;60;20170816;140000;2340;2340;2330;2335;122;0
FXCN ETF;60;20170816;150000;2335;2335;2330;2335;375;0
FXCN ETF;60;20170816;160000;2335;2340;2325;2340;89;0
FXCN ETF;60;20170816;170000;2345;2350;2335;2335;60;0
FXCN ETF;60;20170816;180000;2335;2345;2335;2345;71;0
FXCN ETF;60;20170817;100000;2340;2340;2325;2335;167;0
FXCN ETF;60;20170817;110000;2335;2335;2310;2315;624;0
FXCN ETF;60;20170817;120000;2310;2320;2310;2320;197;0
FXCN ETF;60;20170817;130000;2320;2320;2310;2320;263;0
FXCN ETF;60;20170817;140000;2315;2350;2310;2315;52;0
FXCN ETF;60;20170817;150000;2320;2320;2310;2310;2;0
FXCN ETF;60;20170817;160000;2325;2335;2325;2335;108;0
FXCN ETF;60;20170817;170000;2325;2325;2315;2320;35;0
FXCN ETF;60;20170817;180000;2320;2320;2315;2320;61;0
FXCN ETF;60;20170818;100000;2305;2320;2305;2315;139;0
FXCN ETF;60;20170818;110000;2315;2340;2310;2310;23;0
FXCN ETF;60;20170818;120000;2310;2310;2300;2300;35;0
FXCN ETF;60;20170818;130000;2300;2320;2300;2320;52;0
FXCN ETF;60;20170818;140000;2315;2315;2315;2315;19;0
FXCN ETF;60;20170818;150000;2320;2320;2305;2305;21;0
FXCN ETF;60;20170818;160000;2305;2315;2300;2315;46;0
FXCN ETF;60;20170818;170000;2310;2310;2305;2305;2;0
FXCN ETF;60;20170818;180000;2310;2315;2310;2315;99;0
FXCN ETF;60;20170821;100000;2320;2350;2310;2310;62;0
FXCN ETF;60;20170821;110000;2310;2320;2305;2320;84;0
FXCN ETF;60;20170821;120000;2320;2325;2305;2320;138;0
FXCN ETF;60;20170821;130000;2320;2320;2305;2315;33;0
FXCN ETF;60;20170821;140000;2310;2325;2305;2310;18;0
FXCN ETF;60;20170821;150000;2315;2315;2290;2305;120;0
FXCN ETF;60;20170821;160000;2320;2325;2305;2325;147;0
FXCN ETF;60;20170821;170000;2325;2325;2315;2315;81;0
FXCN ETF;60;20170821;180000;2325;2330;2315;2330;24;0
FXCN ETF;60;20170822;100000;2335;2350;2335;2350;166;0
FXCN ETF;60;20170822;110000;2350;2350;2335;2345;66;0
FXCN ETF;60;20170822;120000;2340;2350;2335;2350;71;0
FXCN ETF;60;20170822;130000;2340;2350;2340;2340;81;0
FXCN ETF;60;20170822;140000;2345;2345;2340;2345;55;0
FXCN ETF;60;20170822;150000;2345;2345;2345;2345;14;0
FXCN ETF;60;20170822;160000;2345;2350;2345;2350;19;0
FXCN ETF;60;20170822;170000;2350;2355;2345;2355;52;0
FXCN ETF;60;20170822;180000;2355;2355;2345;2350;78;0
FXCN ETF;60;20170823;100000;2355;2380;2355;2365;280;0
FXCN ETF;60;20170823;110000;2365;2365;2350;2365;47;0
FXCN ETF;60;20170823;120000;2360;2365;2350;2350;72;0
FXCN ETF;60;20170823;130000;2360;2360;2350;2355;47;0
FXCN ETF;60;20170823;140000;2350;2355;2350;2350;20;0
FXCN ETF;60;20170823;150000;2355;2365;2355;2365;17;0
FXCN ETF;60;20170823;160000;2360;2360;2350;2360;94;0
FXCN ETF;60;20170823;170000;2365;2370;2355;2370;68;0
FXCN ETF;60;20170823;180000;2360;2360;2355;2355;43;0
FXCN ETF;60;20170824;100000;2365;2380;2365;2380;78;0
FXCN ETF;60;20170824;110000;2380;2380;2365;2365;129;0
FXCN ETF;60;20170824;120000;2375;2380;2370;2380;151;0
FXCN ETF;60;20170824;130000;2375;2380;2370;2380;47;0
FXCN ETF;60;20170824;140000;2380;2385;2380;2385;32;0
FXCN ETF;60;20170824;150000;2375;2385;2370;2370;72;0
FXCN ETF;60;20170824;160000;2380;2400;2375;2380;112;0
FXCN ETF;60;20170824;170000;2385;2385;2370;2370;65;0
FXCN ETF;60;20170824;180000;2380;2385;2375;2380;85;0
FXCN ETF;60;20170825;100000;2380;2395;2380;2395;81;0
FXCN ETF;60;20170825;110000;2390;2400;2380;2385;258;0
FXCN ETF;60;20170825;120000;2395;2400;2385;2390;212;0
FXCN ETF;60;20170825;130000;2400;2410;2395;2410;88;0
FXCN ETF;60;20170825;140000;2400;2410;2395;2410;87;0
FXCN ETF;60;20170825;150000;2395;2410;2395;2410;232;0
FXCN ETF;60;20170825;160000;2400;2405;2395;2405;55;0
FXCN ETF;60;20170825;170000;2400;2400;2375;2375;139;0
FXCN ETF;60;20170825;180000;2380;2380;2375;2375;74;0
FXCN ETF;60;20170828;100000;2375;2375;2350;2355;155;0
FXCN ETF;60;20170828;110000;2355;2365;2340;2350;622;0
FXCN ETF;60;20170828;120000;2350;2355;2340;2345;274;0
FXCN ETF;60;20170828;130000;2350;2355;2340;2355;280;0
FXCN ETF;60;20170828;140000;2355;2360;2355;2360;21;0
FXCN ETF;60;20170828;150000;2365;2365;2350;2350;76;0
FXCN ETF;60;20170828;160000;2360;2365;2345;2350;97;0
FXCN ETF;60;20170828;170000;2340;2350;2340;2350;53;0
FXCN ETF;60;20170828;180000;2355;2355;2340;2350;81;0
FXCN ETF;60;20170829;100000;2340;2375;2325;2325;168;0
FXCN ETF;60;20170829;110000;2360;2365;2330;2335;53;0
FXCN ETF;60;20170829;120000;2340;2345;2335;2345;83;0
FXCN ETF;60;20170829;130000;2345;2345;2330;2340;12;0
FXCN ETF;60;20170829;140000;2340;2345;2330;2340;69;0
FXCN ETF;60;20170829;150000;2340;2345;2330;2335;53;0
FXCN ETF;60;20170829;160000;2330;2370;2330;2330;59;0
FXCN ETF;60;20170829;170000;2340;2355;2335;2350;97;0
FXCN ETF;60;20170829;180000;2350;2355;2340;2355;45;0
FXCN ETF;60;20170830;100000;2360;2370;2355;2365;123;0
FXCN ETF;60;20170830;110000;2355;2365;2355;2360;37;0
FXCN ETF;60;20170830;120000;2360;2370;2350;2365;203;0
FXCN ETF;60;20170830;130000;2360;2365;2355;2355;51;0
FXCN ETF;60;20170830;140000;2355;2360;2345;2360;46;0
FXCN ETF;60;20170830;150000;2350;2360;2345;2345;22;0
FXCN ETF;60;20170830;160000;2355;2365;2350;2350;15;0
FXCN ETF;60;20170830;170000;2360;2370;2355;2360;87;0
FXCN ETF;60;20170830;180000;2355;2355;2345;2345;24;0
FXCN ETF;60;20170831;100000;2355;2365;2350;2350;82;0
FXCN ETF;60;20170831;110000;2355;2370;2350;2360;61;0
FXCN ETF;60;20170831;120000;2365;2370;2320;2370;89;0
FXCN ETF;60;20170831;130000;2360;2370;2355;2365;100;0
FXCN ETF;60;20170831;140000;2365;2365;2350;2350;133;0
FXCN ETF;60;20170831;150000;2360;2375;2355;2365;437;0
FXCN ETF;60;20170831;160000;2365;2365;2350;2365;17;0
FXCN ETF;60;20170831;170000;2360;2360;2340;2355;42;0
FXCN ETF;60;20170831;180000;2350;2355;2345;2355;26;0
FXCN ETF;60;20170901;100000;2355;2355;2330;2350;129;0
FXCN ETF;60;20170901;110000;2350;2360;2340;2340;42;0
FXCN ETF;60;20170901;120000;2355;2355;2340;2355;61;0
FXCN ETF;60;20170901;130000;2350;2350;2340;2350;157;0
FXCN ETF;60;20170901;140000;2345;2345;2330;2340;67;0
FXCN ETF;60;20170901;150000;2335;2340;2335;2335;76;0
FXCN ETF;60;20170901;160000;2330;2340;2325;2340;67;0
FXCN ETF;60;20170901;170000;2330;2330;2325;2325;10;0
FXCN ETF;60;20170901;180000;2330;2335;2325;2325;71;0
FXCN ETF;60;20170904;100000;2320;2330;2305;2330;292;0
FXCN ETF;60;20170904;110000;2330;2330;2315;2330;252;0
FXCN ETF;60;20170904;120000;2330;2335;2315;2335;127;0
FXCN ETF;60;20170904;130000;2320;2325;2320;2320;12;0
FXCN ETF;60;20170904;140000;2325;2335;2320;2335;47;0
FXCN ETF;60;20170904;150000;2335;2335;2325;2335;47;0
FXCN ETF;60;20170904;160000;2330;2330;2330;2330;4;0
FXCN ETF;60;20170904;170000;2335;2335;2330;2330;56;0
FXCN ETF;60;20170904;180000;2325;2330;2315;2330;64;0
FXCN ETF;60;20170905;100000;2320;2335;2320;2330;56;0
FXCN ETF;60;20170905;110000;2330;2335;2320;2320;98;0
FXCN ETF;60;20170905;120000;2320;2335;2320;2335;48;0
FXCN ETF;60;20170905;130000;2330;2340;2330;2335;26;0
FXCN ETF;60;20170905;140000;2325;2340;2320;2340;40;0
FXCN ETF;60;20170905;150000;2330;2340;2320;2330;107;0
FXCN ETF;60;20170905;160000;2330;2330;2305;2305;96;0
FXCN ETF;60;20170905;170000;2315;2320;2300;2310;136;0
FXCN ETF;60;20170905;180000;2300;2315;2300;2315;40;0
FXCN ETF;60;20170906;100000;2305;2350;2290;2300;84;0
FXCN ETF;60;20170906;110000;2295;2310;2295;2310;61;0
FXCN ETF;60;20170906;120000;2305;2310;2295;2310;57;0
FXCN ETF;60;20170906;130000;2295;2310;2295;2295;224;0
FXCN ETF;60;20170906;140000;2295;2310;2295;2305;47;0
FXCN ETF;60;20170906;150000;2300;2315;2300;2315;79;0
FXCN ETF;60;20170906;160000;2305;2320;2305;2305;105;0
FXCN ETF;60;20170906;170000;2315;2330;2305;2310;39;0
FXCN ETF;60;20170906;180000;2310;2310;2300;2300;34;0
FXCN ETF;60;20170907;100000;2300;2300;2280;2280;132;0
FXCN ETF;60;20170907;110000;2280;2285;2275;2285;187;0
FXCN ETF;60;20170907;120000;2290;2290;2275;2290;66;0
FXCN ETF;60;20170907;130000;2280;2290;2280;2290;71;0
FXCN ETF;60;20170907;140000;2290;2295;2280;2280;320;0
FXCN ETF;60;20170907;150000;2290;2295;2285;2290;122;0
FXCN ETF;60;20170907;160000;2280;2290;2275;2285;68;0
FXCN ETF;60;20170907;170000;2290;2295;2290;2295;15;0
FXCN ETF;60;20170907;180000;2300;2305;2300;2305;11;0
FXCN ETF;60;20170908;100000;2290;2305;2290;2305;155;0
FXCN ETF;60;20170908;110000;2300;2310;2295;2310;25;0
FXCN ETF;60;20170908;120000;2310;2310;2300;2310;35;0
FXCN ETF;60;20170908;130000;2310;2310;2300;2300;20;0
FXCN ETF;60;20170908;140000;2305;2310;2305;2305;18;0
FXCN ETF;60;20170908;150000;2310;2310;2310;2310;22;0
FXCN ETF;60;20170908;160000;2310;2310;2305;2305;82;0
FXCN ETF;60;20170908;170000;2310;2310;2305;2305;82;0
FXCN ETF;60;20170908;180000;2310;2310;2300;2300;56;0
FXCN ETF;60;20170911;100000;2300;2330;2300;2330;59;0
FXCN ETF;60;20170911;110000;2325;2325;2315;2320;124;0
FXCN ETF;60;20170911;120000;2325;2330;2315;2330;267;0
FXCN ETF;60;20170911;130000;2320;2325;2315;2325;39;0
FXCN ETF;60;20170911;140000;2330;2330;2315;2330;52;0
FXCN ETF;60;20170911;150000;2330;2330;2330;2330;33;0
FXCN ETF;60;20170911;160000;2330;2345;2330;2345;111;0
FXCN ETF;60;20170911;170000;2345;2345;2330;2335;217;0
FXCN ETF;60;20170911;180000;2340;2340;2330;2340;78;0
FXCN ETF;60;20170912;100000;2345;2350;2335;2350;63;0
FXCN ETF;60;20170912;110000;2345;2360;2345;2360;45;0
FXCN ETF;60;20170912;120000;2360;2360;2340;2360;110;0
FXCN ETF;60;20170912;130000;2350;2360;2350;2350;33;0
FXCN ETF;60;20170912;140000;2350;2360;2345;2345;81;0
FXCN ETF;60;20170912;150000;2355;2360;2345;2360;83;0
FXCN ETF;60;20170912;160000;2355;2370;2355;2365;70;0
FXCN ETF;60;20170912;170000;2365;2365;2350;2365;92;0
FXCN ETF;60;20170912;180000;2360;2375;2360;2375;3;0
FXCN ETF;60;20170913;100000;2365;2375;2360;2365;117;0
FXCN ETF;60;20170913;110000;2365;2375;2360;2360;85;0
FXCN ETF;60;20170913;120000;2360;2380;2360;2380;119;0
FXCN ETF;60;20170913;130000;2380;2380;2360;2360;28;0
FXCN ETF;60;20170913;140000;2370;2375;2360;2365;88;0
FXCN ETF;60;20170913;150000;2370;2370;2355;2355;107;0
FXCN ETF;60;20170913;160000;2365;2375;2365;2375;142;0
FXCN ETF;60;20170913;170000;2375;2385;2375;2375;108;0
FXCN ETF;60;20170913;180000;2375;2375;2370;2370;42;0
FXCN ETF;60;20170914;100000;2365;2390;2355;2385;124;0
FXCN ETF;60;20170914;110000;2380;2385;2370;2385;212;0
FXCN ETF;60;20170914;120000;2385;2385;2370;2380;52;0
FXCN ETF;60;20170914;130000;2375;2390;2370;2390;160;0
FXCN ETF;60;20170914;140000;2390;2390;2385;2385;58;0
FXCN ETF;60;20170914;150000;2385;2385;2365;2380;45;0
FXCN ETF;60;20170914;160000;2380;2385;2365;2365;121;0
FXCN ETF;60;20170914;170000;2380;2380;2360;2375;204;0
FXCN ETF;60;20170914;180000;2375;2375;2375;2375;16;0
FXCN ETF;60;20170915;100000;2365;2375;2360;2360;88;0
FXCN ETF;60;20170915;110000;2370;2385;2365;2375;48;0
FXCN ETF;60;20170915;120000;2375;2375;2370;2370;103;0
FXCN ETF;60;20170915;130000;2375;2380;2360;2375;70;0
FXCN ETF;60;20170915;140000;2375;2380;2365;2370;59;0
FXCN ETF;60;20170915;150000;2355;2375;2355;2375;134;0
FXCN ETF;60;20170915;160000;2380;2380;2355;2380;146;0
FXCN ETF;60;20170915;170000;2380;2380;2370;2380;80;0
FXCN ETF;60;20170915;180000;2380;2385;2375;2385;84;0
FXCN ETF;60;20170918;090000;2615;2615;2615;2615;12;0
FXCN ETF;60;20170918;100000;2410;2410;2395;2395;383;0
FXCN ETF;60;20170918;110000;2410;2410;2395;2410;79;0
FXCN ETF;60;20170918;120000;2405;2410;2395;2395;150;0
FXCN ETF;60;20170918;130000;2395;2410;2395;2410;106;0
FXCN ETF;60;20170918;140000;2400;2415;2400;2415;8;0
FXCN ETF;60;20170918;150000;2400;2410;2390;2400;25;0
FXCN ETF;60;20170918;160000;2405;2420;2405;2420;286;0
FXCN ETF;60;20170918;170000;2425;2430;2415;2430;166;0
FXCN ETF;60;20170918;180000;2435;2435;2420;2435;116;0
FXCN ETF;60;20170919;100000;2435;2445;2420;2425;167;0
FXCN ETF;60;20170919;110000;2435;2440;2425;2440;315;0
FXCN ETF;60;20170919;120000;2430;2440;2425;2440;242;0
FXCN ETF;60;20170919;130000;2440;2440;2425;2435;38;0
FXCN ETF;60;20170919;140000;2435;2435;2420;2430;72;0
FXCN ETF;60;20170919;150000;2430;2435;2430;2435;11;0
FXCN ETF;60;20170919;160000;2435;2435;2420;2420;27;0
FXCN ETF;60;20170919;170000;2430;2440;2425;2440;150;0
FXCN ETF;60;20170919;180000;2435;2440;2435;2440;49;0
FXCN ETF;60;20170920;100000;2445;2445;2435;2435;259;0
FXCN ETF;60;20170920;110000;2440;2450;2430;2440;147;0
FXCN ETF;60;20170920;120000;2445;2450;2425;2440;130;0
FXCN ETF;60;20170920;130000;2440;2445;2435;2440;88;0
FXCN ETF;60;20170920;140000;2435;2440;2425;2440;30;0
FXCN ETF;60;20170920;150000;2425;2440;2425;2435;126;0
FXCN ETF;60;20170920;160000;2435;2440;2435;2440;60;0
FXCN ETF;60;20170920;170000;2435;2440;2430;2430;145;0
FXCN ETF;60;20170920;180000;2430;2430;2415;2415;244;0
FXCN ETF;60;20170921;090000;2655;2655;2655;2655;23;0
FXCN ETF;60;20170921;100000;2455;2455;2435;2450;94;0
FXCN ETF;60;20170921;110000;2460;2475;2445;2450;64;0
FXCN ETF;60;20170921;120000;2450;2450;2440;2440;180;0
FXCN ETF;60;20170921;130000;2440;2445;2430;2430;79;0
FXCN ETF;60;20170921;140000;2435;2445;2430;2435;118;0
FXCN ETF;60;20170921;150000;2440;2450;2440;2445;35;0
FXCN ETF;60;20170921;160000;2445;2445;2435;2435;36;0
FXCN ETF;60;20170921;170000;2430;2435;2430;2435;110;0
FXCN ETF;60;20170921;180000;2435;2435;2435;2435;8;0
FXCN ETF;60;20170922;100000;2415;2415;2395;2395;193;0
FXCN ETF;60;20170922;110000;2405;2405;2385;2400;68;0
FXCN ETF;60;20170922;120000;2400;2405;2385;2405;73;0
FXCN ETF;60;20170922;130000;2400;2400;2385;2385;73;0
FXCN ETF;60;20170922;140000;2385;2400;2385;2395;15;0
FXCN ETF;60;20170922;150000;2395;2400;2385;2385;31;0
FXCN ETF;60;20170922;160000;2400;2400;2390;2390;2;0
FXCN ETF;60;20170922;170000;2390;2400;2390;2395;52;0
FXCN ETF;60;20170922;180000;2395;2395;2390;2390;41;0
FXCN ETF;60;20170925;100000;2385;2385;2345;2365;151;0
FXCN ETF;60;20170925;110000;2365;2365;2350;2355;209;0
FXCN ETF;60;20170925;120000;2350;2355;2345;2350;108;0
FXCN ETF;60;20170925;130000;2345;2355;2345;2355;33;0
FXCN ETF;60;20170925;140000;2355;2355;2350;2350;63;0
FXCN ETF;60;20170925;150000;2350;2355;2345;2355;78;0
FXCN ETF;60;20170925;160000;2360;2360;2330;2330;158;0
FXCN ETF;60;20170925;170000;2340;2345;2325;2335;222;0
FXCN ETF;60;20170925;180000;2335;2335;2320;2320;224;0
FXCN ETF;60;20170926;100000;2325;2340;2325;2340;105;0
FXCN ETF;60;20170926;110000;2335;2370;2335;2340;109;0
FXCN ETF;60;20170926;120000;2340;2340;2330;2330;133;0
FXCN ETF;60;20170926;130000;2340;2345;2330;2340;19;0
FXCN ETF;60;20170926;140000;2340;2340;2335;2340;98;0
FXCN ETF;60;20170926;150000;2345;2345;2335;2345;46;0
FXCN ETF;60;20170926;160000;2345;2350;2345;2350;27;0
FXCN ETF;60;20170926;170000;2355;2355;2350;2350;130;0
FXCN ETF;60;20170926;180000;2350;2350;2335;2345;21;0
FXCN ETF;60;20170927;090000;2365;2365;2365;2365;1;0
FXCN ETF;60;20170927;100000;2365;2365;2365;2365;20;0
FXCN ETF;60;20170927;110000;2365;2370;2355;2370;119;0
FXCN ETF;60;20170927;120000;2370;2375;2365;2365;61;0
FXCN ETF;60;20170927;130000;2365;2365;2355;2355;48;0
FXCN ETF;60;20170927;140000;2365;2370;2360;2365;99;0
FXCN ETF;60;20170927;150000;2365;2370;2360;2365;32;0
FXCN ETF;60;20170927;160000;2375;2375;2370;2375;21;0
FXCN ETF;60;20170927;170000;2375;2380;2370;2370;13;0
FXCN ETF;60;20170927;180000;2360;2360;2355;2355;16;0
FXCN ETF;60;20170928;100000;2380;2385;2365;2375;45;0
FXCN ETF;60;20170928;110000;2365;2365;2345;2350;63;0
FXCN ETF;60;20170928;120000;2350;2350;2345;2345;80;0
FXCN ETF;60;20170928;130000;2350;2350;2340;2350;92;0
FXCN ETF;60;20170928;140000;2350;2350;2350;2350;40;0
FXCN ETF;60;20170928;150000;2350;2350;2350;2350;48;0
FXCN ETF;60;20170928;160000;2350;2350;2345;2345;33;0
FXCN ETF;60;20170928;170000;2340;2350;2335;2350;91;0
FXCN ETF;60;20170928;180000;2350;2350;2350;2350;95;0
FXCN ETF;60;20170929;100000;2325;2365;2325;2365;25;0
FXCN ETF;60;20170929;110000;2365;2365;2350;2360;50;0
FXCN ETF;60;20170929;120000;2355;2360;2345;2345;46;0
FXCN ETF;60;20170929;130000;2355;2360;2345;2345;74;0
FXCN ETF;60;20170929;140000;2345;2355;2345;2355;17;0
FXCN ETF;60;20170929;150000;2355;2355;2345;2345;36;0
FXCN ETF;60;20170929;160000;2345;2360;2345;2360;8;0
FXCN ETF;60;20170929;170000;2360;2360;2360;2360;41;0
FXCN ETF;60;20170929;180000;2360;2360;2345;2345;58;0
FXCN ETF;60;20171002;090000;2390;2390;2390;2390;1;0
FXCN ETF;60;20171002;100000;2395;2395;2365;2380;147;0
FXCN ETF;60;20171002;110000;2380;2380;2370;2375;94;0
FXCN ETF;60;20171002;120000;2375;2380;2370;2380;67;0
FXCN ETF;60;20171002;130000;2380;2385;2375;2380;31;0
FXCN ETF;60;20171002;140000;2380;2380;2380;2380;50;0
FXCN ETF;60;20171002;150000;2375;2385;2375;2385;138;0
FXCN ETF;60;20171002;160000;2380;2390;2380;2385;54;0
FXCN ETF;60;20171002;170000;2385;2395;2385;2385;111;0
FXCN ETF;60;20171002;180000;2395;2400;2380;2395;78;0
FXCN ETF;60;20171003;100000;2420;2430;2410;2420;262;0
FXCN ETF;60;20171003;110000;2420;2430;2415;2430;223;0
FXCN ETF;60;20171003;120000;2420;2435;2420;2425;385;0
FXCN ETF;60;20171003;130000;2435;2435;2420;2430;298;0
FXCN ETF;60;20171003;140000;2430;2435;2420;2430;85;0
FXCN ETF;60;20171003;150000;2430;2440;2425;2440;68;0
FXCN ETF;60;20171003;160000;2435;2440;2420;2440;51;0
FXCN ETF;60;20171003;170000;2440;2440;2425;2440;58;0
FXCN ETF;60;20171003;180000;2430;2445;2430;2430;132;0
FXCN ETF;60;20171004;100000;2435;2450;2435;2435;114;0
FXCN ETF;60;20171004;110000;2435;2450;2435;2435;109;0
FXCN ETF;60;20171004;120000;2445;2450;2435;2435;123;0
FXCN ETF;60;20171004;130000;2440;2450;2435;2435;148;0
FXCN ETF;60;20171004;140000;2440;2440;2430;2435;45;0
FXCN ETF;60;20171004;150000;2425;2440;2420;2440;1240;0
FXCN ETF;60;20171004;160000;2430;2440;2425;2440;26;0
FXCN ETF;60;20171004;170000;2440;2440;2425;2425;111;0
FXCN ETF;60;20171004;180000;2440;2440;2425;2425;39;0
FXCN ETF;60;20171005;100000;2435;2440;2425;2425;52;0
FXCN ETF;60;20171005;110000;2435;2440;2420;2420;65;0
FXCN ETF;60;20171005;120000;2425;2435;2420;2430;13;0
FXCN ETF;60;20171005;130000;2435;2435;2420;2435;68;0
FXCN ETF;60;20171005;140000;2430;2435;2430;2435;26;0
FXCN ETF;60;20171005;150000;2435;2435;2425;2435;60;0
FXCN ETF;60;20171005;160000;2435;2445;2425;2445;82;0
FXCN ETF;60;20171005;170000;2430;2445;2430;2445;112;0
FXCN ETF;60;20171005;180000;2450;2450;2440;2450;66;0
FXCN ETF;60;20171006;100000;2445;2460;2445;2460;419;0
FXCN ETF;60;20171006;110000;2450;2460;2445;2445;623;0
FXCN ETF;60;20171006;120000;2455;2460;2445;2460;71;0
FXCN ETF;60;20171006;130000;2450;2460;2430;2460;254;0
FXCN ETF;60;20171006;140000;2455;2465;2450;2460;65;0
FXCN ETF;60;20171006;150000;2460;2465;2455;2455;62;0
FXCN ETF;60;20171006;160000;2455;2470;2455;2465;125;0
FXCN ETF;60;20171006;170000;2470;2475;2460;2460;255;0
FXCN ETF;60;20171006;180000;2465;2475;2460;2475;237;0
FXCN ETF;60;20171009;100000;2465;2480;2460;2475;148;0
FXCN ETF;60;20171009;110000;2475;2475;2470;2475;192;0
FXCN ETF;60;20171009;120000;2475;2475;2465;2475;243;0
FXCN ETF;60;20171009;130000;2475;2480;2470;2470;45;0
FXCN ETF;60;20171009;140000;2480;2480;2480;2480;1;0
FXCN ETF;60;20171009;150000;2475;2475;2470;2470;35;0
FXCN ETF;60;20171009;160000;2475;2480;2475;2480;82;0
FXCN ETF;60;20171009;170000;2475;2485;2470;2475;155;0
FXCN ETF;60;20171009;180000;2485;2485;2475;2475;44;0
FXCN ETF;60;20171010;100000;2485;2485;2475;2475;210;0
FXCN ETF;60;20171010;110000;2475;2485;2465;2475;195;0
FXCN ETF;60;20171010;120000;2475;2475;2460;2475;124;0
FXCN ETF;60;20171010;130000;2460;2475;2460;2475;197;0
FXCN ETF;60;20171010;140000;2470;2475;2470;2470;220;0
FXCN ETF;60;20171010;150000;2470;2475;2460;2460;128;0
FXCN ETF;60;20171010;160000;2470;2480;2460;2475;479;0
FXCN ETF;60;20171010;170000;2485;2485;2475;2485;78;0
FXCN ETF;60;20171010;180000;2485;2485;2470;2470;77;0
FXCN ETF;60;20171011;100000;2470;2500;2455;2455;194;0
FXCN ETF;60;20171011;110000;2455;2470;2455;2465;66;0
FXCN ETF;60;20171011;120000;2470;2470;2465;2465;30;0
FXCN ETF;60;20171011;130000;2465;2465;2455;2465;49;0
FXCN ETF;60;20171011;140000;2460;2465;2445;2445;178;0
FXCN ETF;60;20171011;150000;2450;2465;2450;2460;67;0
FXCN ETF;60;20171011;160000;2460;2470;2460;2470;98;0
FXCN ETF;60;20171011;170000;2470;2470;2460;2460;21;0
FXCN ETF;60;20171011;180000;2460;2475;2460;2475;50;0
FXCN ETF;60;20171012;100000;2475;2475;2460;2460;87;0
FXCN ETF;60;20171012;110000;2465;2470;2460;2465;348;0
FXCN ETF;60;20171012;120000;2465;2470;2455;2470;27;0
FXCN ETF;60;20171012;130000;2470;2470;2470;2470;49;0
FXCN ETF;60;20171012;140000;2470;2470;2465;2465;65;0
FXCN ETF;60;20171012;150000;2465;2470;2455;2465;50;0
FXCN ETF;60;20171012;160000;2460;2470;2460;2470;69;0
FXCN ETF;60;20171012;170000;2470;2470;2470;2470;5;0
FXCN ETF;60;20171012;180000;2470;2470;2465;2465;7;0
FXCN ETF;60;20171013;100000;2460;2460;2450;2455;149;0
FXCN ETF;60;20171013;110000;2455;2460;2450;2460;109;0
FXCN ETF;60;20171013;120000;2450;2460;2450;2460;33;0
FXCN ETF;60;20171013;130000;2455;2465;2455;2465;53;0
FXCN ETF;60;20171013;140000;2465;2465;2455;2455;45;0
FXCN ETF;60;20171013;150000;2465;2475;2455;2455;108;0
FXCN ETF;60;20171013;160000;2455;2455;2440;2450;181;0
FXCN ETF;60;20171013;170000;2450;2455;2450;2455;28;0
FXCN ETF;60;20171013;180000;2455;2455;2455;2455;81;0
FXCN ETF;60;20171016;100000;2475;2495;2440;2445;66;0
FXCN ETF;60;20171016;110000;2450;2470;2445;2455;108;0
FXCN ETF;60;20171016;120000;2465;2465;2445;2455;129;0
FXCN ETF;60;20171016;130000;2450;2455;2445;2455;323;0
FXCN ETF;60;20171016;140000;2450;2455;2445;2455;93;0
FXCN ETF;60;20171016;150000;2455;2455;2445;2445;70;0
FXCN ETF;60;20171016;160000;2445;2460;2445;2460;41;0
FXCN ETF;60;20171016;170000;2465;2465;2455;2460;37;0
FXCN ETF;60;20171016;180000;2460;2470;2460;2470;103;0
FXCN ETF;60;20171017;090000;2475;2475;2475;2475;2;0
FXCN ETF;60;20171017;100000;2465;2475;2455;2455;302;0
FXCN ETF;60;20171017;110000;2460;2470;2455;2460;66;0
FXCN ETF;60;20171017;120000;2460;2470;2455;2465;39;0
FXCN ETF;60;20171017;130000;2460;2470;2455;2455;176;0
FXCN ETF;60;20171017;140000;2465;2470;2465;2470;14;0
FXCN ETF;60;20171017;150000;2470;2470;2455;2470;164;0
FXCN ETF;60;20171017;160000;2465;2470;2465;2470;44;0
FXCN ETF;60;20171017;170000;2470;2470;2460;2465;109;0
FXCN ETF;60;20171017;180000;2465;2470;2455;2465;54;0
FXCN ETF;60;20171018;100000;2460;2460;2450;2460;195;0
FXCN ETF;60;20171018;110000;2450;2450;2450;2450;103;0
FXCN ETF;60;20171018;120000;2455;2460;2450;2450;14;0
FXCN ETF;60;20171018;130000;2450;2460;2450;2460;89;0
FXCN ETF;60;20171018;140000;2455;2465;2450;2460;139;0
FXCN ETF;60;20171018;150000;2455;2460;2455;2460;56;0
FXCN ETF;60;20171018;160000;2460;2465;2460;2465;30;0
FXCN ETF;60;20171018;170000;2460;2465;2455;2460;40;0
FXCN ETF;60;20171018;180000;2465;2470;2460;2460;16;0
FXCN ETF;60;20171019;100000;2470;2470;2435;2435;294;0
FXCN ETF;60;20171019;110000;2430;2445;2430;2440;81;0
FXCN ETF;60;20171019;120000;2440;2445;2440;2445;86;0
FXCN ETF;60;20171019;130000;2445;2445;2435;2435;97;0
FXCN ETF;60;20171019;140000;2435;2440;2425;2440;88;0
FXCN ETF;60;20171019;150000;2435;2440;2435;2440;72;0
FXCN ETF;60;20171019;160000;2440;2445;2425;2425;151;0
FXCN ETF;60;20171019;170000;2425;2430;2410;2420;103;0
FXCN ETF;60;20171019;180000;2420;2430;2420;2430;40;0
FXCN ETF;60;20171020;100000;2450;2460;2445;2450;164;0
FXCN ETF;60;20171020;110000;2455;2460;2450;2455;159;0
FXCN ETF;60;20171020;120000;2455;2455;2440;2455;92;0
FXCN ETF;60;20171020;130000;2455;2455;2440;2455;193;0
FXCN ETF;60;20171020;140000;2445;2455;2445;2450;184;0
FXCN ETF;60;20171020;150000;2450;2450;2435;2445;46;0
FXCN ETF;60;20171020;160000;2450;2460;2445;2450;72;0
FXCN ETF;60;20171020;170000;2455;2460;2450;2450;402;0
FXCN ETF;60;20171020;180000;2445;2450;2445;2445;129;0
FXCN ETF;60;20171023;100000;2455;2455;2445;2445;130;0
FXCN ETF;60;20171023;110000;2450;2450;2435;2435;77;0
FXCN ETF;60;20171023;120000;2445;2450;2435;2450;97;0
FXCN ETF;60;20171023;130000;2440;2450;2440;2450;119;0
FXCN ETF;60;20171023;140000;2450;2450;2450;2450;78;0
FXCN ETF;60;20171023;150000;2450;2450;2435;2450;36;0
FXCN ETF;60;20171023;160000;2440;2450;2435;2440;122;0
FXCN ETF;60;20171023;170000;2445;2445;2425;2435;133;0
FXCN ETF;60;20171023;180000;2435;2440;2435;2440;10;0
FXCN ETF;60;20171024;100000;2435;2440;2435;2440;57;0
FXCN ETF;60;20171024;110000;2430;2435;2430;2430;27;0
FXCN ETF;60;20171024;120000;2430;2435;2425;2430;62;0
FXCN ETF;60;20171024;130000;2425;2430;2415;2425;208;0
FXCN ETF;60;20171024;140000;2425;2430;2415;2420;271;0
FXCN ETF;60;20171024;150000;2430;2435;2415;2415;24;0
FXCN ETF;60;20171024;160000;2420;2435;2420;2435;71;0
FXCN ETF;60;20171024;170000;2440;2440;2440;2440;10;0
FXCN ETF;60;20171024;180000;2445;2445;2435;2435;38;0
FXCN ETF;60;20171025;100000;2450;2450;2435;2450;30;0
FXCN ETF;60;20171025;110000;2445;2450;2435;2435;283;0
FXCN ETF;60;20171025;120000;2445;2450;2435;2445;278;0
FXCN ETF;60;20171025;130000;2445;2445;2430;2430;51;0
FXCN ETF;60;20171025;140000;2435;2445;2430;2435;456;0
FXCN ETF;60;20171025;150000;2435;2445;2430;2445;75;0
FXCN ETF;60;20171025;160000;2445;2450;2440;2450;16;0
FXCN ETF;60;20171025;170000;2435;2440;2420;2420;49;0
FXCN ETF;60;20171025;180000;2420;2425;2415;2425;93;0
FXCN ETF;60;20171026;090000;2350;2350;2350;2350;5;0
FXCN ETF;60;20171026;100000;2430;2450;2415;2435;63;0
FXCN ETF;60;20171026;110000;2435;2450;2420;2430;117;0
FXCN ETF;60;20171026;120000;2430;2430;2430;2430;11;0
FXCN ETF;60;20171026;130000;2430;2435;2425;2435;112;0
FXCN ETF;60;20171026;140000;2435;2440;2425;2435;59;0
FXCN ETF;60;20171026;150000;2435;2435;2420;2435;70;0
FXCN ETF;60;20171026;160000;2430;2430;2415;2415;75;0
FXCN ETF;60;20171026;170000;2420;2430;2420;2425;36;0
FXCN ETF;60;20171026;180000;2430;2440;2420;2435;65;0
FXCN ETF;60;20171027;090000;2475;2475;2475;2475;10;0
FXCN ETF;60;20171027;100000;2440;2450;2435;2450;167;0
FXCN ETF;60;20171027;110000;2445;2455;2440;2455;82;0
FXCN ETF;60;20171027;120000;2445;2460;2445;2455;371;0
FXCN ETF;60;20171027;130000;2455;2455;2445;2450;170;0
FXCN ETF;60;20171027;140000;2450;2470;2450;2455;138;0
FXCN ETF;60;20171027;150000;2465;2470;2455;2470;114;0
FXCN ETF;60;20171027;160000;2470;2475;2455;2460;145;0
FXCN ETF;60;20171027;170000;2490;2490;2455;2455;91;0
FXCN ETF;60;20171027;180000;2455;2460;2450;2460;10;0
FXCN ETF;60;20171030;100000;2440;2455;2440;2440;152;0
FXCN ETF;60;20171030;110000;2435;2440;2430;2435;23;0
FXCN ETF;60;20171030;120000;2430;2430;2430;2430;22;0
FXCN ETF;60;20171030;130000;2430;2430;2425;2425;44;0
FXCN ETF;60;20171030;140000;2425;2425;2420;2420;31;0
FXCN ETF;60;20171030;150000;2425;2425;2420;2425;34;0
FXCN ETF;60;20171030;160000;2425;2440;2415;2440;147;0
FXCN ETF;60;20171030;170000;2440;2445;2435;2445;128;0
FXCN ETF;60;20171030;180000;2440;2445;2435;2435;346;0
FXCN ETF;60;20171031;100000;2445;2465;2445;2450;145;0
FXCN ETF;60;20171031;110000;2455;2465;2445;2460;171;0
FXCN ETF;60;20171031;120000;2450;2465;2445;2460;284;0
FXCN ETF;60;20171031;130000;2455;2485;2455;2470;115;0
FXCN ETF;60;20171031;140000;2460;2470;2455;2460;37;0
FXCN ETF;60;20171031;150000;2460;2470;2455;2470;224;0
FXCN ETF;60;20171031;160000;2465;2465;2455;2455;7;0
FXCN ETF;60;20171031;170000;2465;2465;2455;2465;19;0
FXCN ETF;60;20171031;180000;2465;2485;2465;2475;128;0
FXCN ETF;60;20171101;100000;2495;2500;2470;2495;592;0
FXCN ETF;60;20171101;110000;2495;2495;2445;2495;240;0
FXCN ETF;60;20171101;120000;2495;2500;2485;2500;95;0
FXCN ETF;60;20171101;130000;2490;2505;2490;2505;85;0
FXCN ETF;60;20171101;140000;2495;2505;2490;2500;206;0
FXCN ETF;60;20171101;150000;2500;2505;2495;2505;64;0
FXCN ETF;60;20171101;160000;2505;2510;2500;2510;58;0
FXCN ETF;60;20171101;170000;2500;2500;2495;2500;10;0
FXCN ETF;60;20171101;180000;2500;2510;2495;2510;69;0
FXCN ETF;60;20171102;100000;2505;2505;2480;2495;294;0
FXCN ETF;60;20171102;110000;2495;2500;2485;2500;211;0
FXCN ETF;60;20171102;120000;2495;2495;2480;2495;65;0
FXCN ETF;60;20171102;130000;2495;2495;2480;2495;54;0
FXCN ETF;60;20171102;140000;2495;2500;2485;2500;133;0
FXCN ETF;60;20171102;150000;2500;2500;2490;2495;61;0
FXCN ETF;60;20171102;160000;2495;2510;2495;2505;73;0
FXCN ETF;60;20171102;170000;2510;2510;2495;2495;65;0
FXCN ETF;60;20171102;180000;2495;2505;2490;2490;116;0
FXCN ETF;60;20171103;100000;2490;2515;2485;2500;370;0
FXCN ETF;60;20171103;110000;2515;2515;2500;2510;199;0
FXCN ETF;60;20171103;120000;2510;2515;2500;2515;84;0
FXCN ETF;60;20171103;130000;2510;2515;2500;2515;94;0
FXCN ETF;60;20171103;140000;2520;2520;2510;2520;292;0
FXCN ETF;60;20171103;150000;2515;2520;2505;2505;180;0
FXCN ETF;60;20171103;160000;2515;2515;2510;2510;10;0
FXCN ETF;60;20171103;170000;2510;2535;2510;2520;229;0
FXCN ETF;60;20171103;180000;2530;2535;2520;2530;142;0
FXCN ETF;60;20171107;100000;2560;2575;2550;2555;571;0
FXCN ETF;60;20171107;110000;2565;2575;2555;2565;81;0
FXCN ETF;60;20171107;120000;2565;2580;2565;2575;156;0
FXCN ETF;60;20171107;130000;2570;2580;2565;2575;279;0
FXCN ETF;60;20171107;140000;2570;2585;2565;2585;116;0
FXCN ETF;60;20171107;150000;2585;2585;2575;2585;174;0
FXCN ETF;60;20171107;160000;2580;2585;2570;2580;183;0
FXCN ETF;60;20171107;170000;2575;2585;2575;2585;108;0
FXCN ETF;60;20171107;180000;2580;2600;2580;2590;255;0
FXCN ETF;60;20171108;100000;2595;2630;2580;2590;482;0
FXCN ETF;60;20171108;110000;2590;2595;2580;2595;167;0
FXCN ETF;60;20171108;120000;2595;2600;2585;2600;224;0
FXCN ETF;60;20171108;130000;2595;2600;2590;2595;374;0
FXCN ETF;60;20171108;140000;2600;2610;2590;2605;485;0
FXCN ETF;60;20171108;150000;2605;2605;2595;2600;578;0
FXCN ETF;60;20171108;160000;2595;2600;2590;2595;258;0
FXCN ETF;60;20171108;170000;2595;2600;2585;2595;76;0
FXCN ETF;60;20171108;180000;2595;2595;2580;2590;76;0
FXCN ETF;60;20171109;100000;2605;2615;2595;2615;210;0
FXCN ETF;60;20171109;110000;2615;2655;2610;2610;183;0
FXCN ETF;60;20171109;120000;2625;2660;2605;2610;293;0
FXCN ETF;60;20171109;130000;2610;2625;2605;2610;216;0
FXCN ETF;60;20171109;140000;2610;2610;2595;2595;287;0
FXCN ETF;60;20171109;150000;2595;2605;2585;2605;241;0
FXCN ETF;60;20171109;160000;2615;2640;2590;2600;214;0
FXCN ETF;60;20171109;170000;2595;2600;2585;2590;143;0
FXCN ETF;60;20171109;180000;2590;2590;2580;2580;66;0
FXCN ETF;60;20171110;090000;2580;2580;2580;2580;10;0
FXCN ETF;60;20171110;100000;2595;2610;2570;2600;100;0
FXCN ETF;60;20171110;110000;2605;2635;2600;2605;241;0
FXCN ETF;60;20171110;120000;2605;2635;2585;2590;254;0
FXCN ETF;60;20171110;130000;2595;2605;2590;2590;81;0
FXCN ETF;60;20171110;140000;2600;2605;2595;2605;171;0
FXCN ETF;60;20171110;150000;2605;2605;2595;2605;104;0
FXCN ETF;60;20171110;160000;2600;2610;2595;2605;184;0
FXCN ETF;60;20171110;170000;2605;2655;2595;2600;104;0
FXCN ETF;60;20171110;180000;2600;2600;2585;2585;152;0
FXCN ETF;60;20171113;090000;2635;2635;2635;2635;3;0
FXCN ETF;60;20171113;100000;2610;2635;2600;2600;241;0
FXCN ETF;60;20171113;110000;2600;2650;2595;2650;257;0
FXCN ETF;60;20171113;120000;2655;2670;2605;2620;660;0
FXCN ETF;60;20171113;130000;2620;2640;2610;2620;163;0
FXCN ETF;60;20171113;140000;2620;2620;2610;2610;449;0
FXCN ETF;60;20171113;150000;2610;2620;2605;2615;57;0
FXCN ETF;60;20171113;160000;2615;2620;2605;2615;230;0
FXCN ETF;60;20171113;170000;2615;2620;2615;2620;128;0
FXCN ETF;60;20171113;180000;2615;2620;2615;2620;94;0
FXCN ETF;60;20171114;100000;2610;2620;2605;2610;422;0
FXCN ETF;60;20171114;110000;2610;2625;2605;2605;310;0
FXCN ETF;60;20171114;120000;2610;2625;2610;2615;212;0
FXCN ETF;60;20171114;130000;2610;2620;2605;2620;90;0
FXCN ETF;60;20171114;140000;2615;2620;2615;2620;177;0
FXCN ETF;60;20171114;150000;2620;2625;2615;2625;203;0
FXCN ETF;60;20171114;160000;2625;2625;2605;2615;201;0
FXCN ETF;60;20171114;170000;2615;2625;2615;2620;2107;0
FXCN ETF;60;20171114;180000;2620;2620;2615;2620;31;0
FXCN ETF;60;20171115;100000;2615;2615;2600;2600;266;0
FXCN ETF;60;20171115;110000;2600;2605;2590;2605;298;0
FXCN ETF;60;20171115;120000;2605;2610;2600;2605;221;0
FXCN ETF;60;20171115;130000;2610;2610;2605;2605;343;0
FXCN ETF;60;20171115;140000;2610;2610;2600;2605;205;0
FXCN ETF;60;20171115;150000;2600;2610;2600;2605;61;0
FXCN ETF;60;20171115;160000;2615;2615;2595;2600;102;0
FXCN ETF;60;20171115;170000;2605;2605;2580;2585;358;0
FXCN ETF;60;20171115;180000;2585;2600;2585;2600;238;0
FXCN ETF;60;20171116;100000;2615;2625;2610;2620;212;0
FXCN ETF;60;20171116;110000;2620;2620;2605;2620;160;0
FXCN ETF;60;20171116;120000;2620;2625;2610;2625;29;0
FXCN ETF;60;20171116;130000;2625;2625;2615;2625;89;0
FXCN ETF;60;20171116;140000;2620;2625;2615;2625;66;0
FXCN ETF;60;20171116;150000;2630;2630;2620;2630;485;0
FXCN ETF;60;20171116;160000;2620;2625;2600;2615;124;0
FXCN ETF;60;20171116;170000;2610;2625;2605;2615;64;0
FXCN ETF;60;20171116;180000;2630;2635;2620;2635;67;0
FXCN ETF;60;20171117;100000;2625;2635;2615;2625;261;0
FXCN ETF;60;20171117;110000;2630;2635;2625;2630;196;0
FXCN ETF;60;20171117;120000;2625;2630;2610;2620;135;0
FXCN ETF;60;20171117;130000;2620;2625;2610;2620;56;0
FXCN ETF;60;20171117;140000;2620;2620;2605;2615;64;0
FXCN ETF;60;20171117;150000;2615;2615;2600;2615;362;0
FXCN ETF;60;20171117;160000;2610;2620;2610;2620;48;0
FXCN ETF;60;20171117;170000;2615;2620;2610;2615;21;0
FXCN ETF;60;20171117;180000;2615;2615;2610;2615;92;0
FXCN ETF;60;20171120;100000;2615;2630;2610;2630;711;0
FXCN ETF;60;20171120;110000;2630;2635;2620;2625;310;0
FXCN ETF;60;20171120;120000;2625;2625;2615;2625;366;0
FXCN ETF;60;20171120;130000;2650;2670;2615;2630;199;0
FXCN ETF;60;20171120;140000;2625;2630;2620;2630;51;0
FXCN ETF;60;20171120;150000;2635;2640;2635;2640;132;0
FXCN ETF;60;20171120;160000;2640;2645;2625;2630;177;0
FXCN ETF;60;20171120;170000;2635;2645;2625;2635;232;0
FXCN ETF;60;20171120;180000;2645;2650;2635;2650;293;0
FXCN ETF;60;20171121;100000;2660;2685;2655;2685;780;0
FXCN ETF;60;20171121;110000;2685;2690;2670;2685;480;0
FXCN ETF;60;20171121;120000;2685;2690;2675;2690;272;0
FXCN ETF;60;20171121;130000;2690;2700;2685;2700;1136;0
FXCN ETF;60;20171121;140000;2705;2705;2695;2695;287;0
FXCN ETF;60;20171121;150000;2700;2705;2690;2705;146;0
FXCN ETF;60;20171121;160000;2705;2745;2690;2690;594;0
FXCN ETF;60;20171121;170000;2700;2700;2690;2700;115;0
FXCN ETF;60;20171121;180000;2695;2700;2690;2700;286;0
FXCN ETF;60;20171122;100000;2690;2705;2675;2680;1123;0
FXCN ETF;60;20171122;110000;2680;2680;2665;2680;583;0
FXCN ETF;60;20171122;120000;2680;2680;2670;2670;43;0
FXCN ETF;60;20171122;130000;2675;2680;2670;2680;468;0
FXCN ETF;60;20171122;140000;2675;2675;2665;2675;213;0
FXCN ETF;60;20171122;150000;2700;2700;2675;2675;90;0
FXCN ETF;60;20171122;160000;2675;2675;2670;2675;687;0
FXCN ETF;60;20171122;170000;2670;2675;2665;2665;299;0
FXCN ETF;60;20171122;180000;2670;2675;2670;2675;158;0
FXCN ETF;60;20171123;100000;2655;2680;2610;2625;1284;0
FXCN ETF;60;20171123;110000;2625;2635;2615;2630;227;0
FXCN ETF;60;20171123;120000;2630;2635;2630;2630;66;0
FXCN ETF;60;20171123;130000;2635;2635;2625;2635;96;0
FXCN ETF;60;20171123;140000;2630;2635;2630;2635;76;0
FXCN ETF;60;20171123;150000;2640;2640;2630;2640;167;0
FXCN ETF;60;20171123;160000;2640;2640;2640;2640;13;0
FXCN ETF;60;20171123;170000;2640;2640;2640;2640;71;0
FXCN ETF;60;20171123;180000;2635;2635;2635;2635;38;0
FXCN ETF;60;20171124;100000;2640;2700;2625;2640;411;0
FXCN ETF;60;20171124;110000;2640;2660;2630;2635;540;0
FXCN ETF;60;20171124;120000;2630;2640;2630;2640;64;0
FXCN ETF;60;20171124;130000;2635;2640;2635;2635;122;0
FXCN ETF;60;20171124;140000;2640;2645;2635;2645;183;0
FXCN ETF;60;20171124;150000;2640;2650;2640;2645;265;0
FXCN ETF;60;20171124;160000;2645;2650;2640;2650;54;0
FXCN ETF;60;20171124;170000;2650;2650;2640;2640;378;0
FXCN ETF;60;20171124;180000;2645;2645;2640;2645;128;0
FXCN ETF;60;20171127;100000;2625;2645;2600;2605;456;0
FXCN ETF;60;20171127;110000;2605;2610;2600;2605;139;0
FXCN ETF;60;20171127;120000;2605;2615;2600;2605;156;0
FXCN ETF;60;20171127;130000;2610;2615;2600;2615;111;0
FXCN ETF;60;20171127;140000;2610;2615;2610;2615;30;0
FXCN ETF;60;20171127;150000;2615;2615;2610;2610;60;0
FXCN ETF;60;20171127;160000;2610;2615;2605;2615;133;0
FXCN ETF;60;20171127;170000;2610;2610;2600;2610;155;0
FXCN ETF;60;20171127;180000;2610;2610;2600;2610;67;0
FXCN ETF;60;20171128;100000;2600;2610;2590;2600;52;0
FXCN ETF;60;20171128;110000;2615;2630;2600;2600;115;0
FXCN ETF;60;20171128;120000;2610;2615;2595;2610;71;0
FXCN ETF;60;20171128;130000;2610;2610;2595;2610;138;0
FXCN ETF;60;20171128;140000;2605;2615;2600;2615;74;0
FXCN ETF;60;20171128;150000;2615;2615;2595;2610;79;0
FXCN ETF;60;20171128;160000;2595;2610;2595;2610;352;0
FXCN ETF;60;20171128;170000;2610;2615;2595;2615;26;0
FXCN ETF;60;20171128;180000;2610;2610;2600;2610;50;0
FXCN ETF;60;20171129;100000;2605;2605;2580;2590;496;0
FXCN ETF;60;20171129;110000;2590;2595;2585;2590;56;0
FXCN ETF;60;20171129;120000;2585;2590;2575;2575;122;0
FXCN ETF;60;20171129;130000;2585;2585;2575;2585;56;0
FXCN ETF;60;20171129;140000;2585;2595;2585;2595;64;0
FXCN ETF;60;20171129;150000;2595;2595;2585;2585;153;0
FXCN ETF;60;20171129;160000;2590;2595;2585;2595;30;0
FXCN ETF;60;20171129;170000;2595;2600;2575;2575;116;0
FXCN ETF;60;20171129;180000;2580;2675;2560;2575;138;0
FXCN ETF;60;20171130;100000;2560;2560;2530;2535;168;0
FXCN ETF;60;20171130;110000;2540;2555;2540;2550;127;0
FXCN ETF;60;20171130;120000;2555;2555;2540;2545;73;0
FXCN ETF;60;20171130;130000;2545;2550;2540;2550;335;0
FXCN ETF;60;20171130;140000;2545;2550;2540;2540;30;0
FXCN ETF;60;20171130;150000;2545;2550;2530;2530;508;0
FXCN ETF;60;20171130;160000;2535;2550;2535;2550;84;0
FXCN ETF;60;20171130;170000;2550;2550;2530;2535;56;0
FXCN ETF;60;20171130;180000;2540;2550;2525;2545;62;0
FXCN ETF;60;20171201;100000;2530;2530;2505;2510;322;0
FXCN ETF;60;20171201;110000;2525;2525;2500;2500;205;0
FXCN ETF;60;20171201;120000;2505;2515;2500;2500;335;0
FXCN ETF;60;20171201;130000;2505;2515;2450;2500;730;0
FXCN ETF;60;20171201;140000;2500;2515;2500;2500;144;0
FXCN ETF;60;20171201;150000;2500;2510;2500;2510;178;0
FXCN ETF;60;20171201;160000;2510;2510;2500;2500;70;0
FXCN ETF;60;20171201;170000;2505;2505;2490;2490;149;0
FXCN ETF;60;20171201;180000;2495;2515;2495;2510;124;0
FXCN ETF;60;20171204;090000;2560;2560;2560;2560;1;0
FXCN ETF;60;20171204;100000;2540;2570;2540;2550;713;0
FXCN ETF;60;20171204;110000;2540;2550;2525;2540;886;0
FXCN ETF;60;20171204;120000;2530;2560;2525;2560;240;0
FXCN ETF;60;20171204;130000;2540;2545;2530;2540;148;0
FXCN ETF;60;20171204;140000;2540;2540;2540;2540;118;0
FXCN ETF;60;20171204;150000;2540;2545;2530;2545;234;0
FXCN ETF;60;20171204;160000;2540;2560;2530;2540;163;0
FXCN ETF;60;20171204;170000;2540;2560;2530;2560;183;0
FXCN ETF;60;20171204;180000;2545;2545;2535;2535;157;0
FXCN ETF;60;20171205;100000;2510;2540;2490;2500;498;0
FXCN ETF;60;20171205;110000;2500;2515;2480;2480;321;0
FXCN ETF;60;20171205;120000;2490;2490;2475;2480;233;0
FXCN ETF;60;20171205;130000;2480;2495;2480;2495;76;0
FXCN ETF;60;20171205;140000;2480;2490;2475;2485;480;0
FXCN ETF;60;20171205;150000;2490;2490;2475;2490;124;0
FXCN ETF;60;20171205;160000;2495;2495;2480;2480;115;0
FXCN ETF;60;20171205;170000;2485;2490;2470;2490;144;0
FXCN ETF;60;20171205;180000;2490;2500;2490;2500;38;0
FXCN ETF;60;20171206;100000;2470;2470;2435;2435;329;0
FXCN ETF;60;20171206;110000;2435;2445;2430;2435;178;0
FXCN ETF;60;20171206;120000;2435;2445;2430;2430;291;0
FXCN ETF;60;20171206;130000;2435;2440;2435;2440;84;0
FXCN ETF;60;20171206;140000;2450;2470;2440;2440;410;0
FXCN ETF;60;20171206;150000;2445;2445;2440;2445;107;0
FXCN ETF;60;20171206;160000;2445;2455;2440;2450;189;0
FXCN ETF;60;20171206;170000;2455;2455;2440;2450;78;0
FXCN ETF;60;20171206;180000;2450;2455;2450;2450;66;0
FXCN ETF;60;20171207;100000;2475;2485;2470;2480;245;0
FXCN ETF;60;20171207;110000;2475;2480;2470;2475;56;0
FXCN ETF;60;20171207;120000;2470;2480;2470;2475;36;0
FXCN ETF;60;20171207;130000;2475;2480;2470;2475;120;0
FXCN ETF;60;20171207;140000;2480;2480;2480;2480;63;0
FXCN ETF;60;20171207;150000;2480;2500;2470;2470;974;0
FXCN ETF;60;20171207;160000;2470;2475;2465;2465;94;0
FXCN ETF;60;20171207;170000;2470;2495;2470;2485;28;0
FXCN ETF;60;20171207;180000;2485;2490;2475;2475;73;0
FXCN ETF;60;20171208;100000;2515;2535;2515;2525;219;0
FXCN ETF;60;20171208;110000;2530;2535;2525;2530;128;0
FXCN ETF;60;20171208;120000;2530;2535;2525;2535;124;0
FXCN ETF;60;20171208;130000;2535;2535;2525;2525;70;0
FXCN ETF;60;20171208;140000;2525;2535;2525;2530;125;0
FXCN ETF;60;20171208;150000;2530;2535;2525;2535;225;0
FXCN ETF;60;20171208;160000;2535;2535;2525;2525;373;0
FXCN ETF;60;20171208;170000;2530;2535;2525;2535;70;0
FXCN ETF;60;20171208;180000;2535;2540;2520;2535;278;0
FXCN ETF;60;20171211;100000;2540;2555;2540;2555;176;0
FXCN ETF;60;20171211;110000;2555;2560;2540;2560;196;0
FXCN ETF;60;20171211;120000;2550;2560;2545;2555;175;0
FXCN ETF;60;20171211;130000;2555;2565;2545;2545;179;0
FXCN ETF;60;20171211;140000;2555;2560;2545;2555;103;0
FXCN ETF;60;20171211;150000;2555;2555;2545;2555;138;0
FXCN ETF;60;20171211;160000;2550;2555;2545;2555;166;0
FXCN ETF;60;20171211;170000;2555;2565;2550;2565;7;0
FXCN ETF;60;20171211;180000;2565;2565;2560;2565;54;0
FXCN ETF;60;20171212;090000;2545;2545;2545;2545;1;0
FXCN ETF;60;20171212;100000;2550;2550;2520;2525;333;0
FXCN ETF;60;20171212;110000;2525;2525;2515;2525;202;0
FXCN ETF;60;20171212;120000;2520;2530;2520;2525;73;0
FXCN ETF;60;20171212;130000;2525;2530;2520;2525;119;0
FXCN ETF;60;20171212;140000;2525;2530;2525;2525;21;0
FXCN ETF;60;20171212;150000;2520;2530;2520;2520;29;0
FXCN ETF;60;20171212;160000;2525;2530;2520;2530;252;0
FXCN ETF;60;20171212;170000;2525;2535;2525;2525;78;0
FXCN ETF;60;20171212;180000;2520;2530;2510;2530;372;0
FXCN ETF;60;20171213;100000;2545;2555;2545;2555;80;0
FXCN ETF;60;20171213;110000;2550;2550;2540;2550;564;0
FXCN ETF;60;20171213;120000;2550;2550;2540;2545;53;0
FXCN ETF;60;20171213;130000;2545;2545;2540;2540;51;0
FXCN ETF;60;20171213;140000;2545;2545;2540;2545;53;0
FXCN ETF;60;20171213;150000;2540;2550;2530;2530;498;0
FXCN ETF;60;20171213;160000;2535;2545;2530;2545;54;0
FXCN ETF;60;20171213;170000;2545;2575;2530;2575;259;0
FXCN ETF;60;20171213;180000;2550;2550;2550;2550;33;0
FXCN ETF;60;20171214;100000;2535;2540;2530;2540;134;0
FXCN ETF;60;20171214;110000;2545;2550;2530;2540;270;0
FXCN ETF;60;20171214;120000;2540;2545;2535;2540;117;0
FXCN ETF;60;20171214;130000;2540;2540;2535;2540;42;0
FXCN ETF;60;20171214;140000;2535;2540;2535;2535;20;0
FXCN ETF;60;20171214;150000;2540;2540;2540;2540;59;0
FXCN ETF;60;20171214;160000;2540;2545;2540;2545;59;0
FXCN ETF;60;20171214;170000;2545;2550;2530;2530;127;0
FXCN ETF;60;20171214;180000;2535;2535;2525;2525;107;0
FXCN ETF;60;20171215;100000;2515;2515;2500;2500;124;0
FXCN ETF;60;20171215;110000;2505;2510;2505;2505;39;0
FXCN ETF;60;20171215;120000;2505;2505;2495;2500;200;0
FXCN ETF;60;20171215;130000;2500;2510;2495;2500;133;0
FXCN ETF;60;20171215;140000;2495;2505;2490;2505;409;0
FXCN ETF;60;20171215;150000;2505;2515;2495;2510;129;0
FXCN ETF;60;20171215;160000;2510;2510;2505;2505;125;0
FXCN ETF;60;20171215;170000;2505;2515;2505;2510;40;0
FXCN ETF;60;20171215;180000;2505;2515;2500;2500;74;0
FXCN ETF;60;20171218;090000;2480;2480;2480;2480;6;0
FXCN ETF;60;20171218;100000;2535;2535;2495;2520;129;0
FXCN ETF;60;20171218;110000;2520;2540;2510;2520;89;0
FXCN ETF;60;20171218;120000;2515;2525;2505;2505;145;0
FXCN ETF;60;20171218;130000;2505;2520;2505;2520;210;0
FXCN ETF;60;20171218;140000;2525;2525;2510;2520;1239;0
FXCN ETF;60;20171218;150000;2520;2525;2520;2520;93;0
FXCN ETF;60;20171218;160000;2515;2525;2510;2520;93;0
FXCN ETF;60;20171218;170000;2520;2530;2520;2520;86;0
FXCN ETF;60;20171218;180000;2520;2535;2520;2535;52;0
FXCN ETF;60;20171219;100000;2550;2550;2535;2535;2747;0
FXCN ETF;60;20171219;110000;2540;2545;2530;2535;234;0
FXCN ETF;60;20171219;120000;2545;2545;2530;2535;191;0
FXCN ETF;60;20171219;130000;2540;2545;2530;2540;118;0
FXCN ETF;60;20171219;140000;2540;2540;2540;2540;298;0
FXCN ETF;60;20171219;150000;2540;2545;2535;2540;61;0
FXCN ETF;60;20171219;160000;2535;2545;2530;2530;152;0
FXCN ETF;60;20171219;170000;2540;2550;2530;2530;150;0
FXCN ETF;60;20171219;180000;2540;2545;2530;2535;74;0
FXCN ETF;60;20171220;100000;2535;2540;2525;2535;149;0
FXCN ETF;60;20171220;110000;2535;2535;2525;2535;66;0
FXCN ETF;60;20171220;120000;2530;2530;2525;2530;75;0
FXCN ETF;60;20171220;130000;2525;2535;2520;2535;243;0
FXCN ETF;60;20171220;140000;2525;2535;2520;2520;167;0
FXCN ETF;60;20171220;150000;2520;2530;2520;2525;38;0
FXCN ETF;60;20171220;160000;2525;2530;2520;2525;74;0
FXCN ETF;60;20171220;170000;2525;2535;2525;2530;54;0
FXCN ETF;60;20171220;180000;2530;2530;2520;2520;6;0
FXCN ETF;60;20171221;100000;2540;2545;2530;2535;128;0
FXCN ETF;60;20171221;110000;2540;2545;2530;2530;278;0
FXCN ETF;60;20171221;120000;2535;2545;2530;2540;98;0
FXCN ETF;60;20171221;130000;2540;2540;2530;2540;168;0
FXCN ETF;60;20171221;140000;2535;2545;2530;2545;87;0
FXCN ETF;60;20171221;150000;2545;2545;2535;2535;192;0
FXCN ETF;60;20171221;160000;2535;2545;2530;2540;124;0
FXCN ETF;60;20171221;170000;2540;2560;2535;2560;305;0
FXCN ETF;60;20171221;180000;2560;2560;2550;2555;86;0
FXCN ETF;60;20171222;090000;2555;2555;2555;2555;12;0
FXCN ETF;60;20171222;100000;2550;2555;2540;2545;326;0
FXCN ETF;60;20171222;110000;2545;2560;2540;2550;126;0
FXCN ETF;60;20171222;120000;2560;2565;2560;2565;110;0
FXCN ETF;60;20171222;130000;2560;2560;2550;2560;112;0
FXCN ETF;60;20171222;140000;2565;2565;2550;2565;317;0
FXCN ETF;60;20171222;150000;2560;2565;2560;2565;100;0
FXCN ETF;60;20171222;160000;2555;2570;2555;2560;111;0
FXCN ETF;60;20171222;170000;2560;2565;2555;2565;100;0
FXCN ETF;60;20171222;180000;2565;2565;2555;2565;411;0
FXCN ETF;60;20171225;100000;2575;2575;2555;2560;133;0
FXCN ETF;60;20171225;110000;2560;2560;2550;2555;181;0
FXCN ETF;60;20171225;120000;2550;2560;2545;2545;394;0
FXCN ETF;60;20171225;130000;2555;2560;2550;2555;108;0
FXCN ETF;60;20171225;140000;2550;2555;2550;2550;299;0
FXCN ETF;60;20171225;150000;2550;2550;2545;2550;186;0
FXCN ETF;60;20171225;160000;2545;2555;2545;2555;134;0
FXCN ETF;60;20171225;170000;2545;2555;2545;2545;44;0
FXCN ETF;60;20171225;180000;2545;2555;2545;2555;74;0
FXCN ETF;60;20171226;100000;2575;2575;2535;2545;429;0
FXCN ETF;60;20171226;110000;2540;2550;2535;2550;92;0
FXCN ETF;60;20171226;120000;2550;2550;2545;2550;120;0
FXCN ETF;60;20171226;130000;2550;2550;2540;2540;58;0
FXCN ETF;60;20171226;140000;2540;2550;2540;2550;86;0
FXCN ETF;60;20171226;150000;2540;2550;2540;2545;114;0
FXCN ETF;60;20171226;160000;2545;2550;2540;2540;173;0
FXCN ETF;60;20171226;170000;2545;2545;2525;2525;224;0
FXCN ETF;60;20171226;180000;2535;2535;2530;2530;22;0
FXCN ETF;60;20171227;100000;2510;2545;2500;2515;165;0
FXCN ETF;60;20171227;110000;2515;2520;2510;2520;159;0
FXCN ETF;60;20171227;120000;2520;2525;2510;2525;266;0
FXCN ETF;60;20171227;130000;2525;2530;2520;2530;25;0
FXCN ETF;60;20171227;140000;2530;2530;2515;2525;158;0
FXCN ETF;60;20171227;150000;2525;2525;2515;2525;67;0
FXCN ETF;60;20171227;160000;2520;2525;2520;2525;44;0
FXCN ETF;60;20171227;170000;2525;2530;2515;2520;405;0
FXCN ETF;60;20171227;180000;2530;2535;2520;2535;516;0
FXCN ETF;60;20171228;090000;2560;2560;2560;2560;1;0
FXCN ETF;60;20171228;100000;2535;2550;2535;2540;153;0
FXCN ETF;60;20171228;110000;2545;2545;2535;2545;77;0
FXCN ETF;60;20171228;120000;2545;2550;2540;2540;58;0
FXCN ETF;60;20171228;130000;2540;2550;2535;2540;277;0
FXCN ETF;60;20171228;140000;2540;2545;2535;2540;190;0
FXCN ETF;60;20171228;150000;2540;2555;2535;2545;130;0
FXCN ETF;60;20171228;160000;2540;2550;2540;2540;105;0
FXCN ETF;60;20171228;170000;2540;2540;2535;2540;62;0
FXCN ETF;60;20171228;180000;2540;2540;2535;2535;90;0
FXCN ETF;60;20171229;100000;2545;2560;2540;2545;156;0
FXCN ETF;60;20171229;110000;2545;2545;2530;2540;283;0
FXCN ETF;60;20171229;120000;2540;2540;2530;2530;367;0
FXCN ETF;60;20171229;130000;2540;2545;2540;2545;76;0
FXCN ETF;60;20171229;140000;2545;2550;2540;2550;167;0
FXCN ETF;60;20171229;150000;2550;2560;2550;2560;228;0
FXCN ETF;60;20171229;160000;2555;2555;2550;2555;107;0
FXCN ETF;60;20171229;170000;2555;2555;2540;2540;325;0
FXCN ETF;60;20171229;180000;2540;2540;2530;2540;231;0
