<TICKER>;<PER>;<DATE>;<TIME>;<OPEN>;<HIGH>;<LOW>;<CLOSE>;<VOL>;<OPENINT>
iДонскЗР п;60;20170124;110000;1700;1700;1700;1700;17;0
iДонскЗР п;60;20170124;120000;1700;1700;1700;1700;22;0
iДонскЗР п;60;20170124;140000;1710;1720;1710;1720;16;0
iДонскЗР п;60;20170124;150000;1720;1720;1710;1710;37;0
iДонскЗР п;60;20170124;160000;1710;1710;1710;1710;3;0
iДонскЗР п;60;20170124;170000;1700;1700;1690;1690;13;0
iДонскЗР п;60;20170125;110000;1700;1720;1700;1720;28;0
iДонскЗР п;60;20170125;120000;1710;1710;1710;1710;1;0
iДонскЗР п;60;20170125;130000;1700;1700;1690;1690;6;0
iДонскЗР п;60;20170125;140000;1700;1700;1690;1690;4;0
iДонскЗР п;60;20170125;160000;1710;1710;1710;1710;1;0
iДонскЗР п;60;20170126;120000;1690;1690;1660;1660;53;0
iДонскЗР п;60;20170126;150000;1700;1710;1700;1710;2;0
iДонскЗР п;60;20170126;160000;1720;1720;1690;1690;5;0
iДонскЗР п;60;20170126;170000;1700;1720;1690;1720;8;0
iДонскЗР п;60;20170126;180000;1690;1690;1680;1690;7;0
iДонскЗР п;60;20170127;100000;1710;1710;1710;1710;1;0
iДонскЗР п;60;20170127;110000;1700;1700;1690;1690;7;0
iДонскЗР п;60;20170127;120000;1690;1690;1690;1690;3;0
iДонскЗР п;60;20170127;130000;1710;1720;1710;1720;2;0
iДонскЗР п;60;20170127;140000;1720;1720;1720;1720;1;0
iДонскЗР п;60;20170127;160000;1700;1710;1680;1690;34;0
iДонскЗР п;60;20170127;170000;1680;1680;1680;1680;2;0
iДонскЗР п;60;20170127;180000;1700;1700;1700;1700;2;0
iДонскЗР п;60;20170130;100000;1690;1690;1680;1680;2;0
iДонскЗР п;60;20170130;110000;1680;1680;1680;1680;3;0
iДонскЗР п;60;20170130;120000;1690;1690;1690;1690;1;0
iДонскЗР п;60;20170130;130000;1690;1690;1690;1690;3;0
iДонскЗР п;60;20170130;140000;1690;1690;1690;1690;1;0
iДонскЗР п;60;20170130;150000;1690;1700;1690;1700;5;0
iДонскЗР п;60;20170130;160000;1700;1700;1700;1700;1;0
iДонскЗР п;60;20170131;100000;1710;1710;1710;1710;3;0
iДонскЗР п;60;20170131;110000;1700;1700;1700;1700;1;0
iДонскЗР п;60;20170131;130000;1720;1730;1720;1730;17;0
iДонскЗР п;60;20170131;140000;1730;1730;1720;1720;32;0
iДонскЗР п;60;20170131;150000;1720;1720;1700;1700;5;0
iДонскЗР п;60;20170131;170000;1700;1700;1700;1700;10;0
iДонскЗР п;60;20170131;180000;1700;1700;1700;1700;3;0
iДонскЗР п;60;20170201;100000;1710;1710;1690;1710;31;0
iДонскЗР п;60;20170201;110000;1720;1720;1720;1720;1;0
iДонскЗР п;60;20170201;120000;1700;1720;1660;1720;13;0
iДонскЗР п;60;20170201;150000;1720;1720;1720;1720;1;0
iДонскЗР п;60;20170201;160000;1720;1720;1720;1720;14;0
iДонскЗР п;60;20170201;170000;1720;1720;1700;1700;52;0
iДонскЗР п;60;20170201;180000;1710;1720;1710;1720;2;0
iДонскЗР п;60;20170202;100000;1720;1720;1720;1720;2;0
iДонскЗР п;60;20170202;110000;1720;1720;1720;1720;1;0
iДонскЗР п;60;20170202;120000;1700;1700;1690;1690;14;0
iДонскЗР п;60;20170202;130000;1710;1720;1710;1720;8;0
iДонскЗР п;60;20170202;140000;1720;1720;1720;1720;10;0
iДонскЗР п;60;20170202;160000;1720;1720;1720;1720;1;0
iДонскЗР п;60;20170203;180000;1700;1710;1700;1710;2;0
iДонскЗР п;60;20170207;100000;1720;1730;1720;1730;3;0
iДонскЗР п;60;20170207;110000;1710;1710;1700;1700;10;0
iДонскЗР п;60;20170207;120000;1710;1710;1710;1710;2;0
iДонскЗР п;60;20170207;160000;1720;1720;1700;1700;4;0
iДонскЗР п;60;20170207;170000;1710;1710;1700;1700;37;0
iДонскЗР п;60;20170207;180000;1700;1700;1700;1700;3;0
iДонскЗР п;60;20170208;130000;1710;1710;1710;1710;1;0
iДонскЗР п;60;20170208;170000;1700;1700;1700;1700;2;0
iДонскЗР п;60;20170209;110000;1710;1710;1710;1710;3;0
iДонскЗР п;60;20170209;130000;1710;1710;1710;1710;2;0
iДонскЗР п;60;20170209;140000;1700;1700;1700;1700;6;0
iДонскЗР п;60;20170209;150000;1700;1700;1700;1700;4;0
iДонскЗР п;60;20170209;160000;1690;1690;1670;1670;9;0
iДонскЗР п;60;20170209;170000;1670;1700;1670;1700;27;0
iДонскЗР п;60;20170209;180000;1690;1690;1690;1690;1;0
iДонскЗР п;60;20170210;100000;1700;1700;1700;1700;3;0
iДонскЗР п;60;20170210;120000;1690;1690;1690;1690;1;0
iДонскЗР п;60;20170210;130000;1690;1700;1680;1680;40;0
iДонскЗР п;60;20170210;150000;1680;1680;1680;1680;40;0
iДонскЗР п;60;20170210;180000;1690;1700;1690;1700;6;0
iДонскЗР п;60;20170213;130000;1680;1680;1670;1670;3;0
iДонскЗР п;60;20170213;140000;1700;1700;1700;1700;1;0
iДонскЗР п;60;20170213;160000;1700;1700;1680;1680;2;0
iДонскЗР п;60;20170213;170000;1690;1690;1690;1690;1;0
iДонскЗР п;60;20170214;110000;1700;1710;1700;1710;5;0
iДонскЗР п;60;20170214;120000;1710;1710;1710;1710;1;0
iДонскЗР п;60;20170214;140000;1720;1720;1720;1720;1;0
iДонскЗР п;60;20170214;160000;1720;1720;1720;1720;1;0
iДонскЗР п;60;20170214;170000;1720;1720;1710;1710;4;0
iДонскЗР п;60;20170214;180000;1720;1720;1720;1720;2;0
iДонскЗР п;60;20170215;100000;1710;1710;1710;1710;1;0
iДонскЗР п;60;20170215;110000;1710;1720;1690;1690;11;0
iДонскЗР п;60;20170215;120000;1690;1710;1690;1710;8;0
iДонскЗР п;60;20170215;170000;1690;1690;1690;1690;2;0
iДонскЗР п;60;20170216;110000;1710;1710;1710;1710;3;0
iДонскЗР п;60;20170216;120000;1710;1710;1710;1710;3;0
iДонскЗР п;60;20170216;130000;1710;1710;1710;1710;1;0
iДонскЗР п;60;20170216;150000;1710;1710;1700;1700;15;0
iДонскЗР п;60;20170216;170000;1710;1710;1710;1710;1;0
iДонскЗР п;60;20170217;170000;1700;1700;1700;1700;1;0
iДонскЗР п;60;20170217;180000;1710;1710;1710;1710;1;0
iДонскЗР п;60;20170220;110000;1710;1710;1710;1710;3;0
iДонскЗР п;60;20170220;120000;1710;1710;1700;1700;5;0
iДонскЗР п;60;20170220;170000;1700;1700;1700;1700;2;0
iДонскЗР п;60;20170220;180000;1700;1700;1700;1700;1;0
iДонскЗР п;60;20170222;110000;1690;1690;1660;1660;15;0
iДонскЗР п;60;20170222;120000;1650;1660;1640;1660;7;0
iДонскЗР п;60;20170222;140000;1650;1650;1640;1640;4;0
iДонскЗР п;60;20170222;170000;1650;1650;1640;1640;13;0
iДонскЗР п;60;20170222;180000;1660;1660;1660;1660;1;0
iДонскЗР п;60;20170224;100000;1660;1660;1660;1660;6;0
iДонскЗР п;60;20170224;130000;1650;1650;1640;1640;6;0
iДонскЗР п;60;20170224;140000;1660;1660;1660;1660;1;0
iДонскЗР п;60;20170224;160000;1650;1650;1650;1650;4;0
iДонскЗР п;60;20170224;180000;1670;1710;1670;1710;18;0
iДонскЗР п;60;20170227;120000;1690;1690;1690;1690;1;0
iДонскЗР п;60;20170227;180000;1680;1690;1680;1690;2;0
iДонскЗР п;60;20170228;100000;1660;1660;1590;1590;3;0
iДонскЗР п;60;20170228;110000;1640;1640;1640;1640;2;0
iДонскЗР п;60;20170228;120000;1620;1640;1610;1610;3;0
iДонскЗР п;60;20170228;130000;1600;1600;1600;1600;1;0
iДонскЗР п;60;20170228;140000;1630;1630;1630;1630;1;0
iДонскЗР п;60;20170228;150000;1640;1640;1630;1630;32;0
iДонскЗР п;60;20170228;180000;1630;1630;1610;1630;18;0
iДонскЗР п;60;20170301;090000;1600;1600;1600;1600;1;0
iДонскЗР п;60;20170301;100000;1600;1620;1590;1590;205;0
iДонскЗР п;60;20170301;110000;1600;1600;1580;1580;51;0
iДонскЗР п;60;20170301;120000;1600;1600;1600;1600;20;0
iДонскЗР п;60;20170301;130000;1600;1600;1600;1600;1;0
iДонскЗР п;60;20170301;150000;1600;1610;1600;1610;19;0
iДонскЗР п;60;20170301;160000;1660;1660;1660;1660;1;0
iДонскЗР п;60;20170301;170000;1640;1640;1640;1640;1;0
iДонскЗР п;60;20170301;180000;1680;1680;1680;1680;1;0
iДонскЗР п;60;20170302;110000;1680;1680;1650;1670;3;0
iДонскЗР п;60;20170302;130000;1660;1660;1640;1650;3;0
iДонскЗР п;60;20170302;160000;1650;1650;1650;1650;1;0
iДонскЗР п;60;20170303;100000;1630;1630;1610;1610;3;0
iДонскЗР п;60;20170303;150000;1630;1630;1630;1630;1;0
iДонскЗР п;60;20170306;140000;1660;1690;1660;1690;9;0
iДонскЗР п;60;20170306;150000;1690;1690;1690;1690;3;0
iДонскЗР п;60;20170306;170000;1680;1720;1680;1720;91;0
iДонскЗР п;60;20170306;180000;1670;1670;1670;1670;30;0
iДонскЗР п;60;20170307;100000;1730;1800;1730;1750;61;0
iДонскЗР п;60;20170307;110000;1760;1770;1760;1770;11;0
iДонскЗР п;60;20170307;120000;1780;1790;1760;1760;63;0
iДонскЗР п;60;20170307;130000;1750;1770;1750;1770;2;0
iДонскЗР п;60;20170307;140000;1770;1770;1730;1730;7;0
iДонскЗР п;60;20170307;150000;1630;1630;1630;1630;1;0
iДонскЗР п;60;20170307;170000;1740;1740;1740;1740;1;0
iДонскЗР п;60;20170309;100000;1710;1710;1200;1620;60;0
iДонскЗР п;60;20170309;110000;1640;1670;1640;1670;14;0
iДонскЗР п;60;20170309;120000;1670;1670;1640;1650;5;0
iДонскЗР п;60;20170309;130000;1640;1640;1630;1630;3;0
iДонскЗР п;60;20170309;170000;1620;1630;1620;1620;11;0
iДонскЗР п;60;20170309;180000;1610;1660;1610;1660;10;0
iДонскЗР п;60;20170310;100000;1690;1800;1680;1710;67;0
iДонскЗР п;60;20170310;120000;1710;1790;1710;1790;33;0
iДонскЗР п;60;20170310;130000;1690;1690;1690;1690;6;0
iДонскЗР п;60;20170310;140000;1690;1690;1690;1690;1;0
iДонскЗР п;60;20170310;160000;1690;1690;1680;1680;3;0
iДонскЗР п;60;20170310;170000;1690;1700;1690;1700;7;0
iДонскЗР п;60;20170310;180000;1750;1750;1750;1750;1;0
iДонскЗР п;60;20170313;100000;1710;1710;1710;1710;1;0
iДонскЗР п;60;20170313;120000;1780;1780;1780;1780;3;0
iДонскЗР п;60;20170314;180000;1680;1750;1680;1750;3;0
iДонскЗР п;60;20170315;100000;1670;1670;1670;1670;1;0
iДонскЗР п;60;20170315;110000;1620;1640;1620;1640;19;0
iДонскЗР п;60;20170315;160000;1690;1690;1690;1690;1;0
iДонскЗР п;60;20170315;180000;1700;1700;1660;1660;15;0
iДонскЗР п;60;20170316;100000;1680;1680;1680;1680;1;0
iДонскЗР п;60;20170316;110000;1720;1720;1680;1680;3;0
iДонскЗР п;60;20170316;140000;1670;1690;1670;1690;2;0
iДонскЗР п;60;20170316;180000;1720;1720;1720;1720;1;0
iДонскЗР п;60;20170317;110000;1730;1740;1730;1740;10;0
iДонскЗР п;60;20170317;120000;1740;1740;1700;1740;11;0
iДонскЗР п;60;20170317;150000;1700;1700;1690;1690;3;0
iДонскЗР п;60;20170317;160000;1700;1700;1700;1700;3;0
iДонскЗР п;60;20170317;170000;1700;1730;1700;1730;7;0
iДонскЗР п;60;20170317;180000;1730;1730;1730;1730;1;0
iДонскЗР п;60;20170320;100000;1690;1690;1690;1690;10;0
iДонскЗР п;60;20170320;150000;1680;1680;1680;1680;4;0
iДонскЗР п;60;20170320;180000;1710;1750;1700;1720;5;0
iДонскЗР п;60;20170321;140000;1710;1730;1700;1730;4;0
iДонскЗР п;60;20170322;140000;1700;1700;1700;1700;5;0
iДонскЗР п;60;20170322;150000;1690;1690;1690;1690;6;0
iДонскЗР п;60;20170322;180000;1680;1710;1670;1710;8;0
iДонскЗР п;60;20170323;110000;1670;1670;1670;1670;31;0
iДонскЗР п;60;20170323;120000;1700;1700;1670;1670;15;0
iДонскЗР п;60;20170323;160000;1660;1660;1660;1660;1;0
iДонскЗР п;60;20170323;180000;1660;1690;1660;1690;12;0
iДонскЗР п;60;20170324;150000;1660;1660;1660;1660;7;0
iДонскЗР п;60;20170324;160000;1680;1700;1660;1670;52;0
iДонскЗР п;60;20170324;170000;1670;1690;1670;1670;4;0
iДонскЗР п;60;20170324;180000;1660;1690;1660;1690;6;0
iДонскЗР п;60;20170327;100000;1670;1690;1670;1690;3;0
iДонскЗР п;60;20170327;170000;1660;1660;1660;1660;6;0
iДонскЗР п;60;20170327;180000;1670;1670;1670;1670;1;0
iДонскЗР п;60;20170328;100000;1660;1680;1660;1680;4;0
iДонскЗР п;60;20170328;110000;1690;1690;1660;1660;14;0
iДонскЗР п;60;20170328;120000;1680;1680;1680;1680;2;0
iДонскЗР п;60;20170328;130000;1690;1690;1690;1690;15;0
iДонскЗР п;60;20170328;160000;1660;1660;1660;1660;1;0
iДонскЗР п;60;20170328;180000;1660;1660;1660;1660;6;0
iДонскЗР п;60;20170329;100000;1660;1660;1650;1650;11;0
iДонскЗР п;60;20170329;110000;1650;1650;1650;1650;6;0
iДонскЗР п;60;20170329;130000;1650;1650;1650;1650;4;0
iДонскЗР п;60;20170329;140000;1650;1650;1650;1650;1;0
iДонскЗР п;60;20170329;170000;1650;1650;1650;1650;4;0
iДонскЗР п;60;20170330;110000;1650;1660;1650;1660;2;0
iДонскЗР п;60;20170330;120000;1650;1650;1650;1650;8;0
iДонскЗР п;60;20170330;130000;1650;1650;1650;1650;1;0
iДонскЗР п;60;20170330;140000;1650;1650;1650;1650;1;0
iДонскЗР п;60;20170330;160000;1650;1650;1650;1650;8;0
iДонскЗР п;60;20170331;100000;1640;1640;1640;1640;8;0
iДонскЗР п;60;20170331;110000;1630;1630;1630;1630;1;0
iДонскЗР п;60;20170331;120000;1630;1630;1630;1630;2;0
iДонскЗР п;60;20170331;180000;1650;1660;1630;1630;32;0
iДонскЗР п;60;20170403;100000;1650;1660;1650;1660;5;0
iДонскЗР п;60;20170403;110000;1660;1660;1640;1640;4;0
iДонскЗР п;60;20170403;120000;1630;1630;1630;1630;6;0
iДонскЗР п;60;20170403;140000;1650;1650;1650;1650;1;0
iДонскЗР п;60;20170403;160000;1640;1640;1630;1630;34;0
iДонскЗР п;60;20170404;170000;1620;1630;1620;1630;8;0
iДонскЗР п;60;20170405;130000;1620;1620;1610;1610;13;0
iДонскЗР п;60;20170405;140000;1630;1630;1600;1600;22;0
iДонскЗР п;60;20170405;160000;1610;1610;1600;1600;3;0
iДонскЗР п;60;20170405;170000;1600;1600;1600;1600;3;0
iДонскЗР п;60;20170405;180000;1620;1620;1480;1600;71;0
iДонскЗР п;60;20170406;110000;1600;1630;1600;1630;26;0
iДонскЗР п;60;20170406;130000;1630;1630;1630;1630;1;0
iДонскЗР п;60;20170406;150000;1640;1640;1640;1640;6;0
iДонскЗР п;60;20170410;100000;1620;1650;1620;1650;2;0
iДонскЗР п;60;20170410;110000;1620;1620;1610;1610;7;0
iДонскЗР п;60;20170410;140000;1610;1610;1610;1610;5;0
iДонскЗР п;60;20170410;150000;1630;1630;1630;1630;4;0
iДонскЗР п;60;20170411;100000;1610;1610;1610;1610;2;0
iДонскЗР п;60;20170411;110000;1600;1600;1600;1600;3;0
iДонскЗР п;60;20170411;130000;1600;1600;1600;1600;2;0
iДонскЗР п;60;20170411;170000;1600;1600;1600;1600;2;0
iДонскЗР п;60;20170412;100000;1590;1590;1590;1590;2;0
iДонскЗР п;60;20170412;110000;1590;1600;1590;1600;7;0
iДонскЗР п;60;20170413;110000;1600;1600;1600;1600;5;0
iДонскЗР п;60;20170413;120000;1600;1600;1600;1600;1;0
iДонскЗР п;60;20170413;130000;1610;1610;1600;1610;7;0
iДонскЗР п;60;20170413;140000;1590;1640;1570;1600;58;0
iДонскЗР п;60;20170413;160000;1600;1600;1600;1600;1;0
iДонскЗР п;60;20170414;100000;1600;1600;1600;1600;1;0
iДонскЗР п;60;20170414;150000;1600;1600;1600;1600;1;0
iДонскЗР п;60;20170414;160000;1600;1600;1590;1590;2;0
iДонскЗР п;60;20170417;140000;1590;1590;1590;1590;1;0
iДонскЗР п;60;20170417;150000;1590;1590;1590;1590;1;0
iДонскЗР п;60;20170418;180000;1580;1580;1580;1580;6;0
iДонскЗР п;60;20170419;100000;1610;1610;1610;1610;1;0
iДонскЗР п;60;20170419;130000;1590;1590;1590;1590;2;0
iДонскЗР п;60;20170419;150000;1590;1590;1590;1590;5;0
iДонскЗР п;60;20170419;180000;1590;1590;1580;1580;5;0
iДонскЗР п;60;20170420;110000;1580;1580;1550;1550;21;0
iДонскЗР п;60;20170420;120000;1540;1540;1540;1540;1;0
iДонскЗР п;60;20170420;130000;1540;1540;1540;1540;2;0
iДонскЗР п;60;20170420;140000;1540;1550;1540;1550;11;0
iДонскЗР п;60;20170420;160000;1530;1530;1510;1510;9;0
iДонскЗР п;60;20170420;170000;1520;1570;1520;1570;22;0
iДонскЗР п;60;20170420;180000;1570;1580;1570;1580;7;0
iДонскЗР п;60;20170421;100000;1590;1600;1590;1600;10;0
iДонскЗР п;60;20170421;150000;1600;1600;1600;1600;6;0
iДонскЗР п;60;20170424;100000;1600;1620;1600;1620;3;0
iДонскЗР п;60;20170424;130000;1610;1610;1610;1610;1;0
iДонскЗР п;60;20170424;160000;1620;1620;1620;1620;5;0
iДонскЗР п;60;20170426;160000;1620;1640;1620;1640;7;0
iДонскЗР п;60;20170426;170000;1620;1620;1620;1620;1;0
iДонскЗР п;60;20170427;100000;1610;1610;1600;1600;9;0
iДонскЗР п;60;20170427;110000;1590;1590;1590;1590;2;0
iДонскЗР п;60;20170428;100000;1590;1590;1580;1580;5;0
iДонскЗР п;60;20170428;170000;1600;1600;1580;1580;17;0
iДонскЗР п;60;20170502;130000;1590;1590;1570;1570;2;0
iДонскЗР п;60;20170502;140000;1620;1620;1620;1620;6;0
iДонскЗР п;60;20170502;150000;1620;1650;1620;1650;22;0
iДонскЗР п;60;20170502;180000;1620;1620;1590;1590;68;0
iДонскЗР п;60;20170503;110000;1590;1630;1590;1630;14;0
iДонскЗР п;60;20170503;120000;1630;1630;1630;1630;1;0
iДонскЗР п;60;20170503;130000;1630;1630;1630;1630;1;0
iДонскЗР п;60;20170503;150000;1620;1620;1610;1610;4;0
iДонскЗР п;60;20170503;160000;1610;1610;1600;1600;11;0
iДонскЗР п;60;20170503;180000;1610;1620;1610;1610;5;0
iДонскЗР п;60;20170504;090000;1600;1600;1600;1600;1;0
iДонскЗР п;60;20170504;100000;1600;1600;1600;1600;1;0
iДонскЗР п;60;20170504;150000;1630;1630;1630;1630;2;0
iДонскЗР п;60;20170504;160000;1610;1610;1600;1600;5;0
iДонскЗР п;60;20170504;170000;1610;1730;1610;1720;377;0
iДонскЗР п;60;20170504;180000;1720;1750;1700;1720;148;0
iДонскЗР п;60;20170505;090000;1710;1710;1710;1710;1;0
iДонскЗР п;60;20170505;100000;1720;1800;1500;1700;281;0
iДонскЗР п;60;20170505;110000;1660;1660;1650;1650;10;0
iДонскЗР п;60;20170505;120000;1650;1650;1650;1650;1;0
iДонскЗР п;60;20170505;130000;1680;1700;1680;1700;43;0
iДонскЗР п;60;20170505;140000;1700;1750;1700;1750;36;0
iДонскЗР п;60;20170505;150000;1720;1720;1700;1700;11;0
iДонскЗР п;60;20170505;160000;1700;1700;1690;1690;6;0
iДонскЗР п;60;20170505;170000;1690;1690;1660;1690;13;0
iДонскЗР п;60;20170505;180000;1680;1680;1680;1680;3;0
iДонскЗР п;60;20170510;100000;1710;1740;1680;1730;111;0
iДонскЗР п;60;20170510;110000;1730;1730;1680;1680;24;0
iДонскЗР п;60;20170510;120000;1700;1710;1700;1710;16;0
iДонскЗР п;60;20170510;130000;1710;1710;1680;1680;5;0
iДонскЗР п;60;20170510;160000;1700;1700;1650;1650;88;0
iДонскЗР п;60;20170510;180000;1700;1710;1680;1680;28;0
iДонскЗР п;60;20170511;100000;1680;1710;1680;1710;115;0
iДонскЗР п;60;20170511;110000;1700;1700;1700;1700;36;0
iДонскЗР п;60;20170511;120000;1700;1700;1700;1700;8;0
iДонскЗР п;60;20170511;130000;1700;1700;1700;1700;25;0
iДонскЗР п;60;20170511;150000;1700;1700;1700;1700;2;0
iДонскЗР п;60;20170511;160000;1700;1700;1670;1670;17;0
iДонскЗР п;60;20170512;100000;1670;1730;1670;1730;101;0
iДонскЗР п;60;20170512;110000;1690;1690;1690;1690;13;0
iДонскЗР п;60;20170512;120000;1680;1680;1680;1680;5;0
iДонскЗР п;60;20170512;130000;1710;1710;1710;1710;3;0
iДонскЗР п;60;20170512;150000;1710;1710;1710;1710;1;0
iДонскЗР п;60;20170512;170000;1680;1730;1670;1700;341;0
iДонскЗР п;60;20170512;180000;1700;1730;1700;1730;11;0
iДонскЗР п;60;20170515;100000;1720;1730;1720;1730;5;0
iДонскЗР п;60;20170515;110000;1700;1700;1700;1700;13;0
iДонскЗР п;60;20170515;120000;1720;1720;1700;1700;4;0
iДонскЗР п;60;20170515;140000;1710;1710;1700;1700;18;0
iДонскЗР п;60;20170515;170000;1710;1720;1700;1700;8;0
iДонскЗР п;60;20170515;180000;1730;1730;1730;1730;1;0
iДонскЗР п;60;20170516;090000;1730;1730;1730;1730;1;0
iДонскЗР п;60;20170516;100000;1720;1720;1680;1680;120;0
iДонскЗР п;60;20170516;110000;1670;1680;1670;1680;15;0
iДонскЗР п;60;20170516;120000;1680;1680;1670;1680;3;0
iДонскЗР п;60;20170516;130000;1680;1690;1650;1650;763;0
iДонскЗР п;60;20170516;140000;1650;1690;1650;1690;49;0
iДонскЗР п;60;20170516;150000;1690;1690;1690;1690;55;0
iДонскЗР п;60;20170516;160000;1690;1700;1690;1700;67;0
iДонскЗР п;60;20170516;170000;1700;1720;1690;1710;45;0
iДонскЗР п;60;20170516;180000;1700;1700;1650;1660;275;0
iДонскЗР п;60;20170517;120000;1690;1710;1670;1670;14;0
iДонскЗР п;60;20170517;150000;1680;1680;1660;1660;117;0
iДонскЗР п;60;20170517;180000;1680;1690;1670;1690;5;0
iДонскЗР п;60;20170518;100000;1700;1700;1700;1700;2;0
iДонскЗР п;60;20170518;110000;1700;1700;1700;1700;56;0
iДонскЗР п;60;20170518;130000;1700;1700;1700;1700;20;0
iДонскЗР п;60;20170518;140000;1680;1680;1660;1660;141;0
iДонскЗР п;60;20170518;160000;1660;1660;1630;1630;100;0
iДонскЗР п;60;20170518;170000;1660;1660;1640;1650;18;0
iДонскЗР п;60;20170518;180000;1660;1660;1650;1650;45;0
iДонскЗР п;60;20170519;110000;1640;1640;1590;1610;301;0
iДонскЗР п;60;20170519;130000;1610;1610;1600;1600;7;0
iДонскЗР п;60;20170519;140000;1600;1600;1590;1590;10;0
iДонскЗР п;60;20170519;150000;1590;1590;1580;1580;70;0
iДонскЗР п;60;20170519;160000;1590;1650;1590;1650;287;0
iДонскЗР п;60;20170519;170000;1650;1670;1650;1670;11;0
iДонскЗР п;60;20170519;180000;1650;1670;1650;1670;7;0
iДонскЗР п;60;20170522;090000;1670;1670;1670;1670;1;0
iДонскЗР п;60;20170522;100000;1670;1670;1650;1660;19;0
iДонскЗР п;60;20170522;110000;1650;1670;1650;1670;15;0
iДонскЗР п;60;20170522;120000;1670;1670;1660;1660;98;0
iДонскЗР п;60;20170522;130000;1670;1670;1670;1670;3;0
iДонскЗР п;60;20170522;160000;1660;1660;1650;1650;2;0
iДонскЗР п;60;20170522;180000;1660;1660;1660;1660;10;0
iДонскЗР п;60;20170523;120000;1660;1660;1660;1660;8;0
iДонскЗР п;60;20170523;130000;1650;1660;1650;1660;3;0
iДонскЗР п;60;20170523;140000;1660;1660;1650;1650;5;0
iДонскЗР п;60;20170523;150000;1650;1650;1650;1650;4;0
iДонскЗР п;60;20170523;160000;1640;1640;1640;1640;4;0
iДонскЗР п;60;20170523;170000;1640;1640;1630;1640;6;0
iДонскЗР п;60;20170524;110000;1650;1650;1650;1650;5;0
iДонскЗР п;60;20170524;120000;1650;1650;1650;1650;1;0
iДонскЗР п;60;20170524;130000;1650;1660;1650;1660;2;0
iДонскЗР п;60;20170524;140000;1650;1650;1650;1650;2;0
iДонскЗР п;60;20170524;150000;1650;1650;1640;1650;50;0
iДонскЗР п;60;20170524;160000;1640;1640;1640;1640;1;0
iДонскЗР п;60;20170524;170000;1640;1640;1630;1630;2;0
iДонскЗР п;60;20170525;100000;1650;1660;1640;1640;9;0
iДонскЗР п;60;20170525;110000;1640;1640;1640;1640;1;0
iДонскЗР п;60;20170525;130000;1630;1630;1600;1620;312;0
iДонскЗР п;60;20170525;140000;1620;1620;1620;1620;2;0
iДонскЗР п;60;20170525;150000;1620;1620;1610;1610;2;0
iДонскЗР п;60;20170525;160000;1620;1620;1610;1610;122;0
iДонскЗР п;60;20170525;170000;1610;1610;1610;1610;14;0
iДонскЗР п;60;20170526;130000;1620;1620;1620;1620;8;0
iДонскЗР п;60;20170526;140000;1630;1640;1630;1640;17;0
iДонскЗР п;60;20170526;150000;1640;1640;1640;1640;1;0
iДонскЗР п;60;20170526;180000;1640;1650;1640;1650;49;0
iДонскЗР п;60;20170529;100000;1650;1650;1650;1650;52;0
iДонскЗР п;60;20170529;110000;1630;1630;1610;1630;89;0
iДонскЗР п;60;20170529;120000;1630;1640;1630;1630;33;0
iДонскЗР п;60;20170529;130000;1630;1640;1630;1640;9;0
iДонскЗР п;60;20170529;140000;1620;1640;1610;1640;7;0
iДонскЗР п;60;20170529;150000;1620;1620;1610;1610;212;0
iДонскЗР п;60;20170529;170000;1620;1620;1610;1610;52;0
iДонскЗР п;60;20170529;180000;1610;1610;1610;1610;50;0
iДонскЗР п;60;20170530;100000;1620;1640;1620;1640;55;0
iДонскЗР п;60;20170530;110000;1610;1640;1610;1640;52;0
iДонскЗР п;60;20170530;120000;1650;1650;1650;1650;16;0
iДонскЗР п;60;20170530;140000;1640;1650;1630;1630;43;0
iДонскЗР п;60;20170530;150000;1650;1650;1650;1650;2;0
iДонскЗР п;60;20170530;170000;1640;1640;1640;1640;40;0
iДонскЗР п;60;20170531;100000;1630;1650;1630;1650;4;0
iДонскЗР п;60;20170531;110000;1630;1840;1630;1790;587;0
iДонскЗР п;60;20170531;120000;1820;1860;1660;1660;134;0
iДонскЗР п;60;20170531;130000;1690;1700;1690;1700;3;0
iДонскЗР п;60;20170531;140000;1710;1710;1710;1710;1;0
iДонскЗР п;60;20170531;160000;1710;1730;1710;1730;4;0
iДонскЗР п;60;20170531;170000;1700;1770;1700;1740;28;0
iДонскЗР п;60;20170531;180000;1730;1800;1720;1780;171;0
iДонскЗР п;60;20170601;100000;1750;1790;1690;1690;62;0
iДонскЗР п;60;20170601;110000;1690;1710;1690;1710;3;0
iДонскЗР п;60;20170601;120000;1690;1690;1680;1680;20;0
iДонскЗР п;60;20170601;140000;1700;1700;1700;1700;5;0
iДонскЗР п;60;20170601;150000;1690;1700;1690;1690;118;0
iДонскЗР п;60;20170601;160000;1690;1730;1680;1730;37;0
iДонскЗР п;60;20170601;170000;1700;1700;1690;1690;6;0
iДонскЗР п;60;20170601;180000;1700;1730;1700;1730;10;0
iДонскЗР п;60;20170602;100000;1740;1750;1650;1650;42;0
iДонскЗР п;60;20170602;110000;1700;1710;1700;1710;19;0
iДонскЗР п;60;20170602;130000;1700;1700;1700;1700;1;0
iДонскЗР п;60;20170602;140000;1670;1700;1670;1700;52;0
iДонскЗР п;60;20170602;150000;1700;1700;1700;1700;1;0
iДонскЗР п;60;20170602;170000;1700;1700;1680;1680;18;0
iДонскЗР п;60;20170602;180000;1680;1700;1650;1700;45;0
iДонскЗР п;60;20170605;100000;1710;1710;1710;1710;3;0
iДонскЗР п;60;20170605;110000;1700;1700;1670;1700;16;0
iДонскЗР п;60;20170605;120000;1690;1700;1660;1700;61;0
iДонскЗР п;60;20170605;130000;1700;1700;1690;1700;6;0
iДонскЗР п;60;20170605;140000;1700;1700;1700;1700;1;0
iДонскЗР п;60;20170605;160000;1700;1700;1670;1670;3;0
iДонскЗР п;60;20170605;170000;1690;1700;1670;1670;4;0
iДонскЗР п;60;20170605;180000;1690;1690;1690;1690;1;0
iДонскЗР п;60;20170606;100000;1680;1680;1670;1670;3;0
iДонскЗР п;60;20170606;110000;1690;1700;1690;1700;2;0
iДонскЗР п;60;20170606;130000;1700;1700;1670;1670;10;0
iДонскЗР п;60;20170606;140000;1670;1670;1660;1660;109;0
iДонскЗР п;60;20170606;150000;1670;1680;1660;1680;8;0
iДонскЗР п;60;20170606;160000;1670;1670;1670;1670;29;0
iДонскЗР п;60;20170606;170000;1690;1690;1690;1690;2;0
iДонскЗР п;60;20170607;100000;1690;1700;1690;1700;67;0
iДонскЗР п;60;20170607;130000;1690;1690;1690;1690;1;0
iДонскЗР п;60;20170607;150000;1690;1690;1690;1690;1;0
iДонскЗР п;60;20170607;160000;1680;1680;1670;1670;10;0
iДонскЗР п;60;20170607;170000;1660;1670;1660;1660;16;0
iДонскЗР п;60;20170607;180000;1660;1690;1640;1660;42;0
iДонскЗР п;60;20170608;100000;1660;1660;1660;1660;3;0
iДонскЗР п;60;20170608;110000;1660;1700;1660;1700;11;0
iДонскЗР п;60;20170608;140000;1670;1670;1660;1660;25;0
iДонскЗР п;60;20170608;150000;1660;1660;1640;1640;29;0
iДонскЗР п;60;20170608;160000;1670;1670;1670;1670;1;0
iДонскЗР п;60;20170608;170000;1650;1650;1650;1650;4;0
iДонскЗР п;60;20170609;100000;1650;1670;1650;1650;6;0
iДонскЗР п;60;20170609;130000;1650;1650;1620;1650;452;0
iДонскЗР п;60;20170609;140000;1640;1660;1630;1650;15;0
iДонскЗР п;60;20170609;150000;1650;1650;1650;1650;5;0
iДонскЗР п;60;20170609;160000;1650;1660;1650;1650;16;0
iДонскЗР п;60;20170609;170000;1650;1660;1640;1640;6;0
iДонскЗР п;60;20170609;180000;1630;1660;1630;1640;16;0
iДонскЗР п;60;20170613;100000;1640;1650;1570;1610;369;0
iДонскЗР п;60;20170613;110000;1590;1600;1530;1550;238;0
iДонскЗР п;60;20170613;120000;1550;1580;1550;1560;24;0
iДонскЗР п;60;20170613;130000;1560;1600;1560;1580;49;0
iДонскЗР п;60;20170613;140000;1600;1640;1540;1600;193;0
iДонскЗР п;60;20170613;150000;1600;1620;1600;1610;3;0
iДонскЗР п;60;20170613;170000;1600;1620;1600;1620;7;0
iДонскЗР п;60;20170613;180000;1610;1610;1590;1590;2;0
iДонскЗР п;60;20170614;100000;1620;1630;1620;1630;6;0
iДонскЗР п;60;20170614;110000;1630;1630;1630;1630;1;0
iДонскЗР п;60;20170614;120000;1630;1640;1610;1620;6;0
iДонскЗР п;60;20170614;130000;1620;1620;1620;1620;2;0
iДонскЗР п;60;20170614;160000;1620;1620;1600;1600;10;0
iДонскЗР п;60;20170614;170000;1620;1620;1620;1620;2;0
iДонскЗР п;60;20170614;180000;1600;1640;1590;1640;11;0
iДонскЗР п;60;20170615;100000;1620;1640;1620;1620;23;0
iДонскЗР п;60;20170615;110000;1620;1630;1600;1630;8;0
iДонскЗР п;60;20170615;120000;1640;1640;1600;1610;7;0
iДонскЗР п;60;20170615;130000;1600;1600;1590;1590;2;0
iДонскЗР п;60;20170615;140000;1610;1620;1610;1620;4;0
iДонскЗР п;60;20170615;150000;1630;1630;1630;1630;1;0
iДонскЗР п;60;20170615;160000;1640;1650;1640;1650;4;0
iДонскЗР п;60;20170615;170000;1640;1640;1630;1630;4;0
iДонскЗР п;60;20170615;180000;1620;1630;1610;1610;3;0
iДонскЗР п;60;20170616;100000;1630;1630;1610;1620;23;0
iДонскЗР п;60;20170616;110000;1630;1640;1630;1640;8;0
iДонскЗР п;60;20170616;130000;1640;1650;1640;1650;3;0
iДонскЗР п;60;20170616;140000;1630;1630;1570;1610;46;0
iДонскЗР п;60;20170616;150000;1620;1630;1580;1580;14;0
iДонскЗР п;60;20170616;160000;1580;1620;1580;1610;30;0
iДонскЗР п;60;20170619;100000;1620;1660;1620;1630;149;0
iДонскЗР п;60;20170619;110000;1630;1660;1480;1500;882;0
iДонскЗР п;60;20170619;120000;1500;1500;1430;1490;84;0
iДонскЗР п;60;20170619;130000;1470;1470;1320;1360;558;0
iДонскЗР п;60;20170619;140000;1350;1450;1340;1440;205;0
iДонскЗР п;60;20170619;150000;1450;1480;1440;1450;191;0
iДонскЗР п;60;20170619;160000;1440;1460;1430;1460;75;0
iДонскЗР п;60;20170619;170000;1450;1470;1450;1470;8;0
iДонскЗР п;60;20170619;180000;1470;1470;1450;1470;152;0
iДонскЗР п;60;20170620;100000;1480;1510;1480;1510;230;0
iДонскЗР п;60;20170620;110000;1520;1600;1520;1580;112;0
iДонскЗР п;60;20170620;120000;1580;1590;1560;1560;113;0
iДонскЗР п;60;20170620;130000;1560;1570;1490;1530;165;0
iДонскЗР п;60;20170620;140000;1520;1520;1500;1510;43;0
iДонскЗР п;60;20170620;150000;1490;1520;1490;1520;24;0
iДонскЗР п;60;20170620;160000;1520;1520;1510;1510;23;0
iДонскЗР п;60;20170620;170000;1520;1520;1490;1490;31;0
iДонскЗР п;60;20170620;180000;1490;1490;1450;1450;149;0
iДонскЗР п;60;20170621;100000;1450;1450;1300;1310;1242;0
iДонскЗР п;60;20170621;110000;1310;1350;1310;1320;361;0
iДонскЗР п;60;20170621;120000;1330;1340;1270;1320;653;0
iДонскЗР п;60;20170621;130000;1320;1330;1310;1310;37;0
iДонскЗР п;60;20170621;140000;1330;1340;1330;1330;98;0
iДонскЗР п;60;20170621;150000;1330;1340;1330;1340;51;0
iДонскЗР п;60;20170621;160000;1330;1330;1310;1320;202;0
iДонскЗР п;60;20170621;170000;1330;1330;1290;1320;188;0
iДонскЗР п;60;20170621;180000;1310;1320;1300;1310;150;0
iДонскЗР п;60;20170622;100000;1310;1310;1210;1250;486;0
iДонскЗР п;60;20170622;110000;1260;1300;1260;1280;272;0
iДонскЗР п;60;20170622;120000;1280;1310;1280;1310;8;0
iДонскЗР п;60;20170622;130000;1310;1330;1310;1320;18;0
iДонскЗР п;60;20170622;140000;1320;1320;1320;1320;5;0
iДонскЗР п;60;20170622;150000;1330;1350;1320;1320;14;0
iДонскЗР п;60;20170622;160000;1340;1340;1320;1320;3;0
iДонскЗР п;60;20170622;170000;1340;1350;1340;1350;23;0
iДонскЗР п;60;20170622;180000;1350;1350;1350;1350;7;0
iДонскЗР п;60;20170623;100000;1330;1330;1330;1330;13;0
iДонскЗР п;60;20170623;110000;1340;1350;1340;1350;16;0
iДонскЗР п;60;20170623;120000;1350;1350;1330;1330;11;0
iДонскЗР п;60;20170623;130000;1320;1320;1320;1320;3;0
iДонскЗР п;60;20170623;140000;1340;1340;1340;1340;13;0
iДонскЗР п;60;20170623;150000;1350;1350;1330;1330;13;0
iДонскЗР п;60;20170623;160000;1350;1350;1350;1350;13;0
iДонскЗР п;60;20170623;180000;1330;1350;1330;1350;8;0
iДонскЗР п;60;20170626;090000;1350;1350;1350;1350;1;0
iДонскЗР п;60;20170626;100000;1350;1360;1350;1360;41;0
iДонскЗР п;60;20170626;120000;1340;1340;1340;1340;16;0
iДонскЗР п;60;20170626;160000;1350;1350;1340;1340;16;0
iДонскЗР п;60;20170626;170000;1350;1350;1350;1350;3;0
iДонскЗР п;60;20170626;180000;1340;1340;1330;1330;3;0
iДонскЗР п;60;20170627;110000;1350;1350;1350;1350;110;0
iДонскЗР п;60;20170627;120000;1340;1340;1330;1330;4;0
iДонскЗР п;60;20170627;130000;1330;1330;1330;1330;1;0
iДонскЗР п;60;20170627;160000;1340;1340;1340;1340;1;0
iДонскЗР п;60;20170627;170000;1340;1340;1340;1340;10;0
iДонскЗР п;60;20170627;180000;1340;1350;1340;1350;12;0
iДонскЗР п;60;20170628;090000;1350;1350;1350;1350;2;0
iДонскЗР п;60;20170628;110000;1350;1350;1350;1350;8;0
iДонскЗР п;60;20170628;130000;1360;1370;1350;1350;12;0
iДонскЗР п;60;20170628;170000;1360;1360;1360;1360;1;0
iДонскЗР п;60;20170628;180000;1350;1370;1350;1370;76;0
iДонскЗР п;60;20170629;100000;1340;1340;1250;1340;55;0
iДонскЗР п;60;20170629;110000;1350;1350;1350;1350;59;0
iДонскЗР п;60;20170630;100000;1370;1370;1350;1350;4;0
iДонскЗР п;60;20170630;110000;1350;1350;1340;1340;40;0
iДонскЗР п;60;20170630;120000;1370;1370;1370;1370;2;0
iДонскЗР п;60;20170630;160000;1350;1350;1260;1350;85;0
iДонскЗР п;60;20170630;170000;1340;1340;1340;1340;15;0
iДонскЗР п;60;20170630;180000;1340;1360;1340;1360;9;0
iДонскЗР п;60;20170703;100000;1360;1360;1360;1360;1;0
iДонскЗР п;60;20170703;110000;1360;1360;1360;1360;2;0
iДонскЗР п;60;20170703;120000;1330;1330;1280;1280;8;0
iДонскЗР п;60;20170703;130000;1330;1330;1330;1330;7;0
iДонскЗР п;60;20170703;160000;1330;1330;1290;1330;11;0
iДонскЗР п;60;20170703;180000;1330;1330;1330;1330;1;0
iДонскЗР п;60;20170704;120000;1330;1350;1330;1350;2;0
iДонскЗР п;60;20170704;130000;1350;1350;1350;1350;2;0
iДонскЗР п;60;20170704;170000;1340;1340;1330;1330;11;0
iДонскЗР п;60;20170704;180000;1320;1320;1320;1320;4;0
iДонскЗР п;60;20170705;150000;1330;1330;1320;1320;10;0
iДонскЗР п;60;20170706;130000;1320;1320;1320;1320;48;0
iДонскЗР п;60;20170706;150000;1320;1320;1320;1320;1;0
iДонскЗР п;60;20170706;170000;1320;1320;1320;1320;7;0
iДонскЗР п;60;20170706;180000;1320;1320;1320;1320;9;0
iДонскЗР п;60;20170707;110000;1340;1340;1340;1340;1;0
iДонскЗР п;60;20170707;150000;1340;1340;1340;1340;26;0
iДонскЗР п;60;20170707;160000;1330;1330;1330;1330;18;0
iДонскЗР п;60;20170707;170000;1330;1330;1330;1330;13;0
iДонскЗР п;60;20170710;100000;1340;1350;1340;1350;13;0
iДонскЗР п;60;20170710;110000;1350;1350;1320;1320;3;0
iДонскЗР п;60;20170710;150000;1350;1350;1350;1350;1;0
iДонскЗР п;60;20170710;160000;1330;1330;1250;1330;216;0
iДонскЗР п;60;20170710;170000;1330;1330;1310;1320;67;0
iДонскЗР п;60;20170710;180000;1350;1350;1350;1350;1;0
iДонскЗР п;60;20170711;100000;1340;1340;1340;1340;2;0
iДонскЗР п;60;20170711;120000;1340;1340;1340;1340;1;0
iДонскЗР п;60;20170711;140000;1350;1350;1350;1350;38;0
iДонскЗР п;60;20170711;150000;1330;1330;1330;1330;1;0
iДонскЗР п;60;20170711;160000;1330;1340;1330;1340;2;0
iДонскЗР п;60;20170712;100000;1350;1350;1350;1350;106;0
iДонскЗР п;60;20170712;110000;1350;1360;1350;1360;54;0
iДонскЗР п;60;20170712;120000;1360;1360;1360;1360;2;0
iДонскЗР п;60;20170712;130000;1360;1400;1360;1400;374;0
iДонскЗР п;60;20170712;140000;1390;1390;1370;1370;266;0
iДонскЗР п;60;20170712;150000;1370;1390;1370;1390;22;0
iДонскЗР п;60;20170712;160000;1390;1390;1370;1370;9;0
iДонскЗР п;60;20170713;100000;1400;1400;1400;1400;4;0
iДонскЗР п;60;20170713;110000;1400;1400;1400;1400;2;0
iДонскЗР п;60;20170713;130000;1380;1380;1380;1380;2;0
iДонскЗР п;60;20170713;140000;1380;1380;1380;1380;38;0
iДонскЗР п;60;20170713;150000;1380;1380;1380;1380;13;0
iДонскЗР п;60;20170713;170000;1380;1380;1370;1370;31;0
iДонскЗР п;60;20170713;180000;1380;1400;1380;1390;58;0
iДонскЗР п;60;20170714;100000;1410;1410;1380;1380;5;0
iДонскЗР п;60;20170714;110000;1400;1400;1400;1400;1;0
iДонскЗР п;60;20170714;130000;1400;1400;1380;1380;61;0
iДонскЗР п;60;20170714;140000;1400;1400;1380;1400;94;0
iДонскЗР п;60;20170714;170000;1390;1400;1380;1400;165;0
iДонскЗР п;60;20170714;180000;1390;1440;1390;1430;211;0
iДонскЗР п;60;20170717;150000;1420;1430;1420;1430;2;0
iДонскЗР п;60;20170717;160000;1420;1420;1390;1420;14;0
iДонскЗР п;60;20170717;180000;1410;1410;1390;1390;2;0
iДонскЗР п;60;20170718;100000;1420;1420;1410;1410;9;0
iДонскЗР п;60;20170718;110000;1430;1440;1430;1440;64;0
iДонскЗР п;60;20170718;160000;1430;1440;1430;1440;51;0
iДонскЗР п;60;20170718;170000;1430;1430;1420;1420;18;0
iДонскЗР п;60;20170718;180000;1420;1430;1410;1430;8;0
iДонскЗР п;60;20170719;100000;1430;1430;1430;1430;1;0
iДонскЗР п;60;20170719;120000;1430;1430;1430;1430;6;0
iДонскЗР п;60;20170719;130000;1440;1440;1430;1430;41;0
iДонскЗР п;60;20170719;140000;1430;1430;1430;1430;1;0
iДонскЗР п;60;20170719;150000;1430;1430;1430;1430;2;0
iДонскЗР п;60;20170719;170000;1440;1440;1440;1440;13;0
iДонскЗР п;60;20170720;100000;1440;1450;1440;1450;11;0
iДонскЗР п;60;20170720;120000;1430;1430;1430;1430;1;0
iДонскЗР п;60;20170720;140000;1430;1430;1430;1430;1;0
iДонскЗР п;60;20170720;160000;1430;1430;1430;1430;4;0
iДонскЗР п;60;20170721;170000;1420;1420;1420;1420;13;0
iДонскЗР п;60;20170721;180000;1440;1440;1440;1440;1;0
iДонскЗР п;60;20170724;100000;1450;1450;1430;1430;5;0
iДонскЗР п;60;20170724;130000;1440;1440;1440;1440;2;0
iДонскЗР п;60;20170724;150000;1450;1450;1450;1450;2;0
iДонскЗР п;60;20170724;170000;1450;1450;1450;1450;31;0
iДонскЗР п;60;20170725;100000;1450;1460;1450;1460;26;0
iДонскЗР п;60;20170725;110000;1440;1440;1440;1440;43;0
iДонскЗР п;60;20170725;120000;1430;1430;1430;1430;24;0
iДонскЗР п;60;20170725;150000;1430;1430;1430;1430;10;0
iДонскЗР п;60;20170725;170000;1430;1430;1430;1430;3;0
iДонскЗР п;60;20170726;110000;1430;1430;1420;1420;9;0
iДонскЗР п;60;20170726;120000;1440;1510;1440;1510;291;0
iДонскЗР п;60;20170726;130000;1500;1540;1480;1480;40;0
iДонскЗР п;60;20170726;140000;1500;1500;1480;1500;14;0
iДонскЗР п;60;20170726;150000;1500;1500;1450;1470;69;0
iДонскЗР п;60;20170726;170000;1470;1470;1470;1470;1;0
iДонскЗР п;60;20170726;180000;1470;1490;1470;1490;19;0
iДонскЗР п;60;20170727;100000;1490;1550;1450;1470;332;0
iДонскЗР п;60;20170727;110000;1460;1460;1440;1440;123;0
iДонскЗР п;60;20170727;120000;1440;1450;1440;1450;12;0
iДонскЗР п;60;20170727;160000;1450;1480;1450;1480;68;0
iДонскЗР п;60;20170727;170000;1480;1490;1480;1490;3;0
iДонскЗР п;60;20170728;100000;1490;1500;1490;1500;22;0
iДонскЗР п;60;20170728;110000;1480;1500;1480;1500;2;0
iДонскЗР п;60;20170728;120000;1500;1500;1500;1500;2;0
iДонскЗР п;60;20170728;130000;1480;1480;1480;1480;5;0
iДонскЗР п;60;20170728;140000;1480;1530;1480;1500;210;0
iДонскЗР п;60;20170728;150000;1500;1500;1500;1500;31;0
iДонскЗР п;60;20170728;160000;1500;1500;1500;1500;133;0
iДонскЗР п;60;20170728;170000;1500;1500;1500;1500;36;0
iДонскЗР п;60;20170728;180000;1490;1490;1480;1480;6;0
iДонскЗР п;60;20170731;140000;1490;1490;1490;1490;5;0
iДонскЗР п;60;20170801;100000;1490;1490;1470;1470;22;0
iДонскЗР п;60;20170801;110000;1470;1470;1450;1450;30;0
iДонскЗР п;60;20170801;120000;1500;1500;1500;1500;5;0
iДонскЗР п;60;20170801;140000;1500;1510;1500;1510;9;0
iДонскЗР п;60;20170801;160000;1490;1490;1460;1490;4;0
iДонскЗР п;60;20170801;180000;1510;1510;1510;1510;1;0
iДонскЗР п;60;20170802;120000;1510;1660;1500;1650;1043;0
iДонскЗР п;60;20170802;130000;1620;1650;1550;1620;142;0
iДонскЗР п;60;20170802;140000;1620;1620;1560;1580;21;0
iДонскЗР п;60;20170802;150000;1580;1580;1580;1580;1;0
iДонскЗР п;60;20170802;170000;1580;1580;1580;1580;5;0
iДонскЗР п;60;20170802;180000;1570;1600;1570;1600;58;0
iДонскЗР п;60;20170803;100000;1600;1600;1600;1600;1;0
iДонскЗР п;60;20170803;150000;1580;1580;1580;1580;1;0
iДонскЗР п;60;20170803;170000;1570;1570;1570;1570;6;0
iДонскЗР п;60;20170803;180000;1600;1600;1600;1600;1;0
iДонскЗР п;60;20170804;110000;1570;1570;1570;1570;3;0
iДонскЗР п;60;20170804;180000;1570;1570;1530;1560;42;0
iДонскЗР п;60;20170807;140000;1570;1570;1570;1570;3;0
iДонскЗР п;60;20170808;100000;1550;1550;1550;1550;2;0
iДонскЗР п;60;20170808;110000;1550;1550;1550;1550;1;0
iДонскЗР п;60;20170808;130000;1540;1540;1540;1540;9;0
iДонскЗР п;60;20170808;140000;1540;1570;1540;1570;16;0
iДонскЗР п;60;20170808;150000;1550;1550;1550;1550;1;0
iДонскЗР п;60;20170808;160000;1560;1560;1560;1560;19;0
iДонскЗР п;60;20170808;170000;1530;1560;1530;1560;3;0
iДонскЗР п;60;20170809;130000;1550;1610;1550;1610;12;0
iДонскЗР п;60;20170809;140000;1610;1610;1610;1610;8;0
iДонскЗР п;60;20170809;150000;1610;1610;1610;1610;3;0
iДонскЗР п;60;20170809;170000;1610;1610;1600;1600;6;0
iДонскЗР п;60;20170809;180000;1600;1600;1580;1580;50;0
iДонскЗР п;60;20170810;110000;1590;1620;1590;1610;35;0
iДонскЗР п;60;20170810;120000;1610;1610;1610;1610;2;0
iДонскЗР п;60;20170810;130000;1610;1620;1600;1600;7;0
iДонскЗР п;60;20170810;140000;1600;1610;1510;1610;9;0
iДонскЗР п;60;20170810;150000;1590;1600;1520;1590;6;0
iДонскЗР п;60;20170810;160000;1590;1590;1590;1590;7;0
iДонскЗР п;60;20170810;170000;1590;1590;1590;1590;5;0
iДонскЗР п;60;20170810;180000;1590;1600;1590;1600;3;0
iДонскЗР п;60;20170811;100000;1620;1620;1620;1620;25;0
iДонскЗР п;60;20170811;110000;1600;1630;1600;1630;38;0
iДонскЗР п;60;20170811;130000;1620;1620;1620;1620;3;0
iДонскЗР п;60;20170811;140000;1620;1620;1620;1620;61;0
iДонскЗР п;60;20170811;150000;1620;1620;1620;1620;66;0
iДонскЗР п;60;20170811;170000;1610;1610;1610;1610;1;0
iДонскЗР п;60;20170814;100000;1600;1620;1600;1620;2;0
iДонскЗР п;60;20170814;150000;1610;1630;1610;1630;20;0
iДонскЗР п;60;20170814;160000;1630;1670;1630;1670;101;0
iДонскЗР п;60;20170814;170000;1650;1650;1630;1650;28;0
iДонскЗР п;60;20170814;180000;1620;1640;1600;1630;47;0
iДонскЗР п;60;20170815;100000;1640;1680;1640;1670;125;0
iДонскЗР п;60;20170815;120000;1670;1670;1670;1670;7;0
iДонскЗР п;60;20170815;130000;1670;1670;1670;1670;2;0
iДонскЗР п;60;20170815;140000;1670;1670;1670;1670;4;0
iДонскЗР п;60;20170815;180000;1640;1680;1600;1680;17;0
iДонскЗР п;60;20170816;100000;1680;1690;1600;1630;37;0
iДонскЗР п;60;20170816;120000;1650;1680;1650;1680;85;0
iДонскЗР п;60;20170816;170000;1670;1670;1670;1670;1;0
iДонскЗР п;60;20170816;180000;1670;1670;1670;1670;9;0
iДонскЗР п;60;20170817;110000;1680;1690;1660;1660;24;0
iДонскЗР п;60;20170817;120000;1650;1670;1650;1670;57;0
iДонскЗР п;60;20170817;140000;1650;1660;1650;1660;8;0
iДонскЗР п;60;20170817;150000;1680;1680;1680;1680;1;0
iДонскЗР п;60;20170817;180000;1680;1680;1660;1680;5;0
iДонскЗР п;60;20170818;100000;1680;1690;1680;1680;32;0
iДонскЗР п;60;20170818;110000;1680;1680;1670;1670;20;0
iДонскЗР п;60;20170818;120000;1670;1670;1670;1670;1;0
iДонскЗР п;60;20170818;140000;1680;1680;1680;1680;40;0
iДонскЗР п;60;20170818;150000;1680;1680;1680;1680;39;0
iДонскЗР п;60;20170818;160000;1680;1680;1680;1680;67;0
iДонскЗР п;60;20170818;170000;1690;1700;1690;1700;12;0
iДонскЗР п;60;20170821;110000;1710;1710;1710;1710;14;0
iДонскЗР п;60;20170821;150000;1690;1690;1640;1640;14;0
iДонскЗР п;60;20170821;160000;1700;1700;1700;1700;1;0
iДонскЗР п;60;20170822;110000;1680;1710;1680;1710;3;0
iДонскЗР п;60;20170822;130000;1710;1710;1710;1710;7;0
iДонскЗР п;60;20170822;140000;1700;1700;1700;1700;1;0
iДонскЗР п;60;20170822;150000;1700;1700;1700;1700;13;0
iДонскЗР п;60;20170822;160000;1700;1700;1700;1700;106;0
iДонскЗР п;60;20170822;170000;1700;1700;1700;1700;1;0
iДонскЗР п;60;20170822;180000;1700;1710;1700;1710;11;0
iДонскЗР п;60;20170823;100000;1690;1690;1690;1690;1;0
iДонскЗР п;60;20170823;130000;1700;1700;1690;1690;2;0
iДонскЗР п;60;20170823;150000;1700;1700;1700;1700;2;0
iДонскЗР п;60;20170823;160000;1700;1700;1700;1700;1;0
iДонскЗР п;60;20170823;170000;1690;1700;1680;1690;5;0
iДонскЗР п;60;20170823;180000;1690;1700;1690;1700;6;0
iДонскЗР п;60;20170824;100000;1690;1690;1680;1680;3;0
iДонскЗР п;60;20170824;110000;1700;1700;1700;1700;5;0
iДонскЗР п;60;20170824;170000;1690;1700;1690;1700;2;0
iДонскЗР п;60;20170825;100000;1690;1690;1680;1680;4;0
iДонскЗР п;60;20170825;110000;1690;1690;1660;1690;59;0
iДонскЗР п;60;20170825;120000;1670;1690;1660;1690;51;0
iДонскЗР п;60;20170825;130000;1660;1660;1660;1660;4;0
iДонскЗР п;60;20170825;140000;1680;1690;1680;1690;2;0
iДонскЗР п;60;20170825;150000;1690;1690;1690;1690;28;0
iДонскЗР п;60;20170825;160000;1690;1700;1690;1700;21;0
iДонскЗР п;60;20170825;170000;1690;1690;1670;1670;2;0
iДонскЗР п;60;20170825;180000;1680;1690;1680;1690;2;0
iДонскЗР п;60;20170828;100000;1730;1730;1700;1700;2;0
iДонскЗР п;60;20170828;110000;1680;1680;1670;1670;4;0
iДонскЗР п;60;20170828;120000;1670;1670;1670;1670;1;0
iДонскЗР п;60;20170828;130000;1670;1670;1670;1670;1;0
iДонскЗР п;60;20170828;150000;1670;1670;1670;1670;2;0
iДонскЗР п;60;20170828;170000;1680;1690;1680;1690;2;0
iДонскЗР п;60;20170829;130000;1680;1690;1660;1690;24;0
iДонскЗР п;60;20170829;160000;1660;1680;1520;1680;46;0
iДонскЗР п;60;20170829;180000;1670;1700;1670;1690;52;0
iДонскЗР п;60;20170830;100000;1690;1700;1680;1680;71;0
iДонскЗР п;60;20170830;140000;1680;1710;1680;1710;48;0
iДонскЗР п;60;20170830;170000;1690;1700;1690;1700;27;0
iДонскЗР п;60;20170830;180000;1680;1700;1680;1700;2;0
iДонскЗР п;60;20170831;090000;1680;1680;1680;1680;1;0
iДонскЗР п;60;20170831;100000;1680;1690;1680;1690;2;0
iДонскЗР п;60;20170831;160000;1680;1680;1680;1680;1;0
iДонскЗР п;60;20170831;180000;1680;1700;1680;1700;3;0
iДонскЗР п;60;20170901;140000;1700;1700;1700;1700;2;0
iДонскЗР п;60;20170904;130000;1700;1700;1680;1680;4;0
iДонскЗР п;60;20170904;170000;1690;1700;1690;1700;2;0
iДонскЗР п;60;20170904;180000;1680;1690;1680;1690;2;0
iДонскЗР п;60;20170905;100000;1690;1690;1690;1690;1;0
iДонскЗР п;60;20170905;150000;1680;1680;1680;1680;11;0
iДонскЗР п;60;20170905;160000;1690;1690;1690;1690;5;0
iДонскЗР п;60;20170906;100000;1690;1690;1690;1690;1;0
iДонскЗР п;60;20170906;140000;1680;1680;1680;1680;3;0
iДонскЗР п;60;20170906;180000;1690;1720;1690;1720;109;0
iДонскЗР п;60;20170907;160000;1710;1720;1690;1690;19;0
iДонскЗР п;60;20170907;170000;1690;1710;1690;1710;7;0
iДонскЗР п;60;20170907;180000;1720;1720;1720;1720;1;0
iДонскЗР п;60;20170908;110000;1700;1700;1700;1700;1;0
iДонскЗР п;60;20170908;150000;1700;1700;1700;1700;5;0
iДонскЗР п;60;20170908;180000;1710;1710;1710;1710;1;0
iДонскЗР п;60;20170911;100000;1720;1730;1700;1720;12;0
iДонскЗР п;60;20170911;110000;1710;1720;1710;1710;29;0
iДонскЗР п;60;20170911;120000;1700;1710;1700;1710;3;0
iДонскЗР п;60;20170911;130000;1700;1700;1700;1700;20;0
iДонскЗР п;60;20170911;140000;1700;1700;1700;1700;25;0
iДонскЗР п;60;20170911;150000;1710;1710;1710;1710;2;0
iДонскЗР п;60;20170911;160000;1710;1710;1700;1700;4;0
iДонскЗР п;60;20170912;100000;1710;1720;1710;1720;6;0
iДонскЗР п;60;20170912;110000;1720;1720;1720;1720;10;0
iДонскЗР п;60;20170912;160000;1710;1710;1710;1710;5;0
iДонскЗР п;60;20170912;170000;1700;1700;1700;1700;6;0
iДонскЗР п;60;20170912;180000;1710;1710;1710;1710;9;0
iДонскЗР п;60;20170913;100000;1710;1730;1710;1720;113;0
iДонскЗР п;60;20170913;110000;1720;1740;1720;1720;212;0
iДонскЗР п;60;20170913;120000;1720;1720;1720;1720;2;0
iДонскЗР п;60;20170913;130000;1730;1730;1730;1730;3;0
iДонскЗР п;60;20170913;140000;1720;1750;1720;1750;104;0
iДонскЗР п;60;20170913;160000;1750;1750;1740;1740;3;0
iДонскЗР п;60;20170913;170000;1730;1730;1730;1730;9;0
iДонскЗР п;60;20170913;180000;1720;1740;1710;1740;26;0
iДонскЗР п;60;20170914;100000;1730;1740;1730;1740;3;0
iДонскЗР п;60;20170914;110000;1740;1750;1740;1740;20;0
iДонскЗР п;60;20170914;120000;1740;1740;1730;1730;12;0
iДонскЗР п;60;20170914;140000;1740;1750;1740;1750;35;0
iДонскЗР п;60;20170914;150000;1740;1740;1740;1740;1;0
iДонскЗР п;60;20170914;180000;1750;1750;1750;1750;19;0
iДонскЗР п;60;20170915;100000;1740;1740;1740;1740;2;0
iДонскЗР п;60;20170915;110000;1740;1740;1740;1740;6;0
iДонскЗР п;60;20170915;120000;1740;1750;1740;1750;4;0
iДонскЗР п;60;20170918;100000;1740;1760;1720;1750;58;0
iДонскЗР п;60;20170918;110000;1750;1750;1750;1750;1;0
iДонскЗР п;60;20170918;120000;1750;1750;1750;1750;2;0
iДонскЗР п;60;20170918;140000;1750;1750;1750;1750;4;0
iДонскЗР п;60;20170918;160000;1750;1750;1750;1750;3;0
iДонскЗР п;60;20170918;170000;1750;1750;1750;1750;2;0
iДонскЗР п;60;20170918;180000;1750;1750;1750;1750;5;0
iДонскЗР п;60;20170919;100000;1730;1730;1720;1720;5;0
iДонскЗР п;60;20170919;110000;1740;1750;1700;1700;8;0
iДонскЗР п;60;20170919;140000;1730;1750;1730;1750;6;0
iДонскЗР п;60;20170919;150000;1750;1750;1750;1750;3;0
iДонскЗР п;60;20170919;180000;1730;1750;1720;1750;11;0
iДонскЗР п;60;20170920;100000;1720;1730;1600;1700;168;0
iДонскЗР п;60;20170920;110000;1710;1710;1710;1710;6;0
iДонскЗР п;60;20170920;120000;1710;1730;1710;1710;3;0
iДонскЗР п;60;20170920;130000;1700;1730;1700;1730;7;0
iДонскЗР п;60;20170920;140000;1700;1720;1700;1700;6;0
iДонскЗР п;60;20170920;150000;1710;1710;1710;1710;1;0
iДонскЗР п;60;20170920;160000;1700;1720;1700;1720;7;0
iДонскЗР п;60;20170920;170000;1700;1710;1690;1710;26;0
iДонскЗР п;60;20170920;180000;1710;1710;1710;1710;1;0
iДонскЗР п;60;20170921;100000;1710;1730;1710;1730;4;0
iДонскЗР п;60;20170921;110000;1730;1730;1720;1720;102;0
iДонскЗР п;60;20170921;130000;1740;1740;1740;1740;1;0
iДонскЗР п;60;20170921;150000;1740;1740;1740;1740;2;0
iДонскЗР п;60;20170922;100000;1730;1740;1730;1740;59;0
iДонскЗР п;60;20170922;110000;1740;1750;1740;1750;63;0
iДонскЗР п;60;20170922;130000;1760;1760;1760;1760;30;0
iДонскЗР п;60;20170922;150000;1760;1760;1760;1760;3;0
iДонскЗР п;60;20170922;170000;1750;1750;1750;1750;20;0
iДонскЗР п;60;20170922;180000;1760;1760;1760;1760;61;0
iДонскЗР п;60;20170925;100000;1770;1770;1770;1770;32;0
iДонскЗР п;60;20170925;110000;1770;1870;1770;1850;76;0
iДонскЗР п;60;20170925;120000;1850;1850;1720;1720;13;0
iДонскЗР п;60;20170925;130000;1840;1840;1840;1840;22;0
iДонскЗР п;60;20170925;140000;1850;1850;1850;1850;2;0
iДонскЗР п;60;20170925;150000;1840;1840;1830;1830;15;0
iДонскЗР п;60;20170925;160000;1830;1830;1830;1830;1;0
iДонскЗР п;60;20170925;170000;1840;1840;1830;1830;50;0
iДонскЗР п;60;20170925;180000;1830;1830;1830;1830;8;0
iДонскЗР п;60;20170926;100000;1830;1830;1830;1830;4;0
iДонскЗР п;60;20170926;110000;1830;1860;1830;1860;16;0
iДонскЗР п;60;20170926;130000;1840;1840;1840;1840;2;0
iДонскЗР п;60;20170926;140000;1840;1850;1840;1850;27;0
iДонскЗР п;60;20170926;150000;1850;1860;1840;1860;102;0
iДонскЗР п;60;20170926;160000;1860;1860;1860;1860;1;0
iДонскЗР п;60;20170926;170000;1860;1860;1860;1860;8;0
iДонскЗР п;60;20170926;180000;1860;1870;1860;1870;2;0
iДонскЗР п;60;20170927;100000;1870;1960;1870;1960;462;0
iДонскЗР п;60;20170927;110000;1950;1980;1950;1950;73;0
iДонскЗР п;60;20170927;120000;1960;2010;1960;2000;174;0
iДонскЗР п;60;20170927;130000;2010;2020;2010;2020;5;0
iДонскЗР п;60;20170927;140000;2010;2010;2010;2010;1;0
iДонскЗР п;60;20170927;150000;2010;2010;2000;2000;4;0
iДонскЗР п;60;20170927;160000;2000;2000;2000;2000;8;0
iДонскЗР п;60;20170927;170000;2000;2010;2000;2000;9;0
iДонскЗР п;60;20170927;180000;2000;2020;2000;2020;14;0
iДонскЗР п;60;20170928;100000;1980;2000;1980;2000;2;0
iДонскЗР п;60;20170928;120000;1980;2000;1980;2000;3;0
iДонскЗР п;60;20170928;150000;1990;1990;1990;1990;1;0
iДонскЗР п;60;20170928;160000;2000;2000;1990;1990;23;0
iДонскЗР п;60;20170928;180000;1990;2000;1980;2000;12;0
iДонскЗР п;60;20170929;100000;1980;1980;1960;1960;48;0
iДонскЗР п;60;20170929;110000;1980;1990;1960;1990;15;0
iДонскЗР п;60;20170929;120000;1970;1970;1960;1960;4;0
iДонскЗР п;60;20170929;130000;1960;1960;1960;1960;3;0
iДонскЗР п;60;20170929;140000;1960;1980;1950;1950;17;0
iДонскЗР п;60;20170929;160000;1960;1960;1930;1930;28;0
iДонскЗР п;60;20170929;170000;1950;1950;1930;1950;4;0
iДонскЗР п;60;20170929;180000;1960;2010;1960;2010;168;0
iДонскЗР п;60;20171002;100000;1990;1990;1990;1990;1;0
iДонскЗР п;60;20171002;130000;1990;1990;1990;1990;4;0
iДонскЗР п;60;20171002;140000;1990;1990;1990;1990;1;0
iДонскЗР п;60;20171002;160000;2000;2010;2000;2010;25;0
iДонскЗР п;60;20171002;170000;2020;2020;2010;2010;4;0
iДонскЗР п;60;20171002;180000;2020;2050;2020;2050;43;0
iДонскЗР п;60;20171003;130000;2050;2050;2050;2050;1;0
iДонскЗР п;60;20171003;150000;2030;2060;2020;2060;8;0
iДонскЗР п;60;20171003;160000;2040;2060;2040;2060;7;0
iДонскЗР п;60;20171003;170000;2060;2060;2060;2060;15;0
iДонскЗР п;60;20171003;180000;2070;2080;2070;2080;24;0
iДонскЗР п;60;20171004;110000;2080;2080;2080;2080;2;0
iДонскЗР п;60;20171004;150000;2070;2080;2060;2080;79;0
iДонскЗР п;60;20171004;160000;2060;2080;2050;2080;12;0
iДонскЗР п;60;20171004;170000;2080;2080;2080;2080;1;0
iДонскЗР п;60;20171004;180000;2050;2080;1860;2080;47;0
iДонскЗР п;60;20171005;100000;2050;2070;2050;2070;16;0
iДонскЗР п;60;20171005;110000;2050;2070;2050;2070;3;0
iДонскЗР п;60;20171005;120000;2040;2040;2010;2010;4;0
iДонскЗР п;60;20171005;130000;2040;2040;2000;2000;3;0
iДонскЗР п;60;20171005;140000;2060;2070;2060;2070;2;0
iДонскЗР п;60;20171005;150000;2050;2050;2000;2000;3;0
iДонскЗР п;60;20171005;160000;2060;2070;2060;2070;2;0
iДонскЗР п;60;20171005;170000;2070;2100;2070;2100;69;0
iДонскЗР п;60;20171005;180000;2100;2110;2090;2110;52;0
iДонскЗР п;60;20171006;100000;2110;2110;2110;2110;1;0
iДонскЗР п;60;20171006;120000;2110;2120;2110;2120;32;0
iДонскЗР п;60;20171006;150000;2120;2120;1900;2110;53;0
iДонскЗР п;60;20171006;160000;2110;2110;2110;2110;4;0
iДонскЗР п;60;20171006;170000;2120;2120;2110;2110;2;0
iДонскЗР п;60;20171006;180000;2120;2120;2120;2120;1;0
iДонскЗР п;60;20171009;100000;2110;2120;2010;2120;55;0
iДонскЗР п;60;20171009;110000;2090;2120;2080;2120;24;0
iДонскЗР п;60;20171009;120000;2080;2120;2080;2090;14;0
iДонскЗР п;60;20171009;130000;2090;2100;2080;2080;14;0
iДонскЗР п;60;20171009;140000;2070;2080;2060;2070;27;0
iДонскЗР п;60;20171009;150000;2070;2070;2050;2050;6;0
iДонскЗР п;60;20171009;160000;2050;2060;2050;2060;11;0
iДонскЗР п;60;20171009;170000;2050;2100;2040;2100;28;0
iДонскЗР п;60;20171010;100000;2100;2100;2100;2100;1;0
iДонскЗР п;60;20171010;110000;2110;2110;2110;2110;5;0
iДонскЗР п;60;20171010;160000;2100;2100;2100;2100;12;0
iДонскЗР п;60;20171010;170000;2080;2080;2050;2060;16;0
iДонскЗР п;60;20171010;180000;2080;2080;2050;2080;6;0
iДонскЗР п;60;20171011;100000;2090;2090;2060;2060;5;0
iДонскЗР п;60;20171011;110000;2080;2080;2080;2080;2;0
iДонскЗР п;60;20171011;120000;2090;2090;2090;2090;2;0
iДонскЗР п;60;20171011;140000;2080;2080;2080;2080;1;0
iДонскЗР п;60;20171011;150000;2090;2090;2090;2090;1;0
iДонскЗР п;60;20171011;160000;2090;2100;2090;2100;4;0
iДонскЗР п;60;20171011;170000;2100;2100;2100;2100;2;0
iДонскЗР п;60;20171012;140000;2100;2100;2100;2100;1;0
iДонскЗР п;60;20171012;170000;2110;2110;2110;2110;1;0
iДонскЗР п;60;20171013;110000;2110;2110;2110;2110;1;0
iДонскЗР п;60;20171013;160000;2100;2100;2100;2100;1;0
iДонскЗР п;60;20171013;170000;2110;2110;2110;2110;2;0
iДонскЗР п;60;20171013;180000;2110;2110;2110;2110;1;0
iДонскЗР п;60;20171016;100000;2090;2120;2090;2120;20;0
iДонскЗР п;60;20171016;110000;2110;2120;2110;2120;5;0
iДонскЗР п;60;20171016;120000;2120;2120;2120;2120;8;0
iДонскЗР п;60;20171016;130000;2120;2120;2120;2120;3;0
iДонскЗР п;60;20171016;140000;2120;2130;2120;2130;4;0
iДонскЗР п;60;20171016;150000;2130;2130;2130;2130;5;0
iДонскЗР п;60;20171016;160000;2130;2130;2130;2130;1;0
iДонскЗР п;60;20171016;170000;2130;2130;2130;2130;3;0
iДонскЗР п;60;20171016;180000;2130;2130;2130;2130;2;0
iДонскЗР п;60;20171017;100000;2130;2140;2120;2120;4;0
iДонскЗР п;60;20171017;110000;2130;2140;2130;2140;8;0
iДонскЗР п;60;20171017;130000;2140;2140;2140;2140;1;0
iДонскЗР п;60;20171017;140000;2140;2140;2140;2140;1;0
iДонскЗР п;60;20171017;150000;2140;2140;2140;2140;2;0
iДонскЗР п;60;20171017;160000;2140;2140;2140;2140;4;0
iДонскЗР п;60;20171017;170000;2150;2150;2150;2150;9;0
iДонскЗР п;60;20171018;160000;2150;2150;2150;2150;2;0
iДонскЗР п;60;20171019;120000;2140;2150;2140;2150;2;0
iДонскЗР п;60;20171019;140000;2150;2150;2150;2150;3;0
iДонскЗР п;60;20171019;180000;2140;2150;2140;2150;11;0
iДонскЗР п;60;20171020;100000;2140;2140;2120;2120;17;0
iДонскЗР п;60;20171020;110000;2110;2150;2110;2150;4;0
iДонскЗР п;60;20171020;130000;2120;2150;2030;2150;10;0
iДонскЗР п;60;20171020;160000;2120;2120;2120;2120;1;0
iДонскЗР п;60;20171020;170000;2130;2140;2130;2140;2;0
iДонскЗР п;60;20171023;140000;2140;2140;2140;2140;1;0
iДонскЗР п;60;20171023;150000;2140;2140;2140;2140;1;0
iДонскЗР п;60;20171023;160000;2140;2150;2140;2150;3;0
iДонскЗР п;60;20171023;170000;2130;2130;2130;2130;1;0
iДонскЗР п;60;20171024;110000;2130;2140;2130;2140;2;0
iДонскЗР п;60;20171024;120000;2120;2120;2000;2080;75;0
iДонскЗР п;60;20171024;130000;2080;2130;2070;2110;19;0
iДонскЗР п;60;20171025;150000;2110;2110;2090;2090;2;0
iДонскЗР п;60;20171025;160000;2090;2100;2090;2100;3;0
iДонскЗР п;60;20171025;170000;2100;2110;2100;2110;2;0
iДонскЗР п;60;20171027;120000;2080;2080;2080;2080;6;0
iДонскЗР п;60;20171027;140000;2070;2070;2070;2070;1;0
iДонскЗР п;60;20171027;150000;2070;2080;2060;2070;11;0
iДонскЗР п;60;20171027;160000;2060;2060;2030;2050;6;0
iДонскЗР п;60;20171027;170000;2050;2050;2050;2050;2;0
iДонскЗР п;60;20171027;180000;2050;2070;2040;2070;17;0
iДонскЗР п;60;20171030;100000;2040;2040;2000;2000;36;0
iДонскЗР п;60;20171030;110000;2000;2020;1970;2020;125;0
iДонскЗР п;60;20171030;130000;2000;2000;1980;2000;11;0
iДонскЗР п;60;20171030;150000;2010;2010;1990;1990;61;0
iДонскЗР п;60;20171030;160000;2010;2030;2010;2020;10;0
iДонскЗР п;60;20171030;170000;2020;2020;2010;2010;93;0
iДонскЗР п;60;20171030;180000;2000;2000;2000;2000;1;0
iДонскЗР п;60;20171031;100000;2000;2090;1990;2060;57;0
iДонскЗР п;60;20171031;110000;2050;2070;2050;2050;7;0
iДонскЗР п;60;20171031;120000;2070;2080;2050;2050;6;0
iДонскЗР п;60;20171031;130000;2060;2060;2060;2060;1;0
iДонскЗР п;60;20171031;140000;2060;2060;2030;2030;12;0
iДонскЗР п;60;20171031;150000;2020;2020;2010;2020;6;0
iДонскЗР п;60;20171031;160000;2010;2010;2000;2000;5;0
iДонскЗР п;60;20171031;170000;2000;2000;2000;2000;2;0
iДонскЗР п;60;20171031;180000;2000;2000;1990;1990;3;0
iДонскЗР п;60;20171101;100000;2020;2080;2020;2080;2;0
iДонскЗР п;60;20171101;110000;2020;2020;2020;2020;1;0
iДонскЗР п;60;20171101;130000;2020;2060;2020;2060;110;0
iДонскЗР п;60;20171101;150000;2070;2070;2070;2070;4;0
iДонскЗР п;60;20171101;160000;2080;2080;2080;2080;1;0
iДонскЗР п;60;20171101;170000;2080;2080;2080;2080;3;0
iДонскЗР п;60;20171101;180000;2080;2150;2080;2120;113;0
iДонскЗР п;60;20171102;110000;2110;2110;2090;2090;5;0
iДонскЗР п;60;20171102;130000;2090;2090;2080;2080;7;0
iДонскЗР п;60;20171102;140000;2080;2080;2080;2080;7;0
iДонскЗР п;60;20171102;150000;2090;2090;2090;2090;7;0
iДонскЗР п;60;20171102;160000;2090;2090;2070;2070;25;0
iДонскЗР п;60;20171102;170000;2090;2150;2090;2090;37;0
iДонскЗР п;60;20171102;180000;2090;2090;2090;2090;1;0
iДонскЗР п;60;20171103;100000;2100;2100;2100;2100;1;0
iДонскЗР п;60;20171103;110000;2100;2100;2100;2100;4;0
iДонскЗР п;60;20171103;120000;2100;2100;2100;2100;3;0
iДонскЗР п;60;20171103;140000;2100;2110;2100;2110;3;0
iДонскЗР п;60;20171103;150000;2110;2110;2100;2100;2;0
iДонскЗР п;60;20171103;160000;2090;2100;2080;2090;6;0
iДонскЗР п;60;20171107;100000;2100;2100;2100;2100;2;0
iДонскЗР п;60;20171107;110000;2110;2150;2110;2150;10;0
iДонскЗР п;60;20171107;120000;2130;2130;2130;2130;2;0
iДонскЗР п;60;20171107;140000;2150;2150;2150;2150;1;0
iДонскЗР п;60;20171107;160000;2150;2150;2150;2150;1;0
iДонскЗР п;60;20171107;170000;2150;2390;2150;2250;641;0
iДонскЗР п;60;20171107;180000;2240;2240;2150;2190;36;0
iДонскЗР п;60;20171108;100000;2210;2210;2210;2210;1;0
iДонскЗР п;60;20171108;110000;2190;2190;2180;2180;5;0
iДонскЗР п;60;20171108;130000;2170;2170;2170;2170;2;0
iДонскЗР п;60;20171108;140000;2180;2310;2180;2310;133;0
iДонскЗР п;60;20171108;150000;2300;2300;2200;2260;13;0
iДонскЗР п;60;20171108;160000;2250;2250;2200;2220;17;0
iДонскЗР п;60;20171108;170000;2220;2240;2220;2240;14;0
iДонскЗР п;60;20171108;180000;2240;2270;2240;2270;18;0
iДонскЗР п;60;20171109;110000;2230;2230;2230;2230;3;0
iДонскЗР п;60;20171109;120000;2230;2230;2230;2230;1;0
iДонскЗР п;60;20171109;130000;2260;2270;2260;2270;4;0
iДонскЗР п;60;20171109;140000;2280;2280;2280;2280;1;0
iДонскЗР п;60;20171109;150000;2270;2270;2250;2250;7;0
iДонскЗР п;60;20171109;170000;2260;2260;2260;2260;2;0
iДонскЗР п;60;20171109;180000;2280;2280;2280;2280;1;0
iДонскЗР п;60;20171110;110000;2280;2280;2280;2280;1;0
iДонскЗР п;60;20171110;120000;2280;2280;2280;2280;1;0
iДонскЗР п;60;20171110;140000;2280;2280;2280;2280;1;0
iДонскЗР п;60;20171110;150000;2250;2290;2250;2290;4;0
iДонскЗР п;60;20171110;170000;2280;2280;2280;2280;1;0
iДонскЗР п;60;20171110;180000;2290;2290;2290;2290;7;0
iДонскЗР п;60;20171113;100000;2300;2310;2300;2310;3;0
iДонскЗР п;60;20171113;110000;2280;2280;2270;2270;4;0
iДонскЗР п;60;20171113;120000;2260;2300;2260;2300;4;0
iДонскЗР п;60;20171113;130000;2300;2310;2300;2310;20;0
iДонскЗР п;60;20171113;140000;2300;2300;2300;2300;2;0
iДонскЗР п;60;20171113;150000;2300;2320;2260;2280;16;0
iДонскЗР п;60;20171113;160000;2310;2310;2310;2310;1;0
iДонскЗР п;60;20171113;180000;2300;2300;2260;2290;17;0
iДонскЗР п;60;20171114;100000;2290;2290;2290;2290;3;0
iДонскЗР п;60;20171114;110000;2300;2300;2300;2300;1;0
iДонскЗР п;60;20171114;120000;2300;2300;2300;2300;4;0
iДонскЗР п;60;20171114;130000;2300;2300;2300;2300;8;0
iДонскЗР п;60;20171114;160000;2280;2280;2250;2250;12;0
iДонскЗР п;60;20171114;170000;2280;2310;2280;2310;12;0
iДонскЗР п;60;20171114;180000;2310;2310;2310;2310;2;0
iДонскЗР п;60;20171115;100000;2310;2320;2310;2320;2;0
iДонскЗР п;60;20171115;110000;2320;2350;2310;2350;158;0
iДонскЗР п;60;20171115;120000;2320;2370;2320;2370;103;0
iДонскЗР п;60;20171115;130000;2340;2340;2340;2340;1;0
iДонскЗР п;60;20171115;140000;2330;2340;2040;2280;173;0
iДонскЗР п;60;20171115;150000;2280;2280;2270;2280;131;0
iДонскЗР п;60;20171115;160000;2260;2260;2260;2260;2;0
iДонскЗР п;60;20171115;170000;2290;2300;2290;2300;4;0
iДонскЗР п;60;20171115;180000;2290;2390;2290;2390;276;0
iДонскЗР п;60;20171116;110000;2370;2370;2360;2360;2;0
iДонскЗР п;60;20171116;120000;2360;2360;2360;2360;1;0
iДонскЗР п;60;20171116;140000;2350;2350;2350;2350;1;0
iДонскЗР п;60;20171116;170000;2360;2400;2360;2400;105;0
iДонскЗР п;60;20171116;180000;2400;2400;2400;2400;8;0
iДонскЗР п;60;20171117;110000;2400;2420;2400;2420;6;0
iДонскЗР п;60;20171117;130000;2420;2440;2420;2440;25;0
iДонскЗР п;60;20171117;140000;2440;2450;2440;2450;2;0
iДонскЗР п;60;20171117;150000;2420;2450;2350;2450;310;0
iДонскЗР п;60;20171117;160000;2450;2450;2430;2450;16;0
iДонскЗР п;60;20171117;170000;2440;2440;2300;2440;6;0
iДонскЗР п;60;20171120;100000;2450;2460;2450;2460;2;0
iДонскЗР п;60;20171120;110000;2450;2460;2450;2460;3;0
iДонскЗР п;60;20171120;130000;2450;2470;2450;2470;15;0
iДонскЗР п;60;20171120;180000;2470;2470;2470;2470;57;0
iДонскЗР п;60;20171121;100000;2490;2500;2450;2450;13;0
iДонскЗР п;60;20171121;110000;2460;2460;2460;2460;1;0
iДонскЗР п;60;20171121;130000;2470;2480;2470;2480;5;0
iДонскЗР п;60;20171121;140000;2470;2470;2450;2450;2;0
iДонскЗР п;60;20171121;160000;2440;2440;2440;2440;1;0
iДонскЗР п;60;20171121;170000;2430;2430;2400;2400;6;0
iДонскЗР п;60;20171122;110000;2390;2390;2390;2390;2;0
iДонскЗР п;60;20171122;160000;2390;2400;2350;2350;18;0
iДонскЗР п;60;20171122;170000;2340;2350;2300;2330;8;0
iДонскЗР п;60;20171123;100000;2330;2340;2330;2340;2;0
iДонскЗР п;60;20171123;110000;2340;2340;2320;2320;2;0
iДонскЗР п;60;20171123;120000;2310;2310;2310;2310;2;0
iДонскЗР п;60;20171123;130000;2320;2320;2320;2320;1;0
iДонскЗР п;60;20171123;180000;2310;2400;2310;2400;10;0
iДонскЗР п;60;20171124;100000;2370;2370;2340;2340;5;0
iДонскЗР п;60;20171124;110000;2350;2370;2330;2330;7;0
iДонскЗР п;60;20171124;120000;2320;2320;2310;2310;3;0
iДонскЗР п;60;20171124;130000;2320;2360;2320;2360;11;0
iДонскЗР п;60;20171124;140000;2340;2340;2340;2340;1;0
iДонскЗР п;60;20171124;160000;2330;2330;2320;2320;3;0
iДонскЗР п;60;20171124;170000;2310;2310;2300;2300;6;0
iДонскЗР п;60;20171124;180000;2320;2370;2320;2370;20;0
iДонскЗР п;60;20171127;100000;2340;2340;2310;2310;5;0
iДонскЗР п;60;20171127;110000;2330;2350;2330;2350;3;0
iДонскЗР п;60;20171127;120000;2320;2320;2310;2310;3;0
iДонскЗР п;60;20171127;160000;2330;2330;2330;2330;1;0
iДонскЗР п;60;20171128;100000;2330;2330;2330;2330;1;0
iДонскЗР п;60;20171128;130000;2330;2330;2330;2330;2;0
iДонскЗР п;60;20171128;140000;2310;2310;2310;2310;1;0
iДонскЗР п;60;20171128;160000;2300;2300;2290;2290;3;0
iДонскЗР п;60;20171128;180000;2310;2320;2310;2320;2;0
iДонскЗР п;60;20171129;110000;2300;2300;2300;2300;2;0
iДонскЗР п;60;20171129;150000;2290;2290;2280;2280;3;0
iДонскЗР п;60;20171129;160000;2270;2270;2190;2200;85;0
iДонскЗР п;60;20171129;170000;2210;2210;2210;2210;6;0
iДонскЗР п;60;20171129;180000;2210;2210;2210;2210;1;0
iДонскЗР п;60;20171130;110000;2220;2220;2220;2220;1;0
iДонскЗР п;60;20171130;140000;2230;2230;2230;2230;1;0
iДонскЗР п;60;20171130;160000;2210;2210;2100;2100;54;0
iДонскЗР п;60;20171130;170000;2090;2120;2040;2040;14;0
iДонскЗР п;60;20171130;180000;2090;2100;2070;2070;7;0
iДонскЗР п;60;20171201;110000;2110;2110;2100;2100;2;0
iДонскЗР п;60;20171201;150000;2110;2110;2110;2110;1;0
iДонскЗР п;60;20171201;160000;2080;2090;2020;2070;6;0
iДонскЗР п;60;20171201;170000;2070;2070;2070;2070;1;0
iДонскЗР п;60;20171201;180000;2060;2100;2060;2100;13;0
iДонскЗР п;60;20171204;100000;2100;2130;2100;2100;12;0
iДонскЗР п;60;20171204;110000;2130;2150;2130;2150;23;0
iДонскЗР п;60;20171204;140000;2150;2150;2150;2150;10;0
iДонскЗР п;60;20171204;150000;2150;2150;2150;2150;2;0
iДонскЗР п;60;20171204;160000;2120;2120;2120;2120;1;0
iДонскЗР п;60;20171204;170000;2120;2120;2120;2120;28;0
iДонскЗР п;60;20171204;180000;2140;2160;2140;2160;46;0
iДонскЗР п;60;20171205;100000;2170;2640;2170;2490;479;0
iДонскЗР п;60;20171205;110000;2500;2590;2450;2450;45;0
iДонскЗР п;60;20171205;120000;2430;2480;2410;2410;21;0
iДонскЗР п;60;20171205;130000;2460;2470;2460;2470;2;0
iДонскЗР п;60;20171205;140000;2480;2540;2480;2500;154;0
iДонскЗР п;60;20171205;150000;2500;2550;2480;2540;267;0
iДонскЗР п;60;20171205;160000;2540;2550;2500;2500;123;0
iДонскЗР п;60;20171205;170000;2520;2520;2520;2520;1;0
iДонскЗР п;60;20171205;180000;2530;2530;2420;2480;12;0
iДонскЗР п;60;20171206;100000;2510;2510;2480;2480;2;0
iДонскЗР п;60;20171206;110000;2460;2460;2450;2450;2;0
iДонскЗР п;60;20171206;120000;2480;2480;2430;2430;4;0
iДонскЗР п;60;20171206;130000;2420;2490;2420;2490;6;0
iДонскЗР п;60;20171206;150000;2500;2500;2500;2500;2;0
iДонскЗР п;60;20171206;160000;2460;2500;2460;2500;2;0
iДонскЗР п;60;20171206;170000;2470;2470;2450;2450;6;0
iДонскЗР п;60;20171206;180000;2490;2490;2490;2490;2;0
iДонскЗР п;60;20171207;100000;2460;2460;2310;2410;29;0
iДонскЗР п;60;20171207;110000;2380;2430;2370;2430;24;0
iДонскЗР п;60;20171207;130000;2430;2520;2430;2520;24;0
iДонскЗР п;60;20171207;140000;2500;2510;2500;2510;5;0
iДонскЗР п;60;20171207;150000;2530;2530;2500;2500;24;0
iДонскЗР п;60;20171207;160000;2500;2530;2490;2530;9;0
iДонскЗР п;60;20171207;170000;2500;2500;2490;2490;2;0
iДонскЗР п;60;20171207;180000;2480;2500;2330;2500;14;0
iДонскЗР п;60;20171208;130000;2470;2470;2470;2470;1;0
iДонскЗР п;60;20171208;140000;2500;2510;2500;2510;9;0
iДонскЗР п;60;20171208;160000;2500;2500;2500;2500;1;0
iДонскЗР п;60;20171208;170000;2480;2480;2470;2470;2;0
iДонскЗР п;60;20171208;180000;2510;2540;2500;2500;13;0
iДонскЗР п;60;20171211;100000;2500;2500;2490;2490;3;0
iДонскЗР п;60;20171211;120000;2520;2520;2520;2520;2;0
iДонскЗР п;60;20171211;140000;2530;2530;2530;2530;5;0
iДонскЗР п;60;20171211;160000;2500;2530;2490;2490;83;0
iДонскЗР п;60;20171211;180000;2520;2520;2520;2520;1;0
iДонскЗР п;60;20171212;100000;2500;2500;2500;2500;1;0
iДонскЗР п;60;20171212;110000;2530;2530;2530;2530;1;0
iДонскЗР п;60;20171212;120000;2540;2540;2500;2500;3;0
iДонскЗР п;60;20171212;130000;2500;2530;2500;2530;2;0
iДонскЗР п;60;20171212;160000;2530;2530;2520;2520;2;0
iДонскЗР п;60;20171212;170000;2490;2510;2490;2510;3;0
iДонскЗР п;60;20171212;180000;2510;2510;2510;2510;1;0
iДонскЗР п;60;20171213;120000;2510;2530;2480;2490;15;0
iДонскЗР п;60;20171213;130000;2490;2510;2490;2510;3;0
iДонскЗР п;60;20171213;150000;2490;2510;2490;2510;5;0
iДонскЗР п;60;20171213;170000;2510;2510;2490;2510;4;0
iДонскЗР п;60;20171213;180000;2510;2510;2510;2510;12;0
iДонскЗР п;60;20171214;120000;2500;2500;2500;2500;16;0
iДонскЗР п;60;20171214;130000;2520;2520;2520;2520;1;0
iДонскЗР п;60;20171214;150000;2500;2500;2500;2500;1;0
iДонскЗР п;60;20171214;170000;2490;2490;2490;2490;1;0
iДонскЗР п;60;20171214;180000;2510;2510;2510;2510;1;0
iДонскЗР п;60;20171215;100000;2510;2510;2510;2510;1;0
iДонскЗР п;60;20171215;120000;2510;2510;2510;2510;1;0
iДонскЗР п;60;20171215;150000;2490;2500;2480;2500;3;0
iДонскЗР п;60;20171215;160000;2490;2490;2490;2490;40;0
iДонскЗР п;60;20171215;170000;2490;2490;2490;2490;1;0
iДонскЗР п;60;20171215;180000;2490;2500;2490;2500;7;0
iДонскЗР п;60;20171218;170000;2480;2480;2480;2480;1;0
iДонскЗР п;60;20171218;180000;2500;2500;2500;2500;1;0
iДонскЗР п;60;20171219;090000;2350;2350;2350;2350;7;0
iДонскЗР п;60;20171219;100000;2470;2490;2460;2460;5;0
iДонскЗР п;60;20171219;110000;2460;2460;2450;2450;5;0
iДонскЗР п;60;20171219;120000;2460;2460;2440;2440;5;0
iДонскЗР п;60;20171219;130000;2440;2500;2440;2500;102;0
iДонскЗР п;60;20171219;140000;2500;2500;2470;2480;7;0
iДонскЗР п;60;20171219;150000;2460;2510;2460;2500;87;0
iДонскЗР п;60;20171219;160000;2480;2480;2460;2460;6;0
iДонскЗР п;60;20171219;170000;2490;2490;2490;2490;1;0
iДонскЗР п;60;20171219;180000;2500;2500;2500;2500;1;0
iДонскЗР п;60;20171220;110000;2480;2480;2460;2460;8;0
iДонскЗР п;60;20171220;120000;2460;2470;2450;2470;6;0
iДонскЗР п;60;20171220;150000;2480;2480;2480;2480;6;0
iДонскЗР п;60;20171220;160000;2480;2480;2480;2480;2;0
iДонскЗР п;60;20171220;170000;2480;2480;2480;2480;1;0
iДонскЗР п;60;20171220;180000;2470;2470;2470;2470;1;0
iДонскЗР п;60;20171221;130000;2490;2500;2490;2500;11;0
iДонскЗР п;60;20171221;150000;2490;2490;2470;2470;4;0
iДонскЗР п;60;20171221;170000;2470;2470;2470;2470;1;0
iДонскЗР п;60;20171222;110000;2460;2460;2460;2460;1;0
iДонскЗР п;60;20171222;120000;2460;2460;2460;2460;1;0
iДонскЗР п;60;20171222;140000;2470;2470;2470;2470;1;0
iДонскЗР п;60;20171222;150000;2470;2470;2470;2470;1;0
iДонскЗР п;60;20171222;180000;2450;2480;2360;2480;17;0
iДонскЗР п;60;20171225;140000;2450;2450;2450;2450;1;0
iДонскЗР п;60;20171225;150000;2480;2480;2480;2480;5;0
iДонскЗР п;60;20171225;180000;2450;2470;2430;2470;9;0
iДонскЗР п;60;20171226;100000;2460;2460;2400;2400;21;0
iДонскЗР п;60;20171226;110000;2390;2390;2300;2300;56;0
iДонскЗР п;60;20171226;120000;2300;2300;2290;2290;3;0
iДонскЗР п;60;20171226;130000;2290;2360;2290;2360;37;0
iДонскЗР п;60;20171226;140000;2360;2360;2330;2330;4;0
iДонскЗР п;60;20171226;150000;2320;2350;2300;2300;14;0
iДонскЗР п;60;20171226;160000;2300;2310;2300;2310;6;0
iДонскЗР п;60;20171226;170000;2330;2330;2300;2300;3;0
iДонскЗР п;60;20171226;180000;2330;2340;2330;2340;5;0
iДонскЗР п;60;20171227;120000;2310;2340;2290;2290;12;0
iДонскЗР п;60;20171227;130000;2320;2320;2320;2320;1;0
iДонскЗР п;60;20171227;160000;2310;2310;2310;2310;1;0
iДонскЗР п;60;20171227;170000;2290;2290;2280;2280;3;0
iДонскЗР п;60;20171227;180000;2310;2320;2310;2320;3;0
iДонскЗР п;60;20171228;140000;2290;2290;2290;2290;1;0
iДонскЗР п;60;20171228;150000;2280;2280;2280;2280;1;0
iДонскЗР п;60;20171228;180000;2320;2320;2320;2320;3;0
iДонскЗР п;60;20171229;110000;2300;2300;2290;2290;53;0
iДонскЗР п;60;20171229;120000;2280;2280;2160;2200;81;0
iДонскЗР п;60;20171229;130000;2200;2200;2190;2190;11;0
iДонскЗР п;60;20171229;140000;2210;2220;2210;2220;50;0
iДонскЗР п;60;20171229;170000;2220;2220;2220;2220;6;0
iДонскЗР п;60;20171229;180000;2200;2220;2200;2220;10;0
