<TICKER>;<PER>;<DATE>;<TIME>;<OPEN>;<HIGH>;<LOW>;<CLOSE>;<VOL>;<OPENINT>
iЗаводДИОД;60;20170124;100000;3.28;3.28;3.28;3.28;7;0
iЗаводДИОД;60;20170124;110000;3.29;3.29;3.28;3.28;3;0
iЗаводДИОД;60;20170124;120000;3.28;3.28;3.27;3.27;300;0
iЗаводДИОД;60;20170124;130000;3.28;3.28;3.27;3.27;19;0
iЗаводДИОД;60;20170124;150000;3.28;3.28;3.28;3.28;2;0
iЗаводДИОД;60;20170124;170000;3.28;3.28;3.27;3.28;103;0
iЗаводДИОД;60;20170124;180000;3.29;3.3;3.29;3.3;27;0
iЗаводДИОД;60;20170125;100000;3.3;3.3;3.3;3.3;101;0
iЗаводДИОД;60;20170125;110000;3.3;3.3;3.29;3.29;14;0
iЗаводДИОД;60;20170125;120000;3.29;3.3;3.29;3.3;10;0
iЗаводДИОД;60;20170125;130000;3.28;3.28;3.28;3.28;50;0
iЗаводДИОД;60;20170125;150000;3.3;3.3;3.3;3.3;15;0
iЗаводДИОД;60;20170125;160000;3.29;3.29;3.28;3.28;188;0
iЗаводДИОД;60;20170125;170000;3.29;3.3;3.29;3.3;15;0
iЗаводДИОД;60;20170125;180000;3.3;3.3;3.29;3.3;44;0
iЗаводДИОД;60;20170126;110000;3.29;3.29;3.29;3.29;11;0
iЗаводДИОД;60;20170126;120000;3.28;3.28;3.28;3.28;10;0
iЗаводДИОД;60;20170126;130000;3.28;3.28;3.28;3.28;27;0
iЗаводДИОД;60;20170126;140000;3.29;3.33;3.29;3.33;383;0
iЗаводДИОД;60;20170126;160000;3.31;3.32;3.31;3.32;26;0
iЗаводДИОД;60;20170126;170000;3.31;3.31;3.31;3.31;1;0
iЗаводДИОД;60;20170126;180000;3.31;3.47;3.31;3.4;837;0
iЗаводДИОД;60;20170127;100000;3.38;4.29;3.37;4.01;20075;0
iЗаводДИОД;60;20170127;110000;4.01;4.31;3.95;3.98;9344;0
iЗаводДИОД;60;20170127;120000;4.04;4.75;4.01;4.5;17887;0
iЗаводДИОД;60;20170127;130000;4.54;4.63;4.36;4.44;2434;0
iЗаводДИОД;60;20170127;140000;4.41;4.48;4.2;4.29;2931;0
iЗаводДИОД;60;20170127;150000;4.29;4.34;4.04;4.17;4588;0
iЗаводДИОД;60;20170127;160000;4.12;4.19;3.84;3.9;3162;0
iЗаводДИОД;60;20170127;170000;3.9;4.05;3.68;3.77;8425;0
iЗаводДИОД;60;20170127;180000;3.75;3.77;3.51;3.57;14736;0
iЗаводДИОД;60;20170130;090000;3.64;3.64;3.64;3.64;361;0
iЗаводДИОД;60;20170130;100000;3.64;3.95;3.46;3.7;11044;0
iЗаводДИОД;60;20170130;110000;3.7;3.75;3.55;3.6;1532;0
iЗаводДИОД;60;20170130;120000;3.59;3.59;3.49;3.51;3882;0
iЗаводДИОД;60;20170130;130000;3.51;3.73;3.51;3.68;2379;0
iЗаводДИОД;60;20170130;140000;3.68;3.69;3.6;3.63;262;0
iЗаводДИОД;60;20170130;150000;3.61;3.62;3.51;3.52;967;0
iЗаводДИОД;60;20170130;160000;3.54;3.58;3.51;3.54;423;0
iЗаводДИОД;60;20170130;170000;3.54;3.58;3.52;3.54;185;0
iЗаводДИОД;60;20170130;180000;3.53;3.57;3.52;3.57;1291;0
iЗаводДИОД;60;20170131;090000;3.57;3.57;3.57;3.57;20;0
iЗаводДИОД;60;20170131;100000;3.57;3.78;3.57;3.68;2695;0
iЗаводДИОД;60;20170131;110000;3.68;3.72;3.53;3.56;889;0
iЗаводДИОД;60;20170131;120000;3.56;3.62;3.55;3.6;330;0
iЗаводДИОД;60;20170131;130000;3.6;3.64;3.52;3.52;1897;0
iЗаводДИОД;60;20170131;140000;3.53;3.55;3.52;3.55;392;0
iЗаводДИОД;60;20170131;150000;3.54;3.59;3.52;3.58;769;0
iЗаводДИОД;60;20170131;160000;3.59;3.6;3.57;3.58;808;0
iЗаводДИОД;60;20170131;170000;3.58;3.6;3.53;3.6;1474;0
iЗаводДИОД;60;20170131;180000;3.6;3.68;3.54;3.57;2260;0
iЗаводДИОД;60;20170201;100000;3.54;3.57;3.48;3.52;903;0
iЗаводДИОД;60;20170201;110000;3.51;3.52;3.47;3.52;1353;0
iЗаводДИОД;60;20170201;120000;3.51;3.53;3.48;3.48;570;0
iЗаводДИОД;60;20170201;130000;3.48;3.5;3.45;3.5;1002;0
iЗаводДИОД;60;20170201;140000;3.5;3.5;3.45;3.46;1905;0
iЗаводДИОД;60;20170201;150000;3.46;3.53;3.43;3.47;4842;0
iЗаводДИОД;60;20170201;160000;3.47;3.47;3.46;3.46;26;0
iЗаводДИОД;60;20170201;170000;3.46;3.47;3.45;3.46;47;0
iЗаводДИОД;60;20170201;180000;3.45;3.47;3.45;3.47;453;0
iЗаводДИОД;60;20170202;100000;3.46;3.47;3.44;3.46;63;0
iЗаводДИОД;60;20170202;110000;3.45;3.47;3.45;3.46;252;0
iЗаводДИОД;60;20170202;120000;3.44;3.45;3.43;3.43;709;0
iЗаводДИОД;60;20170202;130000;3.44;3.44;3.42;3.42;251;0
iЗаводДИОД;60;20170202;140000;3.42;3.42;3.39;3.4;485;0
iЗаводДИОД;60;20170202;150000;3.4;3.4;3.38;3.38;348;0
iЗаводДИОД;60;20170202;160000;3.38;3.38;3.36;3.37;531;0
iЗаводДИОД;60;20170202;170000;3.37;3.4;3.37;3.37;209;0
iЗаводДИОД;60;20170202;180000;3.39;3.39;3.37;3.39;183;0
iЗаводДИОД;60;20170203;100000;3.38;3.41;3.36;3.41;1357;0
iЗаводДИОД;60;20170203;110000;3.4;3.4;3.38;3.4;826;0
iЗаводДИОД;60;20170203;120000;3.4;3.4;3.38;3.4;309;0
iЗаводДИОД;60;20170203;130000;3.4;3.4;3.38;3.38;168;0
iЗаводДИОД;60;20170203;140000;3.38;3.38;3.37;3.37;330;0
iЗаводДИОД;60;20170203;150000;3.38;3.4;3.38;3.4;291;0
iЗаводДИОД;60;20170203;160000;3.38;3.38;3.35;3.36;1191;0
iЗаводДИОД;60;20170203;170000;3.37;3.4;3.37;3.38;705;0
iЗаводДИОД;60;20170203;180000;3.39;3.4;3.37;3.4;231;0
iЗаводДИОД;60;20170206;090000;3.4;3.4;3.4;3.4;24;0
iЗаводДИОД;60;20170206;100000;3.4;3.4;3.37;3.37;310;0
iЗаводДИОД;60;20170206;110000;3.37;3.4;3.37;3.38;194;0
iЗаводДИОД;60;20170206;120000;3.4;3.4;3.38;3.38;63;0
iЗаводДИОД;60;20170206;130000;3.38;3.38;3.37;3.38;141;0
iЗаводДИОД;60;20170206;140000;3.37;3.37;3.37;3.37;331;0
iЗаводДИОД;60;20170206;160000;3.39;3.39;3.37;3.37;22;0
iЗаводДИОД;60;20170206;170000;3.39;3.4;3.39;3.4;235;0
iЗаводДИОД;60;20170206;180000;3.4;3.4;3.38;3.4;298;0
iЗаводДИОД;60;20170207;090000;3.39;3.39;3.39;3.39;2;0
iЗаводДИОД;60;20170207;100000;3.39;3.4;3.37;3.38;86;0
iЗаводДИОД;60;20170207;110000;3.38;3.39;3.36;3.36;594;0
iЗаводДИОД;60;20170207;120000;3.38;3.38;3.38;3.38;3;0
iЗаводДИОД;60;20170207;130000;3.39;3.4;3.39;3.4;260;0
iЗаводДИОД;60;20170207;140000;3.38;3.38;3.38;3.38;30;0
iЗаводДИОД;60;20170207;150000;3.39;3.39;3.38;3.38;62;0
iЗаводДИОД;60;20170207;160000;3.39;3.4;3.37;3.37;305;0
iЗаводДИОД;60;20170207;170000;3.39;3.39;3.37;3.39;45;0
iЗаводДИОД;60;20170207;180000;3.37;3.38;3.37;3.38;131;0
iЗаводДИОД;60;20170208;100000;3.36;3.37;3.35;3.37;105;0
iЗаводДИОД;60;20170208;110000;3.36;3.37;3.36;3.37;17;0
iЗаводДИОД;60;20170208;120000;3.38;3.38;3.38;3.38;1;0
iЗаводДИОД;60;20170208;130000;3.38;3.38;3.35;3.35;45;0
iЗаводДИОД;60;20170208;140000;3.35;3.38;3.35;3.38;59;0
iЗаводДИОД;60;20170208;150000;3.35;3.35;3.35;3.35;154;0
iЗаводДИОД;60;20170208;160000;3.35;3.38;3.35;3.37;101;0
iЗаводДИОД;60;20170208;170000;3.37;3.38;3.37;3.38;107;0
iЗаводДИОД;60;20170208;180000;3.37;3.37;3.3;3.34;1886;0
iЗаводДИОД;60;20170209;090000;3.33;3.33;3.33;3.33;1;0
iЗаводДИОД;60;20170209;100000;3.34;3.34;3.27;3.3;505;0
iЗаводДИОД;60;20170209;110000;3.3;3.31;3.28;3.29;313;0
iЗаводДИОД;60;20170209;120000;3.3;3.32;3.28;3.32;171;0
iЗаводДИОД;60;20170209;130000;3.29;3.32;3.29;3.32;49;0
iЗаводДИОД;60;20170209;140000;3.29;3.31;3.27;3.3;177;0
iЗаводДИОД;60;20170209;150000;3.3;3.31;3.28;3.31;20;0
iЗаводДИОД;60;20170209;160000;3.28;3.31;3.27;3.3;48;0
iЗаводДИОД;60;20170209;180000;3.28;3.31;3.27;3.31;372;0
iЗаводДИОД;60;20170210;100000;3.29;3.31;3.28;3.31;70;0
iЗаводДИОД;60;20170210;110000;3.29;3.31;3.29;3.29;82;0
iЗаводДИОД;60;20170210;120000;3.3;3.3;3.28;3.3;84;0
iЗаводДИОД;60;20170210;130000;3.29;3.31;3.29;3.29;45;0
iЗаводДИОД;60;20170210;140000;3.28;3.29;3.28;3.29;42;0
iЗаводДИОД;60;20170210;150000;3.29;3.31;3.29;3.29;113;0
iЗаводДИОД;60;20170210;160000;3.29;3.29;3.29;3.29;100;0
iЗаводДИОД;60;20170210;170000;3.28;3.29;3.28;3.29;5;0
iЗаводДИОД;60;20170210;180000;3.29;3.39;3.29;3.33;1010;0
iЗаводДИОД;60;20170213;100000;3.36;3.36;3.31;3.32;135;0
iЗаводДИОД;60;20170213;110000;3.32;3.32;3.32;3.32;37;0
iЗаводДИОД;60;20170213;120000;3.32;3.33;3.32;3.33;20;0
iЗаводДИОД;60;20170213;130000;3.34;3.36;3.33;3.34;148;0
iЗаводДИОД;60;20170213;140000;3.35;3.35;3.33;3.33;20;0
iЗаводДИОД;60;20170213;150000;3.34;3.34;3.33;3.33;97;0
iЗаводДИОД;60;20170213;160000;3.33;3.33;3.31;3.32;17;0
iЗаводДИОД;60;20170213;170000;3.31;3.31;3.31;3.31;9;0
iЗаводДИОД;60;20170213;180000;3.31;3.37;3.31;3.33;485;0
iЗаводДИОД;60;20170214;100000;3.34;3.34;3.32;3.32;2;0
iЗаводДИОД;60;20170214;110000;3.34;3.34;3.33;3.33;14;0
iЗаводДИОД;60;20170214;120000;3.33;3.33;3.33;3.33;15;0
iЗаводДИОД;60;20170214;130000;3.34;3.35;3.34;3.34;84;0
iЗаводДИОД;60;20170214;140000;3.34;3.36;3.34;3.35;866;0
iЗаводДИОД;60;20170214;150000;3.36;3.4;3.34;3.34;174;0
iЗаводДИОД;60;20170214;160000;3.34;3.34;3.34;3.34;167;0
iЗаводДИОД;60;20170214;170000;3.36;3.36;3.34;3.34;185;0
iЗаводДИОД;60;20170214;180000;3.33;3.33;3.33;3.33;18;0
iЗаводДИОД;60;20170215;100000;3.34;3.38;3.31;3.31;221;0
iЗаводДИОД;60;20170215;110000;3.31;3.34;3.3;3.34;1190;0
iЗаводДИОД;60;20170215;130000;3.34;3.34;3.3;3.3;290;0
iЗаводДИОД;60;20170215;140000;3.31;3.31;3.31;3.31;32;0
iЗаводДИОД;60;20170215;150000;3.33;3.33;3.33;3.33;11;0
iЗаводДИОД;60;20170215;160000;3.34;3.34;3.34;3.34;32;0
iЗаводДИОД;60;20170215;180000;3.33;3.34;3.32;3.34;28;0
iЗаводДИОД;60;20170216;100000;3.34;3.36;3.32;3.35;166;0
iЗаводДИОД;60;20170216;110000;3.33;3.33;3.33;3.33;6;0
iЗаводДИОД;60;20170216;120000;3.33;3.33;3.25;3.31;636;0
iЗаводДИОД;60;20170216;130000;3.32;3.33;3.32;3.33;42;0
iЗаводДИОД;60;20170216;140000;3.31;3.31;3.3;3.3;4;0
iЗаводДИОД;60;20170216;160000;3.33;3.34;3.33;3.33;326;0
iЗаводДИОД;60;20170216;170000;3.34;3.34;3.33;3.34;317;0
iЗаводДИОД;60;20170216;180000;3.34;3.34;3.33;3.33;241;0
iЗаводДИОД;60;20170217;100000;3.31;3.34;3.31;3.34;23;0
iЗаводДИОД;60;20170217;160000;3.31;3.31;3.31;3.31;17;0
iЗаводДИОД;60;20170217;170000;3.31;3.31;3.3;3.3;6;0
iЗаводДИОД;60;20170217;180000;3.33;3.33;3.25;3.29;910;0
iЗаводДИОД;60;20170220;100000;3.29;3.3;3.29;3.3;4;0
iЗаводДИОД;60;20170220;110000;3.29;3.3;3.28;3.3;271;0
iЗаводДИОД;60;20170220;120000;3.3;3.3;3.27;3.3;152;0
iЗаводДИОД;60;20170220;130000;3.29;3.3;3.29;3.3;28;0
iЗаводДИОД;60;20170220;150000;3.3;3.31;3.3;3.31;304;0
iЗаводДИОД;60;20170220;160000;3.29;3.31;3.29;3.31;58;0
iЗаводДИОД;60;20170220;180000;3.3;3.31;3.3;3.31;8;0
iЗаводДИОД;60;20170221;090000;3.31;3.31;3.31;3.31;1;0
iЗаводДИОД;60;20170221;100000;3.31;3.31;3.26;3.3;106;0
iЗаводДИОД;60;20170221;110000;3.28;3.3;3.28;3.3;31;0
iЗаводДИОД;60;20170221;120000;3.29;3.3;3.29;3.3;9;0
iЗаводДИОД;60;20170221;130000;3.28;3.3;3.28;3.3;15;0
iЗаводДИОД;60;20170221;140000;3.28;3.3;3.28;3.3;15;0
iЗаводДИОД;60;20170221;160000;3.29;3.3;3.28;3.3;17;0
iЗаводДИОД;60;20170221;170000;3.28;3.3;3.28;3.3;51;0
iЗаводДИОД;60;20170221;180000;3.28;3.3;3.28;3.3;3;0
iЗаводДИОД;60;20170222;100000;3.28;3.3;3.28;3.3;12;0
iЗаводДИОД;60;20170222;110000;3.29;3.29;3.27;3.29;148;0
iЗаводДИОД;60;20170222;120000;3.28;3.3;3.28;3.3;8;0
iЗаводДИОД;60;20170222;130000;3.28;3.3;3.28;3.3;11;0
iЗаводДИОД;60;20170222;140000;3.3;3.31;3.29;3.31;339;0
iЗаводДИОД;60;20170222;150000;3.31;3.35;3.31;3.35;447;0
iЗаводДИОД;60;20170222;170000;3.34;3.34;3.3;3.3;16;0
iЗаводДИОД;60;20170222;180000;3.3;3.34;3.28;3.29;280;0
iЗаводДИОД;60;20170224;100000;3.31;3.31;3.3;3.3;16;0
iЗаводДИОД;60;20170224;110000;3.28;3.28;3.28;3.28;30;0
iЗаводДИОД;60;20170224;140000;3.3;3.3;3.3;3.3;4;0
iЗаводДИОД;60;20170224;160000;3.31;3.31;3.31;3.31;2;0
iЗаводДИОД;60;20170227;100000;3.3;3.3;3.29;3.29;58;0
iЗаводДИОД;60;20170227;110000;3.29;3.3;3.28;3.3;27;0
iЗаводДИОД;60;20170227;120000;3.3;3.31;3.3;3.31;2;0
iЗаводДИОД;60;20170227;140000;3.28;3.28;3.28;3.28;20;0
iЗаводДИОД;60;20170227;150000;3.31;3.31;3.27;3.28;249;0
iЗаводДИОД;60;20170227;160000;3.26;3.26;3.26;3.26;15;0
iЗаводДИОД;60;20170227;170000;3.29;3.29;3.29;3.29;7;0
iЗаводДИОД;60;20170228;100000;3.27;3.28;3.03;3.15;762;0
iЗаводДИОД;60;20170228;110000;3.12;3.28;3.1;3.23;1221;0
iЗаводДИОД;60;20170228;120000;3.23;3.23;3.2;3.2;14;0
iЗаводДИОД;60;20170228;130000;3.24;3.26;3.23;3.26;13;0
iЗаводДИОД;60;20170228;140000;3.26;3.26;3.23;3.23;10;0
iЗаводДИОД;60;20170228;150000;3.23;3.23;3.23;3.23;14;0
iЗаводДИОД;60;20170228;160000;3.25;3.28;3.25;3.28;370;0
iЗаводДИОД;60;20170228;180000;3.24;3.24;3.16;3.2;391;0
iЗаводДИОД;60;20170301;100000;3.21;3.23;3.17;3.23;52;0
iЗаводДИОД;60;20170301;110000;3.23;3.28;3.23;3.28;270;0
iЗаводДИОД;60;20170301;130000;3.26;3.28;3.26;3.28;5;0
iЗаводДИОД;60;20170301;150000;3.25;3.25;3.17;3.25;303;0
iЗаводДИОД;60;20170301;160000;3.25;3.28;3.22;3.22;62;0
iЗаводДИОД;60;20170301;170000;3.22;3.22;3.21;3.21;4;0
iЗаводДИОД;60;20170301;180000;3.21;3.3;3.21;3.3;123;0
iЗаводДИОД;60;20170302;100000;3.31;3.32;3.31;3.31;25;0
iЗаводДИОД;60;20170302;120000;3.31;3.31;3.31;3.31;18;0
iЗаводДИОД;60;20170302;130000;3.31;3.31;3.31;3.31;10;0
iЗаводДИОД;60;20170302;140000;3.31;3.31;3.31;3.31;12;0
iЗаводДИОД;60;20170302;160000;3.28;3.28;3.28;3.28;2;0
iЗаводДИОД;60;20170302;180000;3.3;3.3;3.3;3.3;1;0
iЗаводДИОД;60;20170303;100000;3.29;3.29;3.28;3.28;50;0
iЗаводДИОД;60;20170303;110000;3.29;3.29;3.29;3.29;1;0
iЗаводДИОД;60;20170303;130000;3.27;3.27;3.27;3.27;51;0
iЗаводДИОД;60;20170303;140000;3.26;3.27;3.26;3.27;7;0
iЗаводДИОД;60;20170303;150000;3.27;3.27;3.27;3.27;2;0
iЗаводДИОД;60;20170303;160000;3.27;3.27;3.27;3.27;47;0
iЗаводДИОД;60;20170303;170000;3.27;3.3;3.27;3.3;86;0
iЗаводДИОД;60;20170303;180000;3.31;3.32;3.3;3.3;36;0
iЗаводДИОД;60;20170306;120000;3.29;3.8;3.29;3.68;4539;0
iЗаводДИОД;60;20170306;130000;3.67;3.78;3.51;3.75;3742;0
iЗаводДИОД;60;20170306;140000;3.75;3.92;3.58;3.7;2275;0
iЗаводДИОД;60;20170306;150000;3.7;3.7;3.5;3.52;1361;0
iЗаводДИОД;60;20170306;160000;3.54;3.63;3.51;3.51;1228;0
iЗаводДИОД;60;20170306;170000;3.54;3.55;3.51;3.51;233;0
iЗаводДИОД;60;20170306;180000;3.51;3.57;3.51;3.54;773;0
iЗаводДИОД;60;20170307;100000;3.58;3.68;3.44;3.44;551;0
iЗаводДИОД;60;20170307;110000;3.45;3.48;3.44;3.44;861;0
iЗаводДИОД;60;20170307;120000;3.44;3.46;3.36;3.37;709;0
iЗаводДИОД;60;20170307;130000;3.37;3.4;3.36;3.4;59;0
iЗаводДИОД;60;20170307;140000;3.39;3.39;3.33;3.35;716;0
iЗаводДИОД;60;20170307;150000;3.35;3.54;3.35;3.54;2335;0
iЗаводДИОД;60;20170307;160000;3.42;3.42;3.42;3.42;1;0
iЗаводДИОД;60;20170307;170000;3.42;3.43;3.42;3.43;2;0
iЗаводДИОД;60;20170307;180000;3.43;3.43;3.43;3.43;1;0
iЗаводДИОД;60;20170309;100000;3.42;3.47;3.41;3.41;50;0
iЗаводДИОД;60;20170309;110000;3.47;3.47;3.47;3.47;1;0
iЗаводДИОД;60;20170309;120000;3.42;3.42;3.42;3.42;1;0
iЗаводДИОД;60;20170309;130000;3.41;3.41;3.41;3.41;44;0
iЗаводДИОД;60;20170309;140000;3.41;3.47;3.4;3.4;28;0
iЗаводДИОД;60;20170309;150000;3.4;3.4;3.39;3.39;157;0
iЗаводДИОД;60;20170309;160000;3.41;3.46;3.4;3.4;115;0
iЗаводДИОД;60;20170309;170000;3.39;3.39;3.3;3.33;233;0
iЗаводДИОД;60;20170309;180000;3.33;3.33;3.3;3.3;58;0
iЗаводДИОД;60;20170310;090000;3.33;3.33;3.33;3.33;2;0
iЗаводДИОД;60;20170310;100000;3.32;3.33;3.21;3.3;92;0
iЗаводДИОД;60;20170310;110000;3.32;3.6;3.32;3.55;522;0
iЗаводДИОД;60;20170310;120000;3.54;3.54;3.48;3.48;8;0
iЗаводДИОД;60;20170310;130000;3.47;3.47;3.39;3.4;130;0
iЗаводДИОД;60;20170310;140000;3.36;3.36;3.3;3.3;60;0
iЗаводДИОД;60;20170310;160000;3.37;3.37;3.35;3.35;2;0
iЗаводДИОД;60;20170310;170000;3.34;3.43;3.34;3.43;21;0
iЗаводДИОД;60;20170310;180000;3.37;3.44;3.37;3.44;3;0
iЗаводДИОД;60;20170313;100000;3.44;3.49;3.37;3.37;98;0
iЗаводДИОД;60;20170313;110000;3.41;3.41;3.41;3.41;3;0
iЗаводДИОД;60;20170313;120000;3.41;3.43;3.41;3.43;30;0
iЗаводДИОД;60;20170313;140000;3.48;3.5;3.48;3.5;16;0
iЗаводДИОД;60;20170313;150000;3.49;3.5;3.49;3.5;8;0
iЗаводДИОД;60;20170314;100000;3.5;3.51;3.5;3.51;8;0
iЗаводДИОД;60;20170314;110000;3.51;3.51;3.51;3.51;6;0
iЗаводДИОД;60;20170314;130000;3.47;3.52;3.47;3.52;34;0
iЗаводДИОД;60;20170314;140000;3.47;3.51;3.43;3.51;77;0
iЗаводДИОД;60;20170315;140000;3.5;3.51;3.5;3.51;5;0
iЗаводДИОД;60;20170315;180000;3.5;3.52;3.5;3.52;104;0
iЗаводДИОД;60;20170316;100000;3.53;3.53;3.53;3.53;60;0
iЗаводДИОД;60;20170316;110000;3.49;3.49;3.48;3.48;38;0
iЗаводДИОД;60;20170316;120000;3.52;3.52;3.52;3.52;8;0
iЗаводДИОД;60;20170316;130000;3.49;3.49;3.49;3.49;3;0
iЗаводДИОД;60;20170316;140000;3.49;3.52;3.46;3.52;6;0
iЗаводДИОД;60;20170316;150000;3.48;3.48;3.37;3.38;264;0
iЗаводДИОД;60;20170316;160000;3.4;3.4;3.39;3.39;3;0
iЗаводДИОД;60;20170316;170000;3.39;3.39;3.39;3.39;13;0
iЗаводДИОД;60;20170316;180000;3.4;3.41;3.38;3.41;58;0
iЗаводДИОД;60;20170317;100000;3.39;3.39;3.33;3.37;35;0
iЗаводДИОД;60;20170317;120000;3.4;3.41;3.4;3.4;40;0
iЗаводДИОД;60;20170317;130000;3.41;3.45;3.41;3.45;116;0
iЗаводДИОД;60;20170317;160000;3.41;3.41;3.41;3.41;4;0
iЗаводДИОД;60;20170317;170000;3.41;3.41;3.4;3.4;99;0
iЗаводДИОД;60;20170317;180000;3.41;3.41;3.4;3.41;26;0
iЗаводДИОД;60;20170320;100000;3.4;3.41;3.4;3.41;9;0
iЗаводДИОД;60;20170320;110000;3.42;3.5;3.42;3.45;378;0
iЗаводДИОД;60;20170320;120000;3.45;3.45;3.44;3.44;10;0
iЗаводДИОД;60;20170320;140000;3.47;3.47;3.47;3.47;1;0
iЗаводДИОД;60;20170320;150000;3.48;3.48;3.48;3.48;2;0
iЗаводДИОД;60;20170320;160000;3.44;3.48;3.43;3.48;6;0
iЗаводДИОД;60;20170320;170000;3.45;3.48;3.45;3.48;4;0
iЗаводДИОД;60;20170320;180000;3.45;3.49;3.45;3.45;9;0
iЗаводДИОД;60;20170321;100000;3.45;3.61;3.45;3.61;425;0
iЗаводДИОД;60;20170321;110000;3.61;3.65;3.53;3.6;175;0
iЗаводДИОД;60;20170321;120000;3.64;3.64;3.57;3.57;24;0
iЗаводДИОД;60;20170321;130000;3.57;3.57;3.57;3.57;10;0
iЗаводДИОД;60;20170321;140000;3.56;3.56;3.56;3.56;1;0
iЗаводДИОД;60;20170321;150000;3.55;3.55;3.54;3.54;3;0
iЗаводДИОД;60;20170321;160000;3.53;3.62;3.52;3.62;156;0
iЗаводДИОД;60;20170321;170000;3.59;3.59;3.56;3.56;3;0
iЗаводДИОД;60;20170321;180000;3.54;3.57;3.51;3.57;49;0
iЗаводДИОД;60;20170322;100000;3.56;3.59;3.54;3.54;42;0
iЗаводДИОД;60;20170322;110000;3.6;3.6;3.54;3.54;34;0
iЗаводДИОД;60;20170322;120000;3.59;3.59;3.59;3.59;10;0
iЗаводДИОД;60;20170322;130000;3.55;3.55;3.55;3.55;3;0
iЗаводДИОД;60;20170322;140000;3.55;3.55;3.53;3.55;34;0
iЗаводДИОД;60;20170322;160000;3.58;3.58;3.58;3.58;11;0
iЗаводДИОД;60;20170322;170000;3.58;3.59;3.57;3.59;52;0
iЗаводДИОД;60;20170322;180000;3.59;3.59;3.58;3.58;46;0
iЗаводДИОД;60;20170323;110000;3.55;3.55;3.55;3.55;9;0
iЗаводДИОД;60;20170323;130000;3.59;3.59;3.55;3.55;4;0
iЗаводДИОД;60;20170323;150000;3.55;3.55;3.55;3.55;3;0
iЗаводДИОД;60;20170323;180000;3.59;3.59;3.59;3.59;4;0
iЗаводДИОД;60;20170324;090000;3.56;3.56;3.56;3.56;10;0
iЗаводДИОД;60;20170324;100000;3.56;3.6;3.55;3.6;98;0
iЗаводДИОД;60;20170324;110000;3.58;3.58;3.58;3.58;2;0
iЗаводДИОД;60;20170324;120000;3.58;3.59;3.58;3.59;37;0
iЗаводДИОД;60;20170324;130000;3.59;3.63;3.55;3.63;247;0
iЗаводДИОД;60;20170324;140000;3.63;3.71;3.63;3.69;578;0
iЗаводДИОД;60;20170324;150000;3.7;3.72;3.56;3.69;54;0
iЗаводДИОД;60;20170324;160000;3.68;3.78;3.67;3.73;437;0
iЗаводДИОД;60;20170324;170000;3.71;3.71;3.45;3.52;496;0
iЗаводДИОД;60;20170324;180000;3.52;3.55;3.5;3.55;15;0
iЗаводДИОД;60;20170327;100000;3.56;3.58;3.52;3.54;23;0
iЗаводДИОД;60;20170327;110000;3.53;3.53;3.51;3.51;30;0
iЗаводДИОД;60;20170327;130000;3.52;3.52;3.51;3.51;5;0
iЗаводДИОД;60;20170327;140000;3.51;3.55;3.51;3.55;34;0
iЗаводДИОД;60;20170327;150000;3.56;3.57;3.56;3.56;5;0
iЗаводДИОД;60;20170327;170000;3.55;3.55;3.55;3.55;16;0
iЗаводДИОД;60;20170327;180000;3.55;3.55;3.5;3.5;13;0
iЗаводДИОД;60;20170328;100000;3.5;3.5;3.4;3.4;110;0
iЗаводДИОД;60;20170328;110000;3.4;3.4;3.3;3.39;198;0
iЗаводДИОД;60;20170328;120000;3.35;3.4;3.34;3.39;331;0
iЗаводДИОД;60;20170328;130000;3.38;3.39;3.35;3.39;44;0
iЗаводДИОД;60;20170328;140000;3.39;3.4;3.39;3.39;21;0
iЗаводДИОД;60;20170328;160000;3.37;3.37;3.35;3.35;10;0
iЗаводДИОД;60;20170328;170000;3.37;3.37;3.3;3.34;253;0
iЗаводДИОД;60;20170328;180000;3.35;3.37;3.33;3.35;63;0
iЗаводДИОД;60;20170329;100000;3.34;3.36;3.32;3.36;61;0
iЗаводДИОД;60;20170329;110000;3.35;3.35;3.34;3.34;3;0
iЗаводДИОД;60;20170329;130000;3.35;3.35;3.35;3.35;1;0
iЗаводДИОД;60;20170329;140000;3.36;3.36;3.36;3.36;1;0
iЗаводДИОД;60;20170329;150000;3.36;3.36;3.36;3.36;1;0
iЗаводДИОД;60;20170329;160000;3.37;3.38;3.37;3.38;18;0
iЗаводДИОД;60;20170329;180000;3.38;3.38;3.38;3.38;2;0
iЗаводДИОД;60;20170330;100000;3.38;3.38;3.38;3.38;1;0
iЗаводДИОД;60;20170330;110000;3.38;3.38;3.36;3.36;2;0
iЗаводДИОД;60;20170330;130000;3.35;3.35;3.35;3.35;30;0
iЗаводДИОД;60;20170330;140000;3.35;3.35;3.35;3.35;1;0
iЗаводДИОД;60;20170330;150000;3.35;3.35;3.34;3.34;11;0
iЗаводДИОД;60;20170330;160000;3.37;3.37;3.37;3.37;1;0
iЗаводДИОД;60;20170330;170000;3.36;3.48;3.36;3.38;375;0
iЗаводДИОД;60;20170330;180000;3.39;3.4;3.39;3.4;13;0
iЗаводДИОД;60;20170331;100000;3.38;3.38;3.31;3.35;69;0
iЗаводДИОД;60;20170331;130000;3.35;3.35;3.35;3.35;1;0
iЗаводДИОД;60;20170331;160000;3.35;3.36;3.35;3.36;2;0
iЗаводДИОД;60;20170331;170000;3.36;3.36;3.36;3.36;10;0
iЗаводДИОД;60;20170331;180000;3.36;3.37;3.36;3.37;23;0
iЗаводДИОД;60;20170403;100000;3.38;3.4;3.38;3.4;11;0
iЗаводДИОД;60;20170403;120000;3.41;3.41;3.41;3.41;3;0
iЗаводДИОД;60;20170403;130000;3.41;3.41;3.41;3.41;1;0
iЗаводДИОД;60;20170403;140000;3.41;3.41;3.41;3.41;1;0
iЗаводДИОД;60;20170403;150000;3.42;3.42;3.4;3.4;5;0
iЗаводДИОД;60;20170403;160000;3.39;3.39;3.38;3.38;2;0
iЗаводДИОД;60;20170403;170000;3.38;3.38;3.37;3.37;3;0
iЗаводДИОД;60;20170404;100000;3.38;3.4;3.38;3.4;30;0
iЗаводДИОД;60;20170404;110000;3.4;3.4;3.4;3.4;1;0
iЗаводДИОД;60;20170404;120000;3.38;3.38;3.38;3.38;1;0
iЗаводДИОД;60;20170404;140000;3.37;3.37;3.37;3.37;15;0
iЗаводДИОД;60;20170404;160000;3.38;3.38;3.38;3.38;17;0
iЗаводДИОД;60;20170404;170000;3.38;3.38;3.38;3.38;4;0
iЗаводДИОД;60;20170404;180000;3.38;3.38;3.37;3.37;32;0
iЗаводДИОД;60;20170405;100000;3.39;3.4;3.39;3.4;2;0
iЗаводДИОД;60;20170405;130000;3.37;3.37;3.37;3.37;1;0
iЗаводДИОД;60;20170405;140000;3.37;3.37;3.36;3.36;6;0
iЗаводДИОД;60;20170405;170000;3.37;3.37;3.37;3.37;1;0
iЗаводДИОД;60;20170406;150000;3.38;3.38;3.38;3.38;1;0
iЗаводДИОД;60;20170406;180000;3.39;3.42;3.39;3.42;12;0
iЗаводДИОД;60;20170407;100000;3.4;3.4;3.39;3.39;2;0
iЗаводДИОД;60;20170407;120000;3.38;3.38;3.38;3.38;1;0
iЗаводДИОД;60;20170407;130000;3.37;3.37;3.36;3.36;49;0
iЗаводДИОД;60;20170407;140000;3.36;3.37;3.36;3.36;29;0
iЗаводДИОД;60;20170407;150000;3.37;3.37;3.35;3.35;11;0
iЗаводДИОД;60;20170407;160000;3.34;3.35;3.34;3.35;13;0
iЗаводДИОД;60;20170407;170000;3.34;3.37;3.33;3.37;5;0
iЗаводДИОД;60;20170407;180000;3.34;3.34;3.32;3.32;50;0
iЗаводДИОД;60;20170410;100000;3.34;3.34;3.25;3.29;513;0
iЗаводДИОД;60;20170410;110000;3.27;3.27;3.25;3.27;21;0
iЗаводДИОД;60;20170410;120000;3.27;3.28;3.27;3.28;14;0
iЗаводДИОД;60;20170410;130000;3.29;3.29;3.29;3.29;1;0
iЗаводДИОД;60;20170410;140000;3.3;3.3;3.28;3.28;3;0
iЗаводДИОД;60;20170410;150000;3.28;3.28;3.28;3.28;33;0
iЗаводДИОД;60;20170410;160000;3.28;3.28;3.26;3.26;54;0
iЗаводДИОД;60;20170410;170000;3.28;3.28;3.27;3.27;32;0
iЗаводДИОД;60;20170410;180000;3.26;3.27;3.25;3.27;243;0
iЗаводДИОД;60;20170411;100000;3.28;3.29;3.27;3.27;167;0
iЗаводДИОД;60;20170411;110000;3.27;3.27;3.27;3.27;5;0
iЗаводДИОД;60;20170411;120000;3.26;3.26;3.22;3.26;33;0
iЗаводДИОД;60;20170411;130000;3.25;3.27;3.25;3.27;4;0
iЗаводДИОД;60;20170411;160000;3.25;3.25;3.23;3.24;414;0
iЗаводДИОД;60;20170411;170000;3.25;3.25;3.23;3.25;55;0
iЗаводДИОД;60;20170411;180000;3.25;3.25;3.25;3.25;9;0
iЗаводДИОД;60;20170412;100000;3.25;3.26;3.21;3.24;181;0
iЗаводДИОД;60;20170412;110000;3.23;3.24;3.23;3.24;2;0
iЗаводДИОД;60;20170412;120000;3.24;3.26;3.24;3.26;123;0
iЗаводДИОД;60;20170412;140000;3.24;3.24;3.23;3.23;3;0
iЗаводДИОД;60;20170412;150000;3.25;3.27;3.25;3.27;3;0
iЗаводДИОД;60;20170412;160000;3.27;3.27;3.27;3.27;1;0
iЗаводДИОД;60;20170412;180000;3.25;3.25;3.25;3.25;1;0
iЗаводДИОД;60;20170413;100000;3.28;3.28;3.21;3.21;209;0
iЗаводДИОД;60;20170413;110000;3.26;3.26;3.26;3.26;1;0
iЗаводДИОД;60;20170413;130000;3.23;3.27;3.22;3.24;45;0
iЗаводДИОД;60;20170413;140000;3.26;3.27;3.26;3.27;2;0
iЗаводДИОД;60;20170414;100000;3.43;3.43;3.25;3.26;24;0
iЗаводДИОД;60;20170414;110000;3.24;3.24;3.22;3.22;6;0
iЗаводДИОД;60;20170414;130000;3.25;3.26;3.25;3.26;2;0
iЗаводДИОД;60;20170414;180000;3.24;3.27;3.24;3.27;11;0
iЗаводДИОД;60;20170417;100000;3.28;3.29;3.28;3.28;7;0
iЗаводДИОД;60;20170417;120000;3.27;3.27;3.27;3.27;1;0
iЗаводДИОД;60;20170417;160000;3.27;3.27;3.27;3.27;1;0
iЗаводДИОД;60;20170417;170000;3.25;3.29;3.24;3.29;41;0
iЗаводДИОД;60;20170418;100000;3.3;3.32;3.29;3.3;105;0
iЗаводДИОД;60;20170418;130000;3.26;3.3;3.22;3.3;265;0
iЗаводДИОД;60;20170418;150000;3.27;3.3;3.27;3.3;501;0
iЗаводДИОД;60;20170419;100000;3.33;3.33;3.33;3.33;1;0
iЗаводДИОД;60;20170419;110000;3.3;3.3;3.3;3.3;1;0
iЗаводДИОД;60;20170419;140000;3.27;3.27;3.26;3.26;6;0
iЗаводДИОД;60;20170419;150000;3.29;3.29;3.29;3.29;1;0
iЗаводДИОД;60;20170419;170000;3.26;3.29;3.26;3.29;5;0
iЗаводДИОД;60;20170419;180000;3.29;3.29;3.29;3.29;10;0
iЗаводДИОД;60;20170420;100000;3.3;3.3;3.25;3.26;30;0
iЗаводДИОД;60;20170420;110000;3.24;3.25;3.24;3.25;3;0
iЗаводДИОД;60;20170420;120000;3.24;3.26;3.24;3.26;7;0
iЗаводДИОД;60;20170420;130000;3.22;3.26;3.19;3.26;65;0
iЗаводДИОД;60;20170420;160000;3.25;3.25;3.25;3.25;4;0
iЗаводДИОД;60;20170420;180000;3.2;3.32;3.2;3.3;129;0
iЗаводДИОД;60;20170421;100000;3.3;3.3;3.3;3.3;1;0
iЗаводДИОД;60;20170421;170000;3.25;3.27;3.23;3.27;27;0
iЗаводДИОД;60;20170424;100000;3.3;3.3;3.29;3.29;609;0
iЗаводДИОД;60;20170424;110000;3.28;3.29;3.28;3.29;2;0
iЗаводДИОД;60;20170424;120000;3.25;3.29;3.24;3.29;16;0
iЗаводДИОД;60;20170424;130000;3.25;3.29;3.25;3.29;8;0
iЗаводДИОД;60;20170425;100000;3.28;3.28;3.28;3.28;2;0
iЗаводДИОД;60;20170425;110000;3.26;3.28;3.2;3.27;308;0
iЗаводДИОД;60;20170425;130000;3.25;3.26;3.25;3.26;5;0
iЗаводДИОД;60;20170425;180000;3.22;3.26;3.22;3.26;3;0
iЗаводДИОД;60;20170426;090000;3.27;3.27;3.27;3.27;1;0
iЗаводДИОД;60;20170426;100000;3.28;3.28;3.28;3.28;1;0
iЗаводДИОД;60;20170426;120000;3.27;3.27;3.27;3.27;8;0
iЗаводДИОД;60;20170426;130000;3.27;3.28;3.27;3.28;4;0
iЗаводДИОД;60;20170426;150000;3.27;3.28;3.27;3.28;2;0
iЗаводДИОД;60;20170426;180000;3.27;3.27;3.27;3.27;10;0
iЗаводДИОД;60;20170427;100000;3.26;3.28;3.26;3.28;2;0
iЗаводДИОД;60;20170427;120000;3.24;3.28;3.24;3.28;3;0
iЗаводДИОД;60;20170427;130000;3.28;3.28;3.28;3.28;70;0
iЗаводДИОД;60;20170427;180000;3.28;3.28;3.28;3.28;33;0
iЗаводДИОД;60;20170428;130000;3.25;3.26;3.2;3.26;81;0
iЗаводДИОД;60;20170428;150000;3.25;3.28;3.25;3.28;27;0
iЗаводДИОД;60;20170428;180000;3.25;3.25;3.25;3.25;10;0
iЗаводДИОД;60;20170502;100000;3.26;3.26;3.25;3.25;5;0
iЗаводДИОД;60;20170502;110000;3.24;3.25;3.24;3.25;11;0
iЗаводДИОД;60;20170502;130000;3.24;3.27;3.23;3.25;21;0
iЗаводДИОД;60;20170502;140000;3.24;3.25;3.24;3.25;16;0
iЗаводДИОД;60;20170502;150000;3.23;3.26;3.22;3.26;123;0
iЗаводДИОД;60;20170502;170000;3.23;3.26;3.23;3.26;30;0
iЗаводДИОД;60;20170502;180000;3.25;3.27;3.22;3.27;140;0
iЗаводДИОД;60;20170503;090000;3.27;3.27;3.27;3.27;1;0
iЗаводДИОД;60;20170503;110000;3.23;3.29;3.23;3.29;97;0
iЗаводДИОД;60;20170503;170000;3.24;3.25;3.16;3.25;893;0
iЗаводДИОД;60;20170503;180000;3.22;3.23;3.2;3.2;15;0
iЗаводДИОД;60;20170504;090000;3.22;3.22;3.22;3.22;1;0
iЗаводДИОД;60;20170504;100000;3.18;3.21;3.17;3.2;151;0
iЗаводДИОД;60;20170504;110000;3.19;3.21;3.18;3.21;119;0
iЗаводДИОД;60;20170504;120000;3.19;3.21;3.18;3.21;44;0
iЗаводДИОД;60;20170504;140000;3.2;3.22;3.2;3.22;48;0
iЗаводДИОД;60;20170504;150000;3.22;3.22;3.22;3.22;1;0
iЗаводДИОД;60;20170504;160000;3.22;3.22;3.22;3.22;1;0
iЗаводДИОД;60;20170504;170000;3.21;3.22;3.2;3.22;6;0
iЗаводДИОД;60;20170504;180000;3.21;3.22;3.21;3.22;3;0
iЗаводДИОД;60;20170505;100000;3.17;3.21;3.15;3.21;101;0
iЗаводДИОД;60;20170505;110000;3.16;3.19;3.16;3.19;2;0
iЗаводДИОД;60;20170505;130000;3.18;3.19;3.17;3.19;46;0
iЗаводДИОД;60;20170505;140000;3.2;3.2;3.2;3.2;1;0
iЗаводДИОД;60;20170505;160000;3.2;3.21;3.2;3.21;4;0
iЗаводДИОД;60;20170505;170000;3.19;3.21;3.19;3.21;4;0
iЗаводДИОД;60;20170505;180000;3.18;3.18;3.15;3.17;357;0
iЗаводДИОД;60;20170510;100000;3.18;3.18;3.15;3.18;48;0
iЗаводДИОД;60;20170510;110000;3.13;3.13;3.12;3.12;9;0
iЗаводДИОД;60;20170510;120000;3.17;3.17;3.17;3.17;1;0
iЗаводДИОД;60;20170510;130000;3.17;3.17;3.17;3.17;7;0
iЗаводДИОД;60;20170510;140000;3.14;3.18;3.14;3.18;13;0
iЗаводДИОД;60;20170510;150000;3.17;3.25;3.17;3.24;1739;0
iЗаводДИОД;60;20170510;160000;3.24;3.4;3.22;3.4;471;0
iЗаводДИОД;60;20170510;170000;3.31;3.31;3.25;3.28;413;0
iЗаводДИОД;60;20170510;180000;3.26;3.28;3.24;3.28;258;0
iЗаводДИОД;60;20170511;100000;3.2;3.25;3.2;3.25;98;0
iЗаводДИОД;60;20170511;110000;3.25;3.27;3.23;3.26;73;0
iЗаводДИОД;60;20170511;120000;3.24;3.24;3.24;3.24;1;0
iЗаводДИОД;60;20170511;130000;3.25;3.25;3.24;3.24;50;0
iЗаводДИОД;60;20170511;140000;3.25;3.25;3.25;3.25;18;0
iЗаводДИОД;60;20170511;160000;3.26;3.32;3.26;3.3;55;0
iЗаводДИОД;60;20170511;170000;3.26;3.26;3.23;3.23;21;0
iЗаводДИОД;60;20170511;180000;3.28;3.28;3.28;3.28;1;0
iЗаводДИОД;60;20170512;100000;3.26;3.29;3.21;3.23;57;0
iЗаводДИОД;60;20170512;110000;3.24;3.24;3.21;3.21;55;0
iЗаводДИОД;60;20170512;120000;3.22;3.22;3.21;3.21;5;0
iЗаводДИОД;60;20170512;130000;3.21;3.23;3.21;3.23;8;0
iЗаводДИОД;60;20170512;140000;3.22;3.24;3.22;3.24;20;0
iЗаводДИОД;60;20170512;160000;3.22;3.24;3.22;3.22;33;0
iЗаводДИОД;60;20170512;170000;3.23;3.24;3.21;3.22;62;0
iЗаводДИОД;60;20170512;180000;3.21;3.21;3.21;3.21;5;0
iЗаводДИОД;60;20170515;100000;3.25;3.25;3.25;3.25;1;0
iЗаводДИОД;60;20170515;110000;3.23;3.25;3.21;3.21;7;0
iЗаводДИОД;60;20170515;120000;3.25;3.25;3.25;3.25;1;0
iЗаводДИОД;60;20170515;160000;3.24;3.27;3.24;3.27;15;0
iЗаводДИОД;60;20170515;170000;3.24;3.34;3.24;3.34;56;0
iЗаводДИОД;60;20170515;180000;3.28;3.28;3.28;3.28;1;0
iЗаводДИОД;60;20170516;100000;3.29;3.29;3.29;3.29;1;0
iЗаводДИОД;60;20170516;120000;3.26;3.27;3.26;3.27;5;0
iЗаводДИОД;60;20170516;150000;3.25;3.26;3.2;3.21;153;0
iЗаводДИОД;60;20170516;160000;3.24;3.24;3.21;3.24;3;0
iЗаводДИОД;60;20170516;170000;3.2;3.22;3.2;3.21;13;0
iЗаводДИОД;60;20170516;180000;3.21;3.22;3.21;3.21;13;0
iЗаводДИОД;60;20170517;100000;3.21;3.21;3.21;3.21;1;0
iЗаводДИОД;60;20170517;120000;3.21;3.98;3.21;3.7;2878;0
iЗаводДИОД;60;20170517;130000;3.66;3.88;3.61;3.67;1156;0
iЗаводДИОД;60;20170517;140000;3.66;3.72;3.44;3.55;1148;0
iЗаводДИОД;60;20170517;150000;3.55;3.59;3.44;3.44;452;0
iЗаводДИОД;60;20170517;160000;3.48;3.52;3.48;3.51;20;0
iЗаводДИОД;60;20170517;170000;3.46;3.48;3.44;3.48;238;0
iЗаводДИОД;60;20170517;180000;3.49;3.5;3.49;3.5;2;0
iЗаводДИОД;60;20170518;100000;3.47;3.5;3.41;3.49;44;0
iЗаводДИОД;60;20170518;110000;3.42;3.48;3.41;3.47;98;0
iЗаводДИОД;60;20170518;120000;3.48;3.55;3.48;3.54;274;0
iЗаводДИОД;60;20170518;130000;3.54;3.54;3.5;3.5;61;0
iЗаводДИОД;60;20170518;160000;3.43;3.43;3.42;3.43;30;0
iЗаводДИОД;60;20170518;170000;3.42;3.42;3.41;3.41;4;0
iЗаводДИОД;60;20170518;180000;3.4;3.4;3.3;3.3;884;0
iЗаводДИОД;60;20170519;100000;3.37;3.37;3.35;3.36;16;0
iЗаводДИОД;60;20170519;110000;3.37;3.39;3.37;3.39;87;0
iЗаводДИОД;60;20170519;120000;3.38;3.39;3.35;3.35;9;0
iЗаводДИОД;60;20170519;130000;3.35;3.35;3.35;3.35;1;0
iЗаводДИОД;60;20170519;140000;3.35;3.35;3.35;3.35;1;0
iЗаводДИОД;60;20170519;150000;3.34;3.34;3.32;3.32;17;0
iЗаводДИОД;60;20170519;160000;3.35;3.48;3.31;3.42;789;0
iЗаводДИОД;60;20170519;170000;3.42;3.49;3.33;3.44;190;0
iЗаводДИОД;60;20170519;180000;3.44;3.49;3.44;3.49;71;0
iЗаводДИОД;60;20170522;100000;3.35;3.45;3.35;3.45;4;0
iЗаводДИОД;60;20170522;110000;3.45;3.45;3.37;3.37;14;0
iЗаводДИОД;60;20170522;120000;3.4;3.5;3.4;3.5;11;0
iЗаводДИОД;60;20170522;130000;3.49;3.49;3.49;3.49;1;0
iЗаводДИОД;60;20170522;150000;3.43;3.43;3.39;3.39;42;0
iЗаводДИОД;60;20170522;160000;3.45;3.47;3.45;3.47;3;0
iЗаводДИОД;60;20170522;170000;3.48;3.5;3.48;3.5;19;0
iЗаводДИОД;60;20170522;180000;3.41;3.5;3.4;3.5;80;0
iЗаводДИОД;60;20170523;100000;3.44;3.65;3.43;3.49;229;0
iЗаводДИОД;60;20170523;120000;3.53;3.53;3.52;3.53;15;0
iЗаводДИОД;60;20170523;140000;3.51;3.51;3.38;3.38;36;0
iЗаводДИОД;60;20170523;150000;3.5;3.5;3.5;3.5;3;0
iЗаводДИОД;60;20170523;180000;3.44;3.49;3.44;3.49;19;0
iЗаводДИОД;60;20170524;100000;3.45;3.49;3.45;3.49;3;0
iЗаводДИОД;60;20170524;110000;3.45;3.45;3.43;3.43;36;0
iЗаводДИОД;60;20170524;120000;3.42;3.47;3.4;3.47;72;0
iЗаводДИОД;60;20170524;130000;3.42;3.42;3.41;3.41;11;0
iЗаводДИОД;60;20170524;140000;3.44;3.44;3.44;3.44;5;0
iЗаводДИОД;60;20170524;150000;3.44;3.44;3.44;3.44;2;0
iЗаводДИОД;60;20170524;160000;3.47;3.47;3.47;3.47;6;0
iЗаводДИОД;60;20170525;100000;3.49;3.74;3.41;3.49;154;0
iЗаводДИОД;60;20170525;110000;3.51;3.6;3.51;3.58;108;0
iЗаводДИОД;60;20170525;120000;3.57;3.6;3.57;3.6;30;0
iЗаводДИОД;60;20170525;130000;3.58;3.59;3.58;3.59;11;0
iЗаводДИОД;60;20170525;140000;3.54;3.54;3.54;3.54;1;0
iЗаводДИОД;60;20170525;150000;3.54;3.54;3.54;3.54;1;0
iЗаводДИОД;60;20170525;160000;3.54;3.54;3.54;3.54;9;0
iЗаводДИОД;60;20170525;170000;3.54;3.54;3.54;3.54;4;0
iЗаводДИОД;60;20170525;180000;3.56;3.6;3.56;3.6;136;0
iЗаводДИОД;60;20170526;100000;3.6;3.62;3.56;3.62;49;0
iЗаводДИОД;60;20170526;110000;3.61;3.61;3.56;3.56;10;0
iЗаводДИОД;60;20170526;120000;3.58;3.65;3.5;3.59;109;0
iЗаводДИОД;60;20170526;130000;3.58;3.65;3.57;3.6;54;0
iЗаводДИОД;60;20170526;140000;3.59;3.59;3.53;3.56;9;0
iЗаводДИОД;60;20170526;150000;3.57;3.59;3.57;3.59;10;0
iЗаводДИОД;60;20170526;160000;3.6;3.6;3.58;3.58;11;0
iЗаводДИОД;60;20170526;170000;3.59;3.59;3.59;3.59;1;0
iЗаводДИОД;60;20170526;180000;3.58;3.59;3.57;3.57;6;0
iЗаводДИОД;60;20170529;100000;3.6;3.69;3.59;3.69;17;0
iЗаводДИОД;60;20170529;110000;3.64;3.64;3.64;3.64;1;0
iЗаводДИОД;60;20170529;120000;3.64;3.64;3.64;3.64;2;0
iЗаводДИОД;60;20170529;140000;3.65;3.7;3.65;3.7;95;0
iЗаводДИОД;60;20170529;150000;3.67;3.67;3.61;3.61;645;0
iЗаводДИОД;60;20170529;160000;3.63;3.69;3.61;3.61;44;0
iЗаводДИОД;60;20170529;170000;3.6;3.63;3.6;3.63;13;0
iЗаводДИОД;60;20170529;180000;3.64;3.66;3.59;3.59;19;0
iЗаводДИОД;60;20170530;090000;3.64;3.64;3.64;3.64;1;0
iЗаводДИОД;60;20170530;100000;3.61;3.64;3.6;3.63;19;0
iЗаводДИОД;60;20170530;110000;3.6;3.6;3.6;3.6;10;0
iЗаводДИОД;60;20170530;120000;3.63;3.63;3.6;3.6;2;0
iЗаводДИОД;60;20170530;130000;3.6;3.6;3.6;3.6;3;0
iЗаводДИОД;60;20170530;140000;3.6;3.6;3.6;3.6;30;0
iЗаводДИОД;60;20170530;160000;3.59;3.59;3.59;3.59;10;0
iЗаводДИОД;60;20170530;170000;3.58;3.62;3.58;3.62;2;0
iЗаводДИОД;60;20170530;180000;3.62;3.62;3.59;3.62;5;0
iЗаводДИОД;60;20170531;100000;3.6;3.6;3.52;3.52;6;0
iЗаводДИОД;60;20170531;110000;3.57;3.64;3.57;3.64;21;0
iЗаводДИОД;60;20170531;120000;3.61;3.61;3.61;3.61;1;0
iЗаводДИОД;60;20170531;140000;3.6;3.61;3.6;3.61;41;0
iЗаводДИОД;60;20170531;150000;3.61;3.64;3.61;3.64;20;0
iЗаводДИОД;60;20170531;160000;3.6;3.6;3.6;3.6;1;0
iЗаводДИОД;60;20170531;170000;3.6;3.6;3.6;3.6;1;0
iЗаводДИОД;60;20170531;180000;3.63;3.63;3.63;3.63;2;0
iЗаводДИОД;60;20170601;100000;3.65;3.65;3.59;3.59;33;0
iЗаводДИОД;60;20170601;110000;3.6;3.6;3.51;3.57;73;0
iЗаводДИОД;60;20170601;120000;3.56;3.59;3.56;3.59;9;0
iЗаводДИОД;60;20170601;130000;3.56;3.56;3.56;3.56;4;0
iЗаводДИОД;60;20170601;140000;3.55;3.55;3.54;3.54;13;0
iЗаводДИОД;60;20170601;150000;3.55;3.57;3.48;3.48;73;0
iЗаводДИОД;60;20170601;160000;3.5;3.54;3.45;3.5;376;0
iЗаводДИОД;60;20170601;170000;3.5;3.54;3.5;3.5;25;0
iЗаводДИОД;60;20170601;180000;3.5;3.5;3.46;3.5;95;0
iЗаводДИОД;60;20170602;100000;3.41;3.45;3.4;3.45;80;0
iЗаводДИОД;60;20170602;120000;3.5;3.5;3.5;3.5;2;0
iЗаводДИОД;60;20170602;130000;3.45;3.45;3.45;3.45;1;0
iЗаводДИОД;60;20170602;140000;3.5;3.51;3.5;3.51;2;0
iЗаводДИОД;60;20170602;150000;3.49;3.5;3.49;3.49;53;0
iЗаводДИОД;60;20170602;170000;3.47;3.5;3.46;3.5;31;0
iЗаводДИОД;60;20170602;180000;3.5;3.5;3.5;3.5;11;0
iЗаводДИОД;60;20170605;100000;3.51;3.57;3.23;3.57;84;0
iЗаводДИОД;60;20170605;110000;3.56;3.58;3.53;3.57;8;0
iЗаводДИОД;60;20170605;120000;3.54;3.54;3.5;3.52;134;0
iЗаводДИОД;60;20170605;130000;3.5;3.5;3.5;3.5;10;0
iЗаводДИОД;60;20170605;140000;3.52;3.52;3.43;3.43;48;0
iЗаводДИОД;60;20170605;150000;3.51;3.53;3.51;3.53;3;0
iЗаводДИОД;60;20170605;160000;3.54;3.57;3.54;3.54;9;0
iЗаводДИОД;60;20170605;170000;3.53;3.53;3.53;3.53;1;0
iЗаводДИОД;60;20170605;180000;3.52;3.52;3.52;3.52;1;0
iЗаводДИОД;60;20170606;120000;3.56;3.57;3.56;3.57;2;0
iЗаводДИОД;60;20170606;130000;3.56;3.56;3.35;3.5;65;0
iЗаводДИОД;60;20170606;140000;3.49;3.49;3.46;3.46;7;0
iЗаводДИОД;60;20170606;150000;3.46;3.48;3.46;3.48;10;0
iЗаводДИОД;60;20170606;170000;3.45;3.48;3.37;3.48;72;0
iЗаводДИОД;60;20170607;100000;3.48;3.5;3.48;3.5;11;0
iЗаводДИОД;60;20170607;110000;3.5;3.5;3.5;3.5;1;0
iЗаводДИОД;60;20170607;120000;3.5;3.51;3.5;3.51;13;0
iЗаводДИОД;60;20170607;140000;3.5;3.5;3.5;3.5;1;0
iЗаводДИОД;60;20170607;150000;3.52;3.54;3.5;3.5;30;0
iЗаводДИОД;60;20170607;160000;3.5;3.5;3.49;3.49;34;0
iЗаводДИОД;60;20170607;170000;3.48;3.48;3.45;3.45;319;0
iЗаводДИОД;60;20170608;100000;3.48;3.61;3.47;3.5;234;0
iЗаводДИОД;60;20170608;110000;3.49;3.49;3.45;3.45;25;0
iЗаводДИОД;60;20170608;130000;3.44;3.44;3.43;3.43;2;0
iЗаводДИОД;60;20170608;150000;3.44;3.44;3.4;3.4;194;0
iЗаводДИОД;60;20170608;160000;3.39;3.39;3.36;3.36;90;0
iЗаводДИОД;60;20170608;170000;3.37;3.4;3.37;3.4;29;0
iЗаводДИОД;60;20170608;180000;3.42;3.42;3.4;3.4;6;0
iЗаводДИОД;60;20170609;100000;3.37;3.45;3.37;3.44;51;0
iЗаводДИОД;60;20170609;110000;3.46;3.46;3.46;3.46;1;0
iЗаводДИОД;60;20170609;120000;3.46;3.55;3.45;3.45;99;0
iЗаводДИОД;60;20170609;130000;3.46;3.46;3.46;3.46;4;0
iЗаводДИОД;60;20170609;150000;3.46;3.46;3.46;3.46;2;0
iЗаводДИОД;60;20170609;160000;3.51;3.55;3.49;3.49;38;0
iЗаводДИОД;60;20170609;170000;3.49;3.51;3.49;3.51;6;0
iЗаводДИОД;60;20170609;180000;3.51;3.65;3.51;3.65;196;0
iЗаводДИОД;60;20170613;090000;3.46;3.46;3.46;3.46;2;0
iЗаводДИОД;60;20170613;100000;3.45;3.69;3.45;3.69;16;0
iЗаводДИОД;60;20170613;110000;3.7;3.7;3.6;3.67;17;0
iЗаводДИОД;60;20170613;120000;3.66;3.66;3.66;3.66;3;0
iЗаводДИОД;60;20170613;130000;3.61;3.61;3.6;3.6;7;0
iЗаводДИОД;60;20170613;140000;3.59;3.59;3.59;3.59;1;0
iЗаводДИОД;60;20170613;150000;3.59;3.59;3.55;3.59;34;0
iЗаводДИОД;60;20170613;160000;3.56;3.57;3.49;3.49;194;0
iЗаводДИОД;60;20170613;170000;3.56;3.75;3.56;3.75;407;0
iЗаводДИОД;60;20170613;180000;3.75;3.75;3.61;3.74;29;0
iЗаводДИОД;60;20170614;100000;3.63;3.66;3.63;3.63;6;0
iЗаводДИОД;60;20170614;130000;3.66;3.68;3.65;3.68;13;0
iЗаводДИОД;60;20170614;140000;3.65;3.65;3.64;3.64;5;0
iЗаводДИОД;60;20170614;150000;3.63;3.63;3.61;3.61;22;0
iЗаводДИОД;60;20170614;160000;3.64;3.64;3.61;3.61;2;0
iЗаводДИОД;60;20170614;180000;3.61;3.62;3.6;3.62;106;0
iЗаводДИОД;60;20170615;100000;3.51;3.51;3.51;3.51;5;0
iЗаводДИОД;60;20170615;120000;3.63;3.65;3.44;3.46;28;0
iЗаводДИОД;60;20170615;150000;3.46;3.62;3.44;3.62;30;0
iЗаводДИОД;60;20170615;160000;3.45;3.55;3.43;3.49;25;0
iЗаводДИОД;60;20170615;170000;3.5;3.5;3.5;3.5;1;0
iЗаводДИОД;60;20170615;180000;3.5;3.5;3.5;3.5;1;0
iЗаводДИОД;60;20170616;090000;3.5;3.5;3.5;3.5;2;0
iЗаводДИОД;60;20170616;100000;3.59;3.59;3.59;3.59;1;0
iЗаводДИОД;60;20170616;110000;3.52;3.59;3.52;3.59;2;0
iЗаводДИОД;60;20170616;120000;3.61;3.62;3.61;3.62;3;0
iЗаводДИОД;60;20170616;150000;3.62;3.75;3.62;3.64;108;0
iЗаводДИОД;60;20170616;170000;3.61;3.61;3.54;3.56;37;0
iЗаводДИОД;60;20170616;180000;3.54;3.58;3.54;3.58;12;0
iЗаводДИОД;60;20170619;110000;3.73;3.74;3.61;3.61;83;0
iЗаводДИОД;60;20170619;120000;3.65;3.74;3.65;3.68;85;0
iЗаводДИОД;60;20170619;140000;3.65;3.65;3.64;3.64;74;0
iЗаводДИОД;60;20170619;150000;3.67;3.71;3.67;3.71;4;0
iЗаводДИОД;60;20170619;160000;3.66;3.66;3.63;3.65;203;0
iЗаводДИОД;60;20170619;170000;3.65;3.68;3.65;3.68;12;0
iЗаводДИОД;60;20170619;180000;3.68;3.75;3.68;3.73;291;0
iЗаводДИОД;60;20170620;100000;3.68;3.83;3.68;3.83;244;0
iЗаводДИОД;60;20170620;110000;3.78;3.94;3.78;3.94;131;0
iЗаводДИОД;60;20170620;120000;3.92;3.93;3.8;3.8;224;0
iЗаводДИОД;60;20170620;130000;3.81;3.81;3.81;3.81;5;0
iЗаводДИОД;60;20170620;140000;3.85;3.86;3.81;3.86;92;0
iЗаводДИОД;60;20170620;150000;3.8;3.8;3.8;3.8;6;0
iЗаводДИОД;60;20170620;160000;3.79;3.79;3.71;3.73;100;0
iЗаводДИОД;60;20170620;170000;3.72;3.73;3.67;3.72;114;0
iЗаводДИОД;60;20170620;180000;3.71;3.72;3.71;3.71;7;0
iЗаводДИОД;60;20170621;100000;3.65;3.66;3.63;3.65;27;0
iЗаводДИОД;60;20170621;110000;3.71;3.79;3.71;3.79;40;0
iЗаводДИОД;60;20170621;130000;3.74;3.79;3.67;3.67;44;0
iЗаводДИОД;60;20170621;140000;3.68;3.68;3.56;3.6;150;0
iЗаводДИОД;60;20170621;150000;3.65;3.65;3.64;3.64;6;0
iЗаводДИОД;60;20170621;160000;3.66;3.78;3.62;3.78;99;0
iЗаводДИОД;60;20170621;170000;3.75;3.79;3.7;3.7;28;0
iЗаводДИОД;60;20170621;180000;3.72;3.73;3.68;3.68;17;0
iЗаводДИОД;60;20170622;100000;3.78;3.84;3.78;3.84;20;0
iЗаводДИОД;60;20170622;110000;3.8;3.8;3.8;3.8;3;0
iЗаводДИОД;60;20170622;120000;3.74;3.8;3.74;3.8;2;0
iЗаводДИОД;60;20170622;130000;3.74;3.74;3.73;3.73;5;0
iЗаводДИОД;60;20170622;140000;3.79;3.82;3.79;3.82;41;0
iЗаводДИОД;60;20170622;150000;3.8;3.8;3.8;3.8;2;0
iЗаводДИОД;60;20170622;160000;3.82;3.83;3.82;3.83;14;0
iЗаводДИОД;60;20170622;170000;3.75;3.75;3.74;3.74;46;0
iЗаводДИОД;60;20170622;180000;3.74;3.82;3.72;3.73;69;0
iЗаводДИОД;60;20170623;110000;3.72;3.72;3.72;3.72;2;0
iЗаводДИОД;60;20170623;130000;3.77;3.77;3.77;3.77;1;0
iЗаводДИОД;60;20170623;140000;3.77;3.77;3.77;3.77;4;0
iЗаводДИОД;60;20170623;180000;3.8;3.82;3.75;3.75;12;0
iЗаводДИОД;60;20170626;100000;3.79;3.81;3.78;3.78;16;0
iЗаводДИОД;60;20170626;120000;3.81;3.81;3.81;3.81;23;0
iЗаводДИОД;60;20170626;140000;3.78;3.78;3.78;3.78;90;0
iЗаводДИОД;60;20170626;150000;3.78;3.82;3.78;3.82;46;0
iЗаводДИОД;60;20170626;160000;3.78;3.9;3.76;3.9;62;0
iЗаводДИОД;60;20170626;170000;3.9;3.9;3.84;3.84;19;0
iЗаводДИОД;60;20170626;180000;3.78;3.86;3.78;3.85;5;0
iЗаводДИОД;60;20170627;100000;3.86;3.91;3.73;3.9;44;0
iЗаводДИОД;60;20170627;110000;3.84;3.87;3.75;3.87;87;0
iЗаводДИОД;60;20170627;120000;3.83;3.91;3.82;3.9;254;0
iЗаводДИОД;60;20170627;130000;3.9;3.91;3.86;3.86;22;0
iЗаводДИОД;60;20170627;140000;3.85;3.85;3.78;3.81;362;0
iЗаводДИОД;60;20170627;160000;3.8;3.8;3.8;3.8;1;0
iЗаводДИОД;60;20170627;170000;3.78;3.83;3.76;3.83;13;0
iЗаводДИОД;60;20170627;180000;3.83;3.89;3.83;3.86;86;0
iЗаводДИОД;60;20170628;090000;3.95;3.95;3.95;3.95;30;0
iЗаводДИОД;60;20170628;100000;3.94;3.94;3.92;3.93;53;0
iЗаводДИОД;60;20170628;110000;3.89;3.92;3.88;3.89;17;0
iЗаводДИОД;60;20170628;120000;3.9;3.9;3.86;3.86;16;0
iЗаводДИОД;60;20170628;130000;3.87;3.87;3.87;3.87;7;0
iЗаводДИОД;60;20170628;140000;3.85;3.85;3.84;3.84;28;0
iЗаводДИОД;60;20170628;150000;3.87;3.92;3.87;3.9;18;0
iЗаводДИОД;60;20170628;160000;3.86;3.89;3.85;3.89;304;0
iЗаводДИОД;60;20170628;170000;3.87;3.9;3.86;3.9;39;0
iЗаводДИОД;60;20170628;180000;3.9;3.92;3.88;3.91;7;0
iЗаводДИОД;60;20170629;100000;3.88;3.94;3.88;3.93;60;0
iЗаводДИОД;60;20170629;110000;3.89;3.93;3.88;3.93;5;0
iЗаводДИОД;60;20170629;120000;3.93;3.93;3.89;3.89;4;0
iЗаводДИОД;60;20170629;130000;3.89;3.89;3.87;3.87;11;0
iЗаводДИОД;60;20170629;140000;3.9;3.9;3.9;3.9;11;0
iЗаводДИОД;60;20170629;150000;3.87;3.88;3.78;3.88;93;0
iЗаводДИОД;60;20170629;160000;3.88;3.88;3.88;3.88;23;0
iЗаводДИОД;60;20170629;180000;3.89;3.89;3.87;3.87;4;0
iЗаводДИОД;60;20170630;100000;3.87;4.12;3.87;3.99;754;0
iЗаводДИОД;60;20170630;110000;3.98;3.99;3.89;3.98;115;0
iЗаводДИОД;60;20170630;120000;3.98;4.02;3.98;4.02;193;0
iЗаводДИОД;60;20170630;130000;4.02;4.02;3.9;3.97;197;0
iЗаводДИОД;60;20170630;140000;3.95;3.96;3.86;3.95;90;0
iЗаводДИОД;60;20170630;150000;3.91;3.96;3.91;3.96;21;0
iЗаводДИОД;60;20170630;160000;3.96;3.97;3.96;3.96;91;0
iЗаводДИОД;60;20170630;170000;3.95;3.95;3.89;3.89;42;0
iЗаводДИОД;60;20170630;180000;3.94;3.95;3.94;3.95;16;0
iЗаводДИОД;60;20170703;100000;3.99;4.13;3.9;3.93;95;0
iЗаводДИОД;60;20170703;110000;3.93;4.01;3.91;4.01;493;0
iЗаводДИОД;60;20170703;120000;4;4.12;3.92;4.06;606;0
iЗаводДИОД;60;20170703;130000;4.06;4.08;4.05;4.08;34;0
iЗаводДИОД;60;20170703;140000;4.05;4.1;4;4;137;0
iЗаводДИОД;60;20170703;150000;4;4.08;3.95;4.05;67;0
iЗаводДИОД;60;20170703;160000;4.04;4.06;4.01;4.06;37;0
iЗаводДИОД;60;20170703;170000;4.06;4.07;4.01;4.07;41;0
iЗаводДИОД;60;20170703;180000;4.01;4.06;4.01;4.06;50;0
iЗаводДИОД;60;20170704;100000;4.07;4.18;4;4.07;74;0
iЗаводДИОД;60;20170704;110000;4.04;4.04;4.03;4.04;13;0
iЗаводДИОД;60;20170704;120000;4.05;4.07;4.05;4.05;16;0
iЗаводДИОД;60;20170704;140000;4.03;4.07;4.01;4.01;31;0
iЗаводДИОД;60;20170704;150000;4.06;4.06;4.06;4.06;21;0
iЗаводДИОД;60;20170704;160000;4.02;4.04;3.81;3.96;650;0
iЗаводДИОД;60;20170704;170000;3.86;4.01;3.86;3.94;539;0
iЗаводДИОД;60;20170704;180000;3.95;3.98;3.86;3.98;52;0
iЗаводДИОД;60;20170705;100000;3.99;3.99;3.99;3.99;3;0
iЗаводДИОД;60;20170705;110000;3.95;3.95;3.9;3.95;9;0
iЗаводДИОД;60;20170705;120000;3.9;3.9;3.9;3.9;6;0
iЗаводДИОД;60;20170705;140000;3.9;4.01;3.83;4.01;325;0
iЗаводДИОД;60;20170705;150000;3.96;3.96;3.96;3.96;1;0
iЗаводДИОД;60;20170705;160000;3.99;4.04;3.99;4.04;96;0
iЗаводДИОД;60;20170705;170000;3.99;3.99;3.95;3.95;64;0
iЗаводДИОД;60;20170705;180000;3.97;3.97;3.95;3.96;102;0
iЗаводДИОД;60;20170706;110000;3.98;4;3.96;3.96;32;0
iЗаводДИОД;60;20170706;120000;3.92;4;3.9;4;48;0
iЗаводДИОД;60;20170706;130000;3.96;3.96;3.9;3.9;20;0
iЗаводДИОД;60;20170706;140000;3.98;4;3.98;3.99;253;0
iЗаводДИОД;60;20170706;150000;3.93;3.93;3.92;3.92;7;0
iЗаводДИОД;60;20170706;160000;3.92;3.95;3.92;3.95;6;0
iЗаводДИОД;60;20170706;170000;3.96;4;3.94;4;88;0
iЗаводДИОД;60;20170706;180000;4.01;4.01;3.95;3.95;6;0
iЗаводДИОД;60;20170707;100000;3.95;3.95;3.95;3.95;7;0
iЗаводДИОД;60;20170707;120000;3.97;3.97;3.97;3.97;12;0
iЗаводДИОД;60;20170707;130000;3.97;3.99;3.97;3.99;39;0
iЗаводДИОД;60;20170707;140000;4;4.01;4;4.01;25;0
iЗаводДИОД;60;20170707;150000;4.02;4.02;4.02;4.02;1;0
iЗаводДИОД;60;20170707;160000;3.98;4.02;3.95;3.96;33;0
iЗаводДИОД;60;20170707;170000;3.99;4;3.99;4;47;0
iЗаводДИОД;60;20170707;180000;3.98;4.01;3.96;4.01;57;0
iЗаводДИОД;60;20170710;100000;3.95;4.04;3.95;4.04;103;0
iЗаводДИОД;60;20170710;110000;4.03;4.04;3.99;4;209;0
iЗаводДИОД;60;20170710;120000;4.03;4.11;4.03;4.1;150;0
iЗаводДИОД;60;20170710;130000;4.1;4.1;4.01;4.08;134;0
iЗаводДИОД;60;20170710;140000;4.03;4.05;3.98;3.98;372;0
iЗаводДИОД;60;20170710;150000;4.02;4.02;3.98;3.98;33;0
iЗаводДИОД;60;20170710;160000;4;4.02;4;4.02;22;0
iЗаводДИОД;60;20170710;170000;3.99;4.03;3.99;4.01;56;0
iЗаводДИОД;60;20170710;180000;4.01;4.04;4;4.04;133;0
iЗаводДИОД;60;20170711;100000;4.06;4.06;4.02;4.02;114;0
iЗаводДИОД;60;20170711;110000;4.04;4.05;4.03;4.03;63;0
iЗаводДИОД;60;20170711;120000;4.05;4.07;4.05;4.07;115;0
iЗаводДИОД;60;20170711;130000;4.07;4.08;4.03;4.03;117;0
iЗаводДИОД;60;20170711;140000;4.05;4.07;4.05;4.06;40;0
iЗаводДИОД;60;20170711;150000;4.05;4.1;4.03;4.09;349;0
iЗаводДИОД;60;20170711;160000;4.09;4.09;4.07;4.07;14;0
iЗаводДИОД;60;20170711;170000;4.09;4.09;4.05;4.05;65;0
iЗаводДИОД;60;20170711;180000;4.08;4.14;4.05;4.06;627;0
iЗаводДИОД;60;20170712;090000;3.92;3.92;3.92;3.92;51;0
iЗаводДИОД;60;20170712;100000;3.92;3.98;3.82;3.84;97;0
iЗаводДИОД;60;20170712;110000;3.83;3.83;3.76;3.79;480;0
iЗаводДИОД;60;20170712;120000;3.79;3.82;3.75;3.75;126;0
iЗаводДИОД;60;20170712;130000;3.8;3.8;3.76;3.79;18;0
iЗаводДИОД;60;20170712;140000;3.8;3.8;3.77;3.79;16;0
iЗаводДИОД;60;20170712;150000;3.78;3.79;3.75;3.75;115;0
iЗаводДИОД;60;20170712;160000;3.76;3.76;3.75;3.75;5;0
iЗаводДИОД;60;20170712;170000;3.75;3.75;3.75;3.75;1;0
iЗаводДИОД;60;20170712;180000;3.78;3.87;3.76;3.8;285;0
iЗаводДИОД;60;20170713;100000;3.76;3.76;3.74;3.76;31;0
iЗаводДИОД;60;20170713;110000;3.75;3.76;3.75;3.76;25;0
iЗаводДИОД;60;20170713;120000;3.77;3.77;3.76;3.76;4;0
iЗаводДИОД;60;20170713;130000;3.77;3.77;3.77;3.77;1;0
iЗаводДИОД;60;20170713;140000;3.76;3.77;3.71;3.73;114;0
iЗаводДИОД;60;20170713;150000;3.73;3.76;3.73;3.73;5;0
iЗаводДИОД;60;20170713;170000;3.74;3.74;3.71;3.73;43;0
iЗаводДИОД;60;20170713;180000;3.72;3.75;3.71;3.75;9;0
iЗаводДИОД;60;20170714;100000;3.72;3.72;3.7;3.7;115;0
iЗаводДИОД;60;20170714;110000;3.74;3.74;3.67;3.67;120;0
iЗаводДИОД;60;20170714;120000;3.68;3.68;3.67;3.67;48;0
iЗаводДИОД;60;20170714;140000;3.67;3.67;3.56;3.63;1016;0
iЗаводДИОД;60;20170714;150000;3.58;3.58;3.53;3.55;141;0
iЗаводДИОД;60;20170714;160000;3.55;3.58;3.55;3.58;2;0
iЗаводДИОД;60;20170714;170000;3.55;3.6;3.55;3.55;244;0
iЗаводДИОД;60;20170714;180000;3.58;3.63;3.56;3.57;131;0
iЗаводДИОД;60;20170717;100000;3.56;3.56;3.56;3.56;20;0
iЗаводДИОД;60;20170717;120000;3.56;3.63;3.53;3.54;196;0
iЗаводДИОД;60;20170717;130000;3.57;3.57;3.57;3.57;4;0
iЗаводДИОД;60;20170717;140000;3.57;3.57;3.56;3.56;2;0
iЗаводДИОД;60;20170717;150000;3.55;3.55;3.54;3.54;42;0
iЗаводДИОД;60;20170717;160000;3.57;3.57;3.57;3.57;2;0
iЗаводДИОД;60;20170717;170000;3.57;3.57;3.55;3.55;21;0
iЗаводДИОД;60;20170717;180000;3.55;3.56;3.55;3.56;19;0
iЗаводДИОД;60;20170718;100000;3.59;3.59;3.59;3.59;3;0
iЗаводДИОД;60;20170718;110000;3.58;3.6;3.56;3.6;17;0
iЗаводДИОД;60;20170718;130000;3.59;3.6;3.59;3.6;15;0
iЗаводДИОД;60;20170718;140000;3.57;3.57;3.57;3.57;4;0
iЗаводДИОД;60;20170718;150000;3.56;3.56;3.55;3.55;7;0
iЗаводДИОД;60;20170718;160000;3.56;3.56;3.54;3.54;23;0
iЗаводДИОД;60;20170718;170000;3.55;3.55;3.55;3.55;23;0
iЗаводДИОД;60;20170718;180000;3.55;3.57;3.55;3.56;52;0
iЗаводДИОД;60;20170719;100000;3.55;3.58;3.51;3.58;78;0
iЗаводДИОД;60;20170719;120000;3.58;3.58;3.58;3.58;1;0
iЗаводДИОД;60;20170719;140000;3.57;3.58;3.57;3.58;2;0
iЗаводДИОД;60;20170719;170000;3.57;3.58;3.57;3.58;3;0
iЗаводДИОД;60;20170719;180000;3.57;3.58;3.56;3.57;4;0
iЗаводДИОД;60;20170720;100000;3.58;3.58;3.58;3.58;4;0
iЗаводДИОД;60;20170720;110000;3.57;3.57;3.57;3.57;2;0
iЗаводДИОД;60;20170720;120000;3.56;3.56;3.56;3.56;1;0
iЗаводДИОД;60;20170720;130000;3.58;3.58;3.58;3.58;1;0
iЗаводДИОД;60;20170720;140000;3.58;3.58;3.58;3.58;1;0
iЗаводДИОД;60;20170720;160000;3.57;3.57;3.57;3.57;3;0
iЗаводДИОД;60;20170720;170000;3.56;3.56;3.56;3.56;2;0
iЗаводДИОД;60;20170720;180000;3.55;3.57;3.53;3.57;3;0
iЗаводДИОД;60;20170721;100000;3.57;3.57;3.56;3.56;4;0
iЗаводДИОД;60;20170721;140000;3.55;3.56;3.54;3.56;98;0
iЗаводДИОД;60;20170721;150000;3.56;3.56;3.56;3.56;14;0
iЗаводДИОД;60;20170721;160000;3.56;3.56;3.56;3.56;5;0
iЗаводДИОД;60;20170721;170000;3.56;3.57;3.55;3.57;57;0
iЗаводДИОД;60;20170721;180000;3.55;3.55;3.55;3.55;8;0
iЗаводДИОД;60;20170724;100000;3.57;3.57;3.57;3.57;1;0
iЗаводДИОД;60;20170724;110000;3.55;3.55;3.53;3.53;30;0
iЗаводДИОД;60;20170724;120000;3.56;3.56;3.56;3.56;1;0
iЗаводДИОД;60;20170724;130000;3.55;3.55;3.54;3.54;18;0
iЗаводДИОД;60;20170724;140000;3.56;3.56;3.54;3.54;66;0
iЗаводДИОД;60;20170724;150000;3.57;3.57;3.57;3.57;1;0
iЗаводДИОД;60;20170724;170000;3.57;3.57;3.53;3.53;104;0
iЗаводДИОД;60;20170724;180000;3.56;3.57;3.56;3.57;19;0
iЗаводДИОД;60;20170725;100000;3.57;3.63;3.57;3.61;551;0
iЗаводДИОД;60;20170725;110000;3.59;3.6;3.56;3.56;12;0
iЗаводДИОД;60;20170725;120000;3.59;3.6;3.59;3.6;5;0
iЗаводДИОД;60;20170725;150000;3.58;3.58;3.57;3.57;3;0
iЗаводДИОД;60;20170725;160000;3.56;3.57;3.56;3.57;12;0
iЗаводДИОД;60;20170725;180000;3.57;3.57;3.57;3.57;26;0
iЗаводДИОД;60;20170726;100000;3.56;3.56;3.56;3.56;31;0
iЗаводДИОД;60;20170726;110000;3.58;3.58;3.58;3.58;1;0
iЗаводДИОД;60;20170726;120000;3.58;3.58;3.57;3.57;11;0
iЗаводДИОД;60;20170726;130000;3.57;3.57;3.51;3.51;252;0
iЗаводДИОД;60;20170726;140000;3.53;3.53;3.53;3.53;4;0
iЗаводДИОД;60;20170726;160000;3.55;3.55;3.55;3.55;1;0
iЗаводДИОД;60;20170726;180000;3.54;3.54;3.53;3.53;8;0
iЗаводДИОД;60;20170727;110000;3.57;3.6;3.57;3.6;27;0
iЗаводДИОД;60;20170727;130000;3.58;3.58;3.58;3.58;8;0
iЗаводДИОД;60;20170727;140000;3.58;3.6;3.57;3.57;331;0
iЗаводДИОД;60;20170727;150000;3.59;3.6;3.57;3.57;174;0
iЗаводДИОД;60;20170727;160000;3.6;3.6;3.6;3.6;14;0
iЗаводДИОД;60;20170727;170000;3.57;3.58;3.57;3.57;46;0
iЗаводДИОД;60;20170727;180000;3.57;3.59;3.57;3.59;19;0
iЗаводДИОД;60;20170728;100000;3.55;3.59;3.55;3.58;3;0
iЗаводДИОД;60;20170728;110000;3.56;3.59;3.55;3.59;28;0
iЗаводДИОД;60;20170728;120000;3.6;3.6;3.6;3.6;1;0
iЗаводДИОД;60;20170728;150000;3.57;3.57;3.55;3.55;104;0
iЗаводДИОД;60;20170728;160000;3.55;3.55;3.55;3.55;5;0
iЗаводДИОД;60;20170728;170000;3.55;3.55;3.55;3.55;1;0
iЗаводДИОД;60;20170728;180000;3.59;3.59;3.59;3.59;1;0
iЗаводДИОД;60;20170731;100000;3.56;3.59;3.56;3.59;27;0
iЗаводДИОД;60;20170731;110000;3.59;3.59;3.57;3.59;4;0
iЗаводДИОД;60;20170731;160000;3.57;3.57;3.56;3.56;21;0
iЗаводДИОД;60;20170731;170000;3.57;3.57;3.56;3.56;16;0
iЗаводДИОД;60;20170731;180000;3.55;3.57;3.55;3.57;25;0
iЗаводДИОД;60;20170801;100000;3.59;3.59;3.59;3.59;1;0
iЗаводДИОД;60;20170801;110000;3.56;3.58;3.55;3.58;20;0
iЗаводДИОД;60;20170801;140000;3.57;3.57;3.57;3.57;30;0
iЗаводДИОД;60;20170801;160000;3.56;3.56;3.56;3.56;1;0
iЗаводДИОД;60;20170801;170000;3.57;3.58;3.57;3.58;56;0
iЗаводДИОД;60;20170801;180000;3.58;3.58;3.56;3.58;33;0
iЗаводДИОД;60;20170802;100000;3.57;3.58;3.57;3.58;34;0
iЗаводДИОД;60;20170802;120000;3.58;3.63;3.58;3.6;432;0
iЗаводДИОД;60;20170802;130000;3.6;3.65;3.6;3.61;723;0
iЗаводДИОД;60;20170802;140000;3.6;3.7;3.55;3.7;354;0
iЗаводДИОД;60;20170802;150000;3.58;3.63;3.58;3.62;19;0
iЗаводДИОД;60;20170802;160000;3.58;3.6;3.51;3.57;712;0
iЗаводДИОД;60;20170802;170000;3.55;3.57;3.54;3.57;27;0
iЗаводДИОД;60;20170802;180000;3.57;3.58;3.57;3.58;121;0
iЗаводДИОД;60;20170803;100000;3.6;3.6;3.58;3.58;362;0
iЗаводДИОД;60;20170803;120000;3.59;3.59;3.57;3.57;6;0
iЗаводДИОД;60;20170803;130000;3.58;3.58;3.57;3.57;37;0
iЗаводДИОД;60;20170803;140000;3.57;3.57;3.57;3.57;1;0
iЗаводДИОД;60;20170803;150000;3.58;3.58;3.58;3.58;1;0
iЗаводДИОД;60;20170803;180000;3.57;3.58;3.57;3.57;26;0
iЗаводДИОД;60;20170804;100000;3.58;3.58;3.43;3.54;524;0
iЗаводДИОД;60;20170804;110000;3.55;3.55;3.55;3.55;39;0
iЗаводДИОД;60;20170804;120000;3.55;3.55;3.55;3.55;1;0
iЗаводДИОД;60;20170804;130000;3.54;3.55;3.54;3.55;10;0
iЗаводДИОД;60;20170804;150000;3.55;3.57;3.54;3.55;95;0
iЗаводДИОД;60;20170804;160000;3.55;3.55;3.55;3.55;18;0
iЗаводДИОД;60;20170804;170000;3.55;3.55;3.54;3.54;4;0
iЗаводДИОД;60;20170804;180000;3.54;3.55;3.54;3.54;95;0
iЗаводДИОД;60;20170807;100000;3.56;3.67;3.54;3.55;365;0
iЗаводДИОД;60;20170807;110000;3.55;3.56;3.55;3.56;13;0
iЗаводДИОД;60;20170807;120000;3.55;3.56;3.55;3.56;6;0
iЗаводДИОД;60;20170807;130000;3.54;3.56;3.54;3.56;61;0
iЗаводДИОД;60;20170807;140000;3.56;3.56;3.55;3.56;59;0
iЗаводДИОД;60;20170807;150000;3.55;3.56;3.55;3.56;9;0
iЗаводДИОД;60;20170807;160000;3.56;3.56;3.55;3.55;8;0
iЗаводДИОД;60;20170807;170000;3.56;3.56;3.55;3.56;13;0
iЗаводДИОД;60;20170807;180000;3.56;3.56;3.53;3.56;33;0
iЗаводДИОД;60;20170808;100000;3.55;3.55;3.55;3.55;8;0
iЗаводДИОД;60;20170808;120000;3.55;3.55;3.55;3.55;1;0
iЗаводДИОД;60;20170808;130000;3.54;3.57;3.52;3.56;67;0
iЗаводДИОД;60;20170808;160000;3.55;3.55;3.55;3.55;31;0
iЗаводДИОД;60;20170808;170000;3.55;3.55;3.46;3.52;355;0
iЗаводДИОД;60;20170808;180000;3.52;3.53;3.5;3.53;34;0
iЗаводДИОД;60;20170809;100000;3.55;3.55;3.55;3.55;1;0
iЗаводДИОД;60;20170809;130000;3.53;3.55;3.53;3.54;24;0
iЗаводДИОД;60;20170809;150000;3.53;3.53;3.53;3.53;1;0
iЗаводДИОД;60;20170809;160000;3.54;3.54;3.53;3.53;2;0
iЗаводДИОД;60;20170809;180000;3.52;3.52;3.49;3.5;41;0
iЗаводДИОД;60;20170810;100000;3.5;3.57;3.5;3.57;8;0
iЗаводДИОД;60;20170810;110000;3.55;3.55;3.55;3.55;2;0
iЗаводДИОД;60;20170810;120000;3.55;3.55;3.55;3.55;1;0
iЗаводДИОД;60;20170810;150000;3.53;3.53;3.5;3.53;29;0
iЗаводДИОД;60;20170810;160000;3.53;3.53;3.53;3.53;11;0
iЗаводДИОД;60;20170810;180000;3.53;3.53;3.5;3.52;112;0
iЗаводДИОД;60;20170811;100000;3.56;3.56;3.56;3.56;1;0
iЗаводДИОД;60;20170811;110000;3.53;3.53;3.51;3.52;6;0
iЗаводДИОД;60;20170811;120000;3.51;3.54;3.51;3.54;13;0
iЗаводДИОД;60;20170811;130000;3.52;3.53;3.52;3.53;23;0
iЗаводДИОД;60;20170811;140000;3.53;3.53;3.53;3.53;2;0
iЗаводДИОД;60;20170811;150000;3.52;3.52;3.52;3.52;5;0
iЗаводДИОД;60;20170811;160000;3.53;3.53;3.53;3.53;1;0
iЗаводДИОД;60;20170811;180000;3.54;3.54;3.54;3.54;4;0
iЗаводДИОД;60;20170814;110000;3.54;3.54;3.54;3.54;10;0
iЗаводДИОД;60;20170814;120000;3.55;3.55;3.55;3.55;1;0
iЗаводДИОД;60;20170814;130000;3.54;3.54;3.54;3.54;1;0
iЗаводДИОД;60;20170814;140000;3.54;3.54;3.54;3.54;1;0
iЗаводДИОД;60;20170814;150000;3.54;3.54;3.54;3.54;2;0
iЗаводДИОД;60;20170814;170000;3.55;3.56;3.55;3.56;62;0
iЗаводДИОД;60;20170815;140000;3.55;3.56;3.55;3.56;10;0
iЗаводДИОД;60;20170815;160000;3.56;3.56;3.56;3.56;2;0
iЗаводДИОД;60;20170816;100000;3.57;3.67;3.57;3.67;71;0
iЗаводДИОД;60;20170816;120000;3.6;3.75;3.6;3.65;227;0
iЗаводДИОД;60;20170816;130000;3.63;3.68;3.55;3.56;136;0
iЗаводДИОД;60;20170816;140000;3.55;3.57;3.55;3.57;4;0
iЗаводДИОД;60;20170816;150000;3.57;3.57;3.57;3.57;1;0
iЗаводДИОД;60;20170816;180000;3.56;3.57;3.56;3.57;5;0
iЗаводДИОД;60;20170817;100000;3.56;3.56;3.56;3.56;1;0
iЗаводДИОД;60;20170817;120000;3.56;3.56;3.56;3.56;2;0
iЗаводДИОД;60;20170817;130000;3.56;3.56;3.55;3.55;14;0
iЗаводДИОД;60;20170817;140000;3.56;3.56;3.56;3.56;2;0
iЗаводДИОД;60;20170817;160000;3.55;3.55;3.53;3.55;69;0
iЗаводДИОД;60;20170817;170000;3.55;3.55;3.54;3.54;4;0
iЗаводДИОД;60;20170817;180000;3.54;3.54;3.54;3.54;6;0
iЗаводДИОД;60;20170818;100000;3.52;3.54;3.52;3.53;9;0
iЗаводДИОД;60;20170818;110000;3.53;3.54;3.49;3.53;378;0
iЗаводДИОД;60;20170818;120000;3.54;3.54;3.54;3.54;2;0
iЗаводДИОД;60;20170818;140000;3.52;3.54;3.52;3.54;3;0
iЗаводДИОД;60;20170818;150000;3.54;3.54;3.54;3.54;1;0
iЗаводДИОД;60;20170818;160000;3.54;3.54;3.54;3.54;1;0
iЗаводДИОД;60;20170821;100000;3.53;3.53;3.53;3.53;5;0
iЗаводДИОД;60;20170821;120000;3.54;3.54;3.54;3.54;1;0
iЗаводДИОД;60;20170821;150000;3.51;3.53;3.5;3.53;365;0
iЗаводДИОД;60;20170821;160000;3.52;3.52;3.52;3.52;1;0
iЗаводДИОД;60;20170821;180000;3.51;3.53;3.51;3.53;4;0
iЗаводДИОД;60;20170822;090000;3.51;3.51;3.51;3.51;1;0
iЗаводДИОД;60;20170822;100000;3.52;3.53;3.52;3.53;22;0
iЗаводДИОД;60;20170822;110000;3.53;3.53;3.53;3.53;3;0
iЗаводДИОД;60;20170822;130000;3.53;3.53;3.53;3.53;32;0
iЗаводДИОД;60;20170822;180000;3.53;3.53;3.52;3.52;10;0
iЗаводДИОД;60;20170823;100000;3.53;3.53;3.53;3.53;1;0
iЗаводДИОД;60;20170823;150000;3.53;3.53;3.53;3.53;37;0
iЗаводДИОД;60;20170823;160000;3.52;3.52;3.52;3.52;1;0
iЗаводДИОД;60;20170823;170000;3.52;3.54;3.52;3.54;2;0
iЗаводДИОД;60;20170823;180000;3.54;3.54;3.54;3.54;1;0
iЗаводДИОД;60;20170824;100000;3.52;3.54;3.51;3.51;9;0
iЗаводДИОД;60;20170824;110000;3.53;3.54;3.53;3.54;2;0
iЗаводДИОД;60;20170824;120000;3.53;3.53;3.51;3.53;14;0
iЗаводДИОД;60;20170824;140000;3.51;3.53;3.51;3.53;27;0
iЗаводДИОД;60;20170824;150000;3.53;3.53;3.53;3.53;31;0
iЗаводДИОД;60;20170824;160000;3.53;3.53;3.53;3.53;25;0
iЗаводДИОД;60;20170824;170000;3.53;3.53;3.52;3.52;12;0
iЗаводДИОД;60;20170824;180000;3.53;3.53;3.53;3.53;3;0
iЗаводДИОД;60;20170825;100000;3.55;3.63;3.53;3.55;173;0
iЗаводДИОД;60;20170825;110000;3.55;3.55;3.54;3.54;36;0
iЗаводДИОД;60;20170825;140000;3.52;3.54;3.52;3.54;30;0
iЗаводДИОД;60;20170825;150000;3.52;3.53;3.51;3.53;32;0
iЗаводДИОД;60;20170825;160000;3.53;3.53;3.53;3.53;20;0
iЗаводДИОД;60;20170828;100000;3.55;3.56;3.55;3.56;14;0
iЗаводДИОД;60;20170828;110000;3.54;3.54;3.54;3.54;3;0
iЗаводДИОД;60;20170828;120000;3.54;3.56;3.54;3.55;28;0
iЗаводДИОД;60;20170828;130000;3.56;3.57;3.54;3.57;68;0
iЗаводДИОД;60;20170828;160000;3.55;3.55;3.54;3.54;57;0
iЗаводДИОД;60;20170828;170000;3.54;3.54;3.54;3.54;1;0
iЗаводДИОД;60;20170828;180000;3.55;3.57;3.55;3.57;50;0
iЗаводДИОД;60;20170829;100000;3.55;3.55;3.53;3.53;82;0
iЗаводДИОД;60;20170829;110000;3.56;3.57;3.56;3.57;20;0
iЗаводДИОД;60;20170829;140000;3.57;3.57;3.57;3.57;1;0
iЗаводДИОД;60;20170829;150000;3.55;3.55;3.55;3.55;1;0
iЗаводДИОД;60;20170829;180000;3.54;3.54;3.53;3.53;155;0
iЗаводДИОД;60;20170830;100000;3.55;3.56;3.55;3.56;100;0
iЗаводДИОД;60;20170830;120000;3.56;3.56;3.56;3.56;1;0
iЗаводДИОД;60;20170830;130000;3.56;3.56;3.54;3.54;5;0
iЗаводДИОД;60;20170830;140000;3.54;3.54;3.54;3.54;2;0
iЗаводДИОД;60;20170830;160000;3.54;3.54;3.53;3.53;13;0
iЗаводДИОД;60;20170830;170000;3.54;3.54;3.54;3.54;5;0
iЗаводДИОД;60;20170830;180000;3.54;3.54;3.54;3.54;20;0
iЗаводДИОД;60;20170831;100000;3.57;3.63;3.52;3.6;282;0
iЗаводДИОД;60;20170831;110000;3.58;3.62;3.58;3.62;77;0
iЗаводДИОД;60;20170831;120000;3.63;3.99;3.62;3.64;1590;0
iЗаводДИОД;60;20170831;130000;3.66;3.7;3.62;3.62;104;0
iЗаводДИОД;60;20170831;140000;3.62;3.63;3.6;3.63;41;0
iЗаводДИОД;60;20170831;150000;3.62;3.62;3.61;3.61;80;0
iЗаводДИОД;60;20170831;170000;3.6;3.64;3.59;3.64;28;0
iЗаводДИОД;60;20170831;180000;3.65;3.66;3.64;3.65;13;0
iЗаводДИОД;60;20170901;100000;3.61;3.61;3.57;3.57;111;0
iЗаводДИОД;60;20170901;110000;3.62;3.62;3.62;3.62;1;0
iЗаводДИОД;60;20170901;120000;3.63;3.66;3.6;3.6;51;0
iЗаводДИОД;60;20170901;140000;3.64;3.65;3.64;3.65;6;0
iЗаводДИОД;60;20170901;150000;3.6;3.7;3.6;3.7;652;0
iЗаводДИОД;60;20170901;160000;3.64;3.64;3.64;3.64;1;0
iЗаводДИОД;60;20170901;170000;3.67;3.7;3.67;3.7;283;0
iЗаводДИОД;60;20170901;180000;3.71;3.71;3.71;3.71;4;0
iЗаводДИОД;60;20170904;100000;3.6;3.7;3.6;3.6;22;0
iЗаводДИОД;60;20170904;110000;3.63;3.63;3.63;3.63;1;0
iЗаводДИОД;60;20170904;120000;3.65;3.68;3.65;3.68;6;0
iЗаводДИОД;60;20170904;130000;3.68;3.68;3.68;3.68;6;0
iЗаводДИОД;60;20170904;150000;3.65;3.65;3.65;3.65;5;0
iЗаводДИОД;60;20170904;160000;3.68;3.68;3.68;3.68;3;0
iЗаводДИОД;60;20170904;170000;3.64;3.64;3.63;3.63;2;0
iЗаводДИОД;60;20170904;180000;3.68;3.68;3.68;3.68;2;0
iЗаводДИОД;60;20170905;110000;3.66;3.67;3.66;3.67;5;0
iЗаводДИОД;60;20170905;120000;3.63;3.63;3.63;3.63;3;0
iЗаводДИОД;60;20170905;130000;3.63;3.63;3.63;3.63;6;0
iЗаводДИОД;60;20170905;170000;3.63;3.63;3.62;3.62;4;0
iЗаводДИОД;60;20170905;180000;3.67;3.69;3.67;3.69;30;0
iЗаводДИОД;60;20170906;110000;3.6;3.6;3.6;3.6;1;0
iЗаводДИОД;60;20170906;120000;3.65;3.65;3.65;3.65;1;0
iЗаводДИОД;60;20170906;130000;3.68;3.68;3.68;3.68;1;0
iЗаводДИОД;60;20170906;150000;3.66;3.66;3.66;3.66;1;0
iЗаводДИОД;60;20170906;170000;3.64;3.64;3.64;3.64;1;0
iЗаводДИОД;60;20170906;180000;3.66;3.66;3.66;3.66;2;0
iЗаводДИОД;60;20170907;100000;3.6;3.6;3.6;3.6;17;0
iЗаводДИОД;60;20170907;110000;3.63;3.63;3.62;3.62;7;0
iЗаводДИОД;60;20170907;130000;3.62;3.62;3.61;3.61;6;0
iЗаводДИОД;60;20170907;140000;3.61;3.61;3.59;3.59;75;0
iЗаводДИОД;60;20170907;160000;3.61;3.61;3.61;3.61;1;0
iЗаводДИОД;60;20170907;170000;3.59;3.59;3.59;3.59;8;0
iЗаводДИОД;60;20170907;180000;3.65;3.66;3.65;3.66;15;0
iЗаводДИОД;60;20170908;120000;3.6;3.6;3.6;3.6;3;0
iЗаводДИОД;60;20170908;150000;3.6;3.6;3.52;3.52;75;0
iЗаводДИОД;60;20170908;160000;3.63;3.64;3.54;3.54;37;0
iЗаводДИОД;60;20170908;170000;3.62;3.62;3.62;3.62;4;0
iЗаводДИОД;60;20170908;180000;3.57;3.62;3.56;3.62;13;0
iЗаводДИОД;60;20170911;110000;3.57;3.62;3.53;3.62;22;0
iЗаводДИОД;60;20170911;120000;3.61;3.64;3.61;3.64;27;0
iЗаводДИОД;60;20170911;160000;3.64;3.64;3.58;3.58;2;0
iЗаводДИОД;60;20170911;180000;3.63;3.63;3.63;3.63;1;0
iЗаводДИОД;60;20170912;100000;3.64;3.66;3.64;3.66;130;0
iЗаводДИОД;60;20170912;110000;3.66;3.87;3.66;3.83;147;0
iЗаводДИОД;60;20170912;120000;3.85;3.86;3.75;3.79;62;0
iЗаводДИОД;60;20170912;130000;3.77;3.85;3.75;3.85;62;0
iЗаводДИОД;60;20170912;140000;3.79;3.79;3.79;3.79;1;0
iЗаводДИОД;60;20170912;150000;3.8;3.8;3.74;3.74;22;0
iЗаводДИОД;60;20170912;160000;3.76;3.79;3.76;3.79;3;0
iЗаводДИОД;60;20170912;170000;3.8;3.81;3.8;3.81;23;0
iЗаводДИОД;60;20170912;180000;3.81;3.81;3.81;3.81;7;0
iЗаводДИОД;60;20170913;110000;3.83;3.83;3.83;3.83;2;0
iЗаводДИОД;60;20170913;120000;3.74;3.93;3.73;3.89;295;0
iЗаводДИОД;60;20170913;130000;3.89;3.91;3.78;3.91;56;0
iЗаводДИОД;60;20170913;140000;3.91;3.95;3.88;3.9;219;0
iЗаводДИОД;60;20170913;150000;3.9;3.9;3.85;3.86;18;0
iЗаводДИОД;60;20170913;160000;3.9;3.9;3.86;3.86;15;0
iЗаводДИОД;60;20170913;170000;3.85;3.85;3.8;3.8;22;0
iЗаводДИОД;60;20170913;180000;3.87;3.87;3.87;3.87;3;0
iЗаводДИОД;60;20170914;130000;3.82;3.82;3.82;3.82;3;0
iЗаводДИОД;60;20170914;140000;3.82;3.82;3.82;3.82;5;0
iЗаводДИОД;60;20170914;150000;3.82;3.82;3.81;3.81;30;0
iЗаводДИОД;60;20170914;160000;3.81;3.83;3.81;3.83;8;0
iЗаводДИОД;60;20170914;170000;3.8;3.8;3.8;3.8;4;0
iЗаводДИОД;60;20170914;180000;3.8;4;3.74;4;434;0
iЗаводДИОД;60;20170915;120000;3.89;3.89;3.86;3.86;6;0
iЗаводДИОД;60;20170915;130000;3.89;3.97;3.89;3.97;10;0
iЗаводДИОД;60;20170915;140000;3.96;4;3.96;4;160;0
iЗаводДИОД;60;20170915;150000;3.97;3.97;3.97;3.97;1;0
iЗаводДИОД;60;20170915;160000;3.89;3.89;3.89;3.89;5;0
iЗаводДИОД;60;20170915;170000;3.89;3.89;3.89;3.89;2;0
iЗаводДИОД;60;20170915;180000;3.89;3.98;3.86;3.98;30;0
iЗаводДИОД;60;20170918;100000;3.87;3.87;3.85;3.85;2;0
iЗаводДИОД;60;20170918;110000;3.86;3.87;3.86;3.87;4;0
iЗаводДИОД;60;20170918;160000;3.87;3.87;3.87;3.87;2;0
iЗаводДИОД;60;20170918;180000;3.94;3.94;3.94;3.94;5;0
iЗаводДИОД;60;20170919;100000;3.83;3.83;3.81;3.82;10;0
iЗаводДИОД;60;20170919;130000;3.87;3.87;3.87;3.87;2;0
iЗаводДИОД;60;20170919;140000;3.89;3.89;3.89;3.89;1;0
iЗаводДИОД;60;20170919;160000;3.86;3.86;3.84;3.84;30;0
iЗаводДИОД;60;20170919;180000;3.87;3.88;3.87;3.88;6;0
iЗаводДИОД;60;20170920;100000;3.91;3.91;3.72;3.81;109;0
iЗаводДИОД;60;20170920;110000;3.82;3.95;3.82;3.9;132;0
iЗаводДИОД;60;20170920;120000;3.9;3.99;3.9;3.99;96;0
iЗаводДИОД;60;20170920;130000;3.91;3.91;3.9;3.9;32;0
iЗаводДИОД;60;20170920;140000;3.97;3.98;3.91;3.91;14;0
iЗаводДИОД;60;20170920;150000;3.9;3.9;3.9;3.9;14;0
iЗаводДИОД;60;20170920;170000;3.91;3.96;3.91;3.96;10;0
iЗаводДИОД;60;20170920;180000;3.9;3.96;3.9;3.96;8;0
iЗаводДИОД;60;20170921;100000;3.94;3.94;3.94;3.94;1;0
iЗаводДИОД;60;20170921;110000;3.92;3.92;3.85;3.85;31;0
iЗаводДИОД;60;20170921;120000;3.98;3.98;3.98;3.98;1;0
iЗаводДИОД;60;20170921;130000;3.98;3.98;3.98;3.98;1;0
iЗаводДИОД;60;20170921;150000;3.98;3.98;3.98;3.98;22;0
iЗаводДИОД;60;20170921;160000;3.87;3.87;3.87;3.87;2;0
iЗаводДИОД;60;20170921;170000;3.87;3.87;3.87;3.87;1;0
iЗаводДИОД;60;20170921;180000;3.86;3.86;3.78;3.78;143;0
iЗаводДИОД;60;20170922;100000;3.8;3.81;3.8;3.81;28;0
iЗаводДИОД;60;20170922;110000;3.81;3.81;3.81;3.81;50;0
iЗаводДИОД;60;20170922;130000;3.81;4;3.81;4;127;0
iЗаводДИОД;60;20170922;140000;3.88;3.92;3.81;3.92;29;0
iЗаводДИОД;60;20170922;150000;3.89;3.9;3.89;3.9;20;0
iЗаводДИОД;60;20170922;160000;3.8;3.83;3.77;3.78;88;0
iЗаводДИОД;60;20170922;170000;3.83;3.9;3.81;3.9;26;0
iЗаводДИОД;60;20170922;180000;3.9;3.91;3.9;3.9;130;0
iЗаводДИОД;60;20170925;100000;3.81;3.81;3.81;3.81;2;0
iЗаводДИОД;60;20170925;110000;3.82;3.82;3.78;3.78;11;0
iЗаводДИОД;60;20170925;120000;3.86;3.86;3.86;3.86;1;0
iЗаводДИОД;60;20170925;130000;3.86;3.87;3.86;3.87;4;0
iЗаводДИОД;60;20170925;140000;3.87;3.87;3.87;3.87;10;0
iЗаводДИОД;60;20170925;150000;3.82;3.82;3.82;3.82;2;0
iЗаводДИОД;60;20170925;160000;3.86;3.87;3.86;3.87;30;0
iЗаводДИОД;60;20170925;170000;3.83;3.83;3.83;3.83;1;0
iЗаводДИОД;60;20170925;180000;3.86;3.9;3.86;3.9;9;0
iЗаводДИОД;60;20170926;100000;3.81;3.93;3.78;3.84;68;0
iЗаводДИОД;60;20170926;110000;3.84;3.85;3.84;3.85;63;0
iЗаводДИОД;60;20170926;120000;3.85;3.85;3.85;3.85;12;0
iЗаводДИОД;60;20170926;130000;3.85;3.85;3.85;3.85;2;0
iЗаводДИОД;60;20170926;140000;3.85;3.85;3.79;3.79;24;0
iЗаводДИОД;60;20170926;150000;3.79;3.79;3.75;3.79;201;0
iЗаводДИОД;60;20170926;160000;3.79;3.8;3.79;3.8;36;0
iЗаводДИОД;60;20170926;180000;3.78;3.81;3.78;3.81;2;0
iЗаводДИОД;60;20170927;180000;3.77;3.77;3.77;3.77;2;0
iЗаводДИОД;60;20170928;100000;3.76;3.76;3.76;3.76;25;0
iЗаводДИОД;60;20170928;110000;3.75;3.75;3.74;3.74;8;0
iЗаводДИОД;60;20170928;120000;3.77;3.78;3.77;3.78;5;0
iЗаводДИОД;60;20170929;100000;3.79;3.79;3.79;3.79;1;0
iЗаводДИОД;60;20170929;150000;3.8;3.8;3.8;3.8;1;0
iЗаводДИОД;60;20170929;160000;3.81;3.85;3.81;3.85;60;0
iЗаводДИОД;60;20170929;170000;3.81;3.81;3.81;3.81;1;0
iЗаводДИОД;60;20170929;180000;3.8;3.83;3.8;3.83;2;0
iЗаводДИОД;60;20171002;110000;3.79;3.79;3.79;3.79;6;0
iЗаводДИОД;60;20171002;120000;3.79;3.85;3.79;3.85;48;0
iЗаводДИОД;60;20171002;150000;3.79;3.79;3.76;3.76;50;0
iЗаводДИОД;60;20171002;170000;3.79;3.79;3.79;3.79;1;0
iЗаводДИОД;60;20171002;180000;3.76;3.8;3.76;3.8;11;0
iЗаводДИОД;60;20171003;120000;3.8;3.8;3.8;3.8;1;0
iЗаводДИОД;60;20171003;150000;3.8;3.8;3.8;3.8;3;0
iЗаводДИОД;60;20171003;160000;3.81;3.81;3.79;3.79;2;0
iЗаводДИОД;60;20171003;170000;3.78;3.82;3.78;3.82;6;0
iЗаводДИОД;60;20171003;180000;3.83;3.91;3.83;3.9;135;0
iЗаводДИОД;60;20171004;100000;3.9;3.9;3.9;3.9;20;0
iЗаводДИОД;60;20171004;110000;3.85;3.85;3.85;3.85;4;0
iЗаводДИОД;60;20171004;140000;3.83;3.96;3.83;3.96;149;0
iЗаводДИОД;60;20171004;150000;3.96;3.96;3.96;3.96;70;0
iЗаводДИОД;60;20171004;170000;3.93;3.95;3.75;3.95;266;0
iЗаводДИОД;60;20171004;180000;3.83;3.92;3.83;3.92;9;0
iЗаводДИОД;60;20171005;100000;3.89;3.9;3.89;3.9;20;0
iЗаводДИОД;60;20171005;110000;3.85;3.91;3.85;3.91;6;0
iЗаводДИОД;60;20171005;150000;3.85;3.89;3.84;3.84;3;0
iЗаводДИОД;60;20171005;160000;3.88;3.9;3.88;3.9;4;0
iЗаводДИОД;60;20171006;170000;3.92;3.95;3.92;3.95;140;0
iЗаводДИОД;60;20171006;180000;3.93;3.94;3.93;3.94;100;0
iЗаводДИОД;60;20171009;120000;3.94;3.96;3.94;3.95;27;0
iЗаводДИОД;60;20171009;130000;3.94;3.95;3.94;3.95;150;0
iЗаводДИОД;60;20171009;140000;3.86;3.91;3.84;3.91;31;0
iЗаводДИОД;60;20171009;150000;3.86;3.86;3.85;3.85;10;0
iЗаводДИОД;60;20171009;160000;3.89;3.9;3.89;3.9;6;0
iЗаводДИОД;60;20171009;170000;3.86;3.87;3.86;3.87;404;0
iЗаводДИОД;60;20171009;180000;3.9;3.9;3.89;3.89;3;0
iЗаводДИОД;60;20171010;110000;3.82;3.9;3.81;3.9;115;0
iЗаводДИОД;60;20171010;120000;3.86;3.86;3.86;3.86;30;0
iЗаводДИОД;60;20171010;130000;3.85;3.89;3.84;3.89;11;0
iЗаводДИОД;60;20171010;140000;3.88;3.88;3.88;3.88;3;0
iЗаводДИОД;60;20171010;150000;3.89;3.89;3.89;3.89;50;0
iЗаводДИОД;60;20171011;100000;3.82;3.82;3.75;3.79;340;0
iЗаводДИОД;60;20171011;110000;3.79;3.82;3.79;3.82;41;0
iЗаводДИОД;60;20171011;180000;3.82;3.82;3.82;3.82;14;0
iЗаводДИОД;60;20171012;100000;3.76;3.76;3.74;3.74;15;0
iЗаводДИОД;60;20171012;110000;3.76;3.84;3.76;3.84;26;0
iЗаводДИОД;60;20171012;130000;3.83;3.84;3.83;3.84;20;0
iЗаводДИОД;60;20171012;150000;3.84;3.86;3.84;3.86;37;0
iЗаводДИОД;60;20171012;160000;3.86;3.9;3.86;3.9;178;0
iЗаводДИОД;60;20171012;170000;3.89;3.89;3.89;3.89;3;0
iЗаводДИОД;60;20171012;180000;3.89;3.9;3.89;3.9;13;0
iЗаводДИОД;60;20171013;100000;3.91;4;3.83;3.83;144;0
iЗаводДИОД;60;20171013;140000;3.94;3.94;3.94;3.94;1;0
iЗаводДИОД;60;20171013;150000;3.87;3.92;3.87;3.92;8;0
iЗаводДИОД;60;20171013;160000;3.9;3.9;3.89;3.89;110;0
iЗаводДИОД;60;20171013;180000;3.89;3.92;3.85;3.85;28;0
iЗаводДИОД;60;20171016;100000;3.86;3.91;3.86;3.91;6;0
iЗаводДИОД;60;20171016;110000;3.9;3.93;3.87;3.93;38;0
iЗаводДИОД;60;20171016;120000;3.93;3.96;3.89;3.96;17;0
iЗаводДИОД;60;20171016;130000;3.93;3.94;3.93;3.94;10;0
iЗаводДИОД;60;20171016;140000;3.94;3.95;3.94;3.95;129;0
iЗаводДИОД;60;20171016;150000;3.91;3.95;3.9;3.95;36;0
iЗаводДИОД;60;20171016;160000;3.94;3.94;3.94;3.94;5;0
iЗаводДИОД;60;20171016;170000;3.95;3.95;3.95;3.95;42;0
iЗаводДИОД;60;20171016;180000;3.95;4.01;3.88;3.98;204;0
iЗаводДИОД;60;20171017;100000;3.87;3.98;3.87;3.98;6;0
iЗаводДИОД;60;20171017;110000;3.97;3.99;3.97;3.99;50;0
iЗаводДИОД;60;20171017;120000;3.93;3.99;3.89;3.99;129;0
iЗаводДИОД;60;20171017;150000;3.89;3.97;3.87;3.97;26;0
iЗаводДИОД;60;20171017;170000;3.94;3.95;3.94;3.95;20;0
iЗаводДИОД;60;20171017;180000;3.95;3.96;3.95;3.96;25;0
iЗаводДИОД;60;20171018;100000;3.87;3.88;3.84;3.88;37;0
iЗаводДИОД;60;20171018;110000;3.88;3.88;3.87;3.87;3;0
iЗаводДИОД;60;20171018;140000;3.88;3.88;3.88;3.88;1;0
iЗаводДИОД;60;20171018;150000;3.92;3.94;3.92;3.94;7;0
iЗаводДИОД;60;20171018;160000;3.89;3.96;3.89;3.9;20;0
iЗаводДИОД;60;20171018;170000;3.95;3.96;3.95;3.96;33;0
iЗаводДИОД;60;20171018;180000;3.89;3.97;3.89;3.97;12;0
iЗаводДИОД;60;20171019;120000;3.96;4.92;3.96;4.78;2924;0
iЗаводДИОД;60;20171019;130000;4.72;5.16;4.64;4.64;1982;0
iЗаводДИОД;60;20171019;140000;4.63;4.64;4.25;4.44;1558;0
iЗаводДИОД;60;20171019;150000;4.35;4.47;4.23;4.35;927;0
iЗаводДИОД;60;20171019;160000;4.34;4.35;4.2;4.2;158;0
iЗаводДИОД;60;20171019;170000;4.27;4.32;4.2;4.27;135;0
iЗаводДИОД;60;20171019;180000;4.2;4.35;4.17;4.32;619;0
iЗаводДИОД;60;20171020;100000;4.21;4.36;4.15;4.27;215;0
iЗаводДИОД;60;20171020;110000;4.18;4.35;4.09;4.35;623;0
iЗаводДИОД;60;20171020;120000;4.34;4.48;4.25;4.25;156;0
iЗаводДИОД;60;20171020;130000;4.26;4.46;4.26;4.4;131;0
iЗаводДИОД;60;20171020;140000;4.34;4.34;4.16;4.29;624;0
iЗаводДИОД;60;20171020;150000;4.17;4.2;4.05;4.08;238;0
iЗаводДИОД;60;20171020;160000;4.19;4.19;4.09;4.19;12;0
iЗаводДИОД;60;20171020;170000;4.19;4.22;4;4.1;838;0
iЗаводДИОД;60;20171020;180000;4.16;4.17;4.1;4.17;16;0
iЗаводДИОД;60;20171023;100000;4.02;4.13;4.01;4.13;15;0
iЗаводДИОД;60;20171023;110000;4.13;4.13;4.08;4.1;325;0
iЗаводДИОД;60;20171023;120000;4.12;4.13;4.03;4.03;75;0
iЗаводДИОД;60;20171023;130000;4.08;4.14;4.08;4.14;10;0
iЗаводДИОД;60;20171023;140000;4.14;4.15;4.14;4.15;24;0
iЗаводДИОД;60;20171023;150000;4.14;4.14;4.14;4.14;2;0
iЗаводДИОД;60;20171023;160000;4.05;4.16;4.05;4.16;78;0
iЗаводДИОД;60;20171023;170000;4.15;4.16;4.15;4.16;7;0
iЗаводДИОД;60;20171023;180000;4.15;4.16;4.15;4.16;10;0
iЗаводДИОД;60;20171024;090000;4.16;4.16;4.16;4.16;1;0
iЗаводДИОД;60;20171024;100000;4.05;4.1;4;4.04;108;0
iЗаводДИОД;60;20171024;110000;4.04;4.1;4.03;4.1;14;0
iЗаводДИОД;60;20171024;120000;4.1;4.1;4.1;4.1;3;0
iЗаводДИОД;60;20171024;130000;4.1;4.19;4.1;4.19;43;0
iЗаводДИОД;60;20171024;140000;4.1;4.1;4.04;4.04;37;0
iЗаводДИОД;60;20171024;170000;4.09;4.09;4.09;4.09;1;0
iЗаводДИОД;60;20171024;180000;4.04;4.1;4.03;4.1;9;0
iЗаводДИОД;60;20171025;100000;4.09;4.09;4.09;4.09;1;0
iЗаводДИОД;60;20171025;110000;4.09;4.09;4.09;4.09;1;0
iЗаводДИОД;60;20171025;120000;4.02;4.02;4.02;4.02;19;0
iЗаводДИОД;60;20171025;140000;4.03;4.04;4.02;4.04;16;0
iЗаводДИОД;60;20171025;150000;4.07;4.1;4.07;4.1;12;0
iЗаводДИОД;60;20171025;160000;4.11;4.14;4.11;4.14;171;0
iЗаводДИОД;60;20171025;170000;4.14;4.14;4.07;4.07;22;0
iЗаводДИОД;60;20171025;180000;4.11;4.14;4.11;4.14;103;0
iЗаводДИОД;60;20171026;100000;4.14;4.14;4.14;4.14;5;0
iЗаводДИОД;60;20171026;110000;4.14;4.14;4.05;4.14;29;0
iЗаводДИОД;60;20171026;120000;4.07;4.07;4.07;4.07;27;0
iЗаводДИОД;60;20171026;150000;4.13;4.17;4.13;4.17;47;0
iЗаводДИОД;60;20171026;180000;4.16;4.16;4.11;4.11;2;0
iЗаводДИОД;60;20171027;090000;4.2;4.2;4.2;4.2;1;0
iЗаводДИОД;60;20171027;100000;4.19;4.19;4.11;4.11;30;0
iЗаводДИОД;60;20171027;120000;4.16;4.18;4.16;4.18;3;0
iЗаводДИОД;60;20171027;130000;4.12;4.12;4.12;4.12;1;0
iЗаводДИОД;60;20171027;140000;4.17;4.4;4.17;4.23;939;0
iЗаводДИОД;60;20171027;150000;4.24;4.43;4.24;4.3;33;0
iЗаводДИОД;60;20171027;160000;4.32;4.61;4.31;4.4;89;0
iЗаводДИОД;60;20171027;170000;4.36;4.42;4.31;4.32;49;0
iЗаводДИОД;60;20171027;180000;4.32;4.39;4.3;4.39;44;0
iЗаводДИОД;60;20171030;100000;4.35;4.47;4.25;4.39;18;0
iЗаводДИОД;60;20171030;110000;4.27;4.38;4.27;4.38;2;0
iЗаводДИОД;60;20171030;120000;4.38;4.38;4.38;4.38;1;0
iЗаводДИОД;60;20171030;140000;4.38;4.39;4.28;4.39;32;0
iЗаводДИОД;60;20171030;150000;4.29;4.39;4.18;4.37;22;0
iЗаводДИОД;60;20171030;160000;4.35;4.38;4.22;4.38;20;0
iЗаводДИОД;60;20171030;170000;4.24;4.34;4.2;4.26;209;0
iЗаводДИОД;60;20171031;100000;4.21;4.21;4.21;4.21;1;0
iЗаводДИОД;60;20171031;120000;4.23;4.3;4.23;4.29;19;0
iЗаводДИОД;60;20171031;130000;4.21;4.21;4.1;4.1;226;0
iЗаводДИОД;60;20171031;140000;4.22;4.26;4.22;4.25;101;0
iЗаводДИОД;60;20171031;150000;4.2;4.2;4.19;4.19;36;0
iЗаводДИОД;60;20171031;170000;4.18;4.18;4.17;4.18;5;0
iЗаводДИОД;60;20171031;180000;4.19;4.23;4.12;4.12;16;0
iЗаводДИОД;60;20171101;100000;4.25;4.25;4.25;4.25;1;0
iЗаводДИОД;60;20171101;110000;4.11;4.23;4.1;4.23;15;0
iЗаводДИОД;60;20171101;120000;4.11;4.11;4.11;4.11;1;0
iЗаводДИОД;60;20171101;150000;4.21;4.21;4.21;4.21;2;0
iЗаводДИОД;60;20171101;160000;4.12;4.12;4.12;4.12;2;0
iЗаводДИОД;60;20171101;170000;4.11;4.11;4.09;4.09;11;0
iЗаводДИОД;60;20171102;100000;4.18;4.18;4.18;4.18;1;0
iЗаводДИОД;60;20171102;110000;4.1;4.12;4.1;4.12;2;0
iЗаводДИОД;60;20171102;120000;4.09;4.09;4.01;4.01;554;0
iЗаводДИОД;60;20171102;130000;4.14;4.14;4.14;4.14;1;0
iЗаводДИОД;60;20171102;140000;4.09;4.09;4.09;4.09;1;0
iЗаводДИОД;60;20171102;180000;4.08;4.08;3.96;4.02;269;0
iЗаводДИОД;60;20171103;090000;4;4;4;4;5;0
iЗаводДИОД;60;20171103;100000;4.07;4.16;4.07;4.08;16;0
iЗаводДИОД;60;20171103;110000;4.08;4.08;4.01;4.01;29;0
iЗаводДИОД;60;20171103;120000;4.02;4.09;4.01;4.09;53;0
iЗаводДИОД;60;20171103;160000;4.09;4.14;4.09;4.14;7;0
iЗаводДИОД;60;20171103;170000;4.1;4.1;4.06;4.1;32;0
iЗаводДИОД;60;20171103;180000;4.07;4.14;4.07;4.14;9;0
iЗаводДИОД;60;20171107;100000;4.08;4.14;3.96;4.1;77;0
iЗаводДИОД;60;20171107;110000;4.01;4.18;4.01;4.18;10;0
iЗаводДИОД;60;20171107;140000;4.16;4.18;4.16;4.18;55;0
iЗаводДИОД;60;20171107;150000;4.22;4.23;4.2;4.23;19;0
iЗаводДИОД;60;20171107;160000;4.12;4.22;4.12;4.22;29;0
iЗаводДИОД;60;20171107;170000;4.2;4.2;4.2;4.2;1;0
iЗаводДИОД;60;20171107;180000;4.14;4.24;4.12;4.24;241;0
iЗаводДИОД;60;20171108;110000;4.2;4.26;4.08;4.26;301;0
iЗаводДИОД;60;20171108;120000;4.15;4.15;4.11;4.11;52;0
iЗаводДИОД;60;20171108;130000;4.13;4.14;4.11;4.13;104;0
iЗаводДИОД;60;20171108;140000;4.18;4.19;4.18;4.19;39;0
iЗаводДИОД;60;20171108;160000;4.16;4.26;4.1;4.26;80;0
iЗаводДИОД;60;20171108;170000;4.19;4.19;4.16;4.16;12;0
iЗаводДИОД;60;20171108;180000;4.2;4.33;4.19;4.19;72;0
iЗаводДИОД;60;20171109;110000;4.16;4.32;4.01;4.15;130;0
iЗаводДИОД;60;20171109;120000;4.21;4.22;4.19;4.19;6;0
iЗаводДИОД;60;20171109;130000;4.23;4.24;4.22;4.22;5;0
iЗаводДИОД;60;20171109;170000;4.16;4.16;4.12;4.12;30;0
iЗаводДИОД;60;20171109;180000;4.2;4.2;4.2;4.2;2;0
iЗаводДИОД;60;20171110;100000;4.09;4.27;4.09;4.27;5;0
iЗаводДИОД;60;20171110;130000;4.13;4.2;4.08;4.2;31;0
iЗаводДИОД;60;20171110;140000;4.19;4.19;4.14;4.15;28;0
iЗаводДИОД;60;20171110;150000;4.16;4.16;4.16;4.16;5;0
iЗаводДИОД;60;20171110;160000;4.16;4.16;4.16;4.16;6;0
iЗаводДИОД;60;20171110;170000;4.16;4.16;4.16;4.16;1;0
iЗаводДИОД;60;20171110;180000;4.16;4.29;4.16;4.29;339;0
iЗаводДИОД;60;20171113;100000;4.3;4.34;4.22;4.31;28;0
iЗаводДИОД;60;20171113;110000;4.29;4.76;4.29;4.47;159;0
iЗаводДИОД;60;20171113;120000;4.5;4.55;4.45;4.5;112;0
iЗаводДИОД;60;20171113;130000;4.49;4.5;4.49;4.5;91;0
iЗаводДИОД;60;20171113;140000;4.46;4.46;4.45;4.45;19;0
iЗаводДИОД;60;20171113;150000;4.45;4.45;4.41;4.41;17;0
iЗаводДИОД;60;20171113;170000;4.39;4.39;4.39;4.39;1;0
iЗаводДИОД;60;20171113;180000;4.39;4.42;4.39;4.42;15;0
iЗаводДИОД;60;20171114;100000;4.35;4.75;4.35;4.64;262;0
iЗаводДИОД;60;20171114;110000;4.69;4.7;4.62;4.62;33;0
iЗаводДИОД;60;20171114;120000;4.69;4.69;4.6;4.6;39;0
iЗаводДИОД;60;20171114;130000;4.68;4.68;4.68;4.68;2;0
iЗаводДИОД;60;20171114;140000;4.54;4.78;4.54;4.78;143;0
iЗаводДИОД;60;20171114;150000;4.65;4.65;4.63;4.63;4;0
iЗаводДИОД;60;20171114;160000;4.62;4.62;4.62;4.62;2;0
iЗаводДИОД;60;20171114;170000;4.65;4.7;4.61;4.61;36;0
iЗаводДИОД;60;20171114;180000;4.57;4.63;4.52;4.53;89;0
iЗаводДИОД;60;20171115;100000;4.59;4.59;4.59;4.59;1;0
iЗаводДИОД;60;20171115;110000;4.49;4.68;4.49;4.68;68;0
iЗаводДИОД;60;20171115;120000;4.63;4.63;4.6;4.62;56;0
iЗаводДИОД;60;20171115;130000;4.54;4.61;4.54;4.61;7;0
iЗаводДИОД;60;20171115;170000;4.53;4.59;4.53;4.59;9;0
iЗаводДИОД;60;20171115;180000;4.54;4.54;4.54;4.54;4;0
iЗаводДИОД;60;20171116;090000;4.59;4.59;4.59;4.59;1;0
iЗаводДИОД;60;20171116;100000;4.54;4.57;4.44;4.57;86;0
iЗаводДИОД;60;20171116;110000;4.52;4.59;4.36;4.57;169;0
iЗаводДИОД;60;20171116;120000;4.41;4.41;4.28;4.28;317;0
iЗаводДИОД;60;20171116;130000;4.28;4.33;4.24;4.3;21;0
iЗаводДИОД;60;20171116;140000;4.35;4.35;4.25;4.25;14;0
iЗаводДИОД;60;20171116;150000;4.35;4.35;4.22;4.32;7;0
iЗаводДИОД;60;20171116;170000;4.3;4.39;4.3;4.39;98;0
iЗаводДИОД;60;20171117;100000;4.31;4.43;4.31;4.43;240;0
iЗаводДИОД;60;20171117;110000;4.43;4.43;4.35;4.35;46;0
iЗаводДИОД;60;20171117;140000;4.4;4.43;4.4;4.43;10;0
iЗаводДИОД;60;20171117;150000;4.43;4.43;4.43;4.43;2;0
iЗаводДИОД;60;20171117;170000;4.43;4.43;4.42;4.43;30;0
iЗаводДИОД;60;20171117;180000;4.43;4.46;4.43;4.46;43;0
iЗаводДИОД;60;20171120;110000;4.45;4.45;4.45;4.45;3;0
iЗаводДИОД;60;20171120;120000;4.45;4.46;4.4;4.4;18;0
iЗаводДИОД;60;20171120;130000;4.38;4.38;4.36;4.36;2;0
iЗаводДИОД;60;20171120;140000;4.34;4.35;4.26;4.31;139;0
iЗаводДИОД;60;20171120;150000;4.26;4.39;4.26;4.38;68;0
iЗаводДИОД;60;20171120;170000;4.4;4.5;4.4;4.5;51;0
iЗаводДИОД;60;20171120;180000;4.5;4.52;4.46;4.51;15;0
iЗаводДИОД;60;20171121;110000;4.5;4.5;4.5;4.5;20;0
iЗаводДИОД;60;20171121;120000;4.53;4.59;4.5;4.5;35;0
iЗаводДИОД;60;20171121;130000;4.5;4.56;4.5;4.56;4;0
iЗаводДИОД;60;20171121;140000;4.49;4.56;4.49;4.56;2;0
iЗаводДИОД;60;20171121;150000;4.48;4.48;4.39;4.39;170;0
iЗаводДИОД;60;20171121;160000;4.55;4.55;4.55;4.55;1;0
iЗаводДИОД;60;20171121;170000;4.46;4.47;4.46;4.47;5;0
iЗаводДИОД;60;20171121;180000;4.48;4.48;4.48;4.48;1;0
iЗаводДИОД;60;20171122;140000;4.48;4.53;4.48;4.53;10;0
iЗаводДИОД;60;20171122;150000;4.51;4.51;4.51;4.51;2;0
iЗаводДИОД;60;20171122;160000;4.48;4.48;4.48;4.48;49;0
iЗаводДИОД;60;20171122;170000;4.47;4.54;4.41;4.52;18;0
iЗаводДИОД;60;20171122;180000;4.53;4.57;4.53;4.57;10;0
iЗаводДИОД;60;20171123;100000;4.45;4.58;4.4;4.5;59;0
iЗаводДИОД;60;20171123;110000;4.49;4.53;4.49;4.53;4;0
iЗаводДИОД;60;20171123;120000;4.47;4.5;4.37;4.5;55;0
iЗаводДИОД;60;20171123;130000;4.5;4.55;4.5;4.55;3;0
iЗаводДИОД;60;20171123;140000;4.5;4.5;4.48;4.48;2;0
iЗаводДИОД;60;20171123;160000;4.48;4.48;4.39;4.41;9;0
iЗаводДИОД;60;20171123;170000;4.41;4.41;4.38;4.38;11;0
iЗаводДИОД;60;20171123;180000;4.42;4.5;4.42;4.5;307;0
iЗаводДИОД;60;20171124;110000;4.51;4.61;4.51;4.6;43;0
iЗаводДИОД;60;20171124;120000;4.6;4.6;4.5;4.58;68;0
iЗаводДИОД;60;20171124;140000;4.57;4.68;4.57;4.58;139;0
iЗаводДИОД;60;20171124;150000;4.64;4.65;4.64;4.65;2;0
iЗаводДИОД;60;20171124;160000;4.65;4.72;4.65;4.72;39;0
iЗаводДИОД;60;20171124;170000;4.69;4.7;4.69;4.7;14;0
iЗаводДИОД;60;20171124;180000;4.62;4.8;4.62;4.8;313;0
iЗаводДИОД;60;20171127;100000;4.82;4.9;4.63;4.75;204;0
iЗаводДИОД;60;20171127;110000;4.63;4.73;4.61;4.73;57;0
iЗаводДИОД;60;20171127;120000;4.73;4.73;4.7;4.7;2;0
iЗаводДИОД;60;20171127;140000;4.68;4.68;4.68;4.68;20;0
iЗаводДИОД;60;20171127;150000;4.67;4.68;4.6;4.68;22;0
iЗаводДИОД;60;20171127;180000;4.68;4.69;4.6;4.6;118;0
iЗаводДИОД;60;20171128;100000;4.59;4.59;4.37;4.43;408;0
iЗаводДИОД;60;20171128;110000;4.44;4.54;4.41;4.54;228;0
iЗаводДИОД;60;20171128;120000;4.54;4.67;4.54;4.67;89;0
iЗаводДИОД;60;20171128;130000;4.56;4.56;4.4;4.44;345;0
iЗаводДИОД;60;20171128;140000;4.48;4.5;4.46;4.5;31;0
iЗаводДИОД;60;20171128;150000;4.46;4.46;4.44;4.44;13;0
iЗаводДИОД;60;20171128;160000;4.44;4.44;4.43;4.43;30;0
iЗаводДИОД;60;20171128;170000;4.44;4.44;4.43;4.43;45;0
iЗаводДИОД;60;20171128;180000;4.44;4.67;4.44;4.62;486;0
iЗаводДИОД;60;20171129;100000;4.54;4.56;4.5;4.5;5;0
iЗаводДИОД;60;20171129;110000;4.5;4.5;4.5;4.5;2;0
iЗаводДИОД;60;20171129;130000;4.5;4.5;4.48;4.48;19;0
iЗаводДИОД;60;20171129;160000;4.49;4.57;4.49;4.57;10;0
iЗаводДИОД;60;20171129;170000;4.52;4.52;4.52;4.52;2;0
iЗаводДИОД;60;20171129;180000;4.51;4.6;4.51;4.6;11;0
iЗаводДИОД;60;20171130;100000;4.61;4.77;4.56;4.56;17;0
iЗаводДИОД;60;20171130;110000;4.55;4.55;4.46;4.5;113;0
iЗаводДИОД;60;20171130;130000;4.49;4.55;4.49;4.55;226;0
iЗаводДИОД;60;20171130;140000;4.5;4.5;4.5;4.5;2;0
iЗаводДИОД;60;20171130;150000;4.49;4.49;4.4;4.4;282;0
iЗаводДИОД;60;20171130;160000;4.41;4.41;4.41;4.41;11;0
iЗаводДИОД;60;20171130;170000;4.4;4.4;4.31;4.31;230;0
iЗаводДИОД;60;20171130;180000;4.32;4.34;4.28;4.33;101;0
iЗаводДИОД;60;20171201;090000;4.35;4.35;4.35;4.35;4;0
iЗаводДИОД;60;20171201;100000;4.33;4.34;4.29;4.31;9;0
iЗаводДИОД;60;20171201;110000;4.32;4.35;4.32;4.34;8;0
iЗаводДИОД;60;20171201;130000;4.31;4.31;4.31;4.31;9;0
iЗаводДИОД;60;20171201;140000;4.3;4.3;4.28;4.28;5;0
iЗаводДИОД;60;20171201;150000;4.27;4.32;4.27;4.32;2;0
iЗаводДИОД;60;20171201;160000;4.32;4.33;4.32;4.33;16;0
iЗаводДИОД;60;20171201;170000;4.33;4.33;4.33;4.33;17;0
iЗаводДИОД;60;20171201;180000;4.33;4.37;4.33;4.37;223;0
iЗаводДИОД;60;20171204;090000;4.39;4.39;4.39;4.39;4;0
iЗаводДИОД;60;20171204;100000;4.32;4.34;4.32;4.34;4;0
iЗаводДИОД;60;20171204;110000;4.34;4.34;4.09;4.15;757;0
iЗаводДИОД;60;20171204;120000;4.14;4.15;4.14;4.15;277;0
iЗаводДИОД;60;20171204;130000;4.15;4.15;4.14;4.14;636;0
iЗаводДИОД;60;20171204;140000;4.15;4.16;4.15;4.16;500;0
iЗаводДИОД;60;20171204;150000;4.17;4.17;4.16;4.16;43;0
iЗаводДИОД;60;20171204;160000;4.16;4.16;4.14;4.14;20;0
iЗаводДИОД;60;20171204;170000;4.17;4.17;4.17;4.17;9;0
iЗаводДИОД;60;20171204;180000;4.17;4.23;4.15;4.23;870;0
iЗаводДИОД;60;20171205;100000;4.15;4.15;4.15;4.15;1;0
iЗаводДИОД;60;20171205;110000;4.18;4.2;4.17;4.2;3;0
iЗаводДИОД;60;20171205;120000;4.21;4.26;4.21;4.26;30;0
iЗаводДИОД;60;20171205;140000;4.21;4.21;4.21;4.21;3;0
iЗаводДИОД;60;20171205;150000;4.25;4.25;4.15;4.24;144;0
iЗаводДИОД;60;20171205;160000;4.18;4.18;4.17;4.17;6;0
iЗаводДИОД;60;20171205;170000;4.21;4.21;4.21;4.21;1;0
iЗаводДИОД;60;20171205;180000;4.21;4.25;4.21;4.24;70;0
iЗаводДИОД;60;20171206;100000;4.2;4.25;4.2;4.25;2;0
iЗаводДИОД;60;20171206;110000;4.25;4.25;4.15;4.15;70;0
iЗаводДИОД;60;20171206;120000;4.14;4.19;4.14;4.19;7;0
iЗаводДИОД;60;20171206;150000;4.15;4.17;4.15;4.17;31;0
iЗаводДИОД;60;20171206;160000;4.17;4.2;4.17;4.2;3;0
iЗаводДИОД;60;20171206;170000;4.18;4.19;4.18;4.19;5;0
iЗаводДИОД;60;20171206;180000;4.19;4.25;4.19;4.25;65;0
iЗаводДИОД;60;20171207;100000;4.2;4.24;4.18;4.24;24;0
iЗаводДИОД;60;20171207;150000;4.19;4.25;4.1;4.21;215;0
iЗаводДИОД;60;20171207;160000;4.24;4.26;4.24;4.26;3;0
iЗаводДИОД;60;20171207;170000;4.26;4.29;4.26;4.29;53;0
iЗаводДИОД;60;20171208;100000;4.23;4.24;4.22;4.24;19;0
iЗаводДИОД;60;20171208;110000;4.24;4.28;4.24;4.28;5;0
iЗаводДИОД;60;20171208;120000;4.28;4.3;4.28;4.3;24;0
iЗаводДИОД;60;20171208;130000;4.3;4.31;4.3;4.31;6;0
iЗаводДИОД;60;20171208;140000;4.3;4.32;4.3;4.32;13;0
iЗаводДИОД;60;20171208;150000;4.3;4.3;4.25;4.25;12;0
iЗаводДИОД;60;20171208;160000;4.25;4.25;4.25;4.25;7;0
iЗаводДИОД;60;20171208;170000;4.26;4.3;4.26;4.3;6;0
iЗаводДИОД;60;20171208;180000;4.29;4.3;4.29;4.3;498;0
iЗаводДИОД;60;20171211;120000;4.23;4.23;4.2;4.2;103;0
iЗаводДИОД;60;20171211;140000;4.19;4.31;4.18;4.25;41;0
iЗаводДИОД;60;20171211;170000;4.25;4.26;4.25;4.25;11;0
iЗаводДИОД;60;20171211;180000;4.25;4.25;4.16;4.22;145;0
iЗаводДИОД;60;20171212;100000;4.22;4.26;4.14;4.22;141;0
iЗаводДИОД;60;20171212;110000;4.22;4.23;4.22;4.22;4;0
iЗаводДИОД;60;20171212;120000;4.19;4.2;4.19;4.2;2;0
iЗаводДИОД;60;20171212;130000;4.22;4.23;4.22;4.23;2;0
iЗаводДИОД;60;20171212;180000;4.2;4.24;4.2;4.24;3;0
iЗаводДИОД;60;20171213;100000;4.25;4.25;4.25;4.25;29;0
iЗаводДИОД;60;20171213;110000;4.25;4.25;4.11;4.14;188;0
iЗаводДИОД;60;20171213;120000;4.11;4.11;3.86;3.92;803;0
iЗаводДИОД;60;20171213;130000;3.95;4.02;3.95;4;294;0
iЗаводДИОД;60;20171213;140000;4.01;4.03;3.98;4.02;47;0
iЗаводДИОД;60;20171213;150000;4;4.15;3.99;4.02;382;0
iЗаводДИОД;60;20171213;160000;4.04;4.08;4.04;4.08;6;0
iЗаводДИОД;60;20171213;170000;4.06;4.08;4.03;4.08;64;0
iЗаводДИОД;60;20171213;180000;4.08;4.09;4.08;4.09;9;0
iЗаводДИОД;60;20171214;100000;4.06;4.2;4.06;4.2;233;0
iЗаводДИОД;60;20171214;110000;4.2;4.2;4.2;4.2;45;0
iЗаводДИОД;60;20171214;130000;4.21;4.22;4.21;4.22;7;0
iЗаводДИОД;60;20171214;140000;4.17;4.17;4.17;4.17;2;0
iЗаводДИОД;60;20171214;150000;4.17;4.17;4.16;4.16;5;0
iЗаводДИОД;60;20171214;170000;4.16;4.16;4.08;4.14;115;0
iЗаводДИОД;60;20171214;180000;4.14;4.16;4.11;4.16;43;0
iЗаводДИОД;60;20171215;100000;4.1;4.12;4.07;4.07;92;0
iЗаводДИОД;60;20171215;110000;4.12;4.16;4.1;4.1;202;0
iЗаводДИОД;60;20171215;130000;4.12;4.12;4.12;4.12;1;0
iЗаводДИОД;60;20171215;140000;4.13;4.23;4.1;4.2;91;0
iЗаводДИОД;60;20171215;150000;4.19;4.19;4.19;4.19;1;0
iЗаводДИОД;60;20171215;160000;4.19;4.19;4.19;4.19;5;0
iЗаводДИОД;60;20171215;170000;4.2;4.25;4.1;4.14;363;0
iЗаводДИОД;60;20171215;180000;4.17;4.27;4.17;4.25;18;0
iЗаводДИОД;60;20171218;100000;4.11;4.19;4.11;4.16;24;0
iЗаводДИОД;60;20171218;170000;4.16;4.16;4.16;4.16;1;0
iЗаводДИОД;60;20171219;110000;4.15;4.25;4.15;4.25;10;0
iЗаводДИОД;60;20171219;120000;4.2;4.2;4.2;4.2;1;0
iЗаводДИОД;60;20171219;130000;4.25;4.25;4.25;4.25;37;0
iЗаводДИОД;60;20171219;140000;4.26;4.28;4.25;4.28;79;0
iЗаводДИОД;60;20171219;150000;4.25;4.29;4.2;4.29;43;0
iЗаводДИОД;60;20171219;160000;4.29;4.29;4.15;4.25;33;0
iЗаводДИОД;60;20171219;170000;4.21;4.21;4.21;4.21;1;0
iЗаводДИОД;60;20171219;180000;4.21;4.62;4.17;4.62;539;0
iЗаводДИОД;60;20171220;100000;4.64;4.64;4.46;4.56;251;0
iЗаводДИОД;60;20171220;110000;4.53;4.53;4.4;4.53;96;0
iЗаводДИОД;60;20171220;120000;4.49;4.53;4.48;4.52;10;0
iЗаводДИОД;60;20171220;140000;4.47;4.47;4.46;4.46;2;0
iЗаводДИОД;60;20171220;150000;4.48;4.55;4.37;4.55;326;0
iЗаводДИОД;60;20171220;160000;4.5;4.5;4.35;4.4;215;0
iЗаводДИОД;60;20171220;180000;4.44;4.5;4.35;4.4;445;0
iЗаводДИОД;60;20171221;100000;4.41;4.41;4.41;4.41;1;0
iЗаводДИОД;60;20171221;110000;4.45;4.5;4.45;4.5;10;0
iЗаводДИОД;60;20171221;120000;4.5;4.57;4.5;4.57;17;0
iЗаводДИОД;60;20171221;130000;4.51;4.51;4.51;4.51;5;0
iЗаводДИОД;60;20171221;140000;4.5;4.5;4.5;4.5;16;0
iЗаводДИОД;60;20171221;170000;4.5;5;4.5;4.86;704;0
iЗаводДИОД;60;20171221;180000;4.92;4.93;4.6;4.79;973;0
iЗаводДИОД;60;20171222;100000;4.96;5.03;4.78;4.82;278;0
iЗаводДИОД;60;20171222;110000;4.81;4.85;4.78;4.78;40;0
iЗаводДИОД;60;20171222;130000;4.75;4.76;4.75;4.76;9;0
iЗаводДИОД;60;20171222;150000;4.76;4.76;4.61;4.61;123;0
iЗаводДИОД;60;20171222;160000;4.62;4.64;4.5;4.5;332;0
iЗаводДИОД;60;20171222;170000;4.51;4.67;4.5;4.62;476;0
iЗаводДИОД;60;20171222;180000;4.55;4.59;4.53;4.56;55;0
iЗаводДИОД;60;20171225;100000;4.73;4.73;4.5;4.58;81;0
iЗаводДИОД;60;20171225;110000;4.58;4.9;4.58;4.8;206;0
iЗаводДИОД;60;20171225;120000;4.8;4.8;4.71;4.71;21;0
iЗаводДИОД;60;20171225;140000;4.71;4.75;4.53;4.75;45;0
iЗаводДИОД;60;20171225;150000;4.62;4.7;4.61;4.7;6;0
iЗаводДИОД;60;20171225;160000;4.7;4.74;4.7;4.74;14;0
iЗаводДИОД;60;20171225;180000;4.64;4.81;4.64;4.81;117;0
iЗаводДИОД;60;20171226;110000;4.7;4.7;4.7;4.7;2;0
iЗаводДИОД;60;20171226;130000;4.7;4.7;4.7;4.7;1;0
iЗаводДИОД;60;20171226;150000;4.65;4.65;4.65;4.65;2;0
iЗаводДИОД;60;20171226;160000;4.68;5.17;4.61;5.17;1059;0
iЗаводДИОД;60;20171226;170000;5.1;5.44;5.06;5.06;534;0
iЗаводДИОД;60;20171226;180000;5.07;5.44;5;5.31;962;0
iЗаводДИОД;60;20171227;090000;5.44;5.44;5.44;5.44;1;0
iЗаводДИОД;60;20171227;100000;5.43;5.58;5.22;5.58;413;0
iЗаводДИОД;60;20171227;110000;5.58;5.58;5.4;5.4;42;0
iЗаводДИОД;60;20171227;120000;5.39;5.39;5.21;5.25;80;0
iЗаводДИОД;60;20171227;130000;5.2;5.21;5.07;5.07;175;0
iЗаводДИОД;60;20171227;140000;5.13;5.26;5.05;5.26;350;0
iЗаводДИОД;60;20171227;150000;5.24;5.24;5.15;5.17;4;0
iЗаводДИОД;60;20171227;160000;5.11;5.11;5.09;5.09;71;0
iЗаводДИОД;60;20171227;180000;5.1;5.11;5.05;5.05;13;0
iЗаводДИОД;60;20171228;100000;4.85;5.04;4.84;5.04;104;0
iЗаводДИОД;60;20171228;110000;5.03;5.03;4.97;4.97;22;0
iЗаводДИОД;60;20171228;120000;5;5;5;5;5;0
iЗаводДИОД;60;20171228;130000;4.96;4.96;4.96;4.96;3;0
iЗаводДИОД;60;20171228;140000;5;5;4.9;4.9;33;0
iЗаводДИОД;60;20171228;150000;4.96;4.96;4.82;4.82;38;0
iЗаводДИОД;60;20171228;160000;4.94;4.95;4.93;4.93;5;0
iЗаводДИОД;60;20171228;170000;4.93;4.93;4.8;4.93;98;0
iЗаводДИОД;60;20171228;180000;4.93;4.93;4.93;4.93;2;0
iЗаводДИОД;60;20171229;100000;4.8;4.84;4.8;4.84;49;0
iЗаводДИОД;60;20171229;110000;4.85;4.92;4.85;4.92;38;0
iЗаводДИОД;60;20171229;120000;4.92;4.93;4.92;4.93;12;0
iЗаводДИОД;60;20171229;130000;4.93;4.93;4.93;4.93;2;0
iЗаводДИОД;60;20171229;140000;4.9;4.93;4.9;4.93;18;0
iЗаводДИОД;60;20171229;150000;4.87;4.92;4.86;4.86;28;0
iЗаводДИОД;60;20171229;160000;4.92;5.09;4.92;5.02;172;0
iЗаводДИОД;60;20171229;170000;5.08;5.1;5.08;5.1;10;0
iЗаводДИОД;60;20171229;180000;4.95;5.14;4.95;5.14;65;0
