<TICKER>;<PER>;<DATE>;<TIME>;<OPEN>;<HIGH>;<LOW>;<CLOSE>;<VOL>;<OPENINT>
iЛевенгук;60;20170124;110000;8.15;8.15;8.1;8.1;109;0
iЛевенгук;60;20170124;170000;8.1;8.1;8.1;8.1;1;0
iЛевенгук;60;20170124;180000;8.1;8.1;8.1;8.1;10;0
iЛевенгук;60;20170127;160000;8.2;8.2;8.2;8.2;1;0
iЛевенгук;60;20170130;150000;8.25;8.5;8.25;8.35;9;0
iЛевенгук;60;20170131;130000;8.45;8.45;8.35;8.35;4;0
iЛевенгук;60;20170131;150000;8.35;8.35;8.35;8.35;4;0
iЛевенгук;60;20170131;180000;8.35;8.35;8.3;8.3;3;0
iЛевенгук;60;20170201;170000;8.25;8.25;8.25;8.25;1;0
iЛевенгук;60;20170201;180000;8.35;8.4;8.35;8.4;2;0
iЛевенгук;60;20170202;100000;8.3;8.3;8.3;8.3;1;0
iЛевенгук;60;20170202;110000;8.5;8.6;8.5;8.6;4;0
iЛевенгук;60;20170202;120000;8.6;8.7;8.6;8.7;2;0
iЛевенгук;60;20170202;160000;8.7;8.8;8.7;8.8;5;0
iЛевенгук;60;20170202;170000;8.8;8.8;8.2;8.2;6;0
iЛевенгук;60;20170202;180000;8.05;8.05;8;8;2;0
iЛевенгук;60;20170203;100000;8.3;8.3;8.3;8.3;1;0
iЛевенгук;60;20170207;110000;8.3;8.3;8.25;8.25;2;0
iЛевенгук;60;20170208;100000;8.25;8.25;8.25;8.25;1;0
iЛевенгук;60;20170208;110000;8.2;8.2;8.15;8.15;2;0
iЛевенгук;60;20170208;160000;8.25;8.25;8.25;8.25;1;0
iЛевенгук;60;20170209;110000;8.15;8.15;8.15;8.15;1;0
iЛевенгук;60;20170209;140000;8.1;8.1;8.1;8.1;1;0
iЛевенгук;60;20170210;100000;8.9;8.9;8.3;8.3;2;0
iЛевенгук;60;20170213;110000;8.1;8.1;7.8;8;15;0
iЛевенгук;60;20170213;130000;8;8.05;8;8.05;2;0
iЛевенгук;60;20170213;140000;8.05;8.05;8.05;8.05;1;0
iЛевенгук;60;20170213;160000;8.1;8.1;8.1;8.1;1;0
iЛевенгук;60;20170213;170000;8.1;8.1;8.1;8.1;407;0
iЛевенгук;60;20170214;180000;8;8;7.35;7.9;14;0
iЛевенгук;60;20170215;110000;7.95;7.95;7.95;7.95;1;0
iЛевенгук;60;20170217;110000;7.95;7.95;7.95;7.95;1;0
iЛевенгук;60;20170220;100000;7.95;7.95;7.45;7.7;16;0
iЛевенгук;60;20170220;110000;7.75;7.75;7.75;7.75;1;0
iЛевенгук;60;20170220;120000;7.75;7.75;7.75;7.75;8;0
iЛевенгук;60;20170220;140000;7.65;7.65;7.65;7.65;2;0
iЛевенгук;60;20170220;150000;7.7;7.7;7.7;7.7;1;0
iЛевенгук;60;20170220;170000;7.7;7.7;7.7;7.7;2;0
iЛевенгук;60;20170220;180000;7.6;7.6;7.6;7.6;1;0
iЛевенгук;60;20170221;150000;7.7;7.7;7.7;7.7;1;0
iЛевенгук;60;20170227;100000;7.75;7.75;7.75;7.75;1;0
iЛевенгук;60;20170307;110000;7.75;7.75;7.75;7.75;1;0
iЛевенгук;60;20170309;170000;7.5;7.5;7.5;7.5;1;0
iЛевенгук;60;20170309;180000;7.5;7.5;7.5;7.5;1;0
iЛевенгук;60;20170310;100000;7.65;7.65;7.6;7.6;2;0
iЛевенгук;60;20170316;120000;7.55;7.55;7.55;7.55;1;0
iЛевенгук;60;20170322;140000;7.85;7.85;7.85;7.85;1;0
iЛевенгук;60;20170322;150000;7.85;7.9;7.35;7.65;10;0
iЛевенгук;60;20170322;180000;7.7;7.85;7.7;7.85;3;0
iЛевенгук;60;20170323;130000;7.5;7.7;7.45;7.7;5;0
iЛевенгук;60;20170323;140000;7.8;7.8;7.8;7.8;1;0
iЛевенгук;60;20170324;160000;7.6;7.6;7.6;7.6;1;0
iЛевенгук;60;20170330;180000;7.9;7.9;7.9;7.9;1;0
iЛевенгук;60;20170331;100000;7.75;7.75;7.75;7.75;1;0
iЛевенгук;60;20170411;110000;7.9;7.9;7.6;7.6;3;0
iЛевенгук;60;20170411;160000;7.6;7.6;7.6;7.6;5;0
iЛевенгук;60;20170413;100000;7.25;7.25;7.25;7.25;1;0
iЛевенгук;60;20170413;180000;7.3;7.3;7.3;7.3;1;0
iЛевенгук;60;20170414;160000;7.3;7.3;7.3;7.3;1;0
iЛевенгук;60;20170414;170000;7.25;7.25;7.25;7.25;1;0
iЛевенгук;60;20170417;100000;7.35;7.35;7.35;7.35;1;0
iЛевенгук;60;20170417;130000;7.45;7.45;7.45;7.45;1;0
iЛевенгук;60;20170417;180000;7.5;7.6;7.5;7.6;2;0
iЛевенгук;60;20170419;100000;6.9;7.75;6.9;7.75;3;0
iЛевенгук;60;20170419;110000;6.6;7.5;6.6;7.5;4;0
iЛевенгук;60;20170419;160000;7.45;7.45;7.25;7.25;5;0
iЛевенгук;60;20170420;100000;7.45;7.45;7.45;7.45;1;0
iЛевенгук;60;20170425;150000;7.35;7.35;7.05;7.05;7;0
iЛевенгук;60;20170428;180000;7.45;7.45;7.45;7.45;1;0
iЛевенгук;60;20170502;180000;7.3;7.3;7.3;7.3;1;0
iЛевенгук;60;20170503;100000;6.3;6.3;6.3;6.3;1;0
iЛевенгук;60;20170503;110000;7.45;7.45;7.45;7.45;1;0
iЛевенгук;60;20170504;110000;7.15;7.15;7.15;7.15;1;0
iЛевенгук;60;20170504;180000;7.3;7.3;7.3;7.3;1;0
iЛевенгук;60;20170505;180000;7.3;7.3;7.3;7.3;10;0
iЛевенгук;60;20170510;120000;7.3;7.3;7.3;7.3;6;0
iЛевенгук;60;20170510;140000;7.3;7.3;7.3;7.3;5;0
iЛевенгук;60;20170510;170000;7.25;7.25;7.1;7.1;5;0
iЛевенгук;60;20170511;100000;7.2;7.2;7.2;7.2;1;0
iЛевенгук;60;20170515;100000;7;7;7;7;1;0
iЛевенгук;60;20170516;120000;7.1;7.25;7.1;7.25;4;0
iЛевенгук;60;20170518;130000;7.2;7.2;7.2;7.2;1;0
iЛевенгук;60;20170519;100000;5.8;5.8;5.8;5.8;2;0
iЛевенгук;60;20170519;160000;7.15;7.15;7.15;7.15;1;0
iЛевенгук;60;20170519;170000;6.3;6.3;6.3;6.3;1;0
iЛевенгук;60;20170519;180000;6.35;7.2;6.35;7.2;2;0
iЛевенгук;60;20170523;170000;7.15;7.2;7.15;7.2;4;0
iЛевенгук;60;20170529;100000;7.25;7.25;7.25;7.25;1;0
iЛевенгук;60;20170530;100000;7.15;7.15;6.95;6.95;5;0
iЛевенгук;60;20170530;110000;7.05;7.1;7.05;7.1;3;0
iЛевенгук;60;20170530;170000;7;7;7;7;407;0
iЛевенгук;60;20170531;110000;7;7;7;7;1;0
iЛевенгук;60;20170531;170000;6.95;6.95;6.95;6.95;1;0
iЛевенгук;60;20170602;120000;6.9;6.9;6.9;6.9;1;0
iЛевенгук;60;20170605;100000;7.05;7.05;7.05;7.05;1;0
iЛевенгук;60;20170607;100000;7.1;7.1;7.1;7.1;1;0
iЛевенгук;60;20170608;100000;7.1;7.1;7.1;7.1;1;0
iЛевенгук;60;20170613;100000;7.05;7.05;7.05;7.05;1;0
iЛевенгук;60;20170613;120000;7.15;7.15;7.15;7.15;1;0
iЛевенгук;60;20170613;150000;7.05;7.05;5.35;6.95;7;0
iЛевенгук;60;20170613;170000;7;7;7;7;2;0
iЛевенгук;60;20170615;150000;7.1;7.1;6.95;6.95;4;0
iЛевенгук;60;20170615;160000;6.9;6.9;6.9;6.9;1;0
iЛевенгук;60;20170615;180000;6.8;6.8;6.8;6.8;1;0
iЛевенгук;60;20170616;130000;7;7;7;7;1;0
iЛевенгук;60;20170616;170000;7.05;7.05;7.05;7.05;1;0
iЛевенгук;60;20170619;110000;7.25;7.35;7.25;7.35;6;0
iЛевенгук;60;20170619;120000;7.1;7.1;7.1;7.1;1;0
iЛевенгук;60;20170619;140000;7;7.05;6.95;7.05;3;0
iЛевенгук;60;20170623;150000;7.1;7.1;7.1;7.1;1;0
iЛевенгук;60;20170623;170000;7.05;7.05;7.05;7.05;1;0
iЛевенгук;60;20170626;180000;7.1;7.1;7.1;7.1;1;0
iЛевенгук;60;20170627;180000;7.1;7.1;7.1;7.1;1;0
iЛевенгук;60;20170628;110000;7.15;7.15;7.15;7.15;1;0
iЛевенгук;60;20170628;170000;7.05;7.05;7.05;7.05;1;0
iЛевенгук;60;20170630;100000;7.05;7.05;5.4;6.8;87;0
iЛевенгук;60;20170630;110000;6.65;6.7;6.55;6.7;6;0
iЛевенгук;60;20170630;160000;6.7;6.7;6.65;6.65;4;0
iЛевенгук;60;20170630;180000;6.75;6.75;6.75;6.75;1;0
iЛевенгук;60;20170703;100000;6.8;6.8;6.8;6.8;1;0
iЛевенгук;60;20170703;110000;6.85;6.9;6.7;6.7;4;0
iЛевенгук;60;20170703;120000;6.7;6.7;6.7;6.7;1;0
iЛевенгук;60;20170703;130000;6.65;6.65;6.6;6.6;2;0
iЛевенгук;60;20170703;140000;6.75;6.75;6.6;6.7;5;0
iЛевенгук;60;20170703;180000;6.6;6.6;6.6;6.6;1;0
iЛевенгук;60;20170704;130000;6.7;6.8;6.7;6.7;4;0
iЛевенгук;60;20170706;100000;6.8;6.85;6.8;6.85;2;0
iЛевенгук;60;20170707;100000;6.9;6.95;6.9;6.95;16;0
iЛевенгук;60;20170707;180000;6.95;6.95;6.95;6.95;1;0
iЛевенгук;60;20170710;120000;7;9.1;7;7.05;31;0
iЛевенгук;60;20170710;130000;7;7.15;7;7;7;0
iЛевенгук;60;20170710;140000;7;7;6.9;6.9;2;0
iЛевенгук;60;20170710;150000;6.9;6.9;6.9;6.9;1;0
iЛевенгук;60;20170710;180000;7.05;7.05;7.05;7.05;1;0
iЛевенгук;60;20170711;170000;6.9;6.9;6.9;6.9;1;0
iЛевенгук;60;20170712;180000;7.05;7.05;6.55;6.55;4;0
iЛевенгук;60;20170714;100000;6.95;6.95;6.95;6.95;1;0
iЛевенгук;60;20170714;140000;7;7;7;7;1;0
iЛевенгук;60;20170714;180000;7;7;7;7;1;0
iЛевенгук;60;20170717;110000;6.85;6.85;6.85;6.85;2;0
iЛевенгук;60;20170717;130000;7;7;7;7;1;0
iЛевенгук;60;20170717;150000;6.8;6.8;6.8;6.8;2;0
iЛевенгук;60;20170719;100000;7;7.05;7;7.05;2;0
iЛевенгук;60;20170719;130000;6.85;6.85;6.8;6.8;3;0
iЛевенгук;60;20170721;120000;7.2;7.2;7.2;7.2;1;0
iЛевенгук;60;20170724;100000;7;7;7;7;1;0
iЛевенгук;60;20170724;120000;7;7.4;7;7.4;16;0
iЛевенгук;60;20170724;150000;7.25;7.25;7.25;7.25;2;0
iЛевенгук;60;20170725;100000;7.1;7.1;7.1;7.1;2;0
iЛевенгук;60;20170727;110000;6.8;6.8;6.8;6.8;1;0
iЛевенгук;60;20170727;130000;6.85;6.85;6.85;6.85;1;0
iЛевенгук;60;20170727;150000;6.9;6.9;6.9;6.9;1;0
iЛевенгук;60;20170727;160000;6.85;6.85;6.85;6.85;1;0
iЛевенгук;60;20170804;110000;6.9;6.9;6.9;6.9;1;0
iЛевенгук;60;20170807;150000;7.3;7.3;7.3;7.3;46;0
iЛевенгук;60;20170814;140000;7.25;7.25;7.25;7.25;1;0
iЛевенгук;60;20170814;170000;7.2;7.2;7.2;7.2;1;0
iЛевенгук;60;20170817;170000;6.8;6.8;6.75;6.75;2;0
iЛевенгук;60;20170818;100000;6.7;6.7;6.7;6.7;1;0
iЛевенгук;60;20170818;120000;6.25;6.25;6.2;6.2;3;0
iЛевенгук;60;20170818;130000;7;7;7;7;1;0
iЛевенгук;60;20170818;170000;7;7;7;7;1;0
iЛевенгук;60;20170822;130000;7.3;7.3;7.3;7.3;1;0
iЛевенгук;60;20170824;140000;6.55;6.55;6.5;6.5;2;0
iЛевенгук;60;20170824;150000;7.25;7.25;6.5;6.5;16;0
iЛевенгук;60;20170825;100000;6.5;6.5;6.5;6.5;11;0
iЛевенгук;60;20170825;110000;6.5;6.5;6.5;6.5;3;0
iЛевенгук;60;20170825;120000;6.5;6.5;6.5;6.5;16;0
iЛевенгук;60;20170825;140000;6.85;6.85;6.85;6.85;1;0
iЛевенгук;60;20170825;160000;6.85;6.85;6.85;6.85;2;0
iЛевенгук;60;20170825;170000;6.7;6.7;6.5;6.5;3;0
iЛевенгук;60;20170825;180000;6.5;6.5;6.5;6.5;6;0
iЛевенгук;60;20170828;100000;7;7;7;7;1;0
iЛевенгук;60;20170828;110000;6.95;6.95;6.95;6.95;11;0
iЛевенгук;60;20170828;140000;6.9;7.15;6.9;7.15;20;0
iЛевенгук;60;20170828;170000;6.65;6.65;6.55;6.55;2;0
iЛевенгук;60;20170829;100000;6.55;6.55;6.5;6.5;12;0
iЛевенгук;60;20170830;120000;6.5;6.5;6.5;6.5;1;0
iЛевенгук;60;20170830;180000;6.5;6.5;6.5;6.5;1;0
iЛевенгук;60;20170901;120000;6.5;6.5;6.5;6.5;1;0
iЛевенгук;60;20170901;180000;6.45;6.45;6.45;6.45;4;0
iЛевенгук;60;20170904;110000;6.5;6.5;6.5;6.5;5;0
iЛевенгук;60;20170904;120000;6.6;6.85;6.6;6.6;45;0
iЛевенгук;60;20170904;160000;6.75;6.75;6.75;6.75;1;0
iЛевенгук;60;20170904;170000;6.75;6.75;6.75;6.75;2;0
iЛевенгук;60;20170905;140000;6.45;6.45;6.45;6.45;1;0
iЛевенгук;60;20170905;150000;6.7;6.7;6.7;6.7;1;0
iЛевенгук;60;20170905;160000;6.6;6.6;6.6;6.6;1;0
iЛевенгук;60;20170906;100000;7.15;7.2;7;7;9;0
iЛевенгук;60;20170906;180000;7;7.05;7;7.05;2;0
iЛевенгук;60;20170907;100000;7.3;7.45;6.9;6.9;15;0
iЛевенгук;60;20170907;110000;7.3;7.3;7.3;7.3;1;0
iЛевенгук;60;20170907;160000;7.35;7.35;7.35;7.35;1;0
iЛевенгук;60;20170908;140000;7.4;7.45;7.4;7.45;5;0
iЛевенгук;60;20170908;150000;7.4;7.4;7.4;7.4;4;0
iЛевенгук;60;20170911;100000;7.45;7.45;4.5;7.45;8;0
iЛевенгук;60;20170911;180000;7.1;7.45;7.1;7.45;2;0
iЛевенгук;60;20170912;100000;7.6;7.7;7.6;7.65;15;0
iЛевенгук;60;20170912;120000;7.7;8;7.7;8;28;0
iЛевенгук;60;20170912;140000;8;8;8;8;2;0
iЛевенгук;60;20170913;130000;7.3;7.35;7.3;7.3;22;0
iЛевенгук;60;20170913;150000;7.25;7.25;7;7;15;0
iЛевенгук;60;20170913;160000;7.1;7.15;7.1;7.15;3;0
iЛевенгук;60;20170913;170000;7.2;7.25;7.2;7.25;2;0
iЛевенгук;60;20170913;180000;7.3;7.3;7.3;7.3;1;0
iЛевенгук;60;20170914;110000;7.2;7.2;7.2;7.2;1;0
iЛевенгук;60;20170914;130000;7.05;7.05;7.05;7.05;1;0
iЛевенгук;60;20170914;150000;7.15;7.15;7.15;7.15;1;0
iЛевенгук;60;20170914;180000;7.2;7.25;7.2;7.25;2;0
iЛевенгук;60;20170915;120000;7;7;7;7;2;0
iЛевенгук;60;20170915;130000;7;7;7;7;1;0
iЛевенгук;60;20170915;170000;7.1;7.1;7.1;7.1;1;0
iЛевенгук;60;20170918;110000;7.65;8;7.25;7.25;17;0
iЛевенгук;60;20170918;120000;7.35;7.35;7.35;7.35;1;0
iЛевенгук;60;20170918;160000;7.25;7.25;7.2;7.2;3;0
iЛевенгук;60;20170918;180000;7.3;7.3;7.3;7.3;1;0
iЛевенгук;60;20170919;120000;7.2;7.2;7.2;7.2;3;0
iЛевенгук;60;20170919;150000;7.25;7.25;7.25;7.25;1;0
iЛевенгук;60;20170919;170000;7.2;7.2;7.2;7.2;1;0
iЛевенгук;60;20170919;180000;7.25;7.25;7.25;7.25;1;0
iЛевенгук;60;20170920;120000;7.3;7.3;7.3;7.3;1;0
iЛевенгук;60;20170920;130000;7.25;7.25;7.2;7.2;2;0
iЛевенгук;60;20170920;140000;7.2;7.2;7.2;7.2;1;0
iЛевенгук;60;20170920;160000;7.2;7.2;7.2;7.2;1;0
iЛевенгук;60;20170920;170000;7.2;7.2;7.2;7.2;1;0
iЛевенгук;60;20170921;170000;7.2;7.2;6.65;7.05;38;0
iЛевенгук;60;20170921;180000;6.95;7;6.95;7;3;0
iЛевенгук;60;20170922;100000;7.05;7.05;7;7;4;0
iЛевенгук;60;20170922;140000;6.95;7.05;6.95;7.05;2;0
iЛевенгук;60;20170922;170000;6.95;6.95;6.9;6.9;3;0
iЛевенгук;60;20170922;180000;7;7;7;7;1;0
iЛевенгук;60;20170925;100000;7.05;7.05;6.95;6.95;7;0
iЛевенгук;60;20170925;110000;7.05;7.05;7.05;7.05;3;0
iЛевенгук;60;20170925;120000;7.05;7.05;7.05;7.05;1;0
iЛевенгук;60;20170926;100000;6.95;6.95;6.95;6.95;2;0
iЛевенгук;60;20170926;110000;6.95;6.95;6.95;6.95;2;0
iЛевенгук;60;20170927;100000;6.95;7.05;6.95;7.05;2;0
iЛевенгук;60;20170928;150000;6.9;6.9;6.9;6.9;1;0
iЛевенгук;60;20170928;170000;6.9;6.9;6.9;6.9;1;0
iЛевенгук;60;20170928;180000;7;7;7;7;1;0
iЛевенгук;60;20170929;100000;6.9;6.9;6.7;6.7;12;0
iЛевенгук;60;20170929;110000;6.7;7;6.7;7;17;0
iЛевенгук;60;20170929;120000;6.95;7;6.6;6.9;10;0
iЛевенгук;60;20170929;130000;6.85;6.85;6.85;6.85;1;0
iЛевенгук;60;20171002;120000;6.8;6.8;6.8;6.8;1;0
iЛевенгук;60;20171002;180000;6.85;6.85;6.85;6.85;3;0
iЛевенгук;60;20171004;100000;6.75;6.75;6.6;6.6;5;0
iЛевенгук;60;20171004;110000;6.85;6.85;6.85;6.85;1;0
iЛевенгук;60;20171004;130000;6.85;6.85;6.85;6.85;5;0
iЛевенгук;60;20171004;150000;6.75;6.9;6.65;6.9;4;0
iЛевенгук;60;20171004;170000;6.65;6.65;6.65;6.65;2;0
iЛевенгук;60;20171004;180000;6.85;6.85;6.85;6.85;1;0
iЛевенгук;60;20171005;160000;6.75;6.85;6.75;6.85;3;0
iЛевенгук;60;20171005;170000;6.85;6.85;6.6;6.6;14;0
iЛевенгук;60;20171006;140000;6.6;6.6;6.5;6.5;5;0
iЛевенгук;60;20171006;150000;6.85;6.85;6.85;6.85;1;0
iЛевенгук;60;20171009;110000;6.85;6.85;6.85;6.85;1;0
iЛевенгук;60;20171012;150000;6.8;6.9;6.8;6.8;3;0
iЛевенгук;60;20171012;160000;6.85;6.85;6.85;6.85;1;0
iЛевенгук;60;20171013;120000;6.85;6.85;6.85;6.85;1;0
iЛевенгук;60;20171016;120000;6.65;6.65;6.65;6.65;1;0
iЛевенгук;60;20171016;140000;6.8;6.8;6.8;6.8;1;0
iЛевенгук;60;20171017;100000;6.85;7.05;6.85;7;11;0
iЛевенгук;60;20171017;120000;6.85;6.85;6.85;6.85;1;0
iЛевенгук;60;20171017;150000;6.9;6.9;6.9;6.9;1;0
iЛевенгук;60;20171017;160000;6.9;6.9;6.9;6.9;2;0
iЛевенгук;60;20171018;100000;6.9;6.9;6.9;6.9;1;0
iЛевенгук;60;20171018;120000;6.9;6.9;6.9;6.9;1;0
iЛевенгук;60;20171018;140000;6.85;6.9;6.85;6.9;2;0
iЛевенгук;60;20171018;160000;6.85;6.85;6.85;6.85;1;0
iЛевенгук;60;20171018;180000;6.85;6.85;6.85;6.85;1;0
iЛевенгук;60;20171019;110000;6.85;6.85;6.85;6.85;1;0
iЛевенгук;60;20171019;120000;6.85;6.85;6.85;6.85;1;0
iЛевенгук;60;20171019;140000;6.85;6.85;6.85;6.85;1;0
iЛевенгук;60;20171019;160000;6.8;6.8;6.8;6.8;1;0
iЛевенгук;60;20171019;170000;6.85;8.2;6.85;7.25;105;0
iЛевенгук;60;20171019;180000;7.1;7.1;6.75;6.75;11;0
iЛевенгук;60;20171020;100000;7.2;7.2;6.95;6.95;2;0
iЛевенгук;60;20171020;110000;6.8;6.95;6.8;6.95;2;0
iЛевенгук;60;20171020;120000;6.8;6.8;6.8;6.8;1;0
iЛевенгук;60;20171020;150000;6.8;6.8;6.8;6.8;2;0
iЛевенгук;60;20171023;130000;6.8;6.8;6.8;6.8;1;0
iЛевенгук;60;20171023;140000;6.95;7.25;6.95;6.95;6;0
iЛевенгук;60;20171023;150000;6.9;6.9;6.8;6.8;7;0
iЛевенгук;60;20171023;160000;6.85;6.9;6.8;6.8;4;0
iЛевенгук;60;20171023;170000;6.75;6.75;6.75;6.75;2;0
iЛевенгук;60;20171023;180000;6.7;6.75;6.7;6.75;4;0
iЛевенгук;60;20171024;100000;6.8;6.8;6.75;6.8;4;0
iЛевенгук;60;20171024;110000;6.75;6.75;6.75;6.75;3;0
iЛевенгук;60;20171024;120000;6.7;6.7;6.7;6.7;3;0
iЛевенгук;60;20171024;130000;6.75;7.1;6.75;7.1;15;0
iЛевенгук;60;20171024;140000;6.8;6.9;6.8;6.9;2;0
iЛевенгук;60;20171027;150000;6.85;6.85;6.85;6.85;1;0
iЛевенгук;60;20171027;160000;6.85;6.85;6.85;6.85;1;0
iЛевенгук;60;20171027;170000;6.8;6.8;6.75;6.8;3;0
iЛевенгук;60;20171030;130000;6.95;6.95;6.95;6.95;1;0
iЛевенгук;60;20171031;100000;6.75;6.75;6.75;6.75;2;0
iЛевенгук;60;20171101;120000;6.9;6.95;6.8;6.8;28;0
iЛевенгук;60;20171101;150000;6.8;6.8;6.8;6.8;1;0
iЛевенгук;60;20171101;170000;6.75;6.75;6.75;6.75;1;0
iЛевенгук;60;20171102;150000;6.9;6.9;6.9;6.9;2;0
iЛевенгук;60;20171103;120000;6.85;6.85;6.85;6.85;2;0
iЛевенгук;60;20171103;130000;6.9;7.1;6.9;7.1;16;0
iЛевенгук;60;20171108;160000;6.85;7;6.85;7;2;0
iЛевенгук;60;20171109;100000;6.85;7;6.85;7;5;0
iЛевенгук;60;20171109;110000;7;7;7;7;1;0
iЛевенгук;60;20171113;100000;7;7;7;7;1;0
iЛевенгук;60;20171114;110000;7.45;7.45;7.45;7.45;2;0
iЛевенгук;60;20171115;130000;7.45;7.7;7.2;7.7;8;0
iЛевенгук;60;20171116;150000;7;7.6;7;7.2;7;0
iЛевенгук;60;20171117;130000;6.85;7.1;6.8;7.1;6;0
iЛевенгук;60;20171117;140000;7;7;7;7;1;0
iЛевенгук;60;20171117;160000;6.9;6.9;6.8;6.8;4;0
iЛевенгук;60;20171120;160000;7.2;7.2;7.1;7.2;4;0
iЛевенгук;60;20171121;170000;6.9;7.2;6.8;7.2;18;0
iЛевенгук;60;20171123;150000;7.05;7.05;7.05;7.05;1;0
iЛевенгук;60;20171124;170000;7.15;7.15;7.1;7.1;2;0
iЛевенгук;60;20171127;110000;7.3;7.5;6.95;7.4;17;0
iЛевенгук;60;20171127;120000;7.25;7.25;7.2;7.2;2;0
iЛевенгук;60;20171128;100000;7.25;7.25;7.2;7.2;2;0
iЛевенгук;60;20171130;120000;7.15;7.15;7.15;7.15;1;0
iЛевенгук;60;20171204;110000;7.1;7.1;7.1;7.1;3;0
iЛевенгук;60;20171204;120000;7.1;7.1;7.1;7.1;7;0
iЛевенгук;60;20171205;100000;7.8;7.8;7.8;7.8;3;0
iЛевенгук;60;20171205;170000;7.2;7.2;7.2;7.2;2;0
iЛевенгук;60;20171206;140000;7.1;7.1;6.85;7;11;0
iЛевенгук;60;20171206;150000;7;7;7;7;1;0
iЛевенгук;60;20171207;140000;6.95;6.95;6.95;6.95;1;0
iЛевенгук;60;20171208;170000;6.95;6.95;6.95;6.95;3;0
iЛевенгук;60;20171211;100000;7.05;7.05;7;7.05;8;0
iЛевенгук;60;20171211;120000;7;7;7;7;1;0
iЛевенгук;60;20171212;170000;6.95;7;6.9;7;3;0
iЛевенгук;60;20171213;110000;7.05;7.05;7.05;7.05;1;0
iЛевенгук;60;20171213;150000;6.95;6.95;6.95;6.95;3;0
iЛевенгук;60;20171214;100000;7.1;7.1;7;7;2;0
iЛевенгук;60;20171214;110000;7.05;7.05;7.05;7.05;4;0
iЛевенгук;60;20171214;120000;7.05;7.05;7.05;7.05;1;0
iЛевенгук;60;20171214;150000;7.1;7.1;7.1;7.1;2;0
iЛевенгук;60;20171222;150000;7;7;7;7;2;0
iЛевенгук;60;20171225;150000;7.1;7.4;7.1;7.4;24;0
iЛевенгук;60;20171225;160000;7.45;8;7.45;8;22;0
iЛевенгук;60;20171226;100000;7.85;7.9;7.8;7.8;4;0
iЛевенгук;60;20171226;120000;7.75;7.75;7;7.6;11;0
iЛевенгук;60;20171226;140000;7.5;7.5;7.5;7.5;1;0
iЛевенгук;60;20171226;180000;7.5;7.5;7.5;7.5;1;0
iЛевенгук;60;20171229;100000;7.7;7.7;7.6;7.6;2;0
iЛевенгук;60;20171229;160000;7.6;7.6;7.6;7.6;1;0
