<TICKER>;<PER>;<DATE>;<TIME>;<OPEN>;<HIGH>;<LOW>;<CLOSE>;<VOL>;<OPENINT>
iРоллман;60;20170124;100000;122;123;120;120;14;0
iРоллман;60;20170124;110000;120;120;120;120;13;0
iРоллман;60;20170124;120000;120;121;120;121;21;0
iРоллман;60;20170124;130000;121;122;120;120;31;0
iРоллман;60;20170124;140000;120;120;120;120;3;0
iРоллман;60;20170124;160000;120;122;120;122;47;0
iРоллман;60;20170124;170000;121;121;120;120;24;0
iРоллман;60;20170124;180000;122;122;122;122;2;0
iРоллман;60;20170125;100000;122;122;121;122;24;0
iРоллман;60;20170125;110000;121;121;121;121;1;0
iРоллман;60;20170125;120000;120;121;120;121;45;0
iРоллман;60;20170125;130000;120;121;120;121;13;0
iРоллман;60;20170125;140000;120;121;120;121;11;0
iРоллман;60;20170125;150000;121;121;121;121;13;0
iРоллман;60;20170125;160000;121;123;120;122;184;0
iРоллман;60;20170125;170000;120;121;120;121;4;0
iРоллман;60;20170126;100000;120;120;120;120;8;0
iРоллман;60;20170126;110000;121;121;121;121;2;0
iРоллман;60;20170126;120000;120;120;120;120;2;0
iРоллман;60;20170126;130000;121;127;121;124;172;0
iРоллман;60;20170126;140000;124;124;123;123;35;0
iРоллман;60;20170126;150000;122;123;122;123;6;0
iРоллман;60;20170126;170000;121;121;121;121;2;0
iРоллман;60;20170126;180000;120;122;120;122;116;0
iРоллман;60;20170127;100000;121;121;120;121;47;0
iРоллман;60;20170127;110000;121;121;120;121;32;0
iРоллман;60;20170127;120000;120;121;118;121;124;0
iРоллман;60;20170127;130000;120;120;120;120;10;0
iРоллман;60;20170127;140000;119;119;119;119;1;0
iРоллман;60;20170127;150000;120;120;120;120;1;0
iРоллман;60;20170127;160000;120;120;118;118;42;0
iРоллман;60;20170127;170000;120;120;119;119;28;0
iРоллман;60;20170127;180000;120;120;120;120;7;0
iРоллман;60;20170130;100000;121;121;121;121;2;0
iРоллман;60;20170130;110000;120;121;120;121;9;0
iРоллман;60;20170130;120000;120;120;120;120;4;0
iРоллман;60;20170130;130000;120;120;120;120;7;0
iРоллман;60;20170130;140000;119;120;119;120;18;0
iРоллман;60;20170130;150000;120;120;120;120;7;0
iРоллман;60;20170130;180000;120;120;120;120;5;0
iРоллман;60;20170131;100000;120;120;120;120;2;0
iРоллман;60;20170131;110000;120;120;120;120;23;0
iРоллман;60;20170131;130000;120;120;120;120;5;0
iРоллман;60;20170131;140000;120;120;120;120;1;0
iРоллман;60;20170131;150000;119;119;119;119;11;0
iРоллман;60;20170131;160000;119;121;119;120;85;0
iРоллман;60;20170131;170000;119;120;119;119;10;0
iРоллман;60;20170131;180000;120;120;120;120;1;0
iРоллман;60;20170201;100000;121;121;121;121;8;0
iРоллман;60;20170201;130000;120;121;119;119;46;0
iРоллман;60;20170201;140000;119;120;119;120;12;0
iРоллман;60;20170201;150000;120;120;119;120;16;0
iРоллман;60;20170201;160000;119;120;119;120;6;0
iРоллман;60;20170202;100000;119;119;119;119;5;0
iРоллман;60;20170202;110000;120;120;120;120;2;0
iРоллман;60;20170202;120000;119;119;117;119;33;0
iРоллман;60;20170202;130000;118;118;118;118;8;0
iРоллман;60;20170202;140000;120;120;120;120;5;0
iРоллман;60;20170202;150000;119;119;119;119;10;0
iРоллман;60;20170202;160000;119;119;119;119;19;0
iРоллман;60;20170202;170000;119;119;118;119;25;0
iРоллман;60;20170202;180000;118;118;118;118;7;0
iРоллман;60;20170203;100000;119;119;115;117;124;0
iРоллман;60;20170203;110000;117;117;116;117;11;0
iРоллман;60;20170203;120000;117;117;117;117;3;0
iРоллман;60;20170203;130000;118;118;118;118;8;0
iРоллман;60;20170203;140000;118;118;118;118;1;0
iРоллман;60;20170203;150000;118;118;118;118;2;0
iРоллман;60;20170203;170000;118;119;118;119;9;0
iРоллман;60;20170203;180000;119;119;119;119;14;0
iРоллман;60;20170206;100000;119;119;119;119;1;0
iРоллман;60;20170206;110000;118;119;118;119;12;0
iРоллман;60;20170206;120000;118;118;118;118;13;0
iРоллман;60;20170206;130000;119;119;119;119;1;0
iРоллман;60;20170206;150000;119;119;119;119;2;0
iРоллман;60;20170207;120000;119;122;119;120;107;0
iРоллман;60;20170207;130000;120;120;120;120;10;0
iРоллман;60;20170207;160000;119;119;119;119;15;0
iРоллман;60;20170207;170000;118;120;118;120;85;0
iРоллман;60;20170207;180000;119;119;119;119;14;0
iРоллман;60;20170208;100000;120;125;119;122;130;0
iРоллман;60;20170208;110000;121;121;119;119;50;0
iРоллман;60;20170208;130000;119;119;119;119;10;0
iРоллман;60;20170208;140000;120;125;120;122;112;0
iРоллман;60;20170208;150000;121;121;121;121;1;0
iРоллман;60;20170209;100000;123;124;120;120;36;0
iРоллман;60;20170209;110000;119;119;119;119;40;0
iРоллман;60;20170209;120000;118;120;118;120;47;0
iРоллман;60;20170209;130000;118;118;118;118;12;0
iРоллман;60;20170209;140000;118;118;118;118;1;0
iРоллман;60;20170209;160000;119;119;119;119;28;0
iРоллман;60;20170209;170000;118;125;118;125;164;0
iРоллман;60;20170209;180000;122;122;120;121;28;0
iРоллман;60;20170210;100000;121;122;118;119;115;0
iРоллман;60;20170210;110000;119;119;119;119;18;0
iРоллман;60;20170210;150000;120;120;120;120;50;0
iРоллман;60;20170213;100000;121;121;121;121;18;0
iРоллман;60;20170213;110000;122;126;122;122;269;0
iРоллман;60;20170213;130000;122;122;122;122;1;0
iРоллман;60;20170213;180000;121;121;120;120;3;0
iРоллман;60;20170214;110000;123;125;122;122;20;0
iРоллман;60;20170214;130000;121;121;121;121;2;0
iРоллман;60;20170214;150000;120;123;119;121;62;0
iРоллман;60;20170214;160000;121;121;120;121;12;0
iРоллман;60;20170214;170000;121;121;121;121;1;0
iРоллман;60;20170214;180000;121;121;121;121;1;0
iРоллман;60;20170215;110000;120;123;120;120;88;0
iРоллман;60;20170215;130000;120;120;120;120;1;0
iРоллман;60;20170215;150000;121;121;121;121;1;0
iРоллман;60;20170215;160000;121;121;121;121;1;0
iРоллман;60;20170215;170000;121;121;119;119;63;0
iРоллман;60;20170215;180000;119;119;118;119;65;0
iРоллман;60;20170216;090000;120;120;120;120;2;0
iРоллман;60;20170216;100000;119;119;119;119;2;0
iРоллман;60;20170216;110000;119;119;119;119;8;0
iРоллман;60;20170216;120000;120;120;120;120;1;0
iРоллман;60;20170216;160000;120;120;119;119;3;0
iРоллман;60;20170216;170000;119;119;119;119;8;0
iРоллман;60;20170216;180000;119;119;119;119;2;0
iРоллман;60;20170217;120000;120;120;120;120;2;0
iРоллман;60;20170217;150000;119;119;118;118;42;0
iРоллман;60;20170217;160000;118;118;118;118;4;0
iРоллман;60;20170217;170000;119;119;119;119;10;0
iРоллман;60;20170217;180000;120;120;119;119;20;0
iРоллман;60;20170220;110000;117;119;117;119;5;0
iРоллман;60;20170220;130000;119;120;119;120;13;0
iРоллман;60;20170220;140000;120;120;120;120;1;0
iРоллман;60;20170220;180000;120;120;120;120;1;0
iРоллман;60;20170221;120000;117;120;117;120;13;0
iРоллман;60;20170221;180000;120;120;120;120;1;0
iРоллман;60;20170222;100000;120;120;120;120;5;0
iРоллман;60;20170222;120000;118;119;118;119;13;0
iРоллман;60;20170224;100000;119;119;119;119;8;0
iРоллман;60;20170224;120000;119;119;119;119;3;0
iРоллман;60;20170224;140000;119;119;119;119;3;0
iРоллман;60;20170224;150000;120;120;120;120;10;0
iРоллман;60;20170224;160000;119;119;119;119;70;0
iРоллман;60;20170224;170000;119;119;119;119;3;0
iРоллман;60;20170224;180000;120;120;120;120;1;0
iРоллман;60;20170227;100000;119;119;119;119;3;0
iРоллман;60;20170227;130000;119;120;119;120;2;0
iРоллман;60;20170227;140000;118;118;118;118;10;0
iРоллман;60;20170227;160000;118;118;117;118;13;0
iРоллман;60;20170227;180000;118;118;116;116;13;0
iРоллман;60;20170228;100000;116;116;116;116;1;0
iРоллман;60;20170228;110000;116;116;114;114;21;0
iРоллман;60;20170228;120000;116;116;116;116;2;0
iРоллман;60;20170228;130000;116;117;116;117;3;0
iРоллман;60;20170228;180000;116;116;116;116;1;0
iРоллман;60;20170301;100000;117;117;117;117;1;0
iРоллман;60;20170301;160000;115;117;115;117;28;0
iРоллман;60;20170301;170000;114;114;114;114;1;0
iРоллман;60;20170301;180000;116;116;116;116;4;0
iРоллман;60;20170302;100000;117;117;117;117;1;0
iРоллман;60;20170302;140000;117;117;116;116;3;0
iРоллман;60;20170302;150000;116;116;115;115;24;0
iРоллман;60;20170302;180000;115;116;114;116;7;0
iРоллман;60;20170303;100000;115;117;115;117;51;0
iРоллман;60;20170303;110000;117;119;117;119;60;0
iРоллман;60;20170303;130000;118;119;118;119;93;0
iРоллман;60;20170303;140000;119;119;119;119;7;0
iРоллман;60;20170303;170000;117;118;117;118;2;0
iРоллман;60;20170303;180000;118;118;118;118;1;0
iРоллман;60;20170306;100000;117;117;112;116;107;0
iРоллман;60;20170306;130000;115;115;114;115;32;0
iРоллман;60;20170306;140000;114;114;105;114;107;0
iРоллман;60;20170306;160000;113;113;111;111;6;0
iРоллман;60;20170306;170000;113;113;113;113;3;0
iРоллман;60;20170306;180000;112;112;111;112;7;0
iРоллман;60;20170307;100000;113;113;113;113;3;0
iРоллман;60;20170307;110000;113;115;112;112;18;0
iРоллман;60;20170307;120000;111;111;110;110;16;0
iРоллман;60;20170307;140000;111;111;111;111;1;0
iРоллман;60;20170307;180000;111;111;111;111;3;0
iРоллман;60;20170309;110000;112;112;112;112;2;0
iРоллман;60;20170309;120000;112;112;112;112;1;0
iРоллман;60;20170309;140000;110;110;107;107;30;0
iРоллман;60;20170309;160000;107;107;107;107;13;0
iРоллман;60;20170309;170000;107;107;107;107;30;0
iРоллман;60;20170309;180000;105;105;105;105;3;0
iРоллман;60;20170310;090000;107;107;107;107;4;0
iРоллман;60;20170310;100000;107;108;103;103;3;0
iРоллман;60;20170310;110000;107;107;107;107;3;0
iРоллман;60;20170310;120000;107;108;107;107;3;0
iРоллман;60;20170310;160000;107;107;107;107;3;0
iРоллман;60;20170310;170000;105;105;102;102;12;0
iРоллман;60;20170310;180000;104;104;104;104;3;0
iРоллман;60;20170313;100000;106;110;106;110;58;0
iРоллман;60;20170313;110000;107;107;105;107;18;0
iРоллман;60;20170314;120000;107;109;107;109;20;0
iРоллман;60;20170314;140000;108;108;108;108;1;0
iРоллман;60;20170314;150000;108;109;108;109;11;0
iРоллман;60;20170314;170000;108;110;108;110;38;0
iРоллман;60;20170314;180000;110;110;110;110;3;0
iРоллман;60;20170315;100000;109;110;109;110;12;0
iРоллман;60;20170315;120000;109;110;109;110;2;0
iРоллман;60;20170315;130000;110;110;110;110;1;0
iРоллман;60;20170315;150000;108;110;108;110;28;0
iРоллман;60;20170315;180000;110;110;110;110;2;0
iРоллман;60;20170316;100000;108;108;108;108;1;0
iРоллман;60;20170316;110000;110;111;108;111;18;0
iРоллман;60;20170316;130000;111;111;111;111;1;0
iРоллман;60;20170316;140000;105;110;104;110;15;0
iРоллман;60;20170316;160000;108;108;108;108;1;0
iРоллман;60;20170316;170000;109;109;109;109;2;0
iРоллман;60;20170316;180000;110;110;110;110;1;0
iРоллман;60;20170317;100000;109;109;109;109;1;0
iРоллман;60;20170317;170000;107;107;107;107;7;0
iРоллман;60;20170317;180000;110;110;110;110;1;0
iРоллман;60;20170320;130000;110;110;110;110;1;0
iРоллман;60;20170320;160000;105;105;105;105;3;0
iРоллман;60;20170320;180000;109;116;109;116;68;0
iРоллман;60;20170321;100000;115;115;107;107;27;0
iРоллман;60;20170321;140000;109;109;109;109;2;0
iРоллман;60;20170321;180000;112;112;112;112;1;0
iРоллман;60;20170322;100000;112;115;112;115;25;0
iРоллман;60;20170322;150000;109;109;109;109;1;0
iРоллман;60;20170322;180000;113;113;113;113;1;0
iРоллман;60;20170323;100000;112;115;112;115;15;0
iРоллман;60;20170323;180000;115;115;115;115;1;0
iРоллман;60;20170324;090000;114;114;114;114;1;0
iРоллман;60;20170324;100000;113;116;113;116;47;0
iРоллман;60;20170324;110000;115;115;110;110;71;0
iРоллман;60;20170324;120000;110;110;110;110;1;0
iРоллман;60;20170324;140000;110;110;109;109;3;0
iРоллман;60;20170324;160000;109;109;108;108;7;0
iРоллман;60;20170324;170000;107;109;107;108;31;0
iРоллман;60;20170324;180000;108;108;108;108;23;0
iРоллман;60;20170327;110000;107;107;107;107;2;0
iРоллман;60;20170327;130000;107;107;105;105;25;0
iРоллман;60;20170327;140000;106;106;106;106;1;0
iРоллман;60;20170328;100000;106;108;106;108;47;0
iРоллман;60;20170329;100000;108;108;108;108;2;0
iРоллман;60;20170329;140000;107;107;107;107;1;0
iРоллман;60;20170329;170000;107;107;107;107;2;0
iРоллман;60;20170329;180000;108;108;108;108;3;0
iРоллман;60;20170330;100000;108;108;107;107;2;0
iРоллман;60;20170330;110000;107;107;107;107;1;0
iРоллман;60;20170330;120000;108;108;108;108;3;0
iРоллман;60;20170330;130000;108;108;108;108;1;0
iРоллман;60;20170330;160000;108;108;108;108;16;0
iРоллман;60;20170331;100000;107;107;105;105;5;0
iРоллман;60;20170331;120000;106;106;106;106;1;0
iРоллман;60;20170331;170000;105;105;105;105;1;0
iРоллман;60;20170331;180000;106;106;106;106;1;0
iРоллман;60;20170403;100000;105;105;105;105;1;0
iРоллман;60;20170403;140000;106;106;106;106;7;0
iРоллман;60;20170405;100000;105;105;101;105;43;0
iРоллман;60;20170405;180000;104;104;104;104;3;0
iРоллман;60;20170406;100000;105;105;105;105;2;0
iРоллман;60;20170406;170000;105;105;105;105;2;0
iРоллман;60;20170407;100000;104;104;104;104;2;0
iРоллман;60;20170407;110000;103;103;103;103;6;0
iРоллман;60;20170407;120000;103;103;103;103;1;0
iРоллман;60;20170407;140000;104;104;104;104;2;0
iРоллман;60;20170407;150000;104;105;104;105;3;0
iРоллман;60;20170410;130000;104;104;103;103;6;0
iРоллман;60;20170410;140000;102;103;101;103;26;0
iРоллман;60;20170411;140000;104;104;104;104;1;0
iРоллман;60;20170411;180000;105;110;105;107;54;0
iРоллман;60;20170412;140000;107;107;107;107;1;0
iРоллман;60;20170412;150000;106;106;106;106;1;0
iРоллман;60;20170412;160000;105;105;104;104;6;0
iРоллман;60;20170412;170000;104;104;101;102;37;0
iРоллман;60;20170412;180000;103;103;102;102;14;0
iРоллман;60;20170413;110000;101;101;100;100;16;0
iРоллман;60;20170413;120000;100;100;100;100;6;0
iРоллман;60;20170413;150000;101;101;101;101;1;0
iРоллман;60;20170413;160000;99;99;98;98;10;0
iРоллман;60;20170413;170000;103;106;103;106;10;0
iРоллман;60;20170414;100000;102;102;102;102;1;0
iРоллман;60;20170414;160000;99;99;99;99;7;0
iРоллман;60;20170417;110000;101;101;97;98;29;0
iРоллман;60;20170417;130000;99;99;99;99;11;0
iРоллман;60;20170417;150000;99;101;99;101;10;0
iРоллман;60;20170418;170000;102;105;102;105;11;0
iРоллман;60;20170419;180000;99;101;99;101;2;0
iРоллман;60;20170420;130000;98;98;96;96;16;0
iРоллман;60;20170420;160000;100;100;100;100;5;0
iРоллман;60;20170421;140000;100;100;100;100;9;0
iРоллман;60;20170421;160000;101;104;101;104;3;0
iРоллман;60;20170424;130000;102;102;102;102;1;0
iРоллман;60;20170425;120000;103;103;97;97;2;0
iРоллман;60;20170425;130000;103;104;97;104;32;0
iРоллман;60;20170425;140000;104;106;104;106;7;0
iРоллман;60;20170426;130000;104;104;104;104;1;0
iРоллман;60;20170426;170000;99;105;99;105;11;0
iРоллман;60;20170426;180000;97;105;97;105;16;0
iРоллман;60;20170427;120000;97;106;95;105;144;0
iРоллман;60;20170427;130000;99;99;99;99;1;0
iРоллман;60;20170427;140000;98;98;98;98;7;0
iРоллман;60;20170427;160000;103;103;103;103;10;0
iРоллман;60;20170427;170000;103;103;103;103;1;0
iРоллман;60;20170427;180000;99;105;99;105;8;0
iРоллман;60;20170428;110000;98;105;98;105;7;0
iРоллман;60;20170428;130000;103;103;103;103;6;0
iРоллман;60;20170428;140000;103;103;101;102;11;0
iРоллман;60;20170428;150000;102;103;102;103;9;0
iРоллман;60;20170502;130000;98;102;98;102;8;0
iРоллман;60;20170502;140000;102;102;102;102;5;0
iРоллман;60;20170502;180000;98;98;98;98;1;0
iРоллман;60;20170503;110000;99;99;99;99;1;0
iРоллман;60;20170503;120000;99;104;99;104;12;0
iРоллман;60;20170503;140000;101;103;101;103;2;0
iРоллман;60;20170503;150000;103;104;103;104;11;0
iРоллман;60;20170503;170000;102;103;102;103;3;0
iРоллман;60;20170503;180000;103;104;103;103;14;0
iРоллман;60;20170504;130000;100;102;100;102;2;0
iРоллман;60;20170504;150000;103;103;103;103;2;0
iРоллман;60;20170505;110000;99;101;99;101;2;0
iРоллман;60;20170510;100000;102;102;102;102;1;0
iРоллман;60;20170510;150000;102;102;102;102;1;0
iРоллман;60;20170511;120000;101;101;101;101;2;0
iРоллман;60;20170511;130000;101;104;101;104;97;0
iРоллман;60;20170511;150000;101;101;101;101;1;0
iРоллман;60;20170512;100000;101;101;100;100;2;0
iРоллман;60;20170512;130000;102;104;102;103;11;0
iРоллман;60;20170512;180000;98;98;98;98;1;0
iРоллман;60;20170515;120000;101;101;101;101;1;0
iРоллман;60;20170515;130000;101;101;101;101;1;0
iРоллман;60;20170515;140000;99;99;98;98;2;0
iРоллман;60;20170515;150000;100;100;100;100;1;0
iРоллман;60;20170515;160000;99;101;99;101;5;0
iРоллман;60;20170516;100000;99;99;99;99;1;0
iРоллман;60;20170516;110000;99;99;98;98;14;0
iРоллман;60;20170516;150000;98;98;97;97;2;0
iРоллман;60;20170516;170000;98;98;98;98;2;0
iРоллман;60;20170516;180000;97;98;95;95;23;0
iРоллман;60;20170517;100000;96;99;96;99;2;0
iРоллман;60;20170517;130000;97;97;91;91;10;0
iРоллман;60;20170517;140000;98;98;98;98;20;0
iРоллман;60;20170517;160000;98;100;98;100;49;0
iРоллман;60;20170518;100000;92;100;92;100;4;0
iРоллман;60;20170518;110000;93;102;93;93;22;0
iРоллман;60;20170518;120000;96;96;95;95;3;0
iРоллман;60;20170518;180000;98;98;94;94;2;0
iРоллман;60;20170519;100000;101;101;101;101;2;0
iРоллман;60;20170519;110000;99;102;99;102;3;0
iРоллман;60;20170519;140000;95;95;95;95;1;0
iРоллман;60;20170519;180000;96;96;96;96;16;0
iРоллман;60;20170522;110000;93;101;93;95;12;0
iРоллман;60;20170522;130000;100;103;100;103;10;0
iРоллман;60;20170522;140000;102;103;98;98;39;0
iРоллман;60;20170522;180000;98;98;95;95;2;0
iРоллман;60;20170523;120000;96;96;96;96;1;0
iРоллман;60;20170523;130000;100;104;100;101;30;0
iРоллман;60;20170523;140000;104;104;104;104;5;0
iРоллман;60;20170523;150000;103;103;103;103;1;0
iРоллман;60;20170523;160000;103;104;103;103;5;0
iРоллман;60;20170523;170000;103;103;103;103;1;0
iРоллман;60;20170523;180000;104;109;103;103;54;0
iРоллман;60;20170524;100000;107;112;107;112;13;0
iРоллман;60;20170524;110000;109;117;107;107;117;0
iРоллман;60;20170524;120000;105;108;98;108;46;0
iРоллман;60;20170524;130000;107;109;97;97;45;0
iРоллман;60;20170524;140000;99;103;98;98;7;0
iРоллман;60;20170524;160000;104;104;104;104;7;0
iРоллман;60;20170524;180000;100;100;96;96;11;0
iРоллман;60;20170525;100000;96;96;77;77;13;0
iРоллман;60;20170525;110000;101;101;99;99;3;0
iРоллман;60;20170525;130000;99;99;95;95;2;0
iРоллман;60;20170525;140000;96;96;96;96;7;0
iРоллман;60;20170525;150000;96;99;90;90;18;0
iРоллман;60;20170525;160000;96;99;96;99;2;0
iРоллман;60;20170525;170000;98;99;93;95;7;0
iРоллман;60;20170525;180000;94;97;91;94;20;0
iРоллман;60;20170526;100000;108;108;92;92;6;0
iРоллман;60;20170526;140000;94;94;94;94;1;0
iРоллман;60;20170529;100000;106;106;106;106;1;0
iРоллман;60;20170529;110000;99;99;99;99;1;0
iРоллман;60;20170529;180000;99;99;99;99;1;0
iРоллман;60;20170530;150000;99;100;99;100;2;0
iРоллман;60;20170530;160000;95;95;94;94;6;0
iРоллман;60;20170530;170000;100;100;100;100;1;0
iРоллман;60;20170530;180000;95;95;95;95;1;0
iРоллман;60;20170531;110000;92;92;92;92;1;0
iРоллман;60;20170531;120000;101;102;100;100;15;0
iРоллман;60;20170531;130000;100;100;100;100;1;0
iРоллман;60;20170531;170000;99;99;99;99;1;0
iРоллман;60;20170531;180000;98;98;98;98;1;0
iРоллман;60;20170601;100000;98;100;98;100;2;0
iРоллман;60;20170601;120000;98;98;97;97;2;0
iРоллман;60;20170601;130000;96;96;89;89;28;0
iРоллман;60;20170601;140000;95;95;95;95;5;0
iРоллман;60;20170601;160000;96;97;96;97;5;0
iРоллман;60;20170602;110000;95;95;91;91;20;0
iРоллман;60;20170602;150000;93;93;93;93;2;0
iРоллман;60;20170602;160000;92;93;92;93;13;0
iРоллман;60;20170602;170000;92;92;92;92;14;0
iРоллман;60;20170602;180000;92;92;91;91;33;0
iРоллман;60;20170605;100000;99;99;99;99;1;0
iРоллман;60;20170605;110000;100;100;100;100;1;0
iРоллман;60;20170605;130000;98;98;98;98;2;0
iРоллман;60;20170605;140000;97;97;96;96;2;0
iРоллман;60;20170605;160000;95;95;95;95;1;0
iРоллман;60;20170606;100000;100;100;100;100;2;0
iРоллман;60;20170606;180000;95;95;95;95;1;0
iРоллман;60;20170607;100000;96;97;96;97;2;0
iРоллман;60;20170607;110000;96;96;94;94;3;0
iРоллман;60;20170607;130000;95;95;95;95;1;0
iРоллман;60;20170607;170000;94;94;65;87;232;0
iРоллман;60;20170607;180000;89;89;88;88;9;0
iРоллман;60;20170608;100000;71;91;71;91;63;0
iРоллман;60;20170608;110000;91;91;91;91;2;0
iРоллман;60;20170608;170000;89;89;89;89;5;0
iРоллман;60;20170608;180000;88;89;86;86;6;0
iРоллман;60;20170609;120000;90;90;90;90;4;0
iРоллман;60;20170609;140000;88;88;88;88;1;0
iРоллман;60;20170609;170000;88;88;88;88;10;0
iРоллман;60;20170613;100000;89;90;89;90;2;0
iРоллман;60;20170613;120000;92;102;92;101;57;0
iРоллман;60;20170613;130000;95;95;94;94;4;0
iРоллман;60;20170613;140000;94;103;94;100;25;0
iРоллман;60;20170613;150000;101;102;100;100;4;0
iРоллман;60;20170613;160000;102;103;102;102;12;0
iРоллман;60;20170613;170000;100;100;99;99;2;0
iРоллман;60;20170614;110000;99;100;99;100;3;0
iРоллман;60;20170614;120000;93;99;92;97;6;0
iРоллман;60;20170614;170000;97;97;96;96;8;0
iРоллман;60;20170614;180000;96;96;93;96;23;0
iРоллман;60;20170615;100000;92;92;89;89;20;0
iРоллман;60;20170615;110000;91;98;91;98;43;0
iРоллман;60;20170615;160000;91;91;91;91;2;0
iРоллман;60;20170616;160000;94;94;94;94;1;0
iРоллман;60;20170619;110000;95;95;95;95;1;0
iРоллман;60;20170619;120000;93;93;93;93;1;0
iРоллман;60;20170621;160000;90;90;90;90;7;0
iРоллман;60;20170621;180000;93;93;93;93;1;0
iРоллман;60;20170622;120000;93;95;93;95;7;0
iРоллман;60;20170622;130000;95;95;95;95;2;0
iРоллман;60;20170622;140000;95;95;95;95;1;0
iРоллман;60;20170622;170000;96;97;96;97;40;0
iРоллман;60;20170622;180000;95;95;95;95;1;0
iРоллман;60;20170623;130000;97;97;95;95;2;0
iРоллман;60;20170626;100000;96;96;91;91;16;0
iРоллман;60;20170626;120000;91;91;90;90;3;0
iРоллман;60;20170626;130000;90;93;89;93;14;0
iРоллман;60;20170627;140000;91;91;91;91;1;0
iРоллман;60;20170627;170000;92;92;92;92;2;0
iРоллман;60;20170628;100000;91;91;91;91;9;0
iРоллман;60;20170630;120000;92;92;91;91;2;0
iРоллман;60;20170630;180000;91;91;91;91;1;0
iРоллман;60;20170703;160000;91;91;91;91;1;0
iРоллман;60;20170703;170000;91;91;91;91;1;0
iРоллман;60;20170704;100000;90;90;90;90;1;0
iРоллман;60;20170704;110000;90;90;90;90;3;0
iРоллман;60;20170704;120000;91;91;91;91;5;0
iРоллман;60;20170704;130000;92;92;92;92;2;0
iРоллман;60;20170704;150000;92;92;92;92;1;0
iРоллман;60;20170704;160000;92;92;92;92;1;0
iРоллман;60;20170704;180000;91;91;91;91;1;0
iРоллман;60;20170705;100000;90;90;89;89;7;0
iРоллман;60;20170705;110000;89;89;88;88;13;0
iРоллман;60;20170705;120000;88;88;88;88;2;0
iРоллман;60;20170705;130000;88;88;86;88;42;0
iРоллман;60;20170705;140000;88;88;88;88;1;0
iРоллман;60;20170705;150000;88;88;88;88;5;0
iРоллман;60;20170705;180000;88;88;88;88;1;0
iРоллман;60;20170706;100000;90;91;90;91;25;0
iРоллман;60;20170706;110000;91;91;91;91;9;0
iРоллман;60;20170710;160000;90;90;90;90;1;0
iРоллман;60;20170710;180000;90;90;90;90;1;0
iРоллман;60;20170711;100000;91;91;91;91;1;0
iРоллман;60;20170711;110000;90;90;90;90;1;0
iРоллман;60;20170711;120000;90;90;90;90;3;0
iРоллман;60;20170711;130000;91;95;91;95;50;0
iРоллман;60;20170711;160000;95;95;95;95;3;0
iРоллман;60;20170711;170000;91;91;91;91;10;0
iРоллман;60;20170711;180000;90;90;90;90;2;0
iРоллман;60;20170712;170000;88;88;88;88;17;0
iРоллман;60;20170712;180000;88;88;88;88;9;0
iРоллман;60;20170713;100000;86;87;86;87;22;0
iРоллман;60;20170713;150000;89;89;89;89;1;0
iРоллман;60;20170713;170000;89;89;89;89;2;0
iРоллман;60;20170714;100000;87;87;86;86;10;0
iРоллман;60;20170714;110000;90;90;90;90;6;0
iРоллман;60;20170714;120000;90;93;90;93;28;0
iРоллман;60;20170714;150000;92;92;92;92;2;0
iРоллман;60;20170714;170000;89;89;89;89;8;0
iРоллман;60;20170717;110000;87;87;87;87;1;0
iРоллман;60;20170718;120000;88;88;88;88;1;0
iРоллман;60;20170718;140000;87;87;86;86;10;0
iРоллман;60;20170718;160000;90;90;90;90;6;0
iРоллман;60;20170718;180000;87;87;87;87;1;0
iРоллман;60;20170720;150000;89;92;89;92;10;0
iРоллман;60;20170721;160000;86;86;86;86;3;0
iРоллман;60;20170725;110000;87;87;87;87;11;0
iРоллман;60;20170725;160000;87;87;87;87;1;0
iРоллман;60;20170725;180000;87;87;87;87;4;0
iРоллман;60;20170726;110000;87;87;84;85;22;0
iРоллман;60;20170726;120000;83;83;82;82;16;0
iРоллман;60;20170726;140000;86;86;85;85;11;0
iРоллман;60;20170726;180000;89;89;89;89;2;0
iРоллман;60;20170727;090000;86;86;86;86;1;0
iРоллман;60;20170727;150000;89;89;89;89;1;0
iРоллман;60;20170728;130000;89;89;89;89;5;0
iРоллман;60;20170801;170000;87;89;87;89;10;0
iРоллман;60;20170803;130000;89;89;87;87;31;0
iРоллман;60;20170803;180000;87;87;87;87;10;0
iРоллман;60;20170804;100000;86;86;86;86;27;0
iРоллман;60;20170804;110000;85;86;85;85;21;0
iРоллман;60;20170804;120000;84;85;83;85;36;0
iРоллман;60;20170804;160000;84;85;83;83;12;0
iРоллман;60;20170804;180000;83;83;83;83;9;0
iРоллман;60;20170807;100000;82;83;82;82;70;0
iРоллман;60;20170807;120000;81;81;80;80;33;0
iРоллман;60;20170807;130000;81;81;81;81;1;0
iРоллман;60;20170807;140000;81;81;80;81;8;0
iРоллман;60;20170807;160000;81;81;80;80;16;0
iРоллман;60;20170808;100000;80;80;80;80;79;0
iРоллман;60;20170808;110000;80;80;80;80;16;0
iРоллман;60;20170808;120000;80;80;80;80;8;0
iРоллман;60;20170808;130000;79;79;79;79;11;0
iРоллман;60;20170808;140000;80;80;80;80;2;0
iРоллман;60;20170808;150000;80;80;80;80;13;0
iРоллман;60;20170808;170000;81;81;79;80;44;0
iРоллман;60;20170808;180000;80;80;80;80;3;0
iРоллман;60;20170809;090000;81;81;81;81;2;0
iРоллман;60;20170809;100000;81;82;81;82;7;0
iРоллман;60;20170810;110000;83;83;83;83;1;0
iРоллман;60;20170810;130000;83;83;83;83;1;0
iРоллман;60;20170810;140000;83;83;83;83;2;0
iРоллман;60;20170810;180000;82;82;82;82;1;0
iРоллман;60;20170811;100000;82;82;82;82;2;0
iРоллман;60;20170811;110000;82;82;82;82;3;0
iРоллман;60;20170811;170000;83;86;83;86;50;0
iРоллман;60;20170811;180000;81;82;81;82;4;0
iРоллман;60;20170814;130000;82;82;79;79;31;0
iРоллман;60;20170814;140000;79;81;79;81;24;0
iРоллман;60;20170814;180000;81;81;81;81;3;0
iРоллман;60;20170815;100000;82;82;82;82;4;0
iРоллман;60;20170815;130000;82;82;82;82;4;0
iРоллман;60;20170815;140000;81;81;81;81;9;0
iРоллман;60;20170815;150000;80;80;80;80;2;0
iРоллман;60;20170815;160000;80;82;80;82;20;0
iРоллман;60;20170815;180000;83;85;83;85;4;0
iРоллман;60;20170816;160000;86;86;86;86;2;0
iРоллман;60;20170817;110000;83;83;83;83;1;0
iРоллман;60;20170818;100000;82;83;82;83;2;0
iРоллман;60;20170818;110000;82;82;81;82;8;0
iРоллман;60;20170818;120000;83;88;83;88;18;0
iРоллман;60;20170818;170000;88;88;81;82;36;0
iРоллман;60;20170818;180000;86;87;86;87;5;0
iРоллман;60;20170824;120000;86;86;85;85;8;0
iРоллман;60;20170824;130000;84;84;78;82;42;0
iРоллман;60;20170824;160000;83;83;83;83;1;0
iРоллман;60;20170824;170000;83;83;83;83;3;0
iРоллман;60;20170825;100000;81;81;81;81;1;0
iРоллман;60;20170825;120000;83;83;83;83;1;0
iРоллман;60;20170825;130000;84;84;84;84;5;0
iРоллман;60;20170825;140000;81;81;81;81;1;0
iРоллман;60;20170825;150000;83;83;83;83;1;0
iРоллман;60;20170825;160000;85;85;85;85;1;0
iРоллман;60;20170828;170000;84;84;84;84;6;0
iРоллман;60;20170829;160000;81;81;80;80;15;0
iРоллман;60;20170829;170000;81;81;81;81;1;0
iРоллман;60;20170829;180000;80;80;80;80;3;0
iРоллман;60;20170830;100000;80;80;80;80;2;0
iРоллман;60;20170830;110000;80;80;80;80;5;0
iРоллман;60;20170830;120000;79;80;79;80;2;0
iРоллман;60;20170830;130000;81;81;81;81;1;0
iРоллман;60;20170831;100000;81;81;81;81;6;0
iРоллман;60;20170901;100000;82;83;82;83;5;0
iРоллман;60;20170901;130000;83;87;83;87;34;0
iРоллман;60;20170901;180000;85;85;85;85;8;0
iРоллман;60;20170904;110000;83;83;81;81;9;0
iРоллман;60;20170904;140000;85;85;85;85;2;0
iРоллман;60;20170904;160000;83;83;83;83;4;0
iРоллман;60;20170906;140000;82;82;82;82;3;0
iРоллман;60;20170906;160000;81;81;81;81;4;0
iРоллман;60;20170906;170000;81;81;80;80;35;0
iРоллман;60;20170907;160000;82;82;82;82;5;0
iРоллман;60;20170911;100000;82;82;80;80;14;0
iРоллман;60;20170911;150000;81;81;81;81;13;0
iРоллман;60;20170911;170000;83;83;83;83;1;0
iРоллман;60;20170913;100000;84;84;84;84;3;0
iРоллман;60;20170913;110000;85;96;85;96;142;0
iРоллман;60;20170913;120000;96;96;83;84;80;0
iРоллман;60;20170913;130000;86;86;86;86;1;0
iРоллман;60;20170913;150000;86;86;85;85;5;0
iРоллман;60;20170913;180000;85;85;84;84;32;0
iРоллман;60;20170918;180000;85;89;83;83;82;0
iРоллман;60;20170919;110000;84;86;84;86;4;0
iРоллман;60;20170919;180000;85;85;84;84;2;0
iРоллман;60;20170920;110000;86;86;86;86;1;0
iРоллман;60;20170920;150000;84;84;84;84;1;0
iРоллман;60;20170922;110000;85;85;85;85;3;0
iРоллман;60;20170922;130000;84;84;84;84;1;0
iРоллман;60;20170922;150000;83;83;81;81;12;0
iРоллман;60;20170922;170000;82;82;82;82;3;0
iРоллман;60;20170922;180000;82;82;82;82;1;0
iРоллман;60;20170925;140000;83;83;83;83;1;0
iРоллман;60;20170925;170000;84;84;84;84;1;0
iРоллман;60;20170926;100000;85;86;84;84;3;0
iРоллман;60;20170926;160000;83;83;83;83;1;0
iРоллман;60;20170926;170000;82;82;81;82;34;0
iРоллман;60;20170926;180000;81;81;81;81;5;0
iРоллман;60;20170927;140000;83;83;83;83;3;0
iРоллман;60;20170928;110000;81;81;75;79;101;0
iРоллман;60;20170928;130000;79;79;78;78;10;0
iРоллман;60;20170928;150000;81;84;81;84;64;0
iРоллман;60;20170929;100000;80;80;80;80;1;0
iРоллман;60;20171003;130000;80;80;80;80;11;0
iРоллман;60;20171004;120000;80;80;79;79;12;0
iРоллман;60;20171004;130000;78;81;78;81;12;0
iРоллман;60;20171004;140000;79;79;79;79;2;0
iРоллман;60;20171004;150000;78;80;78;80;18;0
iРоллман;60;20171005;100000;80;80;80;80;10;0
iРоллман;60;20171005;160000;78;80;78;80;9;0
iРоллман;60;20171005;170000;79;79;79;79;507;0
iРоллман;60;20171006;110000;78;78;76;76;28;0
iРоллман;60;20171006;120000;76;77;75;75;24;0
iРоллман;60;20171006;130000;77;77;65;71;540;0
iРоллман;60;20171006;140000;71;73;70;73;62;0
iРоллман;60;20171006;150000;72;72;72;72;6;0
iРоллман;60;20171006;160000;73;75;73;75;33;0
iРоллман;60;20171006;170000;75;75;70;74;80;0
iРоллман;60;20171006;180000;74;74;74;74;91;0
iРоллман;60;20171009;100000;72;74;71;72;100;0
iРоллман;60;20171009;110000;72;73;72;73;21;0
iРоллман;60;20171009;120000;73;74;73;74;8;0
iРоллман;60;20171009;130000;72;72;71;72;20;0
iРоллман;60;20171009;140000;71;72;70;72;28;0
iРоллман;60;20171009;180000;72;72;72;72;139;0
iРоллман;60;20171010;100000;70;70;69;70;66;0
iРоллман;60;20171010;110000;70;72;68;72;79;0
iРоллман;60;20171010;120000;68;70;67;70;69;0
iРоллман;60;20171010;140000;68;71;68;71;3;0
iРоллман;60;20171010;150000;71;71;71;71;28;0
iРоллман;60;20171010;170000;70;72;70;72;2;0
iРоллман;60;20171010;180000;69;69;69;69;1;0
iРоллман;60;20171011;100000;73;74;68;68;33;0
iРоллман;60;20171011;110000;71;71;71;71;1;0
iРоллман;60;20171011;120000;68;68;65;68;199;0
iРоллман;60;20171011;130000;68;68;68;68;3;0
iРоллман;60;20171011;140000;68;72;68;72;80;0
iРоллман;60;20171011;170000;71;71;70;70;140;0
iРоллман;60;20171011;180000;70;70;70;70;10;0
iРоллман;60;20171012;100000;74;74;73;73;6;0
iРоллман;60;20171012;110000;69;69;69;69;3;0
iРоллман;60;20171012;120000;72;72;72;72;3;0
iРоллман;60;20171012;130000;71;71;69;70;6;0
iРоллман;60;20171012;150000;70;73;70;71;30;0
iРоллман;60;20171012;160000;69;69;69;69;6;0
iРоллман;60;20171012;170000;72;72;72;72;1;0
iРоллман;60;20171013;100000;73;73;73;73;5;0
iРоллман;60;20171013;120000;70;72;70;71;17;0
iРоллман;60;20171013;140000;70;70;70;70;27;0
iРоллман;60;20171013;150000;69;70;69;70;15;0
iРоллман;60;20171013;160000;69;70;68;70;18;0
iРоллман;60;20171013;180000;70;70;70;70;3;0
iРоллман;60;20171016;100000;70;74;70;70;95;0
iРоллман;60;20171016;110000;70;72;70;72;63;0
iРоллман;60;20171016;120000;73;74;71;73;28;0
iРоллман;60;20171016;130000;72;72;69;70;96;0
iРоллман;60;20171016;140000;70;72;70;72;78;0
iРоллман;60;20171016;150000;72;72;72;72;2;0
iРоллман;60;20171016;160000;72;73;70;72;25;0
iРоллман;60;20171016;170000;71;71;70;70;88;0
iРоллман;60;20171017;100000;70;70;68;70;17;0
iРоллман;60;20171017;110000;70;70;70;70;13;0
iРоллман;60;20171017;120000;71;71;68;68;26;0
iРоллман;60;20171017;130000;69;69;69;69;1;0
iРоллман;60;20171017;140000;68;68;68;68;3;0
iРоллман;60;20171017;150000;69;69;69;69;5;0
iРоллман;60;20171017;160000;69;69;69;69;3;0
iРоллман;60;20171017;180000;69;70;69;69;5;0
iРоллман;60;20171018;100000;69;74;69;70;11;0
iРоллман;60;20171018;110000;71;71;69;69;17;0
iРоллман;60;20171018;120000;68;68;68;68;16;0
iРоллман;60;20171018;180000;69;69;69;69;2;0
iРоллман;60;20171019;100000;69;69;67;67;26;0
iРоллман;60;20171019;110000;67;68;67;68;11;0
iРоллман;60;20171019;130000;67;68;64;68;120;0
iРоллман;60;20171019;140000;67;67;67;67;13;0
iРоллман;60;20171019;150000;67;67;67;67;1;0
iРоллман;60;20171019;160000;68;68;68;68;23;0
iРоллман;60;20171019;180000;67;67;67;67;1;0
iРоллман;60;20171020;100000;67;67;67;67;11;0
iРоллман;60;20171020;110000;66;67;66;67;11;0
iРоллман;60;20171020;120000;67;67;66;66;11;0
iРоллман;60;20171020;130000;66;68;66;68;7;0
iРоллман;60;20171020;140000;67;67;67;67;1;0
iРоллман;60;20171020;150000;67;67;67;67;1;0
iРоллман;60;20171020;180000;66;68;66;68;4;0
iРоллман;60;20171023;100000;66;66;66;66;17;0
iРоллман;60;20171023;110000;66;67;65;66;28;0
iРоллман;60;20171023;120000;67;67;66;67;6;0
iРоллман;60;20171023;130000;66;67;66;66;6;0
iРоллман;60;20171023;140000;66;66;66;66;3;0
iРоллман;60;20171023;150000;66;67;66;66;5;0
iРоллман;60;20171023;160000;67;67;66;66;9;0
iРоллман;60;20171023;170000;66;66;66;66;3;0
iРоллман;60;20171023;180000;66;67;65;65;20;0
iРоллман;60;20171024;100000;65;65;64;65;24;0
iРоллман;60;20171024;110000;65;65;65;65;4;0
iРоллман;60;20171024;120000;65;65;65;65;3;0
iРоллман;60;20171024;130000;65;65;64;65;8;0
iРоллман;60;20171024;140000;65;65;64;64;31;0
iРоллман;60;20171024;150000;64;65;63;63;50;0
iРоллман;60;20171024;160000;63;65;63;64;90;0
iРоллман;60;20171024;170000;65;65;64;65;4;0
iРоллман;60;20171024;180000;64;65;64;65;4;0
iРоллман;60;20171025;100000;65;66;65;65;18;0
iРоллман;60;20171025;110000;65;65;65;65;4;0
iРоллман;60;20171025;120000;65;65;65;65;3;0
iРоллман;60;20171025;130000;65;65;65;65;4;0
iРоллман;60;20171025;140000;65;65;65;65;3;0
iРоллман;60;20171025;150000;65;65;65;65;3;0
iРоллман;60;20171025;160000;64;64;64;64;4;0
iРоллман;60;20171025;170000;65;65;64;64;4;0
iРоллман;60;20171025;180000;64;64;64;64;15;0
iРоллман;60;20171026;100000;64;65;64;64;8;0
iРоллман;60;20171026;110000;63;63;60;62;274;0
iРоллман;60;20171026;120000;62;63;62;62;38;0
iРоллман;60;20171026;130000;62;64;61;64;21;0
iРоллман;60;20171026;140000;62;62;62;62;6;0
iРоллман;60;20171026;150000;62;62;61;62;15;0
iРоллман;60;20171026;160000;62;63;62;62;9;0
iРоллман;60;20171026;170000;62;66;62;65;65;0
iРоллман;60;20171026;180000;65;65;65;65;6;0
iРоллман;60;20171027;100000;64;65;64;64;3;0
iРоллман;60;20171027;110000;64;64;64;64;4;0
iРоллман;60;20171027;120000;64;64;64;64;3;0
iРоллман;60;20171027;130000;64;64;64;64;4;0
iРоллман;60;20171027;140000;64;64;63;63;2;0
iРоллман;60;20171027;150000;63;63;63;63;4;0
iРоллман;60;20171027;160000;63;63;62;63;32;0
iРоллман;60;20171027;170000;63;63;62;62;7;0
iРоллман;60;20171027;180000;63;65;62;65;56;0
iРоллман;60;20171030;100000;63;64;63;63;4;0
iРоллман;60;20171030;110000;63;63;63;63;4;0
iРоллман;60;20171030;120000;63;63;63;63;3;0
iРоллман;60;20171030;130000;63;63;62;63;6;0
iРоллман;60;20171030;140000;62;62;62;62;3;0
iРоллман;60;20171030;150000;62;63;62;63;11;0
iРоллман;60;20171030;160000;62;62;62;62;4;0
iРоллман;60;20171030;170000;62;63;62;63;4;0
iРоллман;60;20171030;180000;62;63;62;63;4;0
iРоллман;60;20171031;100000;62;62;61;62;14;0
iРоллман;60;20171031;110000;62;62;61;61;3;0
iРоллман;60;20171031;120000;61;62;61;61;13;0
iРоллман;60;20171031;130000;61;61;61;61;10;0
iРоллман;60;20171031;140000;61;61;61;61;3;0
iРоллман;60;20171031;150000;61;61;60;61;35;0
iРоллман;60;20171031;160000;61;61;60;61;3;0
iРоллман;60;20171031;170000;60;61;60;61;3;0
iРоллман;60;20171031;180000;60;61;60;61;14;0
iРоллман;60;20171101;100000;60;60;60;60;5;0
iРоллман;60;20171101;110000;60;60;59;59;27;0
iРоллман;60;20171101;120000;58;59;58;59;28;0
iРоллман;60;20171101;130000;58;59;58;59;51;0
iРоллман;60;20171101;140000;58;59;58;59;3;0
iРоллман;60;20171101;150000;59;60;59;59;12;0
iРоллман;60;20171101;160000;58;59;58;58;3;0
iРоллман;60;20171101;170000;59;59;58;59;5;0
iРоллман;60;20171101;180000;59;59;57;58;98;0
iРоллман;60;20171102;100000;57;59;56;59;49;0
iРоллман;60;20171102;110000;58;58;57;57;5;0
iРоллман;60;20171102;120000;58;59;58;59;14;0
iРоллман;60;20171102;130000;59;59;59;59;42;0
iРоллман;60;20171102;140000;59;59;59;59;10;0
iРоллман;60;20171102;150000;59;59;59;59;6;0
iРоллман;60;20171102;160000;59;59;59;59;28;0
iРоллман;60;20171102;170000;58;58;58;58;8;0
iРоллман;60;20171102;180000;58;58;57;58;4;0
iРоллман;60;20171103;100000;58;58;57;57;7;0
iРоллман;60;20171103;110000;57;57;56;57;706;0
iРоллман;60;20171103;120000;57;57;57;57;3;0
iРоллман;60;20171103;130000;58;59;58;58;10;0
iРоллман;60;20171103;140000;58;59;58;59;15;0
iРоллман;60;20171103;150000;58;58;58;58;3;0
iРоллман;60;20171103;160000;58;58;58;58;17;0
iРоллман;60;20171103;170000;58;58;58;58;3;0
iРоллман;60;20171103;180000;58;59;57;58;46;0
iРоллман;60;20171107;100000;56;57;56;56;4;0
iРоллман;60;20171107;110000;56;57;56;56;20;0
iРоллман;60;20171107;120000;56;58;56;58;15;0
iРоллман;60;20171107;130000;57;57;57;57;16;0
iРоллман;60;20171107;140000;57;57;57;57;2;0
iРоллман;60;20171107;150000;56;56;55;55;26;0
iРоллман;60;20171107;160000;56;56;55;55;4;0
iРоллман;60;20171107;170000;56;56;55;56;11;0
iРоллман;60;20171107;180000;55;56;55;55;4;0
iРоллман;60;20171108;100000;55;55;54;54;9;0
iРоллман;60;20171108;110000;54;55;54;54;6;0
iРоллман;60;20171108;120000;54;54;54;54;5;0
iРоллман;60;20171108;130000;54;54;54;54;18;0
iРоллман;60;20171108;140000;53;54;53;54;6;0
iРоллман;60;20171108;150000;53;54;53;53;4;0
iРоллман;60;20171108;160000;53;56;53;55;94;0
iРоллман;60;20171108;170000;55;55;55;55;4;0
iРоллман;60;20171108;180000;55;57;55;57;65;0
iРоллман;60;20171109;100000;55;56;55;55;3;0
iРоллман;60;20171109;110000;55;55;54;54;7;0
iРоллман;60;20171109;120000;54;54;54;54;1;0
iРоллман;60;20171109;140000;55;55;55;55;11;0
iРоллман;60;20171109;150000;55;55;55;55;19;0
iРоллман;60;20171109;180000;56;57;56;56;67;0
iРоллман;60;20171110;130000;57;57;53;53;184;0
iРоллман;60;20171110;140000;54;56;54;55;41;0
iРоллман;60;20171110;150000;55;55;53;54;66;0
iРоллман;60;20171110;170000;53;53;53;53;1;0
iРоллман;60;20171110;180000;54;55;54;55;35;0
iРоллман;60;20171113;130000;55;55;55;55;1;0
iРоллман;60;20171113;160000;54;54;54;54;1;0
iРоллман;60;20171113;170000;54;55;54;55;6;0
iРоллман;60;20171113;180000;55;55;55;55;28;0
iРоллман;60;20171114;100000;54;54;53;54;15;0
iРоллман;60;20171114;110000;54;54;53;54;18;0
iРоллман;60;20171114;130000;54;54;54;54;1;0
iРоллман;60;20171114;160000;54;54;54;54;1;0
iРоллман;60;20171114;170000;53;54;52;54;84;0
iРоллман;60;20171114;180000;52;54;50;53;225;0
iРоллман;60;20171115;100000;52;52;52;52;7;0
iРоллман;60;20171115;110000;53;54;53;54;26;0
iРоллман;60;20171115;120000;53;53;53;53;1;0
iРоллман;60;20171116;100000;52;53;52;53;3;0
iРоллман;60;20171116;120000;54;54;54;54;1;0
iРоллман;60;20171116;130000;54;54;54;54;2;0
iРоллман;60;20171116;170000;54;54;54;54;4;0
iРоллман;60;20171117;110000;54;54;54;54;1;0
iРоллман;60;20171117;120000;54;54;54;54;1;0
iРоллман;60;20171117;130000;54;54;54;54;4;0
iРоллман;60;20171117;140000;54;54;53;53;2;0
iРоллман;60;20171117;150000;55;55;55;55;1;0
iРоллман;60;20171117;170000;55;55;55;55;1;0
iРоллман;60;20171117;180000;54;54;53;53;4;0
iРоллман;60;20171120;100000;54;54;54;54;1;0
iРоллман;60;20171120;110000;53;53;53;53;1;0
iРоллман;60;20171120;120000;52;52;52;52;10;0
iРоллман;60;20171120;160000;52;52;49;52;101;0
iРоллман;60;20171120;170000;51;51;51;51;1;0
iРоллман;60;20171120;180000;52;52;51;51;11;0
iРоллман;60;20171121;100000;50;50;50;50;1;0
iРоллман;60;20171121;120000;54;54;53;53;2;0
iРоллман;60;20171121;130000;52;53;52;52;11;0
iРоллман;60;20171121;150000;51;51;51;51;1;0
iРоллман;60;20171121;160000;52;52;50;50;21;0
iРоллман;60;20171121;170000;51;52;51;52;10;0
iРоллман;60;20171122;130000;52;54;52;54;25;0
iРоллман;60;20171122;160000;53;53;52;52;9;0
iРоллман;60;20171122;170000;51;51;51;51;4;0
iРоллман;60;20171122;180000;52;52;52;52;1;0
iРоллман;60;20171124;100000;60;60;53;53;3;0
iРоллман;60;20171127;160000;56;56;56;56;1;0
iРоллман;60;20171128;100000;65;65;56;56;4;0
iРоллман;60;20171128;110000;56;57;56;57;10;0
iРоллман;60;20171128;130000;55;56;55;55;13;0
iРоллман;60;20171129;120000;52;52;52;52;15;0
iРоллман;60;20171130;160000;52;52;52;52;5;0
iРоллман;60;20171201;160000;51;51;51;51;1;0
iРоллман;60;20171201;180000;51;51;51;51;4;0
iРоллман;60;20171204;160000;51;51;50;50;35;0
iРоллман;60;20171204;180000;51;51;51;51;9;0
iРоллман;60;20171205;120000;50;50;50;50;20;0
iРоллман;60;20171205;140000;49;50;49;50;40;0
iРоллман;60;20171207;150000;50;50;50;50;10;0
iРоллман;60;20171207;180000;49;49;49;49;5;0
iРоллман;60;20171208;160000;49;49;49;49;1;0
iРоллман;60;20171211;140000;49;49;48;48;50;0
iРоллман;60;20171211;150000;48;49;48;49;66;0
iРоллман;60;20171211;160000;49;49;49;49;10;0
iРоллман;60;20171211;180000;48;49;48;49;313;0
iРоллман;60;20171212;090000;48;48;48;48;1;0
iРоллман;60;20171212;100000;47;48;47;48;20;0
iРоллман;60;20171212;110000;49;49;49;49;1;0
iРоллман;60;20171212;140000;48;48;48;48;1;0
iРоллман;60;20171212;160000;48;48;48;48;74;0
iРоллман;60;20171212;170000;48;48;48;48;1;0
iРоллман;60;20171212;180000;48;48;47;47;51;0
iРоллман;60;20171213;100000;48;48;48;48;10;0
iРоллман;60;20171213;110000;48;50;48;50;97;0
iРоллман;60;20171213;120000;49;50;49;49;60;0
iРоллман;60;20171213;140000;49;49;49;49;2;0
iРоллман;60;20171213;150000;48;48;48;48;18;0
iРоллман;60;20171214;100000;48;48;48;48;10;0
iРоллман;60;20171214;120000;49;51;49;50;52;0
iРоллман;60;20171214;130000;50;50;50;50;4;0
iРоллман;60;20171214;140000;51;53;51;53;4;0
iРоллман;60;20171214;150000;52;52;51;51;16;0
iРоллман;60;20171214;160000;51;51;51;51;1;0
iРоллман;60;20171214;180000;51;51;50;50;26;0
iРоллман;60;20171215;110000;54;55;52;53;6;0
iРоллман;60;20171215;140000;52;54;52;54;25;0
iРоллман;60;20171218;100000;54;54;54;54;5;0
iРоллман;60;20171218;110000;53;54;53;54;12;0
iРоллман;60;20171219;120000;53;55;53;55;6;0
iРоллман;60;20171219;160000;54;55;54;55;10;0
iРоллман;60;20171221;130000;55;56;55;56;4;0
iРоллман;60;20171221;150000;49;54;48;51;29;0
iРоллман;60;20171221;170000;50;50;46;50;409;0
iРоллман;60;20171221;180000;49;50;47;49;10;0
iРоллман;60;20171222;100000;48;49;47;47;82;0
iРоллман;60;20171222;110000;48;48;48;48;29;0
iРоллман;60;20171222;120000;48;48;48;48;16;0
iРоллман;60;20171222;130000;49;49;49;49;1;0
iРоллман;60;20171222;150000;48;48;47;47;49;0
iРоллман;60;20171222;160000;47;50;46;48;257;0
iРоллман;60;20171222;170000;47;47;46;47;135;0
iРоллман;60;20171222;180000;47;47;47;47;102;0
iРоллман;60;20171225;100000;48;48;47;47;21;0
iРоллман;60;20171225;110000;47;47;46;46;103;0
iРоллман;60;20171225;120000;45;45;43;44;259;0
iРоллман;60;20171225;130000;45;45;45;45;7;0
iРоллман;60;20171225;140000;44;45;40;44;260;0
iРоллман;60;20171225;150000;44;45;44;44;57;0
iРоллман;60;20171225;160000;44;45;43;44;190;0
iРоллман;60;20171225;170000;44;44;44;44;11;0
iРоллман;60;20171225;180000;44;44;43;43;77;0
iРоллман;60;20171226;090000;45;45;45;45;4;0
iРоллман;60;20171226;100000;45;45;44;45;45;0
iРоллман;60;20171226;110000;45;45;44;44;31;0
iРоллман;60;20171226;120000;44;44;43;43;25;0
iРоллман;60;20171226;130000;44;44;44;44;34;0
iРоллман;60;20171226;140000;43;43;43;43;40;0
iРоллман;60;20171226;150000;43;43;43;43;21;0
iРоллман;60;20171226;160000;43;43;43;43;37;0
iРоллман;60;20171226;170000;44;44;43;43;53;0
iРоллман;60;20171226;180000;42;43;41;41;213;0
iРоллман;60;20171227;100000;44;45;43;45;14;0
iРоллман;60;20171227;110000;44;44;44;44;4;0
iРоллман;60;20171227;130000;44;45;44;45;81;0
iРоллман;60;20171227;140000;45;45;43;43;39;0
iРоллман;60;20171227;150000;42;42;42;42;47;0
iРоллман;60;20171227;160000;41;41;40;40;175;0
iРоллман;60;20171227;180000;40;40;40;40;7;0
iРоллман;60;20171228;110000;41;41;41;41;10;0
iРоллман;60;20171228;130000;41;41;41;41;1;0
iРоллман;60;20171228;140000;40;40;40;40;51;0
iРоллман;60;20171228;150000;40;40;40;40;49;0
iРоллман;60;20171228;160000;40;40;40;40;12;0
iРоллман;60;20171228;170000;40;40;40;40;35;0
iРоллман;60;20171228;180000;40;40;39;39;168;0
iРоллман;60;20171229;100000;41;41;40;41;25;0
iРоллман;60;20171229;130000;40;40;40;40;11;0
iРоллман;60;20171229;160000;40;40;39;39;12;0
iРоллман;60;20171229;170000;39;39;30;34;2378;0
iРоллман;60;20171229;180000;34;37;32;35;1048;0
