<TICKER>;<PER>;<DATE>;<TIME>;<OPEN>;<HIGH>;<LOW>;<CLOSE>;<VOL>;<OPENINT>
iФармсинтз;60;20170124;100000;16.2;16.2;16.2;16.2;5;0
iФармсинтз;60;20170124;130000;16.25;16.25;16.25;16.25;4;0
iФармсинтз;60;20170125;110000;16.05;16.05;15.75;15.75;20;0
iФармсинтз;60;20170125;120000;16.25;16.25;16.25;16.25;1;0
iФармсинтз;60;20170125;140000;16;16;16;16;21;0
iФармсинтз;60;20170125;160000;15.95;16.15;15.85;16.15;30;0
iФармсинтз;60;20170125;170000;15.95;16.2;15.85;16.2;12;0
iФармсинтз;60;20170125;180000;16;16.2;16;16.15;8;0
iФармсинтз;60;20170126;100000;15.95;15.95;15.95;15.95;1;0
iФармсинтз;60;20170126;120000;15.95;15.95;15.9;15.9;4;0
iФармсинтз;60;20170126;130000;16.1;16.25;16.05;16.05;21;0
iФармсинтз;60;20170127;100000;16;16.2;15.95;16.2;22;0
iФармсинтз;60;20170127;110000;16;16;15.9;15.9;30;0
iФармсинтз;60;20170127;130000;16.1;16.15;16.1;16.15;7;0
iФармсинтз;60;20170127;150000;16.05;16.05;15.9;15.9;30;0
iФармсинтз;60;20170127;160000;16.05;16.05;16.05;16.05;1;0
iФармсинтз;60;20170130;100000;16;16;15.9;15.9;4;0
iФармсинтз;60;20170130;110000;16;16;15.75;15.9;18;0
iФармсинтз;60;20170130;130000;15.95;16;15.9;15.9;19;0
iФармсинтз;60;20170130;150000;16;16;15.9;15.9;7;0
iФармсинтз;60;20170130;160000;15.85;15.9;15.8;15.9;4;0
iФармсинтз;60;20170130;180000;15.95;15.95;15.95;15.95;1;0
iФармсинтз;60;20170131;100000;15.9;15.9;15.9;15.9;1;0
iФармсинтз;60;20170131;110000;15.85;15.85;15.8;15.8;23;0
iФармсинтз;60;20170131;120000;15.8;15.8;15.8;15.8;3;0
iФармсинтз;60;20170131;130000;15.85;15.9;15.85;15.9;2;0
iФармсинтз;60;20170131;150000;16;16;15.85;15.85;10;0
iФармсинтз;60;20170131;160000;15.8;15.8;15.75;15.75;10;0
iФармсинтз;60;20170131;170000;15.7;15.85;15.7;15.85;12;0
iФармсинтз;60;20170131;180000;15.75;15.9;15.7;15.9;19;0
iФармсинтз;60;20170201;100000;15.95;16.95;15.9;15.9;113;0
iФармсинтз;60;20170201;120000;15.9;15.9;15.85;15.85;11;0
iФармсинтз;60;20170201;130000;15.8;15.9;15.8;15.9;3;0
iФармсинтз;60;20170201;160000;15.95;15.95;15.95;15.95;1;0
iФармсинтз;60;20170203;130000;15.9;15.9;15.5;15.9;101;0
iФармсинтз;60;20170203;140000;15.9;15.9;15.9;15.9;69;0
iФармсинтз;60;20170203;170000;15.8;15.8;15.5;15.65;180;0
iФармсинтз;60;20170203;180000;15.65;16;15.65;16;18;0
iФармсинтз;60;20170206;110000;15.8;15.8;15.8;15.8;2;0
iФармсинтз;60;20170206;120000;15.85;15.85;15.7;15.7;40;0
iФармсинтз;60;20170206;160000;15.75;15.75;15.6;15.7;49;0
iФармсинтз;60;20170206;180000;15.8;15.95;15.8;15.95;6;0
iФармсинтз;60;20170207;100000;15.8;15.9;15.8;15.9;7;0
iФармсинтз;60;20170207;110000;15.75;15.75;15.75;15.75;1;0
iФармсинтз;60;20170207;120000;15.75;16;15.75;16;53;0
iФармсинтз;60;20170207;130000;16;16;16;16;7;0
iФармсинтз;60;20170207;140000;15.85;15.85;15.85;15.85;2;0
iФармсинтз;60;20170207;170000;15.85;15.85;15.85;15.85;21;0
iФармсинтз;60;20170207;180000;15.95;16.05;15.95;16;4;0
iФармсинтз;60;20170208;100000;15.95;15.95;15.9;15.9;7;0
iФармсинтз;60;20170208;140000;15.85;15.85;15.85;15.85;13;0
iФармсинтз;60;20170208;150000;15.8;15.8;15.8;15.8;2;0
iФармсинтз;60;20170208;160000;15.75;15.8;15.75;15.8;2;0
iФармсинтз;60;20170208;170000;15.85;15.85;15.5;15.5;23;0
iФармсинтз;60;20170208;180000;15.8;15.85;15.8;15.85;2;0
iФармсинтз;60;20170209;120000;15.7;15.7;15.65;15.65;2;0
iФармсинтз;60;20170209;130000;15.75;15.75;15.75;15.75;3;0
iФармсинтз;60;20170209;180000;15.8;15.8;15.8;15.8;1;0
iФармсинтз;60;20170210;100000;15.8;15.8;15.8;15.8;1;0
iФармсинтз;60;20170210;110000;15.85;15.95;15.85;15.95;25;0
iФармсинтз;60;20170210;120000;15.7;15.7;15;15.55;159;0
iФармсинтз;60;20170210;130000;15.95;15.95;15.95;15.95;1;0
iФармсинтз;60;20170210;140000;15.9;15.9;15.85;15.85;2;0
iФармсинтз;60;20170210;180000;15.3;15.3;15.3;15.3;5;0
iФармсинтз;60;20170213;100000;15.7;15.75;15.7;15.75;11;0
iФармсинтз;60;20170213;160000;15.75;15.75;15.75;15.75;9;0
iФармсинтз;60;20170213;170000;15.45;15.75;15.2;15.75;16;0
iФармсинтз;60;20170213;180000;15.65;15.7;15.65;15.7;2;0
iФармсинтз;60;20170214;110000;15.85;15.85;15.85;15.85;9;0
iФармсинтз;60;20170214;120000;15.7;15.75;15.6;15.75;29;0
iФармсинтз;60;20170214;130000;15.6;15.6;15.55;15.55;3;0
iФармсинтз;60;20170214;170000;15.75;15.75;15.75;15.75;2;0
iФармсинтз;60;20170214;180000;15.5;15.5;15.5;15.5;25;0
iФармсинтз;60;20170215;100000;15.55;15.65;15.55;15.65;15;0
iФармсинтз;60;20170215;110000;15.75;15.75;15.7;15.7;42;0
iФармсинтз;60;20170215;140000;15.7;15.75;15.7;15.75;46;0
iФармсинтз;60;20170215;150000;15.75;15.75;15.75;15.75;4;0
iФармсинтз;60;20170215;160000;15.75;15.75;15.75;15.75;1;0
iФармсинтз;60;20170215;170000;15.4;15.4;15.35;15.35;9;0
iФармсинтз;60;20170215;180000;15.65;15.65;15.65;15.65;1;0
iФармсинтз;60;20170217;120000;15.6;15.6;15.6;15.6;3;0
iФармсинтз;60;20170217;140000;15.65;15.8;15.65;15.8;100;0
iФармсинтз;60;20170220;100000;15.75;15.75;15.6;15.6;37;0
iФармсинтз;60;20170220;110000;15.55;15.55;15.55;15.55;1;0
iФармсинтз;60;20170220;130000;15.7;15.75;15.7;15.75;68;0
iФармсинтз;60;20170220;150000;15.7;15.7;15.7;15.7;37;0
iФармсинтз;60;20170220;160000;15.55;15.55;15.4;15.4;6;0
iФармсинтз;60;20170220;170000;15.6;15.7;15.6;15.7;25;0
iФармсинтз;60;20170220;180000;15.45;15.45;15.45;15.45;20;0
iФармсинтз;60;20170221;100000;15.5;15.6;15.5;15.6;25;0
iФармсинтз;60;20170221;110000;15.6;15.65;15.6;15.65;20;0
iФармсинтз;60;20170221;130000;15.5;15.5;15.35;15.5;13;0
iФармсинтз;60;20170221;170000;15.3;15.3;15.3;15.3;2;0
iФармсинтз;60;20170222;110000;15.35;15.4;15.35;15.4;2;0
iФармсинтз;60;20170222;180000;15.3;15.3;15.3;15.3;1;0
iФармсинтз;60;20170224;100000;15.45;15.45;15.25;15.25;4;0
iФармсинтз;60;20170224;170000;15.3;15.3;14.2;14.2;100;0
iФармсинтз;60;20170224;180000;14.95;15.05;14.95;15.05;13;0
iФармсинтз;60;20170227;090000;15.2;15.2;15.2;15.2;3;0
iФармсинтз;60;20170227;100000;15.15;15.15;15.15;15.15;12;0
iФармсинтз;60;20170227;120000;15.2;15.2;15.2;15.2;1;0
iФармсинтз;60;20170227;140000;15.15;15.15;15.15;15.15;1;0
iФармсинтз;60;20170227;150000;15.2;15.3;15.15;15.15;17;0
iФармсинтз;60;20170227;160000;15.15;15.15;15.15;15.15;3;0
iФармсинтз;60;20170227;170000;15.1;15.1;14.15;14.25;59;0
iФармсинтз;60;20170227;180000;14.2;14.85;14.15;14.75;22;0
iФармсинтз;60;20170228;100000;14.7;14.7;13.8;13.8;60;0
iФармсинтз;60;20170228;110000;13.9;14.15;13.15;14.15;51;0
iФармсинтз;60;20170228;120000;13.9;13.9;13.4;13.85;68;0
iФармсинтз;60;20170228;130000;13.45;13.8;13.4;13.8;69;0
iФармсинтз;60;20170228;140000;13.7;14.55;13.7;14.55;54;0
iФармсинтз;60;20170228;150000;14.4;14.45;14.15;14.45;23;0
iФармсинтз;60;20170228;170000;13.7;13.7;13.4;13.4;94;0
iФармсинтз;60;20170228;180000;13.4;13.4;13.4;13.4;26;0
iФармсинтз;60;20170301;100000;13.5;13.8;13.5;13.8;12;0
iФармсинтз;60;20170301;110000;13.8;15.35;13.65;13.65;130;0
iФармсинтз;60;20170301;130000;14.05;14.35;13.55;14.35;34;0
iФармсинтз;60;20170301;140000;14.05;14.05;13.5;13.5;88;0
iФармсинтз;60;20170301;150000;13.5;13.8;13.5;13.8;11;0
iФармсинтз;60;20170301;170000;13.65;13.65;13.65;13.65;1;0
iФармсинтз;60;20170301;180000;13.8;14.3;13.8;14.3;14;0
iФармсинтз;60;20170302;100000;14.1;14.1;14;14;10;0
iФармсинтз;60;20170302;110000;14.05;14.05;13.65;13.95;125;0
iФармсинтз;60;20170302;120000;13.95;13.95;13.65;13.8;51;0
iФармсинтз;60;20170302;140000;13.65;13.75;13.6;13.75;5;0
iФармсинтз;60;20170302;150000;13.7;13.7;13.7;13.7;5;0
iФармсинтз;60;20170302;170000;13.65;13.65;13.3;13.5;121;0
iФармсинтз;60;20170302;180000;13.6;13.6;13.55;13.55;3;0
iФармсинтз;60;20170303;100000;13.35;13.45;13.15;13.45;65;0
iФармсинтз;60;20170303;130000;13.45;13.5;13.45;13.5;22;0
iФармсинтз;60;20170303;140000;13.35;13.35;13.35;13.35;1;0
iФармсинтз;60;20170306;110000;13.2;13.35;13.2;13.35;26;0
iФармсинтз;60;20170306;120000;13.4;13.4;13.4;13.4;9;0
iФармсинтз;60;20170306;130000;13.45;13.45;13.45;13.45;10;0
iФармсинтз;60;20170306;140000;13.5;13.55;13.5;13.55;17;0
iФармсинтз;60;20170306;170000;13.45;13.45;13;13.3;51;0
iФармсинтз;60;20170306;180000;13.2;13.2;13.05;13.05;16;0
iФармсинтз;60;20170307;110000;13.35;13.35;13.35;13.35;3;0
iФармсинтз;60;20170307;120000;13.2;13.2;12.7;13.15;309;0
iФармсинтз;60;20170307;130000;12.9;13.1;12.8;13.1;32;0
iФармсинтз;60;20170307;140000;13.3;13.4;12.85;12.85;22;0
iФармсинтз;60;20170307;180000;13.45;13.55;13.45;13.55;19;0
iФармсинтз;60;20170309;130000;12.95;13.3;12.35;13.3;58;0
iФармсинтз;60;20170310;100000;13;13.5;13;13.5;11;0
iФармсинтз;60;20170310;120000;13.3;13.3;13.25;13.25;38;0
iФармсинтз;60;20170310;130000;13.5;13.65;13.5;13.65;36;0
iФармсинтз;60;20170310;140000;13.2;13.2;13;13;6;0
iФармсинтз;60;20170310;150000;13.6;13.7;13.6;13.7;10;0
iФармсинтз;60;20170310;180000;13.7;13.7;13.7;13.7;10;0
iФармсинтз;60;20170313;100000;13.6;13.6;13.4;13.4;26;0
iФармсинтз;60;20170313;150000;13.55;13.55;13.55;13.55;1;0
iФармсинтз;60;20170313;180000;13.65;13.65;13.65;13.65;1;0
iФармсинтз;60;20170314;100000;13.7;14;13.7;14;47;0
iФармсинтз;60;20170314;120000;14.05;14.4;14.05;14.4;27;0
iФармсинтз;60;20170314;130000;14.3;14.35;14.3;14.35;2;0
iФармсинтз;60;20170314;150000;13.7;13.7;13.65;13.65;7;0
iФармсинтз;60;20170314;180000;13.75;13.8;13.75;13.75;3;0
iФармсинтз;60;20170315;100000;13.85;14.1;13.85;14.1;4;0
iФармсинтз;60;20170315;110000;14.2;14.65;14.2;14.65;47;0
iФармсинтз;60;20170315;120000;14.55;14.55;14.55;14.55;3;0
iФармсинтз;60;20170315;150000;13.95;13.95;13.8;13.8;16;0
iФармсинтз;60;20170315;180000;14.2;14.2;14.2;14.2;1;0
iФармсинтз;60;20170316;100000;14.2;14.2;14.2;14.2;1;0
iФармсинтз;60;20170316;110000;14.1;14.1;13.9;13.9;34;0
iФармсинтз;60;20170316;140000;13.9;13.9;13.9;13.9;1;0
iФармсинтз;60;20170316;170000;13.9;13.9;13.9;13.9;2;0
iФармсинтз;60;20170317;100000;13.8;13.8;13.15;13.55;22;0
iФармсинтз;60;20170317;110000;13.55;14;13.55;14;46;0
iФармсинтз;60;20170317;120000;14;14;14;14;34;0
iФармсинтз;60;20170317;130000;14.05;14.05;13.35;13.35;59;0
iФармсинтз;60;20170317;140000;14.1;14.2;14.1;14.2;12;0
iФармсинтз;60;20170317;150000;14.1;14.1;13.95;13.95;28;0
iФармсинтз;60;20170317;160000;14.3;14.35;13.95;13.95;12;0
iФармсинтз;60;20170317;170000;14.35;14.35;14;14.05;5;0
iФармсинтз;60;20170317;180000;14.4;14.4;14.4;14.4;1;0
iФармсинтз;60;20170320;100000;14.2;14.2;14;14;11;0
iФармсинтз;60;20170320;110000;14;14;14;14;1;0
iФармсинтз;60;20170320;130000;13.9;13.9;13.9;13.9;5;0
iФармсинтз;60;20170321;100000;13.95;13.95;13.95;13.95;1;0
iФармсинтз;60;20170321;110000;13.9;14;13.9;14;17;0
iФармсинтз;60;20170321;120000;13.95;13.95;13.95;13.95;1;0
iФармсинтз;60;20170321;130000;13.9;13.9;13.9;13.9;2;0
iФармсинтз;60;20170321;150000;13.85;13.95;13.7;13.95;25;0
iФармсинтз;60;20170321;170000;13.9;13.9;13.9;13.9;1;0
iФармсинтз;60;20170322;100000;13.85;13.85;13.85;13.85;5;0
iФармсинтз;60;20170322;110000;14;14;14;14;1;0
iФармсинтз;60;20170322;120000;13.85;13.85;13.8;13.8;11;0
iФармсинтз;60;20170322;140000;14;14.1;14;14.1;29;0
iФармсинтз;60;20170322;150000;14.1;14.1;14.1;14.1;1;0
iФармсинтз;60;20170324;090000;13.95;13.95;13.95;13.95;3;0
iФармсинтз;60;20170324;110000;13.95;13.95;13.95;13.95;2;0
iФармсинтз;60;20170324;150000;14.1;14.1;14.1;14.1;2;0
iФармсинтз;60;20170327;100000;14.1;14.15;14.1;14.15;15;0
iФармсинтз;60;20170327;110000;14.1;14.1;14.1;14.1;1;0
iФармсинтз;60;20170327;140000;13.95;13.95;13.95;13.95;1;0
iФармсинтз;60;20170327;170000;14.1;14.1;14.1;14.1;2;0
iФармсинтз;60;20170327;180000;14.1;14.1;14.1;14.1;2;0
iФармсинтз;60;20170328;100000;14.05;14.05;13.95;13.95;10;0
iФармсинтз;60;20170328;140000;14.1;14.1;14.1;14.1;2;0
iФармсинтз;60;20170329;160000;14.15;14.15;14.15;14.15;4;0
iФармсинтз;60;20170330;100000;14;14;14;14;4;0
iФармсинтз;60;20170330;110000;13.95;13.95;13.5;13.5;9;0
iФармсинтз;60;20170330;120000;13.65;13.65;13.65;13.65;1;0
iФармсинтз;60;20170331;120000;13.5;13.5;12.5;13;125;0
iФармсинтз;60;20170331;130000;13.05;13.05;13.05;13.05;1;0
iФармсинтз;60;20170331;140000;13.2;13.2;13.2;13.2;1;0
iФармсинтз;60;20170331;150000;13.35;13.5;13.35;13.5;2;0
iФармсинтз;60;20170331;160000;13.55;13.55;13.5;13.5;7;0
iФармсинтз;60;20170403;100000;13.4;13.4;12.65;13.05;22;0
iФармсинтз;60;20170403;110000;13.15;13.15;12.95;12.95;17;0
iФармсинтз;60;20170403;120000;13.15;13.2;13.15;13.2;14;0
iФармсинтз;60;20170403;160000;13.15;13.15;12.95;13.15;4;0
iФармсинтз;60;20170405;100000;12.95;12.95;12.9;12.9;7;0
iФармсинтз;60;20170405;130000;12.95;12.95;12.9;12.9;2;0
iФармсинтз;60;20170405;160000;13.05;13.05;13.05;13.05;1;0
iФармсинтз;60;20170405;170000;12.95;12.95;12.95;12.95;5;0
iФармсинтз;60;20170405;180000;13.15;13.15;13.15;13.15;2;0
iФармсинтз;60;20170406;100000;13;13;13;13;1;0
iФармсинтз;60;20170406;150000;13;13;13;13;4;0
iФармсинтз;60;20170406;180000;13.1;13.1;13.1;13.1;5;0
iФармсинтз;60;20170407;130000;13.1;13.1;13.1;13.1;5;0
iФармсинтз;60;20170407;140000;13.15;13.15;13.15;13.15;2;0
iФармсинтз;60;20170407;160000;13.2;13.4;13.2;13.4;28;0
iФармсинтз;60;20170410;100000;13.25;13.3;13.2;13.3;5;0
iФармсинтз;60;20170410;110000;13.1;13.1;12.65;12.65;7;0
iФармсинтз;60;20170410;120000;12.85;12.9;12.85;12.9;5;0
iФармсинтз;60;20170410;140000;13.05;13.05;13.05;13.05;1;0
iФармсинтз;60;20170410;180000;13.1;13.1;13.1;13.1;9;0
iФармсинтз;60;20170412;170000;13;13;13;13;2;0
iФармсинтз;60;20170412;180000;13;13.15;13;13.15;4;0
iФармсинтз;60;20170414;100000;12.9;12.9;12.75;12.75;12;0
iФармсинтз;60;20170414;110000;12.65;12.7;12.6;12.7;9;0
iФармсинтз;60;20170414;120000;12.75;12.75;12.75;12.75;1;0
iФармсинтз;60;20170414;140000;12.9;12.9;12.9;12.9;1;0
iФармсинтз;60;20170414;160000;12.95;12.95;12.95;12.95;1;0
iФармсинтз;60;20170414;170000;12.8;12.95;12.8;12.95;2;0
iФармсинтз;60;20170414;180000;13;13.3;13;13.3;5;0
iФармсинтз;60;20170417;100000;13.3;13.3;13.3;13.3;5;0
iФармсинтз;60;20170417;120000;13.35;13.35;13.35;13.35;1;0
iФармсинтз;60;20170418;100000;13.45;13.45;13.45;13.45;1;0
iФармсинтз;60;20170418;130000;13.35;13.35;12.05;13.25;61;0
iФармсинтз;60;20170418;140000;13.25;13.25;13.25;13.25;2;0
iФармсинтз;60;20170418;160000;13.05;13.05;13;13;2;0
iФармсинтз;60;20170418;180000;13;13.4;13;13.4;12;0
iФармсинтз;60;20170420;170000;13.3;13.3;13.3;13.3;3;0
iФармсинтз;60;20170420;180000;13.3;13.3;13.3;13.3;5;0
iФармсинтз;60;20170424;130000;13.35;13.35;13.35;13.35;1;0
iФармсинтз;60;20170424;180000;13;13.25;13;13.25;3;0
iФармсинтз;60;20170425;130000;13.25;13.25;13.25;13.25;17;0
iФармсинтз;60;20170425;140000;13.45;13.45;13.45;13.45;20;0
iФармсинтз;60;20170425;170000;13.15;13.15;13.1;13.1;30;0
iФармсинтз;60;20170426;150000;13.25;13.25;12.5;12.5;7;0
iФармсинтз;60;20170426;160000;13.5;13.5;13.5;13.5;1;0
iФармсинтз;60;20170427;180000;13.5;14;13.5;14;8;0
iФармсинтз;60;20170428;110000;14.05;14.4;14.05;14.4;21;0
iФармсинтз;60;20170428;120000;14.4;14.4;14.4;14.4;4;0
iФармсинтз;60;20170428;150000;14.4;15.7;14.35;15;196;0
iФармсинтз;60;20170428;160000;15.25;15.25;15.25;15.25;1;0
iФармсинтз;60;20170428;170000;14.5;14.95;13.6;14.95;21;0
iФармсинтз;60;20170428;180000;13.65;14.3;13.35;14;13;0
iФармсинтз;60;20170502;100000;13.9;13.9;13.35;13.35;3;0
iФармсинтз;60;20170502;110000;13.45;13.9;13.45;13.9;3;0
iФармсинтз;60;20170502;170000;13.45;13.45;13.35;13.35;7;0
iФармсинтз;60;20170502;180000;13.4;13.4;13.4;13.4;2;0
iФармсинтз;60;20170503;100000;13.4;13.4;13.1;13.1;6;0
iФармсинтз;60;20170503;110000;13.05;13.2;13.05;13.2;2;0
iФармсинтз;60;20170503;130000;13.2;13.45;13.2;13.45;15;0
iФармсинтз;60;20170503;180000;13.55;13.55;13.55;13.55;1;0
iФармсинтз;60;20170504;120000;12.95;12.95;12.95;12.95;2;0
iФармсинтз;60;20170504;140000;13.5;13.5;13.5;13.5;1;0
iФармсинтз;60;20170505;130000;13.5;14.4;13.5;14.25;214;0
iФармсинтз;60;20170505;140000;13.95;13.95;13.75;13.75;17;0
iФармсинтз;60;20170505;150000;13.75;14.2;13.75;14.2;6;0
iФармсинтз;60;20170505;170000;14.2;14.2;14.2;14.2;1;0
iФармсинтз;60;20170505;180000;13.85;14.45;13.85;14.45;60;0
iФармсинтз;60;20170510;110000;13.55;13.55;13.5;13.5;2;0
iФармсинтз;60;20170510;180000;14.25;14.25;14.25;14.25;1;0
iФармсинтз;60;20170511;130000;13.75;13.75;13.75;13.75;1;0
iФармсинтз;60;20170511;160000;13.8;13.8;13.8;13.8;1;0
iФармсинтз;60;20170511;180000;14.2;14.2;14.15;14.15;2;0
iФармсинтз;60;20170512;140000;13.75;13.75;13.75;13.75;1;0
iФармсинтз;60;20170512;150000;13.75;13.75;13.75;13.75;1;0
iФармсинтз;60;20170512;180000;14.2;14.2;14.2;14.2;7;0
iФармсинтз;60;20170515;100000;13.5;13.5;13.15;13.15;5;0
iФармсинтз;60;20170515;120000;13.6;13.6;13.6;13.6;1;0
iФармсинтз;60;20170515;150000;13.45;14.2;13.45;14.2;54;0
iФармсинтз;60;20170515;160000;13.5;13.5;13.5;13.5;5;0
iФармсинтз;60;20170515;170000;13.45;13.45;13.4;13.4;2;0
iФармсинтз;60;20170515;180000;13.6;14.15;13.6;14.15;63;0
iФармсинтз;60;20170516;120000;14;14.05;14;14.05;3;0
iФармсинтз;60;20170516;180000;13.5;14.15;13.5;14.15;21;0
iФармсинтз;60;20170517;130000;13.6;13.6;12.9;13.05;201;0
iФармсинтз;60;20170517;140000;13;13.05;13;13.05;13;0
iФармсинтз;60;20170517;150000;13.05;13.1;13.05;13.1;13;0
iФармсинтз;60;20170517;160000;13.25;13.65;13.2;13.25;185;0
iФармсинтз;60;20170517;170000;13.1;13.1;12.85;12.85;181;0
iФармсинтз;60;20170517;180000;12.85;13.2;12.85;13.2;16;0
iФармсинтз;60;20170518;170000;12.85;13.4;12.8;13.4;3;0
iФармсинтз;60;20170518;180000;12.85;12.85;12.7;12.7;35;0
iФармсинтз;60;20170522;100000;13.05;13.15;13;13.1;34;0
iФармсинтз;60;20170522;110000;13.1;13.1;13;13;24;0
iФармсинтз;60;20170523;160000;13.05;13.1;13.05;13.1;38;0
iФармсинтз;60;20170523;180000;13.35;13.35;13.35;13.35;1;0
iФармсинтз;60;20170524;130000;12.95;12.95;12.6;12.6;13;0
iФармсинтз;60;20170524;140000;12.8;12.9;12.8;12.9;11;0
iФармсинтз;60;20170524;170000;12.85;12.9;12.85;12.9;8;0
iФармсинтз;60;20170524;180000;12.65;12.65;12.5;12.5;6;0
iФармсинтз;60;20170525;120000;12.8;12.8;12.8;12.8;1;0
iФармсинтз;60;20170525;130000;12.75;12.75;12.75;12.75;1;0
iФармсинтз;60;20170525;150000;12.75;13.35;12.75;13.35;48;0
iФармсинтз;60;20170525;160000;13.35;13.35;13.35;13.35;1;0
iФармсинтз;60;20170525;170000;13.35;13.35;13.35;13.35;1;0
iФармсинтз;60;20170525;180000;13.35;13.35;13.35;13.35;118;0
iФармсинтз;60;20170526;110000;13.35;13.35;13.35;13.35;13;0
iФармсинтз;60;20170526;170000;13.5;13.5;13.5;13.5;50;0
iФармсинтз;60;20170529;130000;12.85;13.15;12.8;13.15;11;0
iФармсинтз;60;20170529;150000;13.15;13.15;13.15;13.15;1;0
iФармсинтз;60;20170529;180000;13.3;13.3;13.3;13.3;1;0
iФармсинтз;60;20170530;170000;12.85;12.85;12.85;12.85;2;0
iФармсинтз;60;20170530;180000;13.25;13.3;13.25;13.25;3;0
iФармсинтз;60;20170531;090000;13.75;13.75;13.75;13.75;2;0
iФармсинтз;60;20170531;100000;13.75;13.75;13.4;13.6;7;0
iФармсинтз;60;20170531;160000;13.55;13.55;13.3;13.3;7;0
iФармсинтз;60;20170531;180000;13.25;13.25;13.15;13.2;4;0
iФармсинтз;60;20170601;100000;13.15;13.15;13.15;13.15;1;0
iФармсинтз;60;20170602;110000;13.2;13.2;13.15;13.15;2;0
iФармсинтз;60;20170602;120000;13.1;13.1;13.1;13.1;1;0
iФармсинтз;60;20170605;100000;13.2;13.2;13.2;13.2;7;0
iФармсинтз;60;20170605;180000;13.2;13.2;13.2;13.2;4;0
iФармсинтз;60;20170606;110000;13.2;13.2;13.15;13.15;2;0
iФармсинтз;60;20170606;150000;13.1;13.1;13;13;4;0
iФармсинтз;60;20170606;170000;12.95;12.95;12.9;12.9;2;0
iФармсинтз;60;20170607;160000;13;13;13;13;1;0
iФармсинтз;60;20170607;170000;12.95;12.95;12.6;12.75;29;0
iФармсинтз;60;20170608;150000;12.4;12.4;12.35;12.35;3;0
iФармсинтз;60;20170608;160000;12.35;12.35;12.2;12.2;15;0
iФармсинтз;60;20170608;170000;12.05;12.15;12;12.15;76;0
iФармсинтз;60;20170608;180000;12.2;12.2;12.2;12.2;16;0
iФармсинтз;60;20170609;150000;12.15;12.15;11.7;11.7;146;0
iФармсинтз;60;20170609;170000;12.3;12.3;12.1;12.1;12;0
iФармсинтз;60;20170613;100000;12.65;12.65;12.6;12.6;2;0
iФармсинтз;60;20170613;130000;12.35;12.35;12.3;12.35;5;0
iФармсинтз;60;20170613;150000;12.3;12.3;11.8;11.8;22;0
iФармсинтз;60;20170613;160000;12.25;12.25;12.25;12.25;1;0
iФармсинтз;60;20170613;170000;12.25;12.25;12.25;12.25;6;0
iФармсинтз;60;20170613;180000;12.3;12.4;12.3;12.4;25;0
iФармсинтз;60;20170614;130000;12.35;12.35;12.35;12.35;1;0
iФармсинтз;60;20170614;160000;12.4;12.45;12.4;12.45;2;0
iФармсинтз;60;20170614;170000;12.5;12.5;12.5;12.5;1;0
iФармсинтз;60;20170614;180000;12.55;12.8;12.55;12.8;10;0
iФармсинтз;60;20170615;100000;12.05;12.05;12.05;12.05;1;0
iФармсинтз;60;20170615;110000;12.45;12.45;12.4;12.4;3;0
iФармсинтз;60;20170615;170000;12.3;12.3;12.3;12.3;1;0
iФармсинтз;60;20170615;180000;12.2;12.2;11.8;11.8;4;0
iФармсинтз;60;20170616;110000;12.1;12.7;12.1;12.4;4;0
iФармсинтз;60;20170616;120000;12.55;12.55;12.5;12.5;2;0
iФармсинтз;60;20170616;130000;12.5;12.5;12.5;12.5;1;0
iФармсинтз;60;20170619;110000;12.7;13.55;12.6;12.6;23;0
iФармсинтз;60;20170619;120000;12.45;12.45;11.85;12.05;64;0
iФармсинтз;60;20170619;140000;12.1;12.25;12.1;12.25;18;0
iФармсинтз;60;20170619;150000;12.15;12.15;12.15;12.15;1;0
iФармсинтз;60;20170619;160000;12.2;12.2;12.2;12.2;1;0
iФармсинтз;60;20170619;170000;12.25;12.25;12.25;12.25;1;0
iФармсинтз;60;20170619;180000;12.3;12.35;12.3;12.35;5;0
iФармсинтз;60;20170620;180000;12.4;12.4;12.4;12.4;2;0
iФармсинтз;60;20170621;160000;12.4;12.55;10.95;12.4;59;0
iФармсинтз;60;20170621;170000;12.3;12.3;12.2;12.2;2;0
iФармсинтз;60;20170621;180000;12.25;12.25;12.25;12.25;1;0
iФармсинтз;60;20170622;120000;12;12;12;12;2;0
iФармсинтз;60;20170622;150000;12;12;12;12;1;0
iФармсинтз;60;20170622;160000;12.4;12.4;12.3;12.3;2;0
iФармсинтз;60;20170623;100000;12.25;12.25;12.2;12.2;2;0
iФармсинтз;60;20170623;140000;12.15;12.3;12.15;12.2;4;0
iФармсинтз;60;20170623;150000;12.15;12.35;12.15;12.35;4;0
iФармсинтз;60;20170623;170000;12.4;12.4;12.2;12.35;6;0
iФармсинтз;60;20170623;180000;12.35;12.45;12.2;12.3;405;0
iФармсинтз;60;20170626;100000;12.25;12.25;12.2;12.2;3;0
iФармсинтз;60;20170626;170000;12.15;12.25;12.15;12.25;8226;0
iФармсинтз;60;20170626;180000;12.25;12.3;12.2;12.2;47;0
iФармсинтз;60;20170627;100000;12.3;12.3;12.3;12.3;1;0
iФармсинтз;60;20170627;110000;12.35;12.4;12.35;12.4;2;0
iФармсинтз;60;20170627;130000;12.3;12.3;12.3;12.3;1;0
iФармсинтз;60;20170627;170000;12.3;12.3;12.3;12.3;1;0
iФармсинтз;60;20170627;180000;12.4;12.45;12.4;12.45;3;0
iФармсинтз;60;20170628;100000;12.8;12.8;12.5;12.5;2;0
iФармсинтз;60;20170628;140000;12.4;12.45;12.35;12.45;3;0
iФармсинтз;60;20170628;180000;12.4;12.4;12.4;12.4;1;0
iФармсинтз;60;20170630;100000;12.45;12.45;11.15;12.4;58;0
iФармсинтз;60;20170630;150000;12.3;12.3;11.6;11.6;8;0
iФармсинтз;60;20170630;160000;12.25;12.25;12.05;12.2;4;0
iФармсинтз;60;20170630;170000;12.2;12.25;12.2;12.25;2;0
iФармсинтз;60;20170703;170000;12.25;12.25;12.25;12.25;1;0
iФармсинтз;60;20170704;150000;12.2;12.2;12.2;12.2;1;0
iФармсинтз;60;20170704;180000;12.3;12.3;12.3;12.3;2;0
iФармсинтз;60;20170705;100000;12.3;12.3;12.3;12.3;3;0
iФармсинтз;60;20170705;110000;12.35;12.45;12.35;12.45;4;0
iФармсинтз;60;20170705;130000;12.5;12.55;12.5;12.55;2;0
iФармсинтз;60;20170705;140000;12.5;12.5;12.5;12.5;1;0
iФармсинтз;60;20170705;180000;12.6;12.6;12.6;12.6;4;0
iФармсинтз;60;20170707;130000;12.6;12.8;12.6;12.7;64;0
iФармсинтз;60;20170707;140000;12.75;12.75;12.75;12.75;1;0
iФармсинтз;60;20170707;150000;12.75;12.75;12.75;12.75;4;0
iФармсинтз;60;20170707;180000;12.7;12.7;12.7;12.7;1;0
iФармсинтз;60;20170710;110000;12.6;12.6;12.6;12.6;1;0
iФармсинтз;60;20170710;140000;12.1;12.1;12.1;12.1;1;0
iФармсинтз;60;20170710;150000;12.6;12.6;12.6;12.6;1;0
iФармсинтз;60;20170711;110000;12.75;13;12.75;13;22;0
iФармсинтз;60;20170711;120000;12.85;13;12.85;13;2;0
iФармсинтз;60;20170711;130000;12.9;12.9;12.9;12.9;1;0
iФармсинтз;60;20170711;180000;12.95;13;12.95;13;4;0
iФармсинтз;60;20170712;110000;12.5;13.05;12.5;13.05;20;0
iФармсинтз;60;20170712;150000;13;13.2;13;13.2;6;0
iФармсинтз;60;20170712;170000;13;13;13;13;1;0
iФармсинтз;60;20170712;180000;13.15;13.25;13.15;13.25;3;0
iФармсинтз;60;20170713;100000;12.05;13;12;12.95;8;0
iФармсинтз;60;20170713;110000;12.6;12.6;12.6;12.6;1;0
iФармсинтз;60;20170713;140000;12.8;13;12.8;13;5;0
iФармсинтз;60;20170713;170000;12.4;12.4;12.4;12.4;4;0
iФармсинтз;60;20170713;180000;12.95;13.1;12.95;13.1;5;0
iФармсинтз;60;20170714;090000;12.35;12.35;12.35;12.35;1;0
iФармсинтз;60;20170714;150000;13.1;13.15;13.1;13.1;3;0
iФармсинтз;60;20170714;180000;12.75;12.75;12.55;12.55;9;0
iФармсинтз;60;20170717;100000;12.4;12.8;12.4;12.8;2;0
iФармсинтз;60;20170717;110000;12.85;12.85;12.85;12.85;1;0
iФармсинтз;60;20170717;170000;13;13.2;13;13.2;55;0
iФармсинтз;60;20170717;180000;12.6;12.6;12.4;12.4;4;0
iФармсинтз;60;20170718;150000;12.95;13.2;12.95;13.2;20;0
iФармсинтз;60;20170718;160000;13.2;13.2;13.2;13.2;17;0
iФармсинтз;60;20170718;170000;13.1;13.2;13;13;90;0
iФармсинтз;60;20170719;100000;13.2;13.2;13.2;13.2;1;0
iФармсинтз;60;20170719;110000;13.2;13.2;13.2;13.2;2;0
iФармсинтз;60;20170719;130000;12.75;12.75;12.75;12.75;1;0
iФармсинтз;60;20170719;140000;13.2;13.2;13.2;13.2;1;0
iФармсинтз;60;20170719;150000;13.05;13.05;13;13;2;0
iФармсинтз;60;20170719;160000;13.2;13.25;13.2;13.25;3;0
iФармсинтз;60;20170719;170000;13.3;13.3;13.3;13.3;2;0
iФармсинтз;60;20170719;180000;13.3;13.45;13.3;13.45;3;0
iФармсинтз;60;20170720;160000;12.7;13;12.4;12.8;82;0
iФармсинтз;60;20170720;180000;13.1;13.5;12.95;13.5;81;0
iФармсинтз;60;20170721;100000;12.55;13.45;12.55;13.45;2;0
iФармсинтз;60;20170721;120000;13.4;13.4;13;13;6;0
iФармсинтз;60;20170721;130000;12.95;12.95;12.5;12.5;79;0
iФармсинтз;60;20170721;170000;12.5;12.5;12.4;12.4;20;0
iФармсинтз;60;20170721;180000;12.6;12.6;12.55;12.55;9;0
iФармсинтз;60;20170724;100000;12.3;12.55;12.3;12.55;5;0
iФармсинтз;60;20170724;130000;12.6;12.7;12.6;12.7;5;0
iФармсинтз;60;20170724;180000;13;13;13;13;15;0
iФармсинтз;60;20170725;110000;13;13;12.7;12.7;39;0
iФармсинтз;60;20170725;120000;12.65;12.65;12.5;12.5;3;0
iФармсинтз;60;20170725;140000;12.95;12.95;12.95;12.95;2;0
iФармсинтз;60;20170725;160000;13.05;13.05;13.05;13.05;1;0
iФармсинтз;60;20170726;100000;13.2;13.2;13.2;13.2;1;0
iФармсинтз;60;20170727;100000;12.95;13.4;12.95;13.4;6;0
iФармсинтз;60;20170727;130000;13;13;13;13;1;0
iФармсинтз;60;20170727;140000;12.9;12.9;12.5;12.6;72;0
iФармсинтз;60;20170727;150000;12.75;12.75;12.5;12.55;23;0
iФармсинтз;60;20170727;180000;12.9;13;12.9;13;11;0
iФармсинтз;60;20170728;130000;12.7;12.7;12.5;12.5;20;0
iФармсинтз;60;20170728;140000;12.4;12.4;12.4;12.4;6;0
iФармсинтз;60;20170728;170000;12.4;12.55;12.15;12.3;40;0
iФармсинтз;60;20170728;180000;12.25;13.15;12.05;13.15;37;0
iФармсинтз;60;20170731;100000;12.65;12.65;12.55;12.6;7;0
iФармсинтз;60;20170731;120000;12.5;12.85;12.25;12.85;64;0
iФармсинтз;60;20170731;140000;12.6;12.8;12.6;12.8;2;0
iФармсинтз;60;20170731;150000;12.8;12.8;12.8;12.8;3;0
iФармсинтз;60;20170731;160000;12.75;12.85;12.75;12.8;12;0
iФармсинтз;60;20170731;180000;12.5;12.5;12.5;12.5;9;0
iФармсинтз;60;20170801;100000;12.4;12.5;12.4;12.5;6;0
iФармсинтз;60;20170801;110000;12.5;12.5;12.5;12.5;1;0
iФармсинтз;60;20170801;130000;12.75;12.75;12.75;12.75;11;0
iФармсинтз;60;20170801;150000;12.85;12.85;12;12.25;415;0
iФармсинтз;60;20170801;160000;12.3;12.3;12.1;12.1;11;0
iФармсинтз;60;20170801;170000;12.25;12.25;12.1;12.2;24;0
iФармсинтз;60;20170801;180000;12.2;12.2;12.15;12.2;11;0
iФармсинтз;60;20170802;100000;12.65;12.65;12.4;12.65;75;0
iФармсинтз;60;20170802;110000;12.6;12.65;11.65;11.65;325;0
iФармсинтз;60;20170802;120000;12.15;12.15;11.6;11.7;182;0
iФармсинтз;60;20170802;130000;11.7;12;11.5;11.95;254;0
iФармсинтз;60;20170802;140000;11.95;11.95;11.6;11.8;143;0
iФармсинтз;60;20170802;150000;11.6;11.6;11.4;11.4;191;0
iФармсинтз;60;20170802;160000;11.55;11.75;11.55;11.65;146;0
iФармсинтз;60;20170802;170000;11.55;11.75;11.5;11.65;25;0
iФармсинтз;60;20170802;180000;11.65;11.75;11.45;11.75;125;0
iФармсинтз;60;20170803;100000;11.8;11.8;11.75;11.8;16;0
iФармсинтз;60;20170803;130000;11.65;11.65;11.45;11.55;35;0
iФармсинтз;60;20170803;140000;11.5;11.65;11.4;11.65;82;0
iФармсинтз;60;20170803;150000;11.65;11.65;11.65;11.65;3;0
iФармсинтз;60;20170803;160000;11.5;11.5;11.15;11.5;197;0
iФармсинтз;60;20170803;170000;11.5;11.5;11.5;11.5;2;0
iФармсинтз;60;20170803;180000;11.55;11.9;11.55;11.9;130;0
iФармсинтз;60;20170804;110000;11.5;11.6;11.4;11.45;25;0
iФармсинтз;60;20170804;120000;11.4;11.5;11.4;11.45;26;0
iФармсинтз;60;20170804;130000;11.75;11.75;11.4;11.4;11;0
iФармсинтз;60;20170804;140000;11.35;11.4;11.35;11.4;11;0
iФармсинтз;60;20170804;150000;11.35;11.4;11.35;11.4;6;0
iФармсинтз;60;20170804;160000;11.4;11.4;11.4;11.4;2;0
iФармсинтз;60;20170804;170000;11.4;11.4;11.4;11.4;25;0
iФармсинтз;60;20170804;180000;11.5;11.95;11.5;11.85;127;0
iФармсинтз;60;20170807;100000;11.35;11.6;11.35;11.4;12;0
iФармсинтз;60;20170807;110000;11.65;11.75;11.6;11.75;6;0
iФармсинтз;60;20170807;150000;11.8;11.85;11.8;11.8;22;0
iФармсинтз;60;20170807;170000;11.55;11.55;11.5;11.5;2;0
iФармсинтз;60;20170807;180000;11.6;11.6;11.3;11.4;204;0
iФармсинтз;60;20170808;100000;11.45;11.45;11.45;11.45;4;0
iФармсинтз;60;20170808;110000;11.45;11.5;11.45;11.5;5;0
iФармсинтз;60;20170808;120000;11.4;11.4;10.9;11.05;267;0
iФармсинтз;60;20170808;130000;10.95;10.95;10.3;10.45;1542;0
iФармсинтз;60;20170808;140000;10.5;10.65;10.35;10.65;262;0
iФармсинтз;60;20170808;150000;10.55;10.65;10.45;10.5;122;0
iФармсинтз;60;20170808;160000;10.55;10.65;10.5;10.5;173;0
iФармсинтз;60;20170808;170000;10.55;10.8;10.55;10.8;269;0
iФармсинтз;60;20170808;180000;10.7;11.25;10.7;11.25;700;0
iФармсинтз;60;20170809;100000;11.25;11.3;11;11;131;0
iФармсинтз;60;20170809;110000;11.25;11.25;11.25;11.25;2;0
iФармсинтз;60;20170809;120000;11.25;11.5;11.25;11.5;28;0
iФармсинтз;60;20170809;130000;11.55;11.55;11.45;11.45;15;0
iФармсинтз;60;20170809;140000;11.45;11.45;11.2;11.2;36;0
iФармсинтз;60;20170809;150000;11.3;11.3;11.3;11.3;2;0
iФармсинтз;60;20170809;170000;11.3;11.3;11.3;11.3;10;0
iФармсинтз;60;20170809;180000;11.2;11.5;11.2;11.4;6;0
iФармсинтз;60;20170810;100000;11.4;11.5;11.1;11.4;25;0
iФармсинтз;60;20170810;120000;11.2;11.2;11.1;11.1;10;0
iФармсинтз;60;20170810;140000;11.15;11.15;11.1;11.1;10;0
iФармсинтз;60;20170810;170000;11.2;11.35;11.15;11.15;9;0
iФармсинтз;60;20170810;180000;11.3;11.6;11.3;11.6;391;0
iФармсинтз;60;20170811;100000;11.8;11.8;11.25;11.25;3;0
iФармсинтз;60;20170811;120000;11.5;11.55;11.5;11.55;6;0
iФармсинтз;60;20170811;130000;11.4;11.4;11.35;11.35;2;0
iФармсинтз;60;20170811;140000;11.4;11.4;11.4;11.4;1;0
iФармсинтз;60;20170811;150000;11.3;11.3;11.25;11.25;11;0
iФармсинтз;60;20170811;170000;11.25;11.25;11.25;11.25;18;0
iФармсинтз;60;20170811;180000;11.3;11.35;11.3;11.35;57;0
iФармсинтз;60;20170814;140000;11.05;11.05;10.65;10.7;54;0
iФармсинтз;60;20170814;150000;10.9;11.05;10.9;11;241;0
iФармсинтз;60;20170814;180000;11.3;11.3;11.3;11.3;1;0
iФармсинтз;60;20170815;100000;11.3;11.3;11.3;11.3;5;0
iФармсинтз;60;20170815;110000;11.4;11.4;11.4;11.4;1;0
iФармсинтз;60;20170815;120000;11.35;11.35;11.35;11.35;6;0
iФармсинтз;60;20170815;130000;11.4;11.4;11.4;11.4;1;0
iФармсинтз;60;20170815;140000;11.4;11.5;11.15;11.15;79;0
iФармсинтз;60;20170815;180000;11.3;11.5;11.3;11.5;55;0
iФармсинтз;60;20170816;140000;11.3;11.5;11.3;11.5;9;0
iФармсинтз;60;20170816;150000;11.4;11.4;11.4;11.4;9;0
iФармсинтз;60;20170816;170000;11.45;11.45;11.45;11.45;1;0
iФармсинтз;60;20170816;180000;11.25;11.5;11.25;11.5;14;0
iФармсинтз;60;20170817;160000;11.5;11.5;11.5;11.5;1;0
iФармсинтз;60;20170817;170000;11.45;11.5;11.45;11.5;2;0
iФармсинтз;60;20170817;180000;11.5;11.7;11.5;11.7;138;0
iФармсинтз;60;20170818;110000;11.7;11.8;11.6;11.8;15;0
iФармсинтз;60;20170818;120000;11.8;11.8;11.8;11.8;5;0
iФармсинтз;60;20170818;130000;11.7;11.7;11.7;11.7;1;0
iФармсинтз;60;20170818;170000;11.6;11.6;11.5;11.5;5;0
iФармсинтз;60;20170821;100000;11.5;11.5;11.5;11.5;3;0
iФармсинтз;60;20170821;140000;11.5;11.6;11.5;11.55;31;0
iФармсинтз;60;20170821;150000;11.6;11.6;11.6;11.6;7;0
iФармсинтз;60;20170821;170000;11.6;11.6;11.55;11.55;4;0
iФармсинтз;60;20170822;100000;11.9;11.9;11.85;11.85;100;0
iФармсинтз;60;20170822;110000;11.75;11.75;11.75;11.75;57;0
iФармсинтз;60;20170822;120000;11.6;11.6;11.6;11.6;1;0
iФармсинтз;60;20170823;160000;11.6;11.6;11.6;11.6;8;0
iФармсинтз;60;20170823;180000;11.6;11.75;11.6;11.7;6;0
iФармсинтз;60;20170824;110000;11.5;11.5;11.15;11.4;48;0
iФармсинтз;60;20170824;120000;11.15;11.4;10.9;11.4;56;0
iФармсинтз;60;20170824;130000;11;11.35;11;11.35;7;0
iФармсинтз;60;20170824;160000;11.35;11.35;11.35;11.35;6;0
iФармсинтз;60;20170824;170000;11.4;11.4;11.4;11.4;1;0
iФармсинтз;60;20170824;180000;11.35;11.6;11.35;11.6;2;0
iФармсинтз;60;20170825;100000;11.05;11.05;11.05;11.05;2;0
iФармсинтз;60;20170825;120000;11.45;11.5;11.45;11.5;11;0
iФармсинтз;60;20170825;130000;11.45;11.45;11.45;11.45;5;0
iФармсинтз;60;20170825;140000;11.45;11.45;11.45;11.45;2;0
iФармсинтз;60;20170825;170000;11.25;11.25;11;11;71;0
iФармсинтз;60;20170825;180000;11.25;11.25;11.25;11.25;1;0
iФармсинтз;60;20170828;100000;11;11;11;11;11;0
iФармсинтз;60;20170828;110000;10.7;11.05;10.7;11.05;5;0
iФармсинтз;60;20170828;120000;11.05;11.05;11.05;11.05;4;0
iФармсинтз;60;20170828;130000;11;11;11;11;1;0
iФармсинтз;60;20170828;150000;11.2;11.2;11.2;11.2;2;0
iФармсинтз;60;20170828;170000;11.5;11.5;11.5;11.5;2;0
iФармсинтз;60;20170829;100000;11.6;11.6;11.6;11.6;1;0
iФармсинтз;60;20170829;140000;11.4;11.4;11.4;11.4;1;0
iФармсинтз;60;20170829;150000;11.6;11.6;11.6;11.6;1;0
iФармсинтз;60;20170829;160000;11.5;11.5;11.5;11.5;1;0
iФармсинтз;60;20170830;100000;11.4;11.4;11.35;11.4;3;0
iФармсинтз;60;20170830;110000;11.4;11.4;11.4;11.4;10;0
iФармсинтз;60;20170830;120000;11.35;11.35;11.35;11.35;4;0
iФармсинтз;60;20170830;130000;11.35;11.5;11.35;11.5;63;0
iФармсинтз;60;20170830;150000;11.55;11.55;11.55;11.55;1;0
iФармсинтз;60;20170830;170000;11.55;11.6;11.55;11.6;72;0
iФармсинтз;60;20170831;140000;11.5;11.5;11.5;11.5;4;0
iФармсинтз;60;20170901;100000;11.5;11.5;11.5;11.5;1;0
iФармсинтз;60;20170901;110000;11.15;11.4;11;11.4;13;0
iФармсинтз;60;20170901;120000;11.05;11.05;11.05;11.05;40;0
iФармсинтз;60;20170901;130000;11.25;11.3;11.2;11.3;5;0
iФармсинтз;60;20170901;150000;11.4;11.4;11.4;11.4;1;0
iФармсинтз;60;20170901;160000;11.1;11.2;11.1;11.2;2;0
iФармсинтз;60;20170901;170000;11.25;11.25;11.1;11.1;11;0
iФармсинтз;60;20170901;180000;11.25;11.25;11.25;11.25;30;0
iФармсинтз;60;20170904;100000;11.55;11.85;11.4;11.85;41;0
iФармсинтз;60;20170904;110000;11.5;11.5;11.3;11.4;25;0
iФармсинтз;60;20170904;120000;11.2;11.2;11.2;11.2;1;0
iФармсинтз;60;20170904;130000;11.2;11.35;11.05;11.35;42;0
iФармсинтз;60;20170904;140000;11.45;11.5;11.4;11.4;21;0
iФармсинтз;60;20170904;150000;11.5;11.5;11.5;11.5;1;0
iФармсинтз;60;20170904;160000;11.55;11.8;11.55;11.8;50;0
iФармсинтз;60;20170904;170000;11.8;11.85;11.75;11.8;67;0
iФармсинтз;60;20170904;180000;11.7;12;11.7;12;94;0
iФармсинтз;60;20170905;100000;11.95;12;11.8;11.8;68;0
iФармсинтз;60;20170905;110000;11.8;11.8;11.8;11.8;10;0
iФармсинтз;60;20170905;120000;11.8;11.8;11.5;11.5;27;0
iФармсинтз;60;20170905;130000;11.55;11.55;11.25;11.25;100;0
iФармсинтз;60;20170905;150000;11.6;11.6;11.6;11.6;1;0
iФармсинтз;60;20170905;160000;11.65;11.75;11.65;11.75;2;0
iФармсинтз;60;20170905;180000;11.7;11.8;11.7;11.75;3;0
iФармсинтз;60;20170906;110000;11.8;11.85;11.8;11.85;52;0
iФармсинтз;60;20170906;120000;11.8;11.8;11.8;11.8;55;0
iФармсинтз;60;20170906;130000;11.9;11.95;11.9;11.95;11;0
iФармсинтз;60;20170906;140000;11.9;11.95;11.9;11.95;14;0
iФармсинтз;60;20170906;150000;11.95;11.95;11.9;11.9;7;0
iФармсинтз;60;20170906;160000;11.95;12;11.95;12;7;0
iФармсинтз;60;20170906;170000;12;12;12;12;5;0
iФармсинтз;60;20170906;180000;11.8;12;11.8;12;6;0
iФармсинтз;60;20170907;090000;12;12;12;12;1;0
iФармсинтз;60;20170907;100000;12;12;11.2;11.5;19;0
iФармсинтз;60;20170907;140000;11.5;11.5;11.5;11.5;2;0
iФармсинтз;60;20170907;160000;11.65;12;11.65;11.9;6;0
iФармсинтз;60;20170907;170000;11.95;12;11.95;12;2;0
iФармсинтз;60;20170908;110000;11.6;11.6;11.3;11.3;50;0
iФармсинтз;60;20170908;140000;11.8;11.8;11.8;11.8;1;0
iФармсинтз;60;20170908;160000;11.85;11.85;11.65;11.65;4;0
iФармсинтз;60;20170908;170000;11.8;11.8;11.8;11.8;1;0
iФармсинтз;60;20170908;180000;11.6;11.7;11.6;11.7;31;0
iФармсинтз;60;20170911;110000;11.85;11.85;11.8;11.85;11;0
iФармсинтз;60;20170911;160000;11.65;11.65;11.65;11.65;4;0
iФармсинтз;60;20170911;170000;11.6;11.6;11.6;11.6;11;0
iФармсинтз;60;20170912;100000;12;12;11.25;11.25;78;0
iФармсинтз;60;20170912;110000;11.3;11.3;11.05;11.3;35;0
iФармсинтз;60;20170912;120000;11.35;12;11.35;11.6;46;0
iФармсинтз;60;20170912;170000;11.8;12;11.75;11.9;58;0
iФармсинтз;60;20170912;180000;11.9;11.9;11.5;11.55;82;0
iФармсинтз;60;20170913;100000;11.5;11.5;11.45;11.45;10;0
iФармсинтз;60;20170913;110000;11.75;11.75;11.75;11.75;1;0
iФармсинтз;60;20170913;120000;11.75;11.75;11.75;11.75;1;0
iФармсинтз;60;20170913;140000;11.8;11.8;11.8;11.8;2;0
iФармсинтз;60;20170913;150000;11.95;12.25;11.95;12.25;30;0
iФармсинтз;60;20170913;160000;12;12;11.75;11.75;45;0
iФармсинтз;60;20170913;170000;12;12.2;11.95;11.95;55;0
iФармсинтз;60;20170913;180000;12.05;12.25;12.05;12.2;87;0
iФармсинтз;60;20170914;100000;12.15;12.15;12.1;12.1;8;0
iФармсинтз;60;20170914;120000;12.1;12.1;12;12;42;0
iФармсинтз;60;20170914;130000;12;12;12;12;1;0
iФармсинтз;60;20170914;150000;12;12;12;12;13;0
iФармсинтз;60;20170914;160000;12.05;12.05;12;12;2;0
iФармсинтз;60;20170914;170000;12.1;12.25;12.1;12.25;8;0
iФармсинтз;60;20170915;120000;12.1;12.1;11.7;12;4;0
iФармсинтз;60;20170915;140000;11.9;11.9;11.85;11.85;2;0
iФармсинтз;60;20170915;150000;12;12.2;12;12.2;8;0
iФармсинтз;60;20170918;110000;12.15;12.15;12.15;12.15;1;0
iФармсинтз;60;20170918;120000;12.05;12.05;12.05;12.05;1;0
iФармсинтз;60;20170918;150000;12.1;12.4;12.05;12.15;113;0
iФармсинтз;60;20170918;160000;12.3;12.45;12.25;12.45;50;0
iФармсинтз;60;20170918;170000;12.45;12.6;12.2;12.5;278;0
iФармсинтз;60;20170918;180000;12.4;12.6;12.4;12.5;17;0
iФармсинтз;60;20170919;100000;12.6;12.75;12.6;12.75;18;0
iФармсинтз;60;20170919;110000;12.75;12.75;11.95;12;33;0
iФармсинтз;60;20170919;120000;12;12.4;11.7;12.35;83;0
iФармсинтз;60;20170919;130000;12.4;12.45;12.4;12.45;24;0
iФармсинтз;60;20170919;140000;12.3;12.4;12.1;12.4;34;0
iФармсинтз;60;20170919;150000;12.3;12.4;12.25;12.4;7;0
iФармсинтз;60;20170919;160000;12.4;12.45;12.25;12.45;10;0
iФармсинтз;60;20170919;170000;12.4;12.4;12.3;12.3;3;0
iФармсинтз;60;20170919;180000;12.35;12.4;12.3;12.4;9;0
iФармсинтз;60;20170920;100000;12.45;12.9;12.4;12.4;6;0
iФармсинтз;60;20170920;110000;12.45;12.55;11.85;11.85;15;0
iФармсинтз;60;20170920;120000;12.4;12.45;12.25;12.25;20;0
iФармсинтз;60;20170920;130000;12.2;12.2;12.2;12.2;2;0
iФармсинтз;60;20170920;150000;12.3;12.3;12.3;12.3;2;0
iФармсинтз;60;20170920;160000;12.35;12.55;12.35;12.4;8;0
iФармсинтз;60;20170920;180000;12.45;12.55;12.45;12.55;6;0
iФармсинтз;60;20170921;100000;12.4;12.4;12.4;12.4;2;0
iФармсинтз;60;20170921;140000;12.35;12.35;12.3;12.3;67;0
iФармсинтз;60;20170921;160000;12.4;12.45;12.4;12.45;4;0
iФармсинтз;60;20170921;170000;12.35;12.45;12.35;12.4;3;0
iФармсинтз;60;20170921;180000;12.35;12.45;12.3;12.45;4;0
iФармсинтз;60;20170922;130000;12.3;12.3;12;12;76;0
iФармсинтз;60;20170922;140000;12;12.15;12;12.15;8;0
iФармсинтз;60;20170922;150000;12.15;12.15;12.15;12.15;6;0
iФармсинтз;60;20170922;160000;12.2;12.6;12.15;12.15;62;0
iФармсинтз;60;20170922;180000;12.35;12.4;12.2;12.2;5;0
iФармсинтз;60;20170925;100000;12.25;12.35;12.25;12.35;6;0
iФармсинтз;60;20170925;120000;12.4;12.4;12.4;12.4;1;0
iФармсинтз;60;20170925;150000;12.45;12.55;12.45;12.55;5;0
iФармсинтз;60;20170925;160000;12.35;12.35;12.35;12.35;3;0
iФармсинтз;60;20170925;170000;12.35;12.4;12.35;12.4;12;0
iФармсинтз;60;20170925;180000;12.4;12.4;12.4;12.4;5;0
iФармсинтз;60;20170926;100000;12.5;12.65;12.5;12.65;60;0
iФармсинтз;60;20170926;110000;12.55;12.55;12.45;12.45;8;0
iФармсинтз;60;20170926;120000;12.05;12.05;12;12;3;0
iФармсинтз;60;20170926;130000;12.25;12.4;12.25;12.25;6;0
iФармсинтз;60;20170926;140000;12.2;12.4;12.2;12.4;2;0
iФармсинтз;60;20170926;150000;12.05;12.35;12;12.35;14;0
iФармсинтз;60;20170926;180000;12.15;12.6;12.1;12.6;9;0
iФармсинтз;60;20170927;100000;12.55;12.65;12.55;12.65;7;0
iФармсинтз;60;20170927;120000;12.65;12.7;12.65;12.7;10;0
iФармсинтз;60;20170927;140000;12.7;12.7;12.7;12.7;13;0
iФармсинтз;60;20170928;140000;12.7;12.9;12.7;12.9;23;0
iФармсинтз;60;20170928;150000;12.3;12.45;12.15;12.15;10;0
iФармсинтз;60;20170928;160000;12.7;12.7;12.4;12.6;4;0
iФармсинтз;60;20170928;170000;12.35;12.7;12.35;12.7;7;0
iФармсинтз;60;20170929;100000;12.1;12.25;12.1;12.25;7;0
iФармсинтз;60;20170929;110000;12.25;12.25;12.05;12.05;15;0
iФармсинтз;60;20170929;120000;12.05;12.05;12.05;12.05;2;0
iФармсинтз;60;20170929;140000;12.2;12.5;12.2;12.5;12;0
iФармсинтз;60;20170929;180000;12.25;12.6;12.2;12.6;14;0
iФармсинтз;60;20171002;100000;12.7;12.8;12.6;12.7;10;0
iФармсинтз;60;20171002;110000;12.7;12.7;12.7;12.7;1;0
iФармсинтз;60;20171002;120000;12.65;12.7;12.65;12.7;6;0
iФармсинтз;60;20171002;140000;12.7;12.7;12.7;12.7;14;0
iФармсинтз;60;20171002;150000;12.7;12.7;12.7;12.7;10;0
iФармсинтз;60;20171002;170000;12.4;12.4;12.4;12.4;2;0
iФармсинтз;60;20171002;180000;12.5;12.5;12.5;12.5;1;0
iФармсинтз;60;20171003;120000;12.35;12.45;12.35;12.4;3;0
iФармсинтз;60;20171003;140000;12.6;12.6;12.3;12.3;3;0
iФармсинтз;60;20171003;150000;12.3;12.3;12.3;12.3;2;0
iФармсинтз;60;20171003;160000;12.55;12.55;12.5;12.5;2;0
iФармсинтз;60;20171003;170000;12.55;12.65;12.55;12.6;8;0
iФармсинтз;60;20171003;180000;12.65;12.7;12.65;12.65;21;0
iФармсинтз;60;20171004;100000;12.7;12.7;12.7;12.7;1;0
iФармсинтз;60;20171004;110000;12.65;12.65;12.65;12.65;1;0
iФармсинтз;60;20171004;180000;12.75;12.8;12.75;12.8;2;0
iФармсинтз;60;20171005;100000;12.8;13;12.8;13;204;0
iФармсинтз;60;20171005;120000;12.9;13.05;12.9;13;47;0
iФармсинтз;60;20171005;150000;13;13;13;13;2;0
iФармсинтз;60;20171005;160000;12.95;13;12.95;12.95;15;0
iФармсинтз;60;20171006;100000;11.75;13;11.75;12.8;28;0
iФармсинтз;60;20171006;110000;12.8;12.85;12.8;12.85;35;0
iФармсинтз;60;20171006;140000;12.9;12.9;12.8;12.8;3;0
iФармсинтз;60;20171006;170000;12.5;12.65;12.5;12.5;12;0
iФармсинтз;60;20171006;180000;12.85;12.85;12.85;12.85;1;0
iФармсинтз;60;20171009;110000;12.55;12.55;12.55;12.55;1;0
iФармсинтз;60;20171009;130000;12.55;12.55;12.5;12.5;6;0
iФармсинтз;60;20171009;140000;12.7;12.7;12.7;12.7;1;0
iФармсинтз;60;20171010;110000;12.25;12.25;12.25;12.25;9;0
iФармсинтз;60;20171010;120000;12.25;12.25;12;12;42;0
iФармсинтз;60;20171010;160000;12.1;12.1;12.1;12.1;2;0
iФармсинтз;60;20171011;120000;12.25;12.25;12.25;12.25;1;0
iФармсинтз;60;20171011;170000;12.2;12.25;12.2;12.25;3;0
iФармсинтз;60;20171011;180000;12.15;12.15;12.15;12.15;4;0
iФармсинтз;60;20171012;170000;12.35;12.35;12.35;12.35;1;0
iФармсинтз;60;20171012;180000;12.35;12.5;12.35;12.35;11;0
iФармсинтз;60;20171013;100000;12.2;12.2;12;12;29;0
iФармсинтз;60;20171013;140000;12.45;12.45;12.15;12.15;2;0
iФармсинтз;60;20171016;130000;12.4;12.4;12.4;12.4;1;0
iФармсинтз;60;20171016;140000;12.35;12.35;12.35;12.35;2;0
iФармсинтз;60;20171016;170000;12.4;12.4;12.35;12.35;21;0
iФармсинтз;60;20171017;100000;12.85;12.85;12.85;12.85;1;0
iФармсинтз;60;20171017;120000;12.25;12.25;12.25;12.25;2;0
iФармсинтз;60;20171017;130000;12.25;12.25;12.25;12.25;1;0
iФармсинтз;60;20171017;170000;12.4;12.4;12.4;12.4;2;0
iФармсинтз;60;20171018;120000;12.15;12.4;12.15;12.4;2;0
iФармсинтз;60;20171018;130000;12.25;12.25;12.25;12.25;1;0
iФармсинтз;60;20171018;140000;12.4;12.4;12.4;12.4;6;0
iФармсинтз;60;20171018;180000;12.35;12.35;12.35;12.35;1;0
iФармсинтз;60;20171019;100000;12.3;12.35;12.3;12.3;22;0
iФармсинтз;60;20171019;110000;12.3;12.3;12.3;12.3;13;0
iФармсинтз;60;20171019;120000;12.3;12.3;12.3;12.3;1;0
iФармсинтз;60;20171019;140000;12.3;12.3;12.3;12.3;1;0
iФармсинтз;60;20171019;150000;12.3;12.3;12.3;12.3;4;0
iФармсинтз;60;20171019;160000;12.1;12.2;12.05;12.15;67;0
iФармсинтз;60;20171020;110000;12.15;12.15;12.05;12.05;2;0
iФармсинтз;60;20171020;140000;12;12.15;12;12;12;0
iФармсинтз;60;20171020;150000;12.1;12.15;12.1;12.15;2;0
iФармсинтз;60;20171020;180000;12.15;12.2;12.15;12.2;3;0
iФармсинтз;60;20171023;100000;11.65;12.2;11.5;12;11;0
iФармсинтз;60;20171023;110000;12;12;12;12;1;0
iФармсинтз;60;20171023;120000;11.9;11.9;11.9;11.9;3;0
iФармсинтз;60;20171023;130000;11.85;11.9;11.85;11.9;3;0
iФармсинтз;60;20171023;140000;11.85;11.95;11.85;11.95;3;0
iФармсинтз;60;20171023;150000;11.85;11.95;11.85;11.95;7;0
iФармсинтз;60;20171023;160000;11.85;11.85;11.8;11.8;3;0
iФармсинтз;60;20171023;170000;11.8;12;11.8;12;31;0
iФармсинтз;60;20171023;180000;12;12;12;12;3;0
iФармсинтз;60;20171024;110000;11.85;11.85;11.85;11.85;4;0
iФармсинтз;60;20171024;120000;11.85;11.95;11.85;11.95;5;0
iФармсинтз;60;20171024;130000;11.95;11.95;11.95;11.95;4;0
iФармсинтз;60;20171024;140000;11.85;11.85;11.85;11.85;1;0
iФармсинтз;60;20171024;150000;11.85;11.9;11.85;11.85;3;0
iФармсинтз;60;20171024;160000;11.85;11.85;11.8;11.85;3;0
iФармсинтз;60;20171024;170000;11.95;12;11.95;12;6;0
iФармсинтз;60;20171024;180000;12.05;12.05;12.05;12.05;1;0
iФармсинтз;60;20171025;140000;12.2;12.2;12.2;12.2;1;0
iФармсинтз;60;20171025;150000;12.2;12.2;11.75;11.75;69;0
iФармсинтз;60;20171025;160000;11.8;11.9;11.4;11.9;55;0
iФармсинтз;60;20171025;170000;11.8;11.8;11.8;11.8;1;0
iФармсинтз;60;20171025;180000;11.8;11.8;11.8;11.8;18;0
iФармсинтз;60;20171026;100000;11.8;11.8;11.8;11.8;1;0
iФармсинтз;60;20171026;120000;12;12;12;12;1;0
iФармсинтз;60;20171026;130000;12;12;12;12;3;0
iФармсинтз;60;20171027;170000;12.15;12.15;11.65;11.7;13;0
iФармсинтз;60;20171030;130000;12.25;12.25;12.25;12.25;1;0
iФармсинтз;60;20171030;160000;12;12;12;12;1;0
iФармсинтз;60;20171030;170000;11.95;11.95;11.95;11.95;1;0
iФармсинтз;60;20171030;180000;12.15;12.2;12.15;12.2;10;0
iФармсинтз;60;20171031;100000;11.95;12.05;11.9;12.05;3;0
iФармсинтз;60;20171031;130000;12.15;12.15;12.15;12.15;1;0
iФармсинтз;60;20171031;160000;12.1;12.15;12.1;12.15;8;0
iФармсинтз;60;20171031;170000;12.2;12.2;12.15;12.15;2;0
iФармсинтз;60;20171031;180000;12.15;12.15;12.15;12.15;1;0
iФармсинтз;60;20171101;170000;12.1;12.25;12.1;12.15;3;0
iФармсинтз;60;20171102;130000;12.15;12.15;12.05;12.05;6;0
iФармсинтз;60;20171102;140000;11.95;11.95;11.9;11.9;4;0
iФармсинтз;60;20171102;150000;12.1;12.25;12;12.2;30;0
iФармсинтз;60;20171102;160000;12.2;12.25;12.2;12.2;7;0
iФармсинтз;60;20171102;170000;12.25;12.25;12.1;12.1;6;0
iФармсинтз;60;20171103;140000;12.2;12.25;12.2;12.25;3;0
iФармсинтз;60;20171103;180000;12.2;12.25;12.2;12.25;6;0
iФармсинтз;60;20171107;110000;12.05;12.05;12.05;12.05;1;0
iФармсинтз;60;20171107;160000;12.2;12.25;12.2;12.25;2;0
iФармсинтз;60;20171107;170000;12.1;12.3;12;12.3;37;0
iФармсинтз;60;20171107;180000;12.2;12.3;12.2;12.3;10;0
iФармсинтз;60;20171108;100000;12.4;12.85;11.95;11.95;44;0
iФармсинтз;60;20171108;110000;11.95;11.95;11.65;11.95;7;0
iФармсинтз;60;20171108;130000;11.95;11.95;11.95;11.95;4;0
iФармсинтз;60;20171108;140000;11.85;11.85;11.85;11.85;6;0
iФармсинтз;60;20171108;150000;11.95;12;11.95;12;4;0
iФармсинтз;60;20171108;160000;12;12;12;12;30;0
iФармсинтз;60;20171108;170000;12;12;11.95;11.95;4;0
iФармсинтз;60;20171108;180000;11.95;12;11.95;12;3;0
iФармсинтз;60;20171109;100000;12.5;12.5;12.5;12.5;1;0
iФармсинтз;60;20171109;110000;12;12.05;12;12.05;3;0
iФармсинтз;60;20171109;130000;12.05;12.05;12.05;12.05;1;0
iФармсинтз;60;20171109;140000;12.15;12.15;12.1;12.1;11;0
iФармсинтз;60;20171109;160000;12.1;12.1;12.1;12.1;10;0
iФармсинтз;60;20171109;180000;12.15;12.15;12.15;12.15;1;0
iФармсинтз;60;20171110;140000;11.8;12.05;11.55;12.05;37;0
iФармсинтз;60;20171110;150000;11.6;12;11.6;12;22;0
iФармсинтз;60;20171110;170000;11.8;11.8;11.75;11.75;21;0
iФармсинтз;60;20171110;180000;11.65;11.65;11.65;11.65;1;0
iФармсинтз;60;20171113;100000;11.85;12.15;11.85;12;7;0
iФармсинтз;60;20171113;110000;12;12;11.75;11.75;50;0
iФармсинтз;60;20171113;150000;12;12;11.65;11.65;36;0
iФармсинтз;60;20171113;160000;11.6;12.15;11;11.75;202;0
iФармсинтз;60;20171113;170000;11.8;11.8;11.8;11.8;7;0
iФармсинтз;60;20171113;180000;11.9;11.9;11.9;11.9;12;0
iФармсинтз;60;20171114;110000;11.7;11.7;11.7;11.7;1;0
iФармсинтз;60;20171114;120000;11.7;11.7;11.7;11.7;1;0
iФармсинтз;60;20171114;140000;11.7;11.7;11.7;11.7;1;0
iФармсинтз;60;20171114;150000;11.6;11.6;11.55;11.55;8;0
iФармсинтз;60;20171114;160000;11.7;11.9;11.7;11.9;38;0
iФармсинтз;60;20171114;170000;11.85;12;11.85;12;167;0
iФармсинтз;60;20171114;180000;12.05;12.1;12.05;12.1;3;0
iФармсинтз;60;20171115;100000;12.15;12.15;12.15;12.15;1;0
iФармсинтз;60;20171115;140000;12.15;12.15;11.8;11.8;18;0
iФармсинтз;60;20171115;180000;12;12.1;12;12.1;7;0
iФармсинтз;60;20171116;110000;12;12;12;12;55;0
iФармсинтз;60;20171116;120000;11.65;11.65;11.65;11.65;6;0
iФармсинтз;60;20171116;130000;11.6;11.65;11.55;11.65;48;0
iФармсинтз;60;20171116;140000;11.7;11.7;11.7;11.7;1;0
iФармсинтз;60;20171116;150000;11.65;11.75;11.6;11.75;29;0
iФармсинтз;60;20171116;160000;11.75;11.75;11.75;11.75;1;0
iФармсинтз;60;20171116;170000;11.65;11.65;11.65;11.65;1;0
iФармсинтз;60;20171116;180000;11.65;11.65;11.5;11.5;22;0
iФармсинтз;60;20171117;100000;11.7;11.7;11.7;11.7;2;0
iФармсинтз;60;20171117;110000;11.7;11.95;11.7;11.95;11;0
iФармсинтз;60;20171117;120000;11.95;11.95;11.95;11.95;5;0
iФармсинтз;60;20171117;170000;12;12;12;12;5;0
iФармсинтз;60;20171121;100000;11.9;11.9;11.9;11.9;1;0
iФармсинтз;60;20171121;130000;11.95;11.95;11.95;11.95;6;0
iФармсинтз;60;20171121;160000;12;12;12;12;1;0
iФармсинтз;60;20171121;170000;12;12;12;12;9;0
iФармсинтз;60;20171122;150000;12;12;12;12;2;0
iФармсинтз;60;20171122;160000;12;12;12;12;1;0
iФармсинтз;60;20171122;170000;11.9;12;11.9;12;4;0
iФармсинтз;60;20171122;180000;11.95;12;11.95;12;2;0
iФармсинтз;60;20171123;140000;11.9;12;11.7;11.95;118;0
iФармсинтз;60;20171123;170000;11.9;11.9;11.9;11.9;6;0
iФармсинтз;60;20171123;180000;12;12;12;12;1;0
iФармсинтз;60;20171127;100000;12.05;12.05;12.05;12.05;1;0
iФармсинтз;60;20171127;110000;11.85;11.85;11.35;11.65;20;0
iФармсинтз;60;20171127;140000;11.75;11.75;11.75;11.75;1;0
iФармсинтз;60;20171127;150000;11.65;11.85;11.65;11.85;7;0
iФармсинтз;60;20171127;160000;11.9;11.9;11.9;11.9;2;0
iФармсинтз;60;20171127;180000;11.8;11.95;11.75;11.95;5;0
iФармсинтз;60;20171128;110000;11.8;11.8;11.8;11.8;1;0
iФармсинтз;60;20171128;140000;11.9;11.9;11.9;11.9;1;0
iФармсинтз;60;20171128;150000;11.8;11.8;11.3;11.3;40;0
iФармсинтз;60;20171128;160000;11.55;11.55;11.55;11.55;2;0
iФармсинтз;60;20171128;170000;11.6;11.6;11.6;11.6;6;0
iФармсинтз;60;20171129;110000;11.5;11.5;11.5;11.5;4;0
iФармсинтз;60;20171129;150000;11.65;11.8;11.65;11.7;5;0
iФармсинтз;60;20171129;170000;11.7;11.85;11.65;11.65;18;0
iФармсинтз;60;20171129;180000;11.8;11.8;11.75;11.75;2;0
iФармсинтз;60;20171130;100000;11.75;11.75;11.75;11.75;1;0
iФармсинтз;60;20171130;120000;11.75;11.75;11.7;11.7;2;0
iФармсинтз;60;20171130;130000;11.7;11.75;11.7;11.75;24;0
iФармсинтз;60;20171130;140000;11.7;11.7;11.55;11.55;22;0
iФармсинтз;60;20171130;150000;11.55;11.55;11.55;11.55;5;0
iФармсинтз;60;20171130;160000;11.6;11.6;11.6;11.6;2;0
iФармсинтз;60;20171130;170000;11.55;11.55;11.55;11.55;15;0
iФармсинтз;60;20171201;100000;11.75;11.75;11.75;11.75;1;0
iФармсинтз;60;20171201;110000;11.75;15.85;11.25;11.75;326;0
iФармсинтз;60;20171201;120000;11.7;11.7;11.6;11.7;41;0
iФармсинтз;60;20171201;130000;11.65;11.65;11.65;11.65;5;0
iФармсинтз;60;20171201;150000;11.65;11.75;11.65;11.75;3;0
iФармсинтз;60;20171201;170000;11.8;12;11.8;12;6;0
iФармсинтз;60;20171201;180000;11.95;12.25;11.95;12.25;37;0
iФармсинтз;60;20171204;100000;12.35;12.35;12.1;12.1;9;0
iФармсинтз;60;20171204;110000;12.05;12.05;11.8;11.8;7;0
iФармсинтз;60;20171204;120000;11.8;11.8;11.8;11.8;8;0
iФармсинтз;60;20171204;150000;11.85;11.9;11.85;11.9;6;0
iФармсинтз;60;20171204;170000;11.8;11.8;11.8;11.8;2;0
iФармсинтз;60;20171204;180000;11.8;11.95;11.7;11.95;37;0
iФармсинтз;60;20171205;100000;11.8;11.8;11.65;11.65;11;0
iФармсинтз;60;20171205;130000;11.8;11.8;11.8;11.8;1;0
iФармсинтз;60;20171205;140000;11.8;11.8;11.8;11.8;11;0
iФармсинтз;60;20171205;150000;11.7;11.7;11.6;11.6;35;0
iФармсинтз;60;20171205;160000;11.7;11.7;11.7;11.7;5;0
iФармсинтз;60;20171205;170000;11.7;11.7;11.7;11.7;5;0
iФармсинтз;60;20171206;130000;11.75;11.75;11.75;11.75;17;0
iФармсинтз;60;20171206;140000;11.75;11.75;11.75;11.75;5;0
iФармсинтз;60;20171206;170000;11.75;11.75;11.75;11.75;10;0
iФармсинтз;60;20171206;180000;11.8;12;11.8;11.8;9;0
iФармсинтз;60;20171207;100000;11.75;11.75;11.75;11.75;2;0
iФармсинтз;60;20171207;140000;11.75;11.75;11.75;11.75;1;0
iФармсинтз;60;20171207;150000;11.75;11.75;11.75;11.75;2;0
iФармсинтз;60;20171207;160000;11.7;11.7;11.65;11.65;16;0
iФармсинтз;60;20171207;180000;11.65;11.65;11.65;11.65;3;0
iФармсинтз;60;20171208;100000;11.9;11.9;11.9;11.9;1;0
iФармсинтз;60;20171208;110000;11.7;11.7;11.7;11.7;1;0
iФармсинтз;60;20171208;170000;11.7;11.7;11.7;11.7;1;0
iФармсинтз;60;20171208;180000;11.7;11.7;11.7;11.7;6;0
iФармсинтз;60;20171211;100000;11.65;11.65;11.65;11.65;2;0
iФармсинтз;60;20171211;110000;11.55;11.55;11.5;11.5;5;0
iФармсинтз;60;20171211;130000;11.65;11.65;11.6;11.6;2;0
iФармсинтз;60;20171211;140000;11.7;11.7;11.7;11.7;1;0
iФармсинтз;60;20171211;150000;11.6;11.6;11.6;11.6;2;0
iФармсинтз;60;20171211;160000;11.75;11.75;11.75;11.75;3;0
iФармсинтз;60;20171211;170000;11.75;11.75;11.75;11.75;2;0
iФармсинтз;60;20171212;120000;11.75;11.8;11.75;11.8;3;0
iФармсинтз;60;20171212;180000;11.8;11.8;11.8;11.8;7;0
iФармсинтз;60;20171213;180000;11.8;11.8;11.7;11.7;3;0
iФармсинтз;60;20171214;100000;11.85;11.85;11.85;11.85;1;0
iФармсинтз;60;20171214;110000;11.75;11.75;11.5;11.5;61;0
iФармсинтз;60;20171214;120000;11.45;11.5;11.45;11.5;44;0
iФармсинтз;60;20171214;130000;11.5;11.5;11.45;11.45;18;0
iФармсинтз;60;20171214;140000;11.45;11.55;11.45;11.5;26;0
iФармсинтз;60;20171214;150000;11.45;12;11.45;12;84;0
iФармсинтз;60;20171214;160000;11.95;12;11.7;11.85;49;0
iФармсинтз;60;20171214;170000;11.85;11.85;11.8;11.8;2;0
iФармсинтз;60;20171214;180000;11.85;12;11.8;12;11;0
iФармсинтз;60;20171215;100000;12.2;12.2;11.45;11.45;143;0
iФармсинтз;60;20171215;110000;11.6;11.6;11.4;11.6;72;0
iФармсинтз;60;20171215;120000;11.55;11.55;11.55;11.55;1;0
iФармсинтз;60;20171215;180000;11.65;11.65;11.65;11.65;1;0
iФармсинтз;60;20171218;110000;11.65;11.75;11.65;11.75;6;0
iФармсинтз;60;20171218;120000;11.7;11.7;11.6;11.6;17;0
iФармсинтз;60;20171218;140000;11.6;11.6;11.6;11.6;4;0
iФармсинтз;60;20171218;150000;11.55;11.6;11.45;11.55;39;0
iФармсинтз;60;20171219;100000;11.6;12.1;11.6;11.7;4;0
iФармсинтз;60;20171219;110000;11.6;11.65;11.55;11.55;8;0
iФармсинтз;60;20171219;140000;11.5;11.5;11.5;11.5;1;0
iФармсинтз;60;20171219;150000;11.45;11.45;11.4;11.45;21;0
iФармсинтз;60;20171219;160000;11.45;11.45;11.45;11.45;1;0
iФармсинтз;60;20171219;180000;11.4;11.5;11.2;11.5;30;0
iФармсинтз;60;20171220;100000;11.35;11.35;11.35;11.35;1;0
iФармсинтз;60;20171220;110000;11.3;11.3;11.15;11.15;28;0
iФармсинтз;60;20171220;120000;11.15;11.15;11.15;11.15;8;0
iФармсинтз;60;20171220;130000;11.15;11.3;11.15;11.15;126;0
iФармсинтз;60;20171220;150000;11.1;11.1;10.95;11;53;0
iФармсинтз;60;20171220;160000;10.9;11.05;10.9;11.05;106;0
iФармсинтз;60;20171220;170000;11;11;10.95;11;18;0
iФармсинтз;60;20171220;180000;11;11.1;11;11.1;27;0
iФармсинтз;60;20171221;100000;11.1;11.25;11.1;11.25;10;0
iФармсинтз;60;20171221;110000;11.2;11.2;11.1;11.1;7;0
iФармсинтз;60;20171221;120000;11.05;11.05;11.05;11.05;21;0
iФармсинтз;60;20171221;140000;11.05;11.05;11.05;11.05;46;0
iФармсинтз;60;20171221;150000;11.05;11.1;11.05;11.1;60;0
iФармсинтз;60;20171221;180000;11;11;11;11;3;0
iФармсинтз;60;20171222;110000;11.15;11.15;11.05;11.05;6;0
iФармсинтз;60;20171222;120000;11.05;11.05;10.95;10.95;19;0
iФармсинтз;60;20171222;130000;10.95;11.45;10.95;11.2;103;0
iФармсинтз;60;20171222;140000;11.25;11.25;11.1;11.1;28;0
iФармсинтз;60;20171222;170000;11.15;11.25;11.15;11.15;26;0
iФармсинтз;60;20171225;100000;11.1;11.1;11.05;11.05;2;0
iФармсинтз;60;20171225;110000;11;11;10.95;10.95;10;0
iФармсинтз;60;20171225;120000;11.1;11.1;11.1;11.1;1;0
iФармсинтз;60;20171225;140000;11.15;11.25;11.15;11.25;3;0
iФармсинтз;60;20171225;150000;11.3;11.3;11.3;11.3;8;0
iФармсинтз;60;20171225;160000;11.15;11.15;11.05;11.05;10;0
iФармсинтз;60;20171225;180000;11.05;11.05;11.05;11.05;2;0
iФармсинтз;60;20171226;100000;11;11.05;10.55;11;98;0
iФармсинтз;60;20171226;110000;10.95;10.95;10.95;10.95;3;0
iФармсинтз;60;20171226;120000;10.9;10.9;10.85;10.85;10;0
iФармсинтз;60;20171226;140000;10.85;11;10.85;11;4;0
iФармсинтз;60;20171226;180000;10.9;11.1;10.9;11.1;2;0
iФармсинтз;60;20171227;100000;11;11;11;11;2;0
iФармсинтз;60;20171227;110000;11.15;11.5;11.15;11.25;23;0
iФармсинтз;60;20171227;120000;11.4;11.45;11;11.25;18;0
iФармсинтз;60;20171227;130000;11.2;11.2;11.2;11.2;9;0
iФармсинтз;60;20171227;170000;11.2;11.2;11.2;11.2;1;0
iФармсинтз;60;20171227;180000;11.2;11.2;11.1;11.1;5;0
iФармсинтз;60;20171228;160000;11.05;11.05;10.85;11;39;0
iФармсинтз;60;20171229;100000;11.05;11.05;11.05;11.05;1;0
iФармсинтз;60;20171229;120000;11.05;11.05;11.05;11.05;2;0
iФармсинтз;60;20171229;140000;11.1;11.1;11.1;11.1;4;0
iФармсинтз;60;20171229;150000;11.15;11.15;11.15;11.15;1;0
iФармсинтз;60;20171229;160000;11.2;11.2;11.2;11.2;1;0
iФармсинтз;60;20171229;170000;11.15;11.15;11.1;11.1;9;0
iФармсинтз;60;20171229;180000;11.2;12;11.2;12;273;0
