<TICKER>;<PER>;<DATE>;<TIME>;<OPEN>;<HIGH>;<LOW>;<CLOSE>;<VOL>;<OPENINT>
iЧЗПСН ао;60;20170124;090000;5.57;5.57;5.57;5.57;10;0
iЧЗПСН ао;60;20170124;100000;5.575;6.085;5.555;5.93;226;0
iЧЗПСН ао;60;20170124;110000;5.89;6.035;5.66;5.71;248;0
iЧЗПСН ао;60;20170124;120000;5.715;5.8;5.7;5.7;57;0
iЧЗПСН ао;60;20170124;130000;5.68;5.73;5.605;5.675;68;0
iЧЗПСН ао;60;20170124;140000;5.68;5.695;5.6;5.69;54;0
iЧЗПСН ао;60;20170124;150000;5.605;5.64;5.57;5.57;79;0
iЧЗПСН ао;60;20170124;160000;5.565;5.635;5.52;5.635;48;0
iЧЗПСН ао;60;20170124;170000;5.585;5.585;5.465;5.465;156;0
iЧЗПСН ао;60;20170124;180000;5.54;5.64;5.475;5.6;38;0
iЧЗПСН ао;60;20170125;100000;5.675;5.725;5.555;5.555;35;0
iЧЗПСН ао;60;20170125;110000;5.555;5.605;5.47;5.605;75;0
iЧЗПСН ао;60;20170125;120000;5.6;5.635;5.505;5.515;20;0
iЧЗПСН ао;60;20170125;130000;5.505;5.56;5.375;5.52;83;0
iЧЗПСН ао;60;20170125;140000;5.4;5.435;5.4;5.435;13;0
iЧЗПСН ао;60;20170125;150000;5.445;5.495;5.4;5.41;33;0
iЧЗПСН ао;60;20170125;160000;5.42;5.42;5.385;5.395;13;0
iЧЗПСН ао;60;20170125;170000;5.43;5.575;5.43;5.555;32;0
iЧЗПСН ао;60;20170125;180000;5.56;5.56;5.425;5.53;15;0
iЧЗПСН ао;60;20170126;090000;5.35;5.35;5.35;5.35;1;0
iЧЗПСН ао;60;20170126;100000;5.58;5.58;5.4;5.46;74;0
iЧЗПСН ао;60;20170126;110000;5.555;5.555;5.38;5.4;48;0
iЧЗПСН ао;60;20170126;120000;5.39;5.465;5.36;5.37;46;0
iЧЗПСН ао;60;20170126;130000;5.44;6.09;5.44;5.795;555;0
iЧЗПСН ао;60;20170126;140000;5.725;5.77;5.62;5.66;76;0
iЧЗПСН ао;60;20170126;150000;5.66;5.7;5.625;5.635;18;0
iЧЗПСН ао;60;20170126;160000;5.645;5.645;5.51;5.565;118;0
iЧЗПСН ао;60;20170126;170000;5.565;5.62;5.545;5.6;35;0
iЧЗПСН ао;60;20170126;180000;5.595;5.81;5.595;5.715;135;0
iЧЗПСН ао;60;20170127;100000;5.71;5.865;5.68;5.68;26;0
iЧЗПСН ао;60;20170127;110000;5.835;5.835;5.61;5.61;17;0
iЧЗПСН ао;60;20170127;120000;5.625;5.735;5.625;5.735;8;0
iЧЗПСН ао;60;20170127;130000;5.625;5.685;5.62;5.63;20;0
iЧЗПСН ао;60;20170127;140000;5.65;5.65;5.62;5.62;10;0
iЧЗПСН ао;60;20170127;150000;5.635;5.835;5.635;5.72;57;0
iЧЗПСН ао;60;20170127;160000;5.655;5.72;5.65;5.66;24;0
iЧЗПСН ао;60;20170127;170000;5.655;5.66;5.62;5.62;39;0
iЧЗПСН ао;60;20170127;180000;5.62;5.73;5.62;5.635;14;0
iЧЗПСН ао;60;20170130;100000;5.61;5.645;5.41;5.6;53;0
iЧЗПСН ао;60;20170130;110000;5.62;5.62;5.545;5.545;11;0
iЧЗПСН ао;60;20170130;120000;5.595;5.595;5.595;5.595;1;0
iЧЗПСН ао;60;20170130;130000;5.545;5.545;5.545;5.545;1;0
iЧЗПСН ао;60;20170130;140000;5.55;5.58;5.55;5.58;7;0
iЧЗПСН ао;60;20170130;150000;5.585;5.585;5.555;5.585;19;0
iЧЗПСН ао;60;20170130;160000;5.555;5.56;5.555;5.56;3;0
iЧЗПСН ао;60;20170130;170000;5.55;5.55;5.5;5.5;21;0
iЧЗПСН ао;60;20170130;180000;5.5;5.565;5.47;5.565;25;0
iЧЗПСН ао;60;20170131;100000;5.44;5.615;5.425;5.52;46;0
iЧЗПСН ао;60;20170131;110000;5.52;5.52;5.5;5.5;14;0
iЧЗПСН ао;60;20170131;120000;5.5;5.5;5.5;5.5;6;0
iЧЗПСН ао;60;20170131;130000;5.55;5.55;5.55;5.55;7;0
iЧЗПСН ао;60;20170131;140000;5.535;5.61;5.535;5.61;21;0
iЧЗПСН ао;60;20170131;150000;5.545;5.545;5.545;5.545;1;0
iЧЗПСН ао;60;20170131;170000;5.595;5.595;5.505;5.58;19;0
iЧЗПСН ао;60;20170131;180000;5.56;5.6;5.55;5.55;10;0
iЧЗПСН ао;60;20170201;100000;5.52;5.53;5.5;5.5;12;0
iЧЗПСН ао;60;20170201;110000;5.52;5.62;5.52;5.62;14;0
iЧЗПСН ао;60;20170201;120000;5.6;6.71;5.58;6.29;987;0
iЧЗПСН ао;60;20170201;130000;6.33;7.19;6.24;6.9;1049;0
iЧЗПСН ао;60;20170201;140000;6.9;6.9;6.15;6.47;599;0
iЧЗПСН ао;60;20170201;150000;6.49;6.84;6.38;6.38;210;0
iЧЗПСН ао;60;20170201;160000;6.35;6.5;6.2;6.24;185;0
iЧЗПСН ао;60;20170201;170000;6.31;6.34;6.25;6.31;25;0
iЧЗПСН ао;60;20170201;180000;6.26;6.31;6.19;6.23;106;0
iЧЗПСН ао;60;20170202;090000;6.1;6.1;6.1;6.1;1;0
iЧЗПСН ао;60;20170202;100000;6.03;7.48;6.01;6.9;1060;0
iЧЗПСН ао;60;20170202;110000;6.9;6.98;6.57;6.86;305;0
iЧЗПСН ао;60;20170202;120000;6.82;6.85;6.72;6.73;33;0
iЧЗПСН ао;60;20170202;130000;6.72;6.79;6.71;6.75;39;0
iЧЗПСН ао;60;20170202;140000;6.85;6.85;6.7;6.75;50;0
iЧЗПСН ао;60;20170202;150000;6.7;6.75;6.7;6.75;3;0
iЧЗПСН ао;60;20170202;160000;6.76;6.77;6.7;6.71;18;0
iЧЗПСН ао;60;20170202;170000;6.7;6.7;6.5;6.69;104;0
iЧЗПСН ао;60;20170202;180000;6.68;6.68;6.37;6.48;72;0
iЧЗПСН ао;60;20170203;100000;6.73;6.98;6.29;6.3;215;0
iЧЗПСН ао;60;20170203;110000;6.31;6.49;6.29;6.29;35;0
iЧЗПСН ао;60;20170203;120000;6.25;6.39;6.25;6.28;19;0
iЧЗПСН ао;60;20170203;130000;6.31;6.32;6.28;6.29;20;0
iЧЗПСН ао;60;20170203;140000;6.28;6.39;6.26;6.27;19;0
iЧЗПСН ао;60;20170203;150000;6.27;6.39;6.27;6.39;22;0
iЧЗПСН ао;60;20170203;160000;6.28;6.55;6.28;6.42;60;0
iЧЗПСН ао;60;20170203;170000;6.5;6.61;6.47;6.5;94;0
iЧЗПСН ао;60;20170203;180000;6.49;6.6;6.49;6.59;17;0
iЧЗПСН ао;60;20170206;100000;6.55;7;4.73;5.84;21257;0
iЧЗПСН ао;60;20170206;110000;6.09;9.21;5.86;9;14006;0
iЧЗПСН ао;60;20170206;120000;9;9.21;8.9;9.21;868;0
iЧЗПСН ао;60;20170206;130000;9.21;9.21;9.21;9.21;34;0
iЧЗПСН ао;60;20170206;140000;9.21;9.21;9.21;9.21;129;0
iЧЗПСН ао;60;20170206;150000;9.21;9.21;9.21;9.21;152;0
iЧЗПСН ао;60;20170206;160000;9.21;9.21;9.19;9.21;67;0
iЧЗПСН ао;60;20170206;170000;9.21;9.21;9.21;9.21;2;0
iЧЗПСН ао;60;20170206;180000;9.21;9.21;9.21;9.21;35;0
iЧЗПСН ао;60;20170207;090000;10.12;10.12;10.12;10.12;36;0
iЧЗПСН ао;60;20170207;100000;10.13;12.7;9.34;11.34;1421;0
iЧЗПСН ао;60;20170207;110000;10.87;11.28;10.76;10.84;132;0
iЧЗПСН ао;60;20170207;120000;10.89;11;9.71;10.23;313;0
iЧЗПСН ао;60;20170207;130000;10.12;10.35;9.62;9.83;156;0
iЧЗПСН ао;60;20170207;140000;9.83;10.23;9.41;9.49;168;0
iЧЗПСН ао;60;20170207;150000;9.46;10.82;8.94;9.43;755;0
iЧЗПСН ао;60;20170207;160000;9.55;9.77;9.43;9.43;64;0
iЧЗПСН ао;60;20170207;170000;9.48;10.15;9.35;9.4;152;0
iЧЗПСН ао;60;20170207;180000;9.38;9.68;9.38;9.41;74;0
iЧЗПСН ао;60;20170208;090000;10.05;10.05;10.05;10.05;24;0
iЧЗПСН ао;60;20170208;100000;10.05;11.14;9.2;9.49;591;0
iЧЗПСН ао;60;20170208;110000;9.5;9.68;9.35;9.4;119;0
iЧЗПСН ао;60;20170208;120000;9.41;9.41;9.15;9.26;117;0
iЧЗПСН ао;60;20170208;130000;9.2;9.83;9.2;9.8;98;0
iЧЗПСН ао;60;20170208;140000;9.74;9.82;9.36;9.45;36;0
iЧЗПСН ао;60;20170208;150000;9.38;9.56;9.37;9.54;7;0
iЧЗПСН ао;60;20170208;160000;9.36;9.36;9.22;9.22;26;0
iЧЗПСН ао;60;20170208;180000;9.44;9.44;9.29;9.44;11;0
iЧЗПСН ао;60;20170209;090000;9.42;9.42;9.42;9.42;5;0
iЧЗПСН ао;60;20170209;100000;9.16;9.42;8.93;8.96;80;0
iЧЗПСН ао;60;20170209;110000;8.99;9.15;8.93;9.15;14;0
iЧЗПСН ао;60;20170209;120000;9.2;9.25;9.2;9.22;11;0
iЧЗПСН ао;60;20170209;130000;9.23;9.34;9.17;9.17;7;0
iЧЗПСН ао;60;20170209;140000;9.17;9.25;9.15;9.25;12;0
iЧЗПСН ао;60;20170209;150000;9.29;9.29;9.16;9.16;6;0
iЧЗПСН ао;60;20170209;160000;9.18;9.18;9.18;9.18;2;0
iЧЗПСН ао;60;20170209;170000;9.15;9.2;9.15;9.2;4;0
iЧЗПСН ао;60;20170209;180000;9.02;9.39;8.98;9.39;42;0
iЧЗПСН ао;60;20170210;100000;9.27;9.4;8.89;9.05;45;0
iЧЗПСН ао;60;20170210;110000;9.11;9.24;9.1;9.11;18;0
iЧЗПСН ао;60;20170210;120000;9.11;9.15;9.1;9.15;8;0
iЧЗПСН ао;60;20170210;130000;9.28;11.52;9.28;10.22;665;0
iЧЗПСН ао;60;20170210;140000;10.24;10.8;9.65;9.82;250;0
iЧЗПСН ао;60;20170210;150000;9.99;10.46;9.88;9.9;80;0
iЧЗПСН ао;60;20170210;160000;10.12;11.47;10.12;11.15;529;0
iЧЗПСН ао;60;20170210;170000;11.15;11.25;10.65;10.82;79;0
iЧЗПСН ао;60;20170210;180000;10.8;11;10.62;11;49;0
iЧЗПСН ао;60;20170213;100000;10.99;12.95;6.7;10.58;24067;0
iЧЗПСН ао;60;20170213;110000;10.56;12.38;10.3;10.91;2049;0
iЧЗПСН ао;60;20170213;120000;10.91;11.4;10.1;10.5;731;0
iЧЗПСН ао;60;20170213;130000;10.57;10.67;10.11;10.2;267;0
iЧЗПСН ао;60;20170213;140000;10.19;10.94;10.1;10.36;286;0
iЧЗПСН ао;60;20170213;150000;10.38;10.57;10.1;10.36;137;0
iЧЗПСН ао;60;20170213;160000;10.34;10.6;10.19;10.27;132;0
iЧЗПСН ао;60;20170213;170000;10.35;10.35;10.08;10.17;139;0
iЧЗПСН ао;60;20170213;180000;10.17;11.88;10.11;11.66;1051;0
iЧЗПСН ао;60;20170214;090000;11.8;11.8;11.8;11.8;6;0
iЧЗПСН ао;60;20170214;100000;11.98;12.3;10.82;10.94;122;0
iЧЗПСН ао;60;20170214;110000;10.97;12.5;10.8;11.91;1143;0
iЧЗПСН ао;60;20170214;120000;11.91;12.49;11.5;11.92;351;0
iЧЗПСН ао;60;20170214;130000;11.92;12.24;11.86;11.9;71;0
iЧЗПСН ао;60;20170214;140000;11.9;11.9;11.25;11.5;330;0
iЧЗПСН ао;60;20170214;150000;11.5;11.58;11.33;11.4;19;0
iЧЗПСН ао;60;20170214;160000;11.49;11.98;11.25;11.69;138;0
iЧЗПСН ао;60;20170214;170000;11.52;11.9;11.05;11.6;287;0
iЧЗПСН ао;60;20170214;180000;11.74;11.75;11.26;11.26;158;0
iЧЗПСН ао;60;20170215;090000;11.62;11.62;11.62;11.62;1;0
iЧЗПСН ао;60;20170215;100000;11.02;11.79;10.57;10.6;442;0
iЧЗПСН ао;60;20170215;110000;10.8;10.8;10;10.5;291;0
iЧЗПСН ао;60;20170215;120000;10.22;10.41;10.21;10.22;46;0
iЧЗПСН ао;60;20170215;130000;10.35;10.35;10.3;10.3;13;0
iЧЗПСН ао;60;20170215;140000;10.32;10.37;10.02;10.37;77;0
iЧЗПСН ао;60;20170215;150000;10.33;10.41;10.2;10.41;28;0
iЧЗПСН ао;60;20170215;160000;10.44;10.47;10.31;10.45;13;0
iЧЗПСН ао;60;20170215;170000;10.41;10.48;10.41;10.48;3;0
iЧЗПСН ао;60;20170215;180000;10.5;10.78;10.45;10.45;60;0
iЧЗПСН ао;60;20170216;100000;10.89;10.89;9.9;10.33;81;0
iЧЗПСН ао;60;20170216;110000;10.28;10.48;10.28;10.38;15;0
iЧЗПСН ао;60;20170216;120000;10.38;10.38;10.2;10.23;14;0
iЧЗПСН ао;60;20170216;130000;10.34;10.34;10.12;10.25;22;0
iЧЗПСН ао;60;20170216;140000;10.35;10.46;10.3;10.3;12;0
iЧЗПСН ао;60;20170216;150000;10.3;10.3;10.16;10.28;15;0
iЧЗПСН ао;60;20170216;160000;10.2;10.42;10.16;10.21;23;0
iЧЗПСН ао;60;20170216;170000;10.21;10.21;10;10.08;67;0
iЧЗПСН ао;60;20170216;180000;10.07;10.15;10.02;10.11;32;0
iЧЗПСН ао;60;20170217;100000;10;10.2;9.99;10.2;32;0
iЧЗПСН ао;60;20170217;110000;10.07;10.08;9.99;10;26;0
iЧЗПСН ао;60;20170217;120000;10.07;10.07;9.68;9.68;38;0
iЧЗПСН ао;60;20170217;130000;9.85;9.9;9.85;9.86;7;0
iЧЗПСН ао;60;20170217;140000;9.83;9.83;9.67;9.8;23;0
iЧЗПСН ао;60;20170217;150000;9.72;9.9;9.72;9.9;22;0
iЧЗПСН ао;60;20170217;170000;9.95;10.08;9.95;10.08;12;0
iЧЗПСН ао;60;20170217;180000;10.02;10.2;9.95;9.96;36;0
iЧЗПСН ао;60;20170220;100000;9.68;9.98;9.5;9.69;171;0
iЧЗПСН ао;60;20170220;110000;9.69;9.95;9.5;9.95;83;0
iЧЗПСН ао;60;20170220;120000;9.94;9.96;9.65;9.65;9;0
iЧЗПСН ао;60;20170220;130000;9.88;9.88;9.54;9.62;85;0
iЧЗПСН ао;60;20170220;140000;9.62;9.65;9.62;9.65;8;0
iЧЗПСН ао;60;20170220;150000;9.72;9.76;9.72;9.72;6;0
iЧЗПСН ао;60;20170220;160000;9.71;9.71;9.25;9.65;221;0
iЧЗПСН ао;60;20170220;170000;9.5;10.54;9.43;10.09;214;0
iЧЗПСН ао;60;20170220;180000;10.14;11.3;10.14;10.71;257;0
iЧЗПСН ао;60;20170221;100000;10.71;11.5;8.6;9.8;3239;0
iЧЗПСН ао;60;20170221;110000;9.75;9.98;9.41;9.55;179;0
iЧЗПСН ао;60;20170221;120000;9.55;11.2;7.61;9.99;18047;0
iЧЗПСН ао;60;20170221;130000;9.99;10.25;9.2;9.59;1016;0
iЧЗПСН ао;60;20170221;140000;9.49;9.86;9.29;9.59;666;0
iЧЗПСН ао;60;20170221;150000;9.65;9.74;9.5;9.65;73;0
iЧЗПСН ао;60;20170221;160000;9.56;9.77;9.35;9.77;174;0
iЧЗПСН ао;60;20170221;170000;9.8;10.1;9.38;9.68;246;0
iЧЗПСН ао;60;20170221;180000;9.51;9.65;9.2;9.21;658;0
iЧЗПСН ао;60;20170222;100000;9.26;9.33;8.75;9.2;309;0
iЧЗПСН ао;60;20170222;110000;9.2;9.26;9.06;9.06;23;0
iЧЗПСН ао;60;20170222;120000;9.06;9.1;8.84;8.91;264;0
iЧЗПСН ао;60;20170222;130000;8.91;9.02;8.82;9;115;0
iЧЗПСН ао;60;20170222;140000;8.9;8.95;8.73;8.9;115;0
iЧЗПСН ао;60;20170222;150000;8.83;8.85;8.5;8.69;174;0
iЧЗПСН ао;60;20170222;160000;8.69;9.27;8.65;9;113;0
iЧЗПСН ао;60;20170222;170000;8.93;9.07;8.88;8.88;33;0
iЧЗПСН ао;60;20170222;180000;8.88;8.97;8.71;8.8;113;0
iЧЗПСН ао;60;20170224;100000;8.74;8.74;8.56;8.61;9;0
iЧЗПСН ао;60;20170224;110000;8.62;8.74;8.3;8.74;50;0
iЧЗПСН ао;60;20170224;120000;8.62;8.74;8.53;8.53;23;0
iЧЗПСН ао;60;20170224;130000;8.51;8.7;8.51;8.61;18;0
iЧЗПСН ао;60;20170224;140000;8.66;8.67;8.54;8.54;10;0
iЧЗПСН ао;60;20170224;150000;8.46;8.73;8.46;8.64;13;0
iЧЗПСН ао;60;20170224;160000;8.57;8.57;8.55;8.55;6;0
iЧЗПСН ао;60;20170224;170000;8.67;8.67;8.6;8.6;15;0
iЧЗПСН ао;60;20170224;180000;8.54;8.74;8.46;8.74;62;0
iЧЗПСН ао;60;20170227;090000;8.87;8.87;8.87;8.87;1;0
iЧЗПСН ао;60;20170227;100000;8.86;8.87;8.52;8.52;43;0
iЧЗПСН ао;60;20170227;110000;8.52;8.52;8.35;8.39;28;0
iЧЗПСН ао;60;20170227;120000;8.38;8.39;8.27;8.39;52;0
iЧЗПСН ао;60;20170227;130000;8.31;8.31;8.17;8.27;28;0
iЧЗПСН ао;60;20170227;140000;8.21;8.25;8.15;8.18;11;0
iЧЗПСН ао;60;20170227;150000;8.16;8.24;8.15;8.24;11;0
iЧЗПСН ао;60;20170227;160000;8.25;8.61;8.25;8.35;81;0
iЧЗПСН ао;60;20170227;170000;8.48;8.49;8.28;8.28;28;0
iЧЗПСН ао;60;20170227;180000;8.17;8.28;7.94;7.96;280;0
iЧЗПСН ао;60;20170228;100000;8.2;8.2;7.25;7.3;246;0
iЧЗПСН ао;60;20170228;110000;7.4;7.67;7.27;7.44;132;0
iЧЗПСН ао;60;20170228;120000;7.6;7.6;7.45;7.5;27;0
iЧЗПСН ао;60;20170228;130000;7.45;7.45;7.25;7.38;104;0
iЧЗПСН ао;60;20170228;140000;7.39;7.5;7.25;7.25;73;0
iЧЗПСН ао;60;20170228;150000;7.24;7.4;7.24;7.3;6;0
iЧЗПСН ао;60;20170228;160000;7.3;7.36;7;7.32;101;0
iЧЗПСН ао;60;20170228;170000;7.27;7.48;7.12;7.26;101;0
iЧЗПСН ао;60;20170228;180000;7.26;7.34;7.2;7.29;59;0
iЧЗПСН ао;60;20170301;100000;7.16;7.38;7.06;7.26;42;0
iЧЗПСН ао;60;20170301;110000;7.3;8.8;7.3;7.91;841;0
iЧЗПСН ао;60;20170301;120000;7.99;8.38;7.93;8.28;125;0
iЧЗПСН ао;60;20170301;130000;8.28;8.76;8.11;8.42;433;0
iЧЗПСН ао;60;20170301;140000;8.43;8.43;8;8.11;255;0
iЧЗПСН ао;60;20170301;150000;8.19;8.35;8.06;8.3;69;0
iЧЗПСН ао;60;20170301;160000;8.33;8.37;8.23;8.23;22;0
iЧЗПСН ао;60;20170301;170000;8.23;8.5;8.22;8.3;139;0
iЧЗПСН ао;60;20170301;180000;8.26;8.32;8.1;8.1;142;0
iЧЗПСН ао;60;20170302;090000;8.56;8.56;8.56;8.56;1;0
iЧЗПСН ао;60;20170302;100000;8.47;8.47;8;8.12;78;0
iЧЗПСН ао;60;20170302;110000;8.1;8.5;7.91;8.37;131;0
iЧЗПСН ао;60;20170302;120000;8.48;8.69;8.04;8.14;255;0
iЧЗПСН ао;60;20170302;130000;8.13;8.29;8.12;8.12;51;0
iЧЗПСН ао;60;20170302;140000;8.12;8.2;8.04;8.2;137;0
iЧЗПСН ао;60;20170302;150000;8.13;8.14;8.04;8.1;200;0
iЧЗПСН ао;60;20170302;160000;8.06;8.06;7.53;7.75;411;0
iЧЗПСН ао;60;20170302;170000;7.71;8;7.71;7.74;86;0
iЧЗПСН ао;60;20170302;180000;7.81;7.81;7.55;7.62;56;0
iЧЗПСН ао;60;20170303;100000;7.68;7.78;7.25;7.5;33;0
iЧЗПСН ао;60;20170303;110000;7.67;7.98;7.67;7.78;125;0
iЧЗПСН ао;60;20170303;120000;7.78;7.78;7.6;7.6;16;0
iЧЗПСН ао;60;20170303;130000;7.53;7.8;7.45;7.5;99;0
iЧЗПСН ао;60;20170303;140000;7.47;7.58;7.47;7.54;33;0
iЧЗПСН ао;60;20170303;150000;7.55;7.55;7.35;7.36;72;0
iЧЗПСН ао;60;20170303;160000;7.36;7.55;7.35;7.36;68;0
iЧЗПСН ао;60;20170303;170000;7.35;7.44;7.17;7.38;198;0
iЧЗПСН ао;60;20170303;180000;7.25;7.4;7.22;7.25;52;0
iЧЗПСН ао;60;20170306;100000;7.12;7.61;7.12;7.37;87;0
iЧЗПСН ао;60;20170306;110000;7.35;8.1;7.3;7.88;208;0
iЧЗПСН ао;60;20170306;120000;7.71;7.71;7.46;7.57;83;0
iЧЗПСН ао;60;20170306;130000;7.59;7.6;7.32;7.39;93;0
iЧЗПСН ао;60;20170306;140000;7.4;7.64;7.4;7.5;15;0
iЧЗПСН ао;60;20170306;150000;7.48;7.6;7.35;7.35;26;0
iЧЗПСН ао;60;20170306;160000;7.35;7.5;7.35;7.48;15;0
iЧЗПСН ао;60;20170306;170000;7.38;7.41;7.11;7.41;107;0
iЧЗПСН ао;60;20170306;180000;7.33;7.33;7.31;7.31;2;0
iЧЗПСН ао;60;20170307;100000;7.26;7.29;7.21;7.29;21;0
iЧЗПСН ао;60;20170307;110000;7.22;7.45;7.14;7.21;42;0
iЧЗПСН ао;60;20170307;120000;7.15;7.2;7.07;7.14;56;0
iЧЗПСН ао;60;20170307;130000;7.2;7.2;7.06;7.06;51;0
iЧЗПСН ао;60;20170307;140000;7.2;7.22;7.02;7.07;62;0
iЧЗПСН ао;60;20170307;150000;7.08;7.17;7.04;7.14;9;0
iЧЗПСН ао;60;20170307;170000;7.08;7.16;7.08;7.14;8;0
iЧЗПСН ао;60;20170307;180000;7.08;7.15;7.07;7.08;12;0
iЧЗПСН ао;60;20170309;100000;7.25;7.26;7.02;7.14;26;0
iЧЗПСН ао;60;20170309;110000;7.06;7.13;7;7;37;0
iЧЗПСН ао;60;20170309;120000;7.02;7.02;6.6;6.69;181;0
iЧЗПСН ао;60;20170309;130000;6.69;6.82;6.61;6.66;91;0
iЧЗПСН ао;60;20170309;140000;6.7;6.84;6.7;6.76;39;0
iЧЗПСН ао;60;20170309;150000;6.71;6.71;6.51;6.62;76;0
iЧЗПСН ао;60;20170309;160000;6.55;6.58;6.5;6.56;56;0
iЧЗПСН ао;60;20170309;170000;6.53;6.73;6.53;6.7;34;0
iЧЗПСН ао;60;20170309;180000;6.68;6.68;6.51;6.51;6;0
iЧЗПСН ао;60;20170310;100000;6.51;6.65;6.3;6.52;68;0
iЧЗПСН ао;60;20170310;110000;6.51;6.52;6.38;6.49;16;0
iЧЗПСН ао;60;20170310;120000;6.49;6.5;6.4;6.4;9;0
iЧЗПСН ао;60;20170310;130000;6.42;6.48;6.42;6.48;5;0
iЧЗПСН ао;60;20170310;140000;6.4;6.49;6.4;6.49;6;0
iЧЗПСН ао;60;20170310;160000;6.45;6.45;6.39;6.4;19;0
iЧЗПСН ао;60;20170310;170000;6.38;6.51;6.38;6.51;24;0
iЧЗПСН ао;60;20170310;180000;6.44;6.67;6.4;6.47;52;0
iЧЗПСН ао;60;20170313;090000;6.53;6.53;6.53;6.53;2;0
iЧЗПСН ао;60;20170313;100000;6.4;6.41;6.24;6.34;26;0
iЧЗПСН ао;60;20170313;110000;6.36;6.43;6.27;6.31;19;0
iЧЗПСН ао;60;20170313;120000;6.42;6.42;6.3;6.3;6;0
iЧЗПСН ао;60;20170313;130000;6.35;6.39;6.35;6.38;3;0
iЧЗПСН ао;60;20170313;140000;6.33;6.45;6.33;6.41;19;0
iЧЗПСН ао;60;20170313;150000;6.38;7.8;6.26;7.31;204;0
iЧЗПСН ао;60;20170313;160000;7.21;7.64;6.87;7.5;397;0
iЧЗПСН ао;60;20170313;170000;7.44;7.44;7.05;7.24;207;0
iЧЗПСН ао;60;20170313;180000;7.23;7.26;7.07;7.11;48;0
iЧЗПСН ао;60;20170314;100000;7.17;7.2;7;7.06;42;0
iЧЗПСН ао;60;20170314;110000;7.09;7.2;6.9;7.2;44;0
iЧЗПСН ао;60;20170314;120000;7.2;7.21;6.9;6.9;259;0
iЧЗПСН ао;60;20170314;130000;6.9;6.96;6.82;6.95;83;0
iЧЗПСН ао;60;20170314;140000;6.95;7;6.87;6.9;57;0
iЧЗПСН ао;60;20170314;150000;6.88;6.91;6.81;6.82;18;0
iЧЗПСН ао;60;20170314;160000;6.82;6.86;6.8;6.8;19;0
iЧЗПСН ао;60;20170314;170000;6.8;6.8;6.76;6.76;15;0
iЧЗПСН ао;60;20170314;180000;6.8;6.85;6.76;6.76;26;0
iЧЗПСН ао;60;20170315;100000;6.87;7.39;6.77;7;184;0
iЧЗПСН ао;60;20170315;110000;7.07;7.27;6.98;7.04;136;0
iЧЗПСН ао;60;20170315;120000;7.16;7.24;7.16;7.2;29;0
iЧЗПСН ао;60;20170315;130000;7.18;7.18;7;7.03;54;0
iЧЗПСН ао;60;20170315;140000;7.02;7.15;6.86;7.1;134;0
iЧЗПСН ао;60;20170315;150000;7.07;7.09;7;7;16;0
iЧЗПСН ао;60;20170315;160000;7;7.13;6.99;7.03;31;0
iЧЗПСН ао;60;20170315;170000;7.03;7.03;6.9;6.97;40;0
iЧЗПСН ао;60;20170315;180000;6.94;6.98;6.91;6.91;24;0
iЧЗПСН ао;60;20170316;090000;7.14;7.14;7.14;7.14;1;0
iЧЗПСН ао;60;20170316;100000;7.02;7.27;7.02;7.1;45;0
iЧЗПСН ао;60;20170316;110000;7.15;7.15;7.04;7.11;16;0
iЧЗПСН ао;60;20170316;120000;7.1;7.15;7.09;7.11;8;0
iЧЗПСН ао;60;20170316;130000;7.12;7.47;7.05;7.17;186;0
iЧЗПСН ао;60;20170316;140000;7.17;7.18;7.06;7.13;56;0
iЧЗПСН ао;60;20170316;150000;7.14;7.15;7.06;7.06;36;0
iЧЗПСН ао;60;20170316;160000;7.06;7.06;7;7;34;0
iЧЗПСН ао;60;20170316;170000;7.02;7.07;6.8;6.83;188;0
iЧЗПСН ао;60;20170316;180000;6.85;6.93;6.71;6.89;129;0
iЧЗПСН ао;60;20170317;100000;6.9;7;6.6;6.62;357;0
iЧЗПСН ао;60;20170317;110000;6.62;6.76;6.61;6.74;115;0
iЧЗПСН ао;60;20170317;120000;6.74;6.82;6.56;6.65;256;0
iЧЗПСН ао;60;20170317;130000;6.64;6.65;6.61;6.61;28;0
iЧЗПСН ао;60;20170317;140000;6.61;6.64;6.54;6.59;55;0
iЧЗПСН ао;60;20170317;150000;6.6;6.66;6.59;6.61;47;0
iЧЗПСН ао;60;20170317;160000;6.65;6.75;6.64;6.72;45;0
iЧЗПСН ао;60;20170317;170000;6.7;6.7;6.65;6.7;18;0
iЧЗПСН ао;60;20170317;180000;6.63;6.7;6.62;6.7;27;0
iЧЗПСН ао;60;20170320;100000;6.76;6.76;6.65;6.66;27;0
iЧЗПСН ао;60;20170320;110000;6.74;6.95;6.7;6.7;101;0
iЧЗПСН ао;60;20170320;120000;6.82;6.84;6.68;6.79;28;0
iЧЗПСН ао;60;20170320;130000;6.77;6.77;6.68;6.68;7;0
iЧЗПСН ао;60;20170320;140000;6.7;6.76;6.7;6.76;2;0
iЧЗПСН ао;60;20170320;150000;6.69;6.71;6.69;6.71;6;0
iЧЗПСН ао;60;20170320;160000;6.71;6.71;6.71;6.71;1;0
iЧЗПСН ао;60;20170320;170000;6.74;6.74;6.74;6.74;1;0
iЧЗПСН ао;60;20170320;180000;6.74;6.74;6.65;6.66;18;0
iЧЗПСН ао;60;20170321;100000;6.75;6.87;6.69;6.72;74;0
iЧЗПСН ао;60;20170321;110000;6.8;6.83;6.75;6.76;33;0
iЧЗПСН ао;60;20170321;120000;6.79;6.8;6.77;6.77;8;0
iЧЗПСН ао;60;20170321;130000;6.73;6.77;6.7;6.75;12;0
iЧЗПСН ао;60;20170321;140000;6.72;6.72;6.64;6.64;41;0
iЧЗПСН ао;60;20170321;150000;6.64;6.67;6.57;6.58;23;0
iЧЗПСН ао;60;20170321;160000;6.58;6.68;6.57;6.68;29;0
iЧЗПСН ао;60;20170321;170000;6.69;6.71;6.66;6.66;29;0
iЧЗПСН ао;60;20170321;180000;6.68;6.71;6.59;6.69;50;0
iЧЗПСН ао;60;20170322;100000;6.62;6.62;6.59;6.59;11;0
iЧЗПСН ао;60;20170322;110000;6.58;6.65;6.56;6.57;22;0
iЧЗПСН ао;60;20170322;120000;6.59;6.59;6.5;6.5;19;0
iЧЗПСН ао;60;20170322;130000;6.5;6.55;6.46;6.46;13;0
iЧЗПСН ао;60;20170322;140000;6.47;6.57;6.46;6.57;22;0
iЧЗПСН ао;60;20170322;150000;6.46;6.62;6.46;6.61;45;0
iЧЗПСН ао;60;20170322;160000;6.6;6.6;6.52;6.59;5;0
iЧЗПСН ао;60;20170322;170000;6.56;6.56;6.55;6.55;16;0
iЧЗПСН ао;60;20170322;180000;6.53;6.58;6.5;6.58;22;0
iЧЗПСН ао;60;20170323;100000;6.62;6.68;6.59;6.59;42;0
iЧЗПСН ао;60;20170323;110000;6.59;6.62;6.58;6.61;18;0
iЧЗПСН ао;60;20170323;140000;6.56;6.61;6.52;6.61;6;0
iЧЗПСН ао;60;20170323;160000;6.54;6.54;6.4;6.4;61;0
iЧЗПСН ао;60;20170323;170000;6.5;6.51;6.42;6.42;23;0
iЧЗПСН ао;60;20170323;180000;6.42;6.42;6.42;6.42;5;0
iЧЗПСН ао;60;20170324;100000;6.51;6.51;6.4;6.4;25;0
iЧЗПСН ао;60;20170324;110000;6.4;6.6;6.1;6.4;162;0
iЧЗПСН ао;60;20170324;120000;6.5;6.54;6.31;6.37;37;0
iЧЗПСН ао;60;20170324;130000;6.37;6.43;6.33;6.34;23;0
iЧЗПСН ао;60;20170324;140000;6.34;6.34;6.21;6.31;61;0
iЧЗПСН ао;60;20170324;150000;6.28;6.29;6.25;6.25;9;0
iЧЗПСН ао;60;20170324;160000;6.3;6.38;6.3;6.31;22;0
iЧЗПСН ао;60;20170324;170000;6.37;6.37;6.31;6.31;4;0
iЧЗПСН ао;60;20170324;180000;6.31;6.35;6.26;6.26;37;0
iЧЗПСН ао;60;20170327;100000;6.3;6.36;6.1;6.13;67;0
iЧЗПСН ао;60;20170327;110000;6.12;6.15;6.1;6.13;34;0
iЧЗПСН ао;60;20170327;120000;6.12;6.17;6.12;6.15;41;0
iЧЗПСН ао;60;20170327;130000;6.15;6.15;6.09;6.1;55;0
iЧЗПСН ао;60;20170327;140000;6.1;6.14;6.1;6.14;40;0
iЧЗПСН ао;60;20170327;150000;6.14;6.2;6.14;6.2;4;0
iЧЗПСН ао;60;20170327;160000;6.15;6.15;6.11;6.12;20;0
iЧЗПСН ао;60;20170327;170000;6.12;6.18;6.05;6.05;63;0
iЧЗПСН ао;60;20170327;180000;6.05;6.09;6;6;60;0
iЧЗПСН ао;60;20170328;100000;6;6.08;5.61;5.84;171;0
iЧЗПСН ао;60;20170328;110000;5.72;5.79;5.7;5.78;14;0
iЧЗПСН ао;60;20170328;120000;5.78;5.89;5.77;5.77;41;0
iЧЗПСН ао;60;20170328;130000;5.78;5.81;5.73;5.73;46;0
iЧЗПСН ао;60;20170328;140000;5.72;5.86;5.68;5.73;72;0
iЧЗПСН ао;60;20170328;150000;5.73;5.73;5.71;5.71;19;0
iЧЗПСН ао;60;20170328;160000;5.67;5.67;5.65;5.65;12;0
iЧЗПСН ао;60;20170328;170000;5.65;5.65;5.61;5.62;50;0
iЧЗПСН ао;60;20170328;180000;5.65;6.79;5.61;6.69;851;0
iЧЗПСН ао;60;20170329;100000;6.52;6.89;6.35;6.78;228;0
iЧЗПСН ао;60;20170329;110000;6.68;6.78;6.59;6.59;20;0
iЧЗПСН ао;60;20170329;120000;6.57;7.34;5.65;6.54;1875;0
iЧЗПСН ао;60;20170329;130000;6.54;6.7;6.27;6.45;194;0
iЧЗПСН ао;60;20170329;140000;6.52;6.53;6.4;6.42;26;0
iЧЗПСН ао;60;20170329;150000;6.39;6.48;6.39;6.45;10;0
iЧЗПСН ао;60;20170329;160000;6.41;6.78;6.4;6.54;80;0
iЧЗПСН ао;60;20170329;170000;6.57;6.64;6.4;6.55;35;0
iЧЗПСН ао;60;20170329;180000;6.55;7;6.47;6.59;183;0
iЧЗПСН ао;60;20170330;100000;6.82;7.29;6.51;6.8;342;0
iЧЗПСН ао;60;20170330;110000;6.8;6.86;6.61;6.86;53;0
iЧЗПСН ао;60;20170330;120000;6.89;7.19;6.89;7.04;152;0
iЧЗПСН ао;60;20170330;130000;7;7.28;6.96;7.26;188;0
iЧЗПСН ао;60;20170330;140000;7.19;7.3;7.07;7.07;104;0
iЧЗПСН ао;60;20170330;150000;7.05;7.05;6.8;7.01;68;0
iЧЗПСН ао;60;20170330;160000;6.95;7.02;6.88;6.92;25;0
iЧЗПСН ао;60;20170330;170000;6.99;7.1;6.95;6.98;38;0
iЧЗПСН ао;60;20170330;180000;7.06;7.17;7;7.04;97;0
iЧЗПСН ао;60;20170331;090000;7.2;7.2;7.2;7.2;6;0
iЧЗПСН ао;60;20170331;100000;7.25;7.25;6.84;6.84;47;0
iЧЗПСН ао;60;20170331;110000;6.84;6.97;6.61;6.71;111;0
iЧЗПСН ао;60;20170331;120000;6.73;6.83;6.69;6.79;23;0
iЧЗПСН ао;60;20170331;130000;6.77;6.84;6.74;6.84;32;0
iЧЗПСН ао;60;20170331;140000;6.78;6.85;6.68;6.75;91;0
iЧЗПСН ао;60;20170331;150000;6.75;6.75;6.67;6.67;15;0
iЧЗПСН ао;60;20170331;160000;6.67;6.73;6.63;6.63;57;0
iЧЗПСН ао;60;20170331;170000;6.65;6.66;6.41;6.55;245;0
iЧЗПСН ао;60;20170331;180000;6.57;6.72;6.44;6.5;70;0
iЧЗПСН ао;60;20170403;100000;6.42;6.62;6.36;6.45;110;0
iЧЗПСН ао;60;20170403;110000;6.44;6.48;6.35;6.46;24;0
iЧЗПСН ао;60;20170403;120000;6.37;6.38;6.37;6.38;3;0
iЧЗПСН ао;60;20170403;130000;6.38;6.44;6.37;6.4;24;0
iЧЗПСН ао;60;20170403;140000;6.4;6.4;6.4;6.4;10;0
iЧЗПСН ао;60;20170403;150000;6.37;6.4;6.31;6.33;62;0
iЧЗПСН ао;60;20170403;160000;6.38;6.38;6.36;6.37;8;0
iЧЗПСН ао;60;20170403;170000;6.32;6.32;6.31;6.31;19;0
iЧЗПСН ао;60;20170403;180000;6.31;6.39;6.3;6.39;15;0
iЧЗПСН ао;60;20170404;100000;6.52;6.52;6.34;6.42;10;0
iЧЗПСН ао;60;20170404;110000;6.35;6.35;6.32;6.32;12;0
iЧЗПСН ао;60;20170404;120000;6.37;6.39;6.35;6.35;5;0
iЧЗПСН ао;60;20170404;130000;6.35;6.8;6.35;6.38;246;0
iЧЗПСН ао;60;20170404;140000;6.46;6.46;6.39;6.39;18;0
iЧЗПСН ао;60;20170404;150000;6.44;6.5;6.32;6.5;91;0
iЧЗПСН ао;60;20170404;160000;6.44;6.51;6.34;6.44;157;0
iЧЗПСН ао;60;20170404;170000;6.41;6.41;6.32;6.41;61;0
iЧЗПСН ао;60;20170404;180000;6.4;6.45;6.34;6.45;50;0
iЧЗПСН ао;60;20170405;090000;6.45;6.45;6.45;6.45;1;0
iЧЗПСН ао;60;20170405;100000;6.41;6.44;6.38;6.38;18;0
iЧЗПСН ао;60;20170405;110000;6.39;6.39;6.22;6.33;82;0
iЧЗПСН ао;60;20170405;120000;6.35;6.38;6.31;6.31;15;0
iЧЗПСН ао;60;20170405;130000;6.31;6.35;6.26;6.35;31;0
iЧЗПСН ао;60;20170405;140000;6.35;6.37;6.26;6.37;13;0
iЧЗПСН ао;60;20170405;150000;6.37;6.41;6.28;6.29;13;0
iЧЗПСН ао;60;20170405;160000;6.35;6.36;6.26;6.27;7;0
iЧЗПСН ао;60;20170405;170000;6.27;6.27;6.27;6.27;2;0
iЧЗПСН ао;60;20170405;180000;6.27;6.28;6.26;6.28;7;0
iЧЗПСН ао;60;20170406;100000;6.3;6.3;6.2;6.26;66;0
iЧЗПСН ао;60;20170406;110000;6.21;6.21;6.2;6.2;7;0
iЧЗПСН ао;60;20170406;120000;6.21;6.31;6.2;6.25;11;0
iЧЗПСН ао;60;20170406;130000;6.21;6.24;6.2;6.24;15;0
iЧЗПСН ао;60;20170406;140000;6.22;6.22;6.17;6.22;25;0
iЧЗПСН ао;60;20170406;150000;6.21;6.21;6.19;6.19;2;0
iЧЗПСН ао;60;20170406;160000;6.17;6.22;6.1;6.17;33;0
iЧЗПСН ао;60;20170406;170000;6.17;6.17;6.08;6.13;26;0
iЧЗПСН ао;60;20170406;180000;6.09;6.21;6.08;6.21;5;0
iЧЗПСН ао;60;20170407;100000;6.27;6.27;6.05;6.14;20;0
iЧЗПСН ао;60;20170407;110000;6.18;6.2;6.12;6.2;21;0
iЧЗПСН ао;60;20170407;120000;6.12;6.15;6.06;6.06;24;0
iЧЗПСН ао;60;20170407;130000;6.15;6.17;6.12;6.13;26;0
iЧЗПСН ао;60;20170407;140000;6.15;6.19;6.14;6.19;15;0
iЧЗПСН ао;60;20170407;150000;6.12;6.15;6;6;84;0
iЧЗПСН ао;60;20170407;160000;6.02;6.1;6;6.06;45;0
iЧЗПСН ао;60;20170407;170000;6.01;6.01;5.94;6;79;0
iЧЗПСН ао;60;20170407;180000;6;6.09;5.99;6.09;15;0
iЧЗПСН ао;60;20170410;100000;5.81;6.3;5.81;6.21;86;0
iЧЗПСН ао;60;20170410;110000;6.2;6.2;6.04;6.18;33;0
iЧЗПСН ао;60;20170410;120000;6.04;6.04;6;6;33;0
iЧЗПСН ао;60;20170410;130000;5.94;6.07;5.85;6.06;37;0
iЧЗПСН ао;60;20170410;140000;6.03;6.04;5.99;5.99;7;0
iЧЗПСН ао;60;20170410;150000;6;6.01;6;6.01;2;0
iЧЗПСН ао;60;20170410;160000;6.01;6.01;5.92;6;3;0
iЧЗПСН ао;60;20170410;170000;5.99;6.01;5.92;5.92;18;0
iЧЗПСН ао;60;20170410;180000;6;6.01;6;6.01;2;0
iЧЗПСН ао;60;20170411;100000;6.23;6.24;5.99;6.02;12;0
iЧЗПСН ао;60;20170411;110000;6.02;6.09;5.99;6.09;6;0
iЧЗПСН ао;60;20170411;120000;6.08;6.09;6.08;6.09;2;0
iЧЗПСН ао;60;20170411;130000;6.01;6.08;5.97;5.97;10;0
iЧЗПСН ао;60;20170411;140000;6.01;6.04;5.99;6.04;9;0
iЧЗПСН ао;60;20170411;150000;6.04;6.09;6.04;6.09;21;0
iЧЗПСН ао;60;20170411;160000;6.01;6.01;5.99;5.99;16;0
iЧЗПСН ао;60;20170411;170000;5.97;6.02;5.95;5.95;10;0
iЧЗПСН ао;60;20170411;180000;5.96;5.99;5.9;5.9;24;0
iЧЗПСН ао;60;20170412;100000;6.14;6.14;5.92;5.92;10;0
iЧЗПСН ао;60;20170412;110000;5.92;5.95;5.92;5.94;10;0
iЧЗПСН ао;60;20170412;120000;5.94;5.95;5.88;5.94;18;0
iЧЗПСН ао;60;20170412;130000;5.93;5.97;5.93;5.97;8;0
iЧЗПСН ао;60;20170412;140000;5.9;5.9;5.86;5.86;15;0
iЧЗПСН ао;60;20170412;150000;5.9;5.93;5.87;5.93;11;0
iЧЗПСН ао;60;20170412;160000;5.86;5.89;5.83;5.89;15;0
iЧЗПСН ао;60;20170412;170000;5.9;5.9;5.82;5.85;6;0
iЧЗПСН ао;60;20170412;180000;5.88;5.92;5.88;5.92;11;0
iЧЗПСН ао;60;20170413;100000;5.92;5.94;5.92;5.94;3;0
iЧЗПСН ао;60;20170413;110000;5.94;6;5.92;5.92;11;0
iЧЗПСН ао;60;20170413;120000;5.92;5.92;5.92;5.92;5;0
iЧЗПСН ао;60;20170413;130000;5.92;5.92;5.92;5.92;1;0
iЧЗПСН ао;60;20170413;140000;5.93;5.93;5.93;5.93;1;0
iЧЗПСН ао;60;20170413;150000;5.92;5.92;5.92;5.92;1;0
iЧЗПСН ао;60;20170413;160000;5.86;5.86;5.86;5.86;2;0
iЧЗПСН ао;60;20170413;170000;5.84;5.84;5.82;5.82;5;0
iЧЗПСН ао;60;20170413;180000;5.81;5.85;5.81;5.85;14;0
iЧЗПСН ао;60;20170414;100000;5.85;5.93;5.73;5.93;15;0
iЧЗПСН ао;60;20170414;120000;5.8;5.83;5.8;5.83;3;0
iЧЗПСН ао;60;20170414;130000;5.89;5.89;5.81;5.82;5;0
iЧЗПСН ао;60;20170414;140000;5.81;5.81;5.8;5.81;9;0
iЧЗПСН ао;60;20170414;150000;5.86;5.86;5.86;5.86;1;0
iЧЗПСН ао;60;20170414;160000;5.8;5.8;5.76;5.76;6;0
iЧЗПСН ао;60;20170414;170000;5.8;5.8;5.79;5.79;4;0
iЧЗПСН ао;60;20170414;180000;5.79;5.79;5.79;5.79;1;0
iЧЗПСН ао;60;20170417;100000;5.74;6.28;5.66;5.89;61;0
iЧЗПСН ао;60;20170417;110000;5.88;5.88;5.73;5.73;13;0
iЧЗПСН ао;60;20170417;120000;5.77;5.79;5.65;5.7;87;0
iЧЗПСН ао;60;20170417;130000;5.66;5.66;5.38;5.6;156;0
iЧЗПСН ао;60;20170417;140000;5.59;5.62;5.5;5.58;120;0
iЧЗПСН ао;60;20170417;150000;5.56;5.56;4.98;5.19;3032;0
iЧЗПСН ао;60;20170417;160000;5.19;5.32;5.17;5.27;205;0
iЧЗПСН ао;60;20170417;170000;5.27;5.7;4.97;5.5;3265;0
iЧЗПСН ао;60;20170417;180000;5.41;5.54;5.3;5.34;481;0
iЧЗПСН ао;60;20170418;100000;5.29;5.39;5.15;5.28;170;0
iЧЗПСН ао;60;20170418;110000;5.2;5.21;5.15;5.15;57;0
iЧЗПСН ао;60;20170418;120000;5.15;5.16;5.07;5.09;74;0
iЧЗПСН ао;60;20170418;130000;5.09;5.22;5.09;5.22;41;0
iЧЗПСН ао;60;20170418;140000;5.14;5.14;5.12;5.12;24;0
iЧЗПСН ао;60;20170418;150000;5.12;5.15;5.1;5.1;44;0
iЧЗПСН ао;60;20170418;160000;5.1;5.17;5.08;5.13;28;0
iЧЗПСН ао;60;20170418;170000;5.14;5.14;5.12;5.12;6;0
iЧЗПСН ао;60;20170418;180000;5.13;5.13;5.06;5.09;49;0
iЧЗПСН ао;60;20170419;100000;5.18;5.18;4.9;5.11;198;0
iЧЗПСН ао;60;20170419;110000;5.12;5.17;5.11;5.14;18;0
iЧЗПСН ао;60;20170419;120000;5.1;5.12;5.08;5.12;11;0
iЧЗПСН ао;60;20170419;130000;5.08;5.08;5;5;27;0
iЧЗПСН ао;60;20170419;140000;5.02;5.02;4.68;4.79;681;0
iЧЗПСН ао;60;20170419;150000;4.82;4.85;4.74;4.82;61;0
iЧЗПСН ао;60;20170419;160000;4.82;4.95;4.76;4.87;115;0
iЧЗПСН ао;60;20170419;170000;4.9;4.9;4.82;4.84;32;0
iЧЗПСН ао;60;20170419;180000;4.82;4.83;4.68;4.68;116;0
iЧЗПСН ао;60;20170420;100000;4.7;4.7;4.51;4.58;171;0
iЧЗПСН ао;60;20170420;110000;4.53;4.87;4.52;4.73;185;0
iЧЗПСН ао;60;20170420;120000;4.73;4.73;4.61;4.62;8;0
iЧЗПСН ао;60;20170420;130000;4.61;4.61;4.55;4.55;15;0
iЧЗПСН ао;60;20170420;140000;4.56;4.56;4.37;4.46;213;0
iЧЗПСН ао;60;20170420;150000;4.46;4.73;4.43;4.51;209;0
iЧЗПСН ао;60;20170420;160000;4.51;4.51;4.4;4.48;85;0
iЧЗПСН ао;60;20170420;170000;4.4;4.5;4.37;4.46;98;0
iЧЗПСН ао;60;20170420;180000;4.43;4.43;3.9;3.96;3628;0
iЧЗПСН ао;60;20170421;090000;3.99;3.99;3.99;3.99;5;0
iЧЗПСН ао;60;20170421;100000;3.96;4.28;3.65;3.98;1097;0
iЧЗПСН ао;60;20170421;110000;3.95;4.05;3.9;3.96;635;0
iЧЗПСН ао;60;20170421;120000;3.93;4.23;3.88;4.15;394;0
iЧЗПСН ао;60;20170421;130000;4.15;5.59;4.08;4.77;2405;0
iЧЗПСН ао;60;20170421;140000;4.8;4.96;4.7;4.9;353;0
iЧЗПСН ао;60;20170421;150000;4.9;5.25;4.77;4.99;1029;0
iЧЗПСН ао;60;20170421;160000;5;5.07;4.83;5.02;296;0
iЧЗПСН ао;60;20170421;170000;5.02;5.04;4.84;4.94;140;0
iЧЗПСН ао;60;20170421;180000;4.93;5.13;4.93;4.98;363;0
iЧЗПСН ао;60;20170424;090000;5.11;5.11;5.11;5.11;2;0
iЧЗПСН ао;60;20170424;100000;5.12;5.73;5.01;5.43;1087;0
iЧЗПСН ао;60;20170424;110000;5.47;5.7;5.4;5.55;701;0
iЧЗПСН ао;60;20170424;120000;5.48;5.71;5.47;5.6;160;0
iЧЗПСН ао;60;20170424;130000;5.59;5.59;5.34;5.37;136;0
iЧЗПСН ао;60;20170424;140000;5.36;5.47;5.31;5.39;116;0
iЧЗПСН ао;60;20170424;150000;5.39;5.45;5.2;5.2;117;0
iЧЗПСН ао;60;20170424;160000;5.24;5.28;5.06;5.26;230;0
iЧЗПСН ао;60;20170424;170000;5.27;5.28;5.04;5.08;177;0
iЧЗПСН ао;60;20170424;180000;5.08;5.28;5.07;5.07;204;0
iЧЗПСН ао;60;20170425;100000;5.21;5.24;4.7;4.89;391;0
iЧЗПСН ао;60;20170425;110000;4.9;5.03;4.89;4.98;45;0
iЧЗПСН ао;60;20170425;120000;4.98;5.08;4.98;5.04;60;0
iЧЗПСН ао;60;20170425;130000;5.03;5.06;4.9;4.9;65;0
iЧЗПСН ао;60;20170425;140000;4.92;4.98;4.92;4.93;21;0
iЧЗПСН ао;60;20170425;150000;4.99;4.99;4.88;4.92;22;0
iЧЗПСН ао;60;20170425;160000;4.92;4.93;4.85;4.88;41;0
iЧЗПСН ао;60;20170425;170000;4.88;4.91;4.81;4.84;65;0
iЧЗПСН ао;60;20170425;180000;4.83;4.87;4.71;4.8;134;0
iЧЗПСН ао;60;20170426;100000;4.82;4.99;4.62;4.9;337;0
iЧЗПСН ао;60;20170426;110000;4.9;4.9;4.69;4.79;166;0
iЧЗПСН ао;60;20170426;120000;4.79;4.84;4.78;4.78;17;0
iЧЗПСН ао;60;20170426;130000;4.74;4.78;4.65;4.71;80;0
iЧЗПСН ао;60;20170426;140000;4.74;4.77;4.6;4.69;159;0
iЧЗПСН ао;60;20170426;150000;4.65;4.7;4.65;4.7;33;0
iЧЗПСН ао;60;20170426;160000;4.7;4.79;4.7;4.7;73;0
iЧЗПСН ао;60;20170426;170000;4.7;4.74;4.63;4.7;37;0
iЧЗПСН ао;60;20170426;180000;4.71;4.75;4.65;4.73;29;0
iЧЗПСН ао;60;20170427;100000;4.8;4.81;4.62;4.66;19;0
iЧЗПСН ао;60;20170427;110000;4.66;4.77;4.61;4.65;40;0
iЧЗПСН ао;60;20170427;120000;4.65;4.7;4.65;4.7;51;0
iЧЗПСН ао;60;20170427;130000;4.7;4.7;4.61;4.63;45;0
iЧЗПСН ао;60;20170427;140000;4.64;4.66;4.6;4.64;25;0
iЧЗПСН ао;60;20170427;150000;4.59;4.65;4.58;4.65;16;0
iЧЗПСН ао;60;20170427;160000;4.66;4.66;4.6;4.6;8;0
iЧЗПСН ао;60;20170427;170000;4.61;4.61;4.54;4.55;19;0
iЧЗПСН ао;60;20170427;180000;4.57;4.63;4.57;4.63;2;0
iЧЗПСН ао;60;20170428;100000;4.76;4.78;4.62;4.62;61;0
iЧЗПСН ао;60;20170428;110000;4.62;4.78;4.61;4.78;49;0
iЧЗПСН ао;60;20170428;120000;4.78;4.84;4.69;4.8;86;0
iЧЗПСН ао;60;20170428;130000;4.8;4.81;4.64;4.73;74;0
iЧЗПСН ао;60;20170428;140000;4.74;4.79;4.62;4.7;56;0
iЧЗПСН ао;60;20170428;150000;4.69;4.7;4.69;4.7;25;0
iЧЗПСН ао;60;20170428;160000;4.68;4.7;4.68;4.7;7;0
iЧЗПСН ао;60;20170428;170000;4.72;4.79;4.72;4.79;52;0
iЧЗПСН ао;60;20170428;180000;4.78;4.79;4.65;4.65;37;0
iЧЗПСН ао;60;20170502;100000;4.9;4.91;4.75;4.83;26;0
iЧЗПСН ао;60;20170502;110000;4.83;4.85;4.71;4.72;35;0
iЧЗПСН ао;60;20170502;120000;4.73;4.73;4.63;4.72;49;0
iЧЗПСН ао;60;20170502;130000;4.66;4.7;4.66;4.66;6;0
iЧЗПСН ао;60;20170502;140000;4.7;4.7;4.66;4.66;4;0
iЧЗПСН ао;60;20170502;150000;4.66;4.72;4.64;4.72;76;0
iЧЗПСН ао;60;20170502;160000;4.67;4.67;4.67;4.67;1;0
iЧЗПСН ао;60;20170502;170000;4.7;4.7;4.64;4.7;13;0
iЧЗПСН ао;60;20170502;180000;4.71;4.71;4.65;4.7;12;0
iЧЗПСН ао;60;20170503;100000;4.65;4.65;4.6;4.6;20;0
iЧЗПСН ао;60;20170503;110000;4.6;4.6;4.55;4.6;30;0
iЧЗПСН ао;60;20170503;120000;4.63;4.64;4.43;4.6;135;0
iЧЗПСН ао;60;20170503;130000;4.6;4.65;4.4;4.65;68;0
iЧЗПСН ао;60;20170503;140000;4.68;4.77;4.62;4.7;52;0
iЧЗПСН ао;60;20170503;150000;4.61;4.61;4.41;4.44;52;0
iЧЗПСН ао;60;20170503;160000;4.54;4.57;4.41;4.56;48;0
iЧЗПСН ао;60;20170503;170000;4.55;4.59;4.45;4.59;5;0
iЧЗПСН ао;60;20170503;180000;4.45;4.6;4.45;4.6;17;0
iЧЗПСН ао;60;20170504;100000;4.64;4.64;4.41;4.43;45;0
iЧЗПСН ао;60;20170504;110000;4.49;4.58;4.43;4.55;46;0
iЧЗПСН ао;60;20170504;120000;4.5;4.57;4.5;4.5;20;0
iЧЗПСН ао;60;20170504;130000;4.46;4.5;4.42;4.49;56;0
iЧЗПСН ао;60;20170504;140000;4.47;4.47;4.4;4.46;68;0
iЧЗПСН ао;60;20170504;150000;4.42;4.47;4.42;4.45;64;0
iЧЗПСН ао;60;20170504;160000;4.45;4.46;4.42;4.46;8;0
iЧЗПСН ао;60;20170504;170000;4.42;4.45;4.41;4.45;10;0
iЧЗПСН ао;60;20170504;180000;4.46;4.5;4.41;4.5;19;0
iЧЗПСН ао;60;20170505;100000;4.37;4.42;4.36;4.42;33;0
iЧЗПСН ао;60;20170505;110000;4.4;4.4;4.23;4.36;48;0
iЧЗПСН ао;60;20170505;120000;4.36;4.39;4.36;4.39;18;0
iЧЗПСН ао;60;20170505;130000;4.39;4.41;4.39;4.41;4;0
iЧЗПСН ао;60;20170505;140000;4.37;4.42;4.26;4.35;51;0
iЧЗПСН ао;60;20170505;150000;4.28;4.32;4.27;4.32;3;0
iЧЗПСН ао;60;20170505;160000;4.28;4.57;4.27;4.56;181;0
iЧЗПСН ао;60;20170505;170000;4.42;4.51;4.28;4.33;59;0
iЧЗПСН ао;60;20170505;180000;4.33;4.45;4.33;4.45;27;0
iЧЗПСН ао;60;20170510;100000;4.36;4.36;4.23;4.36;20;0
iЧЗПСН ао;60;20170510;110000;4.35;4.5;4.29;4.5;51;0
iЧЗПСН ао;60;20170510;120000;4.38;4.39;4.37;4.38;10;0
iЧЗПСН ао;60;20170510;130000;4.3;4.35;4.3;4.34;15;0
iЧЗПСН ао;60;20170510;140000;4.34;4.46;4.34;4.46;41;0
iЧЗПСН ао;60;20170510;150000;4.43;4.45;4.37;4.37;21;0
iЧЗПСН ао;60;20170510;160000;4.35;4.44;4.24;4.29;51;0
iЧЗПСН ао;60;20170510;170000;4.34;4.37;4.32;4.33;14;0
iЧЗПСН ао;60;20170510;180000;4.29;4.29;4.28;4.28;5;0
iЧЗПСН ао;60;20170511;100000;4.29;4.46;4.2;4.46;122;0
iЧЗПСН ао;60;20170511;110000;4.4;4.43;4.21;4.29;95;0
iЧЗПСН ао;60;20170511;120000;4.29;4.32;4.25;4.25;21;0
iЧЗПСН ао;60;20170511;130000;4.24;4.33;4.21;4.26;42;0
iЧЗПСН ао;60;20170511;140000;4.29;4.34;4.25;4.34;25;0
iЧЗПСН ао;60;20170511;150000;4.3;4.37;4.3;4.36;43;0
iЧЗПСН ао;60;20170511;160000;4.3;4.3;4.24;4.28;15;0
iЧЗПСН ао;60;20170511;170000;4.33;4.34;4.2;4.3;38;0
iЧЗПСН ао;60;20170511;180000;4.24;4.3;4.23;4.23;22;0
iЧЗПСН ао;60;20170512;100000;4.15;4.2;4.15;4.2;86;0
iЧЗПСН ао;60;20170512;110000;4.26;4.26;4.2;4.21;14;0
iЧЗПСН ао;60;20170512;120000;4.22;4.22;4.2;4.2;8;0
iЧЗПСН ао;60;20170512;130000;4.22;4.29;4.2;4.29;23;0
iЧЗПСН ао;60;20170512;140000;4.22;4.31;4.22;4.31;11;0
iЧЗПСН ао;60;20170512;150000;4.31;4.31;4.2;4.2;19;0
iЧЗПСН ао;60;20170512;160000;4.19;4.2;4.19;4.2;7;0
iЧЗПСН ао;60;20170512;170000;4.19;4.26;4.19;4.26;8;0
iЧЗПСН ао;60;20170512;180000;4.23;4.26;4.2;4.26;7;0
iЧЗПСН ао;60;20170515;100000;4.29;4.3;4.1;4.18;17;0
iЧЗПСН ао;60;20170515;110000;4.25;4.25;4.25;4.25;3;0
iЧЗПСН ао;60;20170515;120000;4.2;4.2;4.18;4.18;15;0
iЧЗПСН ао;60;20170515;130000;4.17;4.17;4.17;4.17;1;0
iЧЗПСН ао;60;20170515;140000;4.16;4.26;4.1;4.26;50;0
iЧЗПСН ао;60;20170515;150000;4.2;4.26;4.2;4.26;7;0
iЧЗПСН ао;60;20170515;160000;4.23;4.23;4.17;4.17;3;0
iЧЗПСН ао;60;20170515;170000;4.21;4.21;4.18;4.2;18;0
iЧЗПСН ао;60;20170515;180000;4.17;4.17;4.17;4.17;2;0
iЧЗПСН ао;60;20170516;100000;4.11;4.18;4.07;4.18;32;0
iЧЗПСН ао;60;20170516;110000;4.08;4.22;4.07;4.22;8;0
iЧЗПСН ао;60;20170516;120000;4.2;4.2;4.2;4.2;2;0
iЧЗПСН ао;60;20170516;140000;4.13;4.13;4.12;4.12;11;0
iЧЗПСН ао;60;20170516;150000;4.16;4.16;4.13;4.13;4;0
iЧЗПСН ао;60;20170516;160000;4.13;4.19;4.08;4.19;17;0
iЧЗПСН ао;60;20170516;180000;4.11;4.13;4.06;4.13;15;0
iЧЗПСН ао;60;20170517;100000;4.03;4.13;3.91;4.07;54;0
iЧЗПСН ао;60;20170517;110000;4.15;4.15;4.15;4.15;1;0
iЧЗПСН ао;60;20170517;120000;4.07;4.17;4.02;4.02;67;0
iЧЗПСН ао;60;20170517;130000;4.06;4.1;4.03;4.1;25;0
iЧЗПСН ао;60;20170517;140000;4.1;4.1;4.06;4.06;13;0
iЧЗПСН ао;60;20170517;150000;4.09;4.09;4.05;4.05;2;0
iЧЗПСН ао;60;20170517;160000;4.05;4.05;4.05;4.05;1;0
iЧЗПСН ао;60;20170517;180000;4.06;4.09;4.03;4.05;15;0
iЧЗПСН ао;60;20170518;100000;4.09;4.14;4.05;4.05;14;0
iЧЗПСН ао;60;20170518;110000;4.06;4.07;4.01;4.02;27;0
iЧЗПСН ао;60;20170518;120000;4.02;4.07;4.01;4.01;32;0
iЧЗПСН ао;60;20170518;130000;4.06;4.07;4.01;4.02;21;0
iЧЗПСН ао;60;20170518;140000;4.02;4.02;4.01;4.02;7;0
iЧЗПСН ао;60;20170518;150000;4.01;4.01;4.01;4.01;2;0
iЧЗПСН ао;60;20170518;160000;4.02;4.05;4.01;4.01;12;0
iЧЗПСН ао;60;20170518;170000;4.01;4.04;4.01;4.02;4;0
iЧЗПСН ао;60;20170518;180000;4.02;4.05;4;4.01;19;0
iЧЗПСН ао;60;20170519;100000;3.96;4.2;3.92;4.19;56;0
iЧЗПСН ао;60;20170519;110000;4.11;4.2;4.07;4.2;36;0
iЧЗПСН ао;60;20170519;120000;4.13;4.13;4.04;4.04;27;0
iЧЗПСН ао;60;20170519;130000;4.04;4.04;4.02;4.02;6;0
iЧЗПСН ао;60;20170519;140000;4.03;4.03;4.03;4.03;1;0
iЧЗПСН ао;60;20170519;150000;4.03;4.06;3.97;4.03;27;0
iЧЗПСН ао;60;20170519;160000;4.05;4.08;4.05;4.08;2;0
iЧЗПСН ао;60;20170519;170000;4.03;4.03;4.03;4.03;2;0
iЧЗПСН ао;60;20170519;180000;4.07;4.07;4.03;4.04;14;0
iЧЗПСН ао;60;20170522;100000;4.01;4.01;4.01;4.01;1;0
iЧЗПСН ао;60;20170522;110000;3.99;5.65;3.85;5.65;7999;0
iЧЗПСН ао;60;20170522;120000;5.65;5.65;5.23;5.65;941;0
iЧЗПСН ао;60;20170522;130000;5.65;5.65;5.65;5.65;125;0
iЧЗПСН ао;60;20170522;140000;5.65;5.65;5.65;5.65;12;0
iЧЗПСН ао;60;20170522;150000;5.65;5.65;5.65;5.65;98;0
iЧЗПСН ао;60;20170522;160000;5.65;5.65;5.65;5.65;17;0
iЧЗПСН ао;60;20170522;170000;5.65;5.65;5.65;5.65;9;0
iЧЗПСН ао;60;20170522;180000;5.65;5.65;5.65;5.65;8;0
iЧЗПСН ао;60;20170523;090000;6.22;6.22;6.22;6.22;36;0
iЧЗПСН ао;60;20170523;100000;6.5;6.5;5.54;5.6;1712;0
iЧЗПСН ао;60;20170523;110000;5.67;7.4;5.41;7.04;3344;0
iЧЗПСН ао;60;20170523;120000;7.05;7.11;6.55;6.65;478;0
iЧЗПСН ао;60;20170523;130000;6.66;7.09;6.65;6.65;272;0
iЧЗПСН ао;60;20170523;140000;6.77;6.98;6.73;6.95;170;0
iЧЗПСН ао;60;20170523;150000;6.95;7.3;6.9;6.95;593;0
iЧЗПСН ао;60;20170523;160000;6.93;7.13;6.91;6.95;168;0
iЧЗПСН ао;60;20170523;170000;6.95;7;6.71;6.71;237;0
iЧЗПСН ао;60;20170523;180000;6.71;6.88;5.93;6.33;1287;0
iЧЗПСН ао;60;20170524;100000;5.87;6.28;5.85;6.1;215;0
iЧЗПСН ао;60;20170524;110000;6.05;6.09;5.91;6.05;56;0
iЧЗПСН ао;60;20170524;120000;5.96;5.99;5.89;5.89;32;0
iЧЗПСН ао;60;20170524;130000;5.89;5.9;5.86;5.88;24;0
iЧЗПСН ао;60;20170524;140000;5.88;5.94;5.84;5.84;46;0
iЧЗПСН ао;60;20170524;150000;5.8;5.97;5.8;5.91;10;0
iЧЗПСН ао;60;20170524;160000;5.84;6.63;5.51;5.6;684;0
iЧЗПСН ао;60;20170524;170000;5.64;5.71;5.3;5.35;133;0
iЧЗПСН ао;60;20170524;180000;5.38;5.59;5.34;5.39;124;0
iЧЗПСН ао;60;20170525;090000;5.93;5.93;5.93;5.93;101;0
iЧЗПСН ао;60;20170525;100000;5.9;7.53;5.9;7.09;4317;0
iЧЗПСН ао;60;20170525;110000;6.99;7.53;6.92;7.4;1570;0
iЧЗПСН ао;60;20170525;120000;7.36;7.54;7;7.54;3015;0
iЧЗПСН ао;60;20170525;130000;7.54;7.54;7.54;7.54;420;0
iЧЗПСН ао;60;20170525;140000;7.54;7.54;7.54;7.54;11;0
iЧЗПСН ао;60;20170525;150000;7.54;7.54;7.54;7.54;130;0
iЧЗПСН ао;60;20170525;160000;7.54;7.54;7.54;7.54;58;0
iЧЗПСН ао;60;20170525;170000;7.54;7.54;7.54;7.54;3;0
iЧЗПСН ао;60;20170525;180000;7.54;7.54;7.54;7.54;23;0
iЧЗПСН ао;60;20170526;090000;7.91;7.91;7.91;7.91;48;0
iЧЗПСН ао;60;20170526;100000;7.92;8.29;7.05;7.43;851;0
iЧЗПСН ао;60;20170526;110000;7.43;7.73;7.35;7.59;75;0
iЧЗПСН ао;60;20170526;120000;7.49;8.52;7.47;8.12;821;0
iЧЗПСН ао;60;20170526;130000;8.15;8.16;7.77;7.9;117;0
iЧЗПСН ао;60;20170526;140000;7.91;8.3;7.55;7.96;458;0
iЧЗПСН ао;60;20170526;150000;7.99;8.2;7.52;7.93;226;0
iЧЗПСН ао;60;20170526;160000;7.85;8.13;7.55;7.97;194;0
iЧЗПСН ао;60;20170526;170000;7.81;7.93;7.28;7.91;412;0
iЧЗПСН ао;60;20170526;180000;7.85;7.99;7.3;7.5;735;0
iЧЗПСН ао;60;20170529;100000;7.95;7.95;6.11;6.28;1561;0
iЧЗПСН ао;60;20170529;110000;6.28;6.39;4.98;5.59;8845;0
iЧЗПСН ао;60;20170529;120000;5.58;7.33;5.45;6.55;8509;0
iЧЗПСН ао;60;20170529;130000;6.63;6.84;6.33;6.65;240;0
iЧЗПСН ао;60;20170529;140000;6.6;6.6;6.3;6.4;87;0
iЧЗПСН ао;60;20170529;150000;6.36;7.28;6.3;6.85;981;0
iЧЗПСН ао;60;20170529;160000;6.86;7.3;6.86;7.1;485;0
iЧЗПСН ао;60;20170529;170000;7.1;7.19;6.95;6.95;94;0
iЧЗПСН ао;60;20170529;180000;6.96;7.44;6.81;7.4;1230;0
iЧЗПСН ао;60;20170530;100000;7.35;7.6;7.15;7.16;104;0
iЧЗПСН ао;60;20170530;110000;7.16;7.18;6.77;6.77;62;0
iЧЗПСН ао;60;20170530;120000;6.94;6.94;6.78;6.78;5;0
iЧЗПСН ао;60;20170530;130000;6.78;7.15;6.78;6.96;93;0
iЧЗПСН ао;60;20170530;140000;7;7.71;6.85;7.22;200;0
iЧЗПСН ао;60;20170530;150000;7.2;7.6;6.96;7.1;117;0
iЧЗПСН ао;60;20170530;160000;7.1;7.25;7.05;7.05;26;0
iЧЗПСН ао;60;20170530;170000;7.05;7.15;7;7.03;33;0
iЧЗПСН ао;60;20170530;180000;7.05;7.25;7;7;76;0
iЧЗПСН ао;60;20170531;090000;6.9;6.9;6.9;6.9;12;0
iЧЗПСН ао;60;20170531;100000;7.03;7.1;6.73;6.75;41;0
iЧЗПСН ао;60;20170531;110000;6.75;6.78;6.73;6.74;17;0
iЧЗПСН ао;60;20170531;120000;6.85;7.17;6.75;6.89;188;0
iЧЗПСН ао;60;20170531;130000;6.89;6.98;6.65;6.89;126;0
iЧЗПСН ао;60;20170531;140000;6.83;6.83;6.6;6.63;68;0
iЧЗПСН ао;60;20170531;150000;6.63;6.63;6.27;6.48;228;0
iЧЗПСН ао;60;20170531;160000;6.51;6.51;6.2;6.39;101;0
iЧЗПСН ао;60;20170531;170000;6.27;6.36;6.23;6.3;41;0
iЧЗПСН ао;60;20170531;180000;6.31;6.31;6.1;6.1;79;0
iЧЗПСН ао;60;20170601;100000;6.23;6.36;5.84;6.2;131;0
iЧЗПСН ао;60;20170601;110000;6.19;6.19;5.8;5.82;128;0
iЧЗПСН ао;60;20170601;120000;5.78;5.95;5.78;5.8;5;0
iЧЗПСН ао;60;20170601;130000;5.89;5.95;5.89;5.95;12;0
iЧЗПСН ао;60;20170601;140000;6;6.3;6;6.29;83;0
iЧЗПСН ао;60;20170601;150000;6.17;6.26;6.14;6.26;9;0
iЧЗПСН ао;60;20170601;160000;6.25;6.25;6.11;6.25;6;0
iЧЗПСН ао;60;20170601;170000;6.1;6.1;6.1;6.1;2;0
iЧЗПСН ао;60;20170601;180000;6.1;6.1;6.06;6.06;3;0
iЧЗПСН ао;60;20170602;100000;6.09;6.11;6.03;6.03;15;0
iЧЗПСН ао;60;20170602;110000;6.02;6.02;5.7;5.85;62;0
iЧЗПСН ао;60;20170602;120000;5.85;5.94;5.81;5.94;6;0
iЧЗПСН ао;60;20170602;130000;5.95;6.05;5.92;6.03;32;0
iЧЗПСН ао;60;20170602;140000;6.02;6.02;5.92;6;4;0
iЧЗПСН ао;60;20170602;150000;5.87;5.94;5.87;5.92;10;0
iЧЗПСН ао;60;20170602;160000;5.86;5.94;5.86;5.94;6;0
iЧЗПСН ао;60;20170602;170000;5.99;5.99;5.72;5.84;92;0
iЧЗПСН ао;60;20170602;180000;5.73;5.98;5.73;5.98;40;0
iЧЗПСН ао;60;20170605;100000;5.72;6.09;5.72;6;36;0
iЧЗПСН ао;60;20170605;110000;5.95;5.95;5.86;5.86;26;0
iЧЗПСН ао;60;20170605;130000;5.97;5.98;5.97;5.98;5;0
iЧЗПСН ао;60;20170605;140000;6.01;6.01;5.9;5.9;6;0
iЧЗПСН ао;60;20170605;150000;6;6.02;5.99;6.02;6;0
iЧЗПСН ао;60;20170605;170000;6.05;6.1;5.99;6;9;0
iЧЗПСН ао;60;20170605;180000;6;6;5.94;5.94;12;0
iЧЗПСН ао;60;20170606;100000;5.74;6.54;4.74;6.14;1883;0
iЧЗПСН ао;60;20170606;110000;6.11;7.16;6;6.85;1060;0
iЧЗПСН ао;60;20170606;120000;6.77;7.1;6.55;7.1;370;0
iЧЗПСН ао;60;20170606;130000;7.03;7.23;6.64;6.78;1260;0
iЧЗПСН ао;60;20170606;140000;6.72;6.92;6.66;6.72;158;0
iЧЗПСН ао;60;20170606;150000;6.7;6.79;6.67;6.68;60;0
iЧЗПСН ао;60;20170606;160000;6.68;6.68;6.61;6.61;74;0
iЧЗПСН ао;60;20170606;170000;6.61;6.84;6.61;6.64;83;0
iЧЗПСН ао;60;20170606;180000;6.7;6.7;6.55;6.57;124;0
iЧЗПСН ао;60;20170607;100000;6.45;6.65;6.14;6.41;163;0
iЧЗПСН ао;60;20170607;110000;6.39;6.73;6.39;6.5;80;0
iЧЗПСН ао;60;20170607;120000;6.61;6.62;6.41;6.43;67;0
iЧЗПСН ао;60;20170607;130000;6.41;6.41;6.31;6.31;81;0
iЧЗПСН ао;60;20170607;140000;6.32;6.32;6.32;6.32;2;0
iЧЗПСН ао;60;20170607;150000;6.32;6.4;6.15;6.15;95;0
iЧЗПСН ао;60;20170607;160000;6.17;6.29;6.17;6.23;11;0
iЧЗПСН ао;60;20170607;170000;6.22;6.25;6.19;6.19;17;0
iЧЗПСН ао;60;20170607;180000;6.2;6.23;6.16;6.16;26;0
iЧЗПСН ао;60;20170608;100000;6.18;6.35;6.17;6.24;70;0
iЧЗПСН ао;60;20170608;110000;6.27;6.3;6.02;6.17;129;0
iЧЗПСН ао;60;20170608;120000;6.15;6.15;6.02;6.08;67;0
iЧЗПСН ао;60;20170608;130000;6.1;6.19;6.06;6.06;38;0
iЧЗПСН ао;60;20170608;150000;6.05;6.06;6.03;6.06;5;0
iЧЗПСН ао;60;20170608;160000;6.11;6.11;6.04;6.06;9;0
iЧЗПСН ао;60;20170608;170000;6.05;6.06;6.05;6.05;7;0
iЧЗПСН ао;60;20170608;180000;6.05;6.11;6.04;6.11;27;0
iЧЗПСН ао;60;20170609;100000;6.08;6.1;6.02;6.1;9;0
iЧЗПСН ао;60;20170609;110000;6.02;6.11;6.02;6.11;4;0
iЧЗПСН ао;60;20170609;120000;6.11;6.28;6.11;6.28;14;0
iЧЗПСН ао;60;20170609;130000;6.29;6.55;6.27;6.34;103;0
iЧЗПСН ао;60;20170609;140000;6.34;6.34;6.21;6.21;13;0
iЧЗПСН ао;60;20170609;150000;6.28;6.48;6.17;6.44;35;0
iЧЗПСН ао;60;20170609;160000;6.41;6.41;6.19;6.19;17;0
iЧЗПСН ао;60;20170609;170000;6.21;6.21;6.16;6.17;10;0
iЧЗПСН ао;60;20170609;180000;6.15;6.17;6.08;6.15;22;0
iЧЗПСН ао;60;20170613;090000;6.01;6.01;6.01;6.01;1;0
iЧЗПСН ао;60;20170613;100000;6.02;6.07;5.97;6.05;32;0
iЧЗПСН ао;60;20170613;110000;6.08;6.1;5.99;6;60;0
iЧЗПСН ао;60;20170613;120000;5.99;5.99;5.93;5.94;6;0
iЧЗПСН ао;60;20170613;130000;5.99;6.01;5.97;5.97;33;0
iЧЗПСН ао;60;20170613;140000;5.97;5.97;5.95;5.95;28;0
iЧЗПСН ао;60;20170613;150000;5.94;5.94;5.93;5.93;4;0
iЧЗПСН ао;60;20170613;160000;5.92;6.07;5.88;5.91;30;0
iЧЗПСН ао;60;20170613;170000;5.97;6;5.43;5.5;504;0
iЧЗПСН ао;60;20170613;180000;5.5;5.74;4.02;5.2;30385;0
iЧЗПСН ао;60;20170614;090000;5.28;5.28;5.28;5.28;2;0
iЧЗПСН ао;60;20170614;100000;5.2;5.34;4.7;4.95;516;0
iЧЗПСН ао;60;20170614;110000;4.94;5.11;4.68;5;486;0
iЧЗПСН ао;60;20170614;120000;4.92;5.25;4.75;4.79;402;0
iЧЗПСН ао;60;20170614;130000;4.77;4.98;4.77;4.95;86;0
iЧЗПСН ао;60;20170614;140000;4.9;4.97;4.84;4.9;42;0
iЧЗПСН ао;60;20170614;150000;4.89;5;4.87;4.87;60;0
iЧЗПСН ао;60;20170614;160000;4.98;4.98;4.91;4.91;19;0
iЧЗПСН ао;60;20170614;170000;4.9;4.92;4.72;4.78;272;0
iЧЗПСН ао;60;20170614;180000;4.8;4.84;4.7;4.8;176;0
iЧЗПСН ао;60;20170615;100000;4.85;4.86;4.49;4.61;600;0
iЧЗПСН ао;60;20170615;110000;4.65;4.67;4.58;4.65;121;0
iЧЗПСН ао;60;20170615;120000;4.59;4.7;4.51;4.64;152;0
iЧЗПСН ао;60;20170615;130000;4.64;4.86;4.64;4.7;192;0
iЧЗПСН ао;60;20170615;140000;4.7;4.75;4.61;4.75;59;0
iЧЗПСН ао;60;20170615;150000;4.66;4.72;4.62;4.65;64;0
iЧЗПСН ао;60;20170615;160000;4.7;4.76;4.7;4.72;30;0
iЧЗПСН ао;60;20170615;170000;4.76;4.77;4.73;4.77;36;0
iЧЗПСН ао;60;20170615;180000;4.8;4.81;4.69;4.79;85;0
iЧЗПСН ао;60;20170616;100000;4.9;5.17;4.77;4.93;195;0
iЧЗПСН ао;60;20170616;110000;4.91;5;4.8;4.91;133;0
iЧЗПСН ао;60;20170616;120000;4.88;4.9;4.8;4.84;113;0
iЧЗПСН ао;60;20170616;130000;4.83;4.85;4.81;4.84;29;0
iЧЗПСН ао;60;20170616;140000;4.84;4.84;4.8;4.8;17;0
iЧЗПСН ао;60;20170616;150000;4.84;4.85;4.84;4.85;6;0
iЧЗПСН ао;60;20170616;160000;4.81;4.99;4.79;4.99;95;0
iЧЗПСН ао;60;20170616;170000;4.94;4.95;4.83;4.85;100;0
iЧЗПСН ао;60;20170616;180000;4.85;4.85;4.66;4.74;227;0
iЧЗПСН ао;60;20170619;100000;4.72;4.79;4.66;4.75;46;0
iЧЗПСН ао;60;20170619;110000;4.77;4.8;4.72;4.73;23;0
iЧЗПСН ао;60;20170619;120000;4.79;4.79;4.74;4.74;3;0
iЧЗПСН ао;60;20170619;130000;4.79;4.84;4.78;4.78;45;0
iЧЗПСН ао;60;20170619;140000;4.84;4.85;4.74;4.74;37;0
iЧЗПСН ао;60;20170619;150000;4.74;4.74;4.7;4.7;13;0
iЧЗПСН ао;60;20170619;160000;4.67;4.69;4.2;4.6;818;0
iЧЗПСН ао;60;20170619;170000;4.59;4.6;4.47;4.6;161;0
iЧЗПСН ао;60;20170619;180000;4.53;4.63;4.51;4.59;41;0
iЧЗПСН ао;60;20170620;100000;4.65;4.67;4.56;4.66;63;0
iЧЗПСН ао;60;20170620;110000;4.56;4.64;4.56;4.58;19;0
iЧЗПСН ао;60;20170620;120000;4.61;4.61;4.6;4.6;3;0
iЧЗПСН ао;60;20170620;130000;4.57;4.66;4.56;4.6;71;0
iЧЗПСН ао;60;20170620;140000;4.56;4.92;4.5;4.9;299;0
iЧЗПСН ао;60;20170620;150000;4.9;5.5;4.84;5.28;2622;0
iЧЗПСН ао;60;20170620;160000;5.28;5.38;5.15;5.28;461;0
iЧЗПСН ао;60;20170620;170000;5.22;5.26;5.16;5.18;548;0
iЧЗПСН ао;60;20170620;180000;5.2;5.5;5.2;5.5;533;0
iЧЗПСН ао;60;20170621;100000;5.5;5.74;5.23;5.38;384;0
iЧЗПСН ао;60;20170621;110000;5.39;5.49;5.33;5.35;189;0
iЧЗПСН ао;60;20170621;120000;5.35;5.41;5.32;5.36;33;0
iЧЗПСН ао;60;20170621;130000;5.34;5.4;5.31;5.35;21;0
iЧЗПСН ао;60;20170621;140000;5.35;5.4;5.35;5.4;14;0
iЧЗПСН ао;60;20170621;150000;5.37;5.38;5.3;5.3;104;0
iЧЗПСН ао;60;20170621;160000;5.29;5.3;5.25;5.29;36;0
iЧЗПСН ао;60;20170621;170000;5.26;5.26;5.2;5.21;244;0
iЧЗПСН ао;60;20170621;180000;5.24;5.25;5.17;5.17;43;0
iЧЗПСН ао;60;20170622;100000;5.25;5.28;5.05;5.25;34;0
iЧЗПСН ао;60;20170622;110000;5.12;5.24;5.02;5.05;97;0
iЧЗПСН ао;60;20170622;120000;5.02;5.2;4.9;5.2;232;0
iЧЗПСН ао;60;20170622;130000;5.06;5.13;5.01;5.02;31;0
iЧЗПСН ао;60;20170622;140000;5.01;5.08;5.01;5.08;6;0
iЧЗПСН ао;60;20170622;150000;5.02;5.02;4.79;4.85;605;0
iЧЗПСН ао;60;20170622;160000;4.86;4.9;4.8;4.86;174;0
iЧЗПСН ао;60;20170622;170000;4.86;4.9;4.8;4.9;89;0
iЧЗПСН ао;60;20170622;180000;4.88;4.9;4.79;4.89;51;0
iЧЗПСН ао;60;20170623;100000;4.82;4.95;4.76;4.85;76;0
iЧЗПСН ао;60;20170623;110000;4.82;4.84;4.57;4.6;385;0
iЧЗПСН ао;60;20170623;120000;4.6;4.6;4.52;4.6;474;0
iЧЗПСН ао;60;20170623;130000;4.6;4.6;4.55;4.57;85;0
iЧЗПСН ао;60;20170623;140000;4.56;4.6;4.56;4.6;102;0
iЧЗПСН ао;60;20170623;150000;4.6;4.6;4.52;4.59;110;0
iЧЗПСН ао;60;20170623;160000;4.59;4.6;4.53;4.6;64;0
iЧЗПСН ао;60;20170623;170000;4.59;4.6;4.51;4.54;155;0
iЧЗПСН ао;60;20170623;180000;4.55;5.03;4.52;4.8;1538;0
iЧЗПСН ао;60;20170626;100000;4.84;4.9;4.67;4.87;68;0
iЧЗПСН ао;60;20170626;110000;4.77;5.14;4.75;4.85;201;0
iЧЗПСН ао;60;20170626;120000;4.85;4.85;4.81;4.84;31;0
iЧЗПСН ао;60;20170626;130000;4.89;4.89;4.8;4.8;34;0
iЧЗПСН ао;60;20170626;140000;4.8;4.85;4.8;4.82;13;0
iЧЗПСН ао;60;20170626;150000;4.81;4.86;4.76;4.76;34;0
iЧЗПСН ао;60;20170626;160000;4.76;4.9;4.72;4.72;69;0
iЧЗПСН ао;60;20170626;170000;4.79;4.9;4.78;4.78;46;0
iЧЗПСН ао;60;20170626;180000;4.76;4.77;4.71;4.77;55;0
iЧЗПСН ао;60;20170627;100000;4.65;4.87;4.65;4.77;77;0
iЧЗПСН ао;60;20170627;110000;4.76;4.76;4.7;4.7;44;0
iЧЗПСН ао;60;20170627;120000;4.7;4.82;4.61;4.75;105;0
iЧЗПСН ао;60;20170627;130000;4.75;4.82;4.73;4.73;38;0
iЧЗПСН ао;60;20170627;140000;4.8;4.87;4.8;4.86;23;0
iЧЗПСН ао;60;20170627;150000;4.87;4.98;4.83;4.91;101;0
iЧЗПСН ао;60;20170627;160000;4.91;4.91;4.75;4.86;67;0
iЧЗПСН ао;60;20170627;170000;4.76;4.89;4.74;4.77;60;0
iЧЗПСН ао;60;20170627;180000;4.77;4.87;4.68;4.69;110;0
iЧЗПСН ао;60;20170628;100000;4.68;4.8;4.68;4.78;12;0
iЧЗПСН ао;60;20170628;110000;4.75;4.79;4.75;4.75;16;0
iЧЗПСН ао;60;20170628;120000;4.74;4.77;4.72;4.77;6;0
iЧЗПСН ао;60;20170628;130000;4.76;4.83;4.75;4.83;13;0
iЧЗПСН ао;60;20170628;140000;4.83;4.87;4.76;4.76;27;0
iЧЗПСН ао;60;20170628;150000;4.8;4.81;4.8;4.8;14;0
iЧЗПСН ао;60;20170628;160000;4.8;4.82;4.8;4.8;20;0
iЧЗПСН ао;60;20170628;170000;4.8;4.86;4.8;4.86;23;0
iЧЗПСН ао;60;20170628;180000;4.81;4.86;4.8;4.8;17;0
iЧЗПСН ао;60;20170629;100000;4.86;5.02;4.8;4.97;167;0
iЧЗПСН ао;60;20170629;110000;4.9;4.97;4.84;4.84;64;0
iЧЗПСН ао;60;20170629;120000;4.89;4.97;4.89;4.95;39;0
iЧЗПСН ао;60;20170629;130000;4.95;4.98;4.9;4.98;71;0
iЧЗПСН ао;60;20170629;140000;4.98;5.05;4.92;4.97;136;0
iЧЗПСН ао;60;20170629;150000;4.98;4.98;4.9;4.98;72;0
iЧЗПСН ао;60;20170629;160000;4.98;4.98;4.86;4.9;46;0
iЧЗПСН ао;60;20170629;170000;4.89;4.89;4.8;4.88;77;0
iЧЗПСН ао;60;20170629;180000;4.88;4.93;4.81;4.89;81;0
iЧЗПСН ао;60;20170630;100000;4.97;5.14;4.93;4.93;150;0
iЧЗПСН ао;60;20170630;110000;4.96;5.05;4.85;4.96;128;0
iЧЗПСН ао;60;20170630;120000;4.87;5.01;4.87;4.9;70;0
iЧЗПСН ао;60;20170630;130000;4.88;4.9;4.86;4.86;15;0
iЧЗПСН ао;60;20170630;140000;4.89;4.95;4.86;4.95;33;0
iЧЗПСН ао;60;20170630;150000;4.9;4.9;4.9;4.9;1;0
iЧЗПСН ао;60;20170630;160000;4.88;4.88;4.83;4.85;70;0
iЧЗПСН ао;60;20170630;170000;4.85;4.89;4.82;4.85;12;0
iЧЗПСН ао;60;20170630;180000;4.83;4.85;4.81;4.85;71;0
iЧЗПСН ао;60;20170703;100000;4.73;4.89;4.73;4.85;40;0
iЧЗПСН ао;60;20170703;110000;4.86;4.86;4.84;4.84;29;0
iЧЗПСН ао;60;20170703;120000;4.84;4.84;4.84;4.84;2;0
iЧЗПСН ао;60;20170703;130000;4.84;4.85;4.74;4.82;62;0
iЧЗПСН ао;60;20170703;140000;4.74;4.84;4.74;4.84;10;0
iЧЗПСН ао;60;20170703;150000;4.84;4.85;4.84;4.84;19;0
iЧЗПСН ао;60;20170703;160000;4.82;4.83;4.82;4.83;6;0
iЧЗПСН ао;60;20170703;170000;4.84;4.87;4.6;4.74;185;0
iЧЗПСН ао;60;20170703;180000;4.74;6.51;4.22;6.28;8742;0
iЧЗПСН ао;60;20170704;090000;6.1;6.1;6.1;6.1;7;0
iЧЗПСН ао;60;20170704;100000;6.05;6.74;5.51;5.78;3413;0
iЧЗПСН ао;60;20170704;110000;5.8;5.92;5.64;5.67;546;0
iЧЗПСН ао;60;20170704;120000;5.7;5.88;5.57;5.75;357;0
iЧЗПСН ао;60;20170704;130000;5.71;5.84;5.65;5.69;162;0
iЧЗПСН ао;60;20170704;140000;5.67;6.1;5.62;6.1;536;0
iЧЗПСН ао;60;20170704;150000;6.07;6.28;6;6.1;539;0
iЧЗПСН ао;60;20170704;160000;6.1;6.13;5.94;5.94;252;0
iЧЗПСН ао;60;20170704;170000;5.93;6.05;5.75;5.99;353;0
iЧЗПСН ао;60;20170704;180000;5.95;5.95;5.72;5.74;276;0
iЧЗПСН ао;60;20170705;090000;5.88;5.88;5.88;5.88;1;0
iЧЗПСН ао;60;20170705;100000;5.74;5.85;5.42;5.42;148;0
iЧЗПСН ао;60;20170705;110000;5.47;5.65;5.47;5.65;111;0
iЧЗПСН ао;60;20170705;120000;5.66;5.75;5.65;5.65;99;0
iЧЗПСН ао;60;20170705;130000;5.65;5.65;5.55;5.55;12;0
iЧЗПСН ао;60;20170705;140000;5.62;5.86;5.56;5.65;683;0
iЧЗПСН ао;60;20170705;150000;5.66;5.75;5.57;5.74;1301;0
iЧЗПСН ао;60;20170705;160000;5.75;6.36;5.75;6.15;1913;0
iЧЗПСН ао;60;20170705;170000;6.18;6.28;5.98;6.17;688;0
iЧЗПСН ао;60;20170705;180000;6.25;6.6;6.22;6.57;2205;0
iЧЗПСН ао;60;20170706;100000;6.5;7.51;6.5;7.04;4487;0
iЧЗПСН ао;60;20170706;110000;7.04;7.07;6.91;7;142;0
iЧЗПСН ао;60;20170706;120000;6.96;6.96;6.9;6.93;145;0
iЧЗПСН ао;60;20170706;130000;6.98;7.09;6.89;6.89;96;0
iЧЗПСН ао;60;20170706;140000;6.89;6.97;6.88;6.88;40;0
iЧЗПСН ао;60;20170706;150000;6.88;6.88;6.83;6.84;193;0
iЧЗПСН ао;60;20170706;160000;6.82;6.82;6.73;6.77;13;0
iЧЗПСН ао;60;20170706;170000;6.8;6.8;6.66;6.77;90;0
iЧЗПСН ао;60;20170706;180000;6.77;7.36;6.39;7.3;1567;0
iЧЗПСН ао;60;20170707;090000;6.94;6.94;6.94;6.94;21;0
iЧЗПСН ао;60;20170707;100000;6.99;7.13;6.85;6.91;117;0
iЧЗПСН ао;60;20170707;110000;6.95;7.47;6.9;7.02;358;0
iЧЗПСН ао;60;20170707;120000;7.07;7.25;7.02;7.04;179;0
iЧЗПСН ао;60;20170707;130000;7.03;7.14;7.03;7.07;51;0
iЧЗПСН ао;60;20170707;140000;7.07;7.23;7;7.23;219;0
iЧЗПСН ао;60;20170707;150000;7.18;7.18;7.05;7.14;32;0
iЧЗПСН ао;60;20170707;160000;7.09;7.1;6.75;6.79;560;0
iЧЗПСН ао;60;20170707;170000;6.81;7.23;5.4;7.01;20872;0
iЧЗПСН ао;60;20170707;180000;7.07;7.77;7.01;7.6;9264;0
iЧЗПСН ао;60;20170710;090000;7.98;7.98;7.98;7.98;19;0
iЧЗПСН ао;60;20170710;100000;7.78;7.79;7.04;7.34;411;0
iЧЗПСН ао;60;20170710;110000;7.32;7.32;7.08;7.19;141;0
iЧЗПСН ао;60;20170710;120000;7.13;7.13;6.93;7.06;317;0
iЧЗПСН ао;60;20170710;130000;7.01;7.03;6.98;7.03;5;0
iЧЗПСН ао;60;20170710;140000;6.99;7.04;6.98;7.04;14;0
iЧЗПСН ао;60;20170710;150000;7.05;7.06;7;7;68;0
iЧЗПСН ао;60;20170710;160000;7;7.03;6.95;7;153;0
iЧЗПСН ао;60;20170710;170000;6.99;7.16;6.98;7;97;0
iЧЗПСН ао;60;20170710;180000;7.03;7.4;6.95;6.95;411;0
iЧЗПСН ао;60;20170711;090000;6.81;6.81;6.81;6.81;4;0
iЧЗПСН ао;60;20170711;100000;6.89;7.19;6.55;7.19;379;0
iЧЗПСН ао;60;20170711;110000;6.93;7.05;6.72;6.76;240;0
iЧЗПСН ао;60;20170711;120000;6.78;6.87;6.77;6.8;12;0
iЧЗПСН ао;60;20170711;130000;6.82;6.85;6.8;6.8;11;0
iЧЗПСН ао;60;20170711;140000;6.85;6.86;6.81;6.86;8;0
iЧЗПСН ао;60;20170711;150000;6.84;6.84;6.77;6.84;28;0
iЧЗПСН ао;60;20170711;160000;6.84;6.88;6.81;6.81;15;0
iЧЗПСН ао;60;20170711;170000;6.78;7.71;6.74;7.34;785;0
iЧЗПСН ао;60;20170711;180000;7.4;7.64;7.2;7.23;599;0
iЧЗПСН ао;60;20170712;100000;7.25;7.25;6.7;7.05;466;0
iЧЗПСН ао;60;20170712;110000;7.05;7.08;7;7;86;0
iЧЗПСН ао;60;20170712;120000;7.05;7.05;7;7;55;0
iЧЗПСН ао;60;20170712;130000;7.04;7.1;7.04;7.1;17;0
iЧЗПСН ао;60;20170712;140000;7.05;7.05;6.6;6.89;841;0
iЧЗПСН ао;60;20170712;150000;6.89;6.95;5.46;5.79;23458;0
iЧЗПСН ао;60;20170712;160000;5.79;6.25;5.32;5.97;9442;0
iЧЗПСН ао;60;20170712;170000;5.98;5.98;5.59;5.64;1522;0
iЧЗПСН ао;60;20170712;180000;5.69;5.79;5.23;5.23;4868;0
iЧЗПСН ао;60;20170713;090000;5.32;5.32;5.32;5.32;22;0
iЧЗПСН ао;60;20170713;100000;5.32;5.66;5.2;5.39;1234;0
iЧЗПСН ао;60;20170713;110000;5.39;5.39;5.28;5.33;278;0
iЧЗПСН ао;60;20170713;120000;5.33;5.5;5.33;5.37;290;0
iЧЗПСН ао;60;20170713;130000;5.35;5.36;5.22;5.28;312;0
iЧЗПСН ао;60;20170713;140000;5.33;5.35;5.27;5.3;80;0
iЧЗПСН ао;60;20170713;150000;5.31;5.31;5.25;5.25;52;0
iЧЗПСН ао;60;20170713;160000;5.25;5.29;5.16;5.2;231;0
iЧЗПСН ао;60;20170713;170000;5.17;5.3;5.11;5.28;182;0
iЧЗПСН ао;60;20170713;180000;5.25;5.33;5.23;5.32;85;0
iЧЗПСН ао;60;20170714;100000;5.3;5.41;5.19;5.32;139;0
iЧЗПСН ао;60;20170714;110000;5.35;5.47;5.3;5.4;124;0
iЧЗПСН ао;60;20170714;120000;5.39;5.39;5.35;5.35;13;0
iЧЗПСН ао;60;20170714;130000;5.35;5.38;5.33;5.38;15;0
iЧЗПСН ао;60;20170714;140000;5.37;5.37;5.26;5.32;58;0
iЧЗПСН ао;60;20170714;150000;5.31;5.35;5.28;5.35;26;0
iЧЗПСН ао;60;20170714;160000;5.34;5.38;5.3;5.34;53;0
iЧЗПСН ао;60;20170714;170000;5.32;5.41;5.3;5.39;124;0
iЧЗПСН ао;60;20170714;180000;5.39;5.4;5.35;5.39;30;0
iЧЗПСН ао;60;20170717;100000;5.4;5.77;5.3;5.66;702;0
iЧЗПСН ао;60;20170717;110000;5.66;5.66;5.52;5.61;122;0
iЧЗПСН ао;60;20170717;120000;5.59;5.62;5.46;5.53;104;0
iЧЗПСН ао;60;20170717;130000;5.5;5.55;5.5;5.55;33;0
iЧЗПСН ао;60;20170717;140000;5.56;5.56;5.53;5.53;23;0
iЧЗПСН ао;60;20170717;150000;5.56;5.58;5.54;5.54;39;0
iЧЗПСН ао;60;20170717;160000;5.53;5.53;5.35;5.36;148;0
iЧЗПСН ао;60;20170717;170000;5.4;5.46;5.4;5.4;72;0
iЧЗПСН ао;60;20170717;180000;5.4;5.6;5.38;5.5;192;0
iЧЗПСН ао;60;20170718;100000;5.59;5.93;5.19;5.4;1976;0
iЧЗПСН ао;60;20170718;110000;5.41;5.45;4.79;4.96;3626;0
iЧЗПСН ао;60;20170718;120000;4.98;5.3;4.87;5.1;1034;0
iЧЗПСН ао;60;20170718;130000;5.1;5.19;5.04;5.19;184;0
iЧЗПСН ао;60;20170718;140000;5.13;5.15;4.88;4.95;595;0
iЧЗПСН ао;60;20170718;150000;4.95;5.02;4.84;4.97;563;0
iЧЗПСН ао;60;20170718;160000;4.98;5.1;4.9;5.02;229;0
iЧЗПСН ао;60;20170718;170000;5.01;5.07;4.95;4.97;187;0
iЧЗПСН ао;60;20170718;180000;4.94;5.11;4.94;4.98;584;0
iЧЗПСН ао;60;20170719;100000;5;5.02;4.84;4.9;186;0
iЧЗПСН ао;60;20170719;110000;4.89;4.98;4.87;4.93;122;0
iЧЗПСН ао;60;20170719;120000;4.89;4.94;4.85;4.89;139;0
iЧЗПСН ао;60;20170719;130000;4.87;4.89;4.81;4.85;197;0
iЧЗПСН ао;60;20170719;140000;4.85;4.92;4.85;4.92;114;0
iЧЗПСН ао;60;20170719;150000;4.87;4.89;4.83;4.84;94;0
iЧЗПСН ао;60;20170719;160000;4.84;4.93;4.84;4.9;71;0
iЧЗПСН ао;60;20170719;170000;4.9;4.94;4.87;4.89;45;0
iЧЗПСН ао;60;20170719;180000;4.88;4.89;4.8;4.81;267;0
iЧЗПСН ао;60;20170720;100000;4.81;5.21;4.75;5.1;633;0
iЧЗПСН ао;60;20170720;110000;5.08;5.11;4.38;4.57;5368;0
iЧЗПСН ао;60;20170720;120000;4.57;4.83;4.5;4.72;1003;0
iЧЗПСН ао;60;20170720;130000;4.73;4.77;4.26;4.34;5298;0
iЧЗПСН ао;60;20170720;140000;4.34;4.48;4.32;4.45;614;0
iЧЗПСН ао;60;20170720;150000;4.44;4.44;4.39;4.43;284;0
iЧЗПСН ао;60;20170720;160000;4.43;4.52;4.42;4.48;585;0
iЧЗПСН ао;60;20170720;170000;4.46;4.47;4.37;4.44;225;0
iЧЗПСН ао;60;20170720;180000;4.44;4.55;4.43;4.48;632;0
iЧЗПСН ао;60;20170721;090000;4.48;4.48;4.48;4.48;4;0
iЧЗПСН ао;60;20170721;100000;4.52;4.7;4.35;4.54;751;0
iЧЗПСН ао;60;20170721;110000;4.55;4.83;4.52;4.64;624;0
iЧЗПСН ао;60;20170721;120000;4.67;4.69;4.58;4.69;166;0
iЧЗПСН ао;60;20170721;130000;4.63;4.69;4.6;4.64;94;0
iЧЗПСН ао;60;20170721;140000;4.63;4.64;4.58;4.6;111;0
iЧЗПСН ао;60;20170721;150000;4.6;4.64;4.6;4.64;44;0
iЧЗПСН ао;60;20170721;160000;4.62;4.73;4.62;4.69;99;0
iЧЗПСН ао;60;20170721;170000;4.66;4.73;4.66;4.67;133;0
iЧЗПСН ао;60;20170721;180000;4.67;4.71;4.64;4.67;50;0
iЧЗПСН ао;60;20170724;090000;4.78;4.78;4.78;4.78;5;0
iЧЗПСН ао;60;20170724;100000;4.7;4.77;4.48;4.63;351;0
iЧЗПСН ао;60;20170724;110000;4.57;4.65;4.57;4.59;41;0
iЧЗПСН ао;60;20170724;120000;4.6;4.65;4.6;4.61;9;0
iЧЗПСН ао;60;20170724;130000;4.6;4.63;4.57;4.58;43;0
iЧЗПСН ао;60;20170724;150000;4.6;4.69;4.59;4.64;77;0
iЧЗПСН ао;60;20170724;160000;4.65;4.67;4.62;4.62;17;0
iЧЗПСН ао;60;20170724;170000;4.66;4.75;4.65;4.71;143;0
iЧЗПСН ао;60;20170724;180000;4.67;4.8;4.66;4.77;141;0
iЧЗПСН ао;60;20170725;090000;4.78;4.78;4.78;4.78;4;0
iЧЗПСН ао;60;20170725;100000;4.79;4.8;4.54;4.67;206;0
iЧЗПСН ао;60;20170725;110000;4.67;4.8;4.66;4.7;257;0
iЧЗПСН ао;60;20170725;120000;4.7;4.73;4.67;4.73;104;0
iЧЗПСН ао;60;20170725;130000;4.67;4.72;4.65;4.67;69;0
iЧЗПСН ао;60;20170725;140000;4.67;4.67;4.67;4.67;7;0
iЧЗПСН ао;60;20170725;150000;4.68;4.71;4.68;4.71;12;0
iЧЗПСН ао;60;20170725;160000;4.71;4.74;4.71;4.72;47;0
iЧЗПСН ао;60;20170725;170000;4.71;4.73;4.69;4.72;47;0
iЧЗПСН ао;60;20170725;180000;4.69;4.73;4.69;4.69;50;0
iЧЗПСН ао;60;20170726;100000;4.74;4.75;4.65;4.7;34;0
iЧЗПСН ао;60;20170726;110000;4.71;4.78;4.7;4.7;52;0
iЧЗПСН ао;60;20170726;120000;4.7;4.7;4.66;4.7;48;0
iЧЗПСН ао;60;20170726;130000;4.69;4.69;4.65;4.65;134;0
iЧЗПСН ао;60;20170726;140000;4.66;4.7;4.5;4.62;873;0
iЧЗПСН ао;60;20170726;150000;4.58;4.62;4.28;4.29;3469;0
iЧЗПСН ао;60;20170726;160000;4.28;4.42;4.26;4.39;846;0
iЧЗПСН ао;60;20170726;170000;4.4;4.42;4.35;4.37;150;0
iЧЗПСН ао;60;20170726;180000;4.38;4.42;4.33;4.4;397;0
iЧЗПСН ао;60;20170727;090000;4.48;4.48;4.48;4.48;4;0
iЧЗПСН ао;60;20170727;100000;4.42;4.51;4.37;4.39;417;0
iЧЗПСН ао;60;20170727;110000;4.4;4.47;4.38;4.4;355;0
iЧЗПСН ао;60;20170727;120000;4.43;4.43;4.35;4.42;207;0
iЧЗПСН ао;60;20170727;130000;4.41;4.47;4.4;4.43;216;0
iЧЗПСН ао;60;20170727;140000;4.43;4.47;4.41;4.43;62;0
iЧЗПСН ао;60;20170727;150000;4.46;4.81;4.46;4.69;1050;0
iЧЗПСН ао;60;20170727;160000;4.69;4.73;4.61;4.65;306;0
iЧЗПСН ао;60;20170727;170000;4.67;4.67;4.61;4.61;85;0
iЧЗПСН ао;60;20170727;180000;4.65;4.78;4.6;4.78;280;0
iЧЗПСН ао;60;20170728;090000;4.75;4.75;4.75;4.75;1;0
iЧЗПСН ао;60;20170728;100000;4.65;4.71;4.59;4.67;255;0
iЧЗПСН ао;60;20170728;110000;4.63;4.66;4.53;4.66;155;0
iЧЗПСН ао;60;20170728;120000;4.63;4.64;4.59;4.61;18;0
iЧЗПСН ао;60;20170728;130000;4.61;4.63;4.58;4.6;45;0
iЧЗПСН ао;60;20170728;140000;4.58;4.58;4.4;4.5;637;0
iЧЗПСН ао;60;20170728;150000;4.49;4.6;4.48;4.54;158;0
iЧЗПСН ао;60;20170728;160000;4.59;4.59;4.51;4.55;102;0
iЧЗПСН ао;60;20170728;170000;4.52;4.59;4.48;4.49;202;0
iЧЗПСН ао;60;20170728;180000;4.53;4.61;4.52;4.61;140;0
iЧЗПСН ао;60;20170731;100000;4.64;4.64;4.55;4.56;73;0
iЧЗПСН ао;60;20170731;110000;4.57;4.58;4.52;4.52;67;0
iЧЗПСН ао;60;20170731;120000;4.56;4.61;4.53;4.61;46;0
iЧЗПСН ао;60;20170731;130000;4.61;4.67;4.56;4.59;61;0
iЧЗПСН ао;60;20170731;140000;4.59;4.59;4.59;4.59;10;0
iЧЗПСН ао;60;20170731;150000;4.6;4.63;4.58;4.63;33;0
iЧЗПСН ао;60;20170731;160000;4.59;4.63;4.58;4.61;69;0
iЧЗПСН ао;60;20170731;170000;4.62;4.63;4.54;4.55;42;0
iЧЗПСН ао;60;20170731;180000;4.59;4.62;4.55;4.61;67;0
iЧЗПСН ао;60;20170801;100000;4.56;4.63;4.48;4.63;141;0
iЧЗПСН ао;60;20170801;110000;4.57;4.6;4.57;4.6;7;0
iЧЗПСН ао;60;20170801;120000;4.58;4.61;4.55;4.55;36;0
iЧЗПСН ао;60;20170801;130000;4.58;4.59;4.55;4.59;32;0
iЧЗПСН ао;60;20170801;140000;4.57;4.58;4.55;4.55;45;0
iЧЗПСН ао;60;20170801;150000;4.55;4.61;4.54;4.61;61;0
iЧЗПСН ао;60;20170801;160000;4.6;4.61;4.56;4.56;38;0
iЧЗПСН ао;60;20170801;170000;4.56;4.64;4.56;4.61;87;0
iЧЗПСН ао;60;20170801;180000;4.62;4.64;4.58;4.63;63;0
iЧЗПСН ао;60;20170802;100000;4.65;4.7;4.59;4.63;79;0
iЧЗПСН ао;60;20170802;110000;4.65;4.71;4.58;4.68;143;0
iЧЗПСН ао;60;20170802;120000;4.67;4.69;4.67;4.69;11;0
iЧЗПСН ао;60;20170802;130000;4.69;4.7;4.65;4.67;69;0
iЧЗПСН ао;60;20170802;140000;4.68;4.68;4.65;4.67;18;0
iЧЗПСН ао;60;20170802;150000;4.66;4.73;4.65;4.67;113;0
iЧЗПСН ао;60;20170802;160000;4.69;4.7;4.66;4.66;19;0
iЧЗПСН ао;60;20170802;170000;4.66;4.68;4.66;4.66;14;0
iЧЗПСН ао;60;20170802;180000;4.66;4.68;4.66;4.67;28;0
iЧЗПСН ао;60;20170803;100000;4.67;4.74;4.67;4.67;91;0
iЧЗПСН ао;60;20170803;110000;4.68;4.7;4.67;4.7;18;0
iЧЗПСН ао;60;20170803;120000;4.67;4.73;4.65;4.65;125;0
iЧЗПСН ао;60;20170803;130000;4.68;4.69;4.63;4.68;25;0
iЧЗПСН ао;60;20170803;140000;4.69;4.69;4.65;4.68;38;0
iЧЗПСН ао;60;20170803;150000;4.67;4.69;4.67;4.68;17;0
iЧЗПСН ао;60;20170803;160000;4.66;4.68;4.66;4.67;9;0
iЧЗПСН ао;60;20170803;170000;4.66;4.66;4.65;4.65;36;0
iЧЗПСН ао;60;20170803;180000;4.66;4.67;4.63;4.66;32;0
iЧЗПСН ао;60;20170804;100000;4.67;4.74;4.63;4.66;161;0
iЧЗПСН ао;60;20170804;110000;4.66;4.72;4.65;4.68;62;0
iЧЗПСН ао;60;20170804;120000;4.68;4.71;4.61;4.61;152;0
iЧЗПСН ао;60;20170804;130000;4.65;4.65;4.62;4.62;8;0
iЧЗПСН ао;60;20170804;140000;4.64;4.74;4.64;4.67;131;0
iЧЗПСН ао;60;20170804;150000;4.68;4.73;4.68;4.68;81;0
iЧЗПСН ао;60;20170804;160000;4.71;4.71;4.71;4.71;4;0
iЧЗПСН ао;60;20170804;170000;4.72;4.73;4.66;4.72;76;0
iЧЗПСН ао;60;20170804;180000;4.72;4.79;4.68;4.68;241;0
iЧЗПСН ао;60;20170807;100000;4.69;4.76;4.64;4.68;206;0
iЧЗПСН ао;60;20170807;110000;4.67;4.72;4.65;4.66;129;0
iЧЗПСН ао;60;20170807;120000;4.68;4.7;4.67;4.67;53;0
iЧЗПСН ао;60;20170807;130000;4.7;4.71;4.7;4.71;27;0
iЧЗПСН ао;60;20170807;140000;4.68;4.69;4.68;4.69;13;0
iЧЗПСН ао;60;20170807;150000;4.67;4.71;4.67;4.69;8;0
iЧЗПСН ао;60;20170807;160000;4.69;4.7;4.67;4.67;39;0
iЧЗПСН ао;60;20170807;170000;4.67;4.69;4.67;4.68;14;0
iЧЗПСН ао;60;20170807;180000;4.67;4.69;4.61;4.63;246;0
iЧЗПСН ао;60;20170808;100000;4.63;4.7;4.62;4.65;58;0
iЧЗПСН ао;60;20170808;110000;4.69;4.7;4.66;4.69;18;0
iЧЗПСН ао;60;20170808;120000;4.67;4.69;4.63;4.63;58;0
iЧЗПСН ао;60;20170808;130000;4.64;4.7;4.63;4.69;148;0
iЧЗПСН ао;60;20170808;140000;4.67;4.67;4.65;4.65;16;0
iЧЗПСН ао;60;20170808;150000;4.65;4.65;4.61;4.65;168;0
iЧЗПСН ао;60;20170808;160000;4.64;4.65;4.52;4.63;299;0
iЧЗПСН ао;60;20170808;170000;4.6;4.65;4.6;4.61;156;0
iЧЗПСН ао;60;20170808;180000;4.62;4.63;4.58;4.58;31;0
iЧЗПСН ао;60;20170809;100000;4.58;4.65;4.58;4.65;69;0
iЧЗПСН ао;60;20170809;110000;4.65;4.65;4.58;4.58;156;0
iЧЗПСН ао;60;20170809;120000;4.59;4.59;4.55;4.58;145;0
iЧЗПСН ао;60;20170809;130000;4.58;4.58;4.44;4.5;305;0
iЧЗПСН ао;60;20170809;140000;4.49;4.59;4.45;4.52;160;0
iЧЗПСН ао;60;20170809;150000;4.5;4.55;4.5;4.55;49;0
iЧЗПСН ао;60;20170809;160000;4.52;4.55;4.51;4.55;18;0
iЧЗПСН ао;60;20170809;170000;4.54;4.54;4.51;4.54;27;0
iЧЗПСН ао;60;20170809;180000;4.54;4.54;4.51;4.51;90;0
iЧЗПСН ао;60;20170810;100000;4.51;4.55;4.5;4.54;50;0
iЧЗПСН ао;60;20170810;110000;4.51;4.56;4.51;4.56;93;0
iЧЗПСН ао;60;20170810;120000;4.54;4.55;4.52;4.55;68;0
iЧЗПСН ао;60;20170810;130000;4.55;4.55;4.5;4.53;58;0
iЧЗПСН ао;60;20170810;140000;4.51;4.54;4.5;4.54;12;0
iЧЗПСН ао;60;20170810;150000;4.54;4.54;4.5;4.5;33;0
iЧЗПСН ао;60;20170810;160000;4.5;4.5;4.47;4.49;53;0
iЧЗПСН ао;60;20170810;170000;4.47;4.52;4.47;4.48;43;0
iЧЗПСН ао;60;20170810;180000;4.48;4.53;4.48;4.52;52;0
iЧЗПСН ао;60;20170811;090000;4.48;4.48;4.48;4.48;1;0
iЧЗПСН ао;60;20170811;100000;4.47;4.51;4.45;4.46;162;0
iЧЗПСН ао;60;20170811;110000;4.46;4.48;4.45;4.45;101;0
iЧЗПСН ао;60;20170811;120000;4.46;4.49;4.46;4.49;8;0
iЧЗПСН ао;60;20170811;130000;4.46;4.47;4.45;4.47;41;0
iЧЗПСН ао;60;20170811;140000;4.48;4.48;4.48;4.48;16;0
iЧЗПСН ао;60;20170811;150000;4.46;4.47;4.42;4.44;118;0
iЧЗПСН ао;60;20170811;160000;4.44;4.46;4.42;4.45;12;0
iЧЗПСН ао;60;20170811;170000;4.46;4.47;4.43;4.43;26;0
iЧЗПСН ао;60;20170811;180000;4.45;4.48;4.42;4.44;66;0
iЧЗПСН ао;60;20170814;100000;4.43;4.5;4.38;4.4;212;0
iЧЗПСН ао;60;20170814;110000;4.4;4.44;4.4;4.44;72;0
iЧЗПСН ао;60;20170814;120000;4.43;4.43;4.4;4.42;41;0
iЧЗПСН ао;60;20170814;130000;4.42;4.49;4.42;4.47;111;0
iЧЗПСН ао;60;20170814;140000;4.45;4.47;4.45;4.46;9;0
iЧЗПСН ао;60;20170814;150000;4.47;4.54;4.44;4.47;68;0
iЧЗПСН ао;60;20170814;160000;4.47;4.49;4.46;4.49;16;0
iЧЗПСН ао;60;20170814;170000;4.48;4.49;4.43;4.45;59;0
iЧЗПСН ао;60;20170814;180000;4.44;4.5;4.43;4.48;73;0
iЧЗПСН ао;60;20170815;100000;4.44;4.47;4.43;4.45;25;0
iЧЗПСН ао;60;20170815;110000;4.44;4.45;4.39;4.45;234;0
iЧЗПСН ао;60;20170815;120000;4.44;4.53;4.43;4.53;132;0
iЧЗПСН ао;60;20170815;130000;4.47;4.5;4.45;4.5;19;0
iЧЗПСН ао;60;20170815;140000;4.47;4.48;4.45;4.45;8;0
iЧЗПСН ао;60;20170815;150000;4.45;4.49;4.45;4.47;11;0
iЧЗПСН ао;60;20170815;160000;4.46;4.5;4.45;4.5;29;0
iЧЗПСН ао;60;20170815;170000;4.48;4.48;4.45;4.48;46;0
iЧЗПСН ао;60;20170815;180000;4.5;4.5;4.44;4.49;94;0
iЧЗПСН ао;60;20170816;100000;4.46;4.49;4.45;4.48;20;0
iЧЗПСН ао;60;20170816;110000;4.45;4.49;4.45;4.47;29;0
iЧЗПСН ао;60;20170816;120000;4.48;4.49;4.47;4.48;21;0
iЧЗПСН ао;60;20170816;130000;4.47;4.5;4.46;4.46;41;0
iЧЗПСН ао;60;20170816;140000;4.49;4.51;4.46;4.46;51;0
iЧЗПСН ао;60;20170816;150000;4.46;4.49;4.46;4.49;43;0
iЧЗПСН ао;60;20170816;160000;4.49;4.5;4.46;4.5;19;0
iЧЗПСН ао;60;20170816;170000;4.48;4.48;4.47;4.47;14;0
iЧЗПСН ао;60;20170816;180000;4.47;4.69;4.46;4.64;335;0
iЧЗПСН ао;60;20170817;090000;4.65;4.65;4.65;4.65;4;0
iЧЗПСН ао;60;20170817;100000;4.65;4.68;4.57;4.62;175;0
iЧЗПСН ао;60;20170817;110000;4.59;4.6;4.53;4.53;75;0
iЧЗПСН ао;60;20170817;120000;4.58;4.58;4.49;4.55;125;0
iЧЗПСН ао;60;20170817;130000;4.53;4.57;4.49;4.54;42;0
iЧЗПСН ао;60;20170817;140000;4.53;4.56;4.53;4.56;10;0
iЧЗПСН ао;60;20170817;150000;4.57;4.57;4.48;4.53;88;0
iЧЗПСН ао;60;20170817;160000;4.53;4.53;4.48;4.52;31;0
iЧЗПСН ао;60;20170817;170000;4.49;4.54;4.47;4.48;88;0
iЧЗПСН ао;60;20170817;180000;4.5;4.51;4.38;4.4;496;0
iЧЗПСН ао;60;20170818;090000;4.4;4.4;4.4;4.4;6;0
iЧЗПСН ао;60;20170818;100000;4.4;4.5;4.38;4.39;497;0
iЧЗПСН ао;60;20170818;110000;4.4;4.42;4.38;4.42;99;0
iЧЗПСН ао;60;20170818;120000;4.42;4.42;4.38;4.4;113;0
iЧЗПСН ао;60;20170818;130000;4.39;4.58;4.38;4.5;342;0
iЧЗПСН ао;60;20170818;140000;4.49;4.5;4.47;4.5;29;0
iЧЗПСН ао;60;20170818;150000;4.5;4.5;4.39;4.41;264;0
iЧЗПСН ао;60;20170818;160000;4.44;4.44;4.41;4.44;3;0
iЧЗПСН ао;60;20170818;170000;4.42;4.43;4.38;4.38;189;0
iЧЗПСН ао;60;20170818;180000;4.39;4.41;4.37;4.41;71;0
iЧЗПСН ао;60;20170821;100000;4.45;4.46;4.36;4.37;143;0
iЧЗПСН ао;60;20170821;110000;4.38;4.42;4.36;4.39;164;0
iЧЗПСН ао;60;20170821;120000;4.38;4.4;4.38;4.4;6;0
iЧЗПСН ао;60;20170821;130000;4.4;4.41;4.38;4.41;31;0
iЧЗПСН ао;60;20170821;140000;4.39;4.39;4.38;4.38;46;0
iЧЗПСН ао;60;20170821;150000;4.38;4.39;4.38;4.39;13;0
iЧЗПСН ао;60;20170821;160000;4.39;4.39;4.37;4.38;62;0
iЧЗПСН ао;60;20170821;170000;4.37;4.39;4.37;4.38;27;0
iЧЗПСН ао;60;20170821;180000;4.38;4.39;4.32;4.38;149;0
iЧЗПСН ао;60;20170822;100000;4.38;4.38;4.25;4.25;315;0
iЧЗПСН ао;60;20170822;110000;4.26;4.28;4.03;4.15;1579;0
iЧЗПСН ао;60;20170822;120000;4.14;4.23;4.08;4.1;620;0
iЧЗПСН ао;60;20170822;130000;4.11;4.14;3.95;4.02;3090;0
iЧЗПСН ао;60;20170822;140000;4.02;4.02;3.9;3.94;789;0
iЧЗПСН ао;60;20170822;150000;3.96;4.03;3.84;3.96;2837;0
iЧЗПСН ао;60;20170822;160000;3.95;4;3.87;3.91;2367;0
iЧЗПСН ао;60;20170822;170000;3.9;3.95;3.89;3.94;378;0
iЧЗПСН ао;60;20170822;180000;3.93;3.95;3.85;3.89;477;0
iЧЗПСН ао;60;20170823;090000;3.97;3.97;3.97;3.97;27;0
iЧЗПСН ао;60;20170823;100000;3.95;4.25;3.75;3.88;2917;0
iЧЗПСН ао;60;20170823;110000;3.88;3.96;3.87;3.9;135;0
iЧЗПСН ао;60;20170823;120000;3.89;4.16;3.8;3.83;2892;0
iЧЗПСН ао;60;20170823;130000;3.85;3.95;3.82;3.92;367;0
iЧЗПСН ао;60;20170823;140000;3.94;3.98;3.86;3.87;290;0
iЧЗПСН ао;60;20170823;150000;3.89;3.89;3.77;3.81;402;0
iЧЗПСН ао;60;20170823;160000;3.81;3.84;3.8;3.84;73;0
iЧЗПСН ао;60;20170823;170000;3.84;3.85;3.79;3.8;221;0
iЧЗПСН ао;60;20170823;180000;3.81;3.82;3.76;3.81;135;0
iЧЗПСН ао;60;20170824;100000;3.75;3.85;3.64;3.75;741;0
iЧЗПСН ао;60;20170824;110000;3.73;3.77;3.7;3.75;180;0
iЧЗПСН ао;60;20170824;120000;3.71;3.71;3.58;3.6;1056;0
iЧЗПСН ао;60;20170824;130000;3.6;3.67;3.57;3.65;314;0
iЧЗПСН ао;60;20170824;140000;3.63;3.64;3.59;3.64;78;0
iЧЗПСН ао;60;20170824;150000;3.62;3.63;3.59;3.63;142;0
iЧЗПСН ао;60;20170824;160000;3.64;3.66;3.61;3.62;128;0
iЧЗПСН ао;60;20170824;170000;3.63;3.69;3.62;3.66;187;0
iЧЗПСН ао;60;20170824;180000;3.66;3.71;3.65;3.65;225;0
iЧЗПСН ао;60;20170825;090000;3.52;3.52;3.52;3.52;67;0
iЧЗПСН ао;60;20170825;100000;3.6;3.72;3.56;3.7;309;0
iЧЗПСН ао;60;20170825;110000;3.7;3.9;3.62;3.87;709;0
iЧЗПСН ао;60;20170825;120000;3.87;3.9;3.81;3.86;204;0
iЧЗПСН ао;60;20170825;130000;3.85;3.95;3.85;3.93;459;0
iЧЗПСН ао;60;20170825;140000;3.94;3.94;3.85;3.87;493;0
iЧЗПСН ао;60;20170825;150000;3.87;3.9;3.87;3.9;46;0
iЧЗПСН ао;60;20170825;160000;3.9;3.93;3.89;3.93;29;0
iЧЗПСН ао;60;20170825;170000;3.91;4.19;3.9;4.12;899;0
iЧЗПСН ао;60;20170825;180000;4.12;4.12;3.94;4;327;0
iЧЗПСН ао;60;20170828;090000;4.11;4.11;4.11;4.11;2;0
iЧЗПСН ао;60;20170828;100000;4.05;4.32;4.05;4.25;693;0
iЧЗПСН ао;60;20170828;110000;4.27;4.41;4.27;4.33;621;0
iЧЗПСН ао;60;20170828;120000;4.34;4.43;4.3;4.38;498;0
iЧЗПСН ао;60;20170828;130000;4.4;4.7;4.36;4.62;1253;0
iЧЗПСН ао;60;20170828;140000;4.6;4.62;4.43;4.46;601;0
iЧЗПСН ао;60;20170828;150000;4.46;4.61;4.46;4.54;337;0
iЧЗПСН ао;60;20170828;160000;4.55;4.56;4.51;4.53;151;0
iЧЗПСН ао;60;20170828;170000;4.54;4.58;4.51;4.57;226;0
iЧЗПСН ао;60;20170828;180000;4.58;4.6;4.54;4.54;172;0
iЧЗПСН ао;60;20170829;100000;4.52;4.7;4.43;4.54;577;0
iЧЗПСН ао;60;20170829;110000;4.55;4.55;4.25;4.3;530;0
iЧЗПСН ао;60;20170829;120000;4.32;4.4;4.32;4.38;122;0
iЧЗПСН ао;60;20170829;130000;4.38;4.49;4.32;4.42;255;0
iЧЗПСН ао;60;20170829;140000;4.41;4.45;4.4;4.44;34;0
iЧЗПСН ао;60;20170829;150000;4.44;4.44;4.41;4.44;9;0
iЧЗПСН ао;60;20170829;160000;4.41;4.44;4.4;4.43;19;0
iЧЗПСН ао;60;20170829;170000;4.43;4.47;4.4;4.4;108;0
iЧЗПСН ао;60;20170829;180000;4.42;4.42;4.28;4.28;312;0
iЧЗПСН ао;60;20170830;090000;4.26;4.26;4.26;4.26;1;0
iЧЗПСН ао;60;20170830;100000;4.26;4.38;4.2;4.27;447;0
iЧЗПСН ао;60;20170830;110000;4.28;4.34;4.28;4.34;21;0
iЧЗПСН ао;60;20170830;120000;4.34;4.34;4.26;4.27;33;0
iЧЗПСН ао;60;20170830;130000;4.29;4.31;4.25;4.31;107;0
iЧЗПСН ао;60;20170830;140000;4.32;4.33;4.25;4.25;117;0
iЧЗПСН ао;60;20170830;150000;4.26;4.29;4.26;4.29;11;0
iЧЗПСН ао;60;20170830;160000;4.29;4.44;4.29;4.39;198;0
iЧЗПСН ао;60;20170830;170000;4.37;4.39;4.32;4.36;63;0
iЧЗПСН ао;60;20170830;180000;4.35;4.35;4.32;4.33;95;0
iЧЗПСН ао;60;20170831;100000;4.28;4.39;4.22;4.22;176;0
iЧЗПСН ао;60;20170831;110000;4.24;4.28;4.21;4.28;130;0
iЧЗПСН ао;60;20170831;120000;4.26;4.28;4.17;4.28;160;0
iЧЗПСН ао;60;20170831;130000;4.28;4.29;4.18;4.2;403;0
iЧЗПСН ао;60;20170831;140000;4.22;4.26;4.2;4.23;81;0
iЧЗПСН ао;60;20170831;150000;4.22;4.28;4.2;4.25;65;0
iЧЗПСН ао;60;20170831;160000;4.24;4.26;4.23;4.23;67;0
iЧЗПСН ао;60;20170831;170000;4.24;4.25;4.22;4.23;115;0
iЧЗПСН ао;60;20170831;180000;4.23;4.29;4.19;4.23;195;0
iЧЗПСН ао;60;20170901;100000;4.22;4.25;4.14;4.17;125;0
iЧЗПСН ао;60;20170901;110000;4.17;4.2;4.16;4.17;29;0
iЧЗПСН ао;60;20170901;120000;4.19;4.2;4.14;4.14;101;0
iЧЗПСН ао;60;20170901;130000;4.14;4.16;4.04;4.11;319;0
iЧЗПСН ао;60;20170901;140000;4.11;4.11;4.05;4.06;64;0
iЧЗПСН ао;60;20170901;150000;4.05;4.08;3.99;4.03;402;0
iЧЗПСН ао;60;20170901;160000;4.03;4.05;4;4.05;74;0
iЧЗПСН ао;60;20170901;170000;4.05;4.06;3.95;4.02;412;0
iЧЗПСН ао;60;20170901;180000;4.02;4.09;4;4.05;82;0
iЧЗПСН ао;60;20170904;100000;4.01;4.08;3.98;4.06;108;0
iЧЗПСН ао;60;20170904;110000;4.06;4.07;4.02;4.07;24;0
iЧЗПСН ао;60;20170904;120000;4.06;4.11;3.95;4.09;359;0
iЧЗПСН ао;60;20170904;130000;4.05;4.11;4.04;4.11;93;0
iЧЗПСН ао;60;20170904;140000;4.1;4.16;4.1;4.1;85;0
iЧЗПСН ао;60;20170904;150000;4.1;4.12;4.07;4.11;49;0
iЧЗПСН ао;60;20170904;160000;4.1;4.1;4.07;4.1;50;0
iЧЗПСН ао;60;20170904;170000;4.1;4.15;4.06;4.07;52;0
iЧЗПСН ао;60;20170904;180000;4.08;4.12;4.05;4.08;75;0
iЧЗПСН ао;60;20170905;100000;4.04;4.07;3.97;3.99;288;0
iЧЗПСН ао;60;20170905;110000;4;4.05;3.98;4;136;0
iЧЗПСН ао;60;20170905;120000;4.01;4.03;4.01;4.03;11;0
iЧЗПСН ао;60;20170905;130000;4.03;4.04;4.01;4.01;41;0
iЧЗПСН ао;60;20170905;140000;4.03;4.05;4.01;4.02;97;0
iЧЗПСН ао;60;20170905;150000;4.03;4.05;4;4.05;146;0
iЧЗПСН ао;60;20170905;160000;4.02;4.3;4.01;4.21;960;0
iЧЗПСН ао;60;20170905;170000;4.21;4.24;4.16;4.18;151;0
iЧЗПСН ао;60;20170905;180000;4.18;4.23;4.16;4.19;87;0
iЧЗПСН ао;60;20170906;100000;4.23;4.23;4;4.07;239;0
iЧЗПСН ао;60;20170906;110000;4.08;4.24;4.08;4.15;119;0
iЧЗПСН ао;60;20170906;120000;4.15;4.16;4.1;4.12;79;0
iЧЗПСН ао;60;20170906;130000;4.1;4.12;4.03;4.1;113;0
iЧЗПСН ао;60;20170906;140000;4.08;4.15;4.08;4.12;99;0
iЧЗПСН ао;60;20170906;150000;4.12;4.14;4.11;4.11;36;0
iЧЗПСН ао;60;20170906;160000;4.14;4.19;4.14;4.19;165;0
iЧЗПСН ао;60;20170906;170000;4.19;4.19;4.12;4.12;105;0
iЧЗПСН ао;60;20170906;180000;4.17;4.17;4.11;4.14;23;0
iЧЗПСН ао;60;20170907;100000;4.16;4.2;4.06;4.11;101;0
iЧЗПСН ао;60;20170907;110000;4.1;4.14;4.07;4.09;57;0
iЧЗПСН ао;60;20170907;120000;4.11;4.11;4.09;4.11;20;0
iЧЗПСН ао;60;20170907;130000;4.1;4.16;4.1;4.15;57;0
iЧЗПСН ао;60;20170907;140000;4.12;4.15;4.1;4.11;23;0
iЧЗПСН ао;60;20170907;150000;4.11;4.12;4.1;4.1;16;0
iЧЗПСН ао;60;20170907;160000;4.12;4.12;4.11;4.11;19;0
iЧЗПСН ао;60;20170907;170000;4.12;4.16;4.12;4.13;54;0
iЧЗПСН ао;60;20170907;180000;4.14;4.14;4.08;4.13;107;0
iЧЗПСН ао;60;20170908;100000;4.09;4.15;4;4.12;537;0
iЧЗПСН ао;60;20170908;110000;4.11;4.11;4.05;4.08;93;0
iЧЗПСН ао;60;20170908;120000;4.08;4.09;4;4.07;210;0
iЧЗПСН ао;60;20170908;130000;4.05;4.08;4.04;4.08;98;0
iЧЗПСН ао;60;20170908;140000;4.07;4.08;4.04;4.08;8;0
iЧЗПСН ао;60;20170908;150000;4.06;4.13;4.04;4.12;64;0
iЧЗПСН ао;60;20170908;160000;4.12;4.18;4.1;4.11;181;0
iЧЗПСН ао;60;20170908;170000;4.11;4.12;4.1;4.11;52;0
iЧЗПСН ао;60;20170908;180000;4.11;4.11;4.08;4.09;45;0
iЧЗПСН ао;60;20170911;100000;4.09;4.11;4.06;4.11;60;0
iЧЗПСН ао;60;20170911;110000;4.11;4.11;4.05;4.08;33;0
iЧЗПСН ао;60;20170911;120000;4.07;4.08;4.05;4.07;44;0
iЧЗПСН ао;60;20170911;130000;4.06;4.08;4.05;4.08;49;0
iЧЗПСН ао;60;20170911;140000;4.07;4.08;4.07;4.07;24;0
iЧЗПСН ао;60;20170911;150000;4.08;4.08;4.06;4.07;18;0
iЧЗПСН ао;60;20170911;160000;4.07;4.14;4.06;4.1;77;0
iЧЗПСН ао;60;20170911;170000;4.09;4.11;4.08;4.09;18;0
iЧЗПСН ао;60;20170911;180000;4.08;4.19;4.06;4.19;121;0
iЧЗПСН ао;60;20170912;100000;4.13;4.17;4.08;4.14;104;0
iЧЗПСН ао;60;20170912;110000;4.13;4.14;4.11;4.11;38;0
iЧЗПСН ао;60;20170912;120000;4.1;4.12;4.1;4.11;12;0
iЧЗПСН ао;60;20170912;130000;4.11;4.15;4.11;4.13;15;0
iЧЗПСН ао;60;20170912;140000;4.14;4.15;4.12;4.12;9;0
iЧЗПСН ао;60;20170912;150000;4.12;4.15;4.12;4.15;13;0
iЧЗПСН ао;60;20170912;160000;4.13;4.13;4.12;4.12;7;0
iЧЗПСН ао;60;20170912;170000;4.12;4.13;4.12;4.13;9;0
iЧЗПСН ао;60;20170912;180000;4.13;4.14;4.1;4.11;51;0
iЧЗПСН ао;60;20170913;100000;4.11;4.12;4.09;4.11;36;0
iЧЗПСН ао;60;20170913;110000;4.09;4.1;4.07;4.09;52;0
iЧЗПСН ао;60;20170913;120000;4.11;4.11;4.08;4.08;25;0
iЧЗПСН ао;60;20170913;130000;4.09;4.14;4.09;4.1;52;0
iЧЗПСН ао;60;20170913;140000;4.1;4.1;4.01;4.06;293;0
iЧЗПСН ао;60;20170913;150000;4.08;4.11;4.06;4.07;54;0
iЧЗПСН ао;60;20170913;160000;4.07;4.1;4.06;4.09;10;0
iЧЗПСН ао;60;20170913;170000;4.08;4.08;4.06;4.06;9;0
iЧЗПСН ао;60;20170913;180000;4.08;4.1;4.05;4.08;38;0
iЧЗПСН ао;60;20170914;100000;4.05;4.08;4.01;4.05;116;0
iЧЗПСН ао;60;20170914;110000;4.06;4.07;4.03;4.06;13;0
iЧЗПСН ао;60;20170914;120000;4.05;4.05;3.99;4.01;161;0
iЧЗПСН ао;60;20170914;130000;4.01;4.03;3.95;3.98;146;0
iЧЗПСН ао;60;20170914;140000;3.99;4.03;3.99;4.01;38;0
iЧЗПСН ао;60;20170914;150000;4.02;4.05;4;4.04;59;0
iЧЗПСН ао;60;20170914;160000;4.04;4.06;3.99;4;62;0
iЧЗПСН ао;60;20170914;170000;3.98;4.05;3.98;3.99;149;0
iЧЗПСН ао;60;20170914;180000;3.99;4.05;3.96;4;254;0
iЧЗПСН ао;60;20170915;100000;4.01;4.03;4;4.03;29;0
iЧЗПСН ао;60;20170915;110000;4.03;4.07;4.02;4.05;52;0
iЧЗПСН ао;60;20170915;120000;4.06;4.1;4.04;4.07;129;0
iЧЗПСН ао;60;20170915;130000;4.05;4.05;4.02;4.05;29;0
iЧЗПСН ао;60;20170915;140000;4.04;4.04;4.03;4.03;3;0
iЧЗПСН ао;60;20170915;150000;4.03;4.04;4.02;4.04;35;0
iЧЗПСН ао;60;20170915;160000;4.03;4.05;4;4.03;83;0
iЧЗПСН ао;60;20170915;170000;4.03;4.03;4;4;18;0
iЧЗПСН ао;60;20170915;180000;4.01;4.04;4.01;4.04;26;0
iЧЗПСН ао;60;20170918;100000;4.07;4.07;3.97;4.06;131;0
iЧЗПСН ао;60;20170918;110000;4.07;4.44;4.05;4.25;1233;0
iЧЗПСН ао;60;20170918;120000;4.26;4.65;4.26;4.56;1936;0
iЧЗПСН ао;60;20170918;130000;4.54;4.57;4.29;4.34;719;0
iЧЗПСН ао;60;20170918;140000;4.34;4.39;4.3;4.33;82;0
iЧЗПСН ао;60;20170918;150000;4.33;4.33;4.23;4.24;186;0
iЧЗПСН ао;60;20170918;160000;4.25;4.33;4.21;4.32;168;0
iЧЗПСН ао;60;20170918;170000;4.32;4.39;4.26;4.3;261;0
iЧЗПСН ао;60;20170918;180000;4.29;4.35;4.25;4.27;210;0
iЧЗПСН ао;60;20170919;090000;4.43;4.43;4.43;4.43;36;0
iЧЗПСН ао;60;20170919;100000;4.44;4.63;4.34;4.46;717;0
iЧЗПСН ао;60;20170919;110000;4.47;4.48;4.39;4.48;134;0
iЧЗПСН ао;60;20170919;120000;4.43;4.44;4.38;4.4;151;0
iЧЗПСН ао;60;20170919;130000;4.39;4.39;4.3;4.33;84;0
iЧЗПСН ао;60;20170919;140000;4.34;4.35;4.31;4.35;33;0
iЧЗПСН ао;60;20170919;150000;4.35;4.35;4.31;4.32;40;0
iЧЗПСН ао;60;20170919;160000;4.33;4.36;4.22;4.24;196;0
iЧЗПСН ао;60;20170919;170000;4.25;4.31;4.24;4.3;93;0
iЧЗПСН ао;60;20170919;180000;4.28;4.29;4.2;4.28;159;0
