<TICKER>;<PER>;<DATE>;<TIME>;<OPEN>;<HIGH>;<LOW>;<CLOSE>;<VOL>;<OPENINT>
АЛРОСА-Нюр;60;20170124;110000;181000;181000;181000;181000;3;0
АЛРОСА-Нюр;60;20170124;120000;180000;180000;180000;180000;1;0
АЛРОСА-Нюр;60;20170124;130000;180000;180000;180000;180000;1;0
АЛРОСА-Нюр;60;20170124;140000;180000;180000;180000;180000;3;0
АЛРОСА-Нюр;60;20170126;100000;173500;179500;173500;179500;2;0
АЛРОСА-Нюр;60;20170126;120000;179000;179000;178500;178500;4;0
АЛРОСА-Нюр;60;20170126;160000;178500;178500;178500;178500;1;0
АЛРОСА-Нюр;60;20170126;170000;180000;180000;180000;180000;1;0
АЛРОСА-Нюр;60;20170126;180000;181000;181000;181000;181000;1;0
АЛРОСА-Нюр;60;20170127;120000;180000;180000;180000;180000;1;0
АЛРОСА-Нюр;60;20170127;140000;180000;180000;180000;180000;1;0
АЛРОСА-Нюр;60;20170127;150000;180000;180000;180000;180000;5;0
АЛРОСА-Нюр;60;20170130;120000;178500;178500;178500;178500;1;0
АЛРОСА-Нюр;60;20170130;180000;178000;178000;178000;178000;1;0
АЛРОСА-Нюр;60;20170131;160000;178500;178500;178000;178000;7;0
АЛРОСА-Нюр;60;20170201;160000;178000;178000;178000;178000;1;0
АЛРОСА-Нюр;60;20170202;100000;178000;179500;178000;179000;6;0
АЛРОСА-Нюр;60;20170202;120000;179500;179500;179500;179500;1;0
АЛРОСА-Нюр;60;20170203;110000;180000;180000;180000;180000;1;0
АЛРОСА-Нюр;60;20170203;140000;180000;180000;179500;179500;3;0
АЛРОСА-Нюр;60;20170206;100000;178500;178500;178500;178500;2;0
АЛРОСА-Нюр;60;20170207;110000;178000;178000;178000;178000;3;0
АЛРОСА-Нюр;60;20170207;120000;178500;178500;178500;178500;1;0
АЛРОСА-Нюр;60;20170207;150000;178500;178500;178500;178500;2;0
АЛРОСА-Нюр;60;20170208;100000;178500;178500;178500;178500;1;0
АЛРОСА-Нюр;60;20170208;110000;178000;178000;178000;178000;1;0
АЛРОСА-Нюр;60;20170208;120000;178000;178000;178000;178000;1;0
АЛРОСА-Нюр;60;20170208;140000;178000;178000;178000;178000;4;0
АЛРОСА-Нюр;60;20170208;150000;177500;177500;177500;177500;2;0
АЛРОСА-Нюр;60;20170208;170000;177500;177500;177500;177500;1;0
АЛРОСА-Нюр;60;20170209;150000;178000;178000;178000;178000;1;0
АЛРОСА-Нюр;60;20170209;170000;176500;176500;162000;169000;31;0
АЛРОСА-Нюр;60;20170209;180000;169000;171000;169000;170000;12;0
АЛРОСА-Нюр;60;20170210;100000;175000;175000;171000;171000;2;0
АЛРОСА-Нюр;60;20170210;120000;171000;171000;171000;171000;1;0
АЛРОСА-Нюр;60;20170210;150000;174000;174000;174000;174000;1;0
АЛРОСА-Нюр;60;20170213;100000;175000;175000;175000;175000;1;0
АЛРОСА-Нюр;60;20170213;180000;174500;174500;174500;174500;1;0
АЛРОСА-Нюр;60;20170214;150000;173000;173000;173000;173000;1;0
АЛРОСА-Нюр;60;20170214;170000;170500;170500;170500;170500;1;0
АЛРОСА-Нюр;60;20170215;100000;170000;170000;165000;165000;9;0
АЛРОСА-Нюр;60;20170215;110000;166000;166000;165000;165000;9;0
АЛРОСА-Нюр;60;20170215;120000;169500;169500;169500;169500;1;0
АЛРОСА-Нюр;60;20170215;140000;169500;169500;169500;169500;1;0
АЛРОСА-Нюр;60;20170215;160000;167500;167500;167500;167500;1;0
АЛРОСА-Нюр;60;20170216;100000;170000;170000;170000;170000;1;0
АЛРОСА-Нюр;60;20170216;150000;170000;170000;168500;168500;2;0
АЛРОСА-Нюр;60;20170216;180000;170000;170000;170000;170000;1;0
АЛРОСА-Нюр;60;20170217;100000;172500;186500;172500;186500;2;0
АЛРОСА-Нюр;60;20170217;120000;178000;178000;178000;178000;1;0
АЛРОСА-Нюр;60;20170217;170000;173500;173500;173000;173000;2;0
АЛРОСА-Нюр;60;20170217;180000;176500;176500;176500;176500;1;0
АЛРОСА-Нюр;60;20170221;140000;172000;172000;172000;172000;1;0
АЛРОСА-Нюр;60;20170221;170000;172000;172000;172000;172000;2;0
АЛРОСА-Нюр;60;20170221;180000;170000;170000;170000;170000;2;0
АЛРОСА-Нюр;60;20170222;120000;175000;175000;175000;175000;2;0
АЛРОСА-Нюр;60;20170224;100000;174000;174000;174000;174000;1;0
АЛРОСА-Нюр;60;20170224;110000;166000;166000;166000;166000;1;0
АЛРОСА-Нюр;60;20170224;150000;168500;168500;168500;168500;1;0
АЛРОСА-Нюр;60;20170224;160000;168000;168000;168000;168000;1;0
АЛРОСА-Нюр;60;20170224;180000;172000;172000;172000;172000;1;0
АЛРОСА-Нюр;60;20170227;110000;172500;172500;171000;171000;2;0
АЛРОСА-Нюр;60;20170227;180000;169000;169000;168000;168000;2;0
АЛРОСА-Нюр;60;20170228;100000;165500;165500;164500;164500;3;0
АЛРОСА-Нюр;60;20170228;110000;172000;172000;172000;172000;1;0
АЛРОСА-Нюр;60;20170301;130000;167500;167500;167500;167500;1;0
АЛРОСА-Нюр;60;20170302;140000;168000;168000;168000;168000;2;0
АЛРОСА-Нюр;60;20170302;150000;169000;169000;169000;169000;1;0
АЛРОСА-Нюр;60;20170302;160000;169500;169500;169500;169500;1;0
АЛРОСА-Нюр;60;20170302;180000;170000;170000;170000;170000;1;0
АЛРОСА-Нюр;60;20170303;120000;171500;171500;171500;171500;1;0
АЛРОСА-Нюр;60;20170303;150000;169000;169000;169000;169000;1;0
АЛРОСА-Нюр;60;20170306;150000;170500;170500;170500;170500;1;0
АЛРОСА-Нюр;60;20170306;170000;171000;171000;171000;171000;1;0
АЛРОСА-Нюр;60;20170307;100000;171500;172000;171500;172000;2;0
АЛРОСА-Нюр;60;20170307;120000;172500;172500;172500;172500;1;0
АЛРОСА-Нюр;60;20170307;140000;170000;170000;170000;170000;1;0
АЛРОСА-Нюр;60;20170307;180000;169000;169000;169000;169000;1;0
АЛРОСА-Нюр;60;20170309;110000;167000;167000;167000;167000;2;0
АЛРОСА-Нюр;60;20170309;140000;168000;168000;168000;168000;1;0
АЛРОСА-Нюр;60;20170309;150000;167000;167000;166500;166500;2;0
АЛРОСА-Нюр;60;20170310;100000;163000;163000;163000;163000;2;0
АЛРОСА-Нюр;60;20170310;120000;164500;164500;164500;164500;1;0
АЛРОСА-Нюр;60;20170310;130000;164500;164500;164500;164500;1;0
АЛРОСА-Нюр;60;20170310;150000;164000;164000;164000;164000;2;0
АЛРОСА-Нюр;60;20170310;170000;168000;168000;168000;168000;1;0
АЛРОСА-Нюр;60;20170313;100000;163000;163000;163000;163000;1;0
АЛРОСА-Нюр;60;20170314;150000;163500;163500;163500;163500;2;0
АЛРОСА-Нюр;60;20170314;160000;163500;163500;163500;163500;1;0
АЛРОСА-Нюр;60;20170315;170000;163500;163500;163000;163000;5;0
АЛРОСА-Нюр;60;20170316;140000;165500;165500;165000;165500;5;0
АЛРОСА-Нюр;60;20170316;180000;168500;168500;168500;168500;1;0
АЛРОСА-Нюр;60;20170317;100000;170000;170000;170000;170000;1;0
АЛРОСА-Нюр;60;20170317;110000;170000;170500;170000;170500;2;0
АЛРОСА-Нюр;60;20170317;120000;171000;171000;171000;171000;1;0
АЛРОСА-Нюр;60;20170320;180000;170500;170500;170500;170500;1;0
АЛРОСА-Нюр;60;20170321;130000;169000;169000;169000;169000;1;0
АЛРОСА-Нюр;60;20170328;180000;173000;173000;173000;173000;1;0
АЛРОСА-Нюр;60;20170331;170000;167000;167000;166000;166500;7;0
АЛРОСА-Нюр;60;20170331;180000;166500;169000;166500;169000;2;0
АЛРОСА-Нюр;60;20170404;100000;166000;167500;166000;167500;2;0
АЛРОСА-Нюр;60;20170404;150000;163000;163000;163000;163000;1;0
АЛРОСА-Нюр;60;20170404;180000;166500;166500;166500;166500;1;0
АЛРОСА-Нюр;60;20170407;110000;167500;167500;167500;167500;1;0
АЛРОСА-Нюр;60;20170407;160000;164000;164000;164000;164000;1;0
АЛРОСА-Нюр;60;20170407;170000;164000;164000;164000;164000;1;0
АЛРОСА-Нюр;60;20170410;100000;167000;167000;165000;165000;2;0
АЛРОСА-Нюр;60;20170410;110000;161500;161500;161500;161500;1;0
АЛРОСА-Нюр;60;20170411;100000;163000;163000;161000;161000;3;0
АЛРОСА-Нюр;60;20170411;130000;163000;163000;163000;163000;2;0
АЛРОСА-Нюр;60;20170411;140000;163000;163000;163000;163000;1;0
АЛРОСА-Нюр;60;20170412;100000;164500;164500;164500;164500;1;0
АЛРОСА-Нюр;60;20170412;110000;163500;163500;163000;163000;2;0
АЛРОСА-Нюр;60;20170412;180000;161000;161000;161000;161000;1;0
АЛРОСА-Нюр;60;20170413;130000;160000;160000;160000;160000;1;0
АЛРОСА-Нюр;60;20170417;110000;159000;159000;159000;159000;1;0
АЛРОСА-Нюр;60;20170417;150000;154000;154000;154000;154000;1;0
АЛРОСА-Нюр;60;20170417;160000;158500;158500;153500;158500;6;0
АЛРОСА-Нюр;60;20170417;170000;159000;166000;159000;166000;5;0
АЛРОСА-Нюр;60;20170418;110000;160500;160500;160500;160500;1;0
АЛРОСА-Нюр;60;20170418;130000;164500;166000;164500;166000;3;0
АЛРОСА-Нюр;60;20170419;120000;166000;169000;166000;169000;6;0
АЛРОСА-Нюр;60;20170421;170000;165000;165000;165000;165000;1;0
АЛРОСА-Нюр;60;20170424;110000;164000;164000;164000;164000;2;0
АЛРОСА-Нюр;60;20170424;140000;165000;165000;165000;165000;1;0
АЛРОСА-Нюр;60;20170424;160000;164500;164500;164500;164500;1;0
АЛРОСА-Нюр;60;20170425;100000;164000;164000;164000;164000;1;0
АЛРОСА-Нюр;60;20170425;140000;170000;170000;170000;170000;1;0
АЛРОСА-Нюр;60;20170426;140000;170000;170000;170000;170000;1;0
АЛРОСА-Нюр;60;20170502;150000;165000;165000;165000;165000;1;0
АЛРОСА-Нюр;60;20170502;160000;165000;170000;165000;170000;4;0
АЛРОСА-Нюр;60;20170502;180000;165500;165500;165500;165500;1;0
АЛРОСА-Нюр;60;20170503;100000;163000;163000;163000;163000;2;0
АЛРОСА-Нюр;60;20170503;110000;162500;162500;162500;162500;2;0
АЛРОСА-Нюр;60;20170503;170000;162500;162500;162500;162500;1;0
АЛРОСА-Нюр;60;20170503;180000;162500;162500;162500;162500;1;0
АЛРОСА-Нюр;60;20170504;100000;163000;163000;163000;163000;1;0
АЛРОСА-Нюр;60;20170504;120000;163500;163500;163500;163500;1;0
АЛРОСА-Нюр;60;20170504;130000;164000;164000;164000;164000;1;0
АЛРОСА-Нюр;60;20170505;110000;164000;164000;164000;164000;1;0
АЛРОСА-Нюр;60;20170505;160000;162000;162000;160000;160000;9;0
АЛРОСА-Нюр;60;20170505;170000;160500;160500;160500;160500;1;0
АЛРОСА-Нюр;60;20170505;180000;160500;160500;153500;159000;24;0
АЛРОСА-Нюр;60;20170510;100000;153500;153500;153500;153500;1;0
АЛРОСА-Нюр;60;20170510;110000;154000;154000;154000;154000;1;0
АЛРОСА-Нюр;60;20170510;140000;157500;157500;157500;157500;1;0
АЛРОСА-Нюр;60;20170510;170000;159000;159000;159000;159000;1;0
АЛРОСА-Нюр;60;20170510;180000;159000;159000;159000;159000;1;0
АЛРОСА-Нюр;60;20170511;100000;158000;158000;158000;158000;1;0
АЛРОСА-Нюр;60;20170511;110000;156000;156000;155000;155000;3;0
АЛРОСА-Нюр;60;20170511;130000;154500;154500;154500;154500;1;0
АЛРОСА-Нюр;60;20170511;160000;155000;155000;155000;155000;1;0
АЛРОСА-Нюр;60;20170511;170000;154500;154500;152000;152000;11;0
АЛРОСА-Нюр;60;20170511;180000;152000;152000;152000;152000;2;0
АЛРОСА-Нюр;60;20170512;120000;152000;152000;150000;150000;7;0
АЛРОСА-Нюр;60;20170512;160000;151000;152000;151000;152000;63;0
АЛРОСА-Нюр;60;20170512;180000;151000;151000;150000;150000;3;0
АЛРОСА-Нюр;60;20170515;110000;151000;151000;151000;151000;35;0
АЛРОСА-Нюр;60;20170515;130000;151000;151000;151000;151000;30;0
АЛРОСА-Нюр;60;20170515;150000;146500;146500;146500;146500;1;0
АЛРОСА-Нюр;60;20170515;170000;147000;147000;147000;147000;5;0
АЛРОСА-Нюр;60;20170516;120000;148000;148000;148000;148000;1;0
АЛРОСА-Нюр;60;20170516;130000;150000;150000;150000;150000;1;0
АЛРОСА-Нюр;60;20170516;160000;150000;150000;150000;150000;2;0
АЛРОСА-Нюр;60;20170516;170000;148500;148500;148500;148500;1;0
АЛРОСА-Нюр;60;20170517;120000;147000;147000;146000;146000;5;0
АЛРОСА-Нюр;60;20170517;140000;149000;149000;143000;143000;3;0
АЛРОСА-Нюр;60;20170517;170000;146500;146500;146500;146500;1;0
АЛРОСА-Нюр;60;20170518;180000;143000;143000;143000;143000;2;0
АЛРОСА-Нюр;60;20170519;110000;142000;142000;142000;142000;3;0
АЛРОСА-Нюр;60;20170519;130000;142500;142500;142000;142000;3;0
АЛРОСА-Нюр;60;20170522;170000;140000;140000;140000;140000;3;0
АЛРОСА-Нюр;60;20170523;130000;143000;143000;143000;143000;1;0
АЛРОСА-Нюр;60;20170523;170000;141000;141000;141000;141000;1;0
АЛРОСА-Нюр;60;20170524;100000;139000;139000;139000;139000;1;0
АЛРОСА-Нюр;60;20170524;110000;139000;139000;139000;139000;1;0
АЛРОСА-Нюр;60;20170524;130000;139500;139500;139000;139000;2;0
АЛРОСА-Нюр;60;20170525;100000;137000;137000;130000;130000;5;0
АЛРОСА-Нюр;60;20170526;100000;138000;138000;131000;131000;3;0
АЛРОСА-Нюр;60;20170526;110000;135000;135000;135000;135000;25;0
АЛРОСА-Нюр;60;20170526;150000;137000;137000;137000;137000;1;0
АЛРОСА-Нюр;60;20170529;110000;137000;137000;137000;137000;1;0
АЛРОСА-Нюр;60;20170530;110000;138500;138500;138500;138500;2;0
АЛРОСА-Нюр;60;20170530;140000;136000;136000;136000;136000;1;0
АЛРОСА-Нюр;60;20170531;150000;140000;140000;140000;140000;1;0
АЛРОСА-Нюр;60;20170602;160000;139000;139000;139000;139000;2;0
АЛРОСА-Нюр;60;20170602;170000;135000;139000;135000;139000;2;0
АЛРОСА-Нюр;60;20170602;180000;139500;154000;139500;153000;14;0
АЛРОСА-Нюр;60;20170606;100000;143000;145000;143000;145000;4;0
АЛРОСА-Нюр;60;20170606;170000;143500;143500;143500;143500;1;0
АЛРОСА-Нюр;60;20170606;180000;152000;152000;145000;145000;2;0
АЛРОСА-Нюр;60;20170607;110000;151500;151500;151500;151500;1;0
АЛРОСА-Нюр;60;20170608;180000;140000;140000;140000;140000;1;0
АЛРОСА-Нюр;60;20170609;120000;140500;140500;140500;140500;1;0
АЛРОСА-Нюр;60;20170613;110000;137000;137000;135500;135500;9;0
АЛРОСА-Нюр;60;20170613;180000;138000;138000;138000;138000;1;0
АЛРОСА-Нюр;60;20170614;110000;135000;135000;135000;135000;1;0
АЛРОСА-Нюр;60;20170614;120000;137500;137500;137500;137500;1;0
АЛРОСА-Нюр;60;20170614;130000;135000;147000;135000;135500;35;0
АЛРОСА-Нюр;60;20170615;100000;135500;145000;130000;145000;3;0
АЛРОСА-Нюр;60;20170616;130000;130500;130500;130500;130500;1;0
АЛРОСА-Нюр;60;20170616;160000;136000;136000;136000;136000;3;0
АЛРОСА-Нюр;60;20170620;140000;137500;137500;137500;137500;5;0
АЛРОСА-Нюр;60;20170620;160000;137000;137000;137000;137000;90;0
АЛРОСА-Нюр;60;20170620;180000;137000;137000;137000;137000;1;0
АЛРОСА-Нюр;60;20170621;100000;138000;138000;138000;138000;1;0
АЛРОСА-Нюр;60;20170623;100000;138500;138500;138500;138500;1;0
АЛРОСА-Нюр;60;20170623;110000;135000;135000;135000;135000;1;0
АЛРОСА-Нюр;60;20170623;140000;136000;137000;136000;137000;2;0
АЛРОСА-Нюр;60;20170623;160000;138000;138000;138000;138000;1;0
АЛРОСА-Нюр;60;20170623;170000;139000;139000;139000;139000;1;0
АЛРОСА-Нюр;60;20170626;100000;140000;140000;140000;140000;1;0
АЛРОСА-Нюр;60;20170627;130000;136000;136000;136000;136000;1;0
АЛРОСА-Нюр;60;20170627;150000;135500;135500;135000;135000;2;0
АЛРОСА-Нюр;60;20170627;180000;135500;135500;133000;135000;6;0
АЛРОСА-Нюр;60;20170628;130000;134000;134000;132000;132000;4;0
АЛРОСА-Нюр;60;20170629;140000;131000;131000;129000;130000;16;0
АЛРОСА-Нюр;60;20170629;150000;130000;130000;130000;130000;1;0
АЛРОСА-Нюр;60;20170629;160000;129000;129000;129000;129000;1;0
АЛРОСА-Нюр;60;20170629;170000;128000;130500;128000;130500;2;0
АЛРОСА-Нюр;60;20170629;180000;127000;127000;127000;127000;1;0
АЛРОСА-Нюр;60;20170630;100000;130000;130000;130000;130000;1;0
АЛРОСА-Нюр;60;20170630;110000;130000;130000;130000;130000;1;0
АЛРОСА-Нюр;60;20170630;120000;129000;129000;120500;127500;20;0
АЛРОСА-Нюр;60;20170630;130000;128000;128000;128000;128000;1;0
АЛРОСА-Нюр;60;20170630;140000;128000;128000;128000;128000;1;0
АЛРОСА-Нюр;60;20170630;170000;132000;132000;132000;132000;1;0
АЛРОСА-Нюр;60;20170703;100000;129000;129000;129000;129000;1;0
АЛРОСА-Нюр;60;20170703;170000;132000;132000;132000;132000;1;0
АЛРОСА-Нюр;60;20170704;130000;134500;134500;134500;134500;1;0
АЛРОСА-Нюр;60;20170704;140000;134000;134000;134000;134000;1;0
АЛРОСА-Нюр;60;20170705;100000;134000;134000;134000;134000;1;0
АЛРОСА-Нюр;60;20170705;120000;130000;130000;128000;128000;4;0
АЛРОСА-Нюр;60;20170705;150000;131000;131000;131000;131000;3;0
АЛРОСА-Нюр;60;20170705;170000;131000;131000;131000;131000;1;0
АЛРОСА-Нюр;60;20170706;100000;135500;135500;135500;135500;1;0
АЛРОСА-Нюр;60;20170706;140000;132500;132500;132500;132500;1;0
АЛРОСА-Нюр;60;20170706;160000;132500;132500;132500;132500;1;0
АЛРОСА-Нюр;60;20170706;180000;134500;135500;134500;135500;15;0
АЛРОСА-Нюр;60;20170707;090000;140000;140000;140000;140000;2;0
АЛРОСА-Нюр;60;20170707;130000;133500;133500;133000;133000;2;0
АЛРОСА-Нюр;60;20170707;170000;137500;138000;137500;138000;3;0
АЛРОСА-Нюр;60;20170710;100000;133000;133000;133000;133000;1;0
АЛРОСА-Нюр;60;20170710;130000;134000;134500;133000;133000;9;0
АЛРОСА-Нюр;60;20170711;140000;136500;136500;136500;136500;1;0
АЛРОСА-Нюр;60;20170711;150000;137000;139000;137000;139000;3;0
АЛРОСА-Нюр;60;20170711;160000;139000;139000;139000;139000;1;0
АЛРОСА-Нюр;60;20170711;180000;139500;140500;139000;139000;8;0
АЛРОСА-Нюр;60;20170712;110000;134500;134500;134000;134000;2;0
АЛРОСА-Нюр;60;20170712;120000;135000;135000;134000;134000;2;0
АЛРОСА-Нюр;60;20170712;130000;139500;139500;133500;133500;5;0
АЛРОСА-Нюр;60;20170713;100000;133500;133500;133500;133500;1;0
АЛРОСА-Нюр;60;20170713;110000;130500;130500;130000;130000;2;0
АЛРОСА-Нюр;60;20170714;100000;137500;137500;135000;135000;2;0
АЛРОСА-Нюр;60;20170714;150000;133500;133500;133500;133500;1;0
АЛРОСА-Нюр;60;20170714;180000;132000;132000;132000;132000;2;0
АЛРОСА-Нюр;60;20170717;120000;135500;135500;135500;135500;1;0
АЛРОСА-Нюр;60;20170717;130000;131500;131500;130000;130000;7;0
АЛРОСА-Нюр;60;20170718;100000;134500;134500;134500;134500;1;0
АЛРОСА-Нюр;60;20170718;110000;134500;134500;134500;134500;1;0
АЛРОСА-Нюр;60;20170718;120000;135000;135000;135000;135000;1;0
АЛРОСА-Нюр;60;20170718;150000;133500;133500;133500;133500;1;0
АЛРОСА-Нюр;60;20170718;170000;131000;131000;131000;131000;1;0
АЛРОСА-Нюр;60;20170719;100000;133000;133000;133000;133000;1;0
АЛРОСА-Нюр;60;20170719;130000;134000;134000;134000;134000;1;0
АЛРОСА-Нюр;60;20170719;140000;132500;132500;132500;132500;1;0
АЛРОСА-Нюр;60;20170719;170000;132000;132000;132000;132000;1;0
АЛРОСА-Нюр;60;20170720;110000;132500;132500;132500;132500;1;0
АЛРОСА-Нюр;60;20170720;120000;135000;135000;132500;132500;3;0
АЛРОСА-Нюр;60;20170724;160000;132500;132500;132500;132500;1;0
АЛРОСА-Нюр;60;20170724;180000;132500;132500;132500;132500;1;0
АЛРОСА-Нюр;60;20170725;100000;131500;131500;131500;131500;2;0
АЛРОСА-Нюр;60;20170725;150000;132000;132000;132000;132000;1;0
АЛРОСА-Нюр;60;20170726;170000;132500;132500;132500;132500;1;0
АЛРОСА-Нюр;60;20170727;100000;135000;135000;135000;135000;1;0
АЛРОСА-Нюр;60;20170728;150000;133000;133000;133000;133000;1;0
АЛРОСА-Нюр;60;20170731;100000;132500;132500;132500;132500;1;0
АЛРОСА-Нюр;60;20170802;120000;134000;134000;134000;134000;1;0
АЛРОСА-Нюр;60;20170802;130000;133000;133000;132500;132500;3;0
АЛРОСА-Нюр;60;20170802;150000;132500;132500;132500;132500;1;0
АЛРОСА-Нюр;60;20170802;180000;132500;133000;132500;133000;7;0
АЛРОСА-Нюр;60;20170803;100000;132500;133000;132500;133000;7;0
АЛРОСА-Нюр;60;20170803;110000;132500;132500;132500;132500;3;0
АЛРОСА-Нюр;60;20170803;120000;133000;133000;133000;133000;1;0
АЛРОСА-Нюр;60;20170803;140000;132000;132000;132000;132000;2;0
АЛРОСА-Нюр;60;20170803;160000;133000;133000;132500;132500;3;0
АЛРОСА-Нюр;60;20170803;170000;132500;132500;132500;132500;1;0
АЛРОСА-Нюр;60;20170803;180000;132500;132500;132500;132500;1;0
АЛРОСА-Нюр;60;20170804;120000;132000;132000;132000;132000;1;0
АЛРОСА-Нюр;60;20170804;130000;132500;132500;132500;132500;1;0
АЛРОСА-Нюр;60;20170804;150000;132500;132500;132500;132500;2;0
АЛРОСА-Нюр;60;20170807;100000;131500;131500;131000;131000;2;0
АЛРОСА-Нюр;60;20170807;110000;133000;133000;132000;132000;4;0
АЛРОСА-Нюр;60;20170807;120000;132500;132500;132500;132500;2;0
АЛРОСА-Нюр;60;20170807;130000;133000;134000;133000;134000;2;0
АЛРОСА-Нюр;60;20170808;130000;133500;133500;133000;133000;2;0
АЛРОСА-Нюр;60;20170808;150000;132500;132500;132500;132500;2;0
АЛРОСА-Нюр;60;20170808;160000;132000;132000;132000;132000;1;0
АЛРОСА-Нюр;60;20170809;130000;133000;133500;133000;133500;2;0
АЛРОСА-Нюр;60;20170810;110000;134500;134500;134500;134500;1;0
АЛРОСА-Нюр;60;20170810;170000;134500;135000;134500;135000;2;0
АЛРОСА-Нюр;60;20170811;140000;133000;133000;130000;130000;10;0
АЛРОСА-Нюр;60;20170811;170000;134000;134000;134000;134000;1;0
АЛРОСА-Нюр;60;20170814;100000;135000;135000;135000;135000;1;0
АЛРОСА-Нюр;60;20170815;110000;132000;132000;132000;132000;1;0
АЛРОСА-Нюр;60;20170816;180000;132500;132500;132500;132500;1;0
АЛРОСА-Нюр;60;20170818;150000;134000;134000;134000;134000;3;0
АЛРОСА-Нюр;60;20170818;160000;136000;136000;136000;136000;1;0
АЛРОСА-Нюр;60;20170821;140000;135500;135500;135500;135500;2;0
АЛРОСА-Нюр;60;20170822;110000;136500;136500;136500;136500;2;0
АЛРОСА-Нюр;60;20170822;140000;136500;136500;136500;136500;1;0
АЛРОСА-Нюр;60;20170822;150000;136500;136500;136500;136500;1;0
АЛРОСА-Нюр;60;20170823;130000;137000;138000;137000;138000;2;0
АЛРОСА-Нюр;60;20170823;160000;138000;138500;138000;138500;3;0
АЛРОСА-Нюр;60;20170823;170000;138500;139000;138500;139000;6;0
АЛРОСА-Нюр;60;20170823;180000;140500;140500;134500;139000;12;0
АЛРОСА-Нюр;60;20170824;140000;134500;134500;134500;134500;3;0
АЛРОСА-Нюр;60;20170824;180000;137500;137500;137500;137500;1;0
АЛРОСА-Нюр;60;20170825;110000;137500;137500;137500;137500;1;0
АЛРОСА-Нюр;60;20170825;120000;136000;136000;135000;135500;3;0
АЛРОСА-Нюр;60;20170825;130000;134500;134500;134500;134500;1;0
АЛРОСА-Нюр;60;20170825;140000;135000;135000;135000;135000;1;0
АЛРОСА-Нюр;60;20170828;100000;134000;134000;124000;130000;17;0
АЛРОСА-Нюр;60;20170828;110000;131500;137000;131500;137000;6;0
АЛРОСА-Нюр;60;20170828;130000;137000;140500;137000;140500;14;0
АЛРОСА-Нюр;60;20170828;150000;142000;142500;142000;142500;7;0
АЛРОСА-Нюр;60;20170828;160000;142500;142500;141500;141500;8;0
АЛРОСА-Нюр;60;20170829;100000;141000;141000;141000;141000;1;0
АЛРОСА-Нюр;60;20170829;110000;140000;140000;140000;140000;10;0
АЛРОСА-Нюр;60;20170829;120000;142000;142000;142000;142000;1;0
АЛРОСА-Нюр;60;20170829;140000;142000;142000;142000;142000;1;0
АЛРОСА-Нюр;60;20170830;130000;139000;142000;139000;142000;12;0
АЛРОСА-Нюр;60;20170830;140000;142500;142500;142500;142500;3;0
АЛРОСА-Нюр;60;20170831;100000;138000;143500;132500;138000;35;0
АЛРОСА-Нюр;60;20170831;110000;138500;138500;138500;138500;1;0
АЛРОСА-Нюр;60;20170831;120000;138500;138500;138500;138500;1;0
АЛРОСА-Нюр;60;20170831;130000;140000;140000;140000;140000;1;0
АЛРОСА-Нюр;60;20170831;140000;140000;140000;140000;140000;1;0
АЛРОСА-Нюр;60;20170831;150000;140000;140000;140000;140000;1;0
АЛРОСА-Нюр;60;20170901;120000;140000;140000;140000;140000;1;0
АЛРОСА-Нюр;60;20170901;150000;140500;140500;140500;140500;1;0
АЛРОСА-Нюр;60;20170901;160000;138500;138500;138500;138500;1;0
АЛРОСА-Нюр;60;20170904;110000;140000;140000;137000;137000;2;0
АЛРОСА-Нюр;60;20170904;180000;138000;138000;138000;138000;1;0
АЛРОСА-Нюр;60;20170905;100000;138000;138000;138000;138000;1;0
АЛРОСА-Нюр;60;20170905;110000;138000;141500;138000;141000;10;0
АЛРОСА-Нюр;60;20170905;120000;140000;140000;140000;140000;1;0
АЛРОСА-Нюр;60;20170905;140000;139500;139500;139500;139500;1;0
АЛРОСА-Нюр;60;20170905;160000;139500;139500;139500;139500;1;0
АЛРОСА-Нюр;60;20170908;110000;141000;141000;141000;141000;1;0
АЛРОСА-Нюр;60;20170908;130000;141000;141000;141000;141000;1;0
АЛРОСА-Нюр;60;20170908;170000;141500;141500;141500;141500;1;0
АЛРОСА-Нюр;60;20170911;100000;140500;141000;140000;140000;3;0
АЛРОСА-Нюр;60;20170911;120000;141000;141000;141000;141000;9;0
АЛРОСА-Нюр;60;20170911;130000;143000;144000;143000;144000;3;0
АЛРОСА-Нюр;60;20170911;140000;143000;143000;143000;143000;1;0
АЛРОСА-Нюр;60;20170911;150000;144500;145000;144500;145000;11;0
АЛРОСА-Нюр;60;20170911;160000;145000;145000;145000;145000;1;0
АЛРОСА-Нюр;60;20170912;150000;144000;158500;141000;145000;23;0
АЛРОСА-Нюр;60;20170912;160000;147500;147500;147500;147500;1;0
АЛРОСА-Нюр;60;20170912;170000;147500;147500;144500;146000;40;0
АЛРОСА-Нюр;60;20170912;180000;148500;148500;148500;148500;1;0
АЛРОСА-Нюр;60;20170913;120000;147000;147000;147000;147000;1;0
АЛРОСА-Нюр;60;20170913;130000;145000;145000;145000;145000;2;0
АЛРОСА-Нюр;60;20170913;150000;147500;147500;147500;147500;1;0
АЛРОСА-Нюр;60;20170914;100000;143000;143000;140000;143000;5;0
АЛРОСА-Нюр;60;20170914;110000;143500;143500;143500;143500;1;0
АЛРОСА-Нюр;60;20170914;120000;144000;144500;144000;144500;3;0
АЛРОСА-Нюр;60;20170914;130000;144500;144500;144500;144500;1;0
АЛРОСА-Нюр;60;20170914;150000;143500;144000;143500;143500;3;0
АЛРОСА-Нюр;60;20170914;160000;143000;143000;141000;141000;5;0
АЛРОСА-Нюр;60;20170914;180000;141000;141000;141000;141000;1;0
АЛРОСА-Нюр;60;20170915;120000;144000;144000;144000;144000;1;0
АЛРОСА-Нюр;60;20170915;130000;141500;141500;141000;141000;10;0
АЛРОСА-Нюр;60;20170915;140000;142500;142500;142500;142500;1;0
АЛРОСА-Нюр;60;20170915;150000;144000;144000;144000;144000;1;0
АЛРОСА-Нюр;60;20170918;110000;142000;142000;142000;142000;9;0
АЛРОСА-Нюр;60;20170918;120000;142000;142000;142000;142000;1;0
АЛРОСА-Нюр;60;20170919;100000;142000;142000;142000;142000;10;0
АЛРОСА-Нюр;60;20170919;110000;143000;143000;143000;143000;1;0
АЛРОСА-Нюр;60;20170919;130000;143000;143000;143000;143000;1;0
АЛРОСА-Нюр;60;20170919;160000;143000;143000;143000;143000;1;0
АЛРОСА-Нюр;60;20170919;170000;144000;144000;144000;144000;1;0
АЛРОСА-Нюр;60;20170920;100000;144500;144500;142500;142500;3;0
АЛРОСА-Нюр;60;20170920;110000;144000;144500;144000;144500;2;0
АЛРОСА-Нюр;60;20170920;160000;144000;144000;144000;144000;1;0
АЛРОСА-Нюр;60;20170921;100000;142000;142000;142000;142000;1;0
АЛРОСА-Нюр;60;20170921;120000;144500;145000;144500;145000;2;0
АЛРОСА-Нюр;60;20170921;130000;145000;145000;145000;145000;1;0
АЛРОСА-Нюр;60;20170921;160000;146000;147500;146000;147500;11;0
АЛРОСА-Нюр;60;20170921;170000;147000;147000;147000;147000;1;0
АЛРОСА-Нюр;60;20170922;110000;143500;143500;143500;143500;1;0
АЛРОСА-Нюр;60;20170922;120000;143500;143500;143500;143500;9;0
АЛРОСА-Нюр;60;20170922;160000;146000;146000;146000;146000;2;0
АЛРОСА-Нюр;60;20170922;180000;146000;146000;146000;146000;1;0
АЛРОСА-Нюр;60;20170925;100000;145000;145000;145000;145000;6;0
АЛРОСА-Нюр;60;20170925;150000;145000;145000;145000;145000;2;0
АЛРОСА-Нюр;60;20170926;100000;144500;147000;144500;147000;15;0
АЛРОСА-Нюр;60;20170926;180000;147500;147500;147500;147500;1;0
АЛРОСА-Нюр;60;20170927;110000;147500;147500;147500;147500;1;0
АЛРОСА-Нюр;60;20170927;120000;147500;148000;147500;147500;5;0
АЛРОСА-Нюр;60;20170927;160000;145500;145500;145500;145500;1;0
АЛРОСА-Нюр;60;20170928;110000;147500;148000;147500;148000;2;0
АЛРОСА-Нюр;60;20170928;170000;146500;146500;146500;146500;1;0
АЛРОСА-Нюр;60;20170929;100000;148500;148500;148500;148500;1;0
АЛРОСА-Нюр;60;20170929;110000;146500;146500;146500;146500;3;0
АЛРОСА-Нюр;60;20170929;120000;146500;146500;146500;146500;1;0
АЛРОСА-Нюр;60;20170929;130000;146500;146500;146500;146500;6;0
АЛРОСА-Нюр;60;20170929;150000;146500;146500;146000;146000;3;0
АЛРОСА-Нюр;60;20170929;180000;146500;146500;146500;146500;1;0
АЛРОСА-Нюр;60;20171002;120000;148500;148500;148500;148500;1;0
АЛРОСА-Нюр;60;20171002;160000;146000;146000;146000;146000;1;0
АЛРОСА-Нюр;60;20171002;170000;146500;146500;146500;146500;1;0
АЛРОСА-Нюр;60;20171003;120000;146500;146500;146500;146500;13;0
АЛРОСА-Нюр;60;20171003;130000;146000;146000;146000;146000;1;0
АЛРОСА-Нюр;60;20171003;180000;146500;146500;146000;146000;5;0
АЛРОСА-Нюр;60;20171005;130000;145000;145000;145000;145000;5;0
АЛРОСА-Нюр;60;20171005;150000;146000;146000;146000;146000;2;0
АЛРОСА-Нюр;60;20171005;160000;146000;146000;146000;146000;1;0
АЛРОСА-Нюр;60;20171005;170000;146500;146500;146500;146500;10;0
АЛРОСА-Нюр;60;20171006;110000;153500;153500;153500;153500;1;0
АЛРОСА-Нюр;60;20171006;120000;150000;152500;150000;152500;2;0
АЛРОСА-Нюр;60;20171006;130000;150000;150000;149000;149000;3;0
АЛРОСА-Нюр;60;20171006;180000;149000;150000;149000;150000;3;0
АЛРОСА-Нюр;60;20171009;100000;150000;150000;150000;150000;1;0
АЛРОСА-Нюр;60;20171009;110000;148000;148000;148000;148000;1;0
АЛРОСА-Нюр;60;20171009;120000;149000;149000;149000;149000;2;0
АЛРОСА-Нюр;60;20171009;160000;148500;148500;148500;148500;1;0
АЛРОСА-Нюр;60;20171010;110000;148000;148000;148000;148000;2;0
АЛРОСА-Нюр;60;20171010;160000;148000;148000;148000;148000;1;0
АЛРОСА-Нюр;60;20171011;110000;147500;147500;147500;147500;3;0
АЛРОСА-Нюр;60;20171011;130000;147500;147500;147500;147500;1;0
АЛРОСА-Нюр;60;20171011;150000;147500;147500;147500;147500;2;0
АЛРОСА-Нюр;60;20171011;160000;147500;147500;147500;147500;10;0
АЛРОСА-Нюр;60;20171012;120000;147000;147000;147000;147000;2;0
АЛРОСА-Нюр;60;20171012;150000;148000;152000;148000;152000;14;0
АЛРОСА-Нюр;60;20171012;160000;152500;153000;152500;153000;19;0
АЛРОСА-Нюр;60;20171013;100000;153000;153000;153000;153000;1;0
АЛРОСА-Нюр;60;20171013;120000;150000;150000;150000;150000;3;0
АЛРОСА-Нюр;60;20171013;170000;151000;151000;151000;151000;1;0
АЛРОСА-Нюр;60;20171013;180000;151000;151000;150000;150000;4;0
АЛРОСА-Нюр;60;20171016;110000;150500;156000;150500;151000;10;0
АЛРОСА-Нюр;60;20171016;120000;151000;154000;151000;154000;5;0
АЛРОСА-Нюр;60;20171016;130000;154000;154000;154000;154000;1;0
АЛРОСА-Нюр;60;20171016;170000;151500;151500;151000;151000;3;0
АЛРОСА-Нюр;60;20171016;180000;152000;152000;152000;152000;1;0
АЛРОСА-Нюр;60;20171017;100000;154500;154500;154500;154500;1;0
АЛРОСА-Нюр;60;20171017;110000;152000;152000;152000;152000;7;0
АЛРОСА-Нюр;60;20171017;120000;152000;152000;152000;152000;1;0
АЛРОСА-Нюр;60;20171017;130000;154000;154500;153000;153000;5;0
АЛРОСА-Нюр;60;20171017;170000;152500;152500;152500;152500;3;0
АЛРОСА-Нюр;60;20171017;180000;153500;154000;153500;154000;3;0
АЛРОСА-Нюр;60;20171018;150000;154000;154000;154000;154000;1;0
АЛРОСА-Нюр;60;20171018;160000;154000;155500;154000;154000;5;0
АЛРОСА-Нюр;60;20171018;180000;155500;156000;155500;156000;4;0
АЛРОСА-Нюр;60;20171019;110000;154500;154500;154000;154000;5;0
АЛРОСА-Нюр;60;20171019;140000;153500;153500;153500;153500;1;0
АЛРОСА-Нюр;60;20171019;160000;153500;153500;153500;153500;1;0
АЛРОСА-Нюр;60;20171019;180000;152500;152500;150500;150500;2;0
АЛРОСА-Нюр;60;20171020;110000;150500;154500;150500;154500;2;0
АЛРОСА-Нюр;60;20171020;160000;152000;152000;152000;152000;1;0
АЛРОСА-Нюр;60;20171023;100000;151000;155500;151000;155500;3;0
АЛРОСА-Нюр;60;20171023;130000;156000;156000;156000;156000;2;0
АЛРОСА-Нюр;60;20171023;140000;156000;156000;156000;156000;1;0
АЛРОСА-Нюр;60;20171023;170000;156000;156000;156000;156000;2;0
АЛРОСА-Нюр;60;20171023;180000;156500;158000;156500;158000;7;0
АЛРОСА-Нюр;60;20171024;100000;162000;162000;162000;162000;1;0
АЛРОСА-Нюр;60;20171024;110000;157000;157000;157000;157000;2;0
АЛРОСА-Нюр;60;20171024;120000;160500;162000;160500;162000;7;0
АЛРОСА-Нюр;60;20171024;130000;162000;162000;162000;162000;1;0
АЛРОСА-Нюр;60;20171024;140000;160500;160500;160000;160000;8;0
АЛРОСА-Нюр;60;20171024;170000;162000;162000;162000;162000;2;0
АЛРОСА-Нюр;60;20171024;180000;162000;162000;162000;162000;1;0
АЛРОСА-Нюр;60;20171025;130000;160500;160500;160500;160500;1;0
АЛРОСА-Нюр;60;20171025;160000;162000;163500;162000;163500;3;0
АЛРОСА-Нюр;60;20171025;170000;164000;164000;164000;164000;1;0
АЛРОСА-Нюр;60;20171026;100000;161000;161000;161000;161000;1;0
АЛРОСА-Нюр;60;20171026;160000;160500;160500;160500;160500;1;0
АЛРОСА-Нюр;60;20171027;140000;165000;168500;165000;168500;4;0
АЛРОСА-Нюр;60;20171027;150000;168000;168000;168000;168000;1;0
АЛРОСА-Нюр;60;20171027;160000;165000;165000;164000;164000;2;0
АЛРОСА-Нюр;60;20171027;170000;164000;164000;164000;164000;1;0
АЛРОСА-Нюр;60;20171030;100000;164000;166500;164000;166500;3;0
АЛРОСА-Нюр;60;20171030;110000;166500;166500;166500;166500;1;0
АЛРОСА-Нюр;60;20171030;140000;166000;166000;166000;166000;1;0
АЛРОСА-Нюр;60;20171030;150000;168500;168500;168500;168500;1;0
АЛРОСА-Нюр;60;20171030;160000;166000;168000;166000;168000;3;0
АЛРОСА-Нюр;60;20171030;180000;169000;169000;167000;167000;3;0
АЛРОСА-Нюр;60;20171031;110000;167000;171500;165500;171500;10;0
АЛРОСА-Нюр;60;20171031;120000;172000;172000;167500;167500;3;0
АЛРОСА-Нюр;60;20171031;140000;168500;168500;168500;168500;1;0
АЛРОСА-Нюр;60;20171031;150000;168000;168000;167500;167500;4;0
АЛРОСА-Нюр;60;20171031;160000;167500;167500;167500;167500;1;0
АЛРОСА-Нюр;60;20171031;170000;165000;165000;163000;163000;7;0
АЛРОСА-Нюр;60;20171031;180000;163000;163000;163000;163000;1;0
АЛРОСА-Нюр;60;20171101;140000;165500;165500;165500;165500;1;0
АЛРОСА-Нюр;60;20171101;150000;168000;169500;168000;169500;7;0
АЛРОСА-Нюр;60;20171101;170000;170000;170500;170000;170500;5;0
АЛРОСА-Нюр;60;20171102;100000;171000;172000;171000;172000;2;0
АЛРОСА-Нюр;60;20171102;110000;173000;175500;170000;172500;11;0
АЛРОСА-Нюр;60;20171102;130000;172500;172500;172500;172500;1;0
АЛРОСА-Нюр;60;20171102;140000;174500;174500;174500;174500;2;0
АЛРОСА-Нюр;60;20171102;150000;175000;176000;175000;176000;4;0
АЛРОСА-Нюр;60;20171102;170000;173500;176000;173000;173000;4;0
АЛРОСА-Нюр;60;20171102;180000;176500;176500;173500;176500;3;0
АЛРОСА-Нюр;60;20171103;100000;177000;177000;175000;176000;3;0
АЛРОСА-Нюр;60;20171103;110000;178000;178000;175000;175000;3;0
АЛРОСА-Нюр;60;20171103;140000;175500;175500;175500;175500;4;0
АЛРОСА-Нюр;60;20171103;160000;175500;175500;175500;175500;2;0
АЛРОСА-Нюр;60;20171103;170000;175500;175500;175000;175000;5;0
АЛРОСА-Нюр;60;20171103;180000;175000;175000;174500;174500;2;0
АЛРОСА-Нюр;60;20171107;150000;174000;174000;173000;173000;3;0
АЛРОСА-Нюр;60;20171107;160000;173000;173000;173000;173000;1;0
АЛРОСА-Нюр;60;20171107;170000;177000;177000;177000;177000;1;0
АЛРОСА-Нюр;60;20171108;130000;177500;178000;177500;178000;6;0
АЛРОСА-Нюр;60;20171108;170000;176500;176500;176500;176500;1;0
АЛРОСА-Нюр;60;20171109;100000;175000;175000;175000;175000;1;0
АЛРОСА-Нюр;60;20171109;110000;175500;175500;175500;175500;1;0
АЛРОСА-Нюр;60;20171110;100000;174000;174000;173000;173000;2;0
АЛРОСА-Нюр;60;20171110;110000;171000;171000;171000;171000;2;0
АЛРОСА-Нюр;60;20171110;130000;168000;170000;164000;170000;8;0
АЛРОСА-Нюр;60;20171110;160000;172000;172000;172000;172000;7;0
АЛРОСА-Нюр;60;20171113;100000;165000;165000;165000;165000;1;0
АЛРОСА-Нюр;60;20171113;120000;170000;170000;170000;170000;1;0
АЛРОСА-Нюр;60;20171113;160000;167000;167000;167000;167000;1;0
АЛРОСА-Нюр;60;20171114;120000;167000;167000;167000;167000;1;0
АЛРОСА-Нюр;60;20171114;150000;170000;170000;167500;167500;2;0
АЛРОСА-Нюр;60;20171114;180000;169000;169000;169000;169000;1;0
АЛРОСА-Нюр;60;20171115;130000;169000;169000;169000;169000;1;0
АЛРОСА-Нюр;60;20171116;170000;165000;165000;165000;165000;2;0
АЛРОСА-Нюр;60;20171116;180000;165000;165000;165000;165000;1;0
АЛРОСА-Нюр;60;20171117;100000;162500;162500;162500;162500;1;0
АЛРОСА-Нюр;60;20171117;110000;162500;168000;162500;168000;4;0
АЛРОСА-Нюр;60;20171117;140000;168000;168000;168000;168000;1;0
АЛРОСА-Нюр;60;20171117;180000;166000;166000;166000;166000;1;0
АЛРОСА-Нюр;60;20171120;170000;163000;163000;163000;163000;1;0
АЛРОСА-Нюр;60;20171121;110000;163000;163000;162000;162000;5;0
АЛРОСА-Нюр;60;20171121;120000;162500;162500;162500;162500;1;0
АЛРОСА-Нюр;60;20171121;150000;162500;162500;162000;162000;12;0
АЛРОСА-Нюр;60;20171121;180000;163000;163000;163000;163000;1;0
АЛРОСА-Нюр;60;20171127;160000;164000;164500;164000;164500;2;0
АЛРОСА-Нюр;60;20171127;170000;165000;165000;165000;165000;1;0
АЛРОСА-Нюр;60;20171128;110000;167000;167000;167000;167000;1;0
АЛРОСА-Нюр;60;20171128;120000;167000;167000;167000;167000;1;0
АЛРОСА-Нюр;60;20171128;140000;167000;168000;167000;168000;2;0
АЛРОСА-Нюр;60;20171128;160000;169000;169000;169000;169000;1;0
АЛРОСА-Нюр;60;20171128;170000;162000;167000;162000;167000;3;0
АЛРОСА-Нюр;60;20171130;110000;163500;163500;163500;163500;1;0
АЛРОСА-Нюр;60;20171130;160000;163000;163000;163000;163000;2;0
АЛРОСА-Нюр;60;20171201;180000;161500;161500;160500;160500;11;0
АЛРОСА-Нюр;60;20171204;160000;160500;160500;159500;159500;7;0
АЛРОСА-Нюр;60;20171204;170000;160000;160000;157000;157000;11;0
АЛРОСА-Нюр;60;20171205;100000;160000;160000;160000;160000;2;0
АЛРОСА-Нюр;60;20171205;180000;159000;159000;159000;159000;2;0
АЛРОСА-Нюр;60;20171206;140000;158000;158000;157500;157500;6;0
АЛРОСА-Нюр;60;20171206;160000;157500;159500;157500;159500;2;0
АЛРОСА-Нюр;60;20171207;100000;162500;162500;162500;162500;1;0
АЛРОСА-Нюр;60;20171207;130000;158000;158000;157000;157000;5;0
АЛРОСА-Нюр;60;20171207;140000;159500;159500;159500;159500;2;0
АЛРОСА-Нюр;60;20171207;150000;159500;159500;159500;159500;1;0
АЛРОСА-Нюр;60;20171207;160000;157000;157000;156500;156500;4;0
АЛРОСА-Нюр;60;20171208;100000;160500;160500;160500;160500;1;0
АЛРОСА-Нюр;60;20171208;130000;160000;160000;160000;160000;3;0
АЛРОСА-Нюр;60;20171208;170000;160000;160000;158000;159000;5;0
АЛРОСА-Нюр;60;20171208;180000;159000;159000;159000;159000;2;0
АЛРОСА-Нюр;60;20171211;100000;159000;160000;159000;160000;3;0
АЛРОСА-Нюр;60;20171211;110000;161500;162000;161500;162000;3;0
АЛРОСА-Нюр;60;20171211;120000;162000;162000;162000;162000;2;0
АЛРОСА-Нюр;60;20171211;130000;160000;160000;159000;159000;10;0
АЛРОСА-Нюр;60;20171211;160000;162000;162500;162000;162500;6;0
АЛРОСА-Нюр;60;20171211;170000;162500;163000;159500;162500;11;0
АЛРОСА-Нюр;60;20171212;100000;163500;163500;163500;163500;1;0
АЛРОСА-Нюр;60;20171212;110000;161000;161000;161000;161000;3;0
АЛРОСА-Нюр;60;20171212;120000;163000;163000;163000;163000;2;0
АЛРОСА-Нюр;60;20171212;140000;162500;162500;162500;162500;1;0
АЛРОСА-Нюр;60;20171212;180000;163500;163500;163500;163500;5;0
АЛРОСА-Нюр;60;20171213;100000;164000;164000;161000;161000;3;0
АЛРОСА-Нюр;60;20171213;150000;161500;161500;161500;161500;1;0
АЛРОСА-Нюр;60;20171213;160000;161000;161000;161000;161000;2;0
АЛРОСА-Нюр;60;20171214;110000;159500;159500;159500;159500;3;0
АЛРОСА-Нюр;60;20171214;120000;160000;160000;160000;160000;1;0
АЛРОСА-Нюр;60;20171214;130000;160000;160000;160000;160000;1;0
АЛРОСА-Нюр;60;20171214;150000;160500;160500;160500;160500;1;0
АЛРОСА-Нюр;60;20171214;160000;163000;163000;160500;160500;5;0
АЛРОСА-Нюр;60;20171214;170000;161000;162500;161000;162500;2;0
АЛРОСА-Нюр;60;20171215;100000;161000;161000;161000;161000;2;0
АЛРОСА-Нюр;60;20171215;110000;162000;162000;162000;162000;1;0
АЛРОСА-Нюр;60;20171215;130000;162000;162000;162000;162000;1;0
АЛРОСА-Нюр;60;20171215;160000;160500;160500;160500;160500;4;0
АЛРОСА-Нюр;60;20171215;170000;160500;160500;160500;160500;1;0
АЛРОСА-Нюр;60;20171215;180000;160500;160500;159500;159500;6;0
АЛРОСА-Нюр;60;20171218;100000;162000;163000;162000;163000;2;0
АЛРОСА-Нюр;60;20171218;130000;162000;162000;161500;161500;2;0
АЛРОСА-Нюр;60;20171218;140000;162500;162500;162500;162500;1;0
АЛРОСА-Нюр;60;20171218;160000;162500;162500;162500;162500;2;0
АЛРОСА-Нюр;60;20171218;170000;162500;164000;162500;164000;7;0
АЛРОСА-Нюр;60;20171218;180000;164000;164000;163000;163000;2;0
АЛРОСА-Нюр;60;20171219;090000;165000;165000;165000;165000;1;0
АЛРОСА-Нюр;60;20171219;100000;163500;163500;163500;163500;1;0
АЛРОСА-Нюр;60;20171219;110000;162000;162000;160000;160000;2;0
АЛРОСА-Нюр;60;20171219;120000;160000;162000;160000;160000;6;0
АЛРОСА-Нюр;60;20171219;130000;160000;160000;160000;160000;1;0
АЛРОСА-Нюр;60;20171219;140000;161000;161000;161000;161000;1;0
АЛРОСА-Нюр;60;20171219;150000;161000;161000;161000;161000;1;0
АЛРОСА-Нюр;60;20171219;160000;161500;161500;161000;161000;2;0
АЛРОСА-Нюр;60;20171219;170000;161000;161000;160000;160500;8;0
АЛРОСА-Нюр;60;20171219;180000;161000;161500;160000;160000;12;0
АЛРОСА-Нюр;60;20171220;090000;152500;152500;152500;152500;1;0
АЛРОСА-Нюр;60;20171220;100000;145000;147000;145000;145000;22;0
АЛРОСА-Нюр;60;20171220;110000;145000;145000;145000;145000;5;0
АЛРОСА-Нюр;60;20171220;120000;145000;145000;145000;145000;1;0
АЛРОСА-Нюр;60;20171220;130000;145000;146000;145000;146000;3;0
АЛРОСА-Нюр;60;20171220;150000;146000;146000;146000;146000;2;0
АЛРОСА-Нюр;60;20171220;160000;146500;146500;146500;146500;3;0
АЛРОСА-Нюр;60;20171220;170000;147500;147500;147500;147500;1;0
АЛРОСА-Нюр;60;20171220;180000;147000;147000;146500;146500;3;0
АЛРОСА-Нюр;60;20171221;100000;145000;151000;145000;151000;2;0
АЛРОСА-Нюр;60;20171221;110000;144000;145500;143500;145500;4;0
АЛРОСА-Нюр;60;20171222;100000;142500;142500;142500;142500;3;0
АЛРОСА-Нюр;60;20171222;110000;146500;146500;146500;146500;1;0
АЛРОСА-Нюр;60;20171222;120000;145500;145500;145500;145500;1;0
АЛРОСА-Нюр;60;20171225;100000;141500;141500;141500;141500;1;0
АЛРОСА-Нюр;60;20171225;110000;142000;142000;142000;142000;3;0
АЛРОСА-Нюр;60;20171225;130000;141500;141500;141500;141500;1;0
АЛРОСА-Нюр;60;20171225;140000;143500;143500;143500;143500;1;0
АЛРОСА-Нюр;60;20171225;150000;142000;142000;142000;142000;1;0
АЛРОСА-Нюр;60;20171226;100000;144000;144000;144000;144000;1;0
АЛРОСА-Нюр;60;20171226;130000;144000;144000;144000;144000;1;0
АЛРОСА-Нюр;60;20171227;120000;142000;142000;142000;142000;3;0
АЛРОСА-Нюр;60;20171227;140000;141500;141500;141500;141500;1;0
АЛРОСА-Нюр;60;20171227;170000;144000;144000;142000;142000;4;0
АЛРОСА-Нюр;60;20171228;100000;143000;143000;143000;143000;1;0
АЛРОСА-Нюр;60;20171228;110000;143500;143500;143500;143500;3;0
АЛРОСА-Нюр;60;20171228;120000;142000;145500;142000;145500;2;0
АЛРОСА-Нюр;60;20171228;130000;145000;146000;145000;146000;5;0
АЛРОСА-Нюр;60;20171228;140000;145000;145000;145000;145000;1;0
АЛРОСА-Нюр;60;20171228;150000;145000;145000;145000;145000;2;0
АЛРОСА-Нюр;60;20171228;170000;145000;145000;145000;145000;1;0
АЛРОСА-Нюр;60;20171228;180000;146000;146000;145000;145000;7;0
АЛРОСА-Нюр;60;20171229;160000;146000;146000;146000;146000;1;0
