<TICKER>;<PER>;<DATE>;<TIME>;<OPEN>;<HIGH>;<LOW>;<CLOSE>;<VOL>;<OPENINT>
АстрЭнСб;60;20170124;100000;0.452;0.492;0.451;0.485;16;0
АстрЭнСб;60;20170124;130000;0.48;0.48;0.48;0.48;1;0
АстрЭнСб;60;20170124;140000;0.489;0.49;0.476;0.476;8;0
АстрЭнСб;60;20170124;170000;0.477;0.477;0.477;0.477;2;0
АстрЭнСб;60;20170124;180000;0.474;0.49;0.474;0.49;7;0
АстрЭнСб;60;20170125;100000;0.521;0.521;0.49;0.49;6;0
АстрЭнСб;60;20170125;110000;0.49;0.49;0.49;0.49;1;0
АстрЭнСб;60;20170125;150000;0.48;0.48;0.48;0.48;1;0
АстрЭнСб;60;20170125;160000;0.487;0.487;0.487;0.487;1;0
АстрЭнСб;60;20170126;100000;0.48;0.487;0.48;0.487;2;0
АстрЭнСб;60;20170126;110000;0.481;0.481;0.48;0.48;2;0
АстрЭнСб;60;20170126;120000;0.472;0.473;0.462;0.473;7;0
АстрЭнСб;60;20170126;140000;0.471;0.471;0.469;0.47;25;0
АстрЭнСб;60;20170126;170000;0.487;0.487;0.487;0.487;1;0
АстрЭнСб;60;20170127;100000;0.466;0.471;0.45;0.47;118;0
АстрЭнСб;60;20170127;110000;0.467;0.47;0.467;0.47;3;0
АстрЭнСб;60;20170127;120000;0.461;0.467;0.45;0.467;56;0
АстрЭнСб;60;20170127;130000;0.456;0.456;0.441;0.447;86;0
АстрЭнСб;60;20170127;140000;0.442;0.452;0.44;0.452;94;0
АстрЭнСб;60;20170127;150000;0.453;0.453;0.453;0.453;1;0
АстрЭнСб;60;20170127;160000;0.454;0.458;0.454;0.458;11;0
АстрЭнСб;60;20170127;170000;0.464;0.477;0.464;0.477;63;0
АстрЭнСб;60;20170127;180000;0.476;0.478;0.476;0.478;5;0
АстрЭнСб;60;20170130;100000;0.48;0.48;0.478;0.478;11;0
АстрЭнСб;60;20170130;130000;0.471;0.471;0.471;0.471;2;0
АстрЭнСб;60;20170130;160000;0.471;0.471;0.471;0.471;1;0
АстрЭнСб;60;20170130;170000;0.471;0.471;0.468;0.468;18;0
АстрЭнСб;60;20170130;180000;0.479;0.479;0.479;0.479;1;0
АстрЭнСб;60;20170131;100000;0.484;0.49;0.484;0.49;20;0
АстрЭнСб;60;20170131;160000;0.483;0.483;0.46;0.482;3;0
АстрЭнСб;60;20170201;100000;0.466;0.466;0.459;0.459;26;0
АстрЭнСб;60;20170201;110000;0.462;0.462;0.462;0.462;12;0
АстрЭнСб;60;20170201;120000;0.461;0.462;0.461;0.462;30;0
АстрЭнСб;60;20170201;140000;0.462;0.462;0.462;0.462;2;0
АстрЭнСб;60;20170201;150000;0.463;0.482;0.463;0.478;67;0
АстрЭнСб;60;20170201;160000;0.473;0.473;0.472;0.472;3;0
АстрЭнСб;60;20170201;180000;0.477;0.478;0.477;0.478;12;0
АстрЭнСб;60;20170202;110000;0.475;0.476;0.475;0.476;10;0
АстрЭнСб;60;20170202;120000;0.459;0.474;0.456;0.456;24;0
АстрЭнСб;60;20170202;140000;0.455;0.475;0.455;0.47;7;0
АстрЭнСб;60;20170203;100000;0.479;0.479;0.42;0.474;87;0
АстрЭнСб;60;20170203;110000;0.443;0.456;0.439;0.456;34;0
АстрЭнСб;60;20170203;150000;0.454;0.454;0.454;0.454;1;0
АстрЭнСб;60;20170203;160000;0.446;0.446;0.445;0.445;5;0
АстрЭнСб;60;20170203;170000;0.445;0.456;0.445;0.456;6;0
АстрЭнСб;60;20170206;100000;0.47;0.47;0.47;0.47;10;0
АстрЭнСб;60;20170206;130000;0.468;0.47;0.462;0.462;28;0
АстрЭнСб;60;20170206;140000;0.466;0.466;0.466;0.466;1;0
АстрЭнСб;60;20170206;160000;0.445;0.445;0.445;0.445;4;0
АстрЭнСб;60;20170206;170000;0.445;0.456;0.443;0.456;25;0
АстрЭнСб;60;20170207;100000;0.457;0.457;0.457;0.457;1;0
АстрЭнСб;60;20170207;110000;0.455;0.455;0.455;0.455;4;0
АстрЭнСб;60;20170208;110000;0.453;0.453;0.453;0.453;2;0
АстрЭнСб;60;20170208;140000;0.443;0.45;0.443;0.45;8;0
АстрЭнСб;60;20170208;160000;0.443;0.443;0.443;0.443;3;0
АстрЭнСб;60;20170209;100000;0.445;0.456;0.439;0.452;16;0
АстрЭнСб;60;20170209;110000;0.445;0.445;0.445;0.445;1;0
АстрЭнСб;60;20170209;120000;0.439;0.439;0.438;0.438;6;0
АстрЭнСб;60;20170209;150000;0.449;0.45;0.449;0.45;2;0
АстрЭнСб;60;20170210;100000;0.454;0.454;0.454;0.454;1;0
АстрЭнСб;60;20170210;110000;0.449;0.47;0.449;0.47;70;0
АстрЭнСб;60;20170210;120000;0.466;0.466;0.466;0.466;1;0
АстрЭнСб;60;20170210;140000;0.459;0.46;0.459;0.46;10;0
АстрЭнСб;60;20170213;110000;0.456;0.456;0.456;0.456;1;0
АстрЭнСб;60;20170213;120000;0.445;0.446;0.445;0.446;4;0
АстрЭнСб;60;20170213;130000;0.446;0.458;0.446;0.458;12;0
АстрЭнСб;60;20170213;180000;0.45;0.45;0.45;0.45;1;0
АстрЭнСб;60;20170214;130000;0.45;0.45;0.45;0.45;1;0
АстрЭнСб;60;20170215;110000;0.434;0.434;0.431;0.431;18;0
АстрЭнСб;60;20170215;120000;0.431;0.431;0.429;0.429;29;0
АстрЭнСб;60;20170215;130000;0.433;0.44;0.432;0.432;17;0
АстрЭнСб;60;20170215;140000;0.437;0.437;0.437;0.437;1;0
АстрЭнСб;60;20170215;150000;0.436;0.437;0.436;0.436;9;0
АстрЭнСб;60;20170215;160000;0.439;0.439;0.439;0.439;1;0
АстрЭнСб;60;20170216;100000;0.459;0.459;0.444;0.445;5;0
АстрЭнСб;60;20170216;110000;0.428;0.442;0.426;0.442;13;0
АстрЭнСб;60;20170216;120000;0.436;0.436;0.436;0.436;5;0
АстрЭнСб;60;20170217;100000;0.44;0.446;0.44;0.44;3;0
АстрЭнСб;60;20170217;160000;0.435;0.439;0.435;0.439;2;0
АстрЭнСб;60;20170220;100000;0.455;0.455;0.455;0.455;1;0
АстрЭнСб;60;20170221;130000;0.445;0.447;0.427;0.427;264;0
АстрЭнСб;60;20170221;170000;0.44;0.44;0.44;0.44;1;0
АстрЭнСб;60;20170222;100000;0.435;0.435;0.435;0.435;1;0
АстрЭнСб;60;20170222;110000;0.427;0.438;0.423;0.438;13;0
АстрЭнСб;60;20170222;130000;0.428;0.428;0.427;0.427;5;0
АстрЭнСб;60;20170222;140000;0.441;0.441;0.441;0.441;1;0
АстрЭнСб;60;20170222;160000;0.425;0.425;0.425;0.425;11;0
АстрЭнСб;60;20170222;170000;0.425;0.425;0.425;0.425;6;0
АстрЭнСб;60;20170222;180000;0.424;0.424;0.424;0.424;1;0
АстрЭнСб;60;20170224;100000;0.473;0.473;0.473;0.473;1;0
АстрЭнСб;60;20170224;180000;0.424;0.424;0.424;0.424;1;0
АстрЭнСб;60;20170227;100000;0.439;0.439;0.439;0.439;1;0
АстрЭнСб;60;20170227;130000;0.421;0.421;0.421;0.421;1;0
АстрЭнСб;60;20170227;160000;0.438;0.44;0.438;0.44;5;0
АстрЭнСб;60;20170228;100000;0.46;0.46;0.46;0.46;1;0
АстрЭнСб;60;20170228;110000;0.42;0.42;0.415;0.42;4;0
АстрЭнСб;60;20170228;130000;0.44;0.44;0.44;0.44;1;0
АстрЭнСб;60;20170301;100000;0.47;0.47;0.455;0.455;2;0
АстрЭнСб;60;20170303;100000;0.467;0.467;0.424;0.453;7;0
АстрЭнСб;60;20170303;110000;0.423;0.452;0.423;0.452;4;0
АстрЭнСб;60;20170306;100000;0.46;0.46;0.46;0.46;1;0
АстрЭнСб;60;20170306;120000;0.43;0.43;0.43;0.43;4;0
АстрЭнСб;60;20170306;140000;0.425;0.425;0.425;0.425;1;0
АстрЭнСб;60;20170306;160000;0.43;0.442;0.428;0.442;20;0
АстрЭнСб;60;20170307;180000;0.423;0.436;0.421;0.436;11;0
АстрЭнСб;60;20170309;130000;0.421;0.421;0.42;0.42;4;0
АстрЭнСб;60;20170309;140000;0.421;0.421;0.421;0.421;8;0
АстрЭнСб;60;20170309;180000;0.44;0.44;0.44;0.44;1;0
АстрЭнСб;60;20170310;110000;0.418;0.452;0.4;0.452;21;0
АстрЭнСб;60;20170313;100000;0.449;0.451;0.449;0.451;18;0
АстрЭнСб;60;20170313;110000;0.457;0.468;0.457;0.467;135;0
АстрЭнСб;60;20170313;120000;0.467;0.467;0.467;0.467;7;0
АстрЭнСб;60;20170314;130000;0.453;0.453;0.453;0.453;4;0
АстрЭнСб;60;20170314;150000;0.453;0.453;0.453;0.453;4;0
АстрЭнСб;60;20170314;180000;0.465;0.465;0.465;0.465;1;0
АстрЭнСб;60;20170315;130000;0.446;0.462;0.446;0.462;2;0
АстрЭнСб;60;20170315;160000;0.446;0.461;0.435;0.461;34;0
АстрЭнСб;60;20170315;180000;0.434;0.462;0.431;0.462;17;0
АстрЭнСб;60;20170316;100000;0.432;0.46;0.431;0.46;10;0
АстрЭнСб;60;20170316;140000;0.459;0.46;0.459;0.46;3;0
АстрЭнСб;60;20170316;160000;0.433;0.46;0.381;0.46;314;0
АстрЭнСб;60;20170316;180000;0.411;0.425;0.411;0.425;10;0
АстрЭнСб;60;20170317;100000;0.439;0.519;0.439;0.471;1294;0
АстрЭнСб;60;20170317;110000;0.489;0.49;0.462;0.488;154;0
АстрЭнСб;60;20170317;120000;0.486;0.487;0.451;0.453;84;0
АстрЭнСб;60;20170317;130000;0.453;0.468;0.441;0.468;32;0
АстрЭнСб;60;20170317;140000;0.467;0.477;0.467;0.477;16;0
АстрЭнСб;60;20170317;150000;0.445;0.465;0.444;0.465;5;0
АстрЭнСб;60;20170317;160000;0.465;0.474;0.465;0.474;47;0
АстрЭнСб;60;20170317;170000;0.444;0.444;0.441;0.441;10;0
АстрЭнСб;60;20170317;180000;0.467;0.467;0.431;0.431;47;0
АстрЭнСб;60;20170320;100000;0.457;0.47;0.44;0.46;118;0
АстрЭнСб;60;20170320;110000;0.445;0.467;0.435;0.448;42;0
АстрЭнСб;60;20170320;120000;0.45;0.45;0.425;0.427;76;0
АстрЭнСб;60;20170320;130000;0.426;0.445;0.423;0.427;38;0
АстрЭнСб;60;20170320;140000;0.427;0.44;0.417;0.44;88;0
АстрЭнСб;60;20170320;160000;0.424;0.424;0.423;0.423;2;0
АстрЭнСб;60;20170320;170000;0.423;0.423;0.421;0.421;5;0
АстрЭнСб;60;20170320;180000;0.421;0.421;0.421;0.421;2;0
АстрЭнСб;60;20170321;100000;0.458;0.458;0.426;0.426;16;0
АстрЭнСб;60;20170321;110000;0.421;0.421;0.416;0.416;22;0
АстрЭнСб;60;20170321;120000;0.425;0.427;0.425;0.427;15;0
АстрЭнСб;60;20170321;130000;0.425;0.426;0.422;0.422;4;0
АстрЭнСб;60;20170321;140000;0.422;0.433;0.418;0.426;27;0
АстрЭнСб;60;20170321;150000;0.435;0.435;0.43;0.435;3;0
АстрЭнСб;60;20170321;160000;0.437;0.439;0.437;0.439;2;0
АстрЭнСб;60;20170321;170000;0.439;0.439;0.439;0.439;1;0
АстрЭнСб;60;20170321;180000;0.422;0.439;0.42;0.439;369;0
АстрЭнСб;60;20170322;100000;0.42;0.442;0.42;0.442;5;0
АстрЭнСб;60;20170322;120000;0.431;0.435;0.42;0.435;123;0
АстрЭнСб;60;20170322;140000;0.416;0.435;0.406;0.435;60;0
АстрЭнСб;60;20170322;150000;0.43;0.466;0.43;0.466;205;0
АстрЭнСб;60;20170322;160000;0.453;0.457;0.45;0.457;210;0
АстрЭнСб;60;20170322;170000;0.45;0.45;0.45;0.45;9;0
АстрЭнСб;60;20170322;180000;0.454;0.455;0.454;0.455;3;0
АстрЭнСб;60;20170323;100000;0.467;0.467;0.467;0.467;2;0
АстрЭнСб;60;20170323;120000;0.462;0.466;0.457;0.466;196;0
АстрЭнСб;60;20170323;150000;0.457;0.457;0.452;0.452;40;0
АстрЭнСб;60;20170323;180000;0.451;0.451;0.45;0.45;31;0
АстрЭнСб;60;20170324;100000;0.465;0.466;0.451;0.466;4;0
АстрЭнСб;60;20170324;140000;0.451;0.478;0.45;0.478;90;0
АстрЭнСб;60;20170324;150000;0.477;0.478;0.477;0.478;13;0
АстрЭнСб;60;20170324;160000;0.454;0.46;0.454;0.459;6;0
АстрЭнСб;60;20170324;170000;0.468;0.469;0.468;0.469;4;0
АстрЭнСб;60;20170327;100000;0.496;0.497;0.466;0.466;9;0
АстрЭнСб;60;20170327;120000;0.472;0.472;0.46;0.468;9;0
АстрЭнСб;60;20170327;150000;0.456;0.456;0.456;0.456;1;0
АстрЭнСб;60;20170327;180000;0.461;0.469;0.461;0.469;2;0
АстрЭнСб;60;20170328;100000;0.473;0.473;0.473;0.473;1;0
АстрЭнСб;60;20170328;120000;0.458;0.458;0.44;0.457;11;0
АстрЭнСб;60;20170328;130000;0.455;0.471;0.455;0.471;6;0
АстрЭнСб;60;20170328;150000;0.459;0.466;0.453;0.466;157;0
АстрЭнСб;60;20170328;160000;0.453;0.463;0.453;0.455;224;0
АстрЭнСб;60;20170328;180000;0.452;0.465;0.452;0.465;4;0
АстрЭнСб;60;20170329;100000;0.466;0.494;0.465;0.494;14;0
АстрЭнСб;60;20170329;120000;0.47;0.477;0.46;0.477;29;0
АстрЭнСб;60;20170329;130000;0.461;0.461;0.437;0.458;18;0
АстрЭнСб;60;20170330;100000;0.47;0.47;0.47;0.47;1;0
АстрЭнСб;60;20170331;110000;0.458;0.46;0.456;0.459;13;0
АстрЭнСб;60;20170331;120000;0.46;0.46;0.46;0.46;2;0
АстрЭнСб;60;20170331;130000;0.461;0.461;0.461;0.461;1;0
АстрЭнСб;60;20170331;170000;0.46;0.46;0.432;0.433;21;0
АстрЭнСб;60;20170331;180000;0.446;0.464;0.446;0.453;14;0
АстрЭнСб;60;20170403;100000;0.468;0.468;0.468;0.468;1;0
АстрЭнСб;60;20170403;120000;0.442;0.442;0.441;0.441;2;0
АстрЭнСб;60;20170403;130000;0.44;0.44;0.44;0.44;67;0
АстрЭнСб;60;20170403;150000;0.46;0.46;0.46;0.46;1;0
АстрЭнСб;60;20170403;180000;0.461;0.461;0.461;0.461;2;0
АстрЭнСб;60;20170404;100000;0.47;0.47;0.47;0.47;1;0
АстрЭнСб;60;20170405;100000;0.474;0.474;0.474;0.474;1;0
АстрЭнСб;60;20170405;150000;0.445;0.445;0.41;0.43;231;0
АстрЭнСб;60;20170405;160000;0.43;0.439;0.422;0.422;75;0
АстрЭнСб;60;20170405;170000;0.43;0.43;0.43;0.43;1;0
АстрЭнСб;60;20170405;180000;0.444;0.444;0.444;0.444;6;0
АстрЭнСб;60;20170406;100000;0.431;0.444;0.431;0.444;9;0
АстрЭнСб;60;20170406;110000;0.445;0.445;0.445;0.445;2;0
АстрЭнСб;60;20170407;100000;0.444;0.464;0.444;0.456;454;0
АстрЭнСб;60;20170407;110000;0.46;0.46;0.46;0.46;2;0
АстрЭнСб;60;20170407;120000;0.458;0.513;0.458;0.513;206;0
АстрЭнСб;60;20170407;130000;0.48;0.511;0.469;0.469;84;0
АстрЭнСб;60;20170407;140000;0.469;0.499;0.469;0.499;398;0
АстрЭнСб;60;20170407;150000;0.491;0.491;0.48;0.48;87;0
АстрЭнСб;60;20170407;160000;0.48;0.48;0.48;0.48;45;0
АстрЭнСб;60;20170407;170000;0.49;0.515;0.48;0.51;112;0
АстрЭнСб;60;20170407;180000;0.501;0.501;0.48;0.492;45;0
АстрЭнСб;60;20170410;100000;0.49;0.512;0.49;0.496;41;0
АстрЭнСб;60;20170410;110000;0.494;0.494;0.49;0.49;102;0
АстрЭнСб;60;20170410;120000;0.49;0.49;0.49;0.49;1;0
АстрЭнСб;60;20170410;160000;0.494;0.506;0.494;0.5;22;0
АстрЭнСб;60;20170410;180000;0.492;0.492;0.49;0.49;26;0
АстрЭнСб;60;20170411;100000;0.49;0.507;0.49;0.5;141;0
АстрЭнСб;60;20170411;110000;0.492;0.492;0.492;0.492;2;0
АстрЭнСб;60;20170411;130000;0.492;0.492;0.491;0.491;3;0
АстрЭнСб;60;20170411;160000;0.497;0.497;0.497;0.497;1;0
АстрЭнСб;60;20170411;170000;0.491;0.491;0.491;0.491;1;0
АстрЭнСб;60;20170411;180000;0.49;0.49;0.485;0.485;1744;0
АстрЭнСб;60;20170412;100000;0.489;0.508;0.488;0.508;30;0
АстрЭнСб;60;20170412;110000;0.503;0.503;0.503;0.503;5;0
АстрЭнСб;60;20170412;130000;0.501;0.501;0.485;0.501;9;0
АстрЭнСб;60;20170412;140000;0.495;0.495;0.479;0.483;243;0
АстрЭнСб;60;20170412;150000;0.483;0.483;0.475;0.475;49;0
АстрЭнСб;60;20170412;160000;0.475;0.492;0.475;0.481;23;0
АстрЭнСб;60;20170412;180000;0.475;0.492;0.475;0.492;5;0
АстрЭнСб;60;20170413;100000;0.503;0.503;0.503;0.503;5;0
АстрЭнСб;60;20170413;110000;0.502;0.503;0.502;0.503;4;0
АстрЭнСб;60;20170413;120000;0.503;0.503;0.503;0.503;1;0
АстрЭнСб;60;20170413;150000;0.502;0.508;0.475;0.489;416;0
АстрЭнСб;60;20170413;160000;0.49;0.501;0.49;0.501;2;0
АстрЭнСб;60;20170414;100000;0.494;0.505;0.494;0.505;2;0
АстрЭнСб;60;20170414;110000;0.487;0.493;0.487;0.493;2;0
АстрЭнСб;60;20170414;130000;0.494;0.5;0.494;0.5;5;0
АстрЭнСб;60;20170414;180000;0.486;0.486;0.465;0.481;35;0
АстрЭнСб;60;20170417;100000;0.504;0.52;0.504;0.52;8;0
АстрЭнСб;60;20170417;110000;0.505;0.505;0.5;0.5;5;0
АстрЭнСб;60;20170417;120000;0.5;0.5;0.5;0.5;10;0
АстрЭнСб;60;20170417;130000;0.499;0.499;0.48;0.49;120;0
АстрЭнСб;60;20170417;150000;0.482;0.482;0.465;0.471;286;0
АстрЭнСб;60;20170417;160000;0.477;0.498;0.477;0.497;546;0
АстрЭнСб;60;20170418;100000;0.498;0.499;0.498;0.499;5;0
АстрЭнСб;60;20170418;150000;0.492;0.499;0.48;0.489;27;0
АстрЭнСб;60;20170418;160000;0.483;0.499;0.48;0.499;21;0
АстрЭнСб;60;20170418;170000;0.488;0.488;0.483;0.483;2;0
АстрЭнСб;60;20170418;180000;0.489;0.49;0.48;0.48;32;0
АстрЭнСб;60;20170419;100000;0.524;0.524;0.481;0.482;59;0
АстрЭнСб;60;20170419;110000;0.483;0.504;0.483;0.487;5;0
АстрЭнСб;60;20170419;120000;0.481;0.504;0.481;0.491;26;0
АстрЭнСб;60;20170419;130000;0.487;0.503;0.487;0.503;5;0
АстрЭнСб;60;20170419;140000;0.493;0.503;0.48;0.481;50;0
АстрЭнСб;60;20170419;150000;0.48;0.48;0.48;0.48;11;0
АстрЭнСб;60;20170419;160000;0.48;0.48;0.48;0.48;16;0
АстрЭнСб;60;20170420;100000;0.487;0.49;0.482;0.482;14;0
АстрЭнСб;60;20170420;150000;0.477;0.483;0.477;0.483;13;0
АстрЭнСб;60;20170421;100000;0.478;0.503;0.473;0.503;57;0
АстрЭнСб;60;20170421;110000;0.489;0.489;0.484;0.484;15;0
АстрЭнСб;60;20170421;130000;0.48;0.503;0.48;0.503;19;0
АстрЭнСб;60;20170421;150000;0.482;0.482;0.482;0.482;2;0
АстрЭнСб;60;20170424;100000;0.48;0.495;0.48;0.495;19;0
АстрЭнСб;60;20170424;110000;0.499;0.499;0.499;0.499;10;0
АстрЭнСб;60;20170424;130000;0.485;0.486;0.483;0.486;7;0
АстрЭнСб;60;20170424;140000;0.484;0.484;0.484;0.484;1;0
АстрЭнСб;60;20170424;180000;0.484;0.486;0.484;0.486;2;0
АстрЭнСб;60;20170425;100000;0.479;0.48;0.479;0.48;3;0
АстрЭнСб;60;20170425;130000;0.483;0.483;0.48;0.48;5;0
АстрЭнСб;60;20170425;150000;0.48;0.496;0.48;0.496;15;0
АстрЭнСб;60;20170426;100000;0.5;0.5;0.5;0.5;1;0
АстрЭнСб;60;20170426;110000;0.493;0.493;0.493;0.493;5;0
АстрЭнСб;60;20170427;120000;0.487;0.488;0.482;0.482;5;0
АстрЭнСб;60;20170427;140000;0.486;0.5;0.486;0.488;4;0
АстрЭнСб;60;20170428;100000;0.482;0.482;0.482;0.482;5;0
АстрЭнСб;60;20170428;110000;0.487;0.507;0.483;0.507;56;0
АстрЭнСб;60;20170428;120000;0.508;0.534;0.478;0.515;81;0
АстрЭнСб;60;20170428;130000;0.52;0.527;0.479;0.492;73;0
АстрЭнСб;60;20170428;140000;0.493;0.5;0.48;0.484;33;0
АстрЭнСб;60;20170428;160000;0.485;0.499;0.485;0.499;2;0
АстрЭнСб;60;20170502;100000;0.512;0.514;0.512;0.514;14;0
АстрЭнСб;60;20170503;150000;0.5;0.5;0.5;0.5;1;0
АстрЭнСб;60;20170503;180000;0.49;0.49;0.49;0.49;2;0
АстрЭнСб;60;20170504;100000;0.493;0.493;0.49;0.49;9;0
АстрЭнСб;60;20170504;110000;0.483;0.488;0.477;0.488;14;0
АстрЭнСб;60;20170504;120000;0.489;0.49;0.489;0.49;2;0
АстрЭнСб;60;20170504;130000;0.487;0.487;0.487;0.487;9;0
АстрЭнСб;60;20170504;140000;0.495;0.495;0.49;0.49;2;0
АстрЭнСб;60;20170504;150000;0.493;0.493;0.493;0.493;1;0
АстрЭнСб;60;20170504;160000;0.493;0.5;0.492;0.5;7;0
АстрЭнСб;60;20170504;180000;0.5;0.508;0.5;0.508;13;0
АстрЭнСб;60;20170505;140000;0.501;0.501;0.492;0.492;2;0
АстрЭнСб;60;20170505;180000;0.493;0.493;0.493;0.493;1;0
АстрЭнСб;60;20170510;100000;0.499;0.499;0.495;0.495;9;0
АстрЭнСб;60;20170511;100000;0.495;0.495;0.485;0.485;9;0
АстрЭнСб;60;20170511;110000;0.488;0.497;0.488;0.497;2;0
АстрЭнСб;60;20170511;130000;0.486;0.494;0.486;0.494;2;0
АстрЭнСб;60;20170511;140000;0.484;0.484;0.464;0.464;7;0
АстрЭнСб;60;20170511;150000;0.474;0.481;0.47;0.48;16;0
АстрЭнСб;60;20170511;160000;0.488;0.505;0.488;0.505;7;0
АстрЭнСб;60;20170512;120000;0.484;0.484;0.478;0.478;4;0
АстрЭнСб;60;20170512;130000;0.477;0.477;0.47;0.476;8;0
АстрЭнСб;60;20170512;140000;0.498;0.498;0.483;0.49;10;0
АстрЭнСб;60;20170512;150000;0.499;0.499;0.499;0.499;1;0
АстрЭнСб;60;20170515;110000;0.49;0.499;0.49;0.499;2;0
АстрЭнСб;60;20170516;100000;0.487;0.497;0.432;0.497;19;0
АстрЭнСб;60;20170516;120000;0.484;0.484;0.475;0.475;9;0
АстрЭнСб;60;20170516;130000;0.48;0.497;0.48;0.497;4;0
АстрЭнСб;60;20170516;150000;0.495;0.498;0.495;0.498;3;0
АстрЭнСб;60;20170517;100000;0.497;0.5;0.497;0.5;6;0
АстрЭнСб;60;20170517;170000;0.49;0.49;0.479;0.479;2;0
АстрЭнСб;60;20170518;090000;0.509;0.509;0.509;0.509;1;0
АстрЭнСб;60;20170518;100000;0.499;0.5;0.499;0.5;100;0
АстрЭнСб;60;20170518;110000;0.49;0.49;0.49;0.49;1;0
АстрЭнСб;60;20170518;120000;0.481;0.481;0.48;0.48;16;0
АстрЭнСб;60;20170518;140000;0.48;0.48;0.379;0.442;234;0
АстрЭнСб;60;20170518;150000;0.456;0.46;0.43;0.45;15;0
АстрЭнСб;60;20170518;160000;0.444;0.464;0.444;0.463;37;0
АстрЭнСб;60;20170518;180000;0.463;0.463;0.463;0.463;15;0
АстрЭнСб;60;20170519;100000;0.473;0.477;0.462;0.477;29;0
АстрЭнСб;60;20170519;110000;0.474;0.474;0.463;0.463;4;0
АстрЭнСб;60;20170519;160000;0.47;0.47;0.47;0.47;1;0
АстрЭнСб;60;20170519;170000;0.465;0.465;0.463;0.463;2;0
АстрЭнСб;60;20170519;180000;0.47;0.47;0.47;0.47;1;0
АстрЭнСб;60;20170522;100000;0.47;0.477;0.47;0.475;8;0
АстрЭнСб;60;20170522;130000;0.476;0.487;0.476;0.487;18;0
АстрЭнСб;60;20170522;140000;0.488;0.488;0.466;0.475;52;0
АстрЭнСб;60;20170522;160000;0.481;0.481;0.481;0.481;1;0
АстрЭнСб;60;20170522;180000;0.476;0.476;0.433;0.46;52;0
АстрЭнСб;60;20170523;100000;0.464;0.464;0.461;0.461;4;0
АстрЭнСб;60;20170523;110000;0.465;0.465;0.465;0.465;1;0
АстрЭнСб;60;20170523;120000;0.459;0.478;0.458;0.478;15;0
АстрЭнСб;60;20170523;180000;0.471;0.471;0.471;0.471;1;0
АстрЭнСб;60;20170524;100000;0.486;0.486;0.461;0.461;13;0
АстрЭнСб;60;20170524;110000;0.459;0.459;0.456;0.456;15;0
АстрЭнСб;60;20170524;120000;0.455;0.465;0.451;0.465;6;0
АстрЭнСб;60;20170524;130000;0.468;0.468;0.432;0.453;84;0
АстрЭнСб;60;20170524;140000;0.457;0.462;0.454;0.462;11;0
АстрЭнСб;60;20170524;160000;0.459;0.459;0.459;0.459;3;0
АстрЭнСб;60;20170524;180000;0.455;0.455;0.455;0.455;4;0
АстрЭнСб;60;20170525;100000;0.46;0.466;0.457;0.457;9;0
АстрЭнСб;60;20170525;150000;0.455;0.455;0.451;0.451;3;0
АстрЭнСб;60;20170525;160000;0.458;0.458;0.458;0.458;1;0
АстрЭнСб;60;20170525;180000;0.45;0.45;0.45;0.45;1;0
АстрЭнСб;60;20170526;100000;0.457;0.459;0.455;0.459;7;0
АстрЭнСб;60;20170526;180000;0.455;0.455;0.455;0.455;2;0
АстрЭнСб;60;20170529;120000;0.464;0.464;0.464;0.464;1;0
АстрЭнСб;60;20170529;170000;0.462;0.466;0.462;0.466;33;0
АстрЭнСб;60;20170529;180000;0.46;0.46;0.46;0.46;2;0
АстрЭнСб;60;20170530;100000;0.468;0.468;0.468;0.468;1;0
АстрЭнСб;60;20170530;110000;0.461;0.485;0.46;0.485;306;0
АстрЭнСб;60;20170530;120000;0.485;0.499;0.461;0.499;143;0
АстрЭнСб;60;20170530;130000;0.489;0.489;0.46;0.46;139;0
АстрЭнСб;60;20170530;160000;0.462;0.478;0.462;0.478;7;0
АстрЭнСб;60;20170531;100000;0.472;0.472;0.472;0.472;1;0
АстрЭнСб;60;20170531;120000;0.468;0.471;0.468;0.468;5;0
АстрЭнСб;60;20170531;130000;0.46;0.46;0.46;0.46;1;0
АстрЭнСб;60;20170531;150000;0.46;0.46;0.46;0.46;1;0
АстрЭнСб;60;20170601;100000;0.472;0.473;0.459;0.464;20;0
АстрЭнСб;60;20170601;110000;0.47;0.47;0.47;0.47;1;0
АстрЭнСб;60;20170601;130000;0.464;0.464;0.464;0.464;1;0
АстрЭнСб;60;20170601;150000;0.464;0.48;0.464;0.48;4;0
АстрЭнСб;60;20170602;100000;0.465;0.484;0.458;0.458;28;0
АстрЭнСб;60;20170602;120000;0.46;0.46;0.46;0.46;1;0
АстрЭнСб;60;20170602;140000;0.464;0.464;0.451;0.451;11;0
АстрЭнСб;60;20170602;150000;0.458;0.459;0.452;0.459;19;0
АстрЭнСб;60;20170602;170000;0.459;0.459;0.45;0.455;19;0
АстрЭнСб;60;20170602;180000;0.459;0.459;0.459;0.459;3;0
АстрЭнСб;60;20170605;100000;0.47;0.47;0.464;0.466;21;0
АстрЭнСб;60;20170605;110000;0.466;0.466;0.466;0.466;1;0
АстрЭнСб;60;20170606;100000;0.462;0.463;0.458;0.462;18;0
АстрЭнСб;60;20170606;110000;0.458;0.458;0.457;0.457;2;0
АстрЭнСб;60;20170606;120000;0.46;0.46;0.46;0.46;1;0
АстрЭнСб;60;20170606;140000;0.461;0.461;0.461;0.461;1;0
АстрЭнСб;60;20170606;160000;0.467;0.467;0.467;0.467;1;0
АстрЭнСб;60;20170606;170000;0.464;0.464;0.464;0.464;2;0
АстрЭнСб;60;20170607;100000;0.467;0.47;0.467;0.47;2;0
АстрЭнСб;60;20170607;150000;0.467;0.469;0.466;0.466;16;0
АстрЭнСб;60;20170608;100000;0.469;0.469;0.46;0.461;15;0
АстрЭнСб;60;20170608;130000;0.462;0.479;0.462;0.479;2;0
АстрЭнСб;60;20170608;140000;0.475;0.479;0.465;0.466;3327;0
АстрЭнСб;60;20170609;100000;0.462;0.462;0.459;0.461;16;0
АстрЭнСб;60;20170609;110000;0.465;0.474;0.465;0.474;5;0
АстрЭнСб;60;20170615;130000;0.462;0.463;0.461;0.461;7;0
АстрЭнСб;60;20170615;140000;0.46;0.516;0.46;0.516;234;0
АстрЭнСб;60;20170615;150000;0.498;0.507;0.481;0.501;15;0
АстрЭнСб;60;20170615;160000;0.497;0.497;0.497;0.497;1;0
АстрЭнСб;60;20170615;180000;0.487;0.49;0.475;0.475;51;0
АстрЭнСб;60;20170616;100000;0.475;0.48;0.475;0.478;3261;0
АстрЭнСб;60;20170616;120000;0.481;0.481;0.481;0.481;2;0
АстрЭнСб;60;20170616;130000;0.483;0.497;0.482;0.497;5;0
АстрЭнСб;60;20170616;150000;0.487;0.487;0.487;0.487;1;0
АстрЭнСб;60;20170616;160000;0.485;0.485;0.485;0.485;1;0
АстрЭнСб;60;20170616;170000;0.487;0.487;0.487;0.487;100;0
АстрЭнСб;60;20170619;110000;0.468;0.483;0.468;0.473;3;0
АстрЭнСб;60;20170619;130000;0.471;0.484;0.471;0.475;3006;0
АстрЭнСб;60;20170619;140000;0.475;0.477;0.468;0.474;218;0
АстрЭнСб;60;20170619;170000;0.467;0.468;0.46;0.468;26;0
АстрЭнСб;60;20170620;100000;0.47;0.484;0.47;0.484;2;0
АстрЭнСб;60;20170620;110000;0.476;0.476;0.476;0.476;1;0
АстрЭнСб;60;20170620;120000;0.47;0.47;0.47;0.47;1;0
АстрЭнСб;60;20170620;130000;0.474;0.474;0.474;0.474;1;0
АстрЭнСб;60;20170620;140000;0.47;0.471;0.452;0.452;12;0
АстрЭнСб;60;20170620;150000;0.461;0.461;0.45;0.459;7;0
АстрЭнСб;60;20170621;100000;0.459;0.459;0.459;0.459;2;0
АстрЭнСб;60;20170621;120000;0.461;0.474;0.461;0.462;25;0
АстрЭнСб;60;20170621;160000;0.46;0.46;0.46;0.46;1;0
АстрЭнСб;60;20170622;100000;0.461;0.461;0.458;0.461;19;0
АстрЭнСб;60;20170622;130000;0.485;0.499;0.47;0.47;206;0
АстрЭнСб;60;20170622;140000;0.47;0.47;0.47;0.47;5;0
АстрЭнСб;60;20170622;180000;0.465;0.465;0.464;0.464;2;0
АстрЭнСб;60;20170623;100000;0.47;0.47;0.466;0.467;75;0
АстрЭнСб;60;20170623;160000;0.469;0.47;0.469;0.47;7;0
АстрЭнСб;60;20170623;170000;0.456;0.456;0.436;0.436;82;0
АстрЭнСб;60;20170623;180000;0.463;0.492;0.463;0.492;3;0
АстрЭнСб;60;20170626;100000;0.469;0.469;0.469;0.469;1;0
АстрЭнСб;60;20170627;110000;0.47;0.474;0.467;0.467;17;0
АстрЭнСб;60;20170627;140000;0.46;0.47;0.45;0.466;88;0
АстрЭнСб;60;20170627;150000;0.465;0.465;0.464;0.464;3;0
АстрЭнСб;60;20170627;160000;0.465;0.466;0.464;0.464;40;0
АстрЭнСб;60;20170627;170000;0.464;0.464;0.458;0.458;5;0
АстрЭнСб;60;20170627;180000;0.455;0.455;0.455;0.455;4;0
АстрЭнСб;60;20170628;100000;0.461;0.469;0.461;0.469;5;0
АстрЭнСб;60;20170628;110000;0.465;0.465;0.461;0.461;7;0
АстрЭнСб;60;20170628;120000;0.461;0.462;0.461;0.462;2;0
АстрЭнСб;60;20170628;170000;0.461;0.461;0.461;0.461;1;0
АстрЭнСб;60;20170629;120000;0.46;0.462;0.46;0.461;10;0
АстрЭнСб;60;20170629;170000;0.461;0.461;0.461;0.461;3;0
АстрЭнСб;60;20170629;180000;0.46;0.46;0.46;0.46;1;0
АстрЭнСб;60;20170630;100000;0.456;0.462;0.453;0.462;14;0
АстрЭнСб;60;20170630;110000;0.461;0.462;0.461;0.462;2;0
АстрЭнСб;60;20170630;170000;0.462;0.462;0.462;0.462;1;0
АстрЭнСб;60;20170703;100000;0.461;0.461;0.461;0.461;2;0
АстрЭнСб;60;20170703;180000;0.461;0.461;0.461;0.461;1;0
АстрЭнСб;60;20170704;100000;0.459;0.459;0.459;0.459;1;0
АстрЭнСб;60;20170704;110000;0.461;0.461;0.461;0.461;1;0
АстрЭнСб;60;20170704;160000;0.461;0.461;0.46;0.461;6;0
АстрЭнСб;60;20170705;110000;0.46;0.462;0.46;0.462;9;0
АстрЭнСб;60;20170706;100000;0.46;0.461;0.46;0.46;6;0
АстрЭнСб;60;20170706;140000;0.461;0.461;0.461;0.461;2;0
АстрЭнСб;60;20170706;170000;0.458;0.458;0.434;0.441;82;0
АстрЭнСб;60;20170706;180000;0.441;0.457;0.441;0.457;9;0
АстрЭнСб;60;20170707;100000;0.458;0.458;0.453;0.454;15;0
АстрЭнСб;60;20170707;110000;0.454;0.457;0.454;0.457;5;0
АстрЭнСб;60;20170707;120000;0.457;0.457;0.457;0.457;1;0
АстрЭнСб;60;20170707;130000;0.458;0.458;0.458;0.458;1;0
АстрЭнСб;60;20170707;150000;0.458;0.458;0.456;0.456;4;0
АстрЭнСб;60;20170707;160000;0.455;0.455;0.446;0.446;25;0
АстрЭнСб;60;20170707;170000;0.45;0.453;0.45;0.453;24;0
АстрЭнСб;60;20170710;100000;0.456;0.457;0.455;0.457;13;0
АстрЭнСб;60;20170710;140000;0.461;0.461;0.461;0.461;1;0
АстрЭнСб;60;20170710;180000;0.461;0.461;0.461;0.461;1;0
АстрЭнСб;60;20170711;140000;0.459;0.459;0.459;0.459;1;0
АстрЭнСб;60;20170711;150000;0.462;0.465;0.462;0.465;3;0
АстрЭнСб;60;20170712;120000;0.464;0.464;0.463;0.463;2;0
АстрЭнСб;60;20170714;100000;0.498;0.498;0.469;0.498;4;0
АстрЭнСб;60;20170714;180000;0.484;0.484;0.484;0.484;1;0
АстрЭнСб;60;20170717;100000;0.461;0.463;0.46;0.463;7;0
АстрЭнСб;60;20170717;110000;0.465;0.465;0.465;0.465;1;0
АстрЭнСб;60;20170717;120000;0.462;0.462;0.462;0.462;2;0
АстрЭнСб;60;20170717;130000;0.468;0.481;0.468;0.47;4;0
АстрЭнСб;60;20170718;100000;0.466;0.467;0.416;0.466;30;0
АстрЭнСб;60;20170718;160000;0.461;0.461;0.461;0.461;1;0
АстрЭнСб;60;20170718;180000;0.458;0.458;0.458;0.458;2;0
АстрЭнСб;60;20170719;150000;0.456;0.456;0.456;0.456;2;0
АстрЭнСб;60;20170720;100000;0.455;0.455;0.45;0.45;2;0
АстрЭнСб;60;20170720;120000;0.453;0.453;0.452;0.453;9;0
АстрЭнСб;60;20170720;180000;0.452;0.459;0.452;0.459;4;0
АстрЭнСб;60;20170721;100000;0.455;0.455;0.455;0.455;1;0
АстрЭнСб;60;20170721;160000;0.458;0.458;0.458;0.458;1;0
АстрЭнСб;60;20170724;110000;0.456;0.456;0.414;0.453;82;0
АстрЭнСб;60;20170724;120000;0.453;0.454;0.453;0.454;2;0
АстрЭнСб;60;20170725;100000;0.455;0.455;0.454;0.454;2;0
АстрЭнСб;60;20170725;110000;0.455;0.455;0.455;0.455;1;0
АстрЭнСб;60;20170725;130000;0.456;0.461;0.456;0.461;4;0
АстрЭнСб;60;20170725;140000;0.456;0.456;0.456;0.456;1;0
АстрЭнСб;60;20170725;170000;0.454;0.454;0.452;0.452;2;0
АстрЭнСб;60;20170725;180000;0.458;0.458;0.458;0.458;2;0
АстрЭнСб;60;20170727;150000;0.458;0.458;0.458;0.458;1;0
АстрЭнСб;60;20170727;170000;0.459;0.469;0.459;0.464;10;0
АстрЭнСб;60;20170728;100000;0.455;0.459;0.452;0.459;9;0
АстрЭнСб;60;20170728;170000;0.463;0.469;0.463;0.469;6;0
АстрЭнСб;60;20170731;100000;0.461;0.461;0.461;0.461;2;0
АстрЭнСб;60;20170731;120000;0.462;0.462;0.462;0.462;2;0
АстрЭнСб;60;20170731;170000;0.462;0.468;0.462;0.468;3;0
АстрЭнСб;60;20170801;120000;0.464;0.464;0.464;0.464;1;0
АстрЭнСб;60;20170802;100000;0.459;0.463;0.459;0.463;5;0
АстрЭнСб;60;20170803;140000;0.46;0.46;0.459;0.459;2;0
АстрЭнСб;60;20170804;130000;0.459;0.462;0.459;0.461;10;0
АстрЭнСб;60;20170804;180000;0.468;0.468;0.468;0.468;3;0
АстрЭнСб;60;20170807;120000;0.463;0.466;0.461;0.464;21;0
АстрЭнСб;60;20170807;130000;0.461;0.461;0.461;0.461;2;0
АстрЭнСб;60;20170807;140000;0.462;0.463;0.46;0.463;15;0
АстрЭнСб;60;20170807;180000;0.472;0.472;0.472;0.472;5;0
АстрЭнСб;60;20170808;100000;0.461;0.478;0.458;0.469;63;0
АстрЭнСб;60;20170808;110000;0.47;0.47;0.469;0.47;6;0
АстрЭнСб;60;20170808;130000;0.477;0.478;0.477;0.478;2;0
АстрЭнСб;60;20170808;140000;0.471;0.478;0.47;0.47;44;0
АстрЭнСб;60;20170808;150000;0.473;0.477;0.47;0.47;7;0
АстрЭнСб;60;20170808;180000;0.471;0.472;0.471;0.472;3;0
АстрЭнСб;60;20170809;100000;0.465;0.477;0.462;0.467;38;0
АстрЭнСб;60;20170809;110000;0.467;0.477;0.467;0.467;6;0
АстрЭнСб;60;20170809;180000;0.477;0.477;0.477;0.477;4;0
АстрЭнСб;60;20170810;100000;0.469;0.48;0.469;0.472;32;0
АстрЭнСб;60;20170810;120000;0.468;0.471;0.465;0.471;13;0
АстрЭнСб;60;20170810;180000;0.475;0.475;0.475;0.475;7;0
АстрЭнСб;60;20170816;110000;0.468;0.483;0.468;0.483;25;0
АстрЭнСб;60;20170817;160000;0.469;0.469;0.469;0.469;1;0
АстрЭнСб;60;20170817;170000;0.469;0.478;0.469;0.478;3;0
АстрЭнСб;60;20170817;180000;0.467;0.478;0.467;0.478;3;0
АстрЭнСб;60;20170818;170000;0.47;0.47;0.47;0.47;3;0
АстрЭнСб;60;20170818;180000;0.477;0.477;0.477;0.477;1;0
АстрЭнСб;60;20170821;100000;0.456;0.476;0.431;0.476;17;0
АстрЭнСб;60;20170822;090000;0.455;0.455;0.455;0.455;1;0
АстрЭнСб;60;20170822;100000;0.475;0.475;0.475;0.475;1;0
АстрЭнСб;60;20170822;170000;0.463;0.475;0.46;0.469;19;0
АстрЭнСб;60;20170823;100000;0.474;0.474;0.474;0.474;1;0
АстрЭнСб;60;20170823;120000;0.46;0.469;0.46;0.469;14;0
АстрЭнСб;60;20170823;140000;0.461;0.468;0.461;0.468;25;0
АстрЭнСб;60;20170823;170000;0.463;0.463;0.463;0.463;1;0
АстрЭнСб;60;20170824;180000;0.46;0.46;0.46;0.46;93;0
АстрЭнСб;60;20170825;100000;0.455;0.455;0.45;0.45;2;0
АстрЭнСб;60;20170825;110000;0.468;0.468;0.468;0.468;1;0
АстрЭнСб;60;20170828;110000;0.472;0.473;0.472;0.473;7;0
АстрЭнСб;60;20170828;180000;0.469;0.469;0.469;0.469;1;0
АстрЭнСб;60;20170829;130000;0.465;0.477;0.465;0.466;25;0
АстрЭнСб;60;20170829;140000;0.466;0.466;0.465;0.465;9;0
АстрЭнСб;60;20170829;180000;0.465;0.465;0.465;0.465;1;0
АстрЭнСб;60;20170830;100000;0.449;0.47;0.449;0.47;5;0
АстрЭнСб;60;20170830;110000;0.474;0.474;0.474;0.474;1;0
АстрЭнСб;60;20170830;180000;0.46;0.46;0.46;0.46;1;0
АстрЭнСб;60;20170901;100000;0.469;0.481;0.469;0.481;14;0
АстрЭнСб;60;20170901;110000;0.469;0.477;0.469;0.477;5;0
АстрЭнСб;60;20170901;140000;0.467;0.467;0.467;0.467;1;0
АстрЭнСб;60;20170901;160000;0.465;0.465;0.465;0.465;1;0
АстрЭнСб;60;20170904;100000;0.469;0.475;0.469;0.475;11;0
АстрЭнСб;60;20170904;110000;0.463;0.475;0.463;0.475;18;0
АстрЭнСб;60;20170904;130000;0.466;0.475;0.465;0.475;42;0
АстрЭнСб;60;20170904;140000;0.475;0.475;0.468;0.468;6;0
АстрЭнСб;60;20170904;160000;0.466;0.49;0.465;0.482;139;0
АстрЭнСб;60;20170904;170000;0.489;0.499;0.465;0.499;112;0
АстрЭнСб;60;20170904;180000;0.498;0.499;0.464;0.464;27;0
АстрЭнСб;60;20170905;090000;0.468;0.468;0.468;0.468;1;0
АстрЭнСб;60;20170905;100000;0.468;0.49;0.467;0.48;44;0
АстрЭнСб;60;20170905;110000;0.477;0.477;0.467;0.47;37;0
АстрЭнСб;60;20170905;120000;0.475;0.475;0.469;0.469;3;0
АстрЭнСб;60;20170905;130000;0.471;0.477;0.467;0.469;22;0
АстрЭнСб;60;20170905;140000;0.469;0.489;0.467;0.489;153;0
АстрЭнСб;60;20170905;150000;0.489;0.491;0.467;0.478;91;0
АстрЭнСб;60;20170905;160000;0.467;0.477;0.465;0.465;42;0
АстрЭнСб;60;20170905;170000;0.468;0.468;0.468;0.468;1;0
АстрЭнСб;60;20170905;180000;0.468;0.468;0.468;0.468;2;0
АстрЭнСб;60;20170906;100000;0.463;0.464;0.46;0.464;25;0
АстрЭнСб;60;20170906;120000;0.468;0.487;0.468;0.487;11;0
АстрЭнСб;60;20170906;130000;0.472;0.472;0.47;0.47;13;0
АстрЭнСб;60;20170906;140000;0.469;0.474;0.469;0.474;5;0
АстрЭнСб;60;20170906;150000;0.473;0.473;0.473;0.473;1;0
АстрЭнСб;60;20170906;170000;0.472;0.472;0.472;0.472;3;0
АстрЭнСб;60;20170907;110000;0.475;0.475;0.47;0.47;101;0
АстрЭнСб;60;20170907;120000;0.47;0.473;0.47;0.473;4;0
АстрЭнСб;60;20170907;130000;0.472;0.472;0.47;0.471;124;0
АстрЭнСб;60;20170907;140000;0.472;0.472;0.471;0.471;3;0
АстрЭнСб;60;20170907;150000;0.47;0.47;0.47;0.47;99;0
АстрЭнСб;60;20170907;170000;0.469;0.472;0.469;0.472;51;0
АстрЭнСб;60;20170907;180000;0.47;0.472;0.47;0.471;16;0
АстрЭнСб;60;20170908;110000;0.47;0.47;0.47;0.47;507;0
АстрЭнСб;60;20170908;170000;0.477;0.477;0.477;0.477;1;0
АстрЭнСб;60;20170908;180000;0.475;0.475;0.475;0.475;499;0
АстрЭнСб;60;20170911;110000;0.476;0.476;0.475;0.476;23;0
АстрЭнСб;60;20170911;130000;0.475;0.475;0.475;0.475;2;0
АстрЭнСб;60;20170911;140000;0.475;0.475;0.475;0.475;2;0
АстрЭнСб;60;20170911;170000;0.476;0.476;0.476;0.476;1;0
АстрЭнСб;60;20170912;100000;0.475;0.476;0.475;0.476;151;0
АстрЭнСб;60;20170912;110000;0.476;0.476;0.475;0.475;2;0
АстрЭнСб;60;20170912;130000;0.476;0.476;0.476;0.476;5;0
АстрЭнСб;60;20170912;150000;0.475;0.476;0.475;0.476;151;0
АстрЭнСб;60;20170912;160000;0.476;0.476;0.476;0.476;1;0
АстрЭнСб;60;20170912;170000;0.475;0.475;0.475;0.475;1;0
АстрЭнСб;60;20170912;180000;0.475;0.475;0.475;0.475;2;0
АстрЭнСб;60;20170913;090000;0.475;0.475;0.475;0.475;1;0
АстрЭнСб;60;20170913;100000;0.476;0.476;0.476;0.476;51;0
АстрЭнСб;60;20170913;110000;0.476;0.476;0.476;0.476;1;0
АстрЭнСб;60;20170913;130000;0.475;0.475;0.475;0.475;43;0
АстрЭнСб;60;20170913;150000;0.475;0.475;0.475;0.475;1;0
АстрЭнСб;60;20170913;160000;0.475;0.476;0.475;0.476;2;0
АстрЭнСб;60;20170913;170000;0.475;0.476;0.475;0.475;3;0
АстрЭнСб;60;20170913;180000;0.476;0.476;0.476;0.476;1;0
АстрЭнСб;60;20170914;090000;0.475;0.475;0.475;0.475;1;0
АстрЭнСб;60;20170914;100000;0.475;0.475;0.475;0.475;1;0
АстрЭнСб;60;20170914;120000;0.476;0.476;0.476;0.476;27;0
АстрЭнСб;60;20170914;150000;0.475;0.475;0.475;0.475;1;0
АстрЭнСб;60;20170914;160000;0.476;0.476;0.476;0.476;1;0
АстрЭнСб;60;20170914;180000;0.475;0.475;0.475;0.475;1;0
АстрЭнСб;60;20170915;100000;0.476;0.476;0.476;0.476;1;0
АстрЭнСб;60;20170915;110000;0.476;0.478;0.476;0.478;4;0
АстрЭнСб;60;20170915;120000;0.482;0.483;0.477;0.477;10;0
АстрЭнСб;60;20170915;130000;0.477;0.477;0.477;0.477;1;0
АстрЭнСб;60;20170915;180000;0.476;0.476;0.476;0.476;1;0
АстрЭнСб;60;20170918;100000;0.476;0.476;0.476;0.476;6;0
АстрЭнСб;60;20170918;170000;0.475;0.475;0.475;0.475;1;0
АстрЭнСб;60;20170919;110000;0.465;0.465;0.465;0.465;2;0
АстрЭнСб;60;20170919;140000;0.472;0.472;0.472;0.472;1;0
АстрЭнСб;60;20170921;100000;0.468;0.468;0.468;0.468;1;0
АстрЭнСб;60;20170921;110000;0.476;0.483;0.465;0.473;13;0
АстрЭнСб;60;20170922;100000;0.46;0.469;0.46;0.469;9;0
АстрЭнСб;60;20170925;100000;0.473;0.473;0.467;0.467;5;0
АстрЭнСб;60;20170925;110000;0.464;0.465;0.464;0.465;9;0
АстрЭнСб;60;20170925;120000;0.466;0.466;0.466;0.466;1;0
АстрЭнСб;60;20170925;130000;0.466;0.466;0.466;0.466;13;0
АстрЭнСб;60;20170925;140000;0.478;0.478;0.478;0.478;2;0
АстрЭнСб;60;20170925;170000;0.477;0.477;0.474;0.474;2;0
АстрЭнСб;60;20170926;100000;0.465;0.468;0.465;0.468;3;0
АстрЭнСб;60;20170926;110000;0.472;0.472;0.472;0.472;1;0
АстрЭнСб;60;20170928;100000;0.472;0.472;0.471;0.471;8;0
АстрЭнСб;60;20170928;160000;0.472;0.479;0.472;0.479;10;0
АстрЭнСб;60;20170929;110000;0.475;0.475;0.474;0.475;3;0
АстрЭнСб;60;20170929;120000;0.475;0.475;0.475;0.475;1;0
АстрЭнСб;60;20171002;110000;0.475;0.475;0.475;0.475;2;0
АстрЭнСб;60;20171002;160000;0.475;0.475;0.475;0.475;2;0
АстрЭнСб;60;20171005;100000;0.474;0.474;0.474;0.474;2;0
АстрЭнСб;60;20171005;130000;0.474;0.474;0.474;0.474;1;0
АстрЭнСб;60;20171006;100000;0.475;0.475;0.475;0.475;1;0
АстрЭнСб;60;20171006;150000;0.474;0.474;0.474;0.474;1;0
АстрЭнСб;60;20171006;160000;0.475;0.475;0.475;0.475;1;0
АстрЭнСб;60;20171006;170000;0.475;0.475;0.475;0.475;1;0
АстрЭнСб;60;20171009;100000;0.475;0.475;0.475;0.475;2;0
АстрЭнСб;60;20171009;170000;0.475;0.475;0.475;0.475;3;0
АстрЭнСб;60;20171010;100000;0.477;0.494;0.477;0.481;25;0
АстрЭнСб;60;20171010;110000;0.481;0.481;0.481;0.481;1;0
АстрЭнСб;60;20171010;120000;0.482;0.482;0.481;0.482;3;0
АстрЭнСб;60;20171010;130000;0.481;0.487;0.48;0.487;14;0
АстрЭнСб;60;20171010;140000;0.483;0.483;0.483;0.483;1;0
АстрЭнСб;60;20171010;150000;0.484;0.484;0.484;0.484;1;0
АстрЭнСб;60;20171010;170000;0.483;0.483;0.48;0.481;201;0
АстрЭнСб;60;20171010;180000;0.481;0.481;0.481;0.481;19;0
АстрЭнСб;60;20171011;170000;0.483;0.484;0.483;0.484;4;0
АстрЭнСб;60;20171012;170000;0.483;0.494;0.483;0.49;4;0
АстрЭнСб;60;20171012;180000;0.491;0.491;0.49;0.49;29;0
АстрЭнСб;60;20171013;120000;0.478;0.478;0.478;0.478;2;0
АстрЭнСб;60;20171013;130000;0.478;0.478;0.478;0.478;4;0
АстрЭнСб;60;20171016;150000;0.482;0.482;0.482;0.482;1;0
АстрЭнСб;60;20171016;170000;0.481;0.481;0.48;0.48;298;0
АстрЭнСб;60;20171016;180000;0.48;0.48;0.48;0.48;173;0
АстрЭнСб;60;20171017;170000;0.48;0.48;0.48;0.48;1;0
АстрЭнСб;60;20171018;180000;0.481;0.481;0.481;0.481;1;0
АстрЭнСб;60;20171019;110000;0.483;0.484;0.483;0.484;5;0
АстрЭнСб;60;20171019;170000;0.484;0.484;0.484;0.484;4;0
АстрЭнСб;60;20171020;120000;0.476;0.476;0.476;0.476;2;0
АстрЭнСб;60;20171024;140000;0.476;0.484;0.476;0.484;11;0
АстрЭнСб;60;20171024;150000;0.484;0.484;0.476;0.476;33;0
АстрЭнСб;60;20171024;160000;0.476;0.476;0.476;0.476;31;0
АстрЭнСб;60;20171026;140000;0.484;0.484;0.484;0.484;1;0
АстрЭнСб;60;20171026;170000;0.484;0.494;0.484;0.494;10;0
АстрЭнСб;60;20171026;180000;0.484;0.484;0.484;0.484;1;0
АстрЭнСб;60;20171031;130000;0.484;0.484;0.484;0.484;1;0
АстрЭнСб;60;20171101;130000;0.484;0.484;0.484;0.484;2;0
АстрЭнСб;60;20171101;140000;0.482;0.488;0.482;0.488;4;0
АстрЭнСб;60;20171101;160000;0.482;0.482;0.482;0.482;1;0
АстрЭнСб;60;20171107;110000;0.489;0.498;0.489;0.498;2;0
АстрЭнСб;60;20171108;130000;0.465;0.487;0.463;0.487;410;0
АстрЭнСб;60;20171109;110000;0.49;0.49;0.49;0.49;1;0
АстрЭнСб;60;20171109;150000;0.467;0.473;0.459;0.473;304;0
АстрЭнСб;60;20171109;170000;0.46;0.46;0.458;0.458;23;0
АстрЭнСб;60;20171109;180000;0.459;0.46;0.459;0.46;20;0
АстрЭнСб;60;20171110;100000;0.46;0.46;0.46;0.46;12;0
АстрЭнСб;60;20171110;110000;0.46;0.472;0.46;0.472;80;0
АстрЭнСб;60;20171110;120000;0.469;0.471;0.46;0.46;19;0
АстрЭнСб;60;20171110;130000;0.46;0.46;0.46;0.46;6;0
АстрЭнСб;60;20171110;140000;0.46;0.46;0.46;0.46;87;0
АстрЭнСб;60;20171110;160000;0.461;0.461;0.461;0.461;3;0
АстрЭнСб;60;20171113;160000;0.463;0.463;0.462;0.462;8;0
АстрЭнСб;60;20171114;100000;0.479;0.48;0.47;0.48;29;0
АстрЭнСб;60;20171114;110000;0.481;0.49;0.481;0.489;14;0
АстрЭнСб;60;20171114;120000;0.488;0.488;0.487;0.487;2;0
АстрЭнСб;60;20171114;130000;0.486;0.486;0.485;0.485;2;0
АстрЭнСб;60;20171114;150000;0.483;0.483;0.48;0.48;3;0
АстрЭнСб;60;20171116;100000;0.49;0.49;0.49;0.49;1;0
АстрЭнСб;60;20171116;170000;0.46;0.46;0.46;0.46;1;0
АстрЭнСб;60;20171116;180000;0.47;0.486;0.47;0.486;2;0
АстрЭнСб;60;20171117;110000;0.488;0.488;0.48;0.488;4;0
АстрЭнСб;60;20171117;120000;0.485;0.485;0.482;0.482;2;0
АстрЭнСб;60;20171120;180000;0.481;0.481;0.478;0.478;4;0
АстрЭнСб;60;20171121;100000;0.475;0.475;0.46;0.47;17;0
АстрЭнСб;60;20171121;140000;0.471;0.471;0.471;0.471;1;0
АстрЭнСб;60;20171121;170000;0.471;0.472;0.471;0.472;2;0
АстрЭнСб;60;20171122;140000;0.476;0.476;0.476;0.476;1;0
АстрЭнСб;60;20171124;160000;0.48;0.48;0.478;0.478;3;0
АстрЭнСб;60;20171124;170000;0.478;0.478;0.478;0.478;1;0
АстрЭнСб;60;20171127;100000;0.486;0.489;0.48;0.489;33;0
АстрЭнСб;60;20171127;110000;0.488;0.488;0.487;0.487;2;0
АстрЭнСб;60;20171127;120000;0.487;0.487;0.48;0.48;8;0
АстрЭнСб;60;20171127;180000;0.485;0.485;0.485;0.485;1;0
АстрЭнСб;60;20171128;100000;0.481;0.481;0.48;0.48;2;0
АстрЭнСб;60;20171128;110000;0.48;0.48;0.48;0.48;1;0
АстрЭнСб;60;20171128;120000;0.48;0.48;0.48;0.48;1;0
АстрЭнСб;60;20171128;160000;0.481;0.481;0.481;0.481;1;0
АстрЭнСб;60;20171129;110000;0.482;0.482;0.482;0.482;1;0
АстрЭнСб;60;20171129;180000;0.482;0.482;0.471;0.471;12;0
АстрЭнСб;60;20171204;110000;0.476;0.485;0.476;0.485;10;0
АстрЭнСб;60;20171204;130000;0.48;0.482;0.464;0.47;34;0
АстрЭнСб;60;20171204;140000;0.469;0.469;0.46;0.46;95;0
АстрЭнСб;60;20171204;160000;0.465;0.469;0.458;0.467;26;0
АстрЭнСб;60;20171204;170000;0.468;0.47;0.468;0.47;8;0
АстрЭнСб;60;20171205;160000;0.465;0.465;0.465;0.465;1;0
АстрЭнСб;60;20171207;110000;0.47;0.47;0.47;0.47;1;0
АстрЭнСб;60;20171208;110000;0.471;0.472;0.47;0.472;3;0
АстрЭнСб;60;20171208;120000;0.47;0.472;0.46;0.465;2402;0
АстрЭнСб;60;20171208;130000;0.465;0.465;0.465;0.465;3;0
АстрЭнСб;60;20171208;180000;0.46;0.463;0.455;0.463;18;0
АстрЭнСб;60;20171211;100000;0.463;0.463;0.46;0.46;26;0
АстрЭнСб;60;20171211;110000;0.463;0.464;0.463;0.464;3;0
АстрЭнСб;60;20171211;130000;0.465;0.468;0.465;0.468;16;0
АстрЭнСб;60;20171212;150000;0.467;0.467;0.467;0.467;1;0
АстрЭнСб;60;20171213;100000;0.462;0.467;0.462;0.467;2;0
АстрЭнСб;60;20171213;110000;0.467;0.468;0.467;0.468;3;0
АстрЭнСб;60;20171214;180000;0.463;0.463;0.463;0.463;1;0
АстрЭнСб;60;20171218;100000;0.462;0.466;0.46;0.466;5;0
АстрЭнСб;60;20171218;180000;0.462;0.462;0.462;0.462;2000;0
АстрЭнСб;60;20171219;100000;0.467;0.492;0.467;0.475;2078;0
АстрЭнСб;60;20171219;120000;0.475;0.475;0.475;0.475;1;0
АстрЭнСб;60;20171219;180000;0.474;0.474;0.465;0.47;33;0
АстрЭнСб;60;20171220;100000;0.475;0.475;0.464;0.469;3996;0
АстрЭнСб;60;20171220;110000;0.464;0.464;0.464;0.464;1;0
АстрЭнСб;60;20171220;120000;0.469;0.469;0.469;0.469;1;0
АстрЭнСб;60;20171220;130000;0.47;0.47;0.47;0.47;10;0
АстрЭнСб;60;20171221;150000;0.465;0.468;0.463;0.468;4;0
АстрЭнСб;60;20171221;160000;0.469;0.517;0.469;0.517;60;0
АстрЭнСб;60;20171221;170000;0.479;0.481;0.479;0.481;12;0
АстрЭнСб;60;20171221;180000;0.479;0.48;0.47;0.471;3488;0
АстрЭнСб;60;20171222;100000;0.475;0.499;0.47;0.47;761;0
АстрЭнСб;60;20171225;100000;0.476;0.478;0.476;0.478;3;0
АстрЭнСб;60;20171225;110000;0.473;0.473;0.47;0.47;5;0
АстрЭнСб;60;20171225;120000;0.47;0.485;0.47;0.48;1603;0
АстрЭнСб;60;20171225;130000;0.479;0.479;0.474;0.474;6;0
АстрЭнСб;60;20171225;160000;0.473;0.473;0.463;0.465;3490;0
АстрЭнСб;60;20171225;170000;0.465;0.465;0.465;0.465;59;0
АстрЭнСб;60;20171226;100000;0.469;0.494;0.469;0.486;1748;0
АстрЭнСб;60;20171226;110000;0.486;0.486;0.479;0.484;35;0
АстрЭнСб;60;20171226;140000;0.478;0.478;0.474;0.474;6;0
АстрЭнСб;60;20171226;150000;0.473;0.473;0.472;0.472;3;0
АстрЭнСб;60;20171226;180000;0.472;0.472;0.47;0.47;65;0
АстрЭнСб;60;20171227;150000;0.473;0.502;0.473;0.502;152;0
АстрЭнСб;60;20171227;160000;0.502;0.502;0.485;0.488;209;0
АстрЭнСб;60;20171227;180000;0.486;0.5;0.471;0.5;2825;0
АстрЭнСб;60;20171228;110000;0.495;0.495;0.495;0.495;1;0
АстрЭнСб;60;20171228;120000;0.494;0.5;0.494;0.5;48;0
АстрЭнСб;60;20171228;130000;0.499;0.499;0.494;0.494;15;0
АстрЭнСб;60;20171228;140000;0.494;0.494;0.494;0.494;1;0
АстрЭнСб;60;20171229;100000;0.5;0.5;0.5;0.5;16;0
АстрЭнСб;60;20171229;110000;0.501;0.51;0.501;0.51;2073;0
АстрЭнСб;60;20171229;120000;0.508;0.517;0.508;0.508;130;0
АстрЭнСб;60;20171229;140000;0.507;0.507;0.505;0.505;28;0
АстрЭнСб;60;20171229;150000;0.504;0.504;0.5;0.5;52;0
АстрЭнСб;60;20171229;180000;0.501;0.501;0.499;0.499;332;0
