<TICKER>;<PER>;<DATE>;<TIME>;<OPEN>;<HIGH>;<LOW>;<CLOSE>;<VOL>;<OPENINT>
БашИнСв ап;60;20170124;150000;4.24;4.24;4.24;4.24;2;0
БашИнСв ап;60;20170125;100000;4.3;4.3;4.3;4.3;2;0
БашИнСв ап;60;20170127;160000;4.33;4.33;4.33;4.33;1;0
БашИнСв ап;60;20170202;100000;4.32;4.34;4.32;4.34;5;0
БашИнСв ап;60;20170203;180000;4.31;4.31;4.27;4.27;2;0
БашИнСв ап;60;20170207;100000;4.32;4.32;4.32;4.32;1;0
БашИнСв ап;60;20170207;120000;4.32;4.32;4.32;4.32;2;0
БашИнСв ап;60;20170207;140000;4.33;4.33;4.33;4.33;1;0
БашИнСв ап;60;20170207;150000;4.34;4.44;4.32;4.32;11;0
БашИнСв ап;60;20170207;160000;4.28;4.28;4.28;4.28;1;0
БашИнСв ап;60;20170208;180000;4.33;4.33;4.33;4.33;1;0
БашИнСв ап;60;20170209;100000;4.33;4.36;4.33;4.36;5;0
БашИнСв ап;60;20170213;120000;4.38;4.39;4.38;4.39;3;0
БашИнСв ап;60;20170214;110000;4.4;4.4;4.4;4.4;1;0
БашИнСв ап;60;20170216;180000;4.27;4.4;4.26;4.35;7;0
БашИнСв ап;60;20170217;180000;4.36;4.36;4.36;4.36;4;0
БашИнСв ап;60;20170220;130000;4.22;4.35;4.22;4.35;2;0
БашИнСв ап;60;20170221;160000;4.35;4.35;4.35;4.35;2;0
БашИнСв ап;60;20170227;120000;4.25;4.25;4.25;4.25;1;0
БашИнСв ап;60;20170228;110000;4.2;4.27;4.2;4.27;3;0
БашИнСв ап;60;20170301;160000;4.16;4.16;4.16;4.16;1;0
БашИнСв ап;60;20170306;100000;4.21;4.21;4.07;4.15;20;0
БашИнСв ап;60;20170306;110000;4.16;4.16;4.15;4.15;3;0
БашИнСв ап;60;20170306;120000;4.22;4.44;4.22;4.44;20;0
БашИнСв ап;60;20170309;100000;4.23;4.23;4.22;4.22;3;0
БашИнСв ап;60;20170309;170000;4.22;4.22;4.1;4.1;4;0
БашИнСв ап;60;20170309;180000;4.1;4.1;3.8;3.8;57;0
БашИнСв ап;60;20170310;100000;4.23;4.23;4.23;4.23;1;0
БашИнСв ап;60;20170310;130000;4.22;4.22;4.22;4.22;5;0
БашИнСв ап;60;20170310;140000;4.05;4.05;4.02;4.02;5;0
БашИнСв ап;60;20170310;180000;4.18;4.18;4.18;4.18;1;0
БашИнСв ап;60;20170313;100000;4.15;4.15;4.15;4.15;1;0
БашИнСв ап;60;20170314;110000;4.1;4.1;4.1;4.1;6;0
БашИнСв ап;60;20170316;160000;4.16;4.16;4.16;4.16;1;0
БашИнСв ап;60;20170317;160000;4.21;4.21;4.21;4.21;3;0
БашИнСв ап;60;20170321;150000;4.15;4.15;4.1;4.1;29;0
БашИнСв ап;60;20170322;140000;4.1;4.1;4.1;4.1;3;0
БашИнСв ап;60;20170322;170000;4.1;4.1;4.1;4.1;16;0
БашИнСв ап;60;20170322;180000;4.1;4.1;4.1;4.1;11;0
БашИнСв ап;60;20170323;110000;4.16;4.16;4.16;4.16;1;0
БашИнСв ап;60;20170323;120000;4.16;4.17;4.16;4.17;2;0
БашИнСв ап;60;20170324;140000;4.15;4.15;4.06;4.06;3;0
БашИнСв ап;60;20170327;170000;4.15;4.16;4.15;4.16;2;0
БашИнСв ап;60;20170329;160000;4.1;4.1;4.1;4.1;1;0
БашИнСв ап;60;20170329;180000;4.08;4.08;4.08;4.08;1;0
БашИнСв ап;60;20170330;150000;4.09;4.09;3.82;4.04;57;0
БашИнСв ап;60;20170330;160000;3.95;3.98;3.88;3.98;11;0
БашИнСв ап;60;20170330;170000;3.89;3.94;3.89;3.94;2;0
БашИнСв ап;60;20170330;180000;3.9;3.9;3.8;3.8;184;0
БашИнСв ап;60;20170331;100000;3.88;3.91;3.83;3.83;7;0
БашИнСв ап;60;20170331;120000;3.91;3.91;3.91;3.91;2;0
БашИнСв ап;60;20170331;170000;3.84;3.84;3.84;3.84;4;0
БашИнСв ап;60;20170404;110000;3.83;3.83;3.83;3.83;7;0
БашИнСв ап;60;20170404;140000;3.85;3.85;3.84;3.84;5;0
БашИнСв ап;60;20170404;160000;3.9;3.9;3.9;3.9;2;0
БашИнСв ап;60;20170405;180000;3.9;3.9;3.9;3.9;1;0
БашИнСв ап;60;20170406;100000;3.9;3.9;3.9;3.9;2;0
БашИнСв ап;60;20170406;120000;3.9;3.9;3.9;3.9;1;0
БашИнСв ап;60;20170406;180000;3.91;3.91;3.91;3.91;1;0
БашИнСв ап;60;20170407;160000;3.89;3.89;3.89;3.89;1;0
БашИнСв ап;60;20170410;120000;3.8;3.8;3.8;3.8;11;0
БашИнСв ап;60;20170410;130000;3.8;3.8;3.77;3.77;26;0
БашИнСв ап;60;20170410;140000;3.77;3.77;3.77;3.77;10;0
БашИнСв ап;60;20170410;170000;3.72;3.72;3.72;3.72;5;0
БашИнСв ап;60;20170410;180000;3.77;3.77;3.77;3.77;4;0
БашИнСв ап;60;20170411;110000;3.8;3.8;3.8;3.8;4;0
БашИнСв ап;60;20170411;140000;3.84;3.85;3.84;3.85;20;0
БашИнСв ап;60;20170411;150000;3.85;3.85;3.85;3.85;42;0
БашИнСв ап;60;20170412;100000;3.78;3.78;3.71;3.71;18;0
БашИнСв ап;60;20170412;120000;3.84;3.87;3.84;3.85;9;0
БашИнСв ап;60;20170412;150000;3.85;3.85;3.85;3.85;2;0
БашИнСв ап;60;20170412;170000;3.87;3.88;3.87;3.88;10;0
БашИнСв ап;60;20170413;170000;3.85;3.85;3.85;3.85;1;0
БашИнСв ап;60;20170413;180000;3.84;4.11;3.84;4.08;34;0
БашИнСв ап;60;20170414;110000;3.83;3.83;3.71;3.71;34;0
БашИнСв ап;60;20170414;140000;3.99;4;3.99;4;5;0
БашИнСв ап;60;20170417;170000;3.85;3.85;3.85;3.85;2;0
БашИнСв ап;60;20170417;180000;3.9;3.9;3.9;3.9;1;0
БашИнСв ап;60;20170418;150000;3.81;3.81;3.81;3.81;10;0
БашИнСв ап;60;20170419;120000;3.94;3.94;3.94;3.94;2;0
БашИнСв ап;60;20170419;130000;3.92;3.93;3.92;3.93;3;0
БашИнСв ап;60;20170421;100000;3.77;3.77;3.71;3.71;12;0
БашИнСв ап;60;20170421;110000;3.9;3.9;3.9;3.9;1;0
БашИнСв ап;60;20170421;160000;3.92;3.92;3.86;3.86;2;0
БашИнСв ап;60;20170424;170000;3.88;3.88;3.88;3.88;4;0
БашИнСв ап;60;20170425;170000;3.88;3.88;3.85;3.85;9;0
БашИнСв ап;60;20170426;170000;3.85;3.85;3.73;3.75;13;0
БашИнСв ап;60;20170426;180000;3.83;3.84;3.83;3.84;3;0
БашИнСв ап;60;20170427;150000;3.81;3.81;3.77;3.77;21;0
БашИнСв ап;60;20170427;160000;3.77;3.77;3.76;3.76;8;0
БашИнСв ап;60;20170428;140000;3.9;3.98;3.9;3.98;3;0
БашИнСв ап;60;20170428;150000;3.98;3.98;3.98;3.98;4;0
БашИнСв ап;60;20170510;160000;3.93;3.93;3.93;3.93;1;0
БашИнСв ап;60;20170511;120000;3.94;3.94;3.93;3.93;11;0
БашИнСв ап;60;20170511;140000;3.94;3.94;3.94;3.94;1;0
БашИнСв ап;60;20170511;180000;3.94;3.94;3.94;3.94;2;0
БашИнСв ап;60;20170512;090000;3.8;3.8;3.8;3.8;1;0
БашИнСв ап;60;20170512;100000;3.95;3.95;3.95;3.95;1;0
БашИнСв ап;60;20170515;180000;3.9;3.9;3.9;3.9;4;0
БашИнСв ап;60;20170516;180000;3.81;3.81;3.81;3.81;4;0
БашИнСв ап;60;20170518;160000;3.84;3.84;3.84;3.84;1;0
БашИнСв ап;60;20170518;170000;3.81;3.81;3.8;3.8;11;0
БашИнСв ап;60;20170519;160000;3.93;3.93;3.93;3.93;1;0
БашИнСв ап;60;20170522;170000;3.95;3.95;3.95;3.95;1;0
БашИнСв ап;60;20170526;180000;3.81;3.81;3.71;3.71;11;0
БашИнСв ап;60;20170529;180000;3.75;3.75;3.71;3.71;11;0
БашИнСв ап;60;20170530;110000;3.89;3.89;3.89;3.89;1;0
БашИнСв ап;60;20170530;130000;3.75;3.75;3.75;3.75;1;0
БашИнСв ап;60;20170531;170000;3.74;3.74;3.74;3.74;2;0
БашИнСв ап;60;20170601;110000;3.84;3.85;3.68;3.7;12;0
БашИнСв ап;60;20170601;130000;3.84;3.85;3.84;3.85;5;0
БашИнСв ап;60;20170601;160000;3.84;3.84;3.84;3.84;1;0
БашИнСв ап;60;20170602;170000;3.84;3.84;3.84;3.84;1;0
БашИнСв ап;60;20170605;170000;3.84;3.84;3.84;3.84;2;0
БашИнСв ап;60;20170606;170000;3.84;3.84;3.84;3.84;2;0
БашИнСв ап;60;20170606;180000;3.7;3.7;3.7;3.7;6;0
БашИнСв ап;60;20170607;100000;3.83;3.83;3.83;3.83;1;0
БашИнСв ап;60;20170607;140000;3.71;3.71;3.71;3.71;1;0
БашИнСв ап;60;20170607;160000;3.83;3.83;3.83;3.83;2;0
БашИнСв ап;60;20170607;180000;3.82;3.82;3.82;3.82;1;0
БашИнСв ап;60;20170608;170000;3.75;3.75;3.7;3.7;4;0
БашИнСв ап;60;20170609;180000;3.82;3.82;3.73;3.73;3;0
БашИнСв ап;60;20170613;140000;3.78;3.78;3.78;3.78;1;0
БашИнСв ап;60;20170614;120000;3.72;3.72;3.7;3.7;5;0
БашИнСв ап;60;20170614;130000;3.73;3.73;3.73;3.73;1;0
БашИнСв ап;60;20170614;160000;3.74;3.75;3.74;3.75;2;0
БашИнСв ап;60;20170615;110000;3.77;3.77;3.77;3.77;1;0
БашИнСв ап;60;20170615;140000;3.67;3.67;3.67;3.67;1;0
БашИнСв ап;60;20170616;100000;3.76;3.76;3.76;3.76;3;0
БашИнСв ап;60;20170616;160000;3.76;3.76;3.76;3.76;2;0
БашИнСв ап;60;20170620;110000;3.85;3.85;3.77;3.77;3;0
БашИнСв ап;60;20170620;160000;3.78;3.78;3.78;3.78;1;0
БашИнСв ап;60;20170621;110000;3.74;3.78;3.66;3.78;15;0
БашИнСв ап;60;20170621;170000;3.8;3.8;3.8;3.8;1;0
БашИнСв ап;60;20170622;160000;3.72;3.72;3.72;3.72;1;0
БашИнСв ап;60;20170622;180000;3.8;3.8;3.8;3.8;1;0
БашИнСв ап;60;20170623;130000;3.77;3.82;3.77;3.82;25;0
БашИнСв ап;60;20170623;180000;3.77;3.82;3.77;3.82;2;0
БашИнСв ап;60;20170626;100000;3.72;3.72;3.72;3.72;10;0
БашИнСв ап;60;20170627;140000;3.8;3.8;3.8;3.8;1;0
БашИнСв ап;60;20170627;170000;3.8;3.8;3.8;3.8;1;0
БашИнСв ап;60;20170628;110000;3.84;3.84;3.84;3.84;2;0
БашИнСв ап;60;20170628;120000;3.84;3.84;3.84;3.84;1;0
БашИнСв ап;60;20170628;150000;3.79;3.79;3.78;3.78;9;0
БашИнСв ап;60;20170628;160000;3.83;3.83;3.83;3.83;2;0
БашИнСв ап;60;20170629;120000;3.79;3.79;3.79;3.79;1;0
БашИнСв ап;60;20170629;150000;3.86;3.88;3.86;3.88;5;0
БашИнСв ап;60;20170630;100000;3.87;3.87;3.87;3.87;3;0
БашИнСв ап;60;20170703;100000;3.93;3.93;3.93;3.93;1;0
БашИнСв ап;60;20170704;100000;3.82;3.82;3.8;3.8;16;0
БашИнСв ап;60;20170704;110000;3.79;3.79;3.77;3.77;9;0
БашИнСв ап;60;20170704;130000;3.78;3.78;3.78;3.78;15;0
БашИнСв ап;60;20170704;180000;3.87;3.87;3.87;3.87;2;0
БашИнСв ап;60;20170706;100000;3.89;3.89;3.89;3.89;2;0
БашИнСв ап;60;20170706;110000;3.89;3.9;3.89;3.89;8;0
БашИнСв ап;60;20170706;120000;3.89;3.89;3.89;3.89;2;0
БашИнСв ап;60;20170706;130000;3.89;3.89;3.88;3.88;8;0
БашИнСв ап;60;20170706;140000;3.89;3.89;3.89;3.89;2;0
БашИнСв ап;60;20170706;150000;3.89;3.89;3.89;3.89;4;0
БашИнСв ап;60;20170706;160000;3.89;3.89;3.89;3.89;3;0
БашИнСв ап;60;20170706;170000;3.88;3.89;3.88;3.89;4;0
БашИнСв ап;60;20170706;180000;3.89;3.89;3.89;3.89;8;0
БашИнСв ап;60;20170707;120000;3.91;3.91;3.91;3.91;1;0
БашИнСв ап;60;20170707;180000;3.91;3.91;3.89;3.89;6;0
БашИнСв ап;60;20170710;100000;3.63;3.64;3.58;3.64;8;0
БашИнСв ап;60;20170710;110000;3.65;3.68;3.65;3.68;6;0
БашИнСв ап;60;20170710;120000;3.72;3.73;3.65;3.73;3;0
БашИнСв ап;60;20170710;160000;3.7;3.7;3.7;3.7;1;0
БашИнСв ап;60;20170710;180000;3.72;3.72;3.72;3.72;1;0
БашИнСв ап;60;20170711;110000;3.72;3.73;3.72;3.73;4;0
БашИнСв ап;60;20170711;180000;3.7;3.7;3.7;3.7;1;0
БашИнСв ап;60;20170712;150000;3.7;3.7;3.7;3.7;2;0
БашИнСв ап;60;20170712;170000;3.7;3.7;3.7;3.7;1;0
БашИнСв ап;60;20170714;150000;3.66;3.66;3.66;3.66;6;0
БашИнСв ап;60;20170714;180000;3.72;3.72;3.72;3.72;2;0
БашИнСв ап;60;20170717;160000;3.74;3.74;3.74;3.74;1;0
БашИнСв ап;60;20170717;170000;3.7;3.7;3.7;3.7;1;0
БашИнСв ап;60;20170717;180000;3.68;3.68;3.68;3.68;1;0
БашИнСв ап;60;20170719;130000;3.72;3.75;3.72;3.75;8;0
БашИнСв ап;60;20170720;090000;3.75;3.75;3.75;3.75;1;0
БашИнСв ап;60;20170721;100000;3.74;3.74;3.74;3.74;2;0
БашИнСв ап;60;20170721;110000;3.7;3.7;3.68;3.68;3;0
БашИнСв ап;60;20170721;140000;3.68;3.68;3.68;3.68;5;0
БашИнСв ап;60;20170725;100000;3.69;3.69;3.69;3.69;1;0
БашИнСв ап;60;20170725;110000;3.7;3.7;3.7;3.7;2;0
БашИнСв ап;60;20170725;130000;3.69;3.69;3.69;3.69;1;0
БашИнСв ап;60;20170726;100000;3.69;3.69;3.69;3.69;1;0
БашИнСв ап;60;20170726;120000;3.69;3.69;3.68;3.68;14;0
БашИнСв ап;60;20170726;170000;3.7;3.7;3.7;3.7;2;0
БашИнСв ап;60;20170728;100000;3.7;3.7;3.7;3.7;2;0
БашИнСв ап;60;20170728;150000;3.67;3.7;3.67;3.7;7;0
БашИнСв ап;60;20170728;170000;3.7;3.7;3.7;3.7;1;0
БашИнСв ап;60;20170731;130000;3.68;3.68;3.68;3.68;1;0
БашИнСв ап;60;20170731;140000;3.7;3.7;3.7;3.7;1;0
БашИнСв ап;60;20170731;160000;3.69;3.69;3.69;3.69;1;0
БашИнСв ап;60;20170801;150000;3.72;3.72;3.72;3.72;1;0
БашИнСв ап;60;20170802;180000;3.68;3.68;3.68;3.68;1;0
БашИнСв ап;60;20170803;140000;3.7;3.75;3.7;3.74;13;0
БашИнСв ап;60;20170803;180000;3.72;3.72;3.72;3.72;1;0
БашИнСв ап;60;20170809;160000;3.69;3.69;3.68;3.68;6;0
БашИнСв ап;60;20170809;170000;3.68;3.69;3.68;3.69;2;0
БашИнСв ап;60;20170810;130000;3.69;3.69;3.68;3.68;2;0
БашИнСв ап;60;20170810;140000;3.69;3.71;3.68;3.68;9;0
БашИнСв ап;60;20170810;150000;3.68;3.69;3.68;3.69;3;0
БашИнСв ап;60;20170810;160000;3.7;3.72;3.69;3.7;6;0
БашИнСв ап;60;20170810;170000;3.68;3.7;3.68;3.7;5;0
БашИнСв ап;60;20170810;180000;3.7;3.7;3.68;3.68;2;0
БашИнСв ап;60;20170811;100000;3.67;3.67;3.67;3.67;1;0
БашИнСв ап;60;20170811;110000;3.72;3.78;3.72;3.78;7;0
БашИнСв ап;60;20170811;130000;3.71;3.71;3.68;3.68;7;0
БашИнСв ап;60;20170811;170000;3.7;3.73;3.69;3.7;11;0
БашИнСв ап;60;20170811;180000;3.73;3.73;3.73;3.73;1;0
БашИнСв ап;60;20170814;150000;3.7;3.7;3.7;3.7;4;0
БашИнСв ап;60;20170814;170000;3.7;3.7;3.7;3.7;1;0
БашИнСв ап;60;20170814;180000;3.71;3.73;3.67;3.67;22;0
БашИнСв ап;60;20170815;100000;3.85;3.99;3.85;3.99;11;0
БашИнСв ап;60;20170815;110000;3.76;3.81;3.73;3.81;5;0
БашИнСв ап;60;20170815;120000;3.79;3.81;3.75;3.81;156;0
БашИнСв ап;60;20170815;130000;3.76;3.82;3.71;3.8;303;0
БашИнСв ап;60;20170815;140000;3.74;3.82;3.73;3.79;212;0
БашИнСв ап;60;20170815;150000;3.78;3.79;3.75;3.75;117;0
БашИнСв ап;60;20170815;180000;3.76;3.8;3.74;3.74;13;0
БашИнСв ап;60;20170816;170000;3.73;3.73;3.73;3.73;1;0
БашИнСв ап;60;20170817;100000;3.83;3.86;3.83;3.86;6;0
БашИнСв ап;60;20170818;110000;3.74;3.74;3.74;3.74;1;0
БашИнСв ап;60;20170818;130000;3.75;3.75;3.75;3.75;1;0
БашИнСв ап;60;20170818;160000;3.74;3.74;3.73;3.73;2;0
БашИнСв ап;60;20170821;150000;3.74;3.83;3.74;3.83;2;0
БашИнСв ап;60;20170822;160000;3.73;3.73;3.71;3.73;27;0
БашИнСв ап;60;20170823;110000;3.75;3.75;3.75;3.75;1;0
БашИнСв ап;60;20170824;110000;3.75;3.75;3.75;3.75;1;0
БашИнСв ап;60;20170824;170000;3.74;3.74;3.74;3.74;2;0
БашИнСв ап;60;20170825;100000;3.73;3.73;3.71;3.71;5;0
БашИнСв ап;60;20170828;150000;3.73;3.73;3.72;3.72;7;0
БашИнСв ап;60;20170829;120000;3.72;3.72;3.72;3.72;2;0
БашИнСв ап;60;20170829;130000;3.72;3.72;3.72;3.72;2;0
БашИнСв ап;60;20170829;150000;3.72;3.72;3.72;3.72;1;0
БашИнСв ап;60;20170830;100000;3.72;3.72;3.72;3.72;5;0
БашИнСв ап;60;20170830;140000;3.72;3.72;3.72;3.72;2;0
БашИнСв ап;60;20170830;150000;3.72;3.72;3.72;3.72;1;0
БашИнСв ап;60;20170831;180000;3.78;3.78;3.78;3.78;1;0
БашИнСв ап;60;20170901;100000;3.76;3.76;3.68;3.73;27;0
БашИнСв ап;60;20170901;120000;3.7;3.7;3.7;3.7;2;0
БашИнСв ап;60;20170901;140000;3.7;3.7;3.7;3.7;7;0
БашИнСв ап;60;20170901;150000;3.69;3.69;3.68;3.69;4;0
БашИнСв ап;60;20170901;160000;3.68;3.68;3.68;3.68;5;0
БашИнСв ап;60;20170901;170000;3.69;3.69;3.69;3.69;1;0
БашИнСв ап;60;20170904;100000;3.71;3.71;3.68;3.68;4;0
БашИнСв ап;60;20170904;160000;3.68;3.68;3.68;3.68;15;0
БашИнСв ап;60;20170905;110000;3.67;3.67;3.66;3.66;33;0
БашИнСв ап;60;20170905;170000;3.66;3.66;3.66;3.66;1;0
БашИнСв ап;60;20170907;160000;3.67;3.67;3.67;3.67;1;0
БашИнСв ап;60;20170908;150000;3.69;3.69;3.69;3.69;1;0
БашИнСв ап;60;20170908;160000;3.68;3.68;3.66;3.66;19;0
БашИнСв ап;60;20170911;100000;3.67;3.67;3.67;3.67;5;0
БашИнСв ап;60;20170911;120000;3.67;3.67;3.67;3.67;6;0
БашИнСв ап;60;20170911;140000;3.69;3.74;3.69;3.74;9;0
БашИнСв ап;60;20170911;150000;3.74;3.74;3.74;3.74;4;0
БашИнСв ап;60;20170911;160000;3.74;3.74;3.74;3.74;4;0
БашИнСв ап;60;20170911;170000;3.74;3.74;3.74;3.74;5;0
БашИнСв ап;60;20170911;180000;3.74;3.74;3.74;3.74;2;0
БашИнСв ап;60;20170912;140000;3.73;3.73;3.73;3.73;2;0
БашИнСв ап;60;20170912;150000;3.74;3.75;3.74;3.75;8;0
БашИнСв ап;60;20170913;110000;3.68;3.68;3.68;3.68;1;0
БашИнСв ап;60;20170913;150000;3.69;3.69;3.69;3.69;11;0
БашИнСв ап;60;20170914;100000;3.67;3.67;3.67;3.67;1;0
БашИнСв ап;60;20170914;170000;3.73;3.73;3.73;3.73;1;0
БашИнСв ап;60;20170918;100000;3.74;3.74;3.71;3.74;11;0
БашИнСв ап;60;20170918;120000;3.74;3.74;3.74;3.74;1;0
БашИнСв ап;60;20170918;150000;3.74;3.74;3.74;3.74;2;0
БашИнСв ап;60;20170918;160000;3.74;3.74;3.74;3.74;3;0
БашИнСв ап;60;20170918;180000;3.74;3.74;3.74;3.74;1;0
БашИнСв ап;60;20170919;130000;3.75;3.8;3.75;3.79;7;0
БашИнСв ап;60;20170920;110000;3.7;3.7;3.7;3.7;1;0
БашИнСв ап;60;20170920;120000;3.7;3.7;3.7;3.7;1;0
БашИнСв ап;60;20170921;130000;3.76;3.76;3.76;3.76;1;0
БашИнСв ап;60;20170921;160000;3.77;3.77;3.77;3.77;3;0
БашИнСв ап;60;20170921;170000;3.78;3.78;3.78;3.78;5;0
БашИнСв ап;60;20170922;100000;3.79;3.79;3.79;3.79;1;0
БашИнСв ап;60;20170922;120000;3.79;3.79;3.79;3.79;1;0
БашИнСв ап;60;20170922;130000;3.79;3.79;3.79;3.79;1;0
БашИнСв ап;60;20170922;160000;3.8;3.8;3.8;3.8;1;0
БашИнСв ап;60;20170925;120000;3.82;3.84;3.82;3.84;3;0
БашИнСв ап;60;20170925;150000;3.8;3.8;3.8;3.8;2;0
БашИнСв ап;60;20170926;170000;3.81;3.81;3.81;3.81;2;0
БашИнСв ап;60;20170926;180000;3.82;3.82;3.82;3.82;1;0
БашИнСв ап;60;20170927;100000;3.8;3.8;3.8;3.8;5;0
БашИнСв ап;60;20170927;120000;3.83;3.83;3.83;3.83;1;0
БашИнСв ап;60;20170928;140000;3.78;3.79;3.75;3.79;6;0
БашИнСв ап;60;20170928;150000;3.79;3.8;3.79;3.8;8;0
БашИнСв ап;60;20170928;170000;3.82;3.9;3.82;3.88;20;0
БашИнСв ап;60;20170929;110000;3.8;3.8;3.8;3.8;2;0
БашИнСв ап;60;20170929;150000;3.85;3.85;3.85;3.85;10;0
БашИнСв ап;60;20170929;160000;3.87;3.87;3.87;3.87;1;0
БашИнСв ап;60;20170929;170000;3.87;3.87;3.87;3.87;1;0
БашИнСв ап;60;20171002;130000;3.88;3.88;3.88;3.88;3;0
БашИнСв ап;60;20171002;140000;3.89;3.97;3.89;3.97;11;0
БашИнСв ап;60;20171003;160000;3.88;3.88;3.88;3.88;1;0
БашИнСв ап;60;20171003;170000;3.88;3.88;3.87;3.87;2;0
БашИнСв ап;60;20171003;180000;3.86;3.86;3.86;3.86;2;0
БашИнСв ап;60;20171004;150000;3.83;3.83;3.8;3.8;13;0
БашИнСв ап;60;20171009;140000;3.88;3.88;3.82;3.82;4;0
БашИнСв ап;60;20171009;170000;3.88;3.88;3.88;3.88;1;0
БашИнСв ап;60;20171010;130000;3.87;3.87;3.87;3.87;2;0
БашИнСв ап;60;20171010;180000;3.88;3.91;3.88;3.91;9;0
БашИнСв ап;60;20171011;180000;3.91;3.91;3.91;3.91;2;0
БашИнСв ап;60;20171012;100000;3.88;3.88;3.88;3.88;3;0
БашИнСв ап;60;20171013;120000;3.95;3.95;3.95;3.95;1;0
БашИнСв ап;60;20171016;120000;3.85;3.85;3.85;3.85;1;0
БашИнСв ап;60;20171016;150000;3.94;3.97;3.94;3.97;5;0
БашИнСв ап;60;20171018;100000;3.98;3.99;3.98;3.99;2;0
БашИнСв ап;60;20171019;170000;3.96;3.96;3.96;3.96;11;0
БашИнСв ап;60;20171020;100000;3.96;3.96;3.96;3.96;11;0
БашИнСв ап;60;20171020;120000;3.87;3.9;3.87;3.9;2;0
БашИнСв ап;60;20171020;150000;3.94;3.94;3.94;3.94;1;0
БашИнСв ап;60;20171023;100000;3.98;4.52;3.92;3.92;1085;0
БашИнСв ап;60;20171023;120000;4;4;4;4;2;0
БашИнСв ап;60;20171023;140000;3.99;3.99;3.99;3.99;1;0
БашИнСв ап;60;20171023;150000;3.99;4;3.99;4;2;0
БашИнСв ап;60;20171023;170000;3.96;3.96;3.94;3.94;10;0
БашИнСв ап;60;20171023;180000;3.95;3.95;3.91;3.91;20;0
БашИнСв ап;60;20171024;100000;3.91;3.91;3.85;3.85;2;0
БашИнСв ап;60;20171024;160000;3.9;3.9;3.85;3.85;13;0
БашИнСв ап;60;20171024;180000;3.9;3.9;3.9;3.9;3;0
БашИнСв ап;60;20171025;160000;3.87;3.87;3.83;3.83;10;0
БашИнСв ап;60;20171025;170000;3.87;3.87;3.87;3.87;1;0
БашИнСв ап;60;20171025;180000;3.85;3.85;3.85;3.85;14;0
БашИнСв ап;60;20171026;120000;3.9;3.9;3.9;3.9;2;0
БашИнСв ап;60;20171026;160000;3.91;3.91;3.91;3.91;1;0
БашИнСв ап;60;20171027;100000;3.84;3.85;3.83;3.83;3;0
БашИнСв ап;60;20171027;110000;3.9;3.9;3.9;3.9;3;0
БашИнСв ап;60;20171027;120000;3.93;3.95;3.93;3.95;4;0
БашИнСв ап;60;20171027;130000;3.95;3.95;3.95;3.95;3;0
БашИнСв ап;60;20171027;150000;3.95;3.95;3.95;3.95;2;0
БашИнСв ап;60;20171027;160000;3.95;3.95;3.95;3.95;2;0
БашИнСв ап;60;20171027;170000;3.95;3.95;3.95;3.95;4;0
БашИнСв ап;60;20171030;120000;3.93;3.93;3.93;3.93;3;0
БашИнСв ап;60;20171030;140000;3.93;4;3.93;4;98;0
БашИнСв ап;60;20171031;180000;4.06;4.06;4.06;4.06;1;0
БашИнСв ап;60;20171101;100000;3.93;3.93;3.93;3.93;150;0
БашИнСв ап;60;20171101;130000;4.04;4.08;4.04;4.08;5;0
БашИнСв ап;60;20171102;100000;3.96;3.96;3.96;3.96;140;0
БашИнСв ап;60;20171103;100000;3.94;3.94;3.94;3.94;150;0
БашИнСв ап;60;20171103;110000;3.98;3.98;3.98;3.98;1;0
БашИнСв ап;60;20171103;160000;4.03;4.04;4.03;4.04;2;0
БашИнСв ап;60;20171107;130000;4.02;4.03;4.02;4.03;102;0
БашИнСв ап;60;20171107;160000;4.04;4.05;4.04;4.05;4;0
БашИнСв ап;60;20171108;110000;3.96;3.96;3.89;3.89;200;0
БашИнСв ап;60;20171108;170000;3.9;3.9;3.9;3.9;5;0
БашИнСв ап;60;20171108;180000;3.9;3.9;3.9;3.9;4;0
БашИнСв ап;60;20171109;100000;3.9;3.9;3.9;3.9;2;0
БашИнСв ап;60;20171109;120000;3.9;3.9;3.9;3.9;1;0
БашИнСв ап;60;20171109;170000;3.88;3.88;3.88;3.88;1;0
БашИнСв ап;60;20171110;100000;3.89;3.9;3.89;3.9;15;0
БашИнСв ап;60;20171110;140000;3.91;3.91;3.91;3.91;1;0
БашИнСв ап;60;20171110;160000;3.91;3.91;3.91;3.91;3;0
БашИнСв ап;60;20171110;180000;3.91;3.91;3.91;3.91;1;0
БашИнСв ап;60;20171115;110000;3.94;3.94;3.94;3.94;1;0
БашИнСв ап;60;20171115;120000;3.87;3.87;3.87;3.87;4;0
БашИнСв ап;60;20171115;130000;3.88;3.88;3.88;3.88;1;0
БашИнСв ап;60;20171115;150000;3.89;3.89;3.89;3.89;1;0
БашИнСв ап;60;20171115;160000;3.9;3.9;3.9;3.9;2;0
БашИнСв ап;60;20171115;180000;3.89;3.89;3.89;3.89;13;0
БашИнСв ап;60;20171116;150000;3.87;3.87;3.81;3.85;13;0
БашИнСв ап;60;20171117;180000;3.91;3.91;3.91;3.91;1;0
БашИнСв ап;60;20171120;150000;3.91;3.91;3.9;3.9;3;0
БашИнСв ап;60;20171121;160000;3.84;3.84;3.8;3.8;8;0
БашИнСв ап;60;20171121;170000;3.8;3.8;3.75;3.75;6;0
БашИнСв ап;60;20171121;180000;3.79;3.8;3.79;3.8;9;0
БашИнСв ап;60;20171122;140000;3.77;3.77;3.77;3.77;1;0
БашИнСв ап;60;20171122;150000;3.76;3.76;3.76;3.76;4;0
БашИнСв ап;60;20171122;170000;3.79;3.79;3.79;3.79;2;0
БашИнСв ап;60;20171128;100000;3.75;3.8;3.71;3.8;29;0
БашИнСв ап;60;20171128;170000;3.83;3.88;3.82;3.82;56;0
БашИнСв ап;60;20171128;180000;3.83;3.83;3.83;3.83;1;0
БашИнСв ап;60;20171129;130000;3.85;3.85;3.85;3.85;2;0
БашИнСв ап;60;20171129;160000;3.85;3.85;3.85;3.85;1;0
БашИнСв ап;60;20171129;180000;3.87;3.87;3.87;3.87;1;0
БашИнСв ап;60;20171130;120000;3.87;3.87;3.87;3.87;10;0
БашИнСв ап;60;20171130;140000;3.88;3.89;3.88;3.89;4;0
БашИнСв ап;60;20171130;150000;3.9;3.93;3.9;3.9;7;0
БашИнСв ап;60;20171130;170000;3.9;3.9;3.9;3.9;26;0
БашИнСв ап;60;20171130;180000;3.9;4.05;3.9;4.05;61;0
БашИнСв ап;60;20171201;180000;4;4;3.95;3.95;2;0
БашИнСв ап;60;20171204;130000;3.9;3.9;3.9;3.9;1;0
БашИнСв ап;60;20171205;130000;3.9;3.9;3.9;3.9;1;0
БашИнСв ап;60;20171206;180000;3.92;3.92;3.66;3.66;95;0
БашИнСв ап;60;20171207;100000;3.88;3.88;3.87;3.87;6;0
БашИнСв ап;60;20171207;160000;3.85;3.88;3.85;3.88;7;0
БашИнСв ап;60;20171207;180000;3.88;3.97;3.88;3.97;8;0
БашИнСв ап;60;20171208;100000;3.78;3.9;3.66;3.9;405;0
БашИнСв ап;60;20171208;140000;3.9;3.9;3.9;3.9;2;0
БашИнСв ап;60;20171208;150000;3.92;3.92;3.92;3.92;1;0
БашИнСв ап;60;20171208;170000;3.89;3.89;3.89;3.89;1;0
БашИнСв ап;60;20171211;170000;3.9;3.9;3.9;3.9;4;0
БашИнСв ап;60;20171212;110000;3.83;3.83;3.83;3.83;1;0
БашИнСв ап;60;20171213;180000;3.83;3.85;3.83;3.85;5;0
БашИнСв ап;60;20171215;180000;3.82;3.82;3.82;3.82;1;0
БашИнСв ап;60;20171218;180000;3.82;3.82;3.82;3.82;1;0
БашИнСв ап;60;20171220;120000;3.78;3.78;3.71;3.71;5;0
БашИнСв ап;60;20171220;170000;3.8;3.8;3.8;3.8;1;0
БашИнСв ап;60;20171221;110000;3.73;3.73;3.72;3.72;2;0
БашИнСв ап;60;20171221;160000;3.85;3.85;3.85;3.85;2;0
БашИнСв ап;60;20171225;110000;3.86;3.86;3.86;3.86;3;0
БашИнСв ап;60;20171225;140000;3.85;3.85;3.85;3.85;1;0
БашИнСв ап;60;20171225;160000;3.85;3.85;3.85;3.85;1;0
БашИнСв ап;60;20171226;110000;3.78;3.78;3.78;3.78;2;0
БашИнСв ап;60;20171226;160000;3.78;3.78;3.78;3.78;1;0
БашИнСв ап;60;20171227;100000;3.86;3.86;3.86;3.86;1;0
БашИнСв ап;60;20171227;160000;3.83;3.83;3.83;3.83;1;0
БашИнСв ап;60;20171227;180000;3.78;3.78;3.78;3.78;1;0
БашИнСв ап;60;20171228;140000;3.86;3.86;3.86;3.86;1;0
БашИнСв ап;60;20171229;150000;3.8;3.8;3.8;3.8;1;0
БашИнСв ап;60;20171229;170000;3.81;3.81;3.81;3.81;1;0
БашИнСв ап;60;20171229;180000;3.8;3.8;3.8;3.8;1;0
