<TICKER>;<PER>;<DATE>;<TIME>;<OPEN>;<HIGH>;<LOW>;<CLOSE>;<VOL>;<OPENINT>
БУДУЩЕЕ ао;60;20170124;100000;1231;1231;1230.1;1230.1;600;0
БУДУЩЕЕ ао;60;20170124;110000;1230;1230;1230;1230;1;0
БУДУЩЕЕ ао;60;20170124;140000;1230;1230;1230;1230;1;0
БУДУЩЕЕ ао;60;20170124;160000;1231;1231;1231;1231;1624;0
БУДУЩЕЕ ао;60;20170125;100000;1231;1231;1231;1231;300;0
БУДУЩЕЕ ао;60;20170125;110000;1232;1232;1232;1232;9;0
БУДУЩЕЕ ао;60;20170125;160000;1232.1;1232.1;1232.1;1232.1;1217;0
БУДУЩЕЕ ао;60;20170125;180000;1232.1;1232.1;1232.1;1232.1;568;0
БУДУЩЕЕ ао;60;20170126;140000;1232;1232.2;1232;1232.2;511;0
БУДУЩЕЕ ао;60;20170126;150000;1232.2;1232.2;1232;1232;464;0
БУДУЩЕЕ ао;60;20170126;170000;1232.1;1232.1;1232.1;1232.1;1055;0
БУДУЩЕЕ ао;60;20170127;100000;1225.1;1234.9;1225;1230;98;0
БУДУЩЕЕ ао;60;20170127;140000;1234.9;1235;1231.4;1231.4;977;0
БУДУЩЕЕ ао;60;20170127;150000;1239.9;1246.4;1239.9;1246.4;6;0
БУДУЩЕЕ ао;60;20170127;170000;1233;1233;1233;1233;973;0
БУДУЩЕЕ ао;60;20170130;100000;1232;1232;1227.1;1230.1;601;0
БУДУЩЕЕ ао;60;20170130;150000;1235.2;1235.2;1235.2;1235.2;10;0
БУДУЩЕЕ ао;60;20170130;160000;1235.5;1235.5;1235.5;1235.5;1943;0
БУДУЩЕЕ ао;60;20170131;140000;1237.5;1237.8;1237.5;1237.8;1024;0
БУДУЩЕЕ ао;60;20170131;150000;1237.7;1237.8;1237.7;1237.8;978;0
БУДУЩЕЕ ао;60;20170131;160000;1237.8;1237.8;1237.5;1237.5;2093;0
БУДУЩЕЕ ао;60;20170201;130000;1237.7;1237.7;1237.4;1237.4;859;0
БУДУЩЕЕ ао;60;20170201;150000;1236.9;1236.9;1236.9;1236.9;1;0
БУДУЩЕЕ ао;60;20170201;160000;1237;1237;1236;1236;256;0
БУДУЩЕЕ ао;60;20170201;170000;1236;1236;1236;1236;1051;0
БУДУЩЕЕ ао;60;20170202;110000;1235.2;1235.2;1235;1235;23;0
БУДУЩЕЕ ао;60;20170202;160000;1235.3;1235.3;1235.3;1235.3;1214;0
БУДУЩЕЕ ао;60;20170202;170000;1236;1236;1236;1236;815;0
БУДУЩЕЕ ао;60;20170203;100000;1235;1235;1235;1235;42;0
БУДУЩЕЕ ао;60;20170203;150000;1237;1237;1237;1237;1050;0
БУДУЩЕЕ ао;60;20170203;160000;1237;1237;1237;1237;1212;0
БУДУЩЕЕ ао;60;20170206;100000;1235.1;1235.1;1235;1235;5;0
БУДУЩЕЕ ао;60;20170206;130000;1235.5;1235.5;1235.5;1235.5;1300;0
БУДУЩЕЕ ао;60;20170206;150000;1238;1238;1235;1235;854;0
БУДУЩЕЕ ао;60;20170206;170000;1235;1235;1235;1235;40;0
БУДУЩЕЕ ао;60;20170207;140000;1236.9;1236.9;1236.9;1236.9;1300;0
БУДУЩЕЕ ао;60;20170207;150000;1236.9;1237;1236.9;1237;5;0
БУДУЩЕЕ ао;60;20170207;160000;1237;1237.1;1236;1236;1249;0
БУДУЩЕЕ ао;60;20170208;100000;1235.1;1235.1;1235.1;1235.1;3;0
БУДУЩЕЕ ао;60;20170208;160000;1237;1237;1237;1237;1810;0
БУДУЩЕЕ ао;60;20170208;170000;1237;1237;1237;1237;404;0
БУДУЩЕЕ ао;60;20170209;140000;1237;1237;1237;1237;659;0
БУДУЩЕЕ ао;60;20170209;150000;1237;1237;1237;1237;391;0
БУДУЩЕЕ ао;60;20170209;160000;1239.1;1239.1;1239.1;1239.1;107;0
БУДУЩЕЕ ао;60;20170209;170000;1238;1238;1238;1238;890;0
БУДУЩЕЕ ао;60;20170210;150000;1235;1235;1235;1235;7;0
БУДУЩЕЕ ао;60;20170210;160000;1235;1235;1235;1235;9;0
БУДУЩЕЕ ао;60;20170210;170000;1235;1238;1235;1238;1230;0
БУДУЩЕЕ ао;60;20170210;180000;1239;1239;1239;1239;900;0
БУДУЩЕЕ ао;60;20170213;150000;1235.9;1237.5;1235.9;1237.5;1290;0
БУДУЩЕЕ ао;60;20170213;170000;1238.4;1238.4;1238.4;1238.4;807;0
БУДУЩЕЕ ао;60;20170214;150000;1244.6;1244.6;1244.6;1244.6;1;0
БУДУЩЕЕ ао;60;20170214;160000;1235.1;1235.1;1235;1235;51;0
БУДУЩЕЕ ао;60;20170214;170000;1241;1241;1241;1241;2150;0
БУДУЩЕЕ ао;60;20170215;150000;1240.8;1240.8;1235;1235;1223;0
БУДУЩЕЕ ао;60;20170215;170000;1235;1242;1235;1242;807;0
БУДУЩЕЕ ао;60;20170216;140000;1242.3;1242.5;1242.3;1242.5;1052;0
БУДУЩЕЕ ао;60;20170216;160000;1242.5;1242.5;1242.5;1242.5;1046;0
БУДУЩЕЕ ао;60;20170216;170000;1235;1235;1235;1235;3;0
БУДУЩЕЕ ао;60;20170216;180000;1235;1235;1235;1235;1;0
БУДУЩЕЕ ао;60;20170217;150000;1243;1243;1235;1243;1103;0
БУДУЩЕЕ ао;60;20170217;160000;1242.9;1243;1242.9;1243;4;0
БУДУЩЕЕ ао;60;20170217;170000;1242.9;1243;1242.9;1243;1050;0
БУДУЩЕЕ ао;60;20170220;120000;1244.1;1244.3;1244.1;1244.3;1280;0
БУДУЩЕЕ ао;60;20170220;130000;1244.3;1244.3;1244.3;1244.3;1000;0
БУДУЩЕЕ ао;60;20170220;140000;1244.4;1244.4;1244.4;1244.4;17;0
БУДУЩЕЕ ао;60;20170220;170000;1234.8;1234.8;1234.7;1234.7;20;0
БУДУЩЕЕ ао;60;20170221;100000;1244.4;1244.4;1244.4;1244.4;57;0
БУДУЩЕЕ ао;60;20170221;130000;1244.4;1244.4;1244.4;1244.4;646;0
БУДУЩЕЕ ао;60;20170221;140000;1244.4;1244.4;1244.4;1244.4;547;0
БУДУЩЕЕ ао;60;20170221;150000;1244.4;1244.4;1244.4;1244.4;1000;0
БУДУЩЕЕ ао;60;20170222;140000;1245.1;1245.3;1244.8;1244.8;1273;0
БУДУЩЕЕ ао;60;20170222;160000;1244.9;1244.9;1244.3;1244.3;1115;0
БУДУЩЕЕ ао;60;20170224;130000;1246.2;1246.2;1246.2;1246.2;802;0
БУДУЩЕЕ ао;60;20170224;150000;1244.4;1244.4;1244.4;1244.4;1999;0
БУДУЩЕЕ ао;60;20170227;120000;1245;1247.7;1245;1247.7;223;0
БУДУЩЕЕ ао;60;20170227;130000;1245.2;1245.2;1245.2;1245.2;1;0
БУДУЩЕЕ ао;60;20170227;150000;1247.2;1247.2;1247.2;1247.2;1100;0
БУДУЩЕЕ ао;60;20170227;160000;1247.2;1247.2;1247.2;1247.2;1100;0
БУДУЩЕЕ ао;60;20170228;100000;1250.1;1255.1;1250.1;1255.1;12;0
БУДУЩЕЕ ао;60;20170228;120000;1249.8;1255;1249.8;1255;6;0
БУДУЩЕЕ ао;60;20170228;130000;1248.1;1248.1;1248.1;1248.1;2638;0
БУДУЩЕЕ ао;60;20170228;140000;1245.2;1248.1;1245.2;1248.1;121;0
БУДУЩЕЕ ао;60;20170228;160000;1248.1;1248.1;1248.1;1248.1;258;0
БУДУЩЕЕ ао;60;20170228;170000;1248.1;1248.1;1248.1;1248.1;211;0
БУДУЩЕЕ ао;60;20170228;180000;1245.4;1248.1;1245.4;1248.1;831;0
БУДУЩЕЕ ао;60;20170301;110000;1248.6;1248.6;1245.4;1245.4;169;0
БУДУЩЕЕ ао;60;20170301;130000;1248.6;1248.6;1248.6;1248.6;1;0
БУДУЩЕЕ ао;60;20170301;160000;1245.5;1245.5;1245.5;1245.5;1043;0
БУДУЩЕЕ ао;60;20170301;170000;1245.7;1245.7;1245.7;1245.7;883;0
БУДУЩЕЕ ао;60;20170302;140000;1246.2;1247.6;1246.2;1247.6;810;0
БУДУЩЕЕ ао;60;20170302;150000;1248;1255.3;1248;1255.3;808;0
БУДУЩЕЕ ао;60;20170302;160000;1249;1249;1249;1249;800;0
БУДУЩЕЕ ао;60;20170302;170000;1255;1255;1255;1255;1;0
БУДУЩЕЕ ао;60;20170303;100000;1248.3;1248.3;1248.3;1248.3;509;0
БУДУЩЕЕ ао;60;20170303;110000;1248.3;1248.7;1248.3;1248.7;353;0
БУДУЩЕЕ ао;60;20170303;150000;1249.6;1255;1249.6;1255;838;0
БУДУЩЕЕ ао;60;20170303;160000;1255;1255;1255;1255;2;0
БУДУЩЕЕ ао;60;20170303;170000;1249.6;1249.6;1244.5;1249.6;1285;0
БУДУЩЕЕ ао;60;20170306;100000;1244.9;1244.9;1244.9;1244.9;401;0
БУДУЩЕЕ ао;60;20170306;110000;1254.3;1254.3;1254.3;1254.3;3;0
БУДУЩЕЕ ао;60;20170306;120000;1254.3;1254.3;1254.3;1254.3;1;0
БУДУЩЕЕ ао;60;20170306;130000;1251;1251;1251;1251;238;0
БУДУЩЕЕ ао;60;20170306;140000;1248.1;1248.1;1248.1;1248.1;317;0
БУДУЩЕЕ ао;60;20170306;160000;1250.7;1250.7;1250.7;1250.7;800;0
БУДУЩЕЕ ао;60;20170306;170000;1247.1;1247.1;1247.1;1247.1;400;0
БУДУЩЕЕ ао;60;20170307;100000;1248.6;1248.6;1244.4;1244.4;493;0
БУДУЩЕЕ ао;60;20170307;120000;1251.4;1251.5;1251.4;1251.5;398;0
БУДУЩЕЕ ао;60;20170307;140000;1244.6;1244.6;1244.4;1244.4;130;0
БУДУЩЕЕ ао;60;20170307;170000;1250.1;1250.1;1249.9;1250;1039;0
БУДУЩЕЕ ао;60;20170309;100000;1244.1;1244.1;1243.9;1243.9;193;0
БУДУЩЕЕ ао;60;20170309;120000;1252.3;1252.4;1252.3;1252.4;3;0
БУДУЩЕЕ ао;60;20170309;130000;1243.5;1243.5;1243.4;1243.4;167;0
БУДУЩЕЕ ао;60;20170309;150000;1252;1252;1252;1252;231;0
БУДУЩЕЕ ао;60;20170309;160000;1252;1252;1251.6;1251.6;569;0
БУДУЩЕЕ ао;60;20170309;170000;1252.2;1252.2;1243;1243;884;0
БУДУЩЕЕ ао;60;20170309;180000;1252.2;1252.4;1250;1250;170;0
БУДУЩЕЕ ао;60;20170310;110000;1250.8;1250.8;1250;1250;918;0
БУДУЩЕЕ ао;60;20170310;120000;1250;1250;1250;1250;1;0
БУДУЩЕЕ ао;60;20170310;160000;1252.6;1252.6;1252.6;1252.6;1117;0
БУДУЩЕЕ ао;60;20170310;170000;1252.9;1252.9;1252.9;1252.9;21;0
БУДУЩЕЕ ао;60;20170313;110000;1252;1252;1252;1252;798;0
БУДУЩЕЕ ао;60;20170313;120000;1250.2;1254.3;1250;1254.3;1512;0
БУДУЩЕЕ ао;60;20170313;140000;1257;1257;1257;1257;12;0
БУДУЩЕЕ ао;60;20170313;170000;1254.3;1254.3;1254.3;1254.3;118;0
БУДУЩЕЕ ао;60;20170313;180000;1249.6;1249.6;1249.5;1249.5;12;0
БУДУЩЕЕ ао;60;20170314;110000;1249.9;1255;1249.9;1255;1802;0
БУДУЩЕЕ ао;60;20170314;150000;1253;1253;1253;1253;1000;0
БУДУЩЕЕ ао;60;20170315;100000;1251.5;1251.5;1251.5;1251.5;860;0
БУДУЩЕЕ ао;60;20170315;130000;1252;1252.3;1250.7;1250.7;2669;0
БУДУЩЕЕ ао;60;20170315;140000;1250.7;1250.7;1250.7;1250.7;531;0
БУДУЩЕЕ ао;60;20170315;150000;1251.5;1251.5;1251.5;1251.5;1853;0
БУДУЩЕЕ ао;60;20170315;160000;1257;1257;1257;1257;12;0
БУДУЩЕЕ ао;60;20170315;170000;1257;1257;1255.2;1255.2;63;0
БУДУЩЕЕ ао;60;20170315;180000;1255.2;1255.2;1255.2;1255.2;125;0
БУДУЩЕЕ ао;60;20170316;100000;1255.2;1256.4;1255;1255.1;2215;0
БУДУЩЕЕ ао;60;20170316;110000;1255;1256.4;1255;1255.7;395;0
БУДУЩЕЕ ао;60;20170316;130000;1249.6;1249.6;1249.5;1249.5;12;0
БУДУЩЕЕ ао;60;20170316;140000;1256.8;1257;1256.8;1257;12;0
БУДУЩЕЕ ао;60;20170316;150000;1249.6;1249.6;1249.6;1249.6;1;0
БУДУЩЕЕ ао;60;20170316;160000;1256.9;1257;1252.4;1252.4;1958;0
БУДУЩЕЕ ао;60;20170317;100000;1249.6;1251;1249.5;1251;578;0
БУДУЩЕЕ ао;60;20170317;130000;1256.1;1256.2;1256.1;1256.2;22;0
БУДУЩЕЕ ао;60;20170317;150000;1253.3;1253.3;1253.3;1253.3;797;0
БУДУЩЕЕ ао;60;20170317;160000;1250;1250.1;1250;1250;961;0
БУДУЩЕЕ ао;60;20170320;100000;1250;1250;1250;1250;200;0
БУДУЩЕЕ ао;60;20170320;110000;1259.3;1259.3;1250.2;1250.2;2;0
БУДУЩЕЕ ао;60;20170320;120000;1250;1250;1250;1250;411;0
БУДУЩЕЕ ао;60;20170320;130000;1250;1250;1250;1250;211;0
БУДУЩЕЕ ао;60;20170320;140000;1250;1250;1249;1249;1188;0
БУДУЩЕЕ ао;60;20170320;160000;1249;1249;1249;1249;10;0
БУДУЩЕЕ ао;60;20170320;170000;1249;1249;1249;1249;5;0
БУДУЩЕЕ ао;60;20170321;100000;1253.8;1253.9;1252;1252;103;0
БУДУЩЕЕ ао;60;20170321;110000;1253.3;1253.5;1253.3;1253.5;760;0
БУДУЩЕЕ ао;60;20170321;120000;1252.1;1253.5;1252;1253.5;167;0
БУДУЩЕЕ ао;60;20170321;130000;1253.5;1253.5;1252;1252;1001;0
БУДУЩЕЕ ао;60;20170321;140000;1252;1252;1252;1252;3;0
БУДУЩЕЕ ао;60;20170321;160000;1252;1252;1245.1;1246.5;730;0
БУДУЩЕЕ ао;60;20170321;170000;1246.5;1246.5;1246.5;1246.5;1003;0
БУДУЩЕЕ ао;60;20170322;100000;1245;1245;1242;1242;301;0
БУДУЩЕЕ ао;60;20170322;110000;1242;1242;1242;1242;300;0
БУДУЩЕЕ ао;60;20170322;120000;1242;1242;1239;1239;501;0
БУДУЩЕЕ ао;60;20170322;130000;1239;1239;1239;1239;545;0
БУДУЩЕЕ ао;60;20170322;140000;1245.3;1258.5;1239;1258.5;690;0
БУДУЩЕЕ ао;60;20170322;150000;1258.3;1258.6;1253;1258.5;77;0
БУДУЩЕЕ ао;60;20170322;160000;1258.5;1258.6;1253;1253;26;0
БУДУЩЕЕ ао;60;20170322;170000;1253;1253;1245;1245;302;0
БУДУЩЕЕ ао;60;20170323;100000;1248;1254.5;1248;1254.5;21;0
БУДУЩЕЕ ао;60;20170323;110000;1253;1259;1248.4;1259;711;0
БУДУЩЕЕ ао;60;20170323;120000;1254.6;1254.6;1254.5;1254.5;26;0
БУДУЩЕЕ ао;60;20170323;130000;1259;1259;1259;1259;130;0
БУДУЩЕЕ ао;60;20170323;140000;1259;1259;1250;1250;264;0
БУДУЩЕЕ ао;60;20170323;160000;1250;1250;1248;1248;915;0
БУДУЩЕЕ ао;60;20170323;170000;1248;1248;1248;1248;924;0
БУДУЩЕЕ ао;60;20170324;100000;1246;1246;1246;1246;1;0
БУДУЩЕЕ ао;60;20170324;110000;1252;1252;1252;1252;257;0
БУДУЩЕЕ ао;60;20170324;120000;1252;1252;1252;1252;185;0
БУДУЩЕЕ ао;60;20170324;130000;1252;1252;1252;1252;255;0
БУДУЩЕЕ ао;60;20170324;140000;1252;1252;1252;1252;1040;0
БУДУЩЕЕ ао;60;20170324;150000;1252;1252;1252;1252;20;0
БУДУЩЕЕ ао;60;20170324;160000;1255;1260.5;1255;1260.5;1923;0
БУДУЩЕЕ ао;60;20170324;170000;1262.1;1264;1260.1;1260.1;5;0
БУДУЩЕЕ ао;60;20170324;180000;1253.1;1253.1;1245.1;1245.1;302;0
БУДУЩЕЕ ао;60;20170327;100000;1254.8;1254.8;1245.1;1245.1;2;0
БУДУЩЕЕ ао;60;20170327;110000;1246.6;1246.6;1246;1246;120;0
БУДУЩЕЕ ао;60;20170327;140000;1246;1246;1246;1246;261;0
БУДУЩЕЕ ао;60;20170327;150000;1246;1246;1246;1246;622;0
БУДУЩЕЕ ао;60;20170327;160000;1246;1246;1246;1246;359;0
БУДУЩЕЕ ао;60;20170327;170000;1246;1246;1246;1246;645;0
БУДУЩЕЕ ао;60;20170328;100000;1245.1;1245.1;1245;1245;10;0
БУДУЩЕЕ ао;60;20170328;110000;1249;1249;1249;1249;205;0
БУДУЩЕЕ ао;60;20170328;130000;1249;1249;1249;1249;323;0
БУДУЩЕЕ ао;60;20170328;150000;1249;1249;1247.2;1247.2;400;0
БУДУЩЕЕ ао;60;20170328;160000;1247.2;1247.2;1247.2;1247.2;829;0
БУДУЩЕЕ ао;60;20170328;170000;1247.2;1247.2;1247.2;1247.2;245;0
БУДУЩЕЕ ао;60;20170329;100000;1254.8;1254.8;1254.8;1254.8;1;0
БУДУЩЕЕ ао;60;20170329;110000;1252;1252;1252;1252;426;0
БУДУЩЕЕ ао;60;20170329;130000;1252.1;1252.3;1252.1;1252.1;1651;0
БУДУЩЕЕ ао;60;20170329;140000;1252.1;1252.1;1252.1;1252.1;299;0
БУДУЩЕЕ ао;60;20170329;150000;1252.8;1252.8;1252.8;1252.8;463;0
БУДУЩЕЕ ао;60;20170330;100000;1251.1;1251.9;1251.1;1251.5;799;0
БУДУЩЕЕ ао;60;20170330;120000;1252;1253.8;1252;1252;800;0
БУДУЩЕЕ ао;60;20170330;130000;1253.2;1253.2;1253.2;1253.2;478;0
БУДУЩЕЕ ао;60;20170331;100000;1253;1253.8;1253;1253.8;673;0
БУДУЩЕЕ ао;60;20170331;110000;1253.8;1253.8;1253.8;1253.8;135;0
БУДУЩЕЕ ао;60;20170331;140000;1253;1253;1253;1253;765;0
БУДУЩЕЕ ао;60;20170331;170000;1253.9;1253.9;1253.9;1253.9;797;0
БУДУЩЕЕ ао;60;20170403;100000;1253;1253;1253;1253;798;0
БУДУЩЕЕ ао;60;20170403;140000;1254.4;1254.4;1254.4;1254.4;458;0
БУДУЩЕЕ ао;60;20170403;150000;1254.4;1254.4;1254.4;1254.4;498;0
БУДУЩЕЕ ао;60;20170403;160000;1245.1;1254.3;1245;1254.3;428;0
БУДУЩЕЕ ао;60;20170403;180000;1253;1253;1253;1253;300;0
БУДУЩЕЕ ао;60;20170404;100000;1254.3;1254.8;1254.3;1254.6;798;0
БУДУЩЕЕ ао;60;20170404;140000;1254.9;1255;1254.9;1255;1523;0
БУДУЩЕЕ ао;60;20170404;160000;1245.6;1245.6;1245.6;1245.6;1;0
БУДУЩЕЕ ао;60;20170404;170000;1255;1255.3;1255;1255.3;42;0
БУДУЩЕЕ ао;60;20170405;100000;1255.4;1255.4;1255.4;1255.4;955;0
БУДУЩЕЕ ао;60;20170405;170000;1255;1258.3;1255;1258;3614;0
БУДУЩЕЕ ао;60;20170406;100000;1257.1;1257.3;1257.1;1257.1;955;0
БУДУЩЕЕ ао;60;20170406;130000;1257;1257;1257;1257;79;0
БУДУЩЕЕ ао;60;20170406;150000;1256.9;1257.2;1256.9;1257.2;836;0
БУДУЩЕЕ ао;60;20170406;170000;1257.7;1257.7;1257.7;1257.7;125;0
БУДУЩЕЕ ао;60;20170406;180000;1256.9;1256.9;1256.9;1256.9;10;0
БУДУЩЕЕ ао;60;20170407;100000;1257.4;1257.4;1256.9;1256.9;790;0
БУДУЩЕЕ ао;60;20170407;160000;1256.8;1264.9;1256.7;1256.7;1433;0
БУДУЩЕЕ ао;60;20170410;100000;1256.9;1256.9;1256.9;1256.9;158;0
БУДУЩЕЕ ао;60;20170410;110000;1256.9;1256.9;1256.9;1256.9;637;0
БУДУЩЕЕ ао;60;20170410;150000;1257.5;1257.5;1257.5;1257.5;318;0
БУДУЩЕЕ ао;60;20170410;160000;1258;1258;1256.1;1256.1;1191;0
БУДУЩЕЕ ао;60;20170411;100000;1256.1;1256.1;1255.6;1255.6;803;0
БУДУЩЕЕ ао;60;20170411;110000;1255.6;1255.6;1255.6;1255.6;4;0
БУДУЩЕЕ ао;60;20170411;160000;1258.2;1258.2;1258.2;1258.2;806;0
БУДУЩЕЕ ао;60;20170411;170000;1256.1;1256.1;1256.1;1256.1;405;0
БУДУЩЕЕ ао;60;20170412;110000;1259.8;1259.8;1259.8;1259.8;952;0
БУДУЩЕЕ ао;60;20170412;150000;1255.6;1259.6;1255.6;1259.6;833;0
БУДУЩЕЕ ао;60;20170412;170000;1259.9;1259.9;1259.9;1259.9;396;0
БУДУЩЕЕ ао;60;20170413;100000;1256.8;1256.8;1256.8;1256.8;795;0
БУДУЩЕЕ ао;60;20170413;120000;1257.5;1258.3;1257.5;1258.3;528;0
БУДУЩЕЕ ао;60;20170413;170000;1260.3;1260.3;1260.3;1260.3;793;0
БУДУЩЕЕ ао;60;20170413;180000;1256.3;1256.3;1256.3;1256.3;159;0
БУДУЩЕЕ ао;60;20170414;100000;1256.8;1265.6;1256.8;1265.6;815;0
БУДУЩЕЕ ао;60;20170414;110000;1265.5;1265.6;1265.5;1265.6;19;0
БУДУЩЕЕ ао;60;20170414;160000;1258.7;1258.7;1256.2;1256.2;1824;0
БУДУЩЕЕ ао;60;20170417;100000;1255.6;1255.9;1255.6;1255.9;1025;0
БУДУЩЕЕ ао;60;20170417;110000;1255.6;1255.6;1255.6;1255.6;1;0
БУДУЩЕЕ ао;60;20170417;150000;1256.2;1256.2;1256.2;1256.2;365;0
БУДУЩЕЕ ао;60;20170417;160000;1255.6;1255.6;1255.6;1255.6;21;0
БУДУЩЕЕ ао;60;20170417;170000;1258.5;1258.5;1258.5;1258.5;794;0
БУДУЩЕЕ ао;60;20170418;100000;1255.9;1255.9;1255.9;1255.9;318;0
БУДУЩЕЕ ао;60;20170418;120000;1255.8;1255.8;1255.8;1255.8;950;0
БУДУЩЕЕ ао;60;20170418;150000;1255.7;1258.2;1255.7;1258.2;837;0
БУДУЩЕЕ ао;60;20170418;160000;1257;1257.1;1257;1257;478;0
БУДУЩЕЕ ао;60;20170419;100000;1257.1;1257.2;1257.1;1257.1;754;0
БУДУЩЕЕ ао;60;20170419;110000;1255.6;1255.6;1255.6;1255.6;1;0
БУДУЩЕЕ ао;60;20170419;150000;1255.7;1255.7;1255.7;1255.7;581;0
БУДУЩЕЕ ао;60;20170419;160000;1255.7;1257;1255.7;1257;1010;0
БУДУЩЕЕ ао;60;20170420;100000;1256;1256;1256;1256;801;0
БУДУЩЕЕ ао;60;20170420;110000;1265.5;1265.5;1265.5;1265.5;11;0
БУДУЩЕЕ ао;60;20170420;150000;1255.7;1255.7;1255.6;1255.6;3;0
БУДУЩЕЕ ао;60;20170420;160000;1257;1257;1257;1257;368;0
БУДУЩЕЕ ао;60;20170420;170000;1257.5;1257.5;1257.5;1257.5;954;0
БУДУЩЕЕ ао;60;20170421;100000;1256.7;1256.7;1256.7;1256.7;490;0
БУДУЩЕЕ ао;60;20170421;140000;1258.2;1259;1258.2;1259;628;0
БУДУЩЕЕ ао;60;20170421;150000;1259;1259;1259;1259;166;0
БУДУЩЕЕ ао;60;20170421;160000;1255.6;1257.1;1255.6;1257.1;379;0
БУДУЩЕЕ ао;60;20170421;170000;1257.1;1257.1;1257.1;1257.1;417;0
БУДУЩЕЕ ао;60;20170424;100000;1257.7;1257.7;1257.7;1257.7;500;0
БУДУЩЕЕ ао;60;20170424;110000;1262.5;1262.5;1262.5;1262.5;1;0
БУДУЩЕЕ ао;60;20170424;160000;1255.7;1255.7;1255.6;1255.6;810;0
БУДУЩЕЕ ао;60;20170424;170000;1257;1257.4;1257;1257.4;795;0
БУДУЩЕЕ ао;60;20170425;100000;1256.5;1257.3;1256.4;1257.3;638;0
БУДУЩЕЕ ао;60;20170425;110000;1256;1256.5;1256;1256.5;796;0
БУДУЩЕЕ ао;60;20170425;160000;1255.9;1255.9;1255.9;1255.9;796;0
БУДУЩЕЕ ао;60;20170426;100000;1256.3;1256.9;1256.3;1256.9;796;0
БУДУЩЕЕ ао;60;20170426;160000;1257.6;1258;1257.2;1258;795;0
БУДУЩЕЕ ао;60;20170426;170000;1256.6;1257.1;1256.6;1257.1;671;0
БУДУЩЕЕ ао;60;20170427;100000;1265.5;1278.6;1265.5;1265.5;467;0
БУДУЩЕЕ ао;60;20170427;110000;1257.5;1257.5;1257.4;1257.4;798;0
БУДУЩЕЕ ао;60;20170427;130000;1256.9;1256.9;1256.9;1256.9;812;0
БУДУЩЕЕ ао;60;20170427;140000;1257.8;1257.8;1257.1;1257.1;1056;0
БУДУЩЕЕ ао;60;20170427;160000;1265.4;1265.4;1265.4;1265.4;2;0
БУДУЩЕЕ ао;60;20170427;170000;1265.4;1265.4;1265.4;1265.4;33;0
БУДУЩЕЕ ао;60;20170428;100000;1258.2;1258.3;1258.1;1258.1;599;0
БУДУЩЕЕ ао;60;20170428;120000;1258.6;1260.1;1258.6;1260.1;794;0
БУДУЩЕЕ ао;60;20170428;140000;1256;1256;1245.1;1245.1;53;0
БУДУЩЕЕ ао;60;20170428;150000;1244.7;1244.8;1235.1;1235.4;1020;0
БУДУЩЕЕ ао;60;20170428;160000;1235.1;1238.4;1235.1;1238.4;1484;0
БУДУЩЕЕ ао;60;20170428;170000;1238.5;1244.6;1238.5;1244.6;7;0
БУДУЩЕЕ ао;60;20170502;100000;1245;1257;1245;1257;516;0
БУДУЩЕЕ ао;60;20170502;120000;1257;1260;1257;1260;554;0
БУДУЩЕЕ ао;60;20170502;160000;1264;1325;1259;1278;1297338;0
БУДУЩЕЕ ао;60;20170502;170000;1271;1271;1270;1270;10;0
БУДУЩЕЕ ао;60;20170502;180000;1267;1267;1267;1267;418;0
БУДУЩЕЕ ао;60;20170503;100000;1268;1278;1268;1278;37;0
БУДУЩЕЕ ао;60;20170503;110000;1269;1269;1268;1269;480;0
БУДУЩЕЕ ао;60;20170503;120000;1268;1278;1268;1278;5;0
БУДУЩЕЕ ао;60;20170503;140000;1276;1277;1276;1277;784;0
БУДУЩЕЕ ао;60;20170503;160000;1276;1277;1275;1277;1067;0
БУДУЩЕЕ ао;60;20170504;100000;1273;1276;1273;1276;864;0
БУДУЩЕЕ ао;60;20170504;160000;1273;1273;1272;1272;1218;0
БУДУЩЕЕ ао;60;20170504;180000;1277;1277;1277;1277;794;0
БУДУЩЕЕ ао;60;20170505;100000;1269;1269;1265;1265;467;0
БУДУЩЕЕ ао;60;20170505;120000;1266;1266;1266;1266;173;0
БУДУЩЕЕ ао;60;20170505;140000;1266;1266;1266;1266;789;0
БУДУЩЕЕ ао;60;20170505;160000;1266;1267;1266;1267;785;0
БУДУЩЕЕ ао;60;20170510;120000;1268;1268;1266;1266;465;0
БУДУЩЕЕ ао;60;20170510;140000;1266;1268;1266;1267;446;0
БУДУЩЕЕ ао;60;20170510;150000;1265;1265;1265;1265;1;0
БУДУЩЕЕ ао;60;20170510;160000;1266;1268;1266;1268;1397;0
БУДУЩЕЕ ао;60;20170511;100000;1275;1275;1275;1275;1;0
БУДУЩЕЕ ао;60;20170511;120000;1271;1272;1270;1272;853;0
БУДУЩЕЕ ао;60;20170511;130000;1266;1266;1266;1266;2;0
БУДУЩЕЕ ао;60;20170511;140000;1267;1267;1267;1267;198;0
БУДУЩЕЕ ао;60;20170511;150000;1270;1270;1266;1266;1000;0
БУДУЩЕЕ ао;60;20170511;160000;1269;1269;1269;1269;76;0
БУДУЩЕЕ ао;60;20170511;180000;1275;1276;1275;1276;2;0
БУДУЩЕЕ ао;60;20170512;100000;1267;1267;1267;1267;1;0
БУДУЩЕЕ ао;60;20170512;110000;1267;1267;1267;1267;789;0
БУДУЩЕЕ ао;60;20170512;140000;1274;1281;1274;1281;1703;0
БУДУЩЕЕ ао;60;20170512;160000;1281;1281;1281;1281;2497;0
БУДУЩЕЕ ао;60;20170515;100000;1279;1287;1279;1280;649;0
БУДУЩЕЕ ао;60;20170515;110000;1281;1281;1281;1281;158;0
БУДУЩЕЕ ао;60;20170515;160000;1283;1283;1279;1279;775;0
БУДУЩЕЕ ао;60;20170515;170000;1279;1279;1279;1279;398;0
БУДУЩЕЕ ао;60;20170516;100000;1279;1286;1278;1286;566;0
БУДУЩЕЕ ао;60;20170516;110000;1282;1282;1281;1281;482;0
БУДУЩЕЕ ао;60;20170516;120000;1281;1281;1281;1281;417;0
БУДУЩЕЕ ао;60;20170516;150000;1283;1283;1280;1283;703;0
БУДУЩЕЕ ао;60;20170516;160000;1279;1279;1278;1278;20;0
БУДУЩЕЕ ао;60;20170517;110000;1282;1282;1282;1282;858;0
БУДУЩЕЕ ао;60;20170517;150000;1284;1284;1282;1282;440;0
БУДУЩЕЕ ао;60;20170517;160000;1284;1284;1282;1282;821;0
БУДУЩЕЕ ао;60;20170518;110000;1280;1285;1280;1285;815;0
БУДУЩЕЕ ао;60;20170518;120000;1285;1285;1277;1277;18;0
БУДУЩЕЕ ао;60;20170518;130000;1279;1280;1279;1280;5;0
БУДУЩЕЕ ао;60;20170518;150000;1271;1274;1271;1274;393;0
БУДУЩЕЕ ао;60;20170518;160000;1273;1273;1273;1273;785;0
БУДУЩЕЕ ао;60;20170519;100000;1276;1276;1273;1273;784;0
БУДУЩЕЕ ао;60;20170519;120000;1276;1276;1274;1274;862;0
БУДУЩЕЕ ао;60;20170519;150000;1272;1276;1272;1276;864;0
БУДУЩЕЕ ао;60;20170519;170000;1279;1279;1279;1279;1;0
БУДУЩЕЕ ао;60;20170519;180000;1274;1274;1273;1273;315;0
БУДУЩЕЕ ао;60;20170522;100000;1271;1271;1271;1271;786;0
БУДУЩЕЕ ао;60;20170522;120000;1279;1280;1279;1280;7;0
БУДУЩЕЕ ао;60;20170522;130000;1274;1274;1274;1274;784;0
БУДУЩЕЕ ао;60;20170522;160000;1273;1273;1272;1272;331;0
БУДУЩЕЕ ао;60;20170522;170000;1273;1273;1273;1273;282;0
БУДУЩЕЕ ао;60;20170523;100000;1275;1275;1273;1273;941;0
БУДУЩЕЕ ао;60;20170523;140000;1279;1285;1279;1284;1395;0
БУДУЩЕЕ ао;60;20170523;160000;1284;1285;1284;1285;224;0
БУДУЩЕЕ ао;60;20170523;180000;1286;1286;1286;1286;6;0
БУДУЩЕЕ ао;60;20170524;100000;1283;1283;1283;1283;390;0
БУДУЩЕЕ ао;60;20170524;110000;1288;1289;1288;1289;3;0
БУДУЩЕЕ ао;60;20170524;140000;1285;1285;1284;1284;779;0
БУДУЩЕЕ ао;60;20170524;150000;1283;1285;1283;1283;779;0
БУДУЩЕЕ ао;60;20170525;100000;1286;1286;1286;1286;76;0
БУДУЩЕЕ ао;60;20170525;110000;1290;1290;1290;1290;1;0
БУДУЩЕЕ ао;60;20170525;130000;1290;1290;1283;1283;953;0
БУДУЩЕЕ ао;60;20170525;160000;1283;1283;1283;1283;1051;0
БУДУЩЕЕ ао;60;20170525;170000;1289;1292;1285;1286;54;0
БУДУЩЕЕ ао;60;20170525;180000;1282;1282;1282;1282;90;0
БУДУЩЕЕ ао;60;20170526;100000;1282;1282;1281;1281;859;0
БУДУЩЕЕ ао;60;20170526;110000;1280;1280;1280;1280;781;0
БУДУЩЕЕ ао;60;20170526;120000;1281;1281;1281;1281;391;0
БУДУЩЕЕ ао;60;20170529;100000;1280;1282;1280;1282;702;0
БУДУЩЕЕ ао;60;20170529;150000;1280;1280;1280;1280;649;0
БУДУЩЕЕ ао;60;20170529;160000;1280;1280;1280;1280;547;0
БУДУЩЕЕ ао;60;20170529;170000;1288;1289;1278;1278;417;0
БУДУЩЕЕ ао;60;20170530;100000;1287;1287;1287;1287;328;0
БУДУЩЕЕ ао;60;20170530;110000;1287;1287;1287;1287;142;0
БУДУЩЕЕ ао;60;20170530;130000;1289;1290;1288;1290;1474;0
БУДУЩЕЕ ао;60;20170530;140000;1290;1290;1290;1290;198;0
БУДУЩЕЕ ао;60;20170530;170000;1291;1291;1290;1290;2;0
БУДУЩЕЕ ао;60;20170531;100000;1287;1287;1287;1287;234;0
БУДУЩЕЕ ао;60;20170531;120000;1287;1287;1287;1287;506;0
БУДУЩЕЕ ао;60;20170531;140000;1286;1286;1286;1286;58;0
БУДУЩЕЕ ао;60;20170531;150000;1285;1285;1284;1284;427;0
БУДУЩЕЕ ао;60;20170531;170000;1284;1284;1283;1283;1199;0
БУДУЩЕЕ ао;60;20170601;110000;1284;1284;1284;1284;790;0
БУДУЩЕЕ ао;60;20170601;130000;1292;1292;1292;1292;1;0
БУДУЩЕЕ ао;60;20170601;140000;1289;1289;1289;1289;19;0
БУДУЩЕЕ ао;60;20170601;150000;1288;1289;1288;1289;1522;0
БУДУЩЕЕ ао;60;20170602;100000;1275;1275;1269;1272;242;0
БУДУЩЕЕ ао;60;20170602;120000;1270;1270;1270;1270;392;0
БУДУЩЕЕ ао;60;20170602;130000;1274;1274;1270;1270;397;0
БУДУЩЕЕ ао;60;20170602;140000;1271;1271;1271;1271;865;0
БУДУЩЕЕ ао;60;20170602;160000;1270;1270;1270;1270;540;0
БУДУЩЕЕ ао;60;20170605;100000;1272;1272;1272;1272;80;0
БУДУЩЕЕ ао;60;20170605;110000;1270;1270;1270;1270;874;0
БУДУЩЕЕ ао;60;20170605;170000;1270;1274;1270;1274;958;0
БУДУЩЕЕ ао;60;20170605;180000;1269;1269;1268;1268;355;0
БУДУЩЕЕ ао;60;20170606;100000;1272;1272;1272;1272;1;0
БУДУЩЕЕ ао;60;20170606;110000;1272;1272;1272;1272;1;0
БУДУЩЕЕ ао;60;20170606;120000;1280;1280;1280;1280;17;0
БУДУЩЕЕ ао;60;20170606;130000;1281;1283;1281;1283;735;0
БУДУЩЕЕ ао;60;20170606;150000;1283;1285;1283;1285;1213;0
БУДУЩЕЕ ао;60;20170606;160000;1281;1285;1281;1285;1002;0
БУДУЩЕЕ ао;60;20170607;110000;1283;1283;1282;1282;1002;0
БУДУЩЕЕ ао;60;20170607;120000;1289;1290;1289;1290;11;0
БУДУЩЕЕ ао;60;20170607;150000;1288;1289;1288;1289;2000;0
БУДУЩЕЕ ао;60;20170607;160000;1288;1289;1288;1289;1912;0
БУДУЩЕЕ ао;60;20170607;180000;1290;1290;1290;1290;34;0
БУДУЩЕЕ ао;60;20170608;110000;1291;1291;1291;1291;771;0
БУДУЩЕЕ ао;60;20170608;120000;1291;1291;1290;1290;3;0
БУДУЩЕЕ ао;60;20170608;130000;1293;1294;1293;1294;35;0
БУДУЩЕЕ ао;60;20170608;150000;1293;1293;1293;1293;42;0
БУДУЩЕЕ ао;60;20170608;160000;1291;1293;1291;1293;1392;0
БУДУЩЕЕ ао;60;20170608;170000;1290;1290;1290;1290;1;0
БУДУЩЕЕ ао;60;20170609;110000;1291;1292;1291;1292;1251;0
БУДУЩЕЕ ао;60;20170609;120000;1290;1290;1290;1290;1;0
БУДУЩЕЕ ао;60;20170609;140000;1293;1294;1293;1294;791;0
БУДУЩЕЕ ао;60;20170609;160000;1295;1295;1295;1295;7;0
БУДУЩЕЕ ао;60;20170609;180000;1293;1293;1292;1292;300;0
БУДУЩЕЕ ао;60;20170613;100000;1291;1291;1287;1287;1382;0
БУДУЩЕЕ ао;60;20170613;120000;1284;1284;1284;1284;1;0
БУДУЩЕЕ ао;60;20170613;160000;1291;1293;1291;1293;850;0
БУДУЩЕЕ ао;60;20170613;170000;1292;1292;1292;1292;300;0
БУДУЩЕЕ ао;60;20170613;180000;1289;1289;1286;1286;600;0
БУДУЩЕЕ ао;60;20170614;110000;1284;1284;1284;1284;468;0
БУДУЩЕЕ ао;60;20170614;170000;1285;1285;1284;1284;1576;0
БУДУЩЕЕ ао;60;20170614;180000;1283;1283;1283;1283;300;0
БУДУЩЕЕ ао;60;20170615;100000;1280;1280;1277;1277;485;0
БУДУЩЕЕ ао;60;20170615;110000;1278;1278;1278;1278;2;0
БУДУЩЕЕ ао;60;20170615;120000;1283;1290;1283;1290;13;0
БУДУЩЕЕ ао;60;20170615;130000;1287;1288;1287;1287;934;0
БУДУЩЕЕ ао;60;20170615;160000;1289;1289;1289;1289;1;0
БУДУЩЕЕ ао;60;20170615;170000;1288;1288;1288;1288;776;0
БУДУЩЕЕ ао;60;20170615;180000;1285;1285;1285;1285;50;0
БУДУЩЕЕ ао;60;20170616;100000;1291;1291;1289;1289;557;0
БУДУЩЕЕ ао;60;20170616;120000;1292;1292;1292;1292;212;0
БУДУЩЕЕ ао;60;20170616;130000;1291;1292;1291;1292;866;0
БУДУЩЕЕ ао;60;20170616;140000;1292;1292;1292;1292;491;0
БУДУЩЕЕ ао;60;20170619;110000;1287;1287;1284;1284;497;0
БУДУЩЕЕ ао;60;20170619;120000;1284;1286;1284;1286;450;0
БУДУЩЕЕ ао;60;20170619;170000;1284;1286;1284;1285;1602;0
БУДУЩЕЕ ао;60;20170619;180000;1292;1292;1292;1292;1;0
БУДУЩЕЕ ао;60;20170620;110000;1284;1284;1284;1284;506;0
БУДУЩЕЕ ао;60;20170620;130000;1283;1283;1283;1283;1;0
БУДУЩЕЕ ао;60;20170620;150000;1286;1286;1284;1284;309;0
БУДУЩЕЕ ао;60;20170620;160000;1286;1286;1284;1284;1246;0
БУДУЩЕЕ ао;60;20170621;100000;1288;1288;1285;1285;498;0
БУДУЩЕЕ ао;60;20170621;150000;1292;1298;1292;1298;2786;0
БУДУЩЕЕ ао;60;20170621;160000;1304;1305;1304;1305;6;0
БУДУЩЕЕ ао;60;20170622;110000;1295;1295;1294;1294;82;0
БУДУЩЕЕ ао;60;20170622;120000;1294;1294;1294;1294;177;0
БУДУЩЕЕ ао;60;20170622;130000;1295;1295;1294;1294;128;0
БУДУЩЕЕ ао;60;20170622;140000;1299;1300;1299;1300;583;0
БУДУЩЕЕ ао;60;20170622;150000;1300;1300;1299;1299;426;0
БУДУЩЕЕ ао;60;20170622;160000;1299;1300;1299;1300;1327;0
БУДУЩЕЕ ао;60;20170622;170000;1300;1300;1300;1300;141;0
БУДУЩЕЕ ао;60;20170622;180000;1296;1300;1295;1300;47;0
БУДУЩЕЕ ао;60;20170623;100000;1295;1295;1293;1293;965;0
БУДУЩЕЕ ао;60;20170623;120000;1299;1300;1299;1300;625;0
БУДУЩЕЕ ао;60;20170623;130000;1300;1302;1298;1300;586;0
БУДУЩЕЕ ао;60;20170626;110000;1298;1298;1295;1295;464;0
БУДУЩЕЕ ао;60;20170626;160000;1297;1297;1295;1295;887;0
БУДУЩЕЕ ао;60;20170626;170000;1297;1297;1295;1295;772;0
БУДУЩЕЕ ао;60;20170627;100000;1300;1302;1300;1302;300;0
БУДУЩЕЕ ао;60;20170627;110000;1302;1302;1302;1302;488;0
БУДУЩЕЕ ао;60;20170627;150000;1300;1302;1300;1300;804;0
БУДУЩЕЕ ао;60;20170627;160000;1300;1300;1300;1300;341;0
БУДУЩЕЕ ао;60;20170628;100000;1303;1304;1303;1304;666;0
БУДУЩЕЕ ао;60;20170628;110000;1304;1304;1304;1304;86;0
БУДУЩЕЕ ао;60;20170628;140000;1303;1304;1303;1304;750;0
БУДУЩЕЕ ао;60;20170628;150000;1301;1304;1300;1304;752;0
БУДУЩЕЕ ао;60;20170628;160000;1303;1304;1303;1304;1500;0
БУДУЩЕЕ ао;60;20170628;170000;1307;1307;1307;1307;1;0
БУДУЩЕЕ ао;60;20170629;100000;1300;1300;1300;1300;332;0
БУДУЩЕЕ ао;60;20170629;140000;1303;1303;1303;1303;76;0
БУДУЩЕЕ ао;60;20170629;150000;1302;1302;1300;1300;1569;0
БУДУЩЕЕ ао;60;20170629;160000;1299;1299;1299;1299;45;0
БУДУЩЕЕ ао;60;20170630;100000;1303;1303;1303;1303;279;0
БУДУЩЕЕ ао;60;20170630;110000;1303;1303;1301;1301;721;0
БУДУЩЕЕ ао;60;20170630;150000;1299;1299;1299;1299;20;0
БУДУЩЕЕ ао;60;20170630;170000;1307;1307;1300;1300;638;0
БУДУЩЕЕ ао;60;20170703;100000;1300;1308;1300;1308;4;0
БУДУЩЕЕ ао;60;20170703;110000;1300;1300;1291;1291;128;0
БУДУЩЕЕ ао;60;20170703;120000;1299;1300;1299;1299;827;0
БУДУЩЕЕ ао;60;20170703;130000;1297;1297;1294;1294;416;0
БУДУЩЕЕ ао;60;20170703;150000;1302;1302;1302;1302;3;0
БУДУЩЕЕ ао;60;20170703;160000;1299;1299;1295;1295;658;0
БУДУЩЕЕ ао;60;20170703;170000;1295;1295;1295;1295;346;0
БУДУЩЕЕ ао;60;20170704;110000;1295;1296;1294;1296;507;0
БУДУЩЕЕ ао;60;20170704;120000;1296;1296;1294;1294;947;0
БУДУЩЕЕ ао;60;20170704;130000;1296;1296;1296;1296;315;0
БУДУЩЕЕ ао;60;20170704;140000;1296;1296;1295;1295;485;0
БУДУЩЕЕ ао;60;20170705;110000;1302;1302;1302;1302;4;0
БУДУЩЕЕ ао;60;20170705;120000;1301;1301;1300;1300;904;0
БУДУЩЕЕ ао;60;20170705;130000;1300;1300;1300;1300;436;0
БУДУЩЕЕ ао;60;20170705;140000;1294;1294;1294;1294;1;0
БУДУЩЕЕ ао;60;20170705;170000;1295;1295;1294;1294;772;0
БУДУЩЕЕ ао;60;20170706;100000;1294;1302;1293;1302;9;0
БУДУЩЕЕ ао;60;20170706;110000;1296;1296;1294;1294;600;0
БУДУЩЕЕ ао;60;20170706;120000;1295;1295;1293;1293;1003;0
БУДУЩЕЕ ао;60;20170706;140000;1295;1295;1295;1295;74;0
БУДУЩЕЕ ао;60;20170706;150000;1295;1302;1294;1294;531;0
БУДУЩЕЕ ао;60;20170707;100000;1296;1296;1294;1294;600;0
БУДУЩЕЕ ао;60;20170707;130000;1293;1295;1293;1294;581;0
БУДУЩЕЕ ао;60;20170707;140000;1294;1295;1294;1294;1049;0
БУДУЩЕЕ ао;60;20170710;100000;1294;1295;1294;1294;767;0
БУДУЩЕЕ ао;60;20170710;120000;1294;1305;1294;1305;554;0
БУДУЩЕЕ ао;60;20170710;150000;1299;1299;1297;1297;704;0
БУДУЩЕЕ ао;60;20170711;110000;1298;1298;1297;1297;700;0
БУДУЩЕЕ ао;60;20170711;120000;1298;1298;1297;1297;800;0
БУДУЩЕЕ ао;60;20170711;130000;1297;1297;1297;1297;462;0
БУДУЩЕЕ ао;60;20170711;180000;1305;1305;1305;1305;1;0
БУДУЩЕЕ ао;60;20170712;120000;1298;1298;1297;1297;771;0
БУДУЩЕЕ ао;60;20170712;150000;1298;1298;1298;1298;280;0
БУДУЩЕЕ ао;60;20170712;160000;1298;1298;1297;1297;426;0
БУДУЩЕЕ ао;60;20170712;170000;1298;1298;1298;1298;154;0
БУДУЩЕЕ ао;60;20170713;120000;1296;1296;1296;1296;20;0
БУДУЩЕЕ ао;60;20170713;150000;1298;1298;1297;1297;2004;0
БУДУЩЕЕ ао;60;20170713;170000;1300;1300;1300;1300;1;0
БУДУЩЕЕ ао;60;20170714;110000;1299;1299;1297;1297;308;0
БУДУЩЕЕ ао;60;20170714;120000;1302;1303;1302;1303;20;0
БУДУЩЕЕ ао;60;20170714;160000;1298;1298;1297;1297;461;0
БУДУЩЕЕ ао;60;20170714;170000;1297;1297;1297;1297;310;0
БУДУЩЕЕ ао;60;20170714;180000;1298;1298;1297;1297;887;0
БУДУЩЕЕ ао;60;20170717;100000;1299;1299;1297;1297;902;0
БУДУЩЕЕ ао;60;20170717;160000;1299;1300;1297;1299;1398;0
БУДУЩЕЕ ао;60;20170718;100000;1297;1299;1297;1299;385;0
БУДУЩЕЕ ао;60;20170718;110000;1299;1306;1297;1297;627;0
БУДУЩЕЕ ао;60;20170718;160000;1297;1301;1297;1298;1149;0
БУДУЩЕЕ ао;60;20170719;110000;1299;1300;1298;1300;741;0
БУДУЩЕЕ ао;60;20170719;140000;1300;1300;1297;1297;660;0
БУДУЩЕЕ ао;60;20170719;180000;1300;1300;1298;1298;800;0
БУДУЩЕЕ ао;60;20170720;110000;1301;1301;1299;1299;800;0
БУДУЩЕЕ ао;60;20170720;140000;1298;1298;1298;1298;385;0
БУДУЩЕЕ ао;60;20170720;150000;1300;1300;1298;1298;467;0
БУДУЩЕЕ ао;60;20170720;160000;1298;1298;1298;1298;305;0
БУДУЩЕЕ ао;60;20170721;110000;1298;1300;1297;1300;660;0
БУДУЩЕЕ ао;60;20170721;130000;1297;1297;1297;1297;362;0
БУДУЩЕЕ ао;60;20170721;150000;1299;1299;1299;1299;338;0
БУДУЩЕЕ ао;60;20170721;160000;1300;1302;1300;1302;681;0
БУДУЩЕЕ ао;60;20170724;110000;1302;1302;1298;1300;770;0
БУДУЩЕЕ ао;60;20170724;140000;1302;1302;1302;1302;139;0
БУДУЩЕЕ ао;60;20170724;150000;1302;1304;1299;1302;1107;0
БУДУЩЕЕ ао;60;20170724;180000;1300;1300;1300;1300;771;0
БУДУЩЕЕ ао;60;20170725;110000;1300;1300;1298;1298;495;0
БУДУЩЕЕ ао;60;20170725;140000;1301;1301;1299;1299;1000;0
БУДУЩЕЕ ао;60;20170725;160000;1300;1304;1297;1302;584;0
БУДУЩЕЕ ао;60;20170726;110000;1304;1305;1302;1303;923;0
БУДУЩЕЕ ао;60;20170726;130000;1308;1309;1308;1309;1331;0
БУДУЩЕЕ ао;60;20170727;110000;1307;1307;1307;1307;5;0
БУДУЩЕЕ ао;60;20170727;120000;1309;1309;1307;1307;458;0
БУДУЩЕЕ ао;60;20170727;140000;1309;1310;1307;1310;763;0
БУДУЩЕЕ ао;60;20170727;160000;1308;1311;1308;1310;760;0
БУДУЩЕЕ ао;60;20170727;180000;1314;1314;1307;1314;4;0
БУДУЩЕЕ ао;60;20170728;100000;1307;1307;1306;1306;20;0
БУДУЩЕЕ ао;60;20170728;110000;1306;1306;1306;1306;80;0
БУДУЩЕЕ ао;60;20170728;120000;1312;1312;1312;1312;1;0
БУДУЩЕЕ ао;60;20170728;130000;1307;1307;1306;1306;1001;0
БУДУЩЕЕ ао;60;20170728;160000;1308;1308;1306;1306;882;0
БУДУЩЕЕ ао;60;20170728;170000;1306;1306;1306;1306;382;0
БУДУЩЕЕ ао;60;20170731;100000;1311;1311;1311;1311;32;0
БУДУЩЕЕ ао;60;20170731;110000;1311;1311;1311;1311;349;0
БУДУЩЕЕ ао;60;20170731;120000;1309;1312;1307;1307;1850;0
БУДУЩЕЕ ао;60;20170731;130000;1307;1307;1307;1307;224;0
БУДУЩЕЕ ао;60;20170731;180000;1307;1307;1307;1307;295;0
БУДУЩЕЕ ао;60;20170801;110000;1308;1308;1308;1308;175;0
БУДУЩЕЕ ао;60;20170801;120000;1308;1308;1308;1308;208;0
БУДУЩЕЕ ао;60;20170801;140000;1312;1312;1307;1307;1107;0
БУДУЩЕЕ ао;60;20170801;180000;1307;1307;1307;1307;1500;0
БУДУЩЕЕ ао;60;20170802;100000;1306;1306;1304;1304;407;0
БУДУЩЕЕ ао;60;20170802;140000;1308;1308;1307;1307;1330;0
БУДУЩЕЕ ао;60;20170802;150000;1307;1307;1305;1305;556;0
БУДУЩЕЕ ао;60;20170802;160000;1307;1309;1307;1309;1063;0
БУДУЩЕЕ ао;60;20170803;110000;1311;1314;1311;1314;36;0
БУДУЩЕЕ ао;60;20170803;120000;1314;1315;1313;1314;2880;0
БУДУЩЕЕ ао;60;20170803;130000;1314;1315;1314;1314;814;0
БУДУЩЕЕ ао;60;20170803;160000;1315;1315;1307;1307;419;0
БУДУЩЕЕ ао;60;20170803;170000;1306;1307;1306;1307;612;0
БУДУЩЕЕ ао;60;20170804;100000;1308;1308;1304;1304;1060;0
БУДУЩЕЕ ао;60;20170804;110000;1304;1308;1304;1306;1575;0
БУДУЩЕЕ ао;60;20170804;120000;1306;1306;1306;1306;227;0
БУДУЩЕЕ ао;60;20170807;100000;1306;1307;1305;1307;900;0
БУДУЩЕЕ ао;60;20170807;130000;1308;1308;1305;1306;289;0
БУДУЩЕЕ ао;60;20170807;140000;1306;1306;1304;1304;1200;0
БУДУЩЕЕ ао;60;20170808;110000;1305;1305;1305;1305;163;0
БУДУЩЕЕ ао;60;20170808;120000;1305;1305;1304;1305;725;0
БУДУЩЕЕ ао;60;20170808;130000;1305;1308;1305;1307;728;0
БУДУЩЕЕ ао;60;20170808;160000;1307;1307;1306;1306;383;0
БУДУЩЕЕ ао;60;20170809;110000;1306;1310;1306;1306;502;0
БУДУЩЕЕ ао;60;20170809;120000;1306;1306;1306;1306;115;0
БУДУЩЕЕ ао;60;20170809;140000;1310;1310;1310;1310;1;0
БУДУЩЕЕ ао;60;20170809;150000;1307;1309;1307;1309;370;0
БУДУЩЕЕ ао;60;20170809;160000;1308;1311;1306;1306;1041;0
БУДУЩЕЕ ао;60;20170810;110000;1306;1306;1306;1306;7;0
БУДУЩЕЕ ао;60;20170810;150000;1308;1309;1307;1309;654;0
БУДУЩЕЕ ао;60;20170810;170000;1307;1309;1306;1308;1117;0
БУДУЩЕЕ ао;60;20170810;180000;1310;1314;1309;1314;271;0
БУДУЩЕЕ ао;60;20170811;110000;1309;1311;1309;1309;505;0
БУДУЩЕЕ ао;60;20170811;130000;1308;1308;1306;1306;200;0
БУДУЩЕЕ ао;60;20170811;140000;1304;1304;1299;1300;1105;0
БУДУЩЕЕ ао;60;20170811;150000;1300;1300;1300;1300;150;0
БУДУЩЕЕ ао;60;20170811;160000;1300;1300;1300;1300;23;0
БУДУЩЕЕ ао;60;20170811;170000;1300;1303;1300;1303;829;0
БУДУЩЕЕ ао;60;20170811;180000;1301;1305;1300;1305;165;0
БУДУЩЕЕ ао;60;20170814;110000;1303;1305;1301;1305;768;0
БУДУЩЕЕ ао;60;20170814;160000;1306;1306;1304;1304;565;0
БУДУЩЕЕ ао;60;20170814;170000;1306;1306;1304;1304;902;0
БУДУЩЕЕ ао;60;20170815;100000;1304;1304;1304;1304;157;0
БУДУЩЕЕ ао;60;20170815;110000;1305;1308;1304;1308;447;0
БУДУЩЕЕ ао;60;20170815;130000;1306;1306;1306;1306;382;0
БУДУЩЕЕ ао;60;20170815;140000;1308;1309;1307;1309;625;0
БУДУЩЕЕ ао;60;20170815;150000;1312;1312;1312;1312;1;0
БУДУЩЕЕ ао;60;20170815;160000;1309;1309;1309;1309;1;0
БУДУЩЕЕ ао;60;20170815;180000;1310;1310;1309;1309;523;0
БУДУЩЕЕ ао;60;20170816;100000;1306;1306;1306;1306;229;0
БУДУЩЕЕ ао;60;20170816;110000;1306;1306;1306;1306;76;0
БУДУЩЕЕ ао;60;20170816;120000;1306;1308;1306;1308;433;0
БУДУЩЕЕ ао;60;20170816;130000;1308;1308;1308;1308;58;0
БУДУЩЕЕ ао;60;20170816;150000;1310;1310;1308;1309;609;0
БУДУЩЕЕ ао;60;20170816;160000;1309;1310;1308;1309;898;0
БУДУЩЕЕ ао;60;20170816;170000;1305;1305;1305;1305;12;0
БУДУЩЕЕ ао;60;20170817;100000;1306;1308;1306;1307;653;0
БУДУЩЕЕ ао;60;20170817;120000;1308;1308;1308;1308;1;0
БУДУЩЕЕ ао;60;20170817;130000;1310;1310;1307;1307;123;0
БУДУЩЕЕ ао;60;20170817;140000;1307;1311;1307;1311;1716;0
БУДУЩЕЕ ао;60;20170817;150000;1311;1311;1311;1311;108;0
БУДУЩЕЕ ао;60;20170817;180000;1308;1314;1308;1314;10;0
БУДУЩЕЕ ао;60;20170818;110000;1311;1312;1309;1312;262;0
БУДУЩЕЕ ао;60;20170818;140000;1309;1309;1309;1309;84;0
БУДУЩЕЕ ао;60;20170818;150000;1312;1314;1310;1311;1040;0
БУДУЩЕЕ ао;60;20170818;180000;1313;1313;1313;1313;913;0
БУДУЩЕЕ ао;60;20170821;110000;1313;1313;1313;1313;114;0
БУДУЩЕЕ ао;60;20170821;120000;1313;1316;1313;1316;326;0
БУДУЩЕЕ ао;60;20170821;130000;1316;1316;1313;1314;488;0
БУДУЩЕЕ ао;60;20170821;150000;1314;1315;1314;1315;456;0
БУДУЩЕЕ ао;60;20170821;160000;1315;1317;1315;1317;868;0
БУДУЩЕЕ ао;60;20170822;110000;1317;1317;1314;1314;765;0
БУДУЩЕЕ ао;60;20170822;140000;1317;1318;1317;1318;4;0
БУДУЩЕЕ ао;60;20170822;150000;1316;1316;1314;1314;401;0
БУДУЩЕЕ ао;60;20170822;160000;1314;1314;1310;1310;780;0
БУДУЩЕЕ ао;60;20170823;100000;1310;1311;1307;1311;492;0
БУДУЩЕЕ ао;60;20170823;110000;1311;1311;1311;1311;274;0
БУДУЩЕЕ ао;60;20170823;130000;1311;1312;1310;1310;648;0
БУДУЩЕЕ ао;60;20170823;160000;1312;1312;1310;1310;762;0
БУДУЩЕЕ ао;60;20170823;170000;1310;1310;1310;1310;2;0
БУДУЩЕЕ ао;60;20170824;100000;1310;1310;1310;1310;419;0
БУДУЩЕЕ ао;60;20170824;130000;1313;1314;1313;1314;299;0
БУДУЩЕЕ ао;60;20170824;140000;1314;1315;1314;1315;828;0
БУДУЩЕЕ ао;60;20170824;160000;1316;1316;1316;1316;67;0
БУДУЩЕЕ ао;60;20170824;170000;1316;1317;1316;1317;533;0
БУДУЩЕЕ ао;60;20170825;110000;1317;1317;1315;1315;605;0
БУДУЩЕЕ ао;60;20170825;150000;1315;1317;1314;1317;1004;0
БУДУЩЕЕ ао;60;20170825;160000;1318;1318;1316;1316;392;0
БУДУЩЕЕ ао;60;20170828;100000;1314;1314;1314;1314;1;0
БУДУЩЕЕ ао;60;20170828;110000;1315;1316;1315;1316;452;0
БУДУЩЕЕ ао;60;20170828;120000;1315;1317;1315;1317;395;0
БУДУЩЕЕ ао;60;20170828;140000;1315;1315;1315;1315;30;0
БУДУЩЕЕ ао;60;20170828;150000;1315;1315;1315;1315;350;0
БУДУЩЕЕ ао;60;20170828;160000;1314;1315;1314;1315;154;0
БУДУЩЕЕ ао;60;20170828;180000;1315;1316;1315;1316;604;0
БУДУЩЕЕ ао;60;20170829;100000;1314;1314;1314;1314;10;0
БУДУЩЕЕ ао;60;20170829;120000;1317;1317;1314;1314;532;0
БУДУЩЕЕ ао;60;20170829;130000;1317;1317;1317;1317;300;0
БУДУЩЕЕ ао;60;20170829;150000;1315;1315;1315;1315;600;0
БУДУЩЕЕ ао;60;20170829;160000;1316;1319;1316;1319;492;0
БУДУЩЕЕ ао;60;20170830;100000;1316;1317;1316;1316;381;0
БУДУЩЕЕ ао;60;20170830;120000;1317;1319;1317;1317;502;0
БУДУЩЕЕ ао;60;20170830;140000;1318;1320;1318;1320;600;0
БУДУЩЕЕ ао;60;20170830;150000;1320;1320;1318;1318;513;0
БУДУЩЕЕ ао;60;20170830;160000;1318;1318;1318;1318;1;0
БУДУЩЕЕ ао;60;20170831;100000;1318;1318;1317;1317;10;0
БУДУЩЕЕ ао;60;20170831;110000;1320;1320;1318;1318;381;0
БУДУЩЕЕ ао;60;20170831;120000;1321;1321;1321;1321;110;0
БУДУЩЕЕ ао;60;20170831;130000;1318;1323;1318;1323;503;0
БУДУЩЕЕ ао;60;20170831;140000;1321;1323;1321;1323;505;0
БУДУЩЕЕ ао;60;20170831;160000;1322;1323;1322;1323;221;0
БУДУЩЕЕ ао;60;20170831;170000;1322;1322;1321;1321;380;0
БУДУЩЕЕ ао;60;20170901;100000;1320;1320;1320;1320;10;0
БУДУЩЕЕ ао;60;20170901;110000;1323;1323;1320;1320;213;0
БУДУЩЕЕ ао;60;20170901;120000;1321;1322;1317;1317;462;0
БУДУЩЕЕ ао;60;20170901;130000;1320;1325;1320;1325;9;0
БУДУЩЕЕ ао;60;20170901;140000;1326;1331;1326;1331;1384;0
БУДУЩЕЕ ао;60;20170901;150000;1331;1331;1331;1331;399;0
БУДУЩЕЕ ао;60;20170901;160000;1334;1334;1334;1334;50;0
БУДУЩЕЕ ао;60;20170904;100000;1331;1331;1328;1330;1183;0
БУДУЩЕЕ ао;60;20170904;110000;1331;1332;1331;1331;1166;0
БУДУЩЕЕ ао;60;20170904;120000;1331;1332;1328;1328;1292;0
БУДУЩЕЕ ао;60;20170904;130000;1335;1336;1328;1331;3185;0
БУДУЩЕЕ ао;60;20170904;150000;1333;1333;1333;1333;4;0
БУДУЩЕЕ ао;60;20170904;170000;1333;1333;1333;1333;1;0
БУДУЩЕЕ ао;60;20170904;180000;1333;1333;1333;1333;20;0
БУДУЩЕЕ ао;60;20170905;110000;1328;1330;1328;1330;219;0
БУДУЩЕЕ ао;60;20170905;120000;1332;1333;1330;1333;372;0
БУДУЩЕЕ ао;60;20170905;140000;1333;1333;1330;1330;392;0
БУДУЩЕЕ ао;60;20170905;150000;1333;1334;1331;1334;565;0
БУДУЩЕЕ ао;60;20170905;160000;1332;1336;1332;1336;981;0
БУДУЩЕЕ ао;60;20170905;170000;1336;1336;1324;1324;277;0
БУДУЩЕЕ ао;60;20170906;100000;1324;1324;1321;1321;4;0
БУДУЩЕЕ ао;60;20170906;110000;1323;1323;1318;1318;860;0
БУДУЩЕЕ ао;60;20170906;120000;1320;1320;1317;1317;472;0
БУДУЩЕЕ ао;60;20170906;150000;1320;1320;1317;1317;196;0
БУДУЩЕЕ ао;60;20170906;160000;1317;1317;1317;1317;506;0
БУДУЩЕЕ ао;60;20170906;170000;1317;1317;1317;1317;4;0
БУДУЩЕЕ ао;60;20170906;180000;1317;1322;1316;1322;241;0
БУДУЩЕЕ ао;60;20170907;100000;1320;1320;1320;1320;1;0
БУДУЩЕЕ ао;60;20170907;110000;1320;1323;1320;1321;805;0
БУДУЩЕЕ ао;60;20170907;120000;1322;1325;1322;1325;300;0
БУДУЩЕЕ ао;60;20170907;140000;1324;1327;1324;1327;717;0
БУДУЩЕЕ ао;60;20170907;150000;1328;1328;1328;1328;201;0
БУДУЩЕЕ ао;60;20170908;110000;1327;1331;1326;1331;994;0
БУДУЩЕЕ ао;60;20170908;160000;1332;1332;1329;1329;298;0
БУДУЩЕЕ ао;60;20170908;170000;1331;1332;1327;1330;783;0
БУДУЩЕЕ ао;60;20170911;110000;1332;1334;1332;1334;300;0
БУДУЩЕЕ ао;60;20170911;130000;1331;1335;1331;1331;306;0
БУДУЩЕЕ ао;60;20170911;140000;1331;1331;1330;1330;1587;0
БУДУЩЕЕ ао;60;20170911;170000;1334;1335;1334;1335;7;0
БУДУЩЕЕ ао;60;20170912;110000;1330;1331;1330;1330;304;0
БУДУЩЕЕ ао;60;20170912;160000;1330;1333;1330;1333;1588;0
БУДУЩЕЕ ао;60;20170912;180000;1335;1335;1329;1329;19;0
БУДУЩЕЕ ао;60;20170913;110000;1329;1330;1328;1330;683;0
БУДУЩЕЕ ао;60;20170913;130000;1333;1341;1333;1341;2;0
БУДУЩЕЕ ао;60;20170913;140000;1333;1333;1331;1331;699;0
БУДУЩЕЕ ао;60;20170913;170000;1332;1334;1331;1332;604;0
БУДУЩЕЕ ао;60;20170913;180000;1335;1335;1335;1335;7;0
БУДУЩЕЕ ао;60;20170914;110000;1332;1333;1331;1331;523;0
БУДУЩЕЕ ао;60;20170914;150000;1331;1332;1331;1332;791;0
БУДУЩЕЕ ао;60;20170914;160000;1332;1335;1331;1335;178;0
БУДУЩЕЕ ао;60;20170914;180000;1336;1336;1336;1336;12;0
БУДУЩЕЕ ао;60;20170915;110000;1332;1333;1330;1331;763;0
БУДУЩЕЕ ао;60;20170915;150000;1330;1330;1330;1330;1;0
БУДУЩЕЕ ао;60;20170915;170000;1330;1330;1329;1330;1400;0
БУДУЩЕЕ ао;60;20170915;180000;1328;1328;1328;1328;75;0
БУДУЩЕЕ ао;60;20170918;110000;1329;1331;1326;1327;2370;0
БУДУЩЕЕ ао;60;20170918;170000;1326;1326;1326;1326;1;0
БУДУЩЕЕ ао;60;20170919;110000;1327;1327;1326;1326;2539;0
БУДУЩЕЕ ао;60;20170919;120000;1326;1328;1318;1326;2406;0
БУДУЩЕЕ ао;60;20170919;130000;1326;1327;1323;1323;1394;0
БУДУЩЕЕ ао;60;20170920;110000;1324;1328;1324;1325;921;0
БУДУЩЕЕ ао;60;20170920;130000;1328;1335;1328;1334;1654;0
БУДУЩЕЕ ао;60;20170921;110000;1331;1335;1331;1335;505;0
БУДУЩЕЕ ао;60;20170921;120000;1335;1336;1335;1335;57;0
БУДУЩЕЕ ао;60;20170921;140000;1334;1334;1331;1331;499;0
БУДУЩЕЕ ао;60;20170921;160000;1334;1334;1334;1334;1;0
БУДУЩЕЕ ао;60;20170921;170000;1331;1335;1331;1333;856;0
БУДУЩЕЕ ао;60;20170922;110000;1331;1333;1329;1330;569;0
БУДУЩЕЕ ао;60;20170922;120000;1333;1333;1331;1331;378;0
БУДУЩЕЕ ао;60;20170922;130000;1331;1333;1328;1333;380;0
БУДУЩЕЕ ао;60;20170922;160000;1333;1334;1333;1334;23;0
БУДУЩЕЕ ао;60;20170922;170000;1329;1334;1329;1334;751;0
БУДУЩЕЕ ао;60;20170925;110000;1332;1334;1332;1334;354;0
БУДУЩЕЕ ао;60;20170925;120000;1334;1336;1334;1336;67;0
БУДУЩЕЕ ао;60;20170925;140000;1334;1336;1332;1333;535;0
БУДУЩЕЕ ао;60;20170925;150000;1334;1335;1331;1331;224;0
БУДУЩЕЕ ао;60;20170925;160000;1336;1337;1333;1334;840;0
БУДУЩЕЕ ао;60;20170925;170000;1334;1334;1332;1332;80;0
БУДУЩЕЕ ао;60;20170925;180000;1334;1334;1334;1334;50;0
БУДУЩЕЕ ао;60;20170926;100000;1332;1332;1332;1332;205;0
БУДУЩЕЕ ао;60;20170926;110000;1332;1332;1332;1332;195;0
БУДУЩЕЕ ао;60;20170926;120000;1336;1336;1334;1334;678;0
БУДУЩЕЕ ао;60;20170926;140000;1336;1337;1333;1337;453;0
БУДУЩЕЕ ао;60;20170926;150000;1335;1339;1316;1339;647;0
БУДУЩЕЕ ао;60;20170926;170000;1336;1337;1336;1337;939;0
БУДУЩЕЕ ао;60;20170926;180000;1339;1339;1339;1339;6;0
БУДУЩЕЕ ао;60;20170927;100000;1339;1339;1339;1339;2;0
БУДУЩЕЕ ао;60;20170927;110000;1339;1339;1335;1336;552;0
БУДУЩЕЕ ао;60;20170927;120000;1336;1336;1336;1336;6;0
БУДУЩЕЕ ао;60;20170927;140000;1334;1334;1334;1334;26;0
БУДУЩЕЕ ао;60;20170927;170000;1337;1339;1335;1339;1501;0
БУДУЩЕЕ ао;60;20170928;110000;1339;1339;1335;1335;432;0
БУДУЩЕЕ ао;60;20170928;120000;1335;1335;1335;1335;141;0
БУДУЩЕЕ ао;60;20170928;130000;1339;1339;1339;1339;3;0
БУДУЩЕЕ ао;60;20170928;150000;1337;1340;1336;1340;1535;0
БУДУЩЕЕ ао;60;20170928;170000;1339;1342;1339;1342;41;0
БУДУЩЕЕ ао;60;20170929;100000;1342;1342;1342;1342;1;0
БУДУЩЕЕ ао;60;20170929;110000;1339;1339;1338;1338;482;0
БУДУЩЕЕ ао;60;20170929;120000;1341;1341;1341;1341;2;0
БУДУЩЕЕ ао;60;20170929;160000;1339;1341;1338;1338;1078;0
БУДУЩЕЕ ао;60;20170929;180000;1339;1339;1339;1339;450;0
БУДУЩЕЕ ао;60;20171002;110000;1340;1340;1338;1338;527;0
БУДУЩЕЕ ао;60;20171002;130000;1338;1340;1338;1340;487;0
БУДУЩЕЕ ао;60;20171002;140000;1340;1340;1340;1340;37;0
БУДУЩЕЕ ао;60;20171002;160000;1341;1341;1341;1341;1;0
БУДУЩЕЕ ао;60;20171002;170000;1338;1340;1337;1337;1154;0
БУДУЩЕЕ ао;60;20171002;180000;1336;1336;1336;1336;2;0
БУДУЩЕЕ ао;60;20171003;110000;1337;1339;1336;1336;1183;0
БУДУЩЕЕ ао;60;20171003;130000;1336;1336;1330;1330;901;0
БУДУЩЕЕ ао;60;20171003;140000;1330;1331;1330;1331;21;0
БУДУЩЕЕ ао;60;20171003;160000;1330;1330;1330;1330;50;0
БУДУЩЕЕ ао;60;20171004;110000;1327;1330;1327;1330;239;0
БУДУЩЕЕ ао;60;20171004;120000;1330;1334;1329;1329;575;0
БУДУЩЕЕ ао;60;20171004;150000;1327;1327;1326;1326;303;0
БУДУЩЕЕ ао;60;20171004;160000;1326;1330;1326;1330;311;0
БУДУЩЕЕ ао;60;20171004;170000;1330;1331;1326;1331;643;0
БУДУЩЕЕ ао;60;20171005;120000;1330;1332;1327;1332;812;0
БУДУЩЕЕ ао;60;20171005;130000;1332;1332;1332;1332;158;0
БУДУЩЕЕ ао;60;20171005;140000;1331;1331;1330;1330;301;0
БУДУЩЕЕ ао;60;20171005;160000;1334;1334;1325;1325;607;0
БУДУЩЕЕ ао;60;20171005;170000;1326;1326;1326;1326;75;0
БУДУЩЕЕ ао;60;20171006;100000;1328;1328;1328;1328;1;0
БУДУЩЕЕ ао;60;20171006;110000;1325;1327;1325;1327;225;0
БУДУЩЕЕ ао;60;20171006;130000;1325;1327;1325;1327;358;0
БУДУЩЕЕ ао;60;20171006;140000;1327;1328;1325;1325;771;0
БУДУЩЕЕ ао;60;20171006;150000;1325;1328;1324;1328;595;0
БУДУЩЕЕ ао;60;20171006;180000;1328;1328;1328;1328;1;0
БУДУЩЕЕ ао;60;20171009;110000;1325;1329;1325;1329;503;0
БУДУЩЕЕ ао;60;20171009;120000;1331;1331;1331;1331;100;0
БУДУЩЕЕ ао;60;20171009;130000;1327;1331;1327;1331;352;0
БУДУЩЕЕ ао;60;20171009;140000;1331;1332;1330;1332;891;0
БУДУЩЕЕ ао;60;20171009;160000;1332;1332;1326;1326;618;0
БУДУЩЕЕ ао;60;20171010;100000;1329;1346;1324;1324;920;0
БУДУЩЕЕ ао;60;20171010;110000;1323;1325;1323;1323;568;0
БУДУЩЕЕ ао;60;20171010;130000;1325;1325;1325;1325;2;0
БУДУЩЕЕ ао;60;20171010;140000;1325;1325;1322;1322;289;0
БУДУЩЕЕ ао;60;20171010;150000;1322;1325;1322;1322;102;0
БУДУЩЕЕ ао;60;20171010;160000;1325;1325;1325;1325;253;0
БУДУЩЕЕ ао;60;20171011;100000;1321;1325;1321;1321;139;0
БУДУЩЕЕ ао;60;20171011;110000;1321;1323;1320;1320;1824;0
БУДУЩЕЕ ао;60;20171011;120000;1320;1323;1320;1323;517;0
БУДУЩЕЕ ао;60;20171011;140000;1320;1320;1320;1320;2;0
БУДУЩЕЕ ао;60;20171011;150000;1319;1319;1319;1319;773;0
БУДУЩЕЕ ао;60;20171011;170000;1319;1319;1319;1319;3;0
БУДУЩЕЕ ао;60;20171011;180000;1319;1319;1319;1319;314;0
БУДУЩЕЕ ао;60;20171012;110000;1316;1318;1315;1318;662;0
БУДУЩЕЕ ао;60;20171012;120000;1315;1319;1315;1315;740;0
БУДУЩЕЕ ао;60;20171012;130000;1314;1318;1314;1318;428;0
БУДУЩЕЕ ао;60;20171012;170000;1315;1315;1311;1311;559;0
БУДУЩЕЕ ао;60;20171013;110000;1314;1314;1311;1312;1810;0
БУДУЩЕЕ ао;60;20171013;120000;1311;1311;1311;1311;1;0
БУДУЩЕЕ ао;60;20171013;140000;1311;1311;1311;1311;392;0
БУДУЩЕЕ ао;60;20171013;150000;1311;1311;1311;1311;1;0
БУДУЩЕЕ ао;60;20171013;180000;1310;1310;1309;1309;44;0
БУДУЩЕЕ ао;60;20171016;100000;1308;1308;1307;1307;303;0
БУДУЩЕЕ ао;60;20171016;110000;1307;1310;1307;1310;483;0
БУДУЩЕЕ ао;60;20171016;120000;1306;1306;1306;1306;40;0
БУДУЩЕЕ ао;60;20171016;140000;1309;1309;1309;1309;204;0
БУДУЩЕЕ ао;60;20171016;150000;1308;1308;1308;1308;813;0
БУДУЩЕЕ ао;60;20171016;160000;1308;1308;1300;1300;1087;0
БУДУЩЕЕ ао;60;20171016;170000;1148;1275;1148;1240;12;0
БУДУЩЕЕ ао;60;20171016;180000;1282;1300;1282;1289;3163;0
БУДУЩЕЕ ао;60;20171017;100000;1295;1296;1276;1281;6516;0
БУДУЩЕЕ ао;60;20171017;110000;1278;1281;1276;1277;10;0
БУДУЩЕЕ ао;60;20171017;120000;1276;1281;1276;1277;1505;0
БУДУЩЕЕ ао;60;20171017;160000;1279;1279;1278;1278;448;0
БУДУЩЕЕ ао;60;20171018;090000;1204;1204;1204;1204;8;0
БУДУЩЕЕ ао;60;20171018;100000;1277;1280;1276;1280;9;0
БУДУЩЕЕ ао;60;20171018;110000;1277;1277;1277;1277;647;0
БУДУЩЕЕ ао;60;20171018;120000;1277;1279;1275;1275;871;0
БУДУЩЕЕ ао;60;20171018;140000;1273;1273;1273;1273;6;0
БУДУЩЕЕ ао;60;20171018;160000;1275;1276;1272;1272;957;0
БУДУЩЕЕ ао;60;20171018;170000;1270;1270;1269;1269;476;0
БУДУЩЕЕ ао;60;20171018;180000;1267;1267;1267;1267;179;0
БУДУЩЕЕ ао;60;20171019;100000;1269;1269;1268;1268;627;0
БУДУЩЕЕ ао;60;20171019;130000;1268;1268;1266;1266;796;0
БУДУЩЕЕ ао;60;20171019;160000;1265;1269;1265;1269;102;0
БУДУЩЕЕ ао;60;20171019;170000;1268;1268;1268;1268;979;0
БУДУЩЕЕ ао;60;20171020;100000;1267;1267;1266;1266;302;0
БУДУЩЕЕ ао;60;20171020;130000;1263;1266;1263;1266;458;0
БУДУЩЕЕ ао;60;20171020;140000;1266;1266;1266;1266;355;0
БУДУЩЕЕ ао;60;20171020;160000;1266;1266;1263;1263;994;0
БУДУЩЕЕ ао;60;20171023;100000;1266;1271;1265;1265;1180;0
БУДУЩЕЕ ао;60;20171023;160000;1264;1264;1262;1262;1400;0
БУДУЩЕЕ ао;60;20171024;100000;1259;1260;1250;1250;1996;0
БУДУЩЕЕ ао;60;20171024;120000;1250;1250;1250;1250;1;0
БУДУЩЕЕ ао;60;20171024;130000;1248;1248;1247;1247;10;0
БУДУЩЕЕ ао;60;20171024;150000;1248;1248;1244;1244;580;0
БУДУЩЕЕ ао;60;20171024;170000;1243;1244;1243;1244;9;0
БУДУЩЕЕ ао;60;20171025;100000;1242;1242;1231;1231;2224;0
БУДУЩЕЕ ао;60;20171025;110000;1229;1229;1212;1212;325;0
БУДУЩЕЕ ао;60;20171025;160000;1219;1219;1219;1219;20;0
БУДУЩЕЕ ао;60;20171025;180000;1212;1212;1202;1202;552;0
БУДУЩЕЕ ао;60;20171026;100000;1205;1205;1205;1205;129;0
БУДУЩЕЕ ао;60;20171026;170000;1256;1281;1256;1280;8;0
БУДУЩЕЕ ао;60;20171026;180000;1279;1279;1279;1279;3;0
БУДУЩЕЕ ао;60;20171027;100000;1279;1279;1267;1267;1280;0
БУДУЩЕЕ ао;60;20171027;110000;1256;1260;1250;1250;693;0
БУДУЩЕЕ ао;60;20171027;140000;1247;1247;1220;1220;337;0
БУДУЩЕЕ ао;60;20171027;150000;1233;1233;1233;1233;154;0
БУДУЩЕЕ ао;60;20171027;170000;1220;1220;1220;1220;1;0
БУДУЩЕЕ ао;60;20171030;110000;1218;1220;1200;1200;2184;0
БУДУЩЕЕ ао;60;20171030;130000;1200;1200;1198;1198;13;0
БУДУЩЕЕ ао;60;20171030;140000;1200;1200;1200;1200;15;0
БУДУЩЕЕ ао;60;20171030;160000;1200;1200;1200;1200;1;0
БУДУЩЕЕ ао;60;20171030;170000;1200;1200;1200;1200;1;0
БУДУЩЕЕ ао;60;20171030;180000;1198;1198;1195;1195;313;0
БУДУЩЕЕ ао;60;20171031;110000;1194;1194;1183;1183;1777;0
БУДУЩЕЕ ао;60;20171031;120000;1183;1183;1171;1176;867;0
БУДУЩЕЕ ао;60;20171101;100000;1173;1173;1159;1161;2330;0
БУДУЩЕЕ ао;60;20171101;120000;1161;1161;1159;1159;215;0
БУДУЩЕЕ ао;60;20171101;130000;1160;1160;1150;1150;4;0
БУДУЩЕЕ ао;60;20171101;140000;1158;1158;1158;1158;1;0
БУДУЩЕЕ ао;60;20171101;150000;1150;1150;1150;1150;6;0
БУДУЩЕЕ ао;60;20171101;160000;1151;1151;1052;1081;359;0
БУДУЩЕЕ ао;60;20171101;180000;1082;1082;1070;1070;47;0
БУДУЩЕЕ ао;60;20171102;100000;1159;1162;1153;1153;1504;0
БУДУЩЕЕ ао;60;20171102;110000;1127;1127;1080;1080;40;0
БУДУЩЕЕ ао;60;20171102;120000;1080;1081;1080;1081;2;0
БУДУЩЕЕ ао;60;20171102;150000;1085;1085;1085;1085;1;0
БУДУЩЕЕ ао;60;20171102;160000;1082;1088;1081;1088;287;0
БУДУЩЕЕ ао;60;20171102;180000;1088;1091;1088;1091;110;0
БУДУЩЕЕ ао;60;20171103;090000;1140;1140;1140;1140;1;0
БУДУЩЕЕ ао;60;20171103;100000;1085;1085;1069;1069;1450;0
БУДУЩЕЕ ао;60;20171103;110000;1069;1069;1057;1057;231;0
БУДУЩЕЕ ао;60;20171103;130000;1058;1058;1058;1058;1;0
БУДУЩЕЕ ао;60;20171103;140000;1058;1058;1054;1055;7;0
БУДУЩЕЕ ао;60;20171103;150000;1056;1056;1054;1056;7;0
БУДУЩЕЕ ао;60;20171103;160000;1056;1056;1054;1054;11;0
БУДУЩЕЕ ао;60;20171103;170000;1054;1054;1051;1051;126;0
БУДУЩЕЕ ао;60;20171103;180000;1053;1053;1049;1049;2;0
БУДУЩЕЕ ао;60;20171107;100000;1049;1050;1035;1035;1621;0
БУДУЩЕЕ ао;60;20171107;110000;1032;1032;1026;1026;78;0
БУДУЩЕЕ ао;60;20171107;120000;1026;1026;1020;1020;146;0
БУДУЩЕЕ ао;60;20171107;140000;1020;1021;1020;1021;11;0
БУДУЩЕЕ ао;60;20171107;150000;1017;1017;1017;1017;1;0
БУДУЩЕЕ ао;60;20171107;160000;1017;1017;1007;1007;2145;0
БУДУЩЕЕ ао;60;20171107;170000;1004;1007;1004;1004;6;0
БУДУЩЕЕ ао;60;20171107;180000;1004;1004;1004;1004;1;0
БУДУЩЕЕ ао;60;20171108;100000;1004;1004;946;961;1517;0
БУДУЩЕЕ ао;60;20171108;110000;972;973;911;911;152;0
БУДУЩЕЕ ао;60;20171108;120000;917;919;806;898;289;0
БУДУЩЕЕ ао;60;20171108;130000;898;898;898;898;17;0
БУДУЩЕЕ ао;60;20171108;140000;880;920;880;920;68;0
БУДУЩЕЕ ао;60;20171108;150000;920;948;910;948;227;0
БУДУЩЕЕ ао;60;20171108;160000;921;950;920;950;94;0
БУДУЩЕЕ ао;60;20171109;100000;952;952;812;873;1931;0
БУДУЩЕЕ ао;60;20171109;120000;881;881;862;862;55;0
БУДУЩЕЕ ао;60;20171109;130000;872;872;851;851;4;0
БУДУЩЕЕ ао;60;20171109;140000;866;870;856;866;162;0
БУДУЩЕЕ ао;60;20171109;150000;867;874;856;870;68;0
БУДУЩЕЕ ао;60;20171109;170000;875;875;875;875;1;0
БУДУЩЕЕ ао;60;20171109;180000;867;888;867;888;15;0
БУДУЩЕЕ ао;60;20171110;100000;886;887;883;884;147;0
БУДУЩЕЕ ао;60;20171110;110000;884;884;877;877;527;0
БУДУЩЕЕ ао;60;20171110;120000;878;881;878;878;12;0
БУДУЩЕЕ ао;60;20171110;130000;879;879;878;878;8;0
БУДУЩЕЕ ао;60;20171110;150000;881;884;881;884;309;0
БУДУЩЕЕ ао;60;20171110;160000;884;887;884;887;60;0
БУДУЩЕЕ ао;60;20171110;170000;887;887;887;887;23;0
БУДУЩЕЕ ао;60;20171110;180000;887;918;887;918;5;0
БУДУЩЕЕ ао;60;20171113;100000;918;918;883;885;321;0
БУДУЩЕЕ ао;60;20171113;110000;887;889;887;887;6;0
БУДУЩЕЕ ао;60;20171113;130000;883;883;850;851;8;0
БУДУЩЕЕ ао;60;20171113;140000;850;850;826;837;639;0
БУДУЩЕЕ ао;60;20171113;150000;851;879;836;836;308;0
БУДУЩЕЕ ао;60;20171113;160000;840;842;840;842;310;0
БУДУЩЕЕ ао;60;20171113;170000;841;841;835;835;68;0
БУДУЩЕЕ ао;60;20171113;180000;850;880;850;874;386;0
БУДУЩЕЕ ао;60;20171114;100000;870;871;864;866;607;0
БУДУЩЕЕ ао;60;20171114;110000;866;866;864;864;2;0
БУДУЩЕЕ ао;60;20171114;120000;870;870;864;864;6;0
БУДУЩЕЕ ао;60;20171114;140000;864;864;864;864;13;0
БУДУЩЕЕ ао;60;20171114;150000;864;864;864;864;11;0
БУДУЩЕЕ ао;60;20171114;170000;864;864;864;864;20;0
БУДУЩЕЕ ао;60;20171114;180000;834;834;834;834;1;0
БУДУЩЕЕ ао;60;20171115;100000;900;1129;857;1115;3016;0
БУДУЩЕЕ ао;60;20171115;110000;1089;1099;1000;1001;2840;0
БУДУЩЕЕ ао;60;20171115;120000;1018;1021;1000;1000;312;0
БУДУЩЕЕ ао;60;20171115;130000;990;990;885;899;185;0
БУДУЩЕЕ ао;60;20171115;140000;882;882;880;880;32;0
БУДУЩЕЕ ао;60;20171115;150000;870;884;845;880;76;0
БУДУЩЕЕ ао;60;20171115;160000;860;860;860;860;2;0
БУДУЩЕЕ ао;60;20171115;170000;855;855;851;851;9;0
БУДУЩЕЕ ао;60;20171115;180000;870;884;851;851;253;0
БУДУЩЕЕ ао;60;20171116;100000;847;875;847;869;2349;0
БУДУЩЕЕ ао;60;20171116;110000;862;869;859;859;117;0
БУДУЩЕЕ ао;60;20171116;120000;859;860;859;859;26;0
БУДУЩЕЕ ао;60;20171116;130000;861;866;859;862;170;0
БУДУЩЕЕ ао;60;20171116;140000;866;866;866;866;7;0
БУДУЩЕЕ ао;60;20171116;150000;859;859;859;859;7;0
БУДУЩЕЕ ао;60;20171116;160000;859;859;859;859;4;0
БУДУЩЕЕ ао;60;20171116;180000;859;865;859;865;33;0
БУДУЩЕЕ ао;60;20171117;100000;822;849;820;821;2827;0
БУДУЩЕЕ ао;60;20171117;110000;820;834;815;817;1638;0
БУДУЩЕЕ ао;60;20171117;120000;817;817;809;811;715;0
БУДУЩЕЕ ао;60;20171117;130000;811;811;809;809;34;0
БУДУЩЕЕ ао;60;20171117;140000;814;814;809;810;1026;0
БУДУЩЕЕ ао;60;20171117;150000;810;811;807;808;184;0
БУДУЩЕЕ ао;60;20171117;160000;808;808;789;793;1191;0
БУДУЩЕЕ ао;60;20171117;170000;794;794;787;787;38;0
БУДУЩЕЕ ао;60;20171117;180000;793;794;788;794;13;0
БУДУЩЕЕ ао;60;20171120;100000;790;814;790;793;2462;0
БУДУЩЕЕ ао;60;20171120;110000;799;799;798;798;153;0
БУДУЩЕЕ ао;60;20171120;120000;794;799;778;781;158;0
БУДУЩЕЕ ао;60;20171120;140000;790;790;790;790;1;0
БУДУЩЕЕ ао;60;20171120;160000;786;799;782;794;2801;0
БУДУЩЕЕ ао;60;20171120;180000;800;800;800;800;1;0
БУДУЩЕЕ ао;60;20171121;100000;796;796;762;762;3046;0
БУДУЩЕЕ ао;60;20171121;110000;770;790;751;771;336;0
БУДУЩЕЕ ао;60;20171121;130000;767;789;764;779;2569;0
БУДУЩЕЕ ао;60;20171121;160000;773;773;772;772;4;0
БУДУЩЕЕ ао;60;20171121;180000;771;772;771;772;34;0
БУДУЩЕЕ ао;60;20171122;100000;769;778;750;762;2548;0
БУДУЩЕЕ ао;60;20171122;110000;772;777;750;761;18;0
БУДУЩЕЕ ао;60;20171122;120000;755;755;755;755;1;0
БУДУЩЕЕ ао;60;20171122;140000;752;763;752;763;2;0
БУДУЩЕЕ ао;60;20171122;150000;754;754;750;750;17;0
БУДУЩЕЕ ао;60;20171122;160000;755;755;755;755;1;0
БУДУЩЕЕ ао;60;20171122;180000;759;771;759;771;5;0
БУДУЩЕЕ ао;60;20171123;100000;761;794;758;781;5413;0
БУДУЩЕЕ ао;60;20171123;120000;774;774;726;750;1180;0
БУДУЩЕЕ ао;60;20171123;140000;740;742;740;742;256;0
БУДУЩЕЕ ао;60;20171123;160000;748;748;748;748;1;0
БУДУЩЕЕ ао;60;20171123;170000;748;748;743;743;2;0
БУДУЩЕЕ ао;60;20171123;180000;747;756;747;756;11;0
БУДУЩЕЕ ао;60;20171124;100000;746;746;746;746;1;0
БУДУЩЕЕ ао;60;20171124;140000;749;749;749;749;1;0
БУДУЩЕЕ ао;60;20171124;160000;740;748;730;748;250;0
БУДУЩЕЕ ао;60;20171124;170000;740;740;730;730;13;0
БУДУЩЕЕ ао;60;20171124;180000;748;758;748;758;4;0
БУДУЩЕЕ ао;60;20171127;100000;748;775;709;738;13;0
БУДУЩЕЕ ао;60;20171127;120000;739;739;728;728;24;0
БУДУЩЕЕ ао;60;20171127;140000;730;731;730;731;2;0
БУДУЩЕЕ ао;60;20171127;170000;724;739;723;723;3;0
БУДУЩЕЕ ао;60;20171127;180000;739;750;739;745;90;0
БУДУЩЕЕ ао;60;20171128;100000;745;745;730;730;7;0
БУДУЩЕЕ ао;60;20171128;110000;730;733;713;713;37;0
БУДУЩЕЕ ао;60;20171128;120000;718;738;713;721;241;0
БУДУЩЕЕ ао;60;20171128;130000;721;730;721;730;3;0
БУДУЩЕЕ ао;60;20171128;140000;731;731;721;731;3;0
БУДУЩЕЕ ао;60;20171128;150000;721;721;721;721;1;0
БУДУЩЕЕ ао;60;20171128;160000;720;720;720;720;3;0
БУДУЩЕЕ ао;60;20171128;170000;732;732;722;722;2;0
БУДУЩЕЕ ао;60;20171129;100000;733;733;733;733;1;0
БУДУЩЕЕ ао;60;20171129;140000;744;750;710;730;72;0
БУДУЩЕЕ ао;60;20171129;170000;720;725;713;725;6;0
БУДУЩЕЕ ао;60;20171129;180000;715;715;715;715;1;0
БУДУЩЕЕ ао;60;20171130;100000;706;716;706;712;12;0
БУДУЩЕЕ ао;60;20171130;110000;711;711;708;708;8;0
БУДУЩЕЕ ао;60;20171130;120000;708;708;706;706;14;0
БУДУЩЕЕ ао;60;20171130;130000;702;716;701;716;15;0
БУДУЩЕЕ ао;60;20171130;150000;706;706;706;706;1;0
БУДУЩЕЕ ао;60;20171130;160000;705;705;586;684;55;0
БУДУЩЕЕ ао;60;20171130;170000;685;685;672;672;2;0
БУДУЩЕЕ ао;60;20171130;180000;672;672;670;671;5;0
БУДУЩЕЕ ао;60;20171201;100000;510;772;510;735;56;0
БУДУЩЕЕ ао;60;20171201;110000;745;745;699;700;12;0
БУДУЩЕЕ ао;60;20171201;120000;703;703;703;703;1;0
БУДУЩЕЕ ао;60;20171201;180000;705;705;682;682;5;0
БУДУЩЕЕ ао;60;20171204;100000;720;747;635;635;44;0
БУДУЩЕЕ ао;60;20171204;110000;730;730;650;660;11;0
БУДУЩЕЕ ао;60;20171204;180000;667;667;667;667;2;0
БУДУЩЕЕ ао;60;20171205;100000;648;751;648;710;10;0
БУДУЩЕЕ ао;60;20171205;120000;701;701;701;701;1;0
БУДУЩЕЕ ао;60;20171205;160000;701;701;700;700;2;0
БУДУЩЕЕ ао;60;20171206;110000;681;681;681;681;1;0
БУДУЩЕЕ ао;60;20171206;120000;690;690;666;666;2;0
БУДУЩЕЕ ао;60;20171206;130000;680;680;680;680;1;0
БУДУЩЕЕ ао;60;20171206;160000;712;748;700;700;6;0
БУДУЩЕЕ ао;60;20171206;180000;700;700;700;700;4;0
БУДУЩЕЕ ао;60;20171207;100000;770;770;705;740;8;0
БУДУЩЕЕ ао;60;20171207;120000;730;747;730;747;21;0
БУДУЩЕЕ ао;60;20171207;140000;730;730;730;730;7;0
БУДУЩЕЕ ао;60;20171207;150000;721;721;721;721;1;0
БУДУЩЕЕ ао;60;20171207;170000;723;723;723;723;1;0
БУДУЩЕЕ ао;60;20171207;180000;746;750;740;750;248;0
БУДУЩЕЕ ао;60;20171208;100000;757;792;717;721;46;0
БУДУЩЕЕ ао;60;20171208;110000;720;720;703;703;10;0
БУДУЩЕЕ ао;60;20171208;120000;703;716;703;703;12;0
БУДУЩЕЕ ао;60;20171208;140000;703;703;703;703;20;0
БУДУЩЕЕ ао;60;20171211;100000;770;770;720;720;12;0
БУДУЩЕЕ ао;60;20171211;140000;720;720;678;700;22;0
БУДУЩЕЕ ао;60;20171211;170000;700;707;700;707;2;0
БУДУЩЕЕ ао;60;20171212;100000;698;698;650;680;25;0
БУДУЩЕЕ ао;60;20171212;110000;684;684;667;671;49;0
БУДУЩЕЕ ао;60;20171212;130000;671;671;671;671;3;0
БУДУЩЕЕ ао;60;20171212;140000;671;671;671;671;2;0
БУДУЩЕЕ ао;60;20171212;160000;675;675;675;675;1;0
БУДУЩЕЕ ао;60;20171212;170000;677;677;671;671;2;0
БУДУЩЕЕ ао;60;20171212;180000;686;687;680;687;4;0
БУДУЩЕЕ ао;60;20171213;110000;697;724;690;690;8;0
БУДУЩЕЕ ао;60;20171214;100000;698;698;697;697;2;0
БУДУЩЕЕ ао;60;20171214;110000;688;688;687;687;2;0
БУДУЩЕЕ ао;60;20171214;130000;677;680;603;670;91;0
БУДУЩЕЕ ао;60;20171214;140000;658;667;657;667;12;0
БУДУЩЕЕ ао;60;20171214;150000;657;666;657;663;7;0
БУДУЩЕЕ ао;60;20171214;170000;660;660;655;655;2;0
БУДУЩЕЕ ао;60;20171214;180000;659;659;659;659;2;0
БУДУЩЕЕ ао;60;20171215;110000;655;655;655;655;2;0
БУДУЩЕЕ ао;60;20171215;120000;655;699;655;699;99;0
БУДУЩЕЕ ао;60;20171215;130000;699;699;699;699;4;0
БУДУЩЕЕ ао;60;20171215;170000;688;688;688;688;1;0
БУДУЩЕЕ ао;60;20171218;110000;689;689;687;687;4;0
БУДУЩЕЕ ао;60;20171218;180000;687;687;687;687;1;0
БУДУЩЕЕ ао;60;20171219;100000;687;687;650;670;11;0
БУДУЩЕЕ ао;60;20171219;110000;667;667;647;650;307;0
БУДУЩЕЕ ао;60;20171219;120000;650;650;650;650;2;0
БУДУЩЕЕ ао;60;20171219;140000;650;650;650;650;10;0
БУДУЩЕЕ ао;60;20171219;150000;649;650;649;650;85;0
БУДУЩЕЕ ао;60;20171219;160000;650;650;650;650;3;0
БУДУЩЕЕ ао;60;20171219;170000;650;650;650;650;5;0
БУДУЩЕЕ ао;60;20171219;180000;650;650;650;650;2;0
БУДУЩЕЕ ао;60;20171220;100000;650;650;650;650;1;0
БУДУЩЕЕ ао;60;20171220;130000;650;650;650;650;7;0
БУДУЩЕЕ ао;60;20171220;160000;650;650;650;650;31;0
БУДУЩЕЕ ао;60;20171220;170000;650;650;650;650;21;0
БУДУЩЕЕ ао;60;20171220;180000;650;650;650;650;1;0
БУДУЩЕЕ ао;60;20171221;100000;648;648;637;637;6;0
БУДУЩЕЕ ао;60;20171221;110000;637;637;630;630;2;0
БУДУЩЕЕ ао;60;20171221;120000;637;637;637;637;4;0
БУДУЩЕЕ ао;60;20171221;130000;646;648;645;645;4;0
БУДУЩЕЕ ао;60;20171221;140000;647;647;645;645;3;0
БУДУЩЕЕ ао;60;20171221;150000;644;644;643;643;2;0
БУДУЩЕЕ ао;60;20171221;170000;643;643;636;636;98;0
БУДУЩЕЕ ао;60;20171221;180000;643;643;643;643;1;0
БУДУЩЕЕ ао;60;20171222;100000;644;645;644;645;3;0
БУДУЩЕЕ ао;60;20171222;110000;644;644;637;637;3;0
БУДУЩЕЕ ао;60;20171222;120000;644;646;635;646;12;0
БУДУЩЕЕ ао;60;20171222;140000;639;639;621;625;32;0
БУДУЩЕЕ ао;60;20171222;150000;625;625;625;625;5;0
БУДУЩЕЕ ао;60;20171222;180000;626;626;625;625;3;0
БУДУЩЕЕ ао;60;20171225;130000;622;622;622;622;1;0
БУДУЩЕЕ ао;60;20171225;140000;621;621;621;621;1;0
БУДУЩЕЕ ао;60;20171225;150000;628;628;628;628;1;0
БУДУЩЕЕ ао;60;20171225;160000;621;621;590;600;150;0
БУДУЩЕЕ ао;60;20171225;170000;599;599;599;599;8;0
БУДУЩЕЕ ао;60;20171225;180000;598;598;597;597;3;0
БУДУЩЕЕ ао;60;20171226;100000;599;599;599;599;2;0
БУДУЩЕЕ ао;60;20171226;140000;596;596;596;596;1;0
БУДУЩЕЕ ао;60;20171226;150000;595;595;593;593;3;0
БУДУЩЕЕ ао;60;20171226;170000;593;599;593;599;6;0
БУДУЩЕЕ ао;60;20171226;180000;594;594;593;593;3;0
БУДУЩЕЕ ао;60;20171227;100000;568;568;547;550;528;0
БУДУЩЕЕ ао;60;20171227;110000;546;550;545;550;307;0
БУДУЩЕЕ ао;60;20171227;120000;550;550;545;545;38;0
БУДУЩЕЕ ао;60;20171227;130000;544;548;528;548;31;0
БУДУЩЕЕ ао;60;20171227;140000;546;546;546;546;7;0
БУДУЩЕЕ ао;60;20171227;150000;541;549;541;547;17;0
БУДУЩЕЕ ао;60;20171227;160000;550;550;547;547;15;0
БУДУЩЕЕ ао;60;20171227;180000;547;547;547;547;6;0
БУДУЩЕЕ ао;60;20171228;120000;543;550;543;550;52;0
БУДУЩЕЕ ао;60;20171229;130000;544;549;544;549;3;0
БУДУЩЕЕ ао;60;20171229;150000;549;549;549;549;3;0
БУДУЩЕЕ ао;60;20171229;180000;549;551;549;551;331;0
