<TICKER>;<PER>;<DATE>;<TIME>;<OPEN>;<HIGH>;<LOW>;<CLOSE>;<VOL>;<OPENINT>
Варьеган-п;60;20170124;130000;392;394;392;394;12;0
Варьеган-п;60;20170130;130000;387;387;383;384;4;0
Варьеган-п;60;20170130;140000;383;383;383;383;1;0
Варьеган-п;60;20170201;140000;388;401;388;401;25;0
Варьеган-п;60;20170201;150000;404;404;404;404;1;0
Варьеган-п;60;20170201;170000;401;401;401;401;1;0
Варьеган-п;60;20170201;180000;401;401;401;401;15;0
Варьеган-п;60;20170203;110000;393;393;393;393;1;0
Варьеган-п;60;20170206;130000;398;398;398;398;2;0
Варьеган-п;60;20170207;100000;408;408;393;393;3;0
Варьеган-п;60;20170207;160000;394;394;394;394;1;0
Варьеган-п;60;20170209;150000;400;400;400;400;1;0
Варьеган-п;60;20170209;170000;394;394;394;394;2;0
Варьеган-п;60;20170216;110000;393;393;389;389;18;0
Варьеган-п;60;20170216;120000;389;400;389;400;36;0
Варьеган-п;60;20170220;160000;400;419;400;419;51;0
Варьеган-п;60;20170220;170000;416;416;416;416;4;0
Варьеган-п;60;20170220;180000;416;416;416;416;3;0
Варьеган-п;60;20170221;100000;428;428;428;428;1;0
Варьеган-п;60;20170221;120000;433;434;433;434;2;0
Варьеган-п;60;20170222;110000;439;440;439;440;4;0
Варьеган-п;60;20170222;120000;443;444;443;444;2;0
Варьеган-п;60;20170222;150000;463;487;463;487;3;0
Варьеган-п;60;20170222;160000;457;457;434;447;1505;0
Варьеган-п;60;20170222;180000;454;464;437;437;5;0
Варьеган-п;60;20170224;100000;464;464;464;464;1;0
Варьеган-п;60;20170224;120000;455;455;455;455;1;0
Варьеган-п;60;20170224;140000;458;463;458;463;2;0
Варьеган-п;60;20170224;150000;453;453;453;453;1;0
Варьеган-п;60;20170224;160000;458;463;458;463;80;0
Варьеган-п;60;20170224;170000;487;609;487;590;37;0
Варьеган-п;60;20170224;180000;595;610;570;610;45;0
Варьеган-п;60;20170227;100000;562;620;550;620;18;0
Варьеган-п;60;20170227;110000;560;560;550;550;3;0
Варьеган-п;60;20170227;120000;550;550;550;550;4;0
Варьеган-п;60;20170227;130000;543;543;530;530;2;0
Варьеган-п;60;20170227;150000;548;548;548;548;1;0
Варьеган-п;60;20170227;170000;533;550;533;550;13;0
Варьеган-п;60;20170227;180000;568;568;568;568;1;0
Варьеган-п;60;20170228;150000;553;553;536;536;3;0
Варьеган-п;60;20170301;100000;544;544;544;544;1;0
Варьеган-п;60;20170301;120000;527;534;527;534;6;0
Варьеган-п;60;20170301;140000;530;530;527;527;2;0
Варьеган-п;60;20170301;150000;534;534;534;534;1;0
Варьеган-п;60;20170301;160000;523;523;462;508;12;0
Варьеган-п;60;20170301;180000;528;610;528;610;10;0
Варьеган-п;60;20170302;100000;547;554;500;515;25;0
Варьеган-п;60;20170302;110000;500;500;500;500;1;0
Варьеган-п;60;20170302;130000;505;505;505;505;1;0
Варьеган-п;60;20170302;140000;495;499;495;499;2;0
Варьеган-п;60;20170302;150000;495;495;480;494;11;0
Варьеган-п;60;20170302;160000;496;496;496;496;1;0
Варьеган-п;60;20170302;170000;496;496;496;496;1;0
Варьеган-п;60;20170302;180000;485;485;485;485;1;0
Варьеган-п;60;20170303;130000;489;489;489;489;1;0
Варьеган-п;60;20170303;160000;485;485;480;480;2;0
Варьеган-п;60;20170306;120000;475;475;466;466;3;0
Варьеган-п;60;20170306;170000;462;462;439;457;15;0
Варьеган-п;60;20170307;120000;454;464;454;464;2;0
Варьеган-п;60;20170309;100000;457;457;457;457;1;0
Варьеган-п;60;20170309;160000;450;450;450;450;1;0
Варьеган-п;60;20170310;100000;462;518;462;494;23;0
Варьеган-п;60;20170315;100000;481;488;481;488;2;0
Варьеган-п;60;20170315;120000;480;480;480;480;1;0
Варьеган-п;60;20170317;100000;467;467;467;467;73;0
Варьеган-п;60;20170317;180000;470;470;467;467;17;0
Варьеган-п;60;20170320;130000;455;455;440;440;25;0
Варьеган-п;60;20170321;160000;449;480;449;480;14;0
Варьеган-п;60;20170322;100000;467;467;467;467;1;0
Варьеган-п;60;20170323;150000;474;480;474;480;7;0
Варьеган-п;60;20170324;150000;479;479;479;479;1;0
Варьеган-п;60;20170327;120000;480;480;480;480;10;0
Варьеган-п;60;20170328;160000;480;540;480;540;100;0
Варьеган-п;60;20170329;140000;510;510;493;499;3;0
Варьеган-п;60;20170329;180000;517;517;517;517;1;0
Варьеган-п;60;20170330;110000;500;500;462;468;5;0
Варьеган-п;60;20170330;170000;493;500;482;488;66;0
Варьеган-п;60;20170404;100000;476;476;476;476;1;0
Варьеган-п;60;20170404;110000;476;476;476;476;7;0
Варьеган-п;60;20170404;120000;460;460;460;460;6;0
Варьеган-п;60;20170404;130000;468;480;468;480;35;0
Варьеган-п;60;20170404;160000;480;480;480;480;1;0
Варьеган-п;60;20170406;150000;484;500;484;500;124;0
Варьеган-п;60;20170406;170000;523;524;523;524;2;0
Варьеган-п;60;20170407;100000;526;526;526;526;1;0
Варьеган-п;60;20170417;140000;500;500;500;500;1;0
Варьеган-п;60;20170418;100000;500;500;500;500;1;0
Варьеган-п;60;20170426;100000;467;508;465;496;5;0
Варьеган-п;60;20170427;140000;480;480;480;480;3;0
Варьеган-п;60;20170427;150000;480;480;476;476;4;0
Варьеган-п;60;20170502;110000;470;470;470;470;5;0
Варьеган-п;60;20170503;100000;463;463;463;463;1;0
Варьеган-п;60;20170503;120000;463;463;463;463;11;0
Варьеган-п;60;20170503;130000;463;464;463;464;33;0
Варьеган-п;60;20170505;120000;474;508;474;508;23;0
Варьеган-п;60;20170505;160000;500;500;500;500;5;0
Варьеган-п;60;20170505;180000;497;497;497;497;1;0
Варьеган-п;60;20170510;100000;504;504;504;504;1;0
Варьеган-п;60;20170510;110000;492;492;490;490;6;0
Варьеган-п;60;20170510;120000;485;485;480;480;2;0
Варьеган-п;60;20170510;130000;490;490;490;490;1;0
Варьеган-п;60;20170510;170000;490;510;490;510;28;0
Варьеган-п;60;20170511;100000;500;530;500;530;10;0
Варьеган-п;60;20170511;120000;491;491;490;490;50;0
Варьеган-п;60;20170511;130000;497;497;497;497;1;0
Варьеган-п;60;20170511;180000;497;530;497;530;14;0
Варьеган-п;60;20170512;130000;500;539;500;539;5;0
Варьеган-п;60;20170515;100000;496;496;493;493;3;0
Варьеган-п;60;20170515;110000;501;502;501;502;2;0
Варьеган-п;60;20170515;170000;504;514;504;514;3;0
Варьеган-п;60;20170516;130000;536;536;536;536;1;0
Варьеган-п;60;20170519;100000;497;497;497;497;1;0
Варьеган-п;60;20170522;100000;504;518;504;518;2;0
Варьеган-п;60;20170525;140000;489;517;489;517;109;0
Варьеган-п;60;20170530;100000;518;518;518;518;1;0
Варьеган-п;60;20170609;140000;487;487;480;480;3;0
Варьеган-п;60;20170619;120000;472;472;471;471;4;0
Варьеган-п;60;20170621;130000;450;450;450;450;4;0
Варьеган-п;60;20170621;140000;440;440;440;440;2;0
Варьеган-п;60;20170621;160000;435;435;430;430;5;0
Варьеган-п;60;20170621;170000;438;438;438;438;1;0
Варьеган-п;60;20170621;180000;438;438;438;438;1;0
Варьеган-п;60;20170622;140000;438;450;438;440;101;0
Варьеган-п;60;20170622;150000;450;450;450;450;113;0
Варьеган-п;60;20170622;160000;469;469;460;460;2;0
Варьеган-п;60;20170626;130000;440;440;440;440;3;0
Варьеган-п;60;20170628;120000;484;484;450;450;2;0
Варьеган-п;60;20170706;130000;433;433;411;420;37;0
Варьеган-п;60;20170706;140000;444;444;433;433;2;0
Варьеган-п;60;20170706;170000;440;440;440;440;41;0
Варьеган-п;60;20170706;180000;440;468;440;468;43;0
Варьеган-п;60;20170707;180000;491;491;491;491;1;0
Варьеган-п;60;20170726;100000;491;491;450;450;2;0
Варьеган-п;60;20170726;110000;460;470;460;470;3;0
Варьеган-п;60;20170726;150000;456;486;450;486;214;0
Варьеган-п;60;20170728;170000;455;464;450;464;37;0
Варьеган-п;60;20170801;100000;451;451;451;451;1;0
Варьеган-п;60;20170802;180000;450;450;450;450;107;0
Варьеган-п;60;20170807;180000;441;441;441;441;1;0
Варьеган-п;60;20170808;120000;450;450;450;450;1;0
Варьеган-п;60;20170809;150000;450;450;450;450;23;0
Варьеган-п;60;20170809;170000;464;488;464;488;2;0
Варьеган-п;60;20170815;130000;452;452;320;434;16;0
Варьеган-п;60;20170815;150000;457;492;427;492;17;0
Варьеган-п;60;20170817;120000;501;501;501;501;10;0
Варьеган-п;60;20170817;140000;460;503;460;503;4;0
Варьеган-п;60;20170824;140000;457;507;451;451;21;0
Варьеган-п;60;20170824;160000;451;470;451;470;6;0
Варьеган-п;60;20170824;180000;452;458;450;458;60;0
Варьеган-п;60;20170825;150000;432;432;432;432;2;0
Варьеган-п;60;20170825;160000;432;460;432;460;20;0
Варьеган-п;60;20170828;100000;498;498;498;498;2;0
Варьеган-п;60;20170828;160000;441;450;441;450;3;0
Варьеган-п;60;20170831;120000;498;498;498;498;1;0
Варьеган-п;60;20170901;160000;451;451;450;450;67;0
Варьеган-п;60;20170906;120000;451;459;451;459;2;0
Варьеган-п;60;20170907;140000;450;496;450;470;9;0
Варьеган-п;60;20170907;150000;457;460;450;450;15;0
Варьеган-п;60;20170907;160000;465;465;465;465;1;0
Варьеган-п;60;20170914;140000;450;457;450;457;240;0
Варьеган-п;60;20170928;180000;446;450;446;450;3;0
Варьеган-п;60;20170929;170000;458;458;458;458;1;0
Варьеган-п;60;20171002;180000;447;447;447;447;1;0
Варьеган-п;60;20171003;130000;447;447;447;447;3;0
Варьеган-п;60;20171003;150000;447;447;447;447;1;0
Варьеган-п;60;20171009;150000;437;450;437;450;261;0
Варьеган-п;60;20171009;160000;440;440;440;440;2;0
Варьеган-п;60;20171010;110000;458;473;458;473;2;0
Варьеган-п;60;20171010;120000;447;447;447;447;1;0
Варьеган-п;60;20171016;160000;447;450;447;450;137;0
Варьеган-п;60;20171020;110000;430;440;430;440;2;0
Варьеган-п;60;20171020;130000;450;450;450;450;15;0
Варьеган-п;60;20171026;150000;450;450;450;450;27;0
Варьеган-п;60;20171030;170000;450;450;450;450;100;0
Варьеган-п;60;20171031;110000;458;458;458;458;1;0
Варьеган-п;60;20171103;160000;450;450;450;450;2;0
Варьеган-п;60;20171103;170000;450;450;450;450;835;0
Варьеган-п;60;20171108;100000;442;442;442;442;1;0
Варьеган-п;60;20171109;130000;448;450;448;450;300;0
Варьеган-п;60;20171110;160000;450;450;450;450;200;0
Варьеган-п;60;20171113;160000;450;461;450;461;300;0
Варьеган-п;60;20171114;110000;425;426;425;425;106;0
Варьеган-п;60;20171114;160000;425;425;425;425;1;0
Варьеган-п;60;20171115;090000;425;425;425;425;1;0
Варьеган-п;60;20171115;110000;420;425;420;425;2;0
Варьеган-п;60;20171115;150000;425;425;425;425;300;0
Варьеган-п;60;20171116;100000;434;434;434;434;1;0
Варьеган-п;60;20171120;120000;427;427;427;427;1;0
Варьеган-п;60;20171121;110000;433;433;433;433;1;0
Варьеган-п;60;20171121;180000;420;420;420;420;1;0
Варьеган-п;60;20171122;150000;424;425;424;425;200;0
Варьеган-п;60;20171127;110000;434;434;434;434;1;0
Варьеган-п;60;20171130;120000;460;460;460;460;1;0
Варьеган-п;60;20171207;170000;411;420;411;420;2;0
Варьеган-п;60;20171207;180000;453;453;453;453;1;0
Варьеган-п;60;20171211;150000;420;420;420;420;1;0
Варьеган-п;60;20171211;160000;400;410;380;390;44;0
Варьеган-п;60;20171211;170000;398;423;386;395;9;0
Варьеган-п;60;20171211;180000;386;400;386;400;4;0
Варьеган-п;60;20171212;110000;395;395;395;395;1;0
Варьеган-п;60;20171212;120000;395;395;395;395;1;0
Варьеган-п;60;20171212;160000;400;400;400;400;9;0
Варьеган-п;60;20171212;180000;404;404;400;400;41;0
Варьеган-п;60;20171214;120000;402;402;402;402;1;0
Варьеган-п;60;20171218;170000;408;408;408;408;1;0
Варьеган-п;60;20171218;180000;427;427;427;427;1;0
Варьеган-п;60;20171220;180000;397;460;397;420;11;0
Варьеган-п;60;20171222;130000;400;400;400;400;4;0
