<TICKER>;<PER>;<DATE>;<TIME>;<OPEN>;<HIGH>;<LOW>;<CLOSE>;<VOL>;<OPENINT>
ВолгЭнСб-п;60;20170124;100000;1.385;1.405;1.385;1.405;6;0
ВолгЭнСб-п;60;20170124;120000;1.39;1.39;1.375;1.375;4;0
ВолгЭнСб-п;60;20170124;130000;1.37;1.37;1.37;1.37;1;0
ВолгЭнСб-п;60;20170124;160000;1.37;1.37;1.365;1.365;2;0
ВолгЭнСб-п;60;20170124;170000;1.36;1.36;1.35;1.35;4;0
ВолгЭнСб-п;60;20170125;170000;1.37;1.37;1.37;1.37;1;0
ВолгЭнСб-п;60;20170126;180000;1.375;1.375;1.375;1.375;1;0
ВолгЭнСб-п;60;20170127;130000;1.36;1.36;1.36;1.36;1;0
ВолгЭнСб-п;60;20170130;110000;1.375;1.38;1.375;1.38;2;0
ВолгЭнСб-п;60;20170130;120000;1.385;1.385;1.385;1.385;1;0
ВолгЭнСб-п;60;20170130;170000;1.39;1.395;1.39;1.395;2;0
ВолгЭнСб-п;60;20170131;170000;1.38;1.38;1.38;1.38;1;0
ВолгЭнСб-п;60;20170201;120000;1.395;1.4;1.395;1.4;18;0
ВолгЭнСб-п;60;20170201;130000;1.385;1.385;1.385;1.385;1;0
ВолгЭнСб-п;60;20170202;120000;1.465;1.47;1.465;1.47;2;0
ВолгЭнСб-п;60;20170202;130000;1.4;1.4;1.4;1.4;1;0
ВолгЭнСб-п;60;20170203;110000;1.385;1.405;1.385;1.405;7;0
ВолгЭнСб-п;60;20170203;160000;1.39;1.39;1.35;1.35;33;0
ВолгЭнСб-п;60;20170203;170000;1.35;1.35;1.35;1.35;23;0
ВолгЭнСб-п;60;20170206;100000;1.365;1.365;1.365;1.365;1;0
ВолгЭнСб-п;60;20170206;110000;1.37;1.37;1.37;1.37;2;0
ВолгЭнСб-п;60;20170207;100000;1.38;1.395;1.38;1.395;4;0
ВолгЭнСб-п;60;20170207;160000;1.38;1.38;1.325;1.325;7;0
ВолгЭнСб-п;60;20170209;120000;1.365;1.365;1.365;1.365;1;0
ВолгЭнСб-п;60;20170209;130000;1.36;1.36;1.36;1.36;1;0
ВолгЭнСб-п;60;20170209;180000;1.375;1.375;1.375;1.375;1;0
ВолгЭнСб-п;60;20170213;110000;1.38;1.38;1.38;1.38;1;0
ВолгЭнСб-п;60;20170213;130000;1.385;1.385;1.385;1.385;1;0
ВолгЭнСб-п;60;20170215;120000;1.39;1.39;1.39;1.39;1;0
ВолгЭнСб-п;60;20170217;110000;1.385;1.385;1.385;1.385;1;0
ВолгЭнСб-п;60;20170217;120000;1.385;1.385;1.385;1.385;1;0
ВолгЭнСб-п;60;20170217;170000;1.38;1.38;1.38;1.38;2;0
ВолгЭнСб-п;60;20170222;180000;1.375;1.375;1.31;1.37;5;0
ВолгЭнСб-п;60;20170228;110000;1.325;1.325;1.22;1.32;3;0
ВолгЭнСб-п;60;20170302;110000;1.32;1.35;1.32;1.35;4;0
ВолгЭнСб-п;60;20170302;140000;1.345;1.345;1.345;1.345;1;0
ВолгЭнСб-п;60;20170302;180000;1.32;1.32;1.32;1.32;1;0
ВолгЭнСб-п;60;20170307;120000;1.315;1.315;1.315;1.315;1;0
ВолгЭнСб-п;60;20170307;160000;1.315;1.315;1.315;1.315;1;0
ВолгЭнСб-п;60;20170309;100000;1.31;1.31;1.31;1.31;1;0
ВолгЭнСб-п;60;20170309;120000;1.3;1.3;1.3;1.3;1;0
ВолгЭнСб-п;60;20170309;140000;1.295;1.295;1.295;1.295;1;0
ВолгЭнСб-п;60;20170313;100000;1.295;1.295;1.295;1.295;4;0
ВолгЭнСб-п;60;20170313;110000;1.31;1.33;1.31;1.33;10;0
ВолгЭнСб-п;60;20170313;120000;1.305;1.305;1.305;1.305;1;0
ВолгЭнСб-п;60;20170313;150000;1.27;1.27;1.27;1.27;1;0
ВолгЭнСб-п;60;20170313;170000;1.265;1.265;1.265;1.265;2;0
ВолгЭнСб-п;60;20170314;170000;1.275;1.275;1.275;1.275;1;0
ВолгЭнСб-п;60;20170316;180000;1.255;1.255;1.255;1.255;1;0
ВолгЭнСб-п;60;20170317;110000;1.275;1.275;1.275;1.275;1;0
ВолгЭнСб-п;60;20170324;100000;1.265;1.265;1.245;1.245;3;0
ВолгЭнСб-п;60;20170324;140000;1.255;1.375;1.255;1.325;38;0
ВолгЭнСб-п;60;20170324;150000;1.335;1.425;1.3;1.325;215;0
ВолгЭнСб-п;60;20170324;160000;1.335;1.365;1.28;1.32;92;0
ВолгЭнСб-п;60;20170324;170000;1.325;1.335;1.305;1.325;70;0
ВолгЭнСб-п;60;20170324;180000;1.315;1.315;1.18;1.225;322;0
ВолгЭнСб-п;60;20170327;100000;1.235;1.24;1.235;1.24;3;0
ВолгЭнСб-п;60;20170327;110000;1.245;1.255;1.215;1.215;12;0
ВолгЭнСб-п;60;20170327;120000;1.225;1.235;1.225;1.235;2;0
ВолгЭнСб-п;60;20170327;130000;1.225;1.225;1.175;1.185;48;0
ВолгЭнСб-п;60;20170327;140000;1.195;1.205;1.185;1.205;27;0
ВолгЭнСб-п;60;20170327;150000;1.205;1.205;1.195;1.195;11;0
ВолгЭнСб-п;60;20170327;160000;1.185;1.185;1.185;1.185;2;0
ВолгЭнСб-п;60;20170327;170000;1.18;1.18;1.175;1.175;11;0
ВолгЭнСб-п;60;20170327;180000;1.185;1.185;1.185;1.185;1;0
ВолгЭнСб-п;60;20170328;100000;1.175;1.185;1.165;1.185;6;0
ВолгЭнСб-п;60;20170328;140000;1.18;1.18;1.18;1.18;2;0
ВолгЭнСб-п;60;20170328;150000;1.195;1.195;1.195;1.195;1;0
ВолгЭнСб-п;60;20170328;160000;1.185;1.185;1.185;1.185;1;0
ВолгЭнСб-п;60;20170328;180000;1.19;1.19;1.155;1.165;6;0
ВолгЭнСб-п;60;20170329;110000;1.16;1.16;1.155;1.155;9;0
ВолгЭнСб-п;60;20170329;170000;1.165;1.175;1.165;1.175;3;0
ВолгЭнСб-п;60;20170329;180000;1.185;1.2;1.185;1.2;3;0
ВолгЭнСб-п;60;20170330;100000;1.185;1.185;1.155;1.175;9;0
ВолгЭнСб-п;60;20170330;120000;1.18;1.195;1.18;1.195;13;0
ВолгЭнСб-п;60;20170330;160000;1.2;1.2;1.18;1.18;15;0
ВолгЭнСб-п;60;20170330;170000;1.195;1.205;1.195;1.2;17;0
ВолгЭнСб-п;60;20170330;180000;1.195;1.195;1.195;1.195;6;0
ВолгЭнСб-п;60;20170331;100000;1.205;1.215;1.205;1.215;3;0
ВолгЭнСб-п;60;20170331;110000;1.215;1.215;1.215;1.215;8;0
ВолгЭнСб-п;60;20170331;120000;1.225;1.225;1.225;1.225;2;0
ВолгЭнСб-п;60;20170331;130000;1.225;1.225;1.225;1.225;1;0
ВолгЭнСб-п;60;20170331;150000;1.215;1.215;1.215;1.215;1;0
ВолгЭнСб-п;60;20170331;160000;1.205;1.205;1.205;1.205;1;0
ВолгЭнСб-п;60;20170403;100000;1.215;1.215;1.215;1.215;1;0
ВолгЭнСб-п;60;20170403;130000;1.225;1.235;1.225;1.225;13;0
ВолгЭнСб-п;60;20170403;180000;1.215;1.215;1.205;1.205;2;0
ВолгЭнСб-п;60;20170404;100000;1.2;1.2;1.2;1.2;15;0
ВолгЭнСб-п;60;20170404;110000;1.2;1.2;1.2;1.2;6;0
ВолгЭнСб-п;60;20170404;160000;1.195;1.195;1.185;1.195;3;0
ВолгЭнСб-п;60;20170404;170000;1.185;1.185;1.165;1.165;5;0
ВолгЭнСб-п;60;20170404;180000;1.16;1.16;1.16;1.16;2;0
ВолгЭнСб-п;60;20170405;100000;1.175;1.175;1.165;1.165;7;0
ВолгЭнСб-п;60;20170405;110000;1.16;1.16;1.16;1.16;2;0
ВолгЭнСб-п;60;20170405;120000;1.175;1.175;1.175;1.175;1;0
ВолгЭнСб-п;60;20170405;180000;1.165;1.165;1.08;1.115;16;0
ВолгЭнСб-п;60;20170406;100000;1.13;1.245;1.13;1.225;38;0
ВолгЭнСб-п;60;20170406;110000;1.23;1.265;1.175;1.175;29;0
ВолгЭнСб-п;60;20170406;130000;1.185;1.185;1.185;1.185;1;0
ВолгЭнСб-п;60;20170406;180000;1.185;1.185;1.185;1.185;2;0
ВолгЭнСб-п;60;20170407;100000;1.175;1.185;1.175;1.185;2;0
ВолгЭнСб-п;60;20170407;110000;1.18;1.18;1.145;1.17;31;0
ВолгЭнСб-п;60;20170407;150000;1.165;1.165;1.165;1.165;1;0
ВолгЭнСб-п;60;20170407;160000;1.155;1.155;1.155;1.155;1;0
ВолгЭнСб-п;60;20170407;170000;1.15;1.15;1.15;1.15;2;0
ВолгЭнСб-п;60;20170407;180000;1.15;1.15;1.15;1.15;16;0
ВолгЭнСб-п;60;20170410;100000;1.145;1.145;1.09;1.115;41;0
ВолгЭнСб-п;60;20170410;110000;1.105;1.105;1.01;1.065;70;0
ВолгЭнСб-п;60;20170410;120000;1.045;1.06;1.045;1.06;3;0
ВолгЭнСб-п;60;20170410;130000;1.05;1.05;1.05;1.05;1;0
ВолгЭнСб-п;60;20170410;150000;1.065;1.075;1.065;1.075;2;0
ВолгЭнСб-п;60;20170410;170000;1.08;1.085;1.075;1.075;4;0
ВолгЭнСб-п;60;20170410;180000;1.08;1.08;1.08;1.08;2;0
ВолгЭнСб-п;60;20170411;100000;1.085;1.095;1.075;1.08;12;0
ВолгЭнСб-п;60;20170411;130000;1.08;1.085;1.08;1.085;2;0
ВолгЭнСб-п;60;20170411;180000;1.095;1.095;1.095;1.095;1;0
ВолгЭнСб-п;60;20170412;110000;1.105;1.105;1.105;1.105;1;0
ВолгЭнСб-п;60;20170412;120000;1.095;1.095;1.08;1.08;17;0
ВолгЭнСб-п;60;20170412;170000;1.075;1.075;1.075;1.075;1;0
ВолгЭнСб-п;60;20170413;180000;1.075;1.075;1.075;1.075;1;0
ВолгЭнСб-п;60;20170414;180000;1.085;1.085;1.085;1.085;1;0
ВолгЭнСб-п;60;20170417;170000;1.095;1.095;1.095;1.095;1;0
ВолгЭнСб-п;60;20170419;130000;1.105;1.11;1.105;1.11;2;0
ВолгЭнСб-п;60;20170420;100000;1.075;1.075;1.075;1.075;2;0
ВолгЭнСб-п;60;20170420;130000;1.07;1.085;0.98;1.085;14;0
ВолгЭнСб-п;60;20170420;170000;1.075;1.075;1.075;1.075;7;0
ВолгЭнСб-п;60;20170421;100000;1.07;1.07;1.07;1.07;1;0
ВолгЭнСб-п;60;20170421;170000;1.095;1.095;1.095;1.095;1;0
ВолгЭнСб-п;60;20170424;130000;1.095;1.095;1.095;1.095;1;0
ВолгЭнСб-п;60;20170427;100000;1.055;1.055;1.055;1.055;1;0
ВолгЭнСб-п;60;20170428;130000;1.07;1.07;1.07;1.07;1;0
ВолгЭнСб-п;60;20170428;160000;1.08;1.095;1.08;1.095;10;0
ВолгЭнСб-п;60;20170503;100000;1.04;1.04;1.03;1.03;8;0
ВолгЭнСб-п;60;20170503;110000;1.055;1.055;1.055;1.055;1;0
ВолгЭнСб-п;60;20170505;130000;1.04;1.04;1.005;1.005;10;0
ВолгЭнСб-п;60;20170505;140000;0.995;1.005;0.99;1.005;22;0
ВолгЭнСб-п;60;20170505;150000;1.01;1.03;1.01;1.03;2;0
ВолгЭнСб-п;60;20170505;160000;1.03;1.055;1.03;1.055;4;0
ВолгЭнСб-п;60;20170510;100000;1.03;1.03;1.03;1.03;1;0
ВолгЭнСб-п;60;20170510;120000;0.99;0.99;0.975;0.975;5;0
ВолгЭнСб-п;60;20170511;120000;0.98;0.98;0.98;0.98;3;0
ВолгЭнСб-п;60;20170511;180000;0.98;0.98;0.98;0.98;9;0
ВолгЭнСб-п;60;20170512;100000;0.975;1.045;0.975;1.045;5;0
ВолгЭнСб-п;60;20170512;130000;0.955;0.955;0.955;0.955;3;0
ВолгЭнСб-п;60;20170515;120000;1.05;1.21;1.05;1.21;56;0
ВолгЭнСб-п;60;20170515;130000;1.2;1.23;1.165;1.165;17;0
ВолгЭнСб-п;60;20170515;140000;1.165;1.165;1.165;1.165;5;0
ВолгЭнСб-п;60;20170515;150000;1.165;1.165;1.165;1.165;3;0
ВолгЭнСб-п;60;20170515;170000;1.165;1.165;1.165;1.165;12;0
ВолгЭнСб-п;60;20170515;180000;1.165;1.21;1.165;1.21;4;0
ВолгЭнСб-п;60;20170516;100000;1.07;1.19;1.07;1.19;14;0
ВолгЭнСб-п;60;20170516;120000;1.105;1.105;1.105;1.105;8;0
ВолгЭнСб-п;60;20170516;140000;1.105;1.105;1.075;1.075;80;0
ВолгЭнСб-п;60;20170516;170000;1.1;1.13;1.1;1.13;40;0
ВолгЭнСб-п;60;20170516;180000;1.1;1.125;1.1;1.125;3;0
ВолгЭнСб-п;60;20170517;110000;1.065;1.065;1.065;1.065;3;0
ВолгЭнСб-п;60;20170518;100000;1.05;1.05;1.015;1.015;6;0
ВолгЭнСб-п;60;20170519;160000;1.025;1.025;1.025;1.025;1;0
ВолгЭнСб-п;60;20170519;170000;1.02;1.02;1.02;1.02;1;0
ВолгЭнСб-п;60;20170524;100000;1.1;1.1;1.1;1.1;1;0
ВолгЭнСб-п;60;20170524;110000;1.01;1.01;1.01;1.01;1;0
ВолгЭнСб-п;60;20170531;130000;1.055;1.055;1.055;1.055;3;0
ВолгЭнСб-п;60;20170601;150000;1;1;1;1;1;0
ВолгЭнСб-п;60;20170607;170000;0.98;0.98;0.975;0.975;7;0
ВолгЭнСб-п;60;20170607;180000;1.045;1.045;1.045;1.045;1;0
ВолгЭнСб-п;60;20170615;130000;0.96;0.96;0.96;0.96;10;0
ВолгЭнСб-п;60;20170619;110000;1.025;1.025;1.025;1.025;2;0
ВолгЭнСб-п;60;20170620;150000;0.955;0.955;0.95;0.95;2;0
ВолгЭнСб-п;60;20170621;100000;1.03;1.05;1.03;1.05;2;0
ВолгЭнСб-п;60;20170622;180000;1.05;1.05;1.05;1.05;1;0
ВолгЭнСб-п;60;20170623;120000;1.06;1.06;1.06;1.06;3;0
ВолгЭнСб-п;60;20170623;130000;1.08;1.08;1.08;1.08;1;0
ВолгЭнСб-п;60;20170627;100000;1.11;1.145;1.105;1.105;6;0
ВолгЭнСб-п;60;20170627;120000;1.095;1.095;1.085;1.085;2;0
ВолгЭнСб-п;60;20170627;140000;1.095;1.095;1.095;1.095;1;0
ВолгЭнСб-п;60;20170629;110000;1.09;1.09;1.09;1.09;1;0
ВолгЭнСб-п;60;20170630;110000;1.085;1.085;1.075;1.075;2;0
ВолгЭнСб-п;60;20170706;170000;1.005;1.005;0.915;0.995;42;0
ВолгЭнСб-п;60;20170706;180000;1.015;1.015;1.015;1.015;1;0
ВолгЭнСб-п;60;20170707;120000;1.02;1.02;1.02;1.02;1;0
ВолгЭнСб-п;60;20170710;100000;1.08;1.08;1.08;1.08;1;0
ВолгЭнСб-п;60;20170727;180000;0.965;0.965;0.965;0.965;1;0
ВолгЭнСб-п;60;20170728;120000;0.98;0.98;0.98;0.98;1;0
ВолгЭнСб-п;60;20170728;140000;0.975;0.975;0.975;0.975;1;0
ВолгЭнСб-п;60;20170728;170000;0.96;0.96;0.945;0.945;5;0
ВолгЭнСб-п;60;20170731;140000;0.965;0.965;0.965;0.965;2;0
ВолгЭнСб-п;60;20170802;100000;0.92;0.92;0.915;0.915;9;0
ВолгЭнСб-п;60;20170802;130000;0.94;0.94;0.94;0.94;5;0
ВолгЭнСб-п;60;20170802;140000;0.96;0.96;0.96;0.96;4;0
ВолгЭнСб-п;60;20170804;180000;0.945;0.945;0.925;0.925;13;0
ВолгЭнСб-п;60;20170807;100000;0.925;0.93;0.925;0.93;2;0
ВолгЭнСб-п;60;20170808;100000;1;1;1;1;1;0
ВолгЭнСб-п;60;20170808;170000;0.98;0.98;0.975;0.975;2;0
ВолгЭнСб-п;60;20170810;170000;0.935;0.935;0.93;0.93;6;0
ВолгЭнСб-п;60;20170814;120000;0.92;0.92;0.91;0.91;3;0
ВолгЭнСб-п;60;20170814;140000;0.995;1.075;0.995;1.075;23;0
ВолгЭнСб-п;60;20170814;150000;1.04;1.04;1.035;1.035;21;0
ВолгЭнСб-п;60;20170814;170000;1.06;1.07;1.025;1.025;25;0
ВолгЭнСб-п;60;20170814;180000;1.055;1.055;1.055;1.055;1;0
ВолгЭнСб-п;60;20170816;100000;0.91;0.91;0.91;0.91;3;0
ВолгЭнСб-п;60;20170816;140000;1;1;1;1;1;0
ВолгЭнСб-п;60;20170817;100000;1.08;1.08;1.08;1.08;1;0
ВолгЭнСб-п;60;20170824;150000;1.05;1.05;1.05;1.05;1;0
ВолгЭнСб-п;60;20170828;170000;0.955;0.955;0.955;0.955;2;0
ВолгЭнСб-п;60;20170829;100000;0.995;0.995;0.995;0.995;17;0
ВолгЭнСб-п;60;20170829;110000;1;1;1;1;37;0
ВолгЭнСб-п;60;20170829;130000;1.035;1.035;1.035;1.035;1;0
ВолгЭнСб-п;60;20170829;180000;1.01;1.01;1.01;1.01;1;0
ВолгЭнСб-п;60;20170830;120000;1.035;1.035;1.035;1.035;1;0
ВолгЭнСб-п;60;20170831;110000;1.065;1.065;1.065;1.065;1;0
ВолгЭнСб-п;60;20170831;130000;1.045;1.045;1.045;1.045;1;0
ВолгЭнСб-п;60;20170831;170000;0.97;0.975;0.97;0.97;8;0
ВолгЭнСб-п;60;20170901;100000;0.945;0.945;0.92;0.92;15;0
ВолгЭнСб-п;60;20170901;110000;0.995;0.995;0.995;0.995;1;0
ВолгЭнСб-п;60;20170901;130000;1.01;1.02;1.01;1.02;3;0
ВолгЭнСб-п;60;20170901;160000;0.97;0.97;0.97;0.97;1;0
ВолгЭнСб-п;60;20170905;140000;0.94;0.94;0.94;0.94;1;0
ВолгЭнСб-п;60;20170905;180000;0.965;0.965;0.965;0.965;1;0
ВолгЭнСб-п;60;20170907;140000;1;1;1;1;1;0
ВолгЭнСб-п;60;20170907;180000;0.96;0.96;0.95;0.95;10;0
ВолгЭнСб-п;60;20170911;130000;1.04;1.04;1.04;1.04;1;0
ВолгЭнСб-п;60;20170918;100000;1.03;1.03;1.03;1.03;1;0
ВолгЭнСб-п;60;20170918;120000;1.035;1.035;1.035;1.035;1;0
ВолгЭнСб-п;60;20170918;130000;1.04;1.04;1.04;1.04;1;0
ВолгЭнСб-п;60;20170919;100000;1.05;1.055;1.05;1.055;4;0
ВолгЭнСб-п;60;20170919;110000;1.06;1.06;1.06;1.06;1;0
ВолгЭнСб-п;60;20170919;150000;1.06;1.06;1.03;1.03;6;0
ВолгЭнСб-п;60;20170919;170000;1.05;1.05;1.05;1.05;1;0
ВолгЭнСб-п;60;20170919;180000;1.03;1.03;1.03;1.03;1;0
ВолгЭнСб-п;60;20170920;180000;1.03;1.03;0.985;0.985;8;0
ВолгЭнСб-п;60;20170921;100000;1.01;1.01;1.01;1.01;1;0
ВолгЭнСб-п;60;20170925;110000;1;1;1;1;15;0
ВолгЭнСб-п;60;20170925;130000;1.005;1.005;1;1;6;0
ВолгЭнСб-п;60;20170925;170000;0.995;1.01;0.965;1.01;11;0
ВолгЭнСб-п;60;20170926;110000;1.015;1.255;1.015;1.195;102;0
ВолгЭнСб-п;60;20170926;120000;1.195;1.36;1.195;1.36;40;0
ВолгЭнСб-п;60;20170926;130000;1.225;1.39;1.22;1.365;98;0
ВолгЭнСб-п;60;20170926;140000;1.305;1.305;1.305;1.305;1;0
ВолгЭнСб-п;60;20170926;150000;1.31;1.31;1.31;1.31;2;0
ВолгЭнСб-п;60;20170926;160000;1.25;1.325;1.245;1.245;12;0
ВолгЭнСб-п;60;20170926;170000;1.235;1.24;1.215;1.215;7;0
ВолгЭнСб-п;60;20170926;180000;1.23;1.3;1.23;1.27;8;0
ВолгЭнСб-п;60;20170927;100000;1.275;1.275;1.27;1.27;3;0
ВолгЭнСб-п;60;20170927;170000;1.22;1.22;1.22;1.22;1;0
ВолгЭнСб-п;60;20170927;180000;1.205;1.205;1.205;1.205;1;0
ВолгЭнСб-п;60;20170928;120000;1.295;1.335;1.295;1.33;41;0
ВолгЭнСб-п;60;20170928;130000;1.26;1.26;1.255;1.255;2;0
ВолгЭнСб-п;60;20170928;140000;1.245;1.245;1.245;1.245;2;0
ВолгЭнСб-п;60;20170928;150000;1.21;1.21;1.15;1.15;15;0
ВолгЭнСб-п;60;20170929;100000;1.27;1.34;1.27;1.34;5;0
ВолгЭнСб-п;60;20171002;110000;1.315;1.315;1.315;1.315;1;0
ВолгЭнСб-п;60;20171003;100000;1.21;1.29;1.115;1.29;10;0
ВолгЭнСб-п;60;20171003;170000;1.26;1.26;1.26;1.26;1;0
ВолгЭнСб-п;60;20171005;170000;1.335;1.345;1.335;1.345;8;0
ВолгЭнСб-п;60;20171010;180000;1.13;1.24;1.12;1.2;9;0
ВолгЭнСб-п;60;20171012;110000;1.29;1.29;1.29;1.29;1;0
ВолгЭнСб-п;60;20171012;170000;1.285;1.29;1.285;1.29;2;0
ВолгЭнСб-п;60;20171019;120000;1.2;1.2;1.2;1.2;7;0
ВолгЭнСб-п;60;20171023;100000;1.19;1.19;1.15;1.15;9;0
ВолгЭнСб-п;60;20171023;120000;1.16;1.165;1.16;1.165;2;0
ВолгЭнСб-п;60;20171023;130000;1.155;1.155;1.155;1.155;1;0
ВолгЭнСб-п;60;20171023;140000;1.15;1.15;1.15;1.15;1;0
ВолгЭнСб-п;60;20171023;150000;1.15;1.15;1.145;1.145;2;0
ВолгЭнСб-п;60;20171023;160000;1.145;1.145;1.145;1.145;2;0
ВолгЭнСб-п;60;20171023;170000;1.145;1.15;1.145;1.15;2;0
ВолгЭнСб-п;60;20171023;180000;1.16;1.16;1.155;1.155;2;0
ВолгЭнСб-п;60;20171024;100000;1.165;1.175;1.165;1.175;2;0
ВолгЭнСб-п;60;20171024;110000;1.15;1.15;1.15;1.15;1;0
ВолгЭнСб-п;60;20171024;120000;1.145;1.155;1.145;1.155;2;0
ВолгЭнСб-п;60;20171024;130000;1.145;1.145;1.145;1.145;1;0
ВолгЭнСб-п;60;20171024;140000;1.14;1.14;1.14;1.14;2;0
ВолгЭнСб-п;60;20171024;150000;1.14;1.14;1.11;1.11;11;0
ВолгЭнСб-п;60;20171024;160000;1.12;1.13;1.035;1.035;55;0
ВолгЭнСб-п;60;20171024;170000;1.09;1.09;1.06;1.08;3;0
ВолгЭнСб-п;60;20171024;180000;1.05;1.05;1.05;1.05;1;0
ВолгЭнСб-п;60;20171025;100000;1.04;1.06;0.945;0.945;66;0
ВолгЭнСб-п;60;20171025;110000;1.075;1.075;1.02;1.025;4;0
ВолгЭнСб-п;60;20171025;140000;1.02;1.03;1.02;1.03;2;0
ВолгЭнСб-п;60;20171025;150000;1.03;1.035;1.03;1.035;2;0
ВолгЭнСб-п;60;20171025;160000;1.03;1.03;1.03;1.03;2;0
ВолгЭнСб-п;60;20171025;170000;1.03;1.03;1.03;1.03;1;0
ВолгЭнСб-п;60;20171026;110000;1.04;1.04;1.04;1.04;1;0
ВолгЭнСб-п;60;20171027;100000;0.97;1.02;0.7;0.98;59;0
ВолгЭнСб-п;60;20171027;120000;1.02;1.025;1.02;1.025;2;0
ВолгЭнСб-п;60;20171027;130000;0.995;0.995;0.995;0.995;2;0
ВолгЭнСб-п;60;20171027;140000;0.995;0.995;0.995;0.995;4;0
ВолгЭнСб-п;60;20171027;150000;0.98;0.98;0.88;0.96;31;0
ВолгЭнСб-п;60;20171027;160000;0.985;0.985;0.98;0.98;3;0
ВолгЭнСб-п;60;20171027;170000;0.98;0.985;0.98;0.985;4;0
ВолгЭнСб-п;60;20171027;180000;0.99;0.99;0.98;0.99;6;0
ВолгЭнСб-п;60;20171030;100000;0.97;1.035;0.97;1;10;0
ВолгЭнСб-п;60;20171031;180000;0.99;0.995;0.99;0.995;7;0
ВолгЭнСб-п;60;20171101;150000;1.035;1.035;1.035;1.035;1;0
ВолгЭнСб-п;60;20171102;180000;1.015;1.02;1.015;1.02;4;0
ВолгЭнСб-п;60;20171103;180000;1.02;1.04;1.02;1.04;3;0
ВолгЭнСб-п;60;20171107;180000;0.95;1.025;0.935;1.015;7;0
ВолгЭнСб-п;60;20171108;100000;0.92;0.98;0.92;0.96;3;0
ВолгЭнСб-п;60;20171109;110000;1.03;1.06;0.98;0.98;10;0
ВолгЭнСб-п;60;20171109;150000;1;1;1;1;1;0
ВолгЭнСб-п;60;20171109;160000;0.975;0.975;0.975;0.975;2;0
ВолгЭнСб-п;60;20171109;170000;0.98;0.98;0.97;0.97;6;0
ВолгЭнСб-п;60;20171109;180000;0.965;0.965;0.965;0.965;4;0
ВолгЭнСб-п;60;20171110;140000;0.965;0.965;0.965;0.965;4;0
ВолгЭнСб-п;60;20171110;180000;1.025;1.04;1;1.04;8;0
ВолгЭнСб-п;60;20171114;160000;0.995;1;0.98;1;18;0
ВолгЭнСб-п;60;20171114;170000;0.98;0.98;0.965;0.965;9;0
ВолгЭнСб-п;60;20171114;180000;0.985;0.985;0.985;0.985;1;0
ВолгЭнСб-п;60;20171115;160000;0.965;0.965;0.965;0.965;2;0
ВолгЭнСб-п;60;20171115;170000;0.965;0.965;0.96;0.96;7;0
ВолгЭнСб-п;60;20171115;180000;0.945;0.945;0.94;0.94;8;0
ВолгЭнСб-п;60;20171116;100000;0.91;1.01;0.91;0.94;7;0
ВолгЭнСб-п;60;20171116;110000;0.955;0.955;0.955;0.955;1;0
ВолгЭнСб-п;60;20171116;120000;0.96;0.97;0.96;0.97;2;0
ВолгЭнСб-п;60;20171116;140000;0.955;0.955;0.955;0.955;1;0
ВолгЭнСб-п;60;20171116;150000;0.94;0.94;0.93;0.93;5;0
ВолгЭнСб-п;60;20171117;130000;0.96;0.96;0.96;0.96;1;0
ВолгЭнСб-п;60;20171117;140000;0.96;0.975;0.96;0.975;2;0
ВолгЭнСб-п;60;20171120;100000;1.005;1.03;1.005;1.03;51;0
ВолгЭнСб-п;60;20171120;150000;1.015;1.025;1.015;1.025;5;0
ВолгЭнСб-п;60;20171120;180000;0.975;0.985;0.94;0.98;30;0
ВолгЭнСб-п;60;20171122;130000;1;1;1;1;10;0
ВолгЭнСб-п;60;20171122;140000;1;1.01;1;1.01;8;0
ВолгЭнСб-п;60;20171122;150000;1;1;1;1;2;0
ВолгЭнСб-п;60;20171122;170000;1;1;1;1;1;0
ВолгЭнСб-п;60;20171122;180000;0.985;0.985;0.985;0.985;1;0
ВолгЭнСб-п;60;20171123;110000;0.985;0.985;0.97;0.97;2;0
ВолгЭнСб-п;60;20171127;160000;0.98;0.98;0.98;0.98;4;0
ВолгЭнСб-п;60;20171127;180000;0.97;0.97;0.97;0.97;1;0
ВолгЭнСб-п;60;20171128;100000;0.99;0.99;0.98;0.98;3;0
ВолгЭнСб-п;60;20171128;120000;0.98;0.98;0.98;0.98;1;0
ВолгЭнСб-п;60;20171128;130000;0.98;0.98;0.98;0.98;1;0
ВолгЭнСб-п;60;20171128;140000;0.995;0.995;0.995;0.995;1;0
ВолгЭнСб-п;60;20171128;150000;0.98;0.98;0.98;0.98;1;0
ВолгЭнСб-п;60;20171128;160000;0.98;0.98;0.98;0.98;1;0
ВолгЭнСб-п;60;20171128;170000;0.98;0.98;0.98;0.98;1;0
ВолгЭнСб-п;60;20171128;180000;0.975;0.975;0.97;0.97;3;0
ВолгЭнСб-п;60;20171129;110000;0.965;0.965;0.94;0.94;8;0
ВолгЭнСб-п;60;20171129;120000;0.955;0.955;0.955;0.955;1;0
ВолгЭнСб-п;60;20171129;140000;0.95;0.95;0.94;0.94;4;0
ВолгЭнСб-п;60;20171129;150000;0.96;0.96;0.96;0.96;2;0
ВолгЭнСб-п;60;20171130;150000;0.955;0.955;0.95;0.95;3;0
ВолгЭнСб-п;60;20171201;090000;1.03;1.03;1.03;1.03;1;0
ВолгЭнСб-п;60;20171201;100000;0.965;0.97;0.965;0.965;3;0
ВолгЭнСб-п;60;20171204;090000;1.06;1.06;1.06;1.06;1;0
ВолгЭнСб-п;60;20171204;100000;1.055;1.055;0.955;0.96;6;0
ВолгЭнСб-п;60;20171204;180000;0.96;0.965;0.905;0.925;57;0
ВолгЭнСб-п;60;20171205;120000;0.93;0.935;0.93;0.935;2;0
ВолгЭнСб-п;60;20171207;110000;0.94;0.94;0.94;0.94;1;0
ВолгЭнСб-п;60;20171208;180000;0.955;0.955;0.955;0.955;4;0
ВолгЭнСб-п;60;20171211;120000;0.96;0.96;0.94;0.96;3;0
ВолгЭнСб-п;60;20171211;140000;0.965;0.965;0.965;0.965;1;0
ВолгЭнСб-п;60;20171213;110000;0.96;0.96;0.96;0.96;2;0
ВолгЭнСб-п;60;20171213;120000;0.95;0.95;0.945;0.945;6;0
ВолгЭнСб-п;60;20171213;130000;0.94;0.94;0.94;0.94;5;0
ВолгЭнСб-п;60;20171213;140000;0.94;0.94;0.93;0.93;5;0
ВолгЭнСб-п;60;20171213;180000;0.95;0.955;0.95;0.955;6;0
ВолгЭнСб-п;60;20171214;140000;0.94;0.94;0.935;0.935;2;0
ВолгЭнСб-п;60;20171214;150000;0.93;0.93;0.93;0.93;1;0
ВолгЭнСб-п;60;20171215;100000;0.945;0.95;0.945;0.95;2;0
ВолгЭнСб-п;60;20171215;140000;0.935;0.935;0.925;0.925;5;0
ВолгЭнСб-п;60;20171218;110000;0.945;0.945;0.945;0.945;1;0
ВолгЭнСб-п;60;20171219;110000;0.95;0.96;0.95;0.96;4;0
ВолгЭнСб-п;60;20171219;120000;0.965;0.965;0.965;0.965;1;0
ВолгЭнСб-п;60;20171219;170000;0.965;0.965;0.965;0.965;1;0
ВолгЭнСб-п;60;20171220;120000;0.95;0.95;0.945;0.945;2;0
ВолгЭнСб-п;60;20171221;100000;0.94;0.94;0.905;0.92;30;0
ВолгЭнСб-п;60;20171221;110000;0.925;0.925;0.925;0.925;1;0
ВолгЭнСб-п;60;20171221;120000;0.93;0.93;0.93;0.93;1;0
ВолгЭнСб-п;60;20171221;130000;0.915;0.915;0.915;0.915;4;0
ВолгЭнСб-п;60;20171221;140000;0.915;0.915;0.915;0.915;5;0
ВолгЭнСб-п;60;20171221;150000;0.94;0.94;0.94;0.94;1;0
ВолгЭнСб-п;60;20171221;160000;0.94;0.94;0.94;0.94;1;0
ВолгЭнСб-п;60;20171221;170000;0.95;0.955;0.935;0.935;8;0
ВолгЭнСб-п;60;20171222;140000;0.96;0.97;0.96;0.96;21;0
ВолгЭнСб-п;60;20171225;110000;0.96;0.96;0.95;0.95;3;0
ВолгЭнСб-п;60;20171225;130000;0.95;0.95;0.95;0.95;1;0
ВолгЭнСб-п;60;20171226;130000;0.95;0.95;0.95;0.95;1;0
ВолгЭнСб-п;60;20171227;120000;0.95;0.95;0.945;0.945;2;0
ВолгЭнСб-п;60;20171228;160000;0.965;0.975;0.965;0.975;5;0
ВолгЭнСб-п;60;20171229;110000;0.965;0.965;0.965;0.965;1;0
ВолгЭнСб-п;60;20171229;120000;0.98;0.98;0.98;0.98;2;0
