<TICKER>;<PER>;<DATE>;<TIME>;<OPEN>;<HIGH>;<LOW>;<CLOSE>;<VOL>;<OPENINT>
Возрожд-ао;60;20170124;120000;753;753;753;753;9;0
Возрожд-ао;60;20170124;150000;753;753;753;753;3;0
Возрожд-ао;60;20170125;100000;753.5;753.5;753.5;753.5;7;0
Возрожд-ао;60;20170125;120000;753;753;753;753;1;0
Возрожд-ао;60;20170126;100000;753;753;753;753;8;0
Возрожд-ао;60;20170126;150000;758;762;758;762;279;0
Возрожд-ао;60;20170130;100000;756.5;756.5;755;755;10;0
Возрожд-ао;60;20170131;160000;759;759.5;753;753;126;0
Возрожд-ао;60;20170131;170000;755;755;751;751;349;0
Возрожд-ао;60;20170201;150000;754;755;754;755;17;0
Возрожд-ао;60;20170201;160000;756;756;756;756;5;0
Возрожд-ао;60;20170201;170000;759.5;760;759.5;760;3;0
Возрожд-ао;60;20170202;120000;766;768.5;766;768.5;3;0
Возрожд-ао;60;20170202;130000;768;768;768;768;61;0
Возрожд-ао;60;20170202;150000;767;767;767;767;4;0
Возрожд-ао;60;20170202;170000;768;768;768;768;1;0
Возрожд-ао;60;20170203;110000;768;768.5;768;768.5;5;0
Возрожд-ао;60;20170206;140000;776;776;776;776;2;0
Возрожд-ао;60;20170206;170000;777;777;776.5;776.5;2;0
Возрожд-ао;60;20170206;180000;776;780;775;780;217;0
Возрожд-ао;60;20170207;110000;777;777;775;775;2;0
Возрожд-ао;60;20170207;130000;775;775;775;775;1;0
Возрожд-ао;60;20170207;140000;773.5;773.5;773;773;250;0
Возрожд-ао;60;20170207;150000;773;773;773;773;249;0
Возрожд-ао;60;20170207;170000;778;778;778;778;1;0
Возрожд-ао;60;20170207;180000;773;773;765;765;6;0
Возрожд-ао;60;20170208;100000;765.5;765.5;765;765;5;0
Возрожд-ао;60;20170208;110000;765;765;765;765;21;0
Возрожд-ао;60;20170208;140000;766;770.5;766;770.5;390;0
Возрожд-ао;60;20170208;160000;767.5;767.5;765;765;5;0
Возрожд-ао;60;20170209;100000;770;771.5;767;771.5;53;0
Возрожд-ао;60;20170210;100000;772;772;770;770;2;0
Возрожд-ао;60;20170210;130000;767;767;766.5;766.5;13;0
Возрожд-ао;60;20170210;150000;767;767;767;767;1;0
Возрожд-ао;60;20170210;160000;766.5;766.5;766;766;336;0
Возрожд-ао;60;20170213;110000;765;765;765;765;20;0
Возрожд-ао;60;20170213;120000;765;765;764;764;20;0
Возрожд-ао;60;20170213;160000;764;764;762;762;57;0
Возрожд-ао;60;20170215;120000;761;761;761;761;1;0
Возрожд-ао;60;20170215;150000;762;762;762;762;1;0
Возрожд-ао;60;20170215;160000;763.5;763.5;763.5;763.5;1;0
Возрожд-ао;60;20170217;110000;767;767;767;767;1;0
Возрожд-ао;60;20170217;120000;761.5;761.5;761.5;761.5;1;0
Возрожд-ао;60;20170217;130000;761;761;761;761;6;0
Возрожд-ао;60;20170217;140000;760.5;760.5;760;760;400;0
Возрожд-ао;60;20170220;180000;765;765;765;765;78;0
Возрожд-ао;60;20170222;100000;759.5;759.5;759.5;759.5;1;0
Возрожд-ао;60;20170222;150000;765;765.5;765;765.5;541;0
Возрожд-ао;60;20170224;140000;761.5;761.5;761.5;761.5;1;0
Возрожд-ао;60;20170224;150000;760.5;760.5;760;760;40;0
Возрожд-ао;60;20170228;090000;759;759;759;759;2;0
Возрожд-ао;60;20170228;100000;759;759;759;759;3;0
Возрожд-ао;60;20170228;110000;759.5;759.5;758;758;249;0
Возрожд-ао;60;20170228;120000;757.5;757.5;757.5;757.5;1;0
Возрожд-ао;60;20170228;140000;757;757;757;757;2;0
Возрожд-ао;60;20170228;160000;758.5;763.5;758.5;763.5;541;0
Возрожд-ао;60;20170228;170000;758.5;758.5;758;758;50;0
Возрожд-ао;60;20170301;180000;757;757;757;757;200;0
Возрожд-ао;60;20170302;100000;756;756;754.5;754.5;801;0
Возрожд-ао;60;20170306;130000;754;754;754;754;120;0
Возрожд-ао;60;20170306;140000;753.5;753.5;750;750;1950;0
Возрожд-ао;60;20170307;100000;749;749;749;749;22;0
Возрожд-ао;60;20170307;140000;748;748.5;747;747;9;0
Возрожд-ао;60;20170309;100000;747;747;747;747;152;0
Возрожд-ао;60;20170309;150000;746;746;746;746;336;0
Возрожд-ао;60;20170309;170000;745;745;744;744;9;0
Возрожд-ао;60;20170309;180000;744;744;743;743;59;0
Возрожд-ао;60;20170313;170000;742;742;742;742;2;0
Возрожд-ао;60;20170315;130000;742;742;742;742;2;0
Возрожд-ао;60;20170315;140000;742;742.5;741.5;741.5;6;0
Возрожд-ао;60;20170315;170000;741.5;741.5;740.5;740.5;223;0
Возрожд-ао;60;20170315;180000;740.5;740.5;740.5;740.5;1;0
Возрожд-ао;60;20170316;110000;741.5;741.5;741.5;741.5;2;0
Возрожд-ао;60;20170316;130000;740;740;740;740;33;0
Возрожд-ао;60;20170317;140000;739;739;739;739;240;0
Возрожд-ао;60;20170317;160000;739;740;739;740;4;0
Возрожд-ао;60;20170317;180000;740;740;740;740;3;0
Возрожд-ао;60;20170320;140000;738.5;738.5;738;738;10;0
Возрожд-ао;60;20170320;150000;739;744;739;744;13;0
Возрожд-ао;60;20170321;100000;743.5;744;743.5;744;2;0
Возрожд-ао;60;20170321;110000;744;744;744;744;2;0
Возрожд-ао;60;20170321;120000;739;739;739;739;1;0
Возрожд-ао;60;20170321;160000;739;739;739;739;1;0
Возрожд-ао;60;20170321;180000;743;743.5;743;743.5;2;0
Возрожд-ао;60;20170328;160000;739.5;739.5;739.5;739.5;1;0
Возрожд-ао;60;20170329;130000;739.5;739.5;739.5;739.5;1;0
Возрожд-ао;60;20170331;110000;738;738;738;738;3;0
Возрожд-ао;60;20170331;160000;739;739.5;739;739.5;2;0
Возрожд-ао;60;20170331;170000;738;738;737;737;478;0
Возрожд-ао;60;20170403;110000;742.5;743;737;737;20;0
Возрожд-ао;60;20170404;110000;741;741;737.5;737.5;2;0
Возрожд-ао;60;20170404;120000;736;736;736;736;10;0
Возрожд-ао;60;20170404;150000;737.5;740.5;737.5;740.5;10;0
Возрожд-ао;60;20170405;100000;741;741;741;741;1;0
Возрожд-ао;60;20170405;110000;737;741;735;741;6;0
Возрожд-ао;60;20170405;130000;741;741.5;741;741.5;7;0
Возрожд-ао;60;20170405;150000;741.5;742.5;741.5;742.5;36;0
Возрожд-ао;60;20170405;180000;739;739;737;737;25;0
Возрожд-ао;60;20170410;110000;737.5;737.5;737.5;737.5;1;0
Возрожд-ао;60;20170410;130000;737;737;736;736;11;0
Возрожд-ао;60;20170410;150000;735.5;735.5;735;735;35;0
Возрожд-ао;60;20170410;160000;734.5;734.5;734.5;734.5;2;0
Возрожд-ао;60;20170411;100000;735.5;740;735.5;740;3;0
Возрожд-ао;60;20170411;160000;736;736;733.5;734;16;0
Возрожд-ао;60;20170412;120000;733.5;734.5;733;734.5;4;0
Возрожд-ао;60;20170412;140000;734;734;733;733;3;0
Возрожд-ао;60;20170412;160000;733;733;731;731;1515;0
Возрожд-ао;60;20170412;180000;732.5;732.5;730;730;506;0
Возрожд-ао;60;20170413;110000;729.5;730;728.5;728.5;13;0
Возрожд-ао;60;20170413;120000;728.5;728.5;727;727;100;0
Возрожд-ао;60;20170413;130000;726;726;726;726;15;0
Возрожд-ао;60;20170413;170000;725.5;725.5;725;725;14;0
Возрожд-ао;60;20170414;110000;724;724;722;722;1471;0
Возрожд-ао;60;20170418;110000;721;721;721;721;38;0
Возрожд-ао;60;20170418;120000;721;727.5;721;727.5;27;0
Возрожд-ао;60;20170418;130000;727;727.5;727;727.5;11;0
Возрожд-ао;60;20170418;170000;736.5;736.5;736.5;736.5;1;0
Возрожд-ао;60;20170419;160000;743;743;741;741;231;0
Возрожд-ао;60;20170419;180000;740.5;740.5;740.5;740.5;1;0
Возрожд-ао;60;20170420;120000;746;746;746;746;2;0
Возрожд-ао;60;20170420;170000;746.5;746.5;746.5;746.5;1;0
Возрожд-ао;60;20170421;150000;752;752;733;733;7058;0
Возрожд-ао;60;20170421;180000;735;735;735;735;2;0
Возрожд-ао;60;20170424;100000;738;740;738;740;2;0
Возрожд-ао;60;20170424;110000;741;741;740;740;8;0
Возрожд-ао;60;20170424;130000;742.5;747;742;747;153;0
Возрожд-ао;60;20170424;160000;743;743;742;742;602;0
Возрожд-ао;60;20170424;180000;749;749;748.5;749;10;0
Возрожд-ао;60;20170425;120000;749;749.5;749;749.5;65;0
Возрожд-ао;60;20170425;130000;750.5;750.5;750.5;750.5;7;0
Возрожд-ао;60;20170425;160000;751.5;751.5;751.5;751.5;5;0
Возрожд-ао;60;20170425;170000;748.5;748.5;746;746;10;0
Возрожд-ао;60;20170426;100000;749.5;749.5;749.5;749.5;1;0
Возрожд-ао;60;20170426;120000;748.5;748.5;748.5;748.5;1;0
Возрожд-ао;60;20170427;110000;746;746;744;744;984;0
Возрожд-ао;60;20170427;150000;743;743;743;743;6;0
Возрожд-ао;60;20170427;160000;748;748;748;748;1;0
Возрожд-ао;60;20170427;170000;743;743;743;743;100;0
Возрожд-ао;60;20170427;180000;743;743;743;743;50;0
Возрожд-ао;60;20170428;110000;743.5;744;743.5;744;2;0
Возрожд-ао;60;20170428;120000;746.5;749.5;746.5;749.5;5;0
Возрожд-ао;60;20170428;170000;746;746;743;743;54;0
Возрожд-ао;60;20170428;180000;743.5;743.5;742;742;5;0
Возрожд-ао;60;20170502;100000;748;748;745.5;745.5;2;0
Возрожд-ао;60;20170502;160000;743.5;743.5;743;743;300;0
Возрожд-ао;60;20170502;170000;742;742;742;742;300;0
Возрожд-ао;60;20170503;130000;741;741;741;741;2;0
Возрожд-ао;60;20170503;150000;742;743;742;743;2;0
Возрожд-ао;60;20170504;150000;745;745;745;745;505;0
Возрожд-ао;60;20170504;160000;744;744;744;744;387;0
Возрожд-ао;60;20170504;180000;743.5;743.5;743;743;2;0
Возрожд-ао;60;20170505;100000;743;744.5;731;743;677;0
Возрожд-ао;60;20170505;140000;742.5;742.5;741;741;12;0
Возрожд-ао;60;20170510;120000;744;749;743;743;20;0
Возрожд-ао;60;20170511;100000;743.5;743.5;742;742;104;0
Возрожд-ао;60;20170511;110000;743.5;743.5;743.5;743.5;1;0
Возрожд-ао;60;20170511;130000;743.5;747.5;742;742;28;0
Возрожд-ао;60;20170517;120000;744.5;744.5;743;743;30;0
Возрожд-ао;60;20170517;130000;745.5;745.5;745.5;745.5;1;0
Возрожд-ао;60;20170517;140000;746;746;742;742;121;0
Возрожд-ао;60;20170518;160000;744.5;745;744.5;745;2;0
Возрожд-ао;60;20170518;170000;744;744;744;744;14;0
Возрожд-ао;60;20170519;100000;744;744;744;744;1;0
Возрожд-ао;60;20170522;110000;744.5;744.5;744.5;744.5;1;0
Возрожд-ао;60;20170522;150000;744.5;744.5;744.5;744.5;1;0
Возрожд-ао;60;20170522;180000;744;744;744;744;1;0
Возрожд-ао;60;20170523;180000;744;744;744;744;1;0
Возрожд-ао;60;20170524;140000;749;749;749;749;1;0
Возрожд-ао;60;20170525;130000;744;744;739.5;743.5;1728;0
Возрожд-ао;60;20170526;140000;743.5;743.5;743;743;100;0
Возрожд-ао;60;20170526;170000;748;748;748;748;3;0
Возрожд-ао;60;20170529;150000;744.5;747.5;741;741;801;0
Возрожд-ао;60;20170529;160000;740.5;740.5;740.5;740.5;1;0
Возрожд-ао;60;20170529;170000;740.5;740.5;740.5;740.5;1;0
Возрожд-ао;60;20170530;100000;741.5;742;741.5;742;2;0
Возрожд-ао;60;20170530;110000;742;742;742;742;1;0
Возрожд-ао;60;20170530;130000;742;742;742;742;1;0
Возрожд-ао;60;20170530;160000;742.5;742.5;742.5;742.5;1;0
Возрожд-ао;60;20170530;180000;742;742;742;742;2;0
Возрожд-ао;60;20170531;130000;741;741;741;741;280;0
Возрожд-ао;60;20170531;180000;743;743;743;743;1;0
Возрожд-ао;60;20170601;120000;742;742;742;742;1;0
Возрожд-ао;60;20170601;170000;743;743;743;743;1;0
Возрожд-ао;60;20170601;180000;742;742;742;742;1;0
Возрожд-ао;60;20170602;100000;742;742;742;742;50;0
Возрожд-ао;60;20170602;160000;741;741;741;741;1;0
Возрожд-ао;60;20170605;140000;742;742;742;742;2;0
Возрожд-ао;60;20170606;100000;741;741;741;741;101;0
Возрожд-ао;60;20170606;110000;740.5;740.5;740;740;299;0
Возрожд-ао;60;20170606;140000;739.5;739.5;738;738;907;0
Возрожд-ао;60;20170606;160000;738;738;738;738;1;0
Возрожд-ао;60;20170606;170000;738;738;737;737;292;0
Возрожд-ао;60;20170607;100000;739.5;745.5;739.5;743;369;0
Возрожд-ао;60;20170607;180000;742.5;748.5;742.5;743;60;0
Возрожд-ао;60;20170608;140000;742;742;742;742;1;0
Возрожд-ао;60;20170608;150000;742;742;742;742;1;0
Возрожд-ао;60;20170608;180000;742;742;741;741;60;0
Возрожд-ао;60;20170609;120000;743;743;743;743;1;0
Возрожд-ао;60;20170613;100000;742.5;742.5;742.5;742.5;1;0
Возрожд-ао;60;20170613;110000;742.5;742.5;742.5;742.5;30;0
Возрожд-ао;60;20170613;150000;742;742;742;742;1;0
Возрожд-ао;60;20170614;100000;741.5;741.5;741.5;741.5;4;0
Возрожд-ао;60;20170614;120000;744.5;744.5;744.5;744.5;2;0
Возрожд-ао;60;20170614;130000;744.5;744.5;744.5;744.5;1;0
Возрожд-ао;60;20170615;100000;742;742;742;742;1;0
Возрожд-ао;60;20170615;120000;742;742;742;742;1;0
Возрожд-ао;60;20170615;130000;742;742;742;742;8;0
Возрожд-ао;60;20170615;150000;742.5;742.5;742.5;742.5;10;0
Возрожд-ао;60;20170619;120000;742;742;740;740;1005;0
Возрожд-ао;60;20170619;130000;740;740;739;739;505;0
Возрожд-ао;60;20170619;140000;740.5;745;740.5;745;1168;0
Возрожд-ао;60;20170619;150000;745.5;745.5;745.5;745.5;1;0
Возрожд-ао;60;20170620;100000;745.5;745.5;745.5;745.5;41;0
Возрожд-ао;60;20170620;110000;742.5;742.5;741;741;1010;0
Возрожд-ао;60;20170620;130000;742;743.5;740;743.5;510;0
Возрожд-ао;60;20170620;140000;743.5;743.5;743.5;743.5;5;0
Возрожд-ао;60;20170620;150000;740;740;739;739;21;0
Возрожд-ао;60;20170620;160000;738.5;738.5;738;738;505;0
Возрожд-ао;60;20170621;110000;739.5;740.5;739.5;740;507;0
Возрожд-ао;60;20170621;140000;740.5;741;740;740;2022;0
Возрожд-ао;60;20170621;150000;743;743;743;743;182;0
Возрожд-ао;60;20170622;130000;743;743;742;742;742;0
Возрожд-ао;60;20170623;100000;742.5;742.5;742;742;16;0
Возрожд-ао;60;20170623;130000;742;742;742;742;10;0
Возрожд-ао;60;20170626;100000;742;742;741;741;20;0
Возрожд-ао;60;20170627;100000;740.5;740.5;740;740;51;0
Возрожд-ао;60;20170628;120000;741;744;741;743;140;0
Возрожд-ао;60;20170628;130000;744.5;744.5;742.5;742.5;2;0
Возрожд-ао;60;20170628;150000;742;742.5;742;742.5;3;0
Возрожд-ао;60;20170628;160000;742;742;742;742;1;0
Возрожд-ао;60;20170629;120000;742;742;742;742;61;0
Возрожд-ао;60;20170629;140000;744.5;745;744.5;745;10;0
Возрожд-ао;60;20170630;120000;742.5;742.5;742.5;742.5;192;0
Возрожд-ао;60;20170703;110000;742.5;742.5;742.5;742.5;1;0
Возрожд-ао;60;20170704;100000;745.5;747;745.5;747;3;0
Возрожд-ао;60;20170704;120000;747;747;747;747;41;0
Возрожд-ао;60;20170704;130000;744.5;744.5;741;741;13;0
Возрожд-ао;60;20170704;150000;745;746.5;745;746.5;10;0
Возрожд-ао;60;20170705;100000;746.5;747;746.5;747;4;0
Возрожд-ао;60;20170705;180000;747;747;747;747;2;0
Возрожд-ао;60;20170706;180000;745;745;742;742;5;0
Возрожд-ао;60;20170707;110000;745;745;745;745;1;0
Возрожд-ао;60;20170707;120000;743;743;741;741;4;0
Возрожд-ао;60;20170707;130000;741;741;741;741;20;0
Возрожд-ао;60;20170707;180000;741;745;740;745;408;0
Возрожд-ао;60;20170710;090000;742;742;742;742;5;0
Возрожд-ао;60;20170710;100000;742;742.5;740;742.5;5;0
Возрожд-ао;60;20170710;110000;742.5;742.5;742.5;742.5;1;0
Возрожд-ао;60;20170710;120000;743.5;745.5;743.5;745.5;270;0
Возрожд-ао;60;20170711;120000;746;746;746;746;3;0
Возрожд-ао;60;20170711;160000;746;746;746;746;4;0
Возрожд-ао;60;20170713;110000;744;744;738;738;142;0
Возрожд-ао;60;20170714;140000;738;738;738;738;1;0
Возрожд-ао;60;20170717;120000;740;740.5;740;740.5;2;0
Возрожд-ао;60;20170718;150000;738;738;737;737;30;0
Возрожд-ао;60;20170719;130000;737.5;737.5;737.5;737.5;10;0
Возрожд-ао;60;20170719;160000;737.5;737.5;737.5;737.5;1;0
Возрожд-ао;60;20170720;120000;737;737;736.5;736.5;34;0
Возрожд-ао;60;20170720;130000;737;742.5;737;742.5;270;0
Возрожд-ао;60;20170724;150000;738.5;738.5;736;736;5;0
Возрожд-ао;60;20170724;160000;728.5;728.5;728;728;46;0
Возрожд-ао;60;20170724;170000;724.5;724.5;723.5;723.5;17;0
Возрожд-ао;60;20170724;180000;718.5;718.5;718.5;718.5;3;0
Возрожд-ао;60;20170725;100000;719;719;719;719;129;0
Возрожд-ао;60;20170725;110000;718.5;718.5;718.5;718.5;3;0
Возрожд-ао;60;20170725;150000;718;718;717;717;30;0
Возрожд-ао;60;20170725;160000;717;717;716;716;451;0
Возрожд-ао;60;20170726;100000;717;718.5;717;718.5;2;0
Возрожд-ао;60;20170726;110000;716;716;705;705;6;0
Возрожд-ао;60;20170726;120000;702.5;702.5;700.5;700.5;14;0
Возрожд-ао;60;20170726;140000;700.5;700.5;700.5;700.5;1;0
Возрожд-ао;60;20170726;150000;700;700;695.5;695.5;16;0
Возрожд-ао;60;20170726;160000;694;694;694;694;288;0
Возрожд-ао;60;20170726;180000;690.5;690.5;686;686;14;0
Возрожд-ао;60;20170727;100000;680.5;680.5;680;680;3;0
Возрожд-ао;60;20170727;110000;676.5;679;676.5;679;2;0
Возрожд-ао;60;20170727;120000;679.5;680;679.5;680;3;0
Возрожд-ао;60;20170727;150000;679.5;679.5;679.5;679.5;1;0
Возрожд-ао;60;20170727;160000;680;680;680;680;1;0
Возрожд-ао;60;20170727;170000;678;678;665.5;665.5;158;0
Возрожд-ао;60;20170727;180000;666;675;662.5;662.5;3169;0
Возрожд-ао;60;20170728;100000;660.5;660.5;652;652;28;0
Возрожд-ао;60;20170728;110000;655;676;655;673;2537;0
Возрожд-ао;60;20170728;120000;675;675;675;675;5;0
Возрожд-ао;60;20170728;130000;663.5;663.5;645.5;647;68;0
Возрожд-ао;60;20170728;150000;647.5;651.5;647.5;651.5;2527;0
Возрожд-ао;60;20170728;160000;649;651.5;649;651.5;5;0
Возрожд-ао;60;20170728;180000;648.5;648.5;642;642;31;0
Возрожд-ао;60;20170731;100000;637;637;635;635.5;20;0
Возрожд-ао;60;20170731;110000;635;635.5;635;635.5;52;0
Возрожд-ао;60;20170731;120000;633;633;627;627;12;0
Возрожд-ао;60;20170731;130000;623.5;629.5;623;629.5;2194;0
Возрожд-ао;60;20170731;140000;625.5;625.5;625.5;625.5;2;0
Возрожд-ао;60;20170731;160000;625.5;625.5;625.5;625.5;1;0
Возрожд-ао;60;20170731;170000;628;628;623;623;6;0
Возрожд-ао;60;20170801;100000;618;618;618;618;1;0
Возрожд-ао;60;20170801;160000;618;619;618;619;2;0
Возрожд-ао;60;20170801;170000;618;619;617.5;619;18;0
Возрожд-ао;60;20170801;180000;615;619.5;615;619.5;2041;0
Возрожд-ао;60;20170802;100000;615;615;615;615;2;0
Возрожд-ао;60;20170802;110000;616;620.5;616;620.5;5;0
Возрожд-ао;60;20170802;120000;619;619;619;619;1;0
Возрожд-ао;60;20170802;160000;619;624.5;619;624.5;2540;0
Возрожд-ао;60;20170802;180000;623.5;623.5;623.5;623.5;3;0
Возрожд-ао;60;20170803;100000;625.5;640;625.5;640;2527;0
Возрожд-ао;60;20170803;110000;640;640;640;640;3;0
Возрожд-ао;60;20170803;130000;638.5;640;600;613.5;905;0
Возрожд-ао;60;20170803;140000;605;605;571.5;593;253;0
Возрожд-ао;60;20170803;150000;593;607;592.5;607;104;0
Возрожд-ао;60;20170803;160000;607;607;607;607;30;0
Возрожд-ао;60;20170803;170000;601;601;600.5;600.5;9;0
Возрожд-ао;60;20170803;180000;604;606.5;604;605.5;3;0
Возрожд-ао;60;20170804;100000;585;600;585;600;513;0
Возрожд-ао;60;20170804;110000;598;598.5;598;598.5;4;0
Возрожд-ао;60;20170804;120000;594.5;596;594.5;596;240;0
Возрожд-ао;60;20170804;130000;595;600;595;600;492;0
Возрожд-ао;60;20170804;160000;596;604.5;596;604.5;2;0
Возрожд-ао;60;20170804;180000;598;598.5;598;598.5;2;0
Возрожд-ао;60;20170808;120000;610;610;610;610;1;0
Возрожд-ао;60;20170809;120000;607;607;600;600;18;0
Возрожд-ао;60;20170809;160000;610;610;610;610;1;0
Возрожд-ао;60;20170810;120000;590;590;590;590;2;0
Возрожд-ао;60;20170810;130000;585;586;583.5;586;13;0
Возрожд-ао;60;20170810;180000;588;588;588;588;1;0
Возрожд-ао;60;20170811;100000;600;600;600;600;3194;0
Возрожд-ао;60;20170811;140000;604;610;604;609.5;92;0
Возрожд-ао;60;20170811;150000;609.5;640;609.5;640;176;0
Возрожд-ао;60;20170811;160000;638;638;638;638;2;0
Возрожд-ао;60;20170811;170000;627;627;611;617;140;0
Возрожд-ао;60;20170811;180000;614;614;600;600;647;0
Возрожд-ао;60;20170814;100000;590;598;585;590;42;0
Возрожд-ао;60;20170814;110000;591.5;592;590.5;590.5;4;0
Возрожд-ао;60;20170814;130000;591;591;590.5;590.5;125;0
Возрожд-ао;60;20170814;160000;590.5;591.5;590.5;591.5;2;0
Возрожд-ао;60;20170814;170000;591.5;591.5;591.5;591.5;1;0
Возрожд-ао;60;20170814;180000;591.5;591.5;591.5;591.5;1;0
Возрожд-ао;60;20170815;100000;580;590.5;580;590.5;27;0
Возрожд-ао;60;20170815;110000;590.5;590.5;590.5;590.5;6;0
Возрожд-ао;60;20170815;120000;590.5;595;590.5;595;305;0
Возрожд-ао;60;20170815;140000;586.5;586.5;586;586;3;0
Возрожд-ао;60;20170815;150000;585;585;582.5;582.5;3;0
Возрожд-ао;60;20170816;110000;582.5;582.5;582;582;2;0
Возрожд-ао;60;20170816;120000;584;584.5;584;584.5;2;0
Возрожд-ао;60;20170816;130000;584;585;584;585;11;0
Возрожд-ао;60;20170816;150000;586;587;586;587;11;0
Возрожд-ао;60;20170817;100000;586;586;582.5;582.5;15;0
Возрожд-ао;60;20170817;130000;580;582.5;579.5;582.5;8;0
Возрожд-ао;60;20170818;100000;583;583;580;580;55;0
Возрожд-ао;60;20170818;130000;582.5;583;582.5;583;14;0
Возрожд-ао;60;20170818;140000;583.5;584;583.5;584;18;0
Возрожд-ао;60;20170818;150000;582.5;582.5;582;582;2;0
Возрожд-ао;60;20170821;160000;580.5;582.5;580;582.5;520;0
Возрожд-ао;60;20170821;180000;583;584;578;578;76;0
Возрожд-ао;60;20170822;100000;578.5;578.5;578.5;578.5;2;0
Возрожд-ао;60;20170822;130000;579;579;579;579;1;0
Возрожд-ао;60;20170822;150000;578.5;581.5;578;581.5;284;0
Возрожд-ао;60;20170823;090000;575;575;575;575;1;0
Возрожд-ао;60;20170823;160000;579;581;577.5;581;55;0
Возрожд-ао;60;20170824;100000;581;583.5;581;583.5;154;0
Возрожд-ао;60;20170824;110000;583.5;584;583.5;584;8;0
Возрожд-ао;60;20170824;120000;584.5;584.5;584.5;584.5;10;0
Возрожд-ао;60;20170824;130000;582.5;582.5;581.5;581.5;8;0
Возрожд-ао;60;20170824;160000;582;582;580.5;580.5;8;0
Возрожд-ао;60;20170825;100000;578.5;581;577;577;101;0
Возрожд-ао;60;20170825;130000;577;577;577;577;1;0
Возрожд-ао;60;20170828;100000;576.5;576.5;576.5;576.5;1;0
Возрожд-ао;60;20170828;170000;577.5;577.5;577.5;577.5;1;0
Возрожд-ао;60;20170828;180000;577.5;577.5;575;575;1018;0
Возрожд-ао;60;20170829;100000;575;575;574;574.5;889;0
Возрожд-ао;60;20170829;110000;573;574;563;569;24;0
Возрожд-ао;60;20170829;120000;569;569;569;569;1;0
Возрожд-ао;60;20170829;170000;569;569;569;569;1;0
Возрожд-ао;60;20170830;100000;574;574;573;573;13;0
Возрожд-ао;60;20170830;140000;573.5;573.5;573;573;2;0
Возрожд-ао;60;20170830;150000;573.5;574;573.5;574;2;0
Возрожд-ао;60;20170830;160000;574;574;574;574;1;0
Возрожд-ао;60;20170830;180000;573;573;573;573;1;0
Возрожд-ао;60;20170831;120000;571;571;571;571;1;0
Возрожд-ао;60;20170831;130000;574.5;575;574.5;575;22;0
Возрожд-ао;60;20170831;180000;575.5;575.5;575.5;575.5;2;0
Возрожд-ао;60;20170901;100000;575.5;575.5;575.5;575.5;5;0
Возрожд-ао;60;20170901;110000;575;575;571;571;44;0
Возрожд-ао;60;20170901;120000;571;571;571;571;2;0
Возрожд-ао;60;20170901;130000;571;571;571;571;1;0
Возрожд-ао;60;20170901;140000;570.5;570.5;570;570;456;0
Возрожд-ао;60;20170901;180000;571;571.5;571;571.5;36;0
Возрожд-ао;60;20170904;120000;569;570;569;570;507;0
Возрожд-ао;60;20170905;160000;567;567;567;567;4;0
Возрожд-ао;60;20170906;180000;571;571;566;566;88;0
Возрожд-ао;60;20170907;160000;566;566;564.5;564.5;404;0
Возрожд-ао;60;20170908;120000;564;564;563;563;45;0
Возрожд-ао;60;20170908;160000;567;567;562;562;58;0
Возрожд-ао;60;20170908;170000;562;562;562;562;11;0
Возрожд-ао;60;20170908;180000;562;565;562;565;110000;0
Возрожд-ао;60;20170911;100000;560;560;560;560;1;0
Возрожд-ао;60;20170911;110000;558;559;550.5;550.5;9;0
Возрожд-ао;60;20170911;130000;553.5;553.5;551.5;551.5;20;0
Возрожд-ао;60;20170911;160000;559.5;559.5;559.5;559.5;2;0
Возрожд-ао;60;20170911;180000;556;556;556;556;5;0
Возрожд-ао;60;20170912;160000;552.5;552.5;550;551;98;0
Возрожд-ао;60;20170913;100000;540;540;540;540;1;0
Возрожд-ао;60;20170913;110000;540.5;541;540.5;541;3;0
Возрожд-ао;60;20170913;120000;541;541;539.5;540;4;0
Возрожд-ао;60;20170913;130000;542;542;542;542;7;0
Возрожд-ао;60;20170913;150000;544;544;540;540;120;0
Возрожд-ао;60;20170913;160000;550;550;550;550;1;0
Возрожд-ао;60;20170914;100000;550;550;550;550;10;0
Возрожд-ао;60;20170914;110000;542;542;542;542;100;0
Возрожд-ао;60;20170914;120000;544;598;544;574.5;41;0
Возрожд-ао;60;20170914;130000;555;555.5;551.5;553;58;0
Возрожд-ао;60;20170914;140000;555.5;555.5;555.5;555.5;2;0
Возрожд-ао;60;20170914;150000;559;559;544;546.5;63;0
Возрожд-ао;60;20170914;160000;546.5;546.5;538.5;545;282;0
Возрожд-ао;60;20170914;180000;545;545;545;545;2;0
Возрожд-ао;60;20170915;090000;599;599;599;599;24;0
Возрожд-ао;60;20170915;100000;599.5;676;599.5;607.5;967;0
Возрожд-ао;60;20170915;110000;605;624;605;614.5;334;0
Возрожд-ао;60;20170915;120000;612;612;601;602;269;0
Возрожд-ао;60;20170915;130000;601.5;630;601.5;626.5;961;0
Возрожд-ао;60;20170915;140000;626.5;626.5;588;593;1931;0
Возрожд-ао;60;20170915;150000;595;596.5;588;592;146;0
Возрожд-ао;60;20170915;160000;590;598;589;593;104;0
Возрожд-ао;60;20170915;170000;592.5;592.5;589;589;375;0
Возрожд-ао;60;20170915;180000;589;589;589;589;21;0
Возрожд-ао;60;20170918;100000;588.5;589;588.5;588.5;5;0
Возрожд-ао;60;20170918;110000;589;598.5;589;595;208;0
Возрожд-ао;60;20170918;120000;591.5;594;588.5;594;152;0
Возрожд-ао;60;20170918;140000;594;594;588.5;588.5;60;0
Возрожд-ао;60;20170918;170000;586.5;586.5;583.5;584.5;44;0
Возрожд-ао;60;20170918;180000;584.5;584.5;584.5;584.5;8;0
Возрожд-ао;60;20170919;100000;583.5;589;583.5;589;2;0
Возрожд-ао;60;20170919;110000;580.5;580.5;572;578;168;0
Возрожд-ао;60;20170919;120000;578;578;575;575;3;0
Возрожд-ао;60;20170919;130000;577.5;585.5;577.5;585.5;6;0
Возрожд-ао;60;20170919;140000;575.5;585;574;585;65;0
Возрожд-ао;60;20170919;160000;576;584;575;584;10;0
Возрожд-ао;60;20170919;170000;575.5;575.5;575;575;3;0
Возрожд-ао;60;20170919;180000;575;575;573.5;573.5;85;0
Возрожд-ао;60;20170920;140000;570;573;570;573;161;0
Возрожд-ао;60;20170920;150000;573.5;573.5;570;570;220;0
Возрожд-ао;60;20170920;160000;574.5;587;574.5;587;378;0
Возрожд-ао;60;20170920;170000;584;584;584;584;1;0
Возрожд-ао;60;20170920;180000;584;586.5;582;582;25;0
Возрожд-ао;60;20170921;100000;584.5;589.5;576.5;587;68;0
Возрожд-ао;60;20170921;110000;587;587;587;587;70;0
Возрожд-ао;60;20170921;120000;586;586;586;586;3;0
Возрожд-ао;60;20170921;150000;586;586;586;586;4;0
Возрожд-ао;60;20170921;180000;586;586;586;586;1;0
Возрожд-ао;60;20170922;100000;584;584;571;579;426;0
Возрожд-ао;60;20170922;110000;577;577;577;577;1;0
Возрожд-ао;60;20170922;120000;576;576;576;576;2;0
Возрожд-ао;60;20170922;130000;575.5;575.5;575.5;575.5;5;0
Возрожд-ао;60;20170922;150000;573;575;571;575;84;0
Возрожд-ао;60;20170922;160000;575.5;575.5;570.5;570.5;126;0
Возрожд-ао;60;20170922;170000;571;575;570.5;570.5;34;0
Возрожд-ао;60;20170925;100000;566.5;568;566.5;567;14;0
Возрожд-ао;60;20170925;120000;565;565;561;561;12;0
Возрожд-ао;60;20170925;130000;561;561;561;561;475;0
Возрожд-ао;60;20170925;170000;565.5;570;565.5;570;4;0
Возрожд-ао;60;20170926;130000;566;566;557;561;642;0
Возрожд-ао;60;20170926;140000;557.5;557.5;555.5;555.5;8;0
Возрожд-ао;60;20170926;170000;561;561;559;559;13;0
Возрожд-ао;60;20170926;180000;559;569.5;559;566.5;142;0
Возрожд-ао;60;20170927;100000;566.5;566.5;560;560;31;0
Возрожд-ао;60;20170927;110000;560;560;559;559;4;0
Возрожд-ао;60;20170927;120000;559.5;565;559.5;565;73;0
Возрожд-ао;60;20170927;140000;562;568;560;568;164;0
Возрожд-ао;60;20170927;150000;565;565;560;560;331;0
Возрожд-ао;60;20170927;170000;562;564.5;560;560;15;0
Возрожд-ао;60;20170927;180000;561.5;564.5;561.5;564.5;4;0
Возрожд-ао;60;20170928;100000;561.5;561.5;561;561;200;0
Возрожд-ао;60;20170928;120000;561;564;560;564;245;0
Возрожд-ао;60;20170928;180000;559.5;562.5;559;562.5;11;0
Возрожд-ао;60;20170929;110000;559;560;559;560;25;0
Возрожд-ао;60;20170929;120000;560;560;560;560;2;0
Возрожд-ао;60;20170929;180000;560;560;560;560;55;0
Возрожд-ао;60;20171002;100000;559;559;559;559;2;0
Возрожд-ао;60;20171002;110000;559;560;559;560;104;0
Возрожд-ао;60;20171002;120000;561;561;560;560;161;0
Возрожд-ао;60;20171002;130000;560;560;560;560;7;0
Возрожд-ао;60;20171002;160000;559;563;559;563;623;0
Возрожд-ао;60;20171002;170000;560.5;560.5;560.5;560.5;7;0
Возрожд-ао;60;20171002;180000;562.5;562.5;562.5;562.5;1;0
Возрожд-ао;60;20171003;100000;562;562;562;562;5;0
Возрожд-ао;60;20171003;110000;562;562;562;562;121;0
Возрожд-ао;60;20171003;130000;561.5;562;561.5;562;20;0
Возрожд-ао;60;20171003;140000;561;561;561;561;1;0
Возрожд-ао;60;20171003;150000;561;562;560;560;62;0
Возрожд-ао;60;20171003;170000;559;559;555;555;40;0
Возрожд-ао;60;20171003;180000;559.5;559.5;559.5;559.5;1;0
Возрожд-ао;60;20171004;120000;555.5;558.5;553.5;558.5;16;0
Возрожд-ао;60;20171005;100000;558.5;563.5;558.5;558.5;29;0
Возрожд-ао;60;20171005;110000;557;557;555.5;557;30;0
Возрожд-ао;60;20171005;120000;559;561;559;561;2;0
Возрожд-ао;60;20171005;150000;557;557;557;557;1;0
Возрожд-ао;60;20171005;160000;557;557;557;557;2;0
Возрожд-ао;60;20171005;180000;557;557;557;557;8;0
Возрожд-ао;60;20171006;100000;557;557;557;557;167;0
Возрожд-ао;60;20171006;130000;557.5;558.5;557.5;557.5;3;0
Возрожд-ао;60;20171006;150000;558;564.5;558;564.5;455;0
Возрожд-ао;60;20171006;180000;563;563.5;563;563.5;150;0
Возрожд-ао;60;20171009;090000;570;570;570;570;2;0
Возрожд-ао;60;20171009;100000;570;570;570;570;5;0
Возрожд-ао;60;20171009;110000;566;566;564;564;2;0
Возрожд-ао;60;20171009;130000;564;564;564;564;7;0
Возрожд-ао;60;20171009;140000;569.5;569.5;569.5;569.5;1;0
Возрожд-ао;60;20171009;150000;569.5;570;569.5;569.5;278;0
Возрожд-ао;60;20171009;170000;569.5;570;569.5;570;122;0
Возрожд-ао;60;20171009;180000;570;570;570;570;45;0
Возрожд-ао;60;20171010;150000;566;570;563.5;565;6;0
Возрожд-ао;60;20171010;160000;565;565;564;564;13;0
Возрожд-ао;60;20171010;170000;564.5;564.5;564;564;10;0
Возрожд-ао;60;20171011;110000;566;566.5;566;566.5;2;0
Возрожд-ао;60;20171011;120000;569.5;569.5;565;569.5;80;0
Возрожд-ао;60;20171011;130000;569;569;569;569;2;0
Возрожд-ао;60;20171011;140000;569.5;570;569.5;570;34;0
Возрожд-ао;60;20171011;160000;570;570;570;570;55;0
Возрожд-ао;60;20171011;170000;570;571;570;571;105;0
Возрожд-ао;60;20171011;180000;571;571.5;571;571.5;16;0
Возрожд-ао;60;20171012;100000;571;577;571;576;118;0
Возрожд-ао;60;20171012;110000;575;575.5;575;575.5;5;0
Возрожд-ао;60;20171012;130000;575.5;575.5;575.5;575.5;1;0
Возрожд-ао;60;20171012;150000;575;575.5;575;575.5;103;0
Возрожд-ао;60;20171012;160000;575.5;576.5;573.5;576.5;227;0
Возрожд-ао;60;20171012;170000;576.5;577;576;577;15;0
Возрожд-ао;60;20171012;180000;576.5;577;575;576.5;73;0
Возрожд-ао;60;20171013;100000;573.5;578;573.5;577;19;0
Возрожд-ао;60;20171013;120000;577;577;577;577;30;0
Возрожд-ао;60;20171013;130000;577;580;577;580;230;0
Возрожд-ао;60;20171013;140000;580;580;579;579.5;107;0
Возрожд-ао;60;20171013;150000;580;580;580;580;9;0
Возрожд-ао;60;20171013;160000;579.5;579.5;579.5;579.5;5;0
Возрожд-ао;60;20171013;170000;579.5;584.5;573;584.5;258;0
Возрожд-ао;60;20171013;180000;585;585;583.5;583.5;165;0
Возрожд-ао;60;20171016;100000;585;585;582.5;582.5;35;0
Возрожд-ао;60;20171016;110000;582;582;582;582;1;0
Возрожд-ао;60;20171016;120000;582;584;582;584;181;0
Возрожд-ао;60;20171016;130000;584;584;584;584;2;0
Возрожд-ао;60;20171016;160000;584;589;584;588.5;476;0
Возрожд-ао;60;20171016;170000;589;589;587;587;103;0
Возрожд-ао;60;20171017;110000;587;594.5;587;594;460;0
Возрожд-ао;60;20171017;120000;592;594;591.5;591.5;329;0
Возрожд-ао;60;20171017;130000;591;596;591;596;271;0
Возрожд-ао;60;20171017;140000;595.5;596;595.5;596;8;0
Возрожд-ао;60;20171017;150000;595.5;596.5;589;596;93;0
Возрожд-ао;60;20171017;160000;596;596;595.5;595.5;22;0
Возрожд-ао;60;20171017;170000;595;596;595;595.5;102;0
Возрожд-ао;60;20171017;180000;596;597.5;595.5;597.5;43;0
Возрожд-ао;60;20171018;100000;598;598.5;598;598;13;0
Возрожд-ао;60;20171018;120000;597;597.5;597;597.5;2;0
Возрожд-ао;60;20171018;130000;594;598;589;597.5;28;0
Возрожд-ао;60;20171018;140000;597.5;597.5;580.5;597.5;105;0
Возрожд-ао;60;20171018;150000;597.5;597.5;597.5;597.5;1;0
Возрожд-ао;60;20171018;160000;598;600;598;600;617;0
Возрожд-ао;60;20171018;170000;603;604.5;603;604.5;8;0
Возрожд-ао;60;20171018;180000;604.5;605;604.5;604.5;8;0
Возрожд-ао;60;20171019;100000;602;602;600.5;600.5;4;0
Возрожд-ао;60;20171019;110000;600;600;599.5;599.5;4;0
Возрожд-ао;60;20171019;130000;605;605.5;605;605.5;23;0
Возрожд-ао;60;20171019;140000;606;611;606;610.5;547;0
Возрожд-ао;60;20171019;150000;610.5;610.5;609.5;610;21;0
Возрожд-ао;60;20171019;160000;609.5;610;609.5;610;120;0
Возрожд-ао;60;20171019;170000;609.5;610;609.5;609.5;8;0
Возрожд-ао;60;20171019;180000;610;610;610;610;2;0
Возрожд-ао;60;20171020;100000;615;616;615;615;235;0
Возрожд-ао;60;20171020;110000;615;615;615;615;2;0
Возрожд-ао;60;20171020;120000;615;616;605;615.5;734;0
Возрожд-ао;60;20171020;130000;614;616;614;615;79;0
Возрожд-ао;60;20171020;140000;614;614;614;614;1;0
Возрожд-ао;60;20171020;150000;614.5;614.5;614.5;614.5;1;0
Возрожд-ао;60;20171020;160000;615;616;615;616;40;0
Возрожд-ао;60;20171020;170000;615.5;616;615.5;616;37;0
Возрожд-ао;60;20171020;180000;615;616;614;616;45;0
Возрожд-ао;60;20171023;140000;614;614.5;603.5;613;243;0
Возрожд-ао;60;20171023;150000;610.5;610.5;610.5;610.5;1;0
Возрожд-ао;60;20171023;160000;613.5;614;613.5;614;6;0
Возрожд-ао;60;20171023;170000;614;614.5;613.5;613.5;38;0
Возрожд-ао;60;20171023;180000;614;614;614;614;7;0
Возрожд-ао;60;20171024;100000;612;614.5;611;611;4;0
Возрожд-ао;60;20171024;110000;610.5;613.5;610.5;612;48;0
Возрожд-ао;60;20171024;130000;613;613;609.5;609.5;29;0
Возрожд-ао;60;20171024;150000;609.5;612;609.5;612;310;0
Возрожд-ао;60;20171024;160000;612;612;610;610;36;0
Возрожд-ао;60;20171024;170000;610.5;611.5;610.5;610.5;18;0
Возрожд-ао;60;20171024;180000;611.5;612;611;612;20;0
Возрожд-ао;60;20171025;120000;609.5;611;609.5;611;2;0
Возрожд-ао;60;20171025;130000;609;611;605;611;5;0
Возрожд-ао;60;20171025;150000;608;612;608;612;67;0
Возрожд-ао;60;20171025;170000;611.5;612;609;611.5;31;0
Возрожд-ао;60;20171025;180000;611.5;612;611.5;612;20;0
Возрожд-ао;60;20171026;100000;612;615.5;611;611;6;0
Возрожд-ао;60;20171026;110000;610.5;610.5;610;610;2;0
Возрожд-ао;60;20171026;130000;610;610.5;610;610;31;0
Возрожд-ао;60;20171026;140000;611;611;611;611;1;0
Возрожд-ао;60;20171026;160000;609;612;609;611.5;265;0
Возрожд-ао;60;20171026;170000;611.5;611.5;611;611;2;0
Возрожд-ао;60;20171026;180000;611.5;612;610;611.5;103;0
Возрожд-ао;60;20171027;100000;611;611.5;602.5;610.5;21;0
Возрожд-ао;60;20171027;110000;610;610;592.5;592.5;103;0
Возрожд-ао;60;20171027;120000;595;595;574;580;205;0
Возрожд-ао;60;20171027;130000;585.5;594.5;585.5;590;1242;0
Возрожд-ао;60;20171027;140000;589;589;589;589;2;0
Возрожд-ао;60;20171027;150000;589;589;589;589;3;0
Возрожд-ао;60;20171027;180000;589;589;589;589;31;0
Возрожд-ао;60;20171030;100000;583;597;578.5;597;24;0
Возрожд-ао;60;20171030;110000;587;594;579;581.5;67;0
Возрожд-ао;60;20171030;120000;580.5;594;580;589.5;69;0
Возрожд-ао;60;20171030;140000;582.5;589.5;580;589.5;31;0
Возрожд-ао;60;20171030;150000;582;589;580;581.5;28;0
Возрожд-ао;60;20171030;160000;582;589;580;580;31;0
Возрожд-ао;60;20171030;170000;584;589;580;582;39;0
Возрожд-ао;60;20171030;180000;582;589.5;582;589.5;79;0
Возрожд-ао;60;20171031;100000;588.5;589;580;589;38;0
Возрожд-ао;60;20171031;110000;589;591.5;580.5;590;33;0
Возрожд-ао;60;20171031;120000;584;591.5;581.5;590;29;0
Возрожд-ао;60;20171101;110000;588;588;588;588;4;0
Возрожд-ао;60;20171101;130000;585.5;585.5;585;585;5;0
Возрожд-ао;60;20171101;140000;585;585;583.5;583.5;100;0
Возрожд-ао;60;20171101;150000;584.5;586;584.5;586;4;0
Возрожд-ао;60;20171101;160000;581.5;581.5;575;575;37;0
Возрожд-ао;60;20171101;170000;573;575;573;575;29;0
Возрожд-ао;60;20171101;180000;573.5;575;573;575;21;0
Возрожд-ао;60;20171102;100000;614;614;590;600;6;0
Возрожд-ао;60;20171102;110000;607.5;607.5;579;590;483;0
Возрожд-ао;60;20171102;150000;580;590;580;590;145;0
Возрожд-ао;60;20171102;160000;584;590;584;584.5;265;0
Возрожд-ао;60;20171102;170000;589.5;590;589.5;590;134;0
Возрожд-ао;60;20171102;180000;590;590;590;590;123;0
Возрожд-ао;60;20171103;100000;609.5;610;609.5;610;219;0
Возрожд-ао;60;20171103;110000;599.5;612;590;590;199;0
Возрожд-ао;60;20171103;120000;590;590;590;590;110;0
Возрожд-ао;60;20171103;170000;589.5;590;589.5;589.5;48;0
Возрожд-ао;60;20171103;180000;590;609.5;589.5;609.5;13;0
Возрожд-ао;60;20171107;100000;610.5;613;610;610;6;0
Возрожд-ао;60;20171107;110000;610.5;610.5;609.5;609.5;39;0
Возрожд-ао;60;20171107;120000;609.5;610;609;610;4;0
Возрожд-ао;60;20171107;130000;610;612;609.5;609.5;10;0
Возрожд-ао;60;20171107;140000;609;609;607.5;607.5;3;0
Возрожд-ао;60;20171107;150000;607.5;608.5;599.5;599.5;17;0
Возрожд-ао;60;20171107;160000;600;609;600;609;7;0
Возрожд-ао;60;20171107;180000;605;605;605;605;1;0
Возрожд-ао;60;20171108;110000;609;610;600;600;47;0
Возрожд-ао;60;20171108;130000;600.5;608;600.5;608;10;0
Возрожд-ао;60;20171108;150000;602;608;602;608;11;0
Возрожд-ао;60;20171108;160000;607.5;607.5;607.5;607.5;2;0
Возрожд-ао;60;20171108;180000;605.5;605.5;605.5;605.5;1;0
Возрожд-ао;60;20171109;110000;610;610;610;610;1;0
Возрожд-ао;60;20171109;140000;608.5;611;608.5;610;101;0
Возрожд-ао;60;20171109;150000;605;605;591.5;591.5;6;0
Возрожд-ао;60;20171109;160000;605.5;605.5;605.5;605.5;1;0
Возрожд-ао;60;20171110;100000;605;605;600;603;7;0
Возрожд-ао;60;20171110;120000;601;601;600;600;2;0
Возрожд-ао;60;20171110;130000;599;599;599;599;1;0
Возрожд-ао;60;20171110;140000;599.5;600;599.5;600;2;0
Возрожд-ао;60;20171110;160000;599.5;608.5;599.5;600;71;0
Возрожд-ао;60;20171110;170000;599;599;598.5;599;8;0
Возрожд-ао;60;20171113;120000;593;599.5;593;597;11;0
Возрожд-ао;60;20171113;130000;599.5;600;599.5;600;4;0
Возрожд-ао;60;20171113;180000;597.5;597.5;586;586;25;0
Возрожд-ао;60;20171114;100000;585.5;609.5;585.5;609.5;27;0
Возрожд-ао;60;20171114;110000;600.5;600.5;600;600;5;0
Возрожд-ао;60;20171114;150000;593.5;600;593.5;600;41;0
Возрожд-ао;60;20171114;170000;593.5;600;593;599.5;526;0
Возрожд-ао;60;20171114;180000;600;600;600;600;4;0
Возрожд-ао;60;20171115;100000;595;600;595;600;10;0
Возрожд-ао;60;20171115;130000;598;600;598;600;9;0
Возрожд-ао;60;20171115;140000;600;600;600;600;17;0
Возрожд-ао;60;20171115;170000;598.5;599.5;593.5;599.5;24;0
Возрожд-ао;60;20171116;110000;599.5;600;597.5;600;6;0
Возрожд-ао;60;20171116;130000;599.5;600;599.5;600;15;0
Возрожд-ао;60;20171116;140000;597.5;599.5;597;597;4;0
Возрожд-ао;60;20171116;160000;597.5;597.5;597.5;597.5;5;0
Возрожд-ао;60;20171116;170000;599.5;599.5;599.5;599.5;1;0
Возрожд-ао;60;20171117;150000;594;598.5;594;598.5;9;0
Возрожд-ао;60;20171117;160000;596.5;600;596.5;600;11;0
Возрожд-ао;60;20171117;180000;598;598;598;598;1;0
Возрожд-ао;60;20171120;110000;598;600;592.5;600;68;0
Возрожд-ао;60;20171120;120000;593;593;593;593;11;0
Возрожд-ао;60;20171120;140000;594.5;594.5;594.5;594.5;1;0
Возрожд-ао;60;20171121;100000;594;594.5;594;594.5;5;0
Возрожд-ао;60;20171121;110000;595.5;595.5;595.5;595.5;1;0
Возрожд-ао;60;20171121;150000;596;596;596;596;1;0
Возрожд-ао;60;20171121;180000;594;594;594;594;54;0
Возрожд-ао;60;20171122;100000;595;599;595;599;3;0
Возрожд-ао;60;20171122;120000;594;595.5;594;595.5;2;0
Возрожд-ао;60;20171122;140000;593.5;593.5;590;590;18;0
Возрожд-ао;60;20171122;150000;588;588;587;587;7;0
Возрожд-ао;60;20171122;170000;586.5;586.5;583.5;583.5;4;0
Возрожд-ао;60;20171123;110000;583;598.5;583;598.5;12;0
Возрожд-ао;60;20171123;140000;588;593;588;593;4;0
Возрожд-ао;60;20171123;170000;588;588;588;588;1;0
Возрожд-ао;60;20171124;150000;584;584;579;581.5;86;0
Возрожд-ао;60;20171124;160000;582.5;586.5;582.5;586.5;2;0
Возрожд-ао;60;20171124;170000;586.5;586.5;586.5;586.5;3;0
Возрожд-ао;60;20171127;110000;584;599;583.5;594.5;93;0
Возрожд-ао;60;20171127;120000;590;594.5;588.5;594.5;4;0
Возрожд-ао;60;20171127;160000;594.5;598;594.5;598;101;0
Возрожд-ао;60;20171127;170000;594.5;594.5;580;580;48;0
Возрожд-ао;60;20171127;180000;580;580;580;580;66;0
Возрожд-ао;60;20171128;100000;580.5;580.5;580.5;580.5;9;0
Возрожд-ао;60;20171128;110000;580.5;594.5;580.5;594.5;98;0
Возрожд-ао;60;20171128;130000;582;582;580;580;12;0
Возрожд-ао;60;20171128;150000;579.5;579.5;579.5;579.5;7;0
Возрожд-ао;60;20171128;170000;580;580;580;580;1;0
Возрожд-ао;60;20171128;180000;580;596;580;596;213;0
Возрожд-ао;60;20171129;100000;585.5;592;585.5;585.5;3;0
Возрожд-ао;60;20171129;120000;589.5;598;589.5;590;18;0
Возрожд-ао;60;20171129;130000;589.5;589.5;589.5;589.5;2;0
Возрожд-ао;60;20171129;140000;587.5;589.5;580;589;19;0
Возрожд-ао;60;20171129;180000;582.5;582.5;527.5;570;2985;0
Возрожд-ао;60;20171130;100000;560;591;560;581.5;203;0
Возрожд-ао;60;20171130;110000;585.5;590;585;590;131;0
Возрожд-ао;60;20171130;130000;589.5;590;589.5;589.5;171;0
Возрожд-ао;60;20171130;140000;587;590;587;587;15;0
Возрожд-ао;60;20171130;150000;587;590;587;590;44;0
Возрожд-ао;60;20171130;160000;587.5;590;587;590;54;0
Возрожд-ао;60;20171130;170000;587.5;587.5;585;585;163;0
Возрожд-ао;60;20171130;180000;583;590;583;590;251;0
Возрожд-ао;60;20171201;130000;589;589;589;589;5;0
Возрожд-ао;60;20171201;180000;580;590.5;580;590.5;39;0
Возрожд-ао;60;20171204;100000;589.5;589.5;589;589;6;0
Возрожд-ао;60;20171204;120000;588.5;589;588.5;589;19;0
Возрожд-ао;60;20171204;130000;588.5;589;588.5;589;2;0
Возрожд-ао;60;20171204;150000;585;589;571;589;107;0
Возрожд-ао;60;20171204;180000;588;591;588;591;226;0
Возрожд-ао;60;20171205;160000;591;591;591;591;8;0
Возрожд-ао;60;20171205;180000;590;590;590;590;4;0
Возрожд-ао;60;20171206;120000;585.5;590;585;590;69;0
Возрожд-ао;60;20171206;150000;585;585;577;577;48;0
Возрожд-ао;60;20171206;160000;588.5;590;581.5;590;72;0
Возрожд-ао;60;20171206;170000;589.5;590;589.5;590;32;0
Возрожд-ао;60;20171206;180000;586;590;577.5;590;93;0
Возрожд-ао;60;20171207;110000;586;591;567;590;237;0
Возрожд-ао;60;20171207;180000;588;588;588;588;2;0
Возрожд-ао;60;20171208;110000;581;581;570.5;570.5;95;0
Возрожд-ао;60;20171208;120000;579;591;579;591;228;0
Возрожд-ао;60;20171208;130000;590.5;590.5;590;590;4;0
Возрожд-ао;60;20171208;150000;589.5;589.5;582;589.5;22;0
Возрожд-ао;60;20171208;160000;589.5;590;589.5;590;56;0
Возрожд-ао;60;20171208;170000;589.5;589.5;579;579;22;0
Возрожд-ао;60;20171208;180000;588.5;590;588.5;590;16;0
Возрожд-ао;60;20171211;100000;582;590;581;589;11;0
Возрожд-ао;60;20171211;110000;589.5;590;585.5;590;138;0
Возрожд-ао;60;20171211;140000;589;589;589;589;2;0
Возрожд-ао;60;20171211;150000;589.5;590;589.5;590;21;0
Возрожд-ао;60;20171211;170000;590;590;590;590;4;0
Возрожд-ао;60;20171211;180000;589.5;590;587;590;22;0
Возрожд-ао;60;20171213;100000;580;590;570;590;201;0
Возрожд-ао;60;20171213;110000;581.5;590;577.5;590;254;0
Возрожд-ао;60;20171213;120000;583;590;583;590;110;0
Возрожд-ао;60;20171213;130000;588.5;588.5;588.5;588.5;1;0
Возрожд-ао;60;20171213;140000;586;586;586;586;1;0
Возрожд-ао;60;20171213;180000;585;586;580;586;31;0
Возрожд-ао;60;20171214;110000;588;588.5;588;588.5;2;0
Возрожд-ао;60;20171214;120000;588.5;588.5;588.5;588.5;1;0
Возрожд-ао;60;20171214;180000;584.5;584.5;584.5;584.5;5;0
Возрожд-ао;60;20171215;100000;588;588;583.5;583.5;6;0
Возрожд-ао;60;20171215;110000;585;585;585;585;4;0
Возрожд-ао;60;20171215;120000;585;587;583;583;234;0
Возрожд-ао;60;20171215;130000;586;586.5;566;584;10;0
Возрожд-ао;60;20171215;140000;585.5;586.5;576;576;118;0
Возрожд-ао;60;20171215;150000;582.5;586.5;570;586.5;299;0
Возрожд-ао;60;20171215;170000;579;579;570;578;13;0
Возрожд-ао;60;20171218;100000;581;581.5;579;579;95;0
Возрожд-ао;60;20171218;110000;579.5;580;579.5;579.5;39;0
Возрожд-ао;60;20171219;110000;572;572;401.5;543;509;0
Возрожд-ао;60;20171219;120000;544;545.5;544;544;140;0
Возрожд-ао;60;20171219;130000;544.5;544.5;544.5;544.5;100;0
Возрожд-ао;60;20171219;140000;547;553;547;553;174;0
Возрожд-ао;60;20171219;180000;553;575;552;552;208;0
Возрожд-ао;60;20171220;100000;549.5;549.5;549;549;2;0
Возрожд-ао;60;20171220;110000;550.5;550.5;545.5;545.5;6;0
Возрожд-ао;60;20171220;140000;548.5;548.5;545;548.5;3;0
Возрожд-ао;60;20171220;150000;558.5;558.5;558.5;558.5;1;0
Возрожд-ао;60;20171220;160000;551.5;558;550;558;14;0
Возрожд-ао;60;20171221;120000;552;552;543;543;10;0
Возрожд-ао;60;20171221;130000;548.5;549;500;510;256;0
Возрожд-ао;60;20171221;140000;510;548.5;506.5;537.5;113;0
Возрожд-ао;60;20171221;150000;538;540;537.5;540;103;0
Возрожд-ао;60;20171221;160000;538;539;537;538.5;106;0
Возрожд-ао;60;20171221;170000;538.5;538.5;500.5;535;117;0
Возрожд-ао;60;20171221;180000;529.5;529.5;518;518;36;0
Возрожд-ао;60;20171222;100000;517.5;517.5;513.5;513.5;69;0
Возрожд-ао;60;20171222;110000;513.5;513.5;513.5;513.5;12;0
Возрожд-ао;60;20171222;120000;518;518;513.5;513.5;6;0
Возрожд-ао;60;20171222;130000;516.5;519;513;519;6;0
Возрожд-ао;60;20171222;160000;513;514.5;509.5;514.5;79;0
Возрожд-ао;60;20171222;170000;510;514;510;514;27;0
Возрожд-ао;60;20171222;180000;510;512;507;512;79;0
Возрожд-ао;60;20171225;100000;512;513;512;513;152;0
Возрожд-ао;60;20171225;130000;509;509;497;506.5;162;0
Возрожд-ао;60;20171225;140000;502;502;499.5;499.5;19;0
Возрожд-ао;60;20171225;150000;500;500;500;500;94;0
Возрожд-ао;60;20171225;170000;500;502;500;501.5;11;0
Возрожд-ао;60;20171225;180000;500;500;500;500;13;0
Возрожд-ао;60;20171226;100000;504;504;500;500;13;0
Возрожд-ао;60;20171226;140000;499.5;499.5;499;499;3;0
Возрожд-ао;60;20171226;150000;499;499;499;499;18;0
Возрожд-ао;60;20171226;160000;500;500;500;500;1;0
Возрожд-ао;60;20171226;170000;499;499;499;499;1;0
Возрожд-ао;60;20171226;180000;500;500;500;500;1;0
Возрожд-ао;60;20171227;140000;499;499;493.5;493.5;17;0
Возрожд-ао;60;20171227;150000;493.5;495;493.5;495;9;0
Возрожд-ао;60;20171227;180000;495;495;495;495;6;0
Возрожд-ао;60;20171228;100000;494;494;494;494;3;0
Возрожд-ао;60;20171228;110000;493.5;493.5;493.5;493.5;2;0
Возрожд-ао;60;20171228;120000;494;494;493.5;493.5;11;0
Возрожд-ао;60;20171228;130000;494;494;494;494;1;0
Возрожд-ао;60;20171228;140000;494;494;494;494;1;0
Возрожд-ао;60;20171228;170000;493.5;493.5;493.5;493.5;1;0
Возрожд-ао;60;20171229;100000;493;494;493;494;5;0
Возрожд-ао;60;20171229;120000;494;499;494;499;2;0
Возрожд-ао;60;20171229;130000;496;500;496;500;12;0
Возрожд-ао;60;20171229;140000;500;500.5;500;500.5;8;0
Возрожд-ао;60;20171229;160000;500;500.5;500;500.5;37;0
Возрожд-ао;60;20171229;180000;501;501;501;501;1;0
