<TICKER>;<PER>;<DATE>;<TIME>;<OPEN>;<HIGH>;<LOW>;<CLOSE>;<VOL>;<OPENINT>
Возрожд-п;60;20170124;110000;177.5;180;177.5;180;6;0
Возрожд-п;60;20170124;120000;180;180;180;180;1;0
Возрожд-п;60;20170124;140000;180;180;180;180;1;0
Возрожд-п;60;20170124;150000;180;180;180;180;40;0
Возрожд-п;60;20170124;160000;180;180;180;180;1;0
Возрожд-п;60;20170124;170000;180;180;180;180;6;0
Возрожд-п;60;20170125;100000;175.5;175.5;175.5;175.5;1;0
Возрожд-п;60;20170125;110000;180;180;180;180;1;0
Возрожд-п;60;20170125;130000;180.5;180.5;180.5;180.5;1;0
Возрожд-п;60;20170125;140000;180.5;180.5;180;180;29;0
Возрожд-п;60;20170126;180000;181;181;181;181;10;0
Возрожд-п;60;20170127;100000;181.5;181.5;181.5;181.5;1;0
Возрожд-п;60;20170127;130000;181.5;181.5;181.5;181.5;7;0
Возрожд-п;60;20170127;150000;180;180;180;180;26;0
Возрожд-п;60;20170127;180000;182;183;182;183;4;0
Возрожд-п;60;20170130;160000;177;177;177;177;1;0
Возрожд-п;60;20170130;180000;180.5;180.5;180;180;2;0
Возрожд-п;60;20170131;150000;180;180;180;180;15;0
Возрожд-п;60;20170131;170000;185;185;185;185;1;0
Возрожд-п;60;20170201;100000;185;185;185;185;15;0
Возрожд-п;60;20170201;140000;180;180;180;180;11;0
Возрожд-п;60;20170201;160000;177;177;177;177;1;0
Возрожд-п;60;20170201;170000;179.5;179.5;179.5;179.5;1;0
Возрожд-п;60;20170201;180000;180;180;180;180;1;0
Возрожд-п;60;20170202;100000;179;180;179;180;5;0
Возрожд-п;60;20170202;180000;180;180;180;180;2;0
Возрожд-п;60;20170206;140000;184;184;170;170;31;0
Возрожд-п;60;20170206;150000;175;175;174.5;175;12;0
Возрожд-п;60;20170206;170000;180;180;180;180;1;0
Возрожд-п;60;20170209;100000;185;185;185;185;400;0
Возрожд-п;60;20170209;140000;184.5;185;184.5;185;18;0
Возрожд-п;60;20170209;160000;185.5;194;185.5;194;45;0
Возрожд-п;60;20170209;180000;190;190;190;190;1;0
Возрожд-п;60;20170210;160000;182.5;182.5;182.5;182.5;1;0
Возрожд-п;60;20170210;180000;184.5;184.5;184.5;184.5;2;0
Возрожд-п;60;20170213;120000;192.5;193;192.5;193;8;0
Возрожд-п;60;20170213;130000;187.5;187.5;187;187;3;0
Возрожд-п;60;20170213;150000;185.5;185.5;176.5;176.5;16;0
Возрожд-п;60;20170213;160000;184;189.5;180;180;24;0
Возрожд-п;60;20170213;180000;181;181;180;180;3;0
Возрожд-п;60;20170214;180000;185.5;185.5;185.5;185.5;1;0
Возрожд-п;60;20170216;130000;180;180;180;180;22;0
Возрожд-п;60;20170216;180000;181;181;181;181;1;0
Возрожд-п;60;20170217;150000;177.5;177.5;177;177;14;0
Возрожд-п;60;20170217;170000;179.5;179.5;179.5;179.5;1;0
Возрожд-п;60;20170220;140000;176;176;176;176;5;0
Возрожд-п;60;20170220;180000;178.5;180;178.5;180;2;0
Возрожд-п;60;20170221;100000;177;177;177;177;2;0
Возрожд-п;60;20170221;120000;182;182.5;182;182.5;2;0
Возрожд-п;60;20170221;140000;177.5;177.5;173.5;173.5;21;0
Возрожд-п;60;20170221;150000;173.5;173.5;173.5;173.5;8;0
Возрожд-п;60;20170221;160000;176;176;176;176;1;0
Возрожд-п;60;20170221;170000;175;175;175;175;2;0
Возрожд-п;60;20170222;110000;175;175;174;174;2;0
Возрожд-п;60;20170222;130000;174.5;174.5;173.5;173.5;6;0
Возрожд-п;60;20170222;150000;173.5;173.5;173;173;7;0
Возрожд-п;60;20170222;160000;173;173;173;173;5;0
Возрожд-п;60;20170222;180000;173.5;173.5;167;171;67;0
Возрожд-п;60;20170227;110000;173;175;173;175;2;0
Возрожд-п;60;20170227;150000;173;173;173;173;19;0
Возрожд-п;60;20170227;170000;175;175;175;175;28;0
Возрожд-п;60;20170227;180000;173;173;170.5;170.5;4;0
Возрожд-п;60;20170228;100000;170;170;161;163;450;0
Возрожд-п;60;20170228;110000;162;169.5;161;169.5;70;0
Возрожд-п;60;20170228;120000;170;170;165;165;7;0
Возрожд-п;60;20170228;130000;166;166;166;166;10;0
Возрожд-п;60;20170228;140000;167.5;167.5;167.5;167.5;1;0
Возрожд-п;60;20170228;150000;167.5;167.5;167.5;167.5;37;0
Возрожд-п;60;20170228;170000;173;173;173;173;3;0
Возрожд-п;60;20170301;100000;162.5;170;162.5;170;2;0
Возрожд-п;60;20170301;110000;165.5;165.5;165;165;16;0
Возрожд-п;60;20170301;120000;166;167.5;166;167.5;2;0
Возрожд-п;60;20170301;170000;167.5;167.5;165;165;20;0
Возрожд-п;60;20170302;140000;169;170.5;169;170;47;0
Возрожд-п;60;20170302;150000;170.5;170.5;170.5;170.5;1;0
Возрожд-п;60;20170302;160000;170.5;170.5;170;170;43;0
Возрожд-п;60;20170303;120000;168.5;170;168.5;170;2;0
Возрожд-п;60;20170306;110000;170;170;170;170;6;0
Возрожд-п;60;20170306;150000;168;168;168;168;2;0
Возрожд-п;60;20170306;180000;170;170;170;170;1;0
Возрожд-п;60;20170307;100000;170.5;170.5;170.5;170.5;4;0
Возрожд-п;60;20170307;120000;170;170;168;168;36;0
Возрожд-п;60;20170307;140000;170;173.5;170;173.5;4;0
Возрожд-п;60;20170307;150000;170;170;170;170;1;0
Возрожд-п;60;20170307;170000;170;170;170;170;65;0
Возрожд-п;60;20170307;180000;170;170;170;170;1;0
Возрожд-п;60;20170309;110000;172.5;172.5;172.5;172.5;1;0
Возрожд-п;60;20170309;120000;170;170;169;169;13;0
Возрожд-п;60;20170309;150000;170.5;170.5;170.5;170.5;1;0
Возрожд-п;60;20170309;160000;170;170;169;169;50;0
Возрожд-п;60;20170309;170000;170.5;170.5;170;170;6;0
Возрожд-п;60;20170309;180000;170.5;170.5;170.5;170.5;6;0
Возрожд-п;60;20170310;110000;169.5;179.5;169.5;179.5;557;0
Возрожд-п;60;20170310;150000;177.5;179;177.5;179;14;0
Возрожд-п;60;20170310;170000;173.5;173.5;173.5;173.5;2;0
Возрожд-п;60;20170313;100000;177.5;177.5;177.5;177.5;1;0
Возрожд-п;60;20170313;160000;172.5;172.5;170;170;3;0
Возрожд-п;60;20170314;100000;175.5;175.5;175.5;175.5;1;0
Возрожд-п;60;20170314;110000;170.5;170.5;170.5;170.5;1;0
Возрожд-п;60;20170315;150000;168.5;168.5;168.5;168.5;1;0
Возрожд-п;60;20170315;170000;168;168.5;168;168.5;5;0
Возрожд-п;60;20170315;180000;168.5;168.5;168.5;168.5;6;0
Возрожд-п;60;20170316;100000;166.5;166.5;163;163;15;0
Возрожд-п;60;20170316;110000;168;168;168;168;1;0
Возрожд-п;60;20170316;150000;164;164;163.5;163.5;6;0
Возрожд-п;60;20170321;110000;168;169.5;168;169.5;13;0
Возрожд-п;60;20170321;120000;170;173;166.5;169.5;5;0
Возрожд-п;60;20170322;150000;168;169.5;152;169;25;0
Возрожд-п;60;20170322;170000;170;170;170;170;1;0
Возрожд-п;60;20170323;130000;171;171.5;171;171.5;2;0
Возрожд-п;60;20170327;180000;171.5;172;171.5;172;2;0
Возрожд-п;60;20170329;100000;172.5;172.5;172.5;172.5;50;0
Возрожд-п;60;20170329;120000;167;167;165;165;8;0
Возрожд-п;60;20170331;110000;165;165;161;161;2;0
Возрожд-п;60;20170331;160000;164;164;164;164;10;0
Возрожд-п;60;20170403;100000;164;164;164;164;10;0
Возрожд-п;60;20170403;110000;167;190;167;178;82;0
Возрожд-п;60;20170403;120000;178;178;165;166;38;0
Возрожд-п;60;20170403;150000;166.5;169.5;166.5;169.5;11;0
Возрожд-п;60;20170403;160000;171;173.5;169;169;18;0
Возрожд-п;60;20170404;100000;171;171;171;171;2;0
Возрожд-п;60;20170404;150000;173;173.5;173;173.5;4;0
Возрожд-п;60;20170404;170000;168;168;168;168;1;0
Возрожд-п;60;20170404;180000;167;174;167;174;14;0
Возрожд-п;60;20170405;110000;174;174;174;174;2;0
Возрожд-п;60;20170405;130000;171;172.5;168;170.5;23;0
Возрожд-п;60;20170405;140000;174.5;174.5;167.5;167.5;10;0
Возрожд-п;60;20170405;170000;169;169;169;169;1;0
Возрожд-п;60;20170405;180000;172;172;172;172;1;0
Возрожд-п;60;20170406;100000;172;172;172;172;1;0
Возрожд-п;60;20170406;110000;171.5;172;171.5;172;7;0
Возрожд-п;60;20170406;170000;171;171.5;171;171.5;10;0
Возрожд-п;60;20170407;100000;171;171;171;171;1;0
Возрожд-п;60;20170407;120000;166.5;166.5;166;166;10;0
Возрожд-п;60;20170407;170000;167;167;166.5;166.5;4;0
Возрожд-п;60;20170410;110000;168.5;168.5;168.5;168.5;60;0
Возрожд-п;60;20170410;160000;166;166;160.5;160.5;6;0
Возрожд-п;60;20170410;180000;161.5;161.5;161.5;161.5;1;0
Возрожд-п;60;20170411;120000;163;163;163;163;1;0
Возрожд-п;60;20170412;180000;162.5;162.5;162.5;162.5;2;0
Возрожд-п;60;20170414;100000;163;163;163;163;13;0
Возрожд-п;60;20170414;110000;163.5;163.5;163.5;163.5;1;0
Возрожд-п;60;20170414;120000;163;165.5;163;165.5;3;0
Возрожд-п;60;20170414;150000;165.5;167.5;165.5;167.5;3;0
Возрожд-п;60;20170414;160000;166.5;166.5;166.5;166.5;1;0
Возрожд-п;60;20170417;100000;166.5;166.5;166.5;166.5;2;0
Возрожд-п;60;20170417;150000;166.5;166.5;166.5;166.5;1;0
Возрожд-п;60;20170417;160000;166.5;166.5;166.5;166.5;1;0
Возрожд-п;60;20170417;170000;166.5;167;166.5;166.5;26;0
Возрожд-п;60;20170417;180000;167;167;167;167;3;0
Возрожд-п;60;20170418;180000;162.5;162.5;162.5;162.5;1;0
Возрожд-п;60;20170419;130000;161.5;161.5;161;161;33;0
Возрожд-п;60;20170419;150000;166.5;166.5;166.5;166.5;1;0
Возрожд-п;60;20170419;180000;162;162;161.5;161.5;40;0
Возрожд-п;60;20170420;100000;159;159.5;159;159.5;2;0
Возрожд-п;60;20170420;110000;161;161;161;161;19;0
Возрожд-п;60;20170421;140000;160;165;160;165;4;0
Возрожд-п;60;20170421;150000;164.5;165;164.5;165;10;0
Возрожд-п;60;20170421;180000;162.5;162.5;162.5;162.5;4;0
Возрожд-п;60;20170424;130000;161.5;161.5;158;158;4;0
Возрожд-п;60;20170424;140000;161.5;161.5;161.5;161.5;1;0
Возрожд-п;60;20170424;160000;161.5;162;161.5;162;3;0
Возрожд-п;60;20170424;180000;162.5;162.5;157;157;14;0
Возрожд-п;60;20170425;110000;158.5;158.5;158;158;6;0
Возрожд-п;60;20170425;150000;162;162;162;162;1;0
Возрожд-п;60;20170425;160000;162;164;162;163.5;13;0
Возрожд-п;60;20170425;170000;162.5;162.5;162.5;162.5;2;0
Возрожд-п;60;20170425;180000;163.5;163.5;163.5;163.5;2;0
Возрожд-п;60;20170426;100000;165;177;165;177;13;0
Возрожд-п;60;20170426;120000;173;173;173;173;1;0
Возрожд-п;60;20170426;130000;169;169;160;160;7;0
Возрожд-п;60;20170426;140000;163.5;163.5;163.5;163.5;1;0
Возрожд-п;60;20170426;170000;159.5;164;156;164;5;0
Возрожд-п;60;20170427;100000;164;164;164;164;2;0
Возрожд-п;60;20170427;140000;161.5;161.5;161;161;2;0
Возрожд-п;60;20170427;180000;160;160;159.5;159.5;4;0
Возрожд-п;60;20170428;130000;161.5;164;161.5;164;2;0
Возрожд-п;60;20170428;160000;158;164;156.5;164;17;0
Возрожд-п;60;20170428;180000;164;166;164;166;10;0
Возрожд-п;60;20170503;180000;164;164;164;164;1;0
Возрожд-п;60;20170505;100000;159.5;163;146.5;163;14;0
Возрожд-п;60;20170505;170000;162;162;162;162;1;0
Возрожд-п;60;20170512;100000;157;157;149;150.5;4;0
Возрожд-п;60;20170512;150000;158;158;150.5;150.5;14;0
Возрожд-п;60;20170512;170000;155;161.5;155;161.5;58;0
Возрожд-п;60;20170512;180000;161.5;161.5;161.5;161.5;3;0
Возрожд-п;60;20170515;160000;154;154;152.5;152.5;6;0
Возрожд-п;60;20170515;170000;158.5;158.5;158.5;158.5;1;0
Возрожд-п;60;20170515;180000;151;151;146.5;149.5;20;0
Возрожд-п;60;20170516;100000;150.5;150.5;150.5;150.5;1;0
Возрожд-п;60;20170516;140000;155;155;155;155;1;0
Возрожд-п;60;20170516;180000;155;155;155;155;1;0
Возрожд-п;60;20170517;150000;151.5;151.5;150;150;16;0
Возрожд-п;60;20170517;160000;150;154.5;150;154.5;6;0
Возрожд-п;60;20170517;180000;150;150;150;150;169;0
Возрожд-п;60;20170518;140000;151;151;151;151;1;0
Возрожд-п;60;20170519;100000;148;148.5;148;148.5;2;0
Возрожд-п;60;20170519;140000;147.5;150.5;146.5;146.5;6;0
Возрожд-п;60;20170519;150000;147;147;147;147;2;0
Возрожд-п;60;20170519;160000;147;147;147;147;3;0
Возрожд-п;60;20170519;180000;147;147;147;147;4;0
Возрожд-п;60;20170522;110000;150.5;150.5;150.5;150.5;1;0
Возрожд-п;60;20170522;170000;147;147.5;147;147.5;2;0
Возрожд-п;60;20170523;120000;147;147;147;147;1;0
Возрожд-п;60;20170523;130000;147;147;147;147;1;0
Возрожд-п;60;20170523;140000;150;150;150;150;1;0
Возрожд-п;60;20170523;150000;147.5;147.5;146;146;12;0
Возрожд-п;60;20170523;160000;148;148.5;144;148.5;17;0
Возрожд-п;60;20170524;110000;148.5;148.5;148.5;148.5;7;0
Возрожд-п;60;20170526;140000;142;147;140;147;26;0
Возрожд-п;60;20170526;150000;143.5;159;143.5;159;145;0
Возрожд-п;60;20170526;160000;162;165;162;165;4;0
Возрожд-п;60;20170526;170000;159;165;159;163;102;0
Возрожд-п;60;20170526;180000;163;163;163;163;10;0
Возрожд-п;60;20170529;100000;161;162;161;162;83;0
Возрожд-п;60;20170529;110000;162;165;160;165;190;0
Возрожд-п;60;20170529;130000;165;168;165;168;4;0
Возрожд-п;60;20170529;140000;160;160;160;160;10;0
Возрожд-п;60;20170529;150000;158;158;158;158;10;0
Возрожд-п;60;20170529;160000;158;158;157;157;11;0
Возрожд-п;60;20170529;180000;159;159;155;155;73;0
Возрожд-п;60;20170530;100000;155;155;150;152;151;0
Возрожд-п;60;20170530;110000;155;160;155;160;82;0
Возрожд-п;60;20170530;130000;160;160;160;160;5;0
Возрожд-п;60;20170530;140000;153;153;151;151;66;0
Возрожд-п;60;20170530;170000;155;156.5;155;156.5;10;0
Возрожд-п;60;20170530;180000;157;157;157;157;3;0
Возрожд-п;60;20170531;120000;154.5;154.5;154.5;154.5;1;0
Возрожд-п;60;20170531;130000;159.5;159.5;159.5;159.5;1;0
Возрожд-п;60;20170531;160000;153;153;152.5;152.5;3;0
Возрожд-п;60;20170531;180000;151;151;150;150;10;0
Возрожд-п;60;20170601;100000;148;148;147.5;147.5;50;0
Возрожд-п;60;20170601;130000;147.5;147.5;145;145;25;0
Возрожд-п;60;20170601;160000;150.5;150.5;150.5;150.5;1;0
Возрожд-п;60;20170601;170000;147.5;150;145.5;150;21;0
Возрожд-п;60;20170602;150000;150.5;150.5;150.5;150.5;1;0
Возрожд-п;60;20170602;160000;150;151;150;151;3;0
Возрожд-п;60;20170602;170000;152;152;152;152;1;0
Возрожд-п;60;20170602;180000;150.5;150.5;150;150;21;0
Возрожд-п;60;20170605;100000;151.5;151.5;151.5;151.5;2;0
Возрожд-п;60;20170605;130000;152;163;152;163;3;0
Возрожд-п;60;20170605;170000;162;162.5;162;162.5;26;0
Возрожд-п;60;20170606;100000;152.5;152.5;150.5;150.5;16;0
Возрожд-п;60;20170606;110000;150.5;150.5;150.5;150.5;13;0
Возрожд-п;60;20170606;120000;157.5;157.5;157.5;157.5;1;0
Возрожд-п;60;20170606;140000;152.5;157;150;157;10;0
Возрожд-п;60;20170607;160000;153;153;153;153;1;0
Возрожд-п;60;20170607;180000;153;153;153;153;3;0
Возрожд-п;60;20170608;150000;151.5;152;147;152;70;0
Возрожд-п;60;20170613;110000;152;152.5;152;152.5;15;0
Возрожд-п;60;20170613;160000;150;153;148.5;148.5;26;0
Возрожд-п;60;20170613;170000;148.5;150;148.5;150;3;0
Возрожд-п;60;20170613;180000;150.5;150.5;150;150;11;0
Возрожд-п;60;20170614;100000;150;150;150;150;20;0
Возрожд-п;60;20170614;120000;150;150;150;150;20;0
Возрожд-п;60;20170615;160000;148;148;148;148;5;0
Возрожд-п;60;20170615;170000;147;147;147;147;1;0
Возрожд-п;60;20170615;180000;146.5;147.5;146.5;147.5;4;0
Возрожд-п;60;20170616;100000;148;148;148;148;8;0
Возрожд-п;60;20170616;120000;147.5;147.5;147.5;147.5;10;0
Возрожд-п;60;20170616;140000;146;146;146;146;1;0
Возрожд-п;60;20170619;100000;145.5;145.5;139.5;140;401;0
Возрожд-п;60;20170619;110000;140;140;139.5;139.5;6;0
Возрожд-п;60;20170619;120000;139;140;139;140;582;0
Возрожд-п;60;20170619;130000;139.5;140;139.5;140;71;0
Возрожд-п;60;20170619;140000;140;140;140;140;28;0
Возрожд-п;60;20170619;150000;140;140;140;140;317;0
Возрожд-п;60;20170619;160000;140;140;140;140;64;0
Возрожд-п;60;20170619;170000;139;146;134;146;638;0
Возрожд-п;60;20170619;180000;140.5;143.5;140;142;11;0
Возрожд-п;60;20170620;100000;144;147;144;147;39;0
Возрожд-п;60;20170620;120000;145.5;145.5;145.5;145.5;1;0
Возрожд-п;60;20170620;130000;145.5;145.5;145.5;145.5;2;0
Возрожд-п;60;20170620;140000;145.5;145.5;145;145;217;0
Возрожд-п;60;20170620;150000;141.5;141.5;140.5;140.5;15;0
Возрожд-п;60;20170620;170000;142.5;142.5;142.5;142.5;1;0
Возрожд-п;60;20170620;180000;142.5;142.5;142.5;142.5;2;0
Возрожд-п;60;20170621;120000;140.5;140.5;140.5;140.5;1;0
Возрожд-п;60;20170621;130000;140;140.5;140;140.5;4;0
Возрожд-п;60;20170621;150000;141;141;141;141;1;0
Возрожд-п;60;20170621;180000;141;145;141;145;28;0
Возрожд-п;60;20170622;130000;141.5;146.5;141.5;146.5;2;0
Возрожд-п;60;20170622;160000;146.5;148;146.5;148;20;0
Возрожд-п;60;20170623;120000;148;148;148;148;7;0
Возрожд-п;60;20170623;140000;150;150;150;150;1;0
Возрожд-п;60;20170623;150000;148.5;149;148;149;3;0
Возрожд-п;60;20170623;160000;150;150;150;150;5;0
Возрожд-п;60;20170626;120000;148.5;148.5;148.5;148.5;1;0
Возрожд-п;60;20170626;130000;153;153;153;153;1;0
Возрожд-п;60;20170626;170000;153;153;153;153;1;0
Возрожд-п;60;20170627;120000;150;150;147.5;147.5;5;0
Возрожд-п;60;20170627;140000;147.5;147.5;147.5;147.5;6;0
Возрожд-п;60;20170627;150000;152.5;152.5;147.5;147.5;5;0
Возрожд-п;60;20170627;160000;149.5;149.5;149.5;149.5;1;0
Возрожд-п;60;20170627;170000;152.5;152.5;152.5;152.5;1;0
Возрожд-п;60;20170628;130000;152.5;152.5;152.5;152.5;7;0
Возрожд-п;60;20170629;150000;151.5;170;151.5;168;104;0
Возрожд-п;60;20170629;160000;169;170;160;160;48;0
Возрожд-п;60;20170629;170000;162;162;157;161;3;0
Возрожд-п;60;20170630;100000;157.5;161.5;152;152;18;0
Возрожд-п;60;20170703;110000;157.5;157.5;157.5;157.5;1;0
Возрожд-п;60;20170703;120000;152;152;152;152;1;0
Возрожд-п;60;20170703;150000;155;155;155;155;1;0
Возрожд-п;60;20170704;150000;154.5;162;154.5;162;42;0
Возрожд-п;60;20170704;160000;160.5;162;160;162;25;0
Возрожд-п;60;20170704;170000;162;162;162;162;5;0
Возрожд-п;60;20170704;180000;162.5;162.5;162.5;162.5;1;0
Возрожд-п;60;20170705;140000;166.5;166.5;166.5;166.5;1;0
Возрожд-п;60;20170705;180000;166;166.5;166;166.5;3;0
Возрожд-п;60;20170706;130000;158.5;158.5;158;158;2;0
Возрожд-п;60;20170706;150000;162;162;162;162;1;0
Возрожд-п;60;20170706;170000;156.5;159.5;156.5;159.5;2;0
Возрожд-п;60;20170706;180000;159.5;159.5;159.5;159.5;1;0
Возрожд-п;60;20170707;100000;165;165;165;165;1;0
Возрожд-п;60;20170707;120000;164;165;164;165;177;0
Возрожд-п;60;20170707;140000;160.5;160.5;160.5;160.5;8;0
Возрожд-п;60;20170707;160000;160.5;160.5;160.5;160.5;37;0
Возрожд-п;60;20170707;170000;165;165;165;165;1;0
Возрожд-п;60;20170707;180000;160;164.5;160;164.5;10;0
Возрожд-п;60;20170710;100000;169.5;169.5;155.5;155.5;15;0
Возрожд-п;60;20170710;140000;160;160;160;160;1;0
Возрожд-п;60;20170710;160000;156.5;156.5;156.5;156.5;3;0
Возрожд-п;60;20170710;170000;160;160;159.5;159.5;2;0
Возрожд-п;60;20170710;180000;159.5;160.5;159.5;160.5;12;0
Возрожд-п;60;20170711;100000;165.5;165.5;164.5;165.5;19;0
Возрожд-п;60;20170711;120000;165.5;165.5;151;151;24;0
Возрожд-п;60;20170711;150000;155;158.5;155;158.5;11;0
Возрожд-п;60;20170711;180000;154;157;154;157;2;0
Возрожд-п;60;20170712;100000;162;162;154;154;8;0
Возрожд-п;60;20170713;160000;154.5;154.5;154.5;154.5;1;0
Возрожд-п;60;20170717;110000;154.5;154.5;154;154;103;0
Возрожд-п;60;20170717;120000;153;153;153;153;2;0
Возрожд-п;60;20170717;140000;153;153;153;153;1;0
Возрожд-п;60;20170717;160000;153;153;153;153;14;0
Возрожд-п;60;20170717;170000;154.5;154.5;154.5;154.5;2;0
Возрожд-п;60;20170717;180000;154;154;154;154;1;0
Возрожд-п;60;20170719;150000;151.5;151.5;151;151;16;0
Возрожд-п;60;20170720;110000;152.5;156.5;152.5;156.5;10;0
Возрожд-п;60;20170720;160000;154;154;153.5;153.5;4;0
Возрожд-п;60;20170720;170000;152.5;152.5;152.5;152.5;1;0
Возрожд-п;60;20170720;180000;152;154.5;152;154.5;3;0
Возрожд-п;60;20170721;150000;153;153;153;153;22;0
Возрожд-п;60;20170721;180000;151.5;151.5;151.5;151.5;1;0
Возрожд-п;60;20170724;130000;154.5;154.5;154.5;154.5;2;0
Возрожд-п;60;20170724;150000;153;153;152;152;100;0
Возрожд-п;60;20170724;180000;153.5;154.5;153.5;154.5;5;0
Возрожд-п;60;20170725;130000;153.5;153.5;150;151.5;215;0
Возрожд-п;60;20170725;150000;151.5;151.5;147.5;147.5;28;0
Возрожд-п;60;20170725;170000;150;155;150;155;58;0
Возрожд-п;60;20170726;160000;157;158;157;158;35;0
Возрожд-п;60;20170726;180000;156.5;158;153;158;510;0
Возрожд-п;60;20170727;100000;154.5;154.5;154.5;154.5;1;0
Возрожд-п;60;20170727;110000;152.5;153.5;151.5;153.5;94;0
Возрожд-п;60;20170727;120000;151;151;150.5;150.5;28;0
Возрожд-п;60;20170727;160000;154.5;157;154.5;157;3;0
Возрожд-п;60;20170727;180000;154;154;150;151;194;0
Возрожд-п;60;20170728;120000;151.5;153;151.5;153;12;0
Возрожд-п;60;20170728;130000;153;153;153;153;119;0
Возрожд-п;60;20170728;170000;153;154;153;154;3;0
Возрожд-п;60;20170731;140000;153.5;154;153.5;154;2;0
Возрожд-п;60;20170731;150000;151.5;151.5;151.5;151.5;2;0
Возрожд-п;60;20170801;100000;150;150;150;150;8;0
Возрожд-п;60;20170801;110000;150;150;150;150;64;0
Возрожд-п;60;20170801;120000;152;152;152;152;1;0
Возрожд-п;60;20170801;140000;152;152.5;152;152;204;0
Возрожд-п;60;20170801;150000;153.5;153.5;153.5;153.5;1;0
Возрожд-п;60;20170802;110000;150.5;150.5;150.5;150.5;1;0
Возрожд-п;60;20170802;130000;152;152;152;152;1;0
Возрожд-п;60;20170802;160000;152.5;154;152.5;154;16;0
Возрожд-п;60;20170803;110000;152.5;152.5;151.5;151.5;10;0
Возрожд-п;60;20170803;120000;154;154;154;154;2;0
Возрожд-п;60;20170803;150000;155.5;155.5;155;155;8;0
Возрожд-п;60;20170803;180000;154.5;156.5;154.5;156;24;0
Возрожд-п;60;20170804;100000;155.5;159;155.5;159;7;0
Возрожд-п;60;20170808;120000;158;158;142;142;133;0
Возрожд-п;60;20170808;130000;150.5;151;150.5;151;11;0
Возрожд-п;60;20170808;160000;150.5;151;150.5;151;4;0
Возрожд-п;60;20170808;170000;150;150;150;150;1;0
Возрожд-п;60;20170808;180000;150.5;151;149;149;18;0
Возрожд-п;60;20170809;100000;150;150;150;150;1;0
Возрожд-п;60;20170809;150000;152;152;152;152;1;0
Возрожд-п;60;20170810;100000;153;153;153;153;1;0
Возрожд-п;60;20170810;110000;152.5;152.5;152.5;152.5;20;0
Возрожд-п;60;20170810;120000;152;152;152;152;20;0
Возрожд-п;60;20170810;130000;146.5;154.5;146.5;154.5;2;0
Возрожд-п;60;20170811;100000;152;158.5;152;158.5;11;0
Возрожд-п;60;20170811;160000;155;156;155;156;17;0
Возрожд-п;60;20170811;170000;156;156;156;156;1;0
Возрожд-п;60;20170814;100000;158;158.5;158;158.5;5;0
Возрожд-п;60;20170815;110000;155;155;155;155;11;0
Возрожд-п;60;20170815;150000;153;155.5;151;155.5;11;0
Возрожд-п;60;20170816;150000;154;170;154;164.5;366;0
Возрожд-п;60;20170816;170000;160.5;160.5;160;160;2;0
Возрожд-п;60;20170816;180000;160.5;160.5;160.5;160.5;1;0
Возрожд-п;60;20170817;110000;160;160;160;160;10;0
Возрожд-п;60;20170817;130000;160.5;161;160.5;161;40;0
Возрожд-п;60;20170817;150000;161;161;161;161;15;0
Возрожд-п;60;20170818;150000;160;160;160;160;10;0
Возрожд-п;60;20170818;160000;160;160;160;160;10;0
Возрожд-п;60;20170818;170000;160;160.5;160;160.5;2;0
Возрожд-п;60;20170821;140000;164.5;164.5;164.5;164.5;1;0
Возрожд-п;60;20170821;150000;164;164;164;164;3;0
Возрожд-п;60;20170822;110000;157.5;157.5;156;156;4;0
Возрожд-п;60;20170822;130000;161.5;161.5;161.5;161.5;1;0
Возрожд-п;60;20170823;140000;160.5;160.5;160.5;160.5;1;0
Возрожд-п;60;20170823;160000;158;158;158;158;1;0
Возрожд-п;60;20170823;170000;160;160;160;160;1;0
Возрожд-п;60;20170824;110000;156.5;163.5;156.5;163.5;60;0
Возрожд-п;60;20170824;130000;162;163.5;162;163.5;3;0
Возрожд-п;60;20170824;150000;163.5;163.5;162;162;30;0
Возрожд-п;60;20170824;160000;161.5;162;161.5;162;6;0
Возрожд-п;60;20170824;170000;161.5;161.5;161.5;161.5;13;0
Возрожд-п;60;20170824;180000;162;163.5;162;163.5;14;0
Возрожд-п;60;20170825;100000;164.5;164.5;164.5;164.5;2;0
Возрожд-п;60;20170825;110000;169;169;165;165;15;0
Возрожд-п;60;20170825;120000;161.5;161.5;159;159;9;0
Возрожд-п;60;20170825;130000;167.5;167.5;160.5;167;4;0
Возрожд-п;60;20170825;150000;167;168;167;168;8;0
Возрожд-п;60;20170825;170000;168;168;168;168;6;0
Возрожд-п;60;20170825;180000;167.5;168;167.5;168;10;0
Возрожд-п;60;20170828;100000;165;165.5;165;165.5;12;0
Возрожд-п;60;20170828;120000;162.5;164.5;160;160;10;0
Возрожд-п;60;20170828;130000;161;161;160;160;20;0
Возрожд-п;60;20170828;140000;165;165;165;165;1;0
Возрожд-п;60;20170828;160000;164;165;164;165;23;0
Возрожд-п;60;20170828;180000;165;165;165;165;9;0
Возрожд-п;60;20170829;100000;161;161;161;161;1;0
Возрожд-п;60;20170829;110000;161.5;165.5;160;165.5;36;0
Возрожд-п;60;20170829;120000;165.5;165.5;165.5;165.5;1;0
Возрожд-п;60;20170829;130000;168;168;168;168;1;0
Возрожд-п;60;20170829;140000;168.5;168.5;168.5;168.5;1;0
Возрожд-п;60;20170830;150000;169;169;169;169;1;0
Возрожд-п;60;20170830;160000;167.5;167.5;167.5;167.5;1;0
Возрожд-п;60;20170831;110000;170.5;170.5;170.5;170.5;1;0
Возрожд-п;60;20170831;140000;168;168;168;168;2;0
Возрожд-п;60;20170831;170000;164.5;164.5;164;164;2;0
Возрожд-п;60;20170831;180000;166.5;170;166.5;170;118;0
Возрожд-п;60;20170901;120000;171;171;171;171;1;0
Возрожд-п;60;20170901;150000;174;174;174;174;8;0
Возрожд-п;60;20170901;180000;168.5;174;168;171.5;5;0
Возрожд-п;60;20170904;130000;178;178;177.5;177.5;9;0
Возрожд-п;60;20170904;140000;177;177;168.5;169.5;114;0
Возрожд-п;60;20170904;150000;169.5;169.5;169.5;169.5;1;0
Возрожд-п;60;20170904;180000;165.5;166.5;164;166.5;12;0
Возрожд-п;60;20170905;130000;168.5;168.5;168.5;168.5;1;0
Возрожд-п;60;20170906;110000;168.5;170;168.5;170;235;0
Возрожд-п;60;20170906;160000;164;164;159.5;160;404;0
Возрожд-п;60;20170906;170000;160;170;156;170;147;0
Возрожд-п;60;20170906;180000;161;161;150;158.5;492;0
Возрожд-п;60;20170907;090000;148;148;148;148;599;0
Возрожд-п;60;20170907;100000;159;160;144;148.5;4259;0
Возрожд-п;60;20170907;110000;148.5;149;146;149;1519;0
Возрожд-п;60;20170907;120000;149;152.5;148;152.5;954;0
Возрожд-п;60;20170907;130000;152.5;160.5;151;152.5;3074;0
Возрожд-п;60;20170907;140000;152.5;155;152.5;155;14;0
Возрожд-п;60;20170907;150000;155;162;155;157.5;184;0
Возрожд-п;60;20170907;160000;157;157.5;156.5;157;23;0
Возрожд-п;60;20170907;170000;157;157.5;157;157.5;10;0
Возрожд-п;60;20170907;180000;159.5;159.5;156.5;156.5;51;0
Возрожд-п;60;20170908;120000;159;159;159;159;56;0
Возрожд-п;60;20170908;130000;159.5;159.5;159.5;159.5;1;0
Возрожд-п;60;20170908;140000;159.5;161;159.5;161;52;0
Возрожд-п;60;20170908;150000;161.5;161.5;161;161;23;0
Возрожд-п;60;20170908;160000;161.5;161.5;161;161;27;0
Возрожд-п;60;20170908;170000;160.5;160.5;160.5;160.5;1;0
Возрожд-п;60;20170908;180000;159.5;159.5;159.5;159.5;1;0
Возрожд-п;60;20170911;090000;164.5;164.5;164.5;164.5;7;0
Возрожд-п;60;20170911;100000;163;164;163;164;90;0
Возрожд-п;60;20170911;110000;164;164;164;164;9;0
Возрожд-п;60;20170911;120000;164;164;164;164;1;0
Возрожд-п;60;20170911;140000;163;165.5;162.5;165.5;6;0
Возрожд-п;60;20170911;150000;163;163;162;162;250;0
Возрожд-п;60;20170911;160000;164.5;170;157;157;709;0
Возрожд-п;60;20170911;170000;156;157.5;154;155;153;0
Возрожд-п;60;20170911;180000;156.5;156.5;150;150.5;940;0
Возрожд-п;60;20170912;100000;154;155;151.5;154.5;106;0
Возрожд-п;60;20170912;130000;152.5;154;150;154;87;0
Возрожд-п;60;20170912;140000;150.5;153;150;153;5;0
Возрожд-п;60;20170912;160000;153;153;153;153;1;0
Возрожд-п;60;20170912;170000;153.5;153.5;153.5;153.5;1;0
Возрожд-п;60;20170912;180000;151.5;156;150;156;151;0
Возрожд-п;60;20170913;090000;150;150;150;150;10;0
Возрожд-п;60;20170913;100000;151.5;154;150;154;274;0
Возрожд-п;60;20170913;110000;154;155;150;155;280;0
Возрожд-п;60;20170913;130000;153;154;152;153;27;0
Возрожд-п;60;20170913;140000;154;164;153;164;1031;0
Возрожд-п;60;20170913;150000;164;166.5;160;160;262;0
Возрожд-п;60;20170913;160000;160;160;158.5;160;618;0
Возрожд-п;60;20170913;170000;159.5;160;159.5;160;367;0
Возрожд-п;60;20170913;180000;160;164.5;160;164.5;2;0
Возрожд-п;60;20170914;100000;164;170;164;169;87;0
Возрожд-п;60;20170914;110000;165;165;165;165;53;0
Возрожд-п;60;20170914;120000;165;188;165;187;3423;0
Возрожд-п;60;20170914;130000;186.5;186.5;176;182;977;0
Возрожд-п;60;20170914;140000;182;183;178.5;179;318;0
Возрожд-п;60;20170914;150000;179;181.5;177.5;179.5;456;0
Возрожд-п;60;20170914;160000;179.5;180;179;179.5;44;0
Возрожд-п;60;20170914;170000;178;179.5;177;177.5;24;0
Возрожд-п;60;20170914;180000;179.5;179.5;178;178;27;0
Возрожд-п;60;20170915;090000;170;170;170;170;229;0
Возрожд-п;60;20170915;100000;167;174;161.5;170;5662;0
Возрожд-п;60;20170915;110000;170;182.5;169;180.5;1857;0
Возрожд-п;60;20170915;120000;177.5;178;174;177;737;0
Возрожд-п;60;20170915;130000;177;177;166.5;166.5;1464;0
Возрожд-п;60;20170915;140000;166.5;170;165;168.5;1827;0
Возрожд-п;60;20170915;150000;166.5;170;165.5;170;38;0
Возрожд-п;60;20170915;160000;166.5;169;165.5;169;33;0
Возрожд-п;60;20170915;170000;166.5;166.5;164.5;165.5;775;0
Возрожд-п;60;20170915;180000;165;166;164;166;58;0
Возрожд-п;60;20170918;100000;163;165;162.5;165;20;0
Возрожд-п;60;20170918;110000;163.5;165;160;162;776;0
Возрожд-п;60;20170918;120000;163;164;161.5;161.5;28;0
Возрожд-п;60;20170918;130000;161.5;161.5;161;161;23;0
Возрожд-п;60;20170918;140000;163;163;156;156.5;524;0
Возрожд-п;60;20170918;150000;159.5;159.5;156;157;127;0
Возрожд-п;60;20170918;160000;156.5;159;155.5;157;158;0
Возрожд-п;60;20170918;170000;156.5;158.5;156;158.5;101;0
Возрожд-п;60;20170918;180000;158;159;158;159;307;0
Возрожд-п;60;20170919;100000;159.5;160;159.5;159.5;400;0
Возрожд-п;60;20170919;110000;159;159;159;159;50;0
Возрожд-п;60;20170919;120000;158.5;158.5;158.5;158.5;1;0
Возрожд-п;60;20170919;130000;159;159;159;159;1;0
Возрожд-п;60;20170919;140000;158.5;158.5;158;158;2;0
Возрожд-п;60;20170919;150000;157.5;158.5;157.5;158;25;0
Возрожд-п;60;20170919;160000;158;158.5;157;158;208;0
Возрожд-п;60;20170919;170000;158;158;158;158;269;0
Возрожд-п;60;20170919;180000;158;158;158;158;12;0
Возрожд-п;60;20170920;100000;155.5;157.5;155.5;157.5;2;0
Возрожд-п;60;20170920;110000;156;156;156;156;4;0
Возрожд-п;60;20170920;120000;157.5;157.5;156;156;7;0
Возрожд-п;60;20170920;140000;156;157;156;157;4;0
Возрожд-п;60;20170920;150000;157;157.5;157;157.5;50;0
Возрожд-п;60;20170920;160000;157.5;158;157.5;158;175;0
Возрожд-п;60;20170920;180000;158;158;158;158;7;0
Возрожд-п;60;20170921;100000;156;157.5;155;157.5;27;0
Возрожд-п;60;20170921;110000;154;157.5;153.5;153.5;49;0
Возрожд-п;60;20170921;120000;156;161;154;159.5;1388;0
Возрожд-п;60;20170921;130000;159.5;159.5;159.5;159.5;5;0
Возрожд-п;60;20170921;150000;158;159.5;158;158;116;0
Возрожд-п;60;20170921;160000;158.5;158.5;158;158;25;0
Возрожд-п;60;20170921;170000;158.5;159;158.5;159;2;0
Возрожд-п;60;20170921;180000;159;159;159;159;18;0
Возрожд-п;60;20170922;100000;155;159;155;159;3;0
Возрожд-п;60;20170922;110000;159;159;159;159;290;0
Возрожд-п;60;20170922;120000;156;158.5;154;158.5;83;0
Возрожд-п;60;20170922;140000;154.5;157.5;154.5;155;22;0
Возрожд-п;60;20170922;150000;156;156;156;156;1;0
Возрожд-п;60;20170922;160000;154;154;154;154;1;0
Возрожд-п;60;20170922;170000;156;156;156;156;1;0
Возрожд-п;60;20170922;180000;154.5;155;153;155;307;0
Возрожд-п;60;20170925;100000;154;158.5;150;151.5;174;0
Возрожд-п;60;20170925;110000;154;154;152;152;16;0
Возрожд-п;60;20170925;120000;153.5;153.5;150.5;150.5;229;0
Возрожд-п;60;20170925;130000;153;154;153;154;7;0
Возрожд-п;60;20170925;150000;153.5;154;153.5;154;2;0
Возрожд-п;60;20170925;170000;153;154.5;153;154.5;78;0
Возрожд-п;60;20170925;180000;154.5;155.5;154.5;155.5;89;0
Возрожд-п;60;20170926;100000;151.5;154;150.5;154;11;0
Возрожд-п;60;20170926;110000;152;154;150.5;154;201;0
Возрожд-п;60;20170926;120000;152.5;152.5;152.5;152.5;1;0
Возрожд-п;60;20170926;130000;152;153;152;152;13;0
Возрожд-п;60;20170926;140000;152;152;151;151;25;0
Возрожд-п;60;20170926;150000;151.5;152;151;152;13;0
Возрожд-п;60;20170926;160000;152;153.5;152;153.5;74;0
Возрожд-п;60;20170926;180000;152.5;153.5;152;153.5;35;0
Возрожд-п;60;20170927;100000;151;152.5;151;152;24;0
Возрожд-п;60;20170927;110000;152;152;149.5;150;307;0
Возрожд-п;60;20170927;120000;151.5;152.5;151.5;152;6;0
Возрожд-п;60;20170927;130000;152.5;152.5;152.5;152.5;1;0
Возрожд-п;60;20170927;140000;152.5;153;152.5;153;10;0
Возрожд-п;60;20170927;150000;152.5;152.5;150;151;249;0
Возрожд-п;60;20170927;160000;151;151.5;150;150;52;0
Возрожд-п;60;20170927;170000;150;151.5;150;150;27;0
Возрожд-п;60;20170927;180000;151.5;151.5;151.5;151.5;1;0
Возрожд-п;60;20170928;100000;150.5;150.5;150;150;9;0
Возрожд-п;60;20170928;110000;150.5;150.5;149.5;149.5;2;0
Возрожд-п;60;20170928;130000;149.5;149.5;149;149;33;0
Возрожд-п;60;20170928;140000;149;149;149;149;43;0
Возрожд-п;60;20170928;150000;149.5;151;149.5;151;100;0
Возрожд-п;60;20170928;170000;149.5;151;149.5;151;11;0
Возрожд-п;60;20170928;180000;150;151;149;151;51;0
Возрожд-п;60;20170929;100000;152;152.5;152;152.5;3;0
Возрожд-п;60;20170929;110000;152.5;153;152.5;153;30;0
Возрожд-п;60;20170929;120000;152;152;152;152;2;0
Возрожд-п;60;20170929;160000;150.5;152;149.5;152;10;0
Возрожд-п;60;20170929;180000;150;150;149.5;149.5;2;0
Возрожд-п;60;20171002;100000;150.5;150.5;149.5;149.5;6;0
Возрожд-п;60;20171002;120000;151.5;151.5;151.5;151.5;1;0
Возрожд-п;60;20171002;170000;151;151;151;151;1;0
Возрожд-п;60;20171003;100000;152;154.5;152;154.5;100;0
Возрожд-п;60;20171003;110000;152;152;151.5;151.5;8;0
Возрожд-п;60;20171003;120000;151;151;150.5;150.5;60;0
Возрожд-п;60;20171003;130000;150.5;152;150;150;42;0
Возрожд-п;60;20171003;140000;149.5;151.5;149.5;151.5;6;0
Возрожд-п;60;20171003;150000;150;151.5;150;151.5;17;0
Возрожд-п;60;20171003;170000;151.5;151.5;151.5;151.5;24;0
Возрожд-п;60;20171003;180000;150;152;150;150;4;0
Возрожд-п;60;20171004;100000;152;152;152;152;2;0
Возрожд-п;60;20171004;120000;149.5;151.5;149;151.5;56;0
Возрожд-п;60;20171004;140000;150;150;150;150;3;0
Возрожд-п;60;20171004;160000;150.5;150.5;150.5;150.5;5;0
Возрожд-п;60;20171004;180000;149.5;149.5;149.5;149.5;9;0
Возрожд-п;60;20171005;120000;150;150;150;150;1;0
Возрожд-п;60;20171005;170000;149;150;149;150;3;0
Возрожд-п;60;20171006;110000;149;149;149;149;1;0
Возрожд-п;60;20171006;120000;150;150;150;150;20;0
Возрожд-п;60;20171006;130000;148.5;150;148.5;150;13;0
Возрожд-п;60;20171006;150000;149.5;149.5;149.5;149.5;2;0
Возрожд-п;60;20171006;160000;150;150;149;150;19;0
Возрожд-п;60;20171006;170000;149;149;148.5;148.5;25;0
Возрожд-п;60;20171006;180000;148.5;148.5;148.5;148.5;10;0
Возрожд-п;60;20171009;120000;148.5;150.5;147.5;150.5;180;0
Возрожд-п;60;20171009;130000;149.5;150.5;149.5;150.5;3;0
Возрожд-п;60;20171009;180000;150;150;150;150;1;0
Возрожд-п;60;20171010;100000;150;150.5;150;150;151;0
Возрожд-п;60;20171010;110000;151;151;150;150;8;0
Возрожд-п;60;20171010;130000;150;150;150;150;5;0
Возрожд-п;60;20171010;140000;150;150;150;150;7;0
Возрожд-п;60;20171010;150000;150;150.5;150;150.5;100;0
Возрожд-п;60;20171010;160000;150;150;150;150;10;0
Возрожд-п;60;20171010;180000;150;150;150;150;33;0
Возрожд-п;60;20171011;100000;150.5;151;150.5;151;44;0
Возрожд-п;60;20171011;110000;150.5;150.5;150.5;150.5;1;0
Возрожд-п;60;20171011;120000;150.5;152;150.5;152;188;0
Возрожд-п;60;20171011;130000;152;152;152;152;4;0
Возрожд-п;60;20171011;150000;151.5;151.5;151.5;151.5;4;0
Возрожд-п;60;20171011;170000;151.5;151.5;151.5;151.5;2;0
Возрожд-п;60;20171011;180000;152;152;152;152;67;0
Возрожд-п;60;20171012;100000;153.5;153.5;153;153;6;0
Возрожд-п;60;20171012;120000;152.5;152.5;152.5;152.5;3;0
Возрожд-п;60;20171012;130000;153;153;152.5;152.5;12;0
Возрожд-п;60;20171012;140000;152.5;152.5;152.5;152.5;1;0
Возрожд-п;60;20171012;150000;152.5;152.5;152.5;152.5;2;0
Возрожд-п;60;20171012;170000;152.5;153;152.5;153;61;0
Возрожд-п;60;20171012;180000;153;153.5;149.5;153;12;0
Возрожд-п;60;20171013;110000;151.5;151.5;147.5;147.5;72;0
Возрожд-п;60;20171013;120000;150.5;153.5;150.5;153.5;143;0
Возрожд-п;60;20171013;130000;153.5;154.5;153.5;154;42;0
Возрожд-п;60;20171013;160000;154;154;154;154;5;0
Возрожд-п;60;20171013;170000;154;155;153.5;155;59;0
Возрожд-п;60;20171013;180000;155;155;154.5;154.5;3;0
Возрожд-п;60;20171016;120000;154.5;155;154.5;154.5;91;0
Возрожд-п;60;20171016;130000;154.5;154.5;154.5;154.5;4;0
Возрожд-п;60;20171016;140000;154.5;154.5;154.5;154.5;2;0
Возрожд-п;60;20171016;150000;151.5;154.5;151;154.5;8;0
Возрожд-п;60;20171016;160000;154;156;154;156;288;0
Возрожд-п;60;20171016;170000;156;156.5;156;156;97;0
Возрожд-п;60;20171016;180000;156;156;155.5;155.5;25;0
Возрожд-п;60;20171017;110000;155.5;156.5;155.5;156;122;0
Возрожд-п;60;20171017;130000;156;157.5;156;157.5;389;0
Возрожд-п;60;20171017;140000;157.5;157.5;157.5;157.5;9;0
Возрожд-п;60;20171017;150000;157;158;157;158;8;0
Возрожд-п;60;20171017;160000;158.5;158.5;158;158;25;0
Возрожд-п;60;20171017;170000;157.5;158;157.5;157.5;11;0
Возрожд-п;60;20171017;180000;157.5;158;157.5;157.5;82;0
Возрожд-п;60;20171018;100000;158.5;159.5;158.5;159;35;0
Возрожд-п;60;20171018;110000;159;159;158.5;158.5;35;0
Возрожд-п;60;20171018;130000;155.5;158;155.5;158;10;0
Возрожд-п;60;20171018;140000;157.5;157.5;157.5;157.5;1;0
Возрожд-п;60;20171018;150000;157.5;157.5;157.5;157.5;10;0
Возрожд-п;60;20171018;160000;157.5;159;157.5;159;178;0
Возрожд-п;60;20171018;170000;159;159;159;159;4;0
Возрожд-п;60;20171018;180000;159;159;158.5;158.5;20;0
Возрожд-п;60;20171019;110000;159;159;159;159;3;0
Возрожд-п;60;20171019;120000;159;159;159;159;4;0
Возрожд-п;60;20171019;130000;158.5;159;158;159;200;0
Возрожд-п;60;20171019;140000;159;159;159;159;97;0
Возрожд-п;60;20171019;150000;159;161.5;159;160;402;0
Возрожд-п;60;20171019;160000;159.5;161.5;159.5;161;2041;0
Возрожд-п;60;20171019;170000;161.5;161.5;161;161;282;0
Возрожд-п;60;20171019;180000;161.5;161.5;160;160.5;181;0
Возрожд-п;60;20171020;110000;160.5;161;160.5;161;40;0
Возрожд-п;60;20171020;120000;162;162;156.5;161.5;251;0
Возрожд-п;60;20171020;130000;161;162.5;161;162.5;51;0
Возрожд-п;60;20171020;140000;161;161;161;161;7;0
Возрожд-п;60;20171020;150000;160.5;160.5;160.5;160.5;4;0
Возрожд-п;60;20171020;160000;161;162;161;162;14;0
Возрожд-п;60;20171020;170000;161;161.5;161;161.5;19;0
Возрожд-п;60;20171023;140000;158;161;157;161;7;0
Возрожд-п;60;20171023;150000;161;161;161;161;6;0
Возрожд-п;60;20171023;160000;160;161.5;160;161;38;0
Возрожд-п;60;20171023;180000;161;161;160.5;160.5;10;0
Возрожд-п;60;20171024;110000;160;161.5;160;160;64;0
Возрожд-п;60;20171024;160000;159.5;161.5;159.5;160;81;0
Возрожд-п;60;20171024;170000;159.5;161;159.5;161;18;0
Возрожд-п;60;20171024;180000;161.5;162;160;161;57;0
Возрожд-п;60;20171025;100000;159;159;158.5;158.5;2;0
Возрожд-п;60;20171025;120000;158.5;158.5;158.5;158.5;3;0
Возрожд-п;60;20171025;130000;160.5;160.5;160.5;160.5;1;0
Возрожд-п;60;20171025;150000;159.5;161;159.5;160.5;16;0
Возрожд-п;60;20171025;170000;160;161;160;161;56;0
Возрожд-п;60;20171025;180000;161;161;160.5;161;12;0
Возрожд-п;60;20171026;140000;159.5;159.5;159.5;159.5;2;0
Возрожд-п;60;20171026;150000;159.5;160.5;159.5;160;55;0
Возрожд-п;60;20171026;160000;160;161;160;161;1265;0
Возрожд-п;60;20171026;170000;160.5;161;160.5;161;36;0
Возрожд-п;60;20171026;180000;160.5;161;160.5;160.5;11;0
Возрожд-п;60;20171027;100000;154.5;159;153;159;29;0
Возрожд-п;60;20171027;110000;155.5;155.5;152.5;155;469;0
Возрожд-п;60;20171027;120000;155;155;155;155;101;0
Возрожд-п;60;20171027;130000;152.5;159.5;152;159;192;0
Возрожд-п;60;20171027;140000;159;159;159;159;15;0
Возрожд-п;60;20171027;170000;159;159;159;159;3;0
Возрожд-п;60;20171030;110000;158;159;158;159;100;0
Возрожд-п;60;20171030;150000;157.5;158;157.5;158;215;0
Возрожд-п;60;20171030;160000;157;158;157;157.5;104;0
Возрожд-п;60;20171030;170000;158;158;157.5;158;11;0
Возрожд-п;60;20171030;180000;157.5;158;157.5;158;2;0
Возрожд-п;60;20171031;110000;158.5;158.5;158.5;158.5;1;0
Возрожд-п;60;20171031;170000;156.5;156.5;155;155;105;0
Возрожд-п;60;20171031;180000;157.5;157.5;157.5;157.5;1;0
Возрожд-п;60;20171101;160000;154;157.5;153.5;157.5;4;0
Возрожд-п;60;20171101;170000;156;156;156;156;1;0
Возрожд-п;60;20171102;110000;155.5;156;155.5;156;3;0
Возрожд-п;60;20171102;130000;153;156;152.5;156;21;0
Возрожд-п;60;20171102;180000;156;157.5;153;157.5;19;0
Возрожд-п;60;20171103;100000;154;157.5;153;157.5;208;0
Возрожд-п;60;20171103;110000;157;157.5;157;157.5;4;0
Возрожд-п;60;20171103;120000;157.5;157.5;157.5;157.5;1;0
Возрожд-п;60;20171107;110000;156;156;156;156;1;0
Возрожд-п;60;20171107;120000;154.5;154.5;153.5;153.5;4;0
Возрожд-п;60;20171107;130000;157;160;154;157.5;29;0
Возрожд-п;60;20171107;180000;154.5;157.5;153;157.5;54;0
Возрожд-п;60;20171108;100000;156;156;156;156;94;0
Возрожд-п;60;20171108;110000;157.5;158;157.5;158;4;0
Возрожд-п;60;20171108;120000;158;158;155.5;156;65;0
Возрожд-п;60;20171108;140000;157.5;157.5;157.5;157.5;1;0
Возрожд-п;60;20171109;140000;155.5;156;155.5;156;21;0
Возрожд-п;60;20171109;150000;156;156;156;156;21;0
Возрожд-п;60;20171109;180000;153.5;155.5;153;153;14;0
Возрожд-п;60;20171110;100000;156.5;156.5;153;156.5;54;0
Возрожд-п;60;20171110;110000;156;156;154;154;19;0
Возрожд-п;60;20171110;120000;154;154;154;154;12;0
Возрожд-п;60;20171110;130000;157;157;157;157;1;0
Возрожд-п;60;20171113;100000;154;157.5;154;157.5;2;0
Возрожд-п;60;20171113;120000;156;159.5;156;159.5;70;0
Возрожд-п;60;20171114;110000;156.5;157;156.5;157;11;0
Возрожд-п;60;20171114;130000;156.5;156.5;156.5;156.5;1;0
Возрожд-п;60;20171114;160000;155.5;155.5;155.5;155.5;20;0
Возрожд-п;60;20171114;170000;157;162.5;157;162.5;893;0
Возрожд-п;60;20171114;180000;162.5;162.5;162.5;162.5;107;0
Возрожд-п;60;20171115;110000;158;158;158;158;2;0
Возрожд-п;60;20171115;120000;157;157;156;156;14;0
Возрожд-п;60;20171115;130000;156;156;156;156;1;0
Возрожд-п;60;20171115;140000;156;157;156;157;50;0
Возрожд-п;60;20171115;170000;155;156.5;155;156.5;2;0
Возрожд-п;60;20171115;180000;156.5;156.5;153.5;153.5;25;0
Возрожд-п;60;20171116;110000;157.5;160;157.5;160;5;0
Возрожд-п;60;20171116;120000;155.5;155.5;155.5;155.5;1;0
Возрожд-п;60;20171116;130000;157;159.5;153;157.5;1678;0
Возрожд-п;60;20171116;150000;155.5;155.5;155.5;155.5;3;0
Возрожд-п;60;20171116;160000;155;155;155;155;3;0
Возрожд-п;60;20171116;170000;155;155;155;155;7;0
Возрожд-п;60;20171116;180000;155;155;155;155;2;0
Возрожд-п;60;20171117;130000;154;154;154;154;8;0
Возрожд-п;60;20171117;140000;155;155;155;155;1;0
Возрожд-п;60;20171117;150000;154;155;154;155;4;0
Возрожд-п;60;20171117;160000;155;159;155;156;18;0
Возрожд-п;60;20171120;160000;155;158;155;158;6;0
Возрожд-п;60;20171121;180000;156.5;156.5;156.5;156.5;8;0
Возрожд-п;60;20171122;110000;156;156;156;156;1;0
Возрожд-п;60;20171122;120000;154.5;154.5;154.5;154.5;8;0
Возрожд-п;60;20171122;130000;155;161;153;161;540;0
Возрожд-п;60;20171122;170000;156.5;157.5;156.5;157.5;4;0
Возрожд-п;60;20171123;100000;155;155;155;155;2;0
Возрожд-п;60;20171123;120000;158.5;158.5;158.5;158.5;1;0
Возрожд-п;60;20171123;140000;158.5;159.5;158.5;159.5;20;0
Возрожд-п;60;20171123;170000;158;158;158;158;20;0
Возрожд-п;60;20171124;150000;157;159;156;159;113;0
Возрожд-п;60;20171124;160000;156;157;153;157;302;0
Возрожд-п;60;20171127;100000;154;159.5;154;159.5;121;0
Возрожд-п;60;20171127;120000;159.5;159.5;159.5;159.5;82;0
Возрожд-п;60;20171128;100000;159;161;159;159.5;79;0
Возрожд-п;60;20171128;110000;159.5;159.5;159.5;159.5;50;0
Возрожд-п;60;20171128;150000;158;158;158;158;60;0
Возрожд-п;60;20171128;180000;157.5;157.5;157.5;157.5;1;0
Возрожд-п;60;20171129;110000;159.5;159.5;159.5;159.5;1;0
Возрожд-п;60;20171129;120000;158;158;158;158;1;0
Возрожд-п;60;20171129;140000;155.5;155.5;154;154;12;0
Возрожд-п;60;20171129;160000;156;156;153;153.5;456;0
Возрожд-п;60;20171129;170000;154;155.5;153.5;155.5;107;0
Возрожд-п;60;20171129;180000;154;154.5;153;154.5;56;0
Возрожд-п;60;20171130;100000;153;153;153;153;1;0
Возрожд-п;60;20171130;110000;154;155;154;155;8;0
Возрожд-п;60;20171130;120000;155.5;157;154;154;113;0
Возрожд-п;60;20171130;130000;157;157;157;157;127;0
Возрожд-п;60;20171130;140000;157.5;159.5;154.5;154.5;306;0
Возрожд-п;60;20171130;160000;157;157;157;157;1;0
Возрожд-п;60;20171130;170000;156;156;154.5;156;10;0
Возрожд-п;60;20171201;100000;158.5;160;158.5;160;100;0
Возрожд-п;60;20171201;110000;159;160;159;160;66;0
Возрожд-п;60;20171201;160000;159;160;159;160;169;0
Возрожд-п;60;20171201;170000;160;160;160;160;31;0
Возрожд-п;60;20171201;180000;160;160;158.5;158.5;8;0
Возрожд-п;60;20171204;100000;158.5;158.5;158.5;158.5;2;0
Возрожд-п;60;20171204;110000;159;159;159;159;5;0
Возрожд-п;60;20171204;130000;159.5;159.5;159.5;159.5;1;0
Возрожд-п;60;20171204;140000;159.5;159.5;159.5;159.5;1;0
Возрожд-п;60;20171204;170000;159.5;160;159;160;8;0
Возрожд-п;60;20171204;180000;160;160;160;160;6;0
Возрожд-п;60;20171205;120000;159;159;159;159;115;0
Возрожд-п;60;20171205;150000;159;159;158.5;158.5;151;0
Возрожд-п;60;20171206;150000;158;158;158;158;1;0
Возрожд-п;60;20171206;180000;156.5;159;156.5;159;3;0
Возрожд-п;60;20171207;100000;159;160.5;159;160.5;8;0
Возрожд-п;60;20171207;140000;159;159;159;159;13;0
Возрожд-п;60;20171207;170000;159;159;159;159;1;0
Возрожд-п;60;20171208;110000;159;159;159;159;20;0
Возрожд-п;60;20171208;120000;159.5;166;159.5;160.5;1505;0
Возрожд-п;60;20171208;160000;160;160;160;160;100;0
Возрожд-п;60;20171211;110000;160;160;160;160;100;0
Возрожд-п;60;20171211;120000;161;161;161;161;40;0
Возрожд-п;60;20171211;140000;164;165;160.5;160.5;500;0
Возрожд-п;60;20171211;160000;160.5;160.5;160.5;160.5;41;0
Возрожд-п;60;20171211;170000;162;162;160;160.5;3;0
Возрожд-п;60;20171211;180000;164.5;164.5;164.5;164.5;1;0
Возрожд-п;60;20171212;160000;160;160.5;160;160.5;3;0
Возрожд-п;60;20171212;180000;161;161.5;161;161.5;2;0
Возрожд-п;60;20171213;120000;162.5;162.5;162.5;162.5;1;0
Возрожд-п;60;20171214;120000;165.5;165.5;165.5;165.5;1;0
Возрожд-п;60;20171214;160000;159;162.5;159;162.5;6;0
Возрожд-п;60;20171214;180000;160.5;160.5;160.5;160.5;1;0
Возрожд-п;60;20171215;130000;155.5;159.5;155.5;159.5;2;0
Возрожд-п;60;20171215;160000;159.5;160.5;159.5;160.5;9;0
Возрожд-п;60;20171215;170000;158.5;160;156;160;5;0
Возрожд-п;60;20171215;180000;157.5;158;157.5;158;2;0
Возрожд-п;60;20171218;130000;159.5;159.5;159;159;2;0
Возрожд-п;60;20171218;180000;155;155;154.5;154.5;5;0
Возрожд-п;60;20171219;120000;157.5;157.5;156.5;156.5;134;0
Возрожд-п;60;20171219;140000;159;159;158;158;25;0
Возрожд-п;60;20171219;160000;160.5;160.5;154;159.5;99;0
Возрожд-п;60;20171219;170000;159.5;159.5;159.5;159.5;1;0
Возрожд-п;60;20171219;180000;158.5;160.5;158.5;160;118;0
Возрожд-п;60;20171220;100000;160.5;160.5;160;160;79;0
Возрожд-п;60;20171220;110000;160;160;160;160;47;0
Возрожд-п;60;20171220;120000;160;160.5;160;160.5;101;0
Возрожд-п;60;20171220;150000;159;164.5;159;163.5;225;0
Возрожд-п;60;20171220;160000;163.5;163.5;159;161;71;0
Возрожд-п;60;20171220;170000;160.5;160.5;159.5;159.5;110;0
Возрожд-п;60;20171220;180000;160;160;160;160;12;0
Возрожд-п;60;20171221;100000;164.5;164.5;164.5;164.5;90;0
Возрожд-п;60;20171221;140000;161;161;150.5;154;327;0
Возрожд-п;60;20171221;150000;154;157.5;150;150;56;0
Возрожд-п;60;20171221;160000;150.5;157;150;157;141;0
Возрожд-п;60;20171221;170000;151.5;151.5;150;151.5;78;0
Возрожд-п;60;20171221;180000;150.5;151.5;150.5;151.5;34;0
Возрожд-п;60;20171222;130000;153.5;153.5;152;153.5;3;0
Возрожд-п;60;20171222;160000;151;153.5;151;153.5;2;0
Возрожд-п;60;20171222;170000;153.5;153.5;153.5;153.5;1;0
Возрожд-п;60;20171222;180000;151;153.5;148.5;153.5;34;0
Возрожд-п;60;20171225;110000;150;150;150;150;3;0
Возрожд-п;60;20171225;130000;150;153;150;153;3;0
Возрожд-п;60;20171225;150000;150;150;148.5;148.5;83;0
Возрожд-п;60;20171225;180000;150;150.5;150;150.5;446;0
Возрожд-п;60;20171226;150000;149.5;149.5;149.5;149.5;36;0
Возрожд-п;60;20171226;170000;150;150.5;150;150.5;14;0
Возрожд-п;60;20171226;180000;150.5;150.5;150.5;150.5;29;0
Возрожд-п;60;20171227;120000;151.5;151.5;151.5;151.5;1;0
Возрожд-п;60;20171227;180000;152;152;151.5;151.5;6;0
Возрожд-п;60;20171228;110000;154.5;155;152;155;10;0
Возрожд-п;60;20171228;150000;154.5;154.5;154.5;154.5;1;0
Возрожд-п;60;20171229;120000;151.5;151.5;151.5;151.5;1;0
Возрожд-п;60;20171229;160000;152.5;153.5;152.5;153.5;4;0
Возрожд-п;60;20171229;170000;153.5;153.5;140.5;149.5;261;0
Возрожд-п;60;20171229;180000;149;149;148;148;13;0
