<TICKER>;<PER>;<DATE>;<TIME>;<OPEN>;<HIGH>;<LOW>;<CLOSE>;<VOL>;<OPENINT>
ВХЗ-ао;60;20170124;100000;104;104;104;104;53;0
ВХЗ-ао;60;20170124;110000;104;104;103;103;129;0
ВХЗ-ао;60;20170124;120000;103;104;102.5;104;157;0
ВХЗ-ао;60;20170124;130000;103;104;103;104;26;0
ВХЗ-ао;60;20170124;140000;104;104.5;104;104;106;0
ВХЗ-ао;60;20170124;150000;103.5;104;103.5;104;32;0
ВХЗ-ао;60;20170124;160000;103.5;103.5;103.5;103.5;1;0
ВХЗ-ао;60;20170124;170000;104;104;104;104;56;0
ВХЗ-ао;60;20170124;180000;104;104;104;104;13;0
ВХЗ-ао;60;20170125;100000;104;104;102.5;103;144;0
ВХЗ-ао;60;20170125;110000;103;104;103;104;133;0
ВХЗ-ао;60;20170125;120000;103.5;103.5;103.5;103.5;1;0
ВХЗ-ао;60;20170125;130000;104;104;104;104;1;0
ВХЗ-ао;60;20170125;140000;103.5;103.5;103;103;42;0
ВХЗ-ао;60;20170125;150000;103;103;101;102.5;398;0
ВХЗ-ао;60;20170125;160000;102;103;102;102;34;0
ВХЗ-ао;60;20170125;170000;102;102.5;101.5;102;119;0
ВХЗ-ао;60;20170125;180000;102;103;102;103;39;0
ВХЗ-ао;60;20170126;090000;102.5;102.5;102.5;102.5;1;0
ВХЗ-ао;60;20170126;100000;102.5;102.5;101.5;101.5;27;0
ВХЗ-ао;60;20170126;110000;102;102;99.5;100.5;921;0
ВХЗ-ао;60;20170126;120000;100;102;100;101.5;317;0
ВХЗ-ао;60;20170126;130000;101.5;102;101.5;101.5;53;0
ВХЗ-ао;60;20170126;140000;100.5;101.5;100.5;101;86;0
ВХЗ-ао;60;20170126;150000;101;101;100;100;161;0
ВХЗ-ао;60;20170126;160000;100.5;101;100;101;77;0
ВХЗ-ао;60;20170126;170000;100.5;102.5;100;101;272;0
ВХЗ-ао;60;20170126;180000;102;102.5;102;102.5;3;0
ВХЗ-ао;60;20170127;100000;102;102;101;102;22;0
ВХЗ-ао;60;20170127;110000;102;102;101.5;101.5;4;0
ВХЗ-ао;60;20170127;120000;101.5;102;101.5;102;27;0
ВХЗ-ао;60;20170127;130000;102;102;102;102;4;0
ВХЗ-ао;60;20170127;140000;101.5;101.5;101.5;101.5;2;0
ВХЗ-ао;60;20170127;150000;102.5;102.5;102.5;102.5;4;0
ВХЗ-ао;60;20170127;160000;102;102;101.5;102;12;0
ВХЗ-ао;60;20170127;180000;102.5;103.5;102.5;102.5;25;0
ВХЗ-ао;60;20170130;090000;103;103;103;103;1;0
ВХЗ-ао;60;20170130;100000;103;103;103;103;4;0
ВХЗ-ао;60;20170130;110000;102.5;103;102.5;103;2;0
ВХЗ-ао;60;20170130;130000;102.5;102.5;102;102;8;0
ВХЗ-ао;60;20170130;140000;103;103;103;103;2;0
ВХЗ-ао;60;20170130;160000;102;102;102;102;1;0
ВХЗ-ао;60;20170130;180000;103;103;103;103;33;0
ВХЗ-ао;60;20170131;100000;103.5;103.5;103.5;103.5;3;0
ВХЗ-ао;60;20170131;110000;103.5;104;103.5;104;7;0
ВХЗ-ао;60;20170131;120000;103;103.5;103;103.5;57;0
ВХЗ-ао;60;20170131;140000;103.5;103.5;103.5;103.5;1;0
ВХЗ-ао;60;20170131;150000;104;105;104;105;300;0
ВХЗ-ао;60;20170131;160000;104.5;105;104.5;104.5;210;0
ВХЗ-ао;60;20170131;170000;104.5;104.5;104;104;22;0
ВХЗ-ао;60;20170131;180000;104;104;103;104;237;0
ВХЗ-ао;60;20170201;100000;104;104;103;103;30;0
ВХЗ-ао;60;20170201;110000;103;103;103;103;6;0
ВХЗ-ао;60;20170201;120000;103;103;103;103;10;0
ВХЗ-ао;60;20170201;130000;103.5;103.5;102.5;102.5;6;0
ВХЗ-ао;60;20170201;150000;103;103.5;103;103;16;0
ВХЗ-ао;60;20170201;160000;103;103;103;103;151;0
ВХЗ-ао;60;20170201;170000;103;103;103;103;1;0
ВХЗ-ао;60;20170201;180000;103;103.5;103;103.5;10;0
ВХЗ-ао;60;20170202;100000;104;104;104;104;14;0
ВХЗ-ао;60;20170202;110000;103;104;102.5;104;20;0
ВХЗ-ао;60;20170202;120000;103;103.5;103;103.5;6;0
ВХЗ-ао;60;20170202;140000;103;103;102.5;102.5;13;0
ВХЗ-ао;60;20170202;160000;103;103;103;103;2;0
ВХЗ-ао;60;20170202;170000;103.5;103.5;103.5;103.5;3;0
ВХЗ-ао;60;20170203;100000;104;104;103.5;103.5;6;0
ВХЗ-ао;60;20170203;110000;103;103.5;102.5;103.5;11;0
ВХЗ-ао;60;20170203;120000;103;103;102.5;102.5;10;0
ВХЗ-ао;60;20170203;130000;103;103;103;103;2;0
ВХЗ-ао;60;20170203;150000;103;103.5;103;103.5;17;0
ВХЗ-ао;60;20170203;160000;103.5;103.5;103.5;103.5;2;0
ВХЗ-ао;60;20170203;170000;103;103;103;103;5;0
ВХЗ-ао;60;20170203;180000;102.5;103.5;102;103.5;56;0
ВХЗ-ао;60;20170206;090000;103.5;103.5;103.5;103.5;2;0
ВХЗ-ао;60;20170206;100000;103;103;102;102;4;0
ВХЗ-ао;60;20170206;110000;103;104;102.5;103;217;0
ВХЗ-ао;60;20170206;120000;103.5;103.5;103.5;103.5;1;0
ВХЗ-ао;60;20170206;150000;103;103;103;103;1;0
ВХЗ-ао;60;20170206;160000;103;103;102.5;102.5;54;0
ВХЗ-ао;60;20170206;170000;102.5;103;102.5;103;16;0
ВХЗ-ао;60;20170206;180000;102.5;103;102;103;11;0
ВХЗ-ао;60;20170207;100000;103.5;104;103;103;37;0
ВХЗ-ао;60;20170207;130000;103;103;103;103;1;0
ВХЗ-ао;60;20170207;140000;103;103;103;103;3;0
ВХЗ-ао;60;20170207;150000;103;103;103;103;10;0
ВХЗ-ао;60;20170207;160000;103;103;103;103;19;0
ВХЗ-ао;60;20170207;170000;102.5;103;102.5;103;13;0
ВХЗ-ао;60;20170207;180000;103;103.5;102.5;103;39;0
ВХЗ-ао;60;20170208;100000;103;103;101;103;28;0
ВХЗ-ао;60;20170208;110000;102.5;102.5;102.5;102.5;9;0
ВХЗ-ао;60;20170208;120000;102.5;102.5;102.5;102.5;1;0
ВХЗ-ао;60;20170208;140000;103;104;101.5;101.5;86;0
ВХЗ-ао;60;20170208;150000;102;103;102;102;3;0
ВХЗ-ао;60;20170208;160000;103;103;103;103;1;0
ВХЗ-ао;60;20170208;180000;102.5;103;102.5;103;2;0
ВХЗ-ао;60;20170209;100000;102;102;101.5;102;120;0
ВХЗ-ао;60;20170209;110000;102;102;101.5;102;71;0
ВХЗ-ао;60;20170209;120000;101.5;102;101.5;102;20;0
ВХЗ-ао;60;20170209;130000;101.5;102;101.5;102;19;0
ВХЗ-ао;60;20170209;140000;101.5;102;101.5;102;4;0
ВХЗ-ао;60;20170209;150000;102;102;102;102;28;0
ВХЗ-ао;60;20170209;160000;102;102;102;102;3;0
ВХЗ-ао;60;20170209;170000;102;102;101.5;101.5;21;0
ВХЗ-ао;60;20170209;180000;102;102;102;102;29;0
ВХЗ-ао;60;20170210;100000;101.5;102.5;101;101.5;164;0
ВХЗ-ао;60;20170210;110000;101.5;101.5;100.5;101;65;0
ВХЗ-ао;60;20170210;120000;101;101;101;101;13;0
ВХЗ-ао;60;20170210;130000;100.5;101;100;101;261;0
ВХЗ-ао;60;20170210;140000;101;101;101;101;2;0
ВХЗ-ао;60;20170210;150000;100.5;100.5;99.5;99.5;111;0
ВХЗ-ао;60;20170210;160000;99.5;100.5;98;99;383;0
ВХЗ-ао;60;20170210;170000;99;99.5;99;99;29;0
ВХЗ-ао;60;20170210;180000;99;99.5;99;99.5;83;0
ВХЗ-ао;60;20170213;100000;100;100;99;99;12;0
ВХЗ-ао;60;20170213;120000;99;99;99;99;6;0
ВХЗ-ао;60;20170213;130000;99.5;99.5;99.5;99.5;2;0
ВХЗ-ао;60;20170213;140000;99;99.5;98.5;98.5;39;0
ВХЗ-ао;60;20170213;150000;99.5;99.5;99.5;99.5;1;0
ВХЗ-ао;60;20170213;160000;99.5;100;99;99.5;39;0
ВХЗ-ао;60;20170213;170000;99.5;99.5;99.5;99.5;5;0
ВХЗ-ао;60;20170213;180000;99.5;99.5;99.5;99.5;1;0
ВХЗ-ао;60;20170214;100000;99.5;100;99.5;100;5;0
ВХЗ-ао;60;20170214;110000;100;100.5;100;100;10;0
ВХЗ-ао;60;20170214;130000;100.5;100.5;100.5;100.5;3;0
ВХЗ-ао;60;20170214;160000;100;100;100;100;5;0
ВХЗ-ао;60;20170214;170000;100;100;99;99;33;0
ВХЗ-ао;60;20170214;180000;99.5;99.5;99;99;13;0
ВХЗ-ао;60;20170215;100000;100;100;100;100;1;0
ВХЗ-ао;60;20170215;110000;99.5;99.5;98.5;99.5;16;0
ВХЗ-ао;60;20170215;120000;99.5;100;99.5;99.5;13;0
ВХЗ-ао;60;20170215;140000;99;99;98;98;58;0
ВХЗ-ао;60;20170215;150000;99;99;99;99;9;0
ВХЗ-ао;60;20170215;160000;99;102;99;101.5;189;0
ВХЗ-ао;60;20170215;170000;101;101;100.5;100.5;2;0
ВХЗ-ао;60;20170215;180000;100.5;100.5;100;100;6;0
ВХЗ-ао;60;20170216;100000;100.5;100.5;100;100;4;0
ВХЗ-ао;60;20170216;110000;101;101.5;101;101.5;5;0
ВХЗ-ао;60;20170216;120000;102;107.5;102;105;491;0
ВХЗ-ао;60;20170216;130000;104;104;103;104;6;0
ВХЗ-ао;60;20170216;140000;103;103;100;101.5;97;0
ВХЗ-ао;60;20170216;150000;101.5;102.5;101.5;102.5;5;0
ВХЗ-ао;60;20170216;170000;102;102.5;102;102.5;2;0
ВХЗ-ао;60;20170216;180000;101.5;101.5;101.5;101.5;31;0
ВХЗ-ао;60;20170217;100000;101.5;101.5;101.5;101.5;2;0
ВХЗ-ао;60;20170217;110000;102.5;102.5;101.5;101.5;3;0
ВХЗ-ао;60;20170217;130000;102;102;102;102;1;0
ВХЗ-ао;60;20170217;140000;101.5;101.5;101.5;101.5;2;0
ВХЗ-ао;60;20170217;150000;102;102.5;102;102.5;2;0
ВХЗ-ао;60;20170217;160000;101.5;101.5;100;101.5;117;0
ВХЗ-ао;60;20170217;170000;102;102;102;102;2;0
ВХЗ-ао;60;20170217;180000;102;103;102;103;20;0
ВХЗ-ао;60;20170220;100000;102;102.5;101.5;102.5;19;0
ВХЗ-ао;60;20170220;110000;101.5;101.5;99;101;194;0
ВХЗ-ао;60;20170220;130000;100;100;100;100;1;0
ВХЗ-ао;60;20170220;140000;100.5;100.5;100.5;100.5;50;0
ВХЗ-ао;60;20170220;150000;101;101;101;101;5;0
ВХЗ-ао;60;20170220;170000;100.5;100.5;100.5;100.5;4;0
ВХЗ-ао;60;20170220;180000;101;101.5;101;101.5;2;0
ВХЗ-ао;60;20170221;110000;100.5;100.5;100.5;100.5;2;0
ВХЗ-ао;60;20170221;120000;100;100;100;100;17;0
ВХЗ-ао;60;20170221;130000;100;100;100;100;12;0
ВХЗ-ао;60;20170221;140000;100;100;100;100;5;0
ВХЗ-ао;60;20170221;160000;100.5;100.5;100.5;100.5;7;0
ВХЗ-ао;60;20170221;180000;100.5;100.5;99;100;40;0
ВХЗ-ао;60;20170222;100000;100;100;100;100;1;0
ВХЗ-ао;60;20170222;110000;99.5;99.5;99.5;99.5;1;0
ВХЗ-ао;60;20170222;130000;99.5;99.5;99.5;99.5;1;0
ВХЗ-ао;60;20170222;150000;99.5;99.5;98;99;115;0
ВХЗ-ао;60;20170222;160000;98.5;98.5;96;96;478;0
ВХЗ-ао;60;20170222;170000;96;97;96;96;43;0
ВХЗ-ао;60;20170222;180000;96;97;96;97;144;0
ВХЗ-ао;60;20170224;100000;98;98;96.5;96.5;9;0
ВХЗ-ао;60;20170224;110000;97;97.5;96;96;39;0
ВХЗ-ао;60;20170224;120000;96;97;96;97;24;0
ВХЗ-ао;60;20170224;130000;96.5;96.5;96.5;96.5;1;0
ВХЗ-ао;60;20170224;140000;96.5;96.5;96.5;96.5;3;0
ВХЗ-ао;60;20170224;160000;96.5;96.5;96.5;96.5;1;0
ВХЗ-ао;60;20170224;170000;96.5;96.5;96.5;96.5;2;0
ВХЗ-ао;60;20170227;090000;98.5;98.5;98.5;98.5;1;0
ВХЗ-ао;60;20170227;100000;98;98;96;96.5;69;0
ВХЗ-ао;60;20170227;110000;96.5;96.5;96;96;6;0
ВХЗ-ао;60;20170227;120000;97;97;96;96;4;0
ВХЗ-ао;60;20170227;130000;96.5;96.5;96;96;3;0
ВХЗ-ао;60;20170227;140000;96.5;96.5;95.5;95.5;25;0
ВХЗ-ао;60;20170227;150000;95.5;96;95;96;10;0
ВХЗ-ао;60;20170227;160000;96;96.5;95.5;95.5;7;0
ВХЗ-ао;60;20170227;170000;96.5;96.5;95;95;106;0
ВХЗ-ао;60;20170227;180000;95.5;95.5;93.5;94;225;0
ВХЗ-ао;60;20170228;100000;95.5;95.5;94;94;20;0
ВХЗ-ао;60;20170228;110000;94.5;95;93;95;33;0
ВХЗ-ао;60;20170228;130000;94.5;94.5;94.5;94.5;1;0
ВХЗ-ао;60;20170228;140000;94;95;91;95;56;0
ВХЗ-ао;60;20170228;150000;94;94;94;94;146;0
ВХЗ-ао;60;20170228;160000;94.5;94.5;93.5;94;11;0
ВХЗ-ао;60;20170228;170000;94.5;95.5;93.5;93.5;23;0
ВХЗ-ао;60;20170228;180000;93.5;96;91.5;96;78;0
ВХЗ-ао;60;20170301;100000;96;96;96;96;1;0
ВХЗ-ао;60;20170301;120000;94.5;96;94;96;8;0
ВХЗ-ао;60;20170301;130000;94.5;94.5;94.5;94.5;1;0
ВХЗ-ао;60;20170301;140000;94;96;93.5;96;6;0
ВХЗ-ао;60;20170301;150000;95.5;95.5;95.5;95.5;2;0
ВХЗ-ао;60;20170301;160000;95;95.5;95;95.5;3;0
ВХЗ-ао;60;20170301;170000;95;95;95;95;1;0
ВХЗ-ао;60;20170301;180000;95.5;96;95.5;96;4;0
ВХЗ-ао;60;20170302;100000;96;96;95;96;4;0
ВХЗ-ао;60;20170302;120000;95.5;95.5;95.5;95.5;1;0
ВХЗ-ао;60;20170302;140000;95;95;95;95;2;0
ВХЗ-ао;60;20170302;150000;95;95;95;95;2;0
ВХЗ-ао;60;20170302;180000;94.5;95;94.5;95;4;0
ВХЗ-ао;60;20170303;100000;94;95.5;93.5;95;7;0
ВХЗ-ао;60;20170303;110000;94.5;94.5;94.5;94.5;3;0
ВХЗ-ао;60;20170303;120000;94;94;94;94;1;0
ВХЗ-ао;60;20170303;130000;94.5;94.5;94.5;94.5;1;0
ВХЗ-ао;60;20170303;150000;94;95;94;95;3;0
ВХЗ-ао;60;20170303;160000;93.5;94.5;93;94.5;8;0
ВХЗ-ао;60;20170303;170000;94.5;95;94.5;95;18;0
ВХЗ-ао;60;20170303;180000;94.5;95.5;93.5;95.5;5;0
ВХЗ-ао;60;20170306;100000;93.5;95;93.5;94.5;6;0
ВХЗ-ао;60;20170306;110000;94.5;94.5;94.5;94.5;1;0
ВХЗ-ао;60;20170306;130000;95;95;95;95;2;0
ВХЗ-ао;60;20170306;150000;94.5;95.5;94.5;95.5;7;0
ВХЗ-ао;60;20170306;160000;95;95;95;95;4;0
ВХЗ-ао;60;20170306;170000;94.5;95.5;94.5;95.5;5;0
ВХЗ-ао;60;20170307;110000;95.5;96;95.5;96;10;0
ВХЗ-ао;60;20170307;130000;95.5;95.5;95.5;95.5;3;0
ВХЗ-ао;60;20170307;140000;95.5;96;95.5;96;24;0
ВХЗ-ао;60;20170307;150000;95.5;95.5;94;95;10;0
ВХЗ-ао;60;20170307;160000;95;95.5;95;95.5;4;0
ВХЗ-ао;60;20170307;180000;96;96;96;96;3;0
ВХЗ-ао;60;20170309;120000;94.5;94.5;93;93;8;0
ВХЗ-ао;60;20170309;130000;93.5;93.5;90;93.5;113;0
ВХЗ-ао;60;20170309;140000;93;93;90.5;90.5;20;0
ВХЗ-ао;60;20170309;150000;93.5;93.5;92;92;11;0
ВХЗ-ао;60;20170309;160000;92;94.5;92;92;37;0
ВХЗ-ао;60;20170309;170000;93;94;89;89;174;0
ВХЗ-ао;60;20170309;180000;89.5;89.5;89;89.5;64;0
ВХЗ-ао;60;20170310;100000;90.5;91;89;91;25;0
ВХЗ-ао;60;20170310;130000;91;91;91;91;1;0
ВХЗ-ао;60;20170310;150000;91;91;91;91;1;0
ВХЗ-ао;60;20170310;180000;91;91.5;89;91.5;43;0
ВХЗ-ао;60;20170313;100000;91.5;91.5;91.5;91.5;1;0
ВХЗ-ао;60;20170313;110000;91;91;91;91;3;0
ВХЗ-ао;60;20170313;120000;91;91;91;91;2;0
ВХЗ-ао;60;20170313;140000;92;92;92;92;5;0
ВХЗ-ао;60;20170313;150000;92.5;92.5;92.5;92.5;1;0
ВХЗ-ао;60;20170313;160000;93;93;93;93;1;0
ВХЗ-ао;60;20170313;170000;92;92;92;92;2;0
ВХЗ-ао;60;20170313;180000;92;92.5;92;92.5;17;0
ВХЗ-ао;60;20170314;100000;94;106.5;88.5;92.5;262;0
ВХЗ-ао;60;20170314;110000;92.5;92.5;92;92;4;0
ВХЗ-ао;60;20170314;120000;91.5;92;91.5;92;25;0
ВХЗ-ао;60;20170314;130000;91;91;91;91;12;0
ВХЗ-ао;60;20170314;140000;91;91;91;91;4;0
ВХЗ-ао;60;20170314;150000;92;92;92;92;1;0
ВХЗ-ао;60;20170314;160000;91.5;91.5;91.5;91.5;3;0
ВХЗ-ао;60;20170314;170000;92;92;90;91.5;21;0
ВХЗ-ао;60;20170314;180000;90.5;90.5;90;90;15;0
ВХЗ-ао;60;20170315;100000;92.5;92.5;92.5;92.5;1;0
ВХЗ-ао;60;20170315;120000;92;92;92;92;33;0
ВХЗ-ао;60;20170315;130000;92;92;92;92;2;0
ВХЗ-ао;60;20170315;150000;92;92.5;92;92;3;0
ВХЗ-ао;60;20170315;160000;91.5;92.5;91.5;92;6;0
ВХЗ-ао;60;20170316;100000;94;95;94;95;6;0
ВХЗ-ао;60;20170316;110000;93.5;93.5;93;93;6;0
ВХЗ-ао;60;20170316;120000;93;93;92.5;92.5;14;0
ВХЗ-ао;60;20170316;130000;91.5;92.5;91.5;92.5;3;0
ВХЗ-ао;60;20170316;160000;92.5;92.5;91.5;91.5;4;0
ВХЗ-ао;60;20170316;170000;91.5;92;91;92;23;0
ВХЗ-ао;60;20170316;180000;91;92.5;91;92.5;3;0
ВХЗ-ао;60;20170317;100000;93.5;94;93;93;4;0
ВХЗ-ао;60;20170317;110000;93.5;93.5;93.5;93.5;2;0
ВХЗ-ао;60;20170317;120000;92.5;94;91;94;8;0
ВХЗ-ао;60;20170317;140000;93.5;94;93.5;93.5;4;0
ВХЗ-ао;60;20170317;150000;93;93;93;93;1;0
ВХЗ-ао;60;20170317;160000;93.5;93.5;93.5;93.5;1;0
ВХЗ-ао;60;20170317;180000;93.5;94;93.5;94;4;0
ВХЗ-ао;60;20170320;100000;93.5;93.5;93.5;93.5;1;0
ВХЗ-ао;60;20170320;110000;94;94;93.5;94;6;0
ВХЗ-ао;60;20170320;120000;94.5;94.5;93.5;94.5;6;0
ВХЗ-ао;60;20170320;130000;95;95;94.5;94.5;5;0
ВХЗ-ао;60;20170320;140000;94;94;94;94;1;0
ВХЗ-ао;60;20170320;150000;93.5;93.5;93.5;93.5;1;0
ВХЗ-ао;60;20170320;180000;95;95;95;95;1;0
ВХЗ-ао;60;20170321;100000;95;95;94;94;2;0
ВХЗ-ао;60;20170321;110000;94;94;94;94;1;0
ВХЗ-ао;60;20170321;130000;94;94;93;93;9;0
ВХЗ-ао;60;20170321;170000;94;94;94;94;1;0
ВХЗ-ао;60;20170322;100000;94.5;94.5;93;94;3;0
ВХЗ-ао;60;20170322;110000;94;94;94;94;10;0
ВХЗ-ао;60;20170322;130000;93;94;93;94;6;0
ВХЗ-ао;60;20170322;150000;93;93;92.5;92.5;4;0
ВХЗ-ао;60;20170322;160000;93.5;93.5;93.5;93.5;1;0
ВХЗ-ао;60;20170322;180000;93;93;93;93;2;0
ВХЗ-ао;60;20170323;100000;94;94;93.5;93.5;2;0
ВХЗ-ао;60;20170323;120000;94;94;94;94;1;0
ВХЗ-ао;60;20170323;160000;94;94;94;94;1;0
ВХЗ-ао;60;20170323;180000;93.5;93.5;93.5;93.5;1;0
ВХЗ-ао;60;20170324;100000;93;93;93;93;1;0
ВХЗ-ао;60;20170324;110000;93;93.5;92.5;93.5;49;0
ВХЗ-ао;60;20170324;120000;93.5;93.5;93.5;93.5;2;0
ВХЗ-ао;60;20170324;140000;93.5;93.5;93.5;93.5;12;0
ВХЗ-ао;60;20170324;160000;94;95;94;95;40;0
ВХЗ-ао;60;20170327;100000;94.5;94.5;94.5;94.5;2;0
ВХЗ-ао;60;20170327;120000;93.5;94.5;93.5;94.5;3;0
ВХЗ-ао;60;20170327;130000;94;94;92;92;21;0
ВХЗ-ао;60;20170327;140000;93.5;93.5;93.5;93.5;1;0
ВХЗ-ао;60;20170327;150000;93.5;93.5;93.5;93.5;1;0
ВХЗ-ао;60;20170327;180000;94;94;94;94;5;0
ВХЗ-ао;60;20170328;180000;93.5;94.5;92.5;94;14;0
ВХЗ-ао;60;20170329;100000;93;94.5;92.5;93;10;0
ВХЗ-ао;60;20170329;120000;94;94;94;94;1;0
ВХЗ-ао;60;20170329;170000;93;93.5;93;93.5;2;0
ВХЗ-ао;60;20170330;100000;93.5;93.5;93.5;93.5;6;0
ВХЗ-ао;60;20170330;110000;94;95;94;95;36;0
ВХЗ-ао;60;20170330;140000;94.5;95;94.5;95;3;0
ВХЗ-ао;60;20170330;160000;95;95;94.5;94.5;46;0
ВХЗ-ао;60;20170330;180000;94.5;94.5;94.5;94.5;1;0
ВХЗ-ао;60;20170331;110000;95;95;95;95;4;0
ВХЗ-ао;60;20170331;140000;93.5;93.5;93.5;93.5;1;0
ВХЗ-ао;60;20170331;150000;94;94;94;94;1;0
ВХЗ-ао;60;20170331;160000;93.5;93.5;93.5;93.5;4;0
ВХЗ-ао;60;20170331;180000;93.5;94;92.5;94;21;0
ВХЗ-ао;60;20170403;100000;92.5;92.5;92;92;25;0
ВХЗ-ао;60;20170403;110000;93;93;93;93;2;0
ВХЗ-ао;60;20170403;120000;93;93;93;93;2;0
ВХЗ-ао;60;20170403;150000;92.5;92.5;92.5;92.5;1;0
ВХЗ-ао;60;20170403;160000;93;93;93;93;2;0
ВХЗ-ао;60;20170403;170000;92.5;92.5;91.5;91.5;15;0
ВХЗ-ао;60;20170403;180000;92.5;93;92.5;93;5;0
ВХЗ-ао;60;20170404;130000;92.5;92.5;92;92;8;0
ВХЗ-ао;60;20170404;140000;93;93;93;93;1;0
ВХЗ-ао;60;20170404;150000;93;93;92.5;92.5;18;0
ВХЗ-ао;60;20170404;160000;93;93;93;93;16;0
ВХЗ-ао;60;20170405;100000;93.5;94;93.5;93.5;14;0
ВХЗ-ао;60;20170405;130000;93.5;93.5;93.5;93.5;1;0
ВХЗ-ао;60;20170405;140000;93.5;93.5;93.5;93.5;1;0
ВХЗ-ао;60;20170405;160000;94;94;93.5;93.5;17;0
ВХЗ-ао;60;20170405;170000;94;94;93.5;93.5;6;0
ВХЗ-ао;60;20170405;180000;93.5;93.5;93;93;7;0
ВХЗ-ао;60;20170406;100000;93.5;93.5;93.5;93.5;1;0
ВХЗ-ао;60;20170406;110000;93.5;94;93.5;94;10;0
ВХЗ-ао;60;20170406;120000;94;94;94;94;8;0
ВХЗ-ао;60;20170407;090000;94;94;94;94;3;0
ВХЗ-ао;60;20170407;100000;93;93.5;92;92;218;0
ВХЗ-ао;60;20170407;110000;92;92;92;92;1;0
ВХЗ-ао;60;20170407;120000;91.5;91.5;91;91;54;0
ВХЗ-ао;60;20170407;130000;91;93;91;93;44;0
ВХЗ-ао;60;20170407;170000;92.5;93;92.5;93;22;0
ВХЗ-ао;60;20170407;180000;92.5;93.5;92.5;93;107;0
ВХЗ-ао;60;20170410;100000;92;97;86;91;496;0
ВХЗ-ао;60;20170410;110000;91;91;90;90;30;0
ВХЗ-ао;60;20170410;120000;90;90;86;87;390;0
ВХЗ-ао;60;20170410;130000;87;87.5;87;87;32;0
ВХЗ-ао;60;20170410;140000;88;88.5;88;88.5;21;0
ВХЗ-ао;60;20170410;150000;88.5;88.5;88;88.5;15;0
ВХЗ-ао;60;20170410;160000;88.5;88.5;88;88;42;0
ВХЗ-ао;60;20170410;170000;88;88.5;88;88;19;0
ВХЗ-ао;60;20170410;180000;88;90.5;88;90.5;5;0
ВХЗ-ао;60;20170411;090000;89;89;89;89;1;0
ВХЗ-ао;60;20170411;100000;88.5;89;88.5;88.5;16;0
ВХЗ-ао;60;20170411;110000;89;89;89;89;5;0
ВХЗ-ао;60;20170411;150000;89;89;88;88;19;0
ВХЗ-ао;60;20170411;160000;89;90.5;88.5;90;581;0
ВХЗ-ао;60;20170411;170000;90.5;90.5;90.5;90.5;3;0
ВХЗ-ао;60;20170412;100000;91;91;91;91;1;0
ВХЗ-ао;60;20170412;110000;90.5;90.5;90;90;55;0
ВХЗ-ао;60;20170412;120000;90.5;91;90.5;91;10;0
ВХЗ-ао;60;20170412;140000;90.5;90.5;90;90;17;0
ВХЗ-ао;60;20170412;150000;90;90.5;90;90;93;0
ВХЗ-ао;60;20170412;180000;90;90;89;89;10;0
ВХЗ-ао;60;20170413;100000;88.5;88.5;88.5;88.5;1;0
ВХЗ-ао;60;20170413;110000;90.5;90.5;88;88;13;0
ВХЗ-ао;60;20170413;140000;90;90;90;90;2;0
ВХЗ-ао;60;20170413;150000;89;89;89;89;8;0
ВХЗ-ао;60;20170413;160000;89.5;90;89;89.5;9;0
ВХЗ-ао;60;20170413;180000;90;90;89;89;2;0
ВХЗ-ао;60;20170414;100000;88.5;88.5;88.5;88.5;2;0
ВХЗ-ао;60;20170414;150000;88.5;88.5;88.5;88.5;3;0
ВХЗ-ао;60;20170414;180000;88.5;88.5;88.5;88.5;1;0
ВХЗ-ао;60;20170417;100000;90.5;90.5;90.5;90.5;8;0
ВХЗ-ао;60;20170417;140000;90;90;90;90;1;0
ВХЗ-ао;60;20170417;170000;90;90;89.5;89.5;6;0
ВХЗ-ао;60;20170417;180000;89;90;89;90;7;0
ВХЗ-ао;60;20170418;100000;88.5;88.5;88;88;146;0
ВХЗ-ао;60;20170418;110000;88;89.5;86.5;87;135;0
ВХЗ-ао;60;20170418;120000;86.5;87.5;85;85;318;0
ВХЗ-ао;60;20170418;130000;85;88;85;86;230;0
ВХЗ-ао;60;20170418;140000;85.5;87;85;87;138;0
ВХЗ-ао;60;20170418;150000;85.5;87;85.5;87;11;0
ВХЗ-ао;60;20170418;160000;85.5;86.5;85;86.5;3;0
ВХЗ-ао;60;20170418;170000;86.5;86.5;86;86;12;0
ВХЗ-ао;60;20170418;180000;86.5;87;86.5;87;81;0
ВХЗ-ао;60;20170419;100000;86;86;85.5;85.5;33;0
ВХЗ-ао;60;20170419;120000;87;87;87;87;1;0
ВХЗ-ао;60;20170419;130000;86.5;86.5;86.5;86.5;1;0
ВХЗ-ао;60;20170419;150000;87;87;87;87;5;0
ВХЗ-ао;60;20170419;180000;87;87;87;87;1;0
ВХЗ-ао;60;20170420;120000;87;87;87;87;54;0
ВХЗ-ао;60;20170420;130000;87.5;87.5;87.5;87.5;2;0
ВХЗ-ао;60;20170420;160000;87.5;87.5;87.5;87.5;4;0
ВХЗ-ао;60;20170420;180000;87;87;87;87;9;0
ВХЗ-ао;60;20170421;120000;88;88;88;88;1;0
ВХЗ-ао;60;20170421;140000;87.5;87.5;86.5;86.5;7;0
ВХЗ-ао;60;20170421;180000;86.5;86.5;86.5;86.5;4;0
ВХЗ-ао;60;20170424;100000;87.5;87.5;87.5;87.5;1;0
ВХЗ-ао;60;20170424;110000;87.5;87.5;87.5;87.5;5;0
ВХЗ-ао;60;20170424;130000;87;87;87;87;4;0
ВХЗ-ао;60;20170424;140000;87.5;87.5;87;87;11;0
ВХЗ-ао;60;20170424;160000;88;88;87;87;10;0
ВХЗ-ао;60;20170424;180000;86.5;86.5;86.5;86.5;1;0
ВХЗ-ао;60;20170425;090000;88;88;88;88;1;0
ВХЗ-ао;60;20170425;100000;90;91;88.5;91;118;0
ВХЗ-ао;60;20170425;110000;91.5;92.5;90;90.5;139;0
ВХЗ-ао;60;20170425;120000;92;92.5;90.5;91;42;0
ВХЗ-ао;60;20170425;130000;91;91;91;91;3;0
ВХЗ-ао;60;20170425;140000;92;92;90.5;90.5;15;0
ВХЗ-ао;60;20170425;150000;91;92;91;91.5;11;0
ВХЗ-ао;60;20170425;160000;92;92;91;91;13;0
ВХЗ-ао;60;20170425;170000;91.5;91.5;90.5;91.5;4;0
ВХЗ-ао;60;20170425;180000;92;92.5;91.5;92.5;37;0
ВХЗ-ао;60;20170426;100000;93;94;92.5;92.5;519;0
ВХЗ-ао;60;20170426;110000;93;94.5;93;94;50;0
ВХЗ-ао;60;20170426;120000;94;94;94;94;5;0
ВХЗ-ао;60;20170426;130000;94;94.5;93;93;31;0
ВХЗ-ао;60;20170426;140000;93;93;92.5;93;8;0
ВХЗ-ао;60;20170426;150000;93.5;93.5;92.5;92.5;7;0
ВХЗ-ао;60;20170426;170000;93;93.5;92.5;92.5;16;0
ВХЗ-ао;60;20170426;180000;92.5;93.5;92.5;93.5;7;0
ВХЗ-ао;60;20170427;100000;94;94.5;94;94;59;0
ВХЗ-ао;60;20170427;110000;93;93.5;93;93.5;11;0
ВХЗ-ао;60;20170427;120000;94;94;94;94;21;0
ВХЗ-ао;60;20170427;130000;94.5;94.5;94.5;94.5;5;0
ВХЗ-ао;60;20170427;160000;94.5;94.5;94.5;94.5;6;0
ВХЗ-ао;60;20170427;170000;94.5;94.5;94;94;9;0
ВХЗ-ао;60;20170427;180000;93.5;93.5;93.5;93.5;35;0
ВХЗ-ао;60;20170428;110000;93;93;93;93;1;0
ВХЗ-ао;60;20170428;120000;93;96;93;96;64;0
ВХЗ-ао;60;20170428;130000;95.5;95.5;95;95;281;0
ВХЗ-ао;60;20170428;150000;94.5;95.5;94.5;95.5;12;0
ВХЗ-ао;60;20170428;160000;95;95;95;95;1;0
ВХЗ-ао;60;20170502;100000;95.5;97;95.5;97;11;0
ВХЗ-ао;60;20170502;110000;96;96;96;96;1;0
ВХЗ-ао;60;20170502;120000;97;97.5;97;97.5;15;0
ВХЗ-ао;60;20170502;130000;98;98.5;98;98.5;118;0
ВХЗ-ао;60;20170502;140000;98.5;99;98;98;42;0
ВХЗ-ао;60;20170502;150000;99;99;98.5;98.5;10;0
ВХЗ-ао;60;20170502;160000;99;99;98.5;98.5;14;0
ВХЗ-ао;60;20170502;170000;99;99.5;99;99;11;0
ВХЗ-ао;60;20170502;180000;98.5;98.5;98;98.5;33;0
ВХЗ-ао;60;20170503;100000;97.5;97.5;96;96;49;0
ВХЗ-ао;60;20170503;110000;96.5;97.5;96.5;97.5;13;0
ВХЗ-ао;60;20170503;120000;98;98;97.5;97.5;2;0
ВХЗ-ао;60;20170503;130000;97.5;97.5;97;97;10;0
ВХЗ-ао;60;20170503;140000;96.5;96.5;95;96.5;35;0
ВХЗ-ао;60;20170503;150000;96.5;97.5;96.5;97.5;6;0
ВХЗ-ао;60;20170503;160000;97;97.5;96;96;24;0
ВХЗ-ао;60;20170503;170000;97.5;98.5;97.5;97.5;16;0
ВХЗ-ао;60;20170503;180000;96;96;95;95;61;0
ВХЗ-ао;60;20170504;100000;95.5;99;95.5;97.5;54;0
ВХЗ-ао;60;20170504;110000;97;97;97;97;1;0
ВХЗ-ао;60;20170504;120000;96.5;96.5;96;96;56;0
ВХЗ-ао;60;20170504;150000;97;97.5;97;97.5;18;0
ВХЗ-ао;60;20170504;170000;97;97;97;97;7;0
ВХЗ-ао;60;20170504;180000;96;96.5;96;96.5;4;0
ВХЗ-ао;60;20170505;100000;97;97;95;95;19;0
ВХЗ-ао;60;20170505;110000;95.5;95.5;95.5;95.5;1;0
ВХЗ-ао;60;20170505;120000;95;95;95;95;10;0
ВХЗ-ао;60;20170505;130000;96;96;96;96;2;0
ВХЗ-ао;60;20170505;140000;95.5;95.5;95.5;95.5;1;0
ВХЗ-ао;60;20170505;150000;96.5;96.5;96.5;96.5;3;0
ВХЗ-ао;60;20170505;160000;96.5;96.5;96.5;96.5;5;0
ВХЗ-ао;60;20170505;180000;96.5;96.5;96;96;13;0
ВХЗ-ао;60;20170510;100000;95.5;96.5;95.5;96.5;2;0
ВХЗ-ао;60;20170510;110000;96.5;97;96.5;97;3;0
ВХЗ-ао;60;20170510;130000;97;97;97;97;2;0
ВХЗ-ао;60;20170510;140000;97.5;98;97.5;98;16;0
ВХЗ-ао;60;20170510;150000;98.5;98.5;98.5;98.5;1;0
ВХЗ-ао;60;20170510;160000;98.5;98.5;97;97;291;0
ВХЗ-ао;60;20170510;170000;97.5;97.5;97.5;97.5;1;0
ВХЗ-ао;60;20170510;180000;97.5;97.5;97.5;97.5;13;0
ВХЗ-ао;60;20170511;100000;98;98;98;98;12;0
ВХЗ-ао;60;20170511;110000;97;97;96.5;97;78;0
ВХЗ-ао;60;20170511;120000;97;97;97;97;47;0
ВХЗ-ао;60;20170511;130000;97;98.5;97;98.5;15;0
ВХЗ-ао;60;20170511;140000;98.5;98.5;97;97.5;87;0
ВХЗ-ао;60;20170511;150000;97;97;96.5;96.5;122;0
ВХЗ-ао;60;20170511;160000;97;97;96.5;96.5;800;0
ВХЗ-ао;60;20170511;170000;98;98;98;98;2;0
ВХЗ-ао;60;20170512;110000;98;98.5;98;98.5;50;0
ВХЗ-ао;60;20170512;120000;98;98.5;98;98.5;29;0
ВХЗ-ао;60;20170512;130000;98.5;99;98.5;98.5;5;0
ВХЗ-ао;60;20170512;140000;98;98.5;98;98.5;34;0
ВХЗ-ао;60;20170512;150000;98;98.5;98;98;84;0
ВХЗ-ао;60;20170512;160000;98.5;98.5;98.5;98.5;4;0
ВХЗ-ао;60;20170512;170000;98;99;98;99;22;0
ВХЗ-ао;60;20170515;100000;99;100;99;100;12;0
ВХЗ-ао;60;20170515;110000;100.5;101.5;100.5;100.5;10;0
ВХЗ-ао;60;20170515;120000;100.5;100.5;96.5;96.5;106;0
ВХЗ-ао;60;20170515;130000;96.5;96.5;96.5;96.5;442;0
ВХЗ-ао;60;20170515;140000;98.5;98.5;98.5;98.5;2;0
ВХЗ-ао;60;20170515;150000;98.5;98.5;98;98;2;0
ВХЗ-ао;60;20170515;180000;98;98;98;98;3;0
ВХЗ-ао;60;20170516;100000;99;99;99;99;4;0
ВХЗ-ао;60;20170516;110000;99;99;99;99;7;0
ВХЗ-ао;60;20170516;120000;99.5;99.5;99;99;3;0
ВХЗ-ао;60;20170516;130000;98.5;98.5;98.5;98.5;1;0
ВХЗ-ао;60;20170516;140000;97.5;97.5;96;96;30;0
ВХЗ-ао;60;20170516;150000;96;98;96;98;40;0
ВХЗ-ао;60;20170517;130000;96.5;98.5;96.5;98.5;16;0
ВХЗ-ао;60;20170517;140000;98.5;98.5;98;98;5;0
ВХЗ-ао;60;20170517;170000;97.5;97.5;97;97;3;0
ВХЗ-ао;60;20170517;180000;98.5;98.5;98.5;98.5;1;0
ВХЗ-ао;60;20170518;100000;99;100;97.5;98.5;34;0
ВХЗ-ао;60;20170518;110000;98;98.5;98;98.5;6;0
ВХЗ-ао;60;20170518;130000;98.5;101;98.5;99;132;0
ВХЗ-ао;60;20170518;140000;99;99;99;99;1;0
ВХЗ-ао;60;20170518;150000;98.5;98.5;98.5;98.5;1;0
ВХЗ-ао;60;20170518;160000;98.5;98.5;98.5;98.5;4;0
ВХЗ-ао;60;20170518;170000;98;98.5;97.5;98.5;10;0
ВХЗ-ао;60;20170519;100000;98.5;99;98.5;99;17;0
ВХЗ-ао;60;20170519;110000;99;99;98;98;68;0
ВХЗ-ао;60;20170519;120000;97.5;97.5;97;97;19;0
ВХЗ-ао;60;20170519;140000;97;97.5;96.5;97.5;10;0
ВХЗ-ао;60;20170519;150000;97.5;97.5;97.5;97.5;8;0
ВХЗ-ао;60;20170519;160000;97.5;97.5;97.5;97.5;2;0
ВХЗ-ао;60;20170519;170000;97.5;97.5;97.5;97.5;2;0
ВХЗ-ао;60;20170519;180000;97.5;98;96.5;96.5;62;0
ВХЗ-ао;60;20170522;100000;96.5;99;96.5;98.5;13;0
ВХЗ-ао;60;20170522;110000;99;99;98;98;6;0
ВХЗ-ао;60;20170522;130000;98.5;99;97.5;97.5;23;0
ВХЗ-ао;60;20170522;150000;97.5;97.5;97.5;97.5;11;0
ВХЗ-ао;60;20170522;160000;98;98;98;98;4;0
ВХЗ-ао;60;20170522;180000;97.5;97.5;97.5;97.5;6;0
ВХЗ-ао;60;20170523;100000;97.5;97.5;97.5;97.5;1;0
ВХЗ-ао;60;20170523;110000;97.5;97.5;96.5;96.5;28;0
ВХЗ-ао;60;20170523;120000;97;98;96;96.5;25;0
ВХЗ-ао;60;20170523;150000;97.5;97.5;96.5;96.5;13;0
ВХЗ-ао;60;20170523;160000;97.5;98;97.5;98;2;0
ВХЗ-ао;60;20170523;170000;98;98;98;98;4;0
ВХЗ-ао;60;20170524;100000;98.5;98.5;97.5;98.5;35;0
ВХЗ-ао;60;20170524;110000;97;99;97;98.5;20;0
ВХЗ-ао;60;20170524;120000;98;99;97;99;78;0
ВХЗ-ао;60;20170524;130000;99;99;99;99;5;0
ВХЗ-ао;60;20170524;140000;99;99;98;98;7;0
ВХЗ-ао;60;20170524;150000;98;98;98;98;4;0
ВХЗ-ао;60;20170524;170000;99;99;99;99;1;0
ВХЗ-ао;60;20170525;100000;99;99.5;85;99.5;407;0
ВХЗ-ао;60;20170525;110000;99;99.5;99;99.5;10;0
ВХЗ-ао;60;20170525;120000;98.5;98.5;98.5;98.5;10;0
ВХЗ-ао;60;20170525;130000;98.5;98.5;98.5;98.5;122;0
ВХЗ-ао;60;20170525;140000;98.5;98.5;98.5;98.5;20;0
ВХЗ-ао;60;20170525;170000;97.5;98.5;97.5;98.5;5;0
ВХЗ-ао;60;20170525;180000;98.5;98.5;98.5;98.5;60;0
ВХЗ-ао;60;20170526;100000;98.5;98.5;98;98;83;0
ВХЗ-ао;60;20170526;110000;98;98;98;98;2;0
ВХЗ-ао;60;20170526;130000;98;98;98;98;22;0
ВХЗ-ао;60;20170526;140000;97.5;97.5;97.5;97.5;4;0
ВХЗ-ао;60;20170526;150000;97.5;97.5;97.5;97.5;3;0
ВХЗ-ао;60;20170526;170000;97.5;97.5;96;96;269;0
ВХЗ-ао;60;20170526;180000;97.5;98;96;97;49;0
ВХЗ-ао;60;20170529;090000;97;97;97;97;1;0
ВХЗ-ао;60;20170529;100000;97.5;98;97.5;98;15;0
ВХЗ-ао;60;20170529;110000;97.5;97.5;97.5;97.5;25;0
ВХЗ-ао;60;20170529;120000;98;98;97;97;33;0
ВХЗ-ао;60;20170529;130000;96;96.5;96;96.5;38;0
ВХЗ-ао;60;20170529;140000;96;97;96;97;13;0
ВХЗ-ао;60;20170529;160000;97;97;96;97;24;0
ВХЗ-ао;60;20170529;170000;96.5;96.5;88;94;262;0
ВХЗ-ао;60;20170529;180000;94.5;94.5;94.5;94.5;7;0
ВХЗ-ао;60;20170530;100000;94.5;94.5;94;94.5;69;0
ВХЗ-ао;60;20170530;110000;95.5;97.5;95.5;97.5;49;0
ВХЗ-ао;60;20170530;120000;96;96;96;96;1;0
ВХЗ-ао;60;20170530;130000;96.5;96.5;96.5;96.5;4;0
ВХЗ-ао;60;20170530;140000;96;96;96;96;11;0
ВХЗ-ао;60;20170530;160000;96.5;96.5;96.5;96.5;2;0
ВХЗ-ао;60;20170530;170000;96.5;96.5;96.5;96.5;2;0
ВХЗ-ао;60;20170530;180000;96.5;96.5;96.5;96.5;151;0
ВХЗ-ао;60;20170531;100000;96.5;96.5;96.5;96.5;4;0
ВХЗ-ао;60;20170531;110000;97;98;95.5;97.5;59;0
ВХЗ-ао;60;20170531;120000;97.5;97.5;97.5;97.5;34;0
ВХЗ-ао;60;20170531;130000;97.5;97.5;97.5;97.5;8;0
ВХЗ-ао;60;20170531;140000;96.5;97;96;96.5;77;0
ВХЗ-ао;60;20170531;150000;96;96;96;96;5;0
ВХЗ-ао;60;20170531;160000;96.5;96.5;96.5;96.5;1;0
ВХЗ-ао;60;20170531;170000;96;97.5;96;97.5;308;0
ВХЗ-ао;60;20170531;180000;96.5;96.5;96.5;96.5;5;0
ВХЗ-ао;60;20170601;100000;95.5;95.5;95.5;95.5;1;0
ВХЗ-ао;60;20170601;110000;95.5;97.5;95.5;96;36;0
ВХЗ-ао;60;20170601;120000;97.5;97.5;97.5;97.5;1;0
ВХЗ-ао;60;20170601;150000;97;97;97;97;2;0
ВХЗ-ао;60;20170601;160000;96;96;96;96;2;0
ВХЗ-ао;60;20170601;170000;97;97.5;97;97.5;26;0
ВХЗ-ао;60;20170601;180000;97;97;97;97;17;0
ВХЗ-ао;60;20170602;100000;95.5;101;93.5;95.5;266;0
ВХЗ-ао;60;20170602;110000;95.5;95.5;95.5;95.5;4;0
ВХЗ-ао;60;20170602;120000;96;96;95.5;96;8;0
ВХЗ-ао;60;20170602;140000;96;97;96;96;35;0
ВХЗ-ао;60;20170602;150000;97;97;96.5;96.5;16;0
ВХЗ-ао;60;20170602;160000;96.5;96.5;96.5;96.5;42;0
ВХЗ-ао;60;20170602;170000;97;98;97;97.5;65;0
ВХЗ-ао;60;20170602;180000;97.5;99;97.5;99;116;0
ВХЗ-ао;60;20170605;100000;99.5;100.5;97.5;99;376;0
ВХЗ-ао;60;20170605;110000;99.5;100;99.5;99.5;212;0
ВХЗ-ао;60;20170605;120000;100;103.5;98.5;103.5;701;0
ВХЗ-ао;60;20170605;130000;101.5;105;101.5;105;313;0
ВХЗ-ао;60;20170605;140000;104.5;105;103.5;104.5;605;0
ВХЗ-ао;60;20170605;150000;104.5;105;103.5;104;83;0
ВХЗ-ао;60;20170605;160000;104.5;104.5;102;104.5;176;0
ВХЗ-ао;60;20170605;170000;103;104.5;102;102;576;0
ВХЗ-ао;60;20170605;180000;102.5;104;101.5;102.5;185;0
ВХЗ-ао;60;20170606;090000;98;98;98;98;10;0
ВХЗ-ао;60;20170606;100000;104;104.5;102;104;995;0
ВХЗ-ао;60;20170606;110000;102.5;104;102.5;104;48;0
ВХЗ-ао;60;20170606;120000;104.5;106;102.5;102.5;405;0
ВХЗ-ао;60;20170606;130000;104.5;105;104.5;105;15;0
ВХЗ-ао;60;20170606;150000;103;104;103;104;103;0
ВХЗ-ао;60;20170606;160000;103.5;103.5;103.5;103.5;2;0
ВХЗ-ао;60;20170606;170000;104;104.5;104;104;29;0
ВХЗ-ао;60;20170606;180000;104;104.5;102.5;102.5;117;0
ВХЗ-ао;60;20170607;090000;92.5;92.5;92.5;92.5;37;0
ВХЗ-ао;60;20170607;100000;91;95;91;94;204;0
ВХЗ-ао;60;20170607;110000;94;94.5;93;93;23;0
ВХЗ-ао;60;20170607;120000;93.5;93.5;93.5;93.5;1;0
ВХЗ-ао;60;20170607;130000;93;93;92.5;92.5;39;0
ВХЗ-ао;60;20170607;140000;93;94;93;94;9;0
ВХЗ-ао;60;20170607;150000;93.5;94.5;93.5;94.5;59;0
ВХЗ-ао;60;20170607;160000;94.5;96;94.5;96;190;0
ВХЗ-ао;60;20170607;170000;94.5;95.5;94.5;94.5;16;0
ВХЗ-ао;60;20170607;180000;94.5;94.5;94.5;94.5;198;0
ВХЗ-ао;60;20170608;110000;93.5;93.5;93.5;93.5;11;0
ВХЗ-ао;60;20170608;120000;93.5;93.5;92;92;60;0
ВХЗ-ао;60;20170608;130000;92.5;92.5;92;92;34;0
ВХЗ-ао;60;20170608;170000;92;92;92;92;1;0
ВХЗ-ао;60;20170608;180000;92;92;92;92;6;0
ВХЗ-ао;60;20170609;100000;91.5;92;91;92;6;0
ВХЗ-ао;60;20170609;110000;91;91;89.5;90;15;0
ВХЗ-ао;60;20170609;120000;89.5;90.5;89;90;20;0
ВХЗ-ао;60;20170609;130000;89.5;90;89;89;36;0
ВХЗ-ао;60;20170609;140000;89.5;90;88;89;81;0
ВХЗ-ао;60;20170609;150000;89;89;89;89;1;0
ВХЗ-ао;60;20170609;160000;89;89;87.5;87.5;15;0
ВХЗ-ао;60;20170609;170000;89;89;89;89;2;0
ВХЗ-ао;60;20170609;180000;88.5;89;88.5;89;3;0
ВХЗ-ао;60;20170613;100000;88.5;88.5;85.5;87.5;121;0
ВХЗ-ао;60;20170613;110000;87.5;88.5;86.5;87;72;0
ВХЗ-ао;60;20170613;120000;87;87;86;87;17;0
ВХЗ-ао;60;20170613;130000;87;87;87;87;1;0
ВХЗ-ао;60;20170613;140000;87;88;87;88;137;0
ВХЗ-ао;60;20170613;150000;87;88;87;87;22;0
ВХЗ-ао;60;20170613;160000;87.5;87.5;87.5;87.5;1;0
ВХЗ-ао;60;20170613;180000;87.5;88;87.5;88;3;0
ВХЗ-ао;60;20170614;100000;88;88;86;86;11;0
ВХЗ-ао;60;20170614;110000;87.5;87.5;87.5;87.5;4;0
ВХЗ-ао;60;20170614;120000;86.5;86.5;86.5;86.5;1;0
ВХЗ-ао;60;20170614;140000;87;87;87;87;1;0
ВХЗ-ао;60;20170614;150000;87;87.5;87;87.5;2;0
ВХЗ-ао;60;20170614;180000;87;87;87;87;13;0
ВХЗ-ао;60;20170615;100000;86;86;84;84.5;60;0
ВХЗ-ао;60;20170615;110000;85;85;77;79.5;345;0
ВХЗ-ао;60;20170615;120000;79.5;83;78.5;82.5;87;0
ВХЗ-ао;60;20170615;130000;82.5;82.5;82.5;82.5;10;0
ВХЗ-ао;60;20170615;140000;81.5;81.5;80;80;19;0
ВХЗ-ао;60;20170615;150000;81;82.5;81;82.5;33;0
ВХЗ-ао;60;20170615;160000;82.5;82.5;82.5;82.5;15;0
ВХЗ-ао;60;20170615;170000;81.5;82;81;82;53;0
ВХЗ-ао;60;20170615;180000;82.5;83;81.5;81.5;193;0
ВХЗ-ао;60;20170616;100000;82;82.5;82;82.5;242;0
ВХЗ-ао;60;20170616;110000;82;82;80.5;80.5;113;0
ВХЗ-ао;60;20170616;120000;80.5;81;79;79;293;0
ВХЗ-ао;60;20170616;130000;79;80;79;79;120;0
ВХЗ-ао;60;20170616;140000;79;80;79;79;46;0
ВХЗ-ао;60;20170616;150000;79;79;78;78;104;0
ВХЗ-ао;60;20170616;160000;78;78;77.5;78;173;0
ВХЗ-ао;60;20170616;170000;77;78;76.5;77;133;0
ВХЗ-ао;60;20170616;180000;77;78;76;78;148;0
ВХЗ-ао;60;20170619;090000;79;79;79;79;17;0
ВХЗ-ао;60;20170619;100000;78.5;79;78.5;79;70;0
ВХЗ-ао;60;20170619;110000;79;79;78.5;79;23;0
ВХЗ-ао;60;20170619;120000;79;79;78.5;79;19;0
ВХЗ-ао;60;20170619;130000;79;79;78.5;78.5;3;0
ВХЗ-ао;60;20170619;140000;79;79;79;79;8;0
ВХЗ-ао;60;20170619;150000;79;79;79;79;153;0
ВХЗ-ао;60;20170619;170000;79;79;79;79;11;0
ВХЗ-ао;60;20170619;180000;79.5;80.5;78.5;80.5;61;0
ВХЗ-ао;60;20170620;090000;80.5;80.5;80.5;80.5;1;0
ВХЗ-ао;60;20170620;100000;84;87;81;83.5;63;0
ВХЗ-ао;60;20170620;110000;83.5;83.5;83.5;83.5;1;0
ВХЗ-ао;60;20170620;120000;84;84;82.5;83.5;70;0
ВХЗ-ао;60;20170620;130000;82.5;82.5;82.5;82.5;3;0
ВХЗ-ао;60;20170620;140000;82.5;82.5;82.5;82.5;3;0
ВХЗ-ао;60;20170620;150000;82;83.5;82;83.5;15;0
ВХЗ-ао;60;20170620;160000;82.5;82.5;81;82;89;0
ВХЗ-ао;60;20170620;170000;81.5;82;80.5;80.5;63;0
ВХЗ-ао;60;20170620;180000;81.5;81.5;80.5;81.5;10;0
ВХЗ-ао;60;20170621;100000;80.5;81.5;80.5;81.5;6;0
ВХЗ-ао;60;20170621;110000;81;81;80.5;81;13;0
ВХЗ-ао;60;20170621;130000;80.5;81.5;80;81.5;31;0
ВХЗ-ао;60;20170621;140000;80.5;81;80;80;55;0
ВХЗ-ао;60;20170621;150000;81;81;80;80;3;0
ВХЗ-ао;60;20170621;160000;81;81;81;81;1;0
ВХЗ-ао;60;20170621;170000;80;80;80;80;14;0
ВХЗ-ао;60;20170621;180000;79.5;80;78.5;78.5;79;0
ВХЗ-ао;60;20170622;100000;78.5;80;78.5;80;10;0
ВХЗ-ао;60;20170622;110000;79;79;78.5;78.5;4;0
ВХЗ-ао;60;20170622;120000;78;78.5;77;78;99;0
ВХЗ-ао;60;20170622;130000;78.5;78.5;78;78;16;0
ВХЗ-ао;60;20170622;140000;78.5;78.5;78;78;16;0
ВХЗ-ао;60;20170622;150000;78.5;78.5;78;78;12;0
ВХЗ-ао;60;20170622;160000;78;78;78;78;6;0
ВХЗ-ао;60;20170622;170000;78;78;78;78;3;0
ВХЗ-ао;60;20170622;180000;78;79;78;79;9;0
ВХЗ-ао;60;20170623;090000;79;79;79;79;10;0
ВХЗ-ао;60;20170623;100000;78;78;77;78;134;0
ВХЗ-ао;60;20170623;110000;78;78;78;78;3;0
ВХЗ-ао;60;20170623;120000;78;79.5;78;79.5;64;0
ВХЗ-ао;60;20170623;130000;79;81;78;80;101;0
ВХЗ-ао;60;20170623;140000;80;80;78;78;72;0
ВХЗ-ао;60;20170623;150000;78;78;78;78;8;0
ВХЗ-ао;60;20170623;160000;78;78.5;78;78;11;0
ВХЗ-ао;60;20170623;170000;78;78;78;78;63;0
ВХЗ-ао;60;20170623;180000;78;79;78;79;19;0
ВХЗ-ао;60;20170626;090000;79;79;79;79;1;0
ВХЗ-ао;60;20170626;100000;79;80;78;78;157;0
ВХЗ-ао;60;20170626;110000;78;80.5;78;79;196;0
ВХЗ-ао;60;20170626;120000;79;79;78.5;78.5;10;0
ВХЗ-ао;60;20170626;130000;79.5;80;78.5;78.5;27;0
ВХЗ-ао;60;20170626;140000;78.5;78.5;77.5;78;101;0
ВХЗ-ао;60;20170626;150000;78;78.5;78;78.5;21;0
ВХЗ-ао;60;20170626;160000;78;78;78;78;20;0
ВХЗ-ао;60;20170626;170000;78;78;78;78;31;0
ВХЗ-ао;60;20170626;180000;78;78;78;78;12;0
ВХЗ-ао;60;20170627;100000;77.5;78;77.5;78;67;0
ВХЗ-ао;60;20170627;110000;78;79;78;78;45;0
ВХЗ-ао;60;20170627;120000;77.5;77.5;77.5;77.5;1;0
ВХЗ-ао;60;20170627;130000;78.5;78.5;78.5;78.5;1;0
ВХЗ-ао;60;20170627;140000;78;78.5;78;78.5;56;0
ВХЗ-ао;60;20170627;160000;78.5;78.5;78.5;78.5;3;0
ВХЗ-ао;60;20170627;180000;78;78;78;78;13;0
ВХЗ-ао;60;20170628;110000;78;78;78;78;20;0
ВХЗ-ао;60;20170628;120000;78;78;78;78;33;0
ВХЗ-ао;60;20170628;130000;78;78;78;78;2;0
ВХЗ-ао;60;20170628;150000;78.5;78.5;78;78;22;0
ВХЗ-ао;60;20170628;160000;78.5;78.5;77.5;78;28;0
ВХЗ-ао;60;20170628;170000;78.5;78.5;77.5;78;4;0
ВХЗ-ао;60;20170628;180000;77.5;78.5;77.5;78.5;40;0
ВХЗ-ао;60;20170629;100000;78.5;78.5;78.5;78.5;1;0
ВХЗ-ао;60;20170629;110000;78.5;78.5;78.5;78.5;10;0
ВХЗ-ао;60;20170629;120000;78.5;78.5;78.5;78.5;4;0
ВХЗ-ао;60;20170629;140000;79;79;78.5;79;26;0
ВХЗ-ао;60;20170629;150000;79;79;79;79;14;0
ВХЗ-ао;60;20170629;160000;78.5;78.5;78.5;78.5;1;0
ВХЗ-ао;60;20170629;180000;78.5;79;78.5;79;24;0
ВХЗ-ао;60;20170630;100000;79.5;80.5;79.5;79.5;115;0
ВХЗ-ао;60;20170630;110000;80;80;80;80;4;0
ВХЗ-ао;60;20170630;120000;79.5;79.5;79.5;79.5;3;0
ВХЗ-ао;60;20170630;130000;80;80;80;80;10;0
ВХЗ-ао;60;20170630;140000;79.5;79.5;79.5;79.5;1;0
ВХЗ-ао;60;20170630;170000;80;80;79;79;53;0
ВХЗ-ао;60;20170630;180000;80;80.5;79.5;79.5;5;0
ВХЗ-ао;60;20170703;100000;80.5;81.5;80.5;81.5;11;0
ВХЗ-ао;60;20170703;120000;81.5;81.5;81;81;3;0
ВХЗ-ао;60;20170703;140000;81;81;81;81;4;0
ВХЗ-ао;60;20170703;150000;80.5;80.5;80.5;80.5;30;0
ВХЗ-ао;60;20170703;170000;81;82;81;81.5;20;0
ВХЗ-ао;60;20170703;180000;82;82.5;82;82.5;50;0
ВХЗ-ао;60;20170704;110000;81.5;83;81.5;83;16;0
ВХЗ-ао;60;20170704;120000;83;83;82;82;2;0
ВХЗ-ао;60;20170704;130000;82;82;82;82;2;0
ВХЗ-ао;60;20170704;170000;82;82;81.5;81.5;2;0
ВХЗ-ао;60;20170704;180000;81.5;81.5;81.5;81.5;8;0
ВХЗ-ао;60;20170705;100000;81.5;82.5;81.5;82.5;4;0
ВХЗ-ао;60;20170705;110000;82.5;82.5;81.5;81.5;3;0
ВХЗ-ао;60;20170705;120000;82.5;82.5;82.5;82.5;1;0
ВХЗ-ао;60;20170705;140000;82.5;83.5;82.5;83.5;20;0
ВХЗ-ао;60;20170705;150000;82.5;82.5;81.5;81.5;9;0
ВХЗ-ао;60;20170705;160000;81.5;81.5;81.5;81.5;3;0
ВХЗ-ао;60;20170705;180000;82.5;82.5;82.5;82.5;4;0
ВХЗ-ао;60;20170706;090000;84.5;84.5;84.5;84.5;1;0
ВХЗ-ао;60;20170706;100000;85;85;85;85;1;0
ВХЗ-ао;60;20170706;110000;83;83;83;83;3;0
ВХЗ-ао;60;20170706;140000;83;83;83;83;18;0
ВХЗ-ао;60;20170706;150000;83;83;83;83;2;0
ВХЗ-ао;60;20170706;160000;83;83;83;83;3;0
ВХЗ-ао;60;20170706;170000;83;83;83;83;3;0
ВХЗ-ао;60;20170707;100000;83.5;83.5;83;83.5;5;0
ВХЗ-ао;60;20170707;110000;83.5;83.5;81;81;50;0
ВХЗ-ао;60;20170707;120000;82;82;81.5;81.5;2;0
ВХЗ-ао;60;20170707;150000;82.5;82.5;82.5;82.5;3;0
ВХЗ-ао;60;20170707;160000;82;82;82;82;14;0
ВХЗ-ао;60;20170707;170000;82;82;82;82;1;0
ВХЗ-ао;60;20170707;180000;81;81.5;81;81.5;11;0
ВХЗ-ао;60;20170710;100000;82;82;82;82;3;0
ВХЗ-ао;60;20170710;120000;82;83;82;83;3;0
ВХЗ-ао;60;20170710;130000;82.5;82.5;82.5;82.5;2;0
ВХЗ-ао;60;20170710;140000;82;82;82;82;1;0
ВХЗ-ао;60;20170710;160000;82;82;80.5;81.5;54;0
ВХЗ-ао;60;20170710;170000;81.5;82.5;81.5;82.5;6;0
ВХЗ-ао;60;20170710;180000;82;83;82;82.5;23;0
ВХЗ-ао;60;20170711;100000;82.5;82.5;82.5;82.5;9;0
ВХЗ-ао;60;20170711;120000;83;85;81.5;81.5;118;0
ВХЗ-ао;60;20170711;130000;82.5;85;81;82.5;278;0
ВХЗ-ао;60;20170711;140000;82.5;83;82;82;107;0
ВХЗ-ао;60;20170711;150000;83;86;81.5;83;926;0
ВХЗ-ао;60;20170711;160000;83.5;83.5;83;83;48;0
ВХЗ-ао;60;20170711;170000;83.5;83.5;83.5;83.5;1;0
ВХЗ-ао;60;20170712;100000;82.5;86;81.5;86;1036;0
ВХЗ-ао;60;20170712;110000;85.5;85.5;84;84.5;17;0
ВХЗ-ао;60;20170712;120000;85;85;84;84;32;0
ВХЗ-ао;60;20170712;130000;84;86.5;83.5;86.5;340;0
ВХЗ-ао;60;20170712;150000;86.5;86.5;85;85;15;0
ВХЗ-ао;60;20170712;160000;85;85.5;84.5;85.5;36;0
ВХЗ-ао;60;20170712;170000;85;85;85;85;8;0
ВХЗ-ао;60;20170712;180000;84.5;85.5;84.5;85.5;3;0
ВХЗ-ао;60;20170713;090000;85.5;85.5;85.5;85.5;1;0
ВХЗ-ао;60;20170713;100000;89;89;85;85;54;0
ВХЗ-ао;60;20170713;110000;85;90;84;88.5;2293;0
ВХЗ-ао;60;20170713;120000;88.5;88.5;87;87;8;0
ВХЗ-ао;60;20170713;130000;87.5;89;86.5;87.5;711;0
ВХЗ-ао;60;20170713;140000;87;87;86.5;86.5;35;0
ВХЗ-ао;60;20170713;150000;86.5;87.5;86.5;87.5;11;0
ВХЗ-ао;60;20170713;170000;87.5;87.5;87.5;87.5;1;0
ВХЗ-ао;60;20170713;180000;87.5;88;87.5;88;10;0
ВХЗ-ао;60;20170714;100000;89;89;86.5;86.5;7;0
ВХЗ-ао;60;20170714;110000;87.5;87.5;87.5;87.5;3;0
ВХЗ-ао;60;20170714;120000;86.5;87.5;86.5;87.5;2;0
ВХЗ-ао;60;20170714;140000;86.5;88;86;88;5;0
ВХЗ-ао;60;20170714;150000;88;89;88;89;34;0
ВХЗ-ао;60;20170714;180000;88.5;88.5;87;87;7;0
ВХЗ-ао;60;20170717;100000;86.5;87.5;86.5;86.5;11;0
ВХЗ-ао;60;20170717;120000;86.5;86.5;86.5;86.5;17;0
ВХЗ-ао;60;20170717;130000;87.5;88;87.5;88;34;0
ВХЗ-ао;60;20170717;160000;87;87;87;87;5;0
ВХЗ-ао;60;20170717;170000;87.5;96;87.5;91;284;0
ВХЗ-ао;60;20170717;180000;91;91;90.5;90.5;4;0
ВХЗ-ао;60;20170718;100000;86.5;95;86;93;295;0
ВХЗ-ао;60;20170718;110000;93;93;93;93;2;0
ВХЗ-ао;60;20170718;120000;91.5;91.5;91.5;91.5;1;0
ВХЗ-ао;60;20170718;130000;91.5;91.5;91.5;91.5;1;0
ВХЗ-ао;60;20170718;140000;91;92.5;88;90.5;104;0
ВХЗ-ао;60;20170718;150000;90.5;93;90;93;101;0
ВХЗ-ао;60;20170718;160000;90.5;90.5;90.5;90.5;10;0
ВХЗ-ао;60;20170718;170000;90.5;91;90;90;42;0
ВХЗ-ао;60;20170718;180000;91;91;91;91;9;0
ВХЗ-ао;60;20170719;100000;89.5;92.5;89;91.5;193;0
ВХЗ-ао;60;20170719;110000;91.5;93.5;91;91.5;80;0
ВХЗ-ао;60;20170719;120000;93;94;93;94;28;0
ВХЗ-ао;60;20170719;130000;92.5;94.5;91.5;93.5;120;0
ВХЗ-ао;60;20170719;140000;93.5;94;93.5;94;10;0
ВХЗ-ао;60;20170719;160000;92.5;92.5;91.5;91.5;9;0
ВХЗ-ао;60;20170719;170000;92;92;92;92;3;0
ВХЗ-ао;60;20170719;180000;93;93;93;93;2;0
ВХЗ-ао;60;20170720;100000;92.5;95;91.5;93.5;208;0
ВХЗ-ао;60;20170720;110000;93;94.5;92;94;210;0
ВХЗ-ао;60;20170720;120000;93;94;92.5;94;95;0
ВХЗ-ао;60;20170720;130000;93.5;93.5;93;93;4;0
ВХЗ-ао;60;20170720;140000;92;93;88.5;92.5;123;0
ВХЗ-ао;60;20170720;150000;93;93;92.5;93;5;0
ВХЗ-ао;60;20170720;160000;93;93;93;93;2;0
ВХЗ-ао;60;20170720;170000;92;93;92;93;8;0
ВХЗ-ао;60;20170720;180000;91.5;92.5;91.5;92.5;6;0
ВХЗ-ао;60;20170721;110000;92;92.5;92;92.5;8;0
ВХЗ-ао;60;20170721;120000;91.5;92.5;90.5;92;131;0
ВХЗ-ао;60;20170721;130000;92;92;92;92;1;0
ВХЗ-ао;60;20170721;150000;91.5;92.5;90;92;197;0
ВХЗ-ао;60;20170721;160000;91.5;92;91;91;13;0
ВХЗ-ао;60;20170721;170000;91;92;91;92;78;0
ВХЗ-ао;60;20170721;180000;92;92.5;92;92.5;7;0
ВХЗ-ао;60;20170724;100000;90.5;92.5;89.5;91;112;0
ВХЗ-ао;60;20170724;110000;91.5;91.5;90.5;91.5;7;0
ВХЗ-ао;60;20170724;130000;90;91.5;89;91.5;100;0
ВХЗ-ао;60;20170724;150000;90.5;91;89;91;23;0
ВХЗ-ао;60;20170724;180000;91.5;91.5;91.5;91.5;1;0
ВХЗ-ао;60;20170725;100000;91;93.5;85;91;221;0
ВХЗ-ао;60;20170725;110000;90.5;90.5;90.5;90.5;2;0
ВХЗ-ао;60;20170725;120000;90;90;90;90;7;0
ВХЗ-ао;60;20170725;130000;90;90.5;88.5;90.5;31;0
ВХЗ-ао;60;20170725;140000;90;90.5;90;90.5;5;0
ВХЗ-ао;60;20170725;150000;90.5;91.5;87.5;89.5;134;0
ВХЗ-ао;60;20170725;160000;89.5;91;87;89.5;237;0
ВХЗ-ао;60;20170725;180000;89.5;90;89.5;90;2;0
ВХЗ-ао;60;20170726;100000;91;91.5;87.5;90;713;0
ВХЗ-ао;60;20170726;110000;90;91.5;88.5;91.5;517;0
ВХЗ-ао;60;20170726;120000;90;91.5;89.5;91;979;0
ВХЗ-ао;60;20170726;130000;90.5;91;90;91;4;0
ВХЗ-ао;60;20170726;140000;90;91.5;90;91.5;27;0
ВХЗ-ао;60;20170726;170000;90;90;90;90;4;0
ВХЗ-ао;60;20170726;180000;90.5;90.5;90.5;90.5;3;0
ВХЗ-ао;60;20170727;100000;89;91;87;89;648;0
ВХЗ-ао;60;20170727;110000;89;89.5;88;89;85;0
ВХЗ-ао;60;20170727;140000;89;89;89;89;7;0
ВХЗ-ао;60;20170727;150000;89.5;89.5;89.5;89.5;1;0
ВХЗ-ао;60;20170727;180000;89.5;89.5;89.5;89.5;4;0
ВХЗ-ао;60;20170728;110000;88.5;88.5;88;88;20;0
ВХЗ-ао;60;20170728;120000;88;88;87;87.5;58;0
ВХЗ-ао;60;20170728;130000;87;90.5;84;89;1227;0
ВХЗ-ао;60;20170728;140000;88.5;88.5;88;88.5;39;0
ВХЗ-ао;60;20170728;150000;88.5;88.5;88;88;5;0
ВХЗ-ао;60;20170728;160000;88.5;88.5;87.5;88.5;16;0
ВХЗ-ао;60;20170728;170000;87.5;87.5;87.5;87.5;7;0
ВХЗ-ао;60;20170728;180000;88;88;88;88;100;0
ВХЗ-ао;60;20170731;100000;87;87.5;86;87.5;33;0
ВХЗ-ао;60;20170731;110000;87;87;87;87;8;0
ВХЗ-ао;60;20170731;120000;87.5;87.5;85;86.5;50;0
ВХЗ-ао;60;20170731;130000;86.5;86.5;86.5;86.5;13;0
ВХЗ-ао;60;20170731;140000;87;87;87;87;2;0
ВХЗ-ао;60;20170731;150000;87;87;87;87;2;0
ВХЗ-ао;60;20170731;170000;87;87.5;87;87.5;9;0
ВХЗ-ао;60;20170731;180000;87;87;86;87;24;0
ВХЗ-ао;60;20170801;110000;87;87.5;87;87.5;13;0
ВХЗ-ао;60;20170801;120000;88;88;88;88;2;0
ВХЗ-ао;60;20170801;130000;88;88;88;88;2;0
ВХЗ-ао;60;20170801;140000;88;88;88;88;12;0
ВХЗ-ао;60;20170801;150000;88;88;86;87;47;0
ВХЗ-ао;60;20170801;160000;87;87;87;87;5;0
ВХЗ-ао;60;20170801;170000;87;87.5;86.5;87.5;6;0
ВХЗ-ао;60;20170802;110000;86;86;86;86;4;0
ВХЗ-ао;60;20170802;140000;86.5;87;86.5;87;13;0
ВХЗ-ао;60;20170802;170000;87;87;87;87;17;0
ВХЗ-ао;60;20170803;140000;87.5;87.5;87.5;87.5;1;0
ВХЗ-ао;60;20170803;150000;87;87;86.5;87;12;0
ВХЗ-ао;60;20170803;170000;86;86;86;86;4;0
ВХЗ-ао;60;20170803;180000;86.5;86.5;86.5;86.5;3;0
ВХЗ-ао;60;20170804;110000;87;87;87;87;10;0
ВХЗ-ао;60;20170804;120000;87.5;88;87.5;88;7;0
ВХЗ-ао;60;20170807;100000;87.5;87.5;87.5;87.5;7;0
ВХЗ-ао;60;20170807;120000;87.5;88;87.5;88;7;0
ВХЗ-ао;60;20170807;130000;87.5;88;87.5;88;7;0
ВХЗ-ао;60;20170807;140000;88.5;88.5;88.5;88.5;6;0
ВХЗ-ао;60;20170807;150000;88.5;88.5;88.5;88.5;22;0
ВХЗ-ао;60;20170807;160000;87.5;88.5;86.5;87;75;0
ВХЗ-ао;60;20170807;170000;87;87;85;86.5;163;0
ВХЗ-ао;60;20170807;180000;86;86.5;86;86.5;3;0
ВХЗ-ао;60;20170808;100000;86.5;86.5;86.5;86.5;35;0
ВХЗ-ао;60;20170808;110000;87;87;87;87;10;0
ВХЗ-ао;60;20170808;130000;87;87;86.5;86.5;26;0
ВХЗ-ао;60;20170808;140000;86.5;86.5;86.5;86.5;6;0
ВХЗ-ао;60;20170808;150000;87;87;86.5;86.5;92;0
ВХЗ-ао;60;20170808;160000;86.5;86.5;86.5;86.5;2;0
ВХЗ-ао;60;20170808;170000;86.5;86.5;86.5;86.5;16;0
ВХЗ-ао;60;20170808;180000;86;87;86;87;3;0
ВХЗ-ао;60;20170809;100000;86.5;87;86.5;87;45;0
ВХЗ-ао;60;20170809;110000;86.5;87;86;87;11;0
ВХЗ-ао;60;20170809;120000;86.5;86.5;86.5;86.5;3;0
ВХЗ-ао;60;20170809;130000;86.5;86.5;86.5;86.5;1;0
ВХЗ-ао;60;20170809;140000;87;87.5;87;87.5;3;0
ВХЗ-ао;60;20170809;160000;87;87;87;87;1;0
ВХЗ-ао;60;20170809;170000;87;87.5;87;87;3;0
ВХЗ-ао;60;20170809;180000;86.5;87;86.5;87;11;0
ВХЗ-ао;60;20170810;100000;86;87;86;87;4;0
ВХЗ-ао;60;20170810;110000;87;87;87;87;9;0
ВХЗ-ао;60;20170810;140000;87;88;86;87.5;61;0
ВХЗ-ао;60;20170810;160000;87.5;87.5;87.5;87.5;1;0
ВХЗ-ао;60;20170810;170000;87.5;88;87.5;88;10;0
ВХЗ-ао;60;20170811;100000;87;87;86.5;86.5;26;0
ВХЗ-ао;60;20170811;110000;86.5;86.5;85.5;85.5;11;0
ВХЗ-ао;60;20170811;120000;86;86;85;85.5;17;0
ВХЗ-ао;60;20170811;180000;85.5;86;85.5;86;2;0
ВХЗ-ао;60;20170814;100000;86.5;86.5;86;86;10;0
ВХЗ-ао;60;20170814;110000;85.5;85.5;85.5;85.5;6;0
ВХЗ-ао;60;20170814;140000;86.5;87;86.5;87;23;0
ВХЗ-ао;60;20170814;150000;86.5;86.5;86.5;86.5;1;0
ВХЗ-ао;60;20170814;160000;86;86;85;85;290;0
ВХЗ-ао;60;20170814;170000;85.5;85.5;85.5;85.5;1;0
ВХЗ-ао;60;20170814;180000;85.5;85.5;85.5;85.5;12;0
ВХЗ-ао;60;20170815;100000;86;86;86;86;6;0
ВХЗ-ао;60;20170815;110000;86;86;86;86;11;0
ВХЗ-ао;60;20170815;120000;85.5;85.5;85.5;85.5;21;0
ВХЗ-ао;60;20170815;130000;86;86;86;86;33;0
ВХЗ-ао;60;20170815;140000;86;86;86;86;8;0
ВХЗ-ао;60;20170815;170000;85.5;85.5;85.5;85.5;24;0
ВХЗ-ао;60;20170815;180000;85.5;86;85.5;86;37;0
ВХЗ-ао;60;20170816;100000;85.5;85.5;85.5;85.5;1;0
ВХЗ-ао;60;20170816;110000;85.5;86;85.5;86;34;0
ВХЗ-ао;60;20170816;130000;85.5;85.5;85.5;85.5;10;0
ВХЗ-ао;60;20170816;140000;86;86;85.5;85.5;2;0
ВХЗ-ао;60;20170816;150000;86;86;86;86;4;0
ВХЗ-ао;60;20170816;180000;85.5;86;85.5;86;69;0
ВХЗ-ао;60;20170817;100000;85.5;85.5;85;85.5;6;0
ВХЗ-ао;60;20170817;110000;85.5;85.5;85;85.5;17;0
ВХЗ-ао;60;20170817;150000;85.5;86;85.5;85.5;8;0
ВХЗ-ао;60;20170817;160000;85;85;85;85;3;0
ВХЗ-ао;60;20170817;170000;85.5;85.5;85.5;85.5;1;0
ВХЗ-ао;60;20170818;100000;85;85;85;85;2;0
ВХЗ-ао;60;20170818;110000;85;85;85;85;11;0
ВХЗ-ао;60;20170818;130000;85.5;85.5;85.5;85.5;1;0
ВХЗ-ао;60;20170818;140000;85;85;85;85;20;0
ВХЗ-ао;60;20170818;170000;85.5;86;85.5;86;8;0
ВХЗ-ао;60;20170818;180000;85.5;86;85.5;86;11;0
ВХЗ-ао;60;20170821;110000;85;85;85;85;2;0
ВХЗ-ао;60;20170821;130000;85.5;85.5;85.5;85.5;1;0
ВХЗ-ао;60;20170821;140000;85.5;86;85.5;85.5;12;0
ВХЗ-ао;60;20170821;150000;86;86;86;86;7;0
ВХЗ-ао;60;20170822;100000;85.5;86;85.5;86;6;0
ВХЗ-ао;60;20170822;130000;85.5;85.5;85;85.5;6;0
ВХЗ-ао;60;20170822;140000;86;95;85.5;87;648;0
ВХЗ-ао;60;20170822;150000;88;88.5;87.5;88;28;0
ВХЗ-ао;60;20170822;160000;88.5;88.5;87.5;88.5;38;0
ВХЗ-ао;60;20170822;170000;88.5;88.5;88;88;4;0
ВХЗ-ао;60;20170822;180000;87.5;87.5;87.5;87.5;9;0
ВХЗ-ао;60;20170823;100000;88;88.5;88;88.5;14;0
ВХЗ-ао;60;20170823;110000;88.5;88.5;88.5;88.5;2;0
ВХЗ-ао;60;20170823;120000;88.5;88.5;88.5;88.5;16;0
ВХЗ-ао;60;20170823;130000;88;88;87;87;22;0
ВХЗ-ао;60;20170823;150000;87.5;87.5;87.5;87.5;1;0
ВХЗ-ао;60;20170823;160000;87;87;87;87;3;0
ВХЗ-ао;60;20170823;170000;87;88;86.5;88;46;0
ВХЗ-ао;60;20170823;180000;87;87.5;86.5;87.5;3;0
ВХЗ-ао;60;20170824;110000;87.5;88;87.5;88;8;0
ВХЗ-ао;60;20170824;130000;88;89.5;88;89.5;25;0
ВХЗ-ао;60;20170824;150000;88.5;88.5;87.5;87.5;25;0
ВХЗ-ао;60;20170824;160000;88.5;88.5;88.5;88.5;1;0
ВХЗ-ао;60;20170824;180000;88.5;91.5;87;91;346;0
ВХЗ-ао;60;20170825;100000;89;92;89;91.5;129;0
ВХЗ-ао;60;20170825;110000;91.5;91.5;91.5;91.5;49;0
ВХЗ-ао;60;20170825;120000;90;90;89.5;89.5;47;0
ВХЗ-ао;60;20170825;130000;91;91;91;91;1;0
ВХЗ-ао;60;20170825;150000;90.5;91;89;90.5;866;0
ВХЗ-ао;60;20170825;160000;89.5;89.5;89.5;89.5;1;0
ВХЗ-ао;60;20170825;170000;89;89;88;88.5;47;0
ВХЗ-ао;60;20170825;180000;89.5;90.5;89.5;90.5;46;0
ВХЗ-ао;60;20170828;100000;90.5;91;88;88;69;0
ВХЗ-ао;60;20170828;120000;89.5;89.5;89.5;89.5;1;0
ВХЗ-ао;60;20170828;130000;89.5;89.5;89.5;89.5;1;0
ВХЗ-ао;60;20170828;140000;89;90;89;90;13;0
ВХЗ-ао;60;20170828;150000;90;90;90;90;3;0
ВХЗ-ао;60;20170828;160000;90;90;90;90;27;0
ВХЗ-ао;60;20170828;170000;90.5;91;90;91;17;0
ВХЗ-ао;60;20170828;180000;91;91;91;91;5;0
ВХЗ-ао;60;20170829;100000;91;93;89;91.5;500;0
ВХЗ-ао;60;20170829;110000;92.5;92.5;92.5;92.5;3;0
ВХЗ-ао;60;20170829;120000;91.5;92;91;92;31;0
ВХЗ-ао;60;20170829;130000;91;92;90.5;92;21;0
ВХЗ-ао;60;20170829;140000;91.5;91.5;91.5;91.5;2;0
ВХЗ-ао;60;20170829;150000;90.5;90.5;89;90;41;0
ВХЗ-ао;60;20170829;180000;90;91;90;91;10;0
ВХЗ-ао;60;20170830;100000;91;93.5;90;92.5;145;0
ВХЗ-ао;60;20170830;120000;91.5;91.5;91;91;5;0
ВХЗ-ао;60;20170830;130000;91.5;91.5;91.5;91.5;1;0
ВХЗ-ао;60;20170830;160000;91;91;90.5;90.5;26;0
ВХЗ-ао;60;20170830;170000;90.5;90.5;90;90;8;0
ВХЗ-ао;60;20170830;180000;91;91.5;90;91.5;20;0
ВХЗ-ао;60;20170831;110000;91.5;92.5;89;91;115;0
ВХЗ-ао;60;20170831;120000;90.5;90.5;89.5;89.5;5;0
ВХЗ-ао;60;20170831;130000;89.5;90;89;90;17;0
ВХЗ-ао;60;20170831;140000;90.5;90.5;90;90;8;0
ВХЗ-ао;60;20170831;150000;90;90.5;90;90.5;3;0
ВХЗ-ао;60;20170831;170000;90;91;90;90;44;0
ВХЗ-ао;60;20170831;180000;91;91;91;91;1;0
ВХЗ-ао;60;20170901;100000;90;90;88.5;90;59;0
ВХЗ-ао;60;20170901;120000;90;90;90;90;7;0
ВХЗ-ао;60;20170901;130000;90;90;90;90;1;0
ВХЗ-ао;60;20170901;140000;90;90;90;90;2;0
ВХЗ-ао;60;20170901;150000;90;90;90;90;1;0
ВХЗ-ао;60;20170901;170000;90;90;90;90;1;0
ВХЗ-ао;60;20170901;180000;90.5;91;90.5;91;7;0
ВХЗ-ао;60;20170904;100000;90.5;90.5;90.5;90.5;4;0
ВХЗ-ао;60;20170904;110000;90.5;91;90;90;19;0
ВХЗ-ао;60;20170904;140000;90;90;90;90;1;0
ВХЗ-ао;60;20170904;150000;91;91;90;90;18;0
ВХЗ-ао;60;20170904;180000;90.5;91;90.5;91;2;0
ВХЗ-ао;60;20170905;100000;90;90;88.5;89;63;0
ВХЗ-ао;60;20170905;110000;89.5;89.5;89.5;89.5;11;0
ВХЗ-ао;60;20170905;130000;89.5;90;89.5;90;8;0
ВХЗ-ао;60;20170905;140000;90;90;88.5;88.5;100;0
ВХЗ-ао;60;20170905;150000;89.5;89.5;89.5;89.5;4;0
ВХЗ-ао;60;20170905;160000;89;89;89;89;1;0
ВХЗ-ао;60;20170905;170000;89;89.5;89;89.5;2;0
ВХЗ-ао;60;20170905;180000;90;90;90;90;4;0
ВХЗ-ао;60;20170906;110000;89;89;88;88.5;96;0
ВХЗ-ао;60;20170906;130000;88.5;88.5;88.5;88.5;8;0
ВХЗ-ао;60;20170906;140000;88.5;89;88.5;88.5;3;0
ВХЗ-ао;60;20170906;150000;89;89.5;89;89.5;12;0
ВХЗ-ао;60;20170906;160000;89;90;88.5;90;8;0
ВХЗ-ао;60;20170907;100000;89.5;89.5;89;89;11;0
ВХЗ-ао;60;20170907;120000;88.5;88.5;88.5;88.5;8;0
ВХЗ-ао;60;20170907;140000;88.5;88.5;88.5;88.5;9;0
ВХЗ-ао;60;20170907;160000;89;89;89;89;2;0
ВХЗ-ао;60;20170907;170000;89;89;89;89;2;0
ВХЗ-ао;60;20170908;100000;89;89.5;88.5;89.5;8;0
ВХЗ-ао;60;20170908;110000;89.5;89.5;89.5;89.5;12;0
ВХЗ-ао;60;20170908;120000;89.5;89.5;89.5;89.5;12;0
ВХЗ-ао;60;20170908;140000;89.5;89.5;89.5;89.5;3;0
ВХЗ-ао;60;20170908;150000;89;89;89;89;29;0
ВХЗ-ао;60;20170908;180000;89.5;90;89.5;90;11;0
ВХЗ-ао;60;20170911;090000;89.5;89.5;89.5;89.5;5;0
ВХЗ-ао;60;20170911;100000;89.5;89.5;89.5;89.5;1;0
ВХЗ-ао;60;20170911;110000;89.5;89.5;89.5;89.5;5;0
ВХЗ-ао;60;20170911;120000;89;91;89;90;101;0
ВХЗ-ао;60;20170911;140000;90;90;90;90;1;0
ВХЗ-ао;60;20170911;150000;90.5;90.5;90.5;90.5;1;0
ВХЗ-ао;60;20170911;180000;90.5;90.5;90.5;90.5;5;0
ВХЗ-ао;60;20170912;100000;90.5;94;88;91;260;0
ВХЗ-ао;60;20170912;110000;91;93;90;91.5;165;0
ВХЗ-ао;60;20170912;140000;91.5;91.5;91.5;91.5;11;0
ВХЗ-ао;60;20170912;150000;92;92.5;92;92.5;5;0
ВХЗ-ао;60;20170912;160000;92.5;93;92.5;93;8;0
ВХЗ-ао;60;20170912;180000;92;92;92;92;1;0
ВХЗ-ао;60;20170913;090000;92;92;92;92;1;0
ВХЗ-ао;60;20170913;100000;92;92;92;92;4;0
ВХЗ-ао;60;20170913;120000;91.5;91.5;91;91;11;0
ВХЗ-ао;60;20170913;130000;91;91;91;91;1;0
ВХЗ-ао;60;20170913;140000;90.5;90.5;90.5;90.5;8;0
ВХЗ-ао;60;20170913;150000;91;91.5;91;91.5;5;0
ВХЗ-ао;60;20170913;160000;91.5;92;91;92;8;0
ВХЗ-ао;60;20170913;180000;91;92;91;92;12;0
ВХЗ-ао;60;20170914;100000;91.5;92;91.5;92;8;0
ВХЗ-ао;60;20170914;110000;91.5;93;88.5;91.5;530;0
ВХЗ-ао;60;20170914;130000;91;91.5;91;91.5;3;0
ВХЗ-ао;60;20170914;170000;91.5;92;91.5;92;8;0
ВХЗ-ао;60;20170914;180000;92;92;90.5;90.5;24;0
ВХЗ-ао;60;20170915;110000;90.5;91;90;91;7;0
ВХЗ-ао;60;20170915;120000;91.5;92;90;90.5;798;0
ВХЗ-ао;60;20170915;160000;91;91;91;91;1;0
ВХЗ-ао;60;20170915;180000;91.5;91.5;91.5;91.5;2;0
ВХЗ-ао;60;20170918;120000;90.5;90.5;90.5;90.5;3;0
ВХЗ-ао;60;20170918;130000;91;91;91;91;20;0
ВХЗ-ао;60;20170918;150000;91.5;94;91.5;93.5;56;0
ВХЗ-ао;60;20170918;170000;93.5;94;93.5;94;2;0
ВХЗ-ао;60;20170918;180000;92;92;92;92;1;0
ВХЗ-ао;60;20170919;120000;92;93.5;90.5;93;352;0
ВХЗ-ао;60;20170919;130000;91.5;93;91.5;93;12;0
ВХЗ-ао;60;20170919;150000;93;93.5;90.5;92.5;137;0
ВХЗ-ао;60;20170919;170000;91.5;91.5;91;91.5;7;0
ВХЗ-ао;60;20170920;110000;92;92;92;92;20;0
ВХЗ-ао;60;20170920;140000;92;92;92;92;1;0
ВХЗ-ао;60;20170920;170000;91;91;91;91;1;0
ВХЗ-ао;60;20170920;180000;91;92.5;91;91.5;23;0
ВХЗ-ао;60;20170921;160000;92;92;92;92;1;0
ВХЗ-ао;60;20170921;170000;91;91;90.5;90.5;3;0
ВХЗ-ао;60;20170921;180000;92;92;92;92;4;0
ВХЗ-ао;60;20170922;100000;90.5;90.5;90.5;90.5;1;0
ВХЗ-ао;60;20170922;120000;91;92;90.5;92;21;0
ВХЗ-ао;60;20170922;140000;90.5;91.5;90.5;91.5;24;0
ВХЗ-ао;60;20170922;160000;91.5;91.5;91.5;91.5;14;0
ВХЗ-ао;60;20170922;180000;91.5;92;91.5;92;21;0
ВХЗ-ао;60;20170925;100000;91;91.5;91;91;104;0
ВХЗ-ао;60;20170925;120000;91;91;91;91;1;0
ВХЗ-ао;60;20170925;170000;91.5;92;91.5;92;4;0
ВХЗ-ао;60;20170925;180000;91;91.5;91;91.5;2;0
ВХЗ-ао;60;20170926;100000;92.5;92.5;92.5;92.5;4;0
ВХЗ-ао;60;20170926;110000;92.5;93;92.5;93;3;0
ВХЗ-ао;60;20170926;120000;92.5;93;92.5;93;49;0
ВХЗ-ао;60;20170926;130000;92.5;92.5;92.5;92.5;7;0
ВХЗ-ао;60;20170926;140000;93;93;92.5;92.5;17;0
ВХЗ-ао;60;20170926;150000;93;94;93;93.5;205;0
ВХЗ-ао;60;20170926;160000;93.5;93.5;93;93;2;0
ВХЗ-ао;60;20170926;170000;93;93.5;93;93.5;16;0
ВХЗ-ао;60;20170926;180000;93;93;92.5;92.5;26;0
ВХЗ-ао;60;20170927;120000;93.5;93.5;93.5;93.5;1;0
ВХЗ-ао;60;20170927;130000;93;93;93;93;3;0
ВХЗ-ао;60;20170927;160000;93;93;92.5;92.5;18;0
ВХЗ-ао;60;20170928;100000;92;93;92;93;4;0
ВХЗ-ао;60;20170928;130000;93.5;94.5;93;94.5;179;0
ВХЗ-ао;60;20170928;140000;94;96.5;92.5;93.5;146;0
ВХЗ-ао;60;20170928;150000;93.5;94.5;93.5;94;3;0
ВХЗ-ао;60;20170928;160000;94;94;94;94;11;0
ВХЗ-ао;60;20170928;170000;95;95;94;94;19;0
ВХЗ-ао;60;20170928;180000;93.5;93.5;93.5;93.5;4;0
ВХЗ-ао;60;20170929;130000;95;95;93.5;95;33;0
ВХЗ-ао;60;20170929;140000;95.5;96;94;96;24;0
ВХЗ-ао;60;20170929;150000;96;97.5;96;97.5;111;0
ВХЗ-ао;60;20170929;160000;97.5;97.5;97;97;11;0
ВХЗ-ао;60;20170929;170000;97;98;97;98;54;0
ВХЗ-ао;60;20170929;180000;97;97;96;97;14;0
ВХЗ-ао;60;20171002;100000;97.5;98;97.5;97.5;7;0
ВХЗ-ао;60;20171002;110000;98;98;96;96;11;0
ВХЗ-ао;60;20171002;120000;97.5;98;96.5;98;9;0
ВХЗ-ао;60;20171002;130000;96.5;96.5;95.5;96;40;0
ВХЗ-ао;60;20171002;140000;95.5;96;95.5;96;65;0
ВХЗ-ао;60;20171002;160000;96.5;96.5;96;96;6;0
ВХЗ-ао;60;20171002;170000;96.5;97;96.5;97;2;0
ВХЗ-ао;60;20171002;180000;96.5;96.5;96.5;96.5;2;0
ВХЗ-ао;60;20171003;100000;95.5;96;95;95.5;49;0
ВХЗ-ао;60;20171003;110000;95;95;95;95;5;0
ВХЗ-ао;60;20171003;120000;96;96.5;95.5;96.5;16;0
ВХЗ-ао;60;20171003;160000;95.5;96.5;95.5;96.5;8;0
ВХЗ-ао;60;20171003;170000;96.5;97;96.5;97;2;0
ВХЗ-ао;60;20171004;110000;95.5;95.5;95;95;5;0
ВХЗ-ао;60;20171004;120000;95.5;95.5;95.5;95.5;1;0
ВХЗ-ао;60;20171004;130000;95.5;95.5;95.5;95.5;1;0
ВХЗ-ао;60;20171004;140000;96;97;96;96.5;8;0
ВХЗ-ао;60;20171004;150000;95.5;95.5;95.5;95.5;1;0
ВХЗ-ао;60;20171005;120000;96.5;97;96.5;97;10;0
ВХЗ-ао;60;20171005;130000;97;97;97;97;5;0
ВХЗ-ао;60;20171005;170000;95.5;95.5;91.5;94;225;0
ВХЗ-ао;60;20171005;180000;94.5;94.5;94.5;94.5;1;0
ВХЗ-ао;60;20171006;110000;94;94;93;94;11;0
ВХЗ-ао;60;20171006;120000;94;94;94;94;3;0
ВХЗ-ао;60;20171006;130000;94.5;94.5;94.5;94.5;2;0
ВХЗ-ао;60;20171006;140000;94.5;94.5;94.5;94.5;5;0
ВХЗ-ао;60;20171006;150000;94.5;94.5;94.5;94.5;5;0
ВХЗ-ао;60;20171006;160000;94;94;94;94;3;0
ВХЗ-ао;60;20171006;170000;94;94.5;94;94.5;2;0
ВХЗ-ао;60;20171009;100000;93.5;94.5;93.5;94.5;9;0
ВХЗ-ао;60;20171009;140000;94.5;95;93.5;93.5;59;0
ВХЗ-ао;60;20171009;160000;94.5;94.5;94.5;94.5;1;0
ВХЗ-ао;60;20171009;170000;95;95;95;95;2;0
ВХЗ-ао;60;20171009;180000;94.5;94.5;94.5;94.5;2;0
ВХЗ-ао;60;20171010;100000;94.5;94.5;94.5;94.5;3;0
ВХЗ-ао;60;20171010;110000;94.5;94.5;94.5;94.5;3;0
ВХЗ-ао;60;20171010;130000;94.5;94.5;94.5;94.5;2;0
ВХЗ-ао;60;20171010;150000;94.5;94.5;94;94;6;0
ВХЗ-ао;60;20171010;160000;95;95;94;94;34;0
ВХЗ-ао;60;20171011;100000;94.5;95;94.5;94.5;10;0
ВХЗ-ао;60;20171011;120000;94.5;94.5;94.5;94.5;2;0
ВХЗ-ао;60;20171011;140000;94;94;94;94;2;0
ВХЗ-ао;60;20171011;160000;94;94;94;94;10;0
ВХЗ-ао;60;20171012;100000;94.5;95;94.5;95;13;0
ВХЗ-ао;60;20171012;110000;94.5;95;94.5;95;10;0
ВХЗ-ао;60;20171012;120000;94.5;94.5;94.5;94.5;2;0
ВХЗ-ао;60;20171012;130000;94.5;94.5;94.5;94.5;2;0
ВХЗ-ао;60;20171012;170000;94.5;94.5;94.5;94.5;2;0
ВХЗ-ао;60;20171013;100000;95;95;95;95;1;0
ВХЗ-ао;60;20171013;110000;95;95;95;95;2;0
ВХЗ-ао;60;20171013;120000;95;95;95;95;1;0
ВХЗ-ао;60;20171013;150000;94.5;94.5;94.5;94.5;2;0
ВХЗ-ао;60;20171013;170000;94;94.5;94;94.5;41;0
ВХЗ-ао;60;20171016;100000;95;95;95;95;3;0
ВХЗ-ао;60;20171016;110000;94;94;94;94;4;0
ВХЗ-ао;60;20171016;120000;95;95.5;95;95;6;0
ВХЗ-ао;60;20171016;140000;95;95;95;95;1;0
ВХЗ-ао;60;20171016;150000;95.5;96;95.5;96;19;0
ВХЗ-ао;60;20171017;110000;96.5;97;96.5;97;15;0
ВХЗ-ао;60;20171017;120000;95.5;95.5;95.5;95.5;2;0
ВХЗ-ао;60;20171017;130000;96.5;96.5;96.5;96.5;5;0
ВХЗ-ао;60;20171017;150000;96.5;96.5;96.5;96.5;3;0
ВХЗ-ао;60;20171017;160000;96;97;96;97;12;0
ВХЗ-ао;60;20171017;170000;96.5;96.5;95.5;95.5;9;0
ВХЗ-ао;60;20171017;180000;96.5;96.5;96.5;96.5;5;0
ВХЗ-ао;60;20171018;100000;96;96;96;96;19;0
ВХЗ-ао;60;20171018;110000;96;96.5;96;96.5;8;0
ВХЗ-ао;60;20171018;160000;97;97;97;97;12;0
ВХЗ-ао;60;20171018;180000;96.5;96.5;96.5;96.5;8;0
ВХЗ-ао;60;20171019;100000;96.5;96.5;96;96;28;0
ВХЗ-ао;60;20171019;110000;96;96;96;96;48;0
ВХЗ-ао;60;20171019;120000;95.5;95.5;95;95;5;0
ВХЗ-ао;60;20171019;140000;95.5;95.5;95.5;95.5;5;0
ВХЗ-ао;60;20171019;150000;95;95.5;95;95.5;15;0
ВХЗ-ао;60;20171019;180000;95.5;95.5;95;95;4;0
ВХЗ-ао;60;20171020;090000;97;97;97;97;1;0
ВХЗ-ао;60;20171020;100000;95.5;96;95.5;96;9;0
ВХЗ-ао;60;20171020;140000;96;96;96;96;4;0
ВХЗ-ао;60;20171020;150000;96.5;97;96.5;97;4;0
ВХЗ-ао;60;20171020;160000;95.5;95.5;94.5;94.5;13;0
ВХЗ-ао;60;20171020;170000;96;96.5;96;96.5;4;0
ВХЗ-ао;60;20171023;100000;94.5;95.5;94.5;95.5;2;0
ВХЗ-ао;60;20171023;110000;96;96;96;96;1;0
ВХЗ-ао;60;20171023;120000;96;96;94.5;94.5;13;0
ВХЗ-ао;60;20171023;150000;95.5;96;95.5;96;2;0
ВХЗ-ао;60;20171023;160000;96.5;97;96.5;97;15;0
ВХЗ-ао;60;20171023;170000;95.5;95.5;95.5;95.5;2;0
ВХЗ-ао;60;20171023;180000;95;95;95;95;13;0
ВХЗ-ао;60;20171024;100000;94.5;94.5;94.5;94.5;11;0
ВХЗ-ао;60;20171024;110000;94;95;94;95;8;0
ВХЗ-ао;60;20171024;130000;94.5;94.5;94.5;94.5;1;0
ВХЗ-ао;60;20171024;180000;94;94;94;94;7;0
ВХЗ-ао;60;20171025;110000;94.5;95;94.5;95;13;0
ВХЗ-ао;60;20171025;130000;95;95;95;95;1;0
ВХЗ-ао;60;20171025;170000;95.5;95.5;95.5;95.5;1;0
ВХЗ-ао;60;20171026;110000;95;95;95;95;7;0
ВХЗ-ао;60;20171026;140000;95.5;96.5;93;95;122;0
ВХЗ-ао;60;20171026;150000;95.5;95.5;95.5;95.5;5;0
ВХЗ-ао;60;20171026;170000;95;95;94.5;94.5;2;0
ВХЗ-ао;60;20171026;180000;95.5;95.5;95.5;95.5;1;0
ВХЗ-ао;60;20171027;100000;95.5;97;95.5;97;6;0
ВХЗ-ао;60;20171027;120000;96;100;96;100;512;0
ВХЗ-ао;60;20171027;130000;98.5;99;98;99;16;0
ВХЗ-ао;60;20171027;140000;97.5;97.5;97.5;97.5;2;0
ВХЗ-ао;60;20171027;150000;98;99;98;99;7;0
ВХЗ-ао;60;20171027;160000;98;99;98;98.5;6;0
ВХЗ-ао;60;20171027;170000;98.5;99;98.5;98.5;3;0
ВХЗ-ао;60;20171030;100000;97;97;92.5;96.5;146;0
ВХЗ-ао;60;20171030;110000;96.5;97;96.5;97;22;0
ВХЗ-ао;60;20171030;140000;97;97;97;97;1;0
ВХЗ-ао;60;20171030;150000;97;97;93;93.5;595;0
ВХЗ-ао;60;20171030;160000;94;94.5;94;94.5;100;0
ВХЗ-ао;60;20171030;170000;94;94;94;94;5;0
ВХЗ-ао;60;20171030;180000;94.5;94.5;94;94.5;30;0
ВХЗ-ао;60;20171031;100000;94.5;94.5;94.5;94.5;1;0
ВХЗ-ао;60;20171031;120000;94;94;94;94;30;0
ВХЗ-ао;60;20171031;130000;94.5;95.5;94;95.5;103;0
ВХЗ-ао;60;20171031;170000;94.5;96;94;96;335;0
ВХЗ-ао;60;20171031;180000;96;96.5;96;96.5;5;0
ВХЗ-ао;60;20171101;110000;96;96;96;96;2;0
ВХЗ-ао;60;20171101;120000;96;96;96;96;42;0
ВХЗ-ао;60;20171101;140000;96.5;96.5;96.5;96.5;1;0
ВХЗ-ао;60;20171101;160000;96.5;98;96.5;98;45;0
ВХЗ-ао;60;20171101;180000;97.5;97.5;97.5;97.5;1;0
ВХЗ-ао;60;20171102;100000;98;98;98;98;1;0
ВХЗ-ао;60;20171102;110000;98;98.5;98;98.5;10;0
ВХЗ-ао;60;20171102;130000;98;98;98;98;3;0
ВХЗ-ао;60;20171102;140000;97.5;98.5;97.5;98.5;54;0
ВХЗ-ао;60;20171102;160000;97.5;97.5;96.5;96.5;20;0
ВХЗ-ао;60;20171102;170000;97;97;97;97;1;0
ВХЗ-ао;60;20171102;180000;97.5;97.5;97.5;97.5;2;0
ВХЗ-ао;60;20171103;120000;98;98;98;98;1;0
ВХЗ-ао;60;20171103;140000;98.5;98.5;98.5;98.5;20;0
ВХЗ-ао;60;20171107;100000;99;99.5;98;98;53;0
ВХЗ-ао;60;20171107;110000;97.5;97.5;97.5;97.5;3;0
ВХЗ-ао;60;20171107;120000;97.5;98.5;97;97;16;0
ВХЗ-ао;60;20171107;130000;97.5;97.5;97.5;97.5;1;0
ВХЗ-ао;60;20171107;170000;97.5;98.5;97;97;24;0
ВХЗ-ао;60;20171108;110000;97.5;97.5;97;97;3;0
ВХЗ-ао;60;20171108;120000;98;98;96.5;96.5;245;0
ВХЗ-ао;60;20171108;130000;97;97;96.5;96.5;17;0
ВХЗ-ао;60;20171108;140000;97;97;96.5;96.5;3;0
ВХЗ-ао;60;20171108;150000;97;97;96;96;82;0
ВХЗ-ао;60;20171108;160000;97.5;97.5;97.5;97.5;3;0
ВХЗ-ао;60;20171108;180000;98;98;98;98;2;0
ВХЗ-ао;60;20171109;120000;98;98;98;98;2;0
ВХЗ-ао;60;20171109;140000;98;98;98;98;6;0
ВХЗ-ао;60;20171109;150000;98.5;98.5;98.5;98.5;2;0
ВХЗ-ао;60;20171109;170000;97;98;97;98;2;0
ВХЗ-ао;60;20171109;180000;98;98.5;98;98.5;4;0
ВХЗ-ао;60;20171110;110000;97.5;97.5;97.5;97.5;4;0
ВХЗ-ао;60;20171110;150000;97;97;95.5;95.5;107;0
ВХЗ-ао;60;20171110;160000;96.5;96.5;96;96;10;0
ВХЗ-ао;60;20171110;170000;97;97;97;97;2;0
ВХЗ-ао;60;20171110;180000;97;97;97;97;1;0
ВХЗ-ао;60;20171113;100000;96.5;97;96.5;97;8;0
ВХЗ-ао;60;20171113;110000;96.5;96.5;96.5;96.5;15;0
ВХЗ-ао;60;20171113;120000;97;98;97;98;22;0
ВХЗ-ао;60;20171113;140000;97;97;97;97;1;0
ВХЗ-ао;60;20171113;150000;98;98;98;98;37;0
ВХЗ-ао;60;20171113;160000;97.5;98;97.5;98;34;0
ВХЗ-ао;60;20171113;180000;98;98;98;98;1;0
ВХЗ-ао;60;20171114;110000;98;99.5;98;98.5;65;0
ВХЗ-ао;60;20171114;120000;99;99;98.5;99;50;0
ВХЗ-ао;60;20171114;140000;98.5;98.5;98.5;98.5;6;0
ВХЗ-ао;60;20171114;150000;99;99;99;99;6;0
ВХЗ-ао;60;20171114;160000;98.5;99;98.5;98.5;13;0
ВХЗ-ао;60;20171114;170000;98.5;98.5;98.5;98.5;8;0
ВХЗ-ао;60;20171115;100000;98.5;98.5;98.5;98.5;21;0
ВХЗ-ао;60;20171115;110000;98.5;98.5;98.5;98.5;4;0
ВХЗ-ао;60;20171115;120000;99;99;97.5;97.5;33;0
ВХЗ-ао;60;20171115;130000;97;99;97;99;38;0
ВХЗ-ао;60;20171115;140000;98.5;98.5;98.5;98.5;1;0
ВХЗ-ао;60;20171115;150000;99;99.5;99;99;4;0
ВХЗ-ао;60;20171115;160000;98.5;98.5;98.5;98.5;3;0
ВХЗ-ао;60;20171115;170000;98.5;98.5;98.5;98.5;2;0
ВХЗ-ао;60;20171115;180000;98;98;98;98;4;0
ВХЗ-ао;60;20171116;100000;98.5;98.5;97;97;9;0
ВХЗ-ао;60;20171116;110000;97.5;97.5;97.5;97.5;14;0
ВХЗ-ао;60;20171116;120000;98;98;98;98;2;0
ВХЗ-ао;60;20171116;130000;97;97;96.5;96.5;12;0
ВХЗ-ао;60;20171116;170000;97.5;97.5;97.5;97.5;18;0
ВХЗ-ао;60;20171117;120000;97;97;97;97;1;0
ВХЗ-ао;60;20171117;180000;97;97;97;97;1;0
ВХЗ-ао;60;20171120;110000;97;97;96;96;102;0
ВХЗ-ао;60;20171120;130000;96;96;96;96;22;0
ВХЗ-ао;60;20171120;150000;96.5;96.5;96.5;96.5;1;0
ВХЗ-ао;60;20171120;160000;96.5;96.5;96.5;96.5;2;0
ВХЗ-ао;60;20171120;170000;96.5;97.5;96.5;97.5;10;0
ВХЗ-ао;60;20171120;180000;97;97;97;97;2;0
ВХЗ-ао;60;20171121;100000;97;97;96;96;16;0
ВХЗ-ао;60;20171121;110000;96.5;96.5;96.5;96.5;4;0
ВХЗ-ао;60;20171121;130000;97;98;97;98;63;0
ВХЗ-ао;60;20171121;140000;98;98;98;98;2;0
ВХЗ-ао;60;20171121;160000;98;98;98;98;5;0
ВХЗ-ао;60;20171121;170000;98;98;97;97;5;0
ВХЗ-ао;60;20171121;180000;97;97;97;97;6;0
ВХЗ-ао;60;20171122;100000;95.5;95.5;95.5;95.5;6;0
ВХЗ-ао;60;20171122;120000;97;97;95.5;95.5;102;0
ВХЗ-ао;60;20171122;130000;95.5;95.5;95.5;95.5;2;0
ВХЗ-ао;60;20171122;140000;97;97;95.5;95.5;41;0
ВХЗ-ао;60;20171122;150000;97;97.5;97;97.5;3;0
ВХЗ-ао;60;20171122;170000;97;98;97;98;20;0
ВХЗ-ао;60;20171122;180000;98;98;98;98;1;0
ВХЗ-ао;60;20171123;120000;97.5;98;97;98;15;0
ВХЗ-ао;60;20171123;130000;96.5;96.5;96;96;3;0
ВХЗ-ао;60;20171123;140000;97;98;97;98;3;0
ВХЗ-ао;60;20171123;170000;97;97;97;97;1;0
ВХЗ-ао;60;20171124;110000;96.5;96.5;96.5;96.5;1;0
ВХЗ-ао;60;20171124;150000;96.5;96.5;96;96;3;0
ВХЗ-ао;60;20171124;160000;96;97;96;96;40;0
ВХЗ-ао;60;20171124;170000;97;97;97;97;10;0
ВХЗ-ао;60;20171127;100000;96.5;96.5;96.5;96.5;4;0
ВХЗ-ао;60;20171127;110000;96.5;96.5;96;96;78;0
ВХЗ-ао;60;20171127;120000;96.5;96.5;96.5;96.5;4;0
ВХЗ-ао;60;20171127;170000;96.5;96.5;96.5;96.5;1;0
ВХЗ-ао;60;20171127;180000;96.5;97;96;97;41;0
ВХЗ-ао;60;20171128;120000;96.5;97;96.5;97;22;0
ВХЗ-ао;60;20171128;140000;97;97;97;97;9;0
ВХЗ-ао;60;20171128;180000;96.5;96.5;96.5;96.5;40;0
ВХЗ-ао;60;20171129;110000;96.5;97;96.5;97;20;0
ВХЗ-ао;60;20171129;140000;97.5;97.5;97;97;3;0
ВХЗ-ао;60;20171129;160000;97;98;97;98;253;0
ВХЗ-ао;60;20171129;170000;97;97;97;97;1;0
ВХЗ-ао;60;20171129;180000;97;97;97;97;1;0
ВХЗ-ао;60;20171130;100000;97;97;97;97;1;0
ВХЗ-ао;60;20171130;130000;96.5;96.5;96.5;96.5;46;0
ВХЗ-ао;60;20171130;140000;96;96;96;96;64;0
ВХЗ-ао;60;20171130;170000;96;96;96;96;1;0
ВХЗ-ао;60;20171201;100000;95.5;96.5;95.5;96.5;8;0
ВХЗ-ао;60;20171201;120000;96.5;96.5;96;96;4;0
ВХЗ-ао;60;20171201;130000;96;96;96;96;1;0
ВХЗ-ао;60;20171201;140000;96.5;97;96;96;35;0
ВХЗ-ао;60;20171201;150000;96;96;96;96;17;0
ВХЗ-ао;60;20171201;160000;96;96.5;96;96.5;6;0
ВХЗ-ао;60;20171201;170000;96;96;96;96;1;0
ВХЗ-ао;60;20171201;180000;96.5;96.5;96.5;96.5;1;0
ВХЗ-ао;60;20171204;110000;96;96;96;96;1;0
ВХЗ-ао;60;20171204;120000;96;96.5;95.5;96.5;19;0
ВХЗ-ао;60;20171204;140000;96;96.5;96;96.5;10;0
ВХЗ-ао;60;20171204;170000;96.5;96.5;96.5;96.5;2;0
ВХЗ-ао;60;20171205;100000;96;96;96;96;3;0
ВХЗ-ао;60;20171205;110000;96;96;96;96;1;0
ВХЗ-ао;60;20171205;120000;96;96.5;96;96;7;0
ВХЗ-ао;60;20171205;140000;96;96;95.5;96;26;0
ВХЗ-ао;60;20171205;150000;95;95.5;93.5;95.5;73;0
ВХЗ-ао;60;20171205;170000;95.5;95.5;95.5;95.5;1;0
ВХЗ-ао;60;20171205;180000;95;96;95;96;11;0
ВХЗ-ао;60;20171206;100000;95;95;94;95;11;0
ВХЗ-ао;60;20171206;110000;95;95;95;95;4;0
ВХЗ-ао;60;20171206;120000;95.5;95.5;94;95;10;0
ВХЗ-ао;60;20171206;140000;95.5;96;95.5;96;55;0
ВХЗ-ао;60;20171206;150000;96;96;96;96;1;0
ВХЗ-ао;60;20171206;160000;96;96;96;96;1;0
ВХЗ-ао;60;20171207;110000;96.5;96.5;96.5;96.5;2;0
ВХЗ-ао;60;20171207;120000;95.5;95.5;95;95;22;0
ВХЗ-ао;60;20171207;130000;95.5;95.5;95.5;95.5;15;0
ВХЗ-ао;60;20171207;150000;95;95.5;94.5;95.5;45;0
ВХЗ-ао;60;20171207;160000;96;96;96;96;1;0
ВХЗ-ао;60;20171207;170000;96;96;96;96;5;0
ВХЗ-ао;60;20171208;100000;95.5;95.5;95.5;95.5;9;0
ВХЗ-ао;60;20171208;110000;95.5;95.5;95.5;95.5;12;0
ВХЗ-ао;60;20171208;130000;95.5;95.5;95.5;95.5;1;0
ВХЗ-ао;60;20171208;160000;95.5;95.5;95.5;95.5;6;0
ВХЗ-ао;60;20171208;170000;95.5;95.5;95.5;95.5;2;0
ВХЗ-ао;60;20171208;180000;95.5;95.5;95.5;95.5;3;0
ВХЗ-ао;60;20171211;120000;95.5;95.5;95.5;95.5;2;0
ВХЗ-ао;60;20171211;130000;95.5;95.5;95.5;95.5;16;0
ВХЗ-ао;60;20171211;140000;95.5;95.5;95.5;95.5;1;0
ВХЗ-ао;60;20171211;150000;95.5;95.5;95;95;7;0
ВХЗ-ао;60;20171211;160000;95.5;95.5;95.5;95.5;10;0
ВХЗ-ао;60;20171211;180000;95.5;95.5;95;95;15;0
ВХЗ-ао;60;20171212;110000;95.5;95.5;95.5;95.5;3;0
ВХЗ-ао;60;20171212;130000;95.5;95.5;95.5;95.5;1;0
ВХЗ-ао;60;20171212;140000;95.5;96;95.5;96;9;0
ВХЗ-ао;60;20171212;150000;95;95;95;95;11;0
ВХЗ-ао;60;20171212;160000;95;95;95;95;1;0
ВХЗ-ао;60;20171212;170000;95;95.5;95;95;17;0
ВХЗ-ао;60;20171212;180000;95;95;93.5;94.5;35;0
ВХЗ-ао;60;20171213;100000;93.5;94.5;93;94.5;25;0
ВХЗ-ао;60;20171213;110000;94.5;95;94.5;95;15;0
ВХЗ-ао;60;20171213;130000;94.5;95.5;94.5;94.5;30;0
ВХЗ-ао;60;20171213;140000;94.5;94.5;94.5;94.5;1;0
ВХЗ-ао;60;20171213;180000;95.5;95.5;95.5;95.5;14;0
ВХЗ-ао;60;20171214;110000;95;95;92.5;93;180;0
ВХЗ-ао;60;20171214;120000;93;93;92.5;92.5;48;0
ВХЗ-ао;60;20171214;130000;92.5;92.5;92;92.5;32;0
ВХЗ-ао;60;20171214;150000;92.5;93;92.5;93;7;0
ВХЗ-ао;60;20171214;160000;93;93;93;93;20;0
ВХЗ-ао;60;20171214;170000;92.5;93;92.5;93;12;0
ВХЗ-ао;60;20171214;180000;92.5;93;92.5;93;25;0
ВХЗ-ао;60;20171215;090000;93;93;93;93;16;0
ВХЗ-ао;60;20171215;100000;93;93;92;92;29;0
ВХЗ-ао;60;20171215;110000;91.5;92;91;91;48;0
ВХЗ-ао;60;20171215;120000;91.5;91.5;91.5;91.5;26;0
ВХЗ-ао;60;20171215;130000;91.5;91.5;91.5;91.5;15;0
ВХЗ-ао;60;20171215;140000;91.5;91.5;91.5;91.5;5;0
ВХЗ-ао;60;20171215;150000;91.5;91.5;91.5;91.5;1;0
ВХЗ-ао;60;20171215;160000;91.5;91.5;91.5;91.5;1;0
ВХЗ-ао;60;20171215;170000;91;91;88;89.5;727;0
ВХЗ-ао;60;20171215;180000;89.5;89.5;89;89.5;75;0
ВХЗ-ао;60;20171218;090000;90.5;90.5;90.5;90.5;1;0
ВХЗ-ао;60;20171218;100000;90.5;90.5;90.5;90.5;5;0
ВХЗ-ао;60;20171218;110000;89.5;90.5;89.5;89.5;18;0
ВХЗ-ао;60;20171218;120000;90;90.5;90;90.5;24;0
ВХЗ-ао;60;20171218;130000;90.5;90.5;90.5;90.5;4;0
ВХЗ-ао;60;20171218;140000;90.5;90.5;90;90;52;0
ВХЗ-ао;60;20171218;150000;90;90;89.5;90;32;0
ВХЗ-ао;60;20171218;160000;90;90;90;90;3;0
ВХЗ-ао;60;20171218;180000;89.5;90;89.5;90;8;0
ВХЗ-ао;60;20171219;100000;86.5;90.5;81;87;265;0
ВХЗ-ао;60;20171219;110000;89.5;90;89.5;90;19;0
ВХЗ-ао;60;20171219;130000;90;90;90;90;23;0
ВХЗ-ао;60;20171219;140000;90;90;90;90;9;0
ВХЗ-ао;60;20171219;150000;90;90;90;90;3;0
ВХЗ-ао;60;20171219;160000;89.5;89.5;89;89;12;0
ВХЗ-ао;60;20171219;170000;90;90;90;90;1;0
ВХЗ-ао;60;20171219;180000;89;90;89;90;19;0
ВХЗ-ао;60;20171220;100000;90;90;90;90;6;0
ВХЗ-ао;60;20171220;110000;89.5;89.5;89.5;89.5;6;0
ВХЗ-ао;60;20171220;130000;90;90;90;90;114;0
ВХЗ-ао;60;20171220;140000;90;90;90;90;5;0
ВХЗ-ао;60;20171220;150000;90;90;89.5;90;282;0
ВХЗ-ао;60;20171220;160000;90.5;90.5;90.5;90.5;9;0
ВХЗ-ао;60;20171220;170000;90.5;91;90.5;91;3;0
ВХЗ-ао;60;20171220;180000;90;90;90;90;3;0
ВХЗ-ао;60;20171221;100000;90;90;90;90;9;0
ВХЗ-ао;60;20171221;110000;91;91;91;91;13;0
ВХЗ-ао;60;20171221;130000;91;91;91;91;2;0
ВХЗ-ао;60;20171221;140000;91.5;91.5;91.5;91.5;1;0
ВХЗ-ао;60;20171221;150000;90;91.5;90;91.5;5;0
ВХЗ-ао;60;20171221;170000;91.5;91.5;91.5;91.5;2;0
ВХЗ-ао;60;20171221;180000;91;91.5;91;91.5;12;0
ВХЗ-ао;60;20171222;100000;91.5;92.5;91.5;92.5;9;0
ВХЗ-ао;60;20171222;120000;92;92;92;92;3;0
ВХЗ-ао;60;20171222;130000;92;92;92;92;3;0
ВХЗ-ао;60;20171222;150000;91;92;91;92;4;0
ВХЗ-ао;60;20171222;170000;92.5;93;92.5;93;6;0
ВХЗ-ао;60;20171225;100000;93;93;93;93;3;0
ВХЗ-ао;60;20171225;110000;93;93;92;92;12;0
ВХЗ-ао;60;20171225;120000;91.5;92;91.5;91.5;25;0
ВХЗ-ао;60;20171225;130000;92;92;92;92;1;0
ВХЗ-ао;60;20171225;140000;92;92;92;92;4;0
ВХЗ-ао;60;20171225;180000;91.5;91.5;90.5;91.5;22;0
ВХЗ-ао;60;20171226;090000;91.5;91.5;91.5;91.5;2;0
ВХЗ-ао;60;20171226;100000;92;92.5;92;92.5;2;0
ВХЗ-ао;60;20171226;110000;91;91;90;90;30;0
ВХЗ-ао;60;20171226;120000;91;91;91;91;10;0
ВХЗ-ао;60;20171226;130000;91;91;91;91;1;0
ВХЗ-ао;60;20171226;140000;90;90;90;90;29;0
ВХЗ-ао;60;20171226;150000;89.5;91;89.5;91;30;0
ВХЗ-ао;60;20171226;170000;90;91;90;91;11;0
ВХЗ-ао;60;20171227;090000;91;91;91;91;1;0
ВХЗ-ао;60;20171227;110000;90.5;90.5;90.5;90.5;1;0
ВХЗ-ао;60;20171227;120000;90.5;90.5;90.5;90.5;1;0
ВХЗ-ао;60;20171227;130000;91;91;91;91;5;0
ВХЗ-ао;60;20171227;150000;90;90;89.5;89.5;18;0
ВХЗ-ао;60;20171227;160000;89.5;90;89;90;9;0
ВХЗ-ао;60;20171227;170000;90;90;90;90;13;0
ВХЗ-ао;60;20171227;180000;90;90;89.5;90;17;0
ВХЗ-ао;60;20171228;110000;90;90;89;90;82;0
ВХЗ-ао;60;20171228;120000;89.5;89.5;88.5;88.5;3;0
ВХЗ-ао;60;20171228;130000;89.5;90;89.5;90;3;0
ВХЗ-ао;60;20171228;140000;90;90;89;89;43;0
ВХЗ-ао;60;20171228;150000;90;90;90;90;1;0
ВХЗ-ао;60;20171228;180000;90;90;90;90;13;0
ВХЗ-ао;60;20171229;120000;90;90.5;90;90.5;2;0
ВХЗ-ао;60;20171229;130000;89.5;90;89.5;90;19;0
ВХЗ-ао;60;20171229;140000;90.5;90.5;90.5;90.5;2;0
ВХЗ-ао;60;20171229;150000;90;90;88.5;89.5;51;0
ВХЗ-ао;60;20171229;160000;89.5;90;89.5;90;10;0
ВХЗ-ао;60;20171229;170000;90.5;90.5;90.5;90.5;1;0
ВХЗ-ао;60;20171229;180000;90;90;90;90;1;0
