<TICKER>;<PER>;<DATE>;<TIME>;<OPEN>;<HIGH>;<LOW>;<CLOSE>;<VOL>;<OPENINT>
Галс-Девел;60;20170124;130000;1245;1245;1245;1245;30;0
Галс-Девел;60;20170125;140000;1240;1240;1240;1240;1;0
Галс-Девел;60;20170125;150000;1240;1240;1240;1240;8;0
Галс-Девел;60;20170125;170000;1240;1240;1240;1240;5;0
Галс-Девел;60;20170126;130000;1240;1240;1240;1240;1;0
Галс-Девел;60;20170126;170000;1245;1245;1245;1245;2;0
Галс-Девел;60;20170127;160000;1245;1245;1245;1245;4;0
Галс-Девел;60;20170127;180000;1250;1250;1250;1250;1;0
Галс-Девел;60;20170130;100000;1240;1270;1105;1270;84;0
Галс-Девел;60;20170130;110000;1270;1270;1270;1270;6;0
Галс-Девел;60;20170130;130000;1260;1260;1255;1255;4;0
Галс-Девел;60;20170130;140000;1265;1265;1265;1265;1;0
Галс-Девел;60;20170131;120000;1255;1255;1250;1250;14;0
Галс-Девел;60;20170131;130000;1260;1270;1260;1270;30;0
Галс-Девел;60;20170131;150000;1270;1270;1260;1260;4;0
Галс-Девел;60;20170201;130000;1255;1255;1200;1200;70;0
Галс-Девел;60;20170201;140000;1230;1235;1215;1235;8;0
Галс-Девел;60;20170201;150000;1240;1250;1240;1240;32;0
Галс-Девел;60;20170201;170000;1240;1240;1240;1240;2;0
Галс-Девел;60;20170201;180000;1250;1250;1250;1250;4;0
Галс-Девел;60;20170202;100000;1190;1200;1185;1195;175;0
Галс-Девел;60;20170202;130000;1190;1195;1190;1190;23;0
Галс-Девел;60;20170202;140000;1190;1190;1190;1190;3;0
Галс-Девел;60;20170202;160000;1190;1190;1190;1190;1;0
Галс-Девел;60;20170203;100000;1140;1185;1080;1180;462;0
Галс-Девел;60;20170203;110000;1180;1180;1175;1175;12;0
Галс-Девел;60;20170203;120000;1175;1175;1175;1175;10;0
Галс-Девел;60;20170203;130000;1165;1165;1165;1165;3;0
Галс-Девел;60;20170203;150000;1175;1175;1175;1175;1;0
Галс-Девел;60;20170203;160000;1175;1175;1175;1175;4;0
Галс-Девел;60;20170206;100000;1185;1185;1185;1185;1;0
Галс-Девел;60;20170206;110000;1190;1190;1185;1185;24;0
Галс-Девел;60;20170206;160000;1180;1180;1170;1170;21;0
Галс-Девел;60;20170206;180000;1175;1175;1175;1175;10;0
Галс-Девел;60;20170207;090000;1200;1200;1200;1200;2;0
Галс-Девел;60;20170207;100000;1200;1200;1195;1195;7;0
Галс-Девел;60;20170207;110000;1190;1190;1185;1185;2;0
Галс-Девел;60;20170208;110000;1190;1190;1190;1190;3;0
Галс-Девел;60;20170208;160000;1190;1190;1190;1190;2;0
Галс-Девел;60;20170209;110000;1190;1190;1190;1190;5;0
Галс-Девел;60;20170209;170000;1190;1190;1185;1185;2;0
Галс-Девел;60;20170209;180000;1190;1190;1190;1190;2;0
Галс-Девел;60;20170210;110000;1175;1175;1175;1175;1;0
Галс-Девел;60;20170210;130000;1180;1655;1180;1495;1291;0
Галс-Девел;60;20170210;140000;1495;1625;1400;1425;650;0
Галс-Девел;60;20170210;150000;1425;1440;1380;1380;145;0
Галс-Девел;60;20170210;160000;1380;1460;1355;1410;267;0
Галс-Девел;60;20170210;170000;1405;1440;1385;1440;216;0
Галс-Девел;60;20170210;180000;1430;1500;1380;1420;1730;0
Галс-Девел;60;20170213;090000;1450;1450;1450;1450;11;0
Галс-Девел;60;20170213;100000;1445;1560;1405;1435;1306;0
Галс-Девел;60;20170213;110000;1430;1475;1430;1475;123;0
Галс-Девел;60;20170213;120000;1470;1540;1450;1490;501;0
Галс-Девел;60;20170213;130000;1490;1530;1480;1480;116;0
Галс-Девел;60;20170213;140000;1480;1550;1420;1530;554;0
Галс-Девел;60;20170213;150000;1525;1535;1500;1500;72;0
Галс-Девел;60;20170213;160000;1490;1535;1490;1500;185;0
Галс-Девел;60;20170213;170000;1500;1530;1490;1530;200;0
Галс-Девел;60;20170213;180000;1530;1550;1450;1500;508;0
Галс-Девел;60;20170214;100000;1515;1515;1415;1470;428;0
Галс-Девел;60;20170214;110000;1465;1515;1450;1500;216;0
Галс-Девел;60;20170214;120000;1495;1495;1490;1490;11;0
Галс-Девел;60;20170214;130000;1490;1490;1485;1485;32;0
Галс-Девел;60;20170214;140000;1480;1520;1460;1520;299;0
Галс-Девел;60;20170214;150000;1520;1520;1405;1465;139;0
Галс-Девел;60;20170214;160000;1460;1520;1375;1500;387;0
Галс-Девел;60;20170214;170000;1500;1510;1495;1495;16;0
Галс-Девел;60;20170214;180000;1490;1490;1490;1490;11;0
Галс-Девел;60;20170215;100000;1450;1485;1380;1445;392;0
Галс-Девел;60;20170215;110000;1435;1455;1325;1375;709;0
Галс-Девел;60;20170215;120000;1360;1405;1350;1370;231;0
Галс-Девел;60;20170215;130000;1365;1375;1340;1375;26;0
Галс-Девел;60;20170215;140000;1380;1405;1380;1405;15;0
Галс-Девел;60;20170215;150000;1395;1395;1390;1390;2;0
Галс-Девел;60;20170215;160000;1400;1405;1365;1365;35;0
Галс-Девел;60;20170215;170000;1370;1370;1360;1360;2;0
Галс-Девел;60;20170215;180000;1360;1365;1350;1350;65;0
Галс-Девел;60;20170216;100000;1355;1360;1355;1360;4;0
Галс-Девел;60;20170216;110000;1360;1360;1265;1265;596;0
Галс-Девел;60;20170216;120000;1275;1295;1245;1270;379;0
Галс-Девел;60;20170216;130000;1275;1290;1270;1270;7;0
Галс-Девел;60;20170216;140000;1270;1290;1270;1280;10;0
Галс-Девел;60;20170216;150000;1290;1290;1265;1285;34;0
Галс-Девел;60;20170216;160000;1285;1285;1270;1270;16;0
Галс-Девел;60;20170216;170000;1270;1270;1260;1270;18;0
Галс-Девел;60;20170216;180000;1275;1275;1275;1275;1;0
Галс-Девел;60;20170217;100000;1265;1280;1245;1275;26;0
Галс-Девел;60;20170217;120000;1280;1280;1270;1270;2;0
Галс-Девел;60;20170217;180000;1265;1270;1260;1270;7;0
Галс-Девел;60;20170220;100000;1260;1265;1210;1265;17;0
Галс-Девел;60;20170220;110000;1255;1255;1220;1220;104;0
Галс-Девел;60;20170220;120000;1220;1235;1220;1235;26;0
Галс-Девел;60;20170220;130000;1230;1230;1230;1230;2;0
Галс-Девел;60;20170220;140000;1230;1230;1230;1230;7;0
Галс-Девел;60;20170220;170000;1230;1230;1220;1220;22;0
Галс-Девел;60;20170220;180000;1225;1235;1220;1235;5;0
Галс-Девел;60;20170221;100000;1220;1220;1220;1220;1;0
Галс-Девел;60;20170221;120000;1220;1220;1210;1210;15;0
Галс-Девел;60;20170221;140000;1210;1210;1205;1205;5;0
Галс-Девел;60;20170221;150000;1210;1215;1210;1215;3;0
Галс-Девел;60;20170221;160000;1215;1215;1215;1215;1;0
Галс-Девел;60;20170221;170000;1210;1210;1210;1210;1;0
Галс-Девел;60;20170221;180000;1235;1235;1235;1235;2;0
Галс-Девел;60;20170222;100000;1225;1225;1220;1220;3;0
Галс-Девел;60;20170222;120000;1230;1235;1230;1230;23;0
Галс-Девел;60;20170222;140000;1235;1235;1235;1235;1;0
Галс-Девел;60;20170222;150000;1230;1230;1230;1230;4;0
Галс-Девел;60;20170222;160000;1230;1240;1230;1240;4;0
Галс-Девел;60;20170224;110000;1235;1235;1235;1235;1;0
Галс-Девел;60;20170224;120000;1230;1230;1225;1225;2;0
Галс-Девел;60;20170224;150000;1225;1225;1225;1225;4;0
Галс-Девел;60;20170224;160000;1220;1220;1220;1220;1;0
Галс-Девел;60;20170224;170000;1225;1225;1225;1225;1;0
Галс-Девел;60;20170224;180000;1225;1225;1225;1225;1;0
Галс-Девел;60;20170227;130000;1215;1215;1200;1205;16;0
Галс-Девел;60;20170227;160000;1215;1215;1215;1215;1;0
Галс-Девел;60;20170227;180000;1205;1205;1190;1200;61;0
Галс-Девел;60;20170228;100000;1190;1190;1105;1165;52;0
Галс-Девел;60;20170228;110000;1160;1180;1150;1165;17;0
Галс-Девел;60;20170228;120000;1175;1180;1170;1170;3;0
Галс-Девел;60;20170228;130000;1165;1180;1165;1180;67;0
Галс-Девел;60;20170228;140000;1170;1170;1170;1170;1;0
Галс-Девел;60;20170228;150000;1180;1190;1180;1190;12;0
Галс-Девел;60;20170228;160000;1190;1200;1190;1200;15;0
Галс-Девел;60;20170228;170000;1190;1190;1190;1190;1;0
Галс-Девел;60;20170301;100000;1195;1200;1190;1200;10;0
Галс-Девел;60;20170301;180000;1200;1200;1190;1190;2;0
Галс-Девел;60;20170302;100000;1200;1200;1200;1200;1;0
Галс-Девел;60;20170302;110000;1195;1195;1195;1195;4;0
Галс-Девел;60;20170302;160000;1200;1200;1190;1190;3;0
Галс-Девел;60;20170303;100000;1185;1200;1175;1200;15;0
Галс-Девел;60;20170303;130000;1190;1190;1165;1165;4;0
Галс-Девел;60;20170303;150000;1190;1195;1190;1195;2;0
Галс-Девел;60;20170303;170000;1195;1195;1195;1195;5;0
Галс-Девел;60;20170306;100000;1200;1200;1200;1200;1;0
Галс-Девел;60;20170306;110000;1195;1195;1190;1190;4;0
Галс-Девел;60;20170306;130000;1190;1190;1190;1190;1;0
Галс-Девел;60;20170306;150000;1200;1200;1200;1200;3;0
Галс-Девел;60;20170306;170000;1205;1210;1205;1210;2;0
Галс-Девел;60;20170307;180000;1200;1200;1195;1195;2;0
Галс-Девел;60;20170309;100000;1260;1290;1190;1195;23;0
Галс-Девел;60;20170309;110000;1195;1195;1195;1195;4;0
Галс-Девел;60;20170309;140000;1175;1190;1175;1190;10;0
Галс-Девел;60;20170309;170000;1195;1195;1195;1195;1;0
Галс-Девел;60;20170310;100000;1190;1190;1180;1180;3;0
Галс-Девел;60;20170310;120000;1185;1185;1180;1180;10;0
Галс-Девел;60;20170310;140000;1190;1190;1190;1190;1;0
Галс-Девел;60;20170310;160000;1180;1180;1180;1180;1;0
Галс-Девел;60;20170313;110000;1190;1190;1190;1190;1;0
Галс-Девел;60;20170313;140000;1180;1180;1180;1180;1;0
Галс-Девел;60;20170314;100000;1175;1175;1155;1160;5;0
Галс-Девел;60;20170314;110000;1190;1195;1190;1195;4;0
Галс-Девел;60;20170314;120000;1195;1195;1195;1195;5;0
Галс-Девел;60;20170314;130000;1200;1200;1190;1190;3;0
Галс-Девел;60;20170314;180000;1170;1170;1170;1170;1;0
Галс-Девел;60;20170315;100000;1185;1185;1180;1180;2;0
Галс-Девел;60;20170315;110000;1175;1185;1175;1185;3;0
Галс-Девел;60;20170315;130000;1200;1200;1200;1200;1;0
Галс-Девел;60;20170315;140000;1185;1185;1185;1185;1;0
Галс-Девел;60;20170316;110000;1185;1185;1185;1185;5;0
Галс-Девел;60;20170316;140000;1200;1280;1200;1280;60;0
Галс-Девел;60;20170316;150000;1235;1275;1215;1275;47;0
Галс-Девел;60;20170316;160000;1275;1275;1275;1275;5;0
Галс-Девел;60;20170317;110000;1235;1235;1235;1235;1;0
Галс-Девел;60;20170321;120000;1210;1245;1210;1245;2;0
Галс-Девел;60;20170322;180000;1215;1215;1160;1200;182;0
Галс-Девел;60;20170323;120000;1210;1225;1200;1225;10;0
Галс-Девел;60;20170324;100000;1165;1200;1165;1180;7;0
Галс-Девел;60;20170324;110000;1170;1170;1160;1165;6;0
Галс-Девел;60;20170327;100000;1150;1150;1150;1150;1;0
Галс-Девел;60;20170327;110000;1150;1170;1150;1170;24;0
Галс-Девел;60;20170328;100000;1170;1170;1170;1170;6;0
Галс-Девел;60;20170328;120000;1180;1180;1180;1180;3;0
Галс-Девел;60;20170328;130000;1195;1195;1170;1170;8;0
Галс-Девел;60;20170329;100000;1165;1165;1160;1160;2;0
Галс-Девел;60;20170329;110000;1175;1180;1175;1180;2;0
Галс-Девел;60;20170329;120000;1180;1180;1180;1180;5;0
Галс-Девел;60;20170330;160000;1170;1170;1115;1155;27;0
Галс-Девел;60;20170330;170000;1155;1155;1155;1155;1;0
Галс-Девел;60;20170331;100000;1160;1160;1160;1160;1;0
Галс-Девел;60;20170406;170000;1165;1165;1165;1165;4;0
Галс-Девел;60;20170407;120000;1165;1165;1165;1165;3;0
Галс-Девел;60;20170407;160000;1175;1180;1175;1180;2;0
Галс-Девел;60;20170410;160000;1160;1160;1160;1160;7;0
Галс-Девел;60;20170410;170000;1160;1160;1160;1160;63;0
Галс-Девел;60;20170410;180000;1175;1175;1175;1175;1;0
Галс-Девел;60;20170412;150000;1160;1160;1160;1160;3;0
Галс-Девел;60;20170413;120000;1165;1235;1105;1105;55;0
Галс-Девел;60;20170413;130000;1105;1185;1105;1185;11;0
Галс-Девел;60;20170413;150000;1130;1145;1100;1145;36;0
Галс-Девел;60;20170413;170000;1170;1235;1145;1145;24;0
Галс-Девел;60;20170414;100000;1150;1205;1150;1205;6;0
Галс-Девел;60;20170414;120000;1165;1165;1165;1165;2;0
Галс-Девел;60;20170418;110000;1160;1160;1160;1160;3;0
Галс-Девел;60;20170418;130000;1160;1160;1150;1150;10;0
Галс-Девел;60;20170418;180000;1150;1150;1150;1150;2;0
Галс-Девел;60;20170419;100000;1150;1150;1150;1150;3;0
Галс-Девел;60;20170421;100000;1150;1150;1150;1150;5;0
Галс-Девел;60;20170421;140000;1175;1180;1175;1180;23;0
Галс-Девел;60;20170421;150000;1200;1260;1200;1260;125;0
Галс-Девел;60;20170421;160000;1210;1215;1210;1215;22;0
Галс-Девел;60;20170421;170000;1215;1215;1215;1215;5;0
Галс-Девел;60;20170421;180000;1270;1270;1265;1270;28;0
Галс-Девел;60;20170424;160000;1230;1265;1185;1185;85;0
Галс-Девел;60;20170424;170000;1195;1195;1175;1175;54;0
Галс-Девел;60;20170424;180000;1205;1205;1155;1180;4;0
Галс-Девел;60;20170425;110000;1165;1165;1165;1165;5;0
Галс-Девел;60;20170425;150000;1135;1185;1135;1185;12;0
Галс-Девел;60;20170425;160000;1200;1200;1200;1200;2;0
Галс-Девел;60;20170425;170000;1155;1155;1155;1155;1;0
Галс-Девел;60;20170425;180000;1160;1160;1160;1160;2;0
Галс-Девел;60;20170426;100000;1160;1160;1160;1160;5;0
Галс-Девел;60;20170428;100000;1055;1140;1015;1140;27;0
Галс-Девел;60;20170428;120000;1140;1165;1140;1165;6;0
Галс-Девел;60;20170428;140000;1165;1175;1165;1175;11;0
Галс-Девел;60;20170502;180000;1170;1170;1170;1170;8;0
Галс-Девел;60;20170503;180000;1170;1220;1070;1220;88;0
Галс-Девел;60;20170505;140000;1095;1215;1095;1150;7;0
Галс-Девел;60;20170505;160000;1135;1210;1130;1210;21;0
Галс-Девел;60;20170510;180000;1140;1195;1135;1195;8;0
Галс-Девел;60;20170511;160000;1155;1155;1155;1155;1;0
Галс-Девел;60;20170511;180000;1195;1195;1195;1195;2;0
Галс-Девел;60;20170512;150000;1105;1110;1010;1095;105;0
Галс-Девел;60;20170512;160000;1095;1125;1095;1125;6;0
Галс-Девел;60;20170512;170000;1120;1125;1120;1125;2;0
Галс-Девел;60;20170515;100000;1105;1105;1075;1075;15;0
Галс-Девел;60;20170515;160000;1070;1185;1070;1185;45;0
Галс-Девел;60;20170515;170000;1185;1185;1180;1180;20;0
Галс-Девел;60;20170515;180000;1175;1175;1175;1175;1;0
Галс-Девел;60;20170516;110000;1080;1095;1080;1095;10;0
Галс-Девел;60;20170516;120000;1110;1110;1110;1110;1;0
Галс-Девел;60;20170516;130000;1100;1100;1095;1095;14;0
Галс-Девел;60;20170516;150000;1095;1095;1095;1095;1;0
Галс-Девел;60;20170516;160000;1075;1075;1075;1075;29;0
Галс-Девел;60;20170516;180000;1085;1110;1070;1110;43;0
Галс-Девел;60;20170518;170000;1050;1050;1045;1045;2;0
Галс-Девел;60;20170518;180000;1050;1050;1050;1050;1;0
Галс-Девел;60;20170519;100000;1065;1065;1065;1065;1;0
Галс-Девел;60;20170519;140000;1070;1070;1070;1070;1;0
Галс-Девел;60;20170522;110000;1030;1030;1025;1025;8;0
Галс-Девел;60;20170522;150000;1075;1090;1055;1055;21;0
Галс-Девел;60;20170522;160000;1050;1050;1050;1050;1;0
Галс-Девел;60;20170522;170000;1045;1045;1045;1045;8;0
Галс-Девел;60;20170523;100000;1045;1045;1045;1045;5;0
Галс-Девел;60;20170523;130000;1035;1035;1030;1030;2;0
Галс-Девел;60;20170523;140000;1040;1040;1040;1040;1;0
Галс-Девел;60;20170524;160000;1045;1045;1040;1045;4;0
Галс-Девел;60;20170524;180000;1045;1050;1045;1050;2;0
Галс-Девел;60;20170526;100000;1075;1075;1075;1075;1;0
Галс-Девел;60;20170601;140000;1090;1165;1090;1165;21;0
Галс-Девел;60;20170602;170000;1115;1115;1115;1115;1;0
Галс-Девел;60;20170605;110000;1030;1110;1030;1110;9;0
Галс-Девел;60;20170606;100000;1120;1120;1120;1120;5;0
Галс-Девел;60;20170606;110000;1130;1130;1130;1130;2;0
Галс-Девел;60;20170607;100000;1115;1120;1115;1120;2;0
Галс-Девел;60;20170607;110000;1115;1115;1115;1115;1;0
Галс-Девел;60;20170607;160000;1115;1115;1115;1115;1;0
Галс-Девел;60;20170608;130000;1130;1150;1120;1120;19;0
Галс-Девел;60;20170614;150000;1130;1140;1130;1140;13;0
Галс-Девел;60;20170614;160000;1145;1145;1145;1145;6;0
Галс-Девел;60;20170615;130000;1045;1045;1030;1030;12;0
Галс-Девел;60;20170615;140000;1025;1025;1025;1025;1;0
Галс-Девел;60;20170615;150000;1085;1085;1085;1085;1;0
Галс-Девел;60;20170616;110000;1105;1110;1105;1105;7;0
Галс-Девел;60;20170616;170000;1100;1100;1035;1090;106;0
Галс-Девел;60;20170619;100000;1065;1065;1065;1065;1;0
Галс-Девел;60;20170619;110000;1085;1085;1080;1080;2;0
Галс-Девел;60;20170619;150000;1090;1100;1090;1100;5;0
Галс-Девел;60;20170620;150000;1030;1030;1030;1030;1;0
Галс-Девел;60;20170620;160000;1040;1040;825;1010;124;0
Галс-Девел;60;20170620;170000;1005;1035;990;1035;43;0
Галс-Девел;60;20170620;180000;1010;1030;1010;1030;3;0
Галс-Девел;60;20170621;100000;1030;1030;1015;1015;6;0
Галс-Девел;60;20170622;170000;1005;1005;1005;1005;5;0
Галс-Девел;60;20170623;140000;1025;1030;1025;1030;2;0
Галс-Девел;60;20170623;180000;1010;1010;1010;1010;1;0
Галс-Девел;60;20170626;090000;1090;1090;1090;1090;1;0
Галс-Девел;60;20170626;100000;1085;1085;1035;1040;41;0
Галс-Девел;60;20170626;110000;1035;1035;1035;1035;1;0
Галс-Девел;60;20170628;140000;1035;1035;1035;1035;1;0
Галс-Девел;60;20170629;100000;1090;1090;1090;1090;3;0
Галс-Девел;60;20170630;130000;1050;1050;1050;1050;2;0
Галс-Девел;60;20170703;150000;1055;1055;1055;1055;1;0
Галс-Девел;60;20170705;100000;1060;1095;1060;1095;11;0
Галс-Девел;60;20170705;110000;1015;1015;1005;1015;38;0
Галс-Девел;60;20170705;120000;1015;1020;1015;1020;2;0
Галс-Девел;60;20170705;150000;1020;1020;1020;1020;3;0
Галс-Девел;60;20170705;160000;1025;1025;1010;1010;2;0
Галс-Девел;60;20170705;170000;1010;1010;1010;1010;1;0
Галс-Девел;60;20170705;180000;1025;1025;1025;1025;6;0
Галс-Девел;60;20170706;100000;1075;1075;1025;1025;11;0
Галс-Девел;60;20170706;120000;1030;1030;1025;1025;21;0
Галс-Девел;60;20170706;130000;1020;1020;1010;1010;9;0
Галс-Девел;60;20170706;140000;1020;1020;1020;1020;9;0
Галс-Девел;60;20170707;100000;1010;1010;1010;1010;20;0
Галс-Девел;60;20170707;120000;1010;1010;1010;1010;4;0
Галс-Девел;60;20170707;140000;1010;1010;975;1005;25;0
Галс-Девел;60;20170707;150000;1005;1010;1005;1010;14;0
Галс-Девел;60;20170711;130000;1005;1005;945;945;27;0
Галс-Девел;60;20170711;140000;965;965;945;945;21;0
Галс-Девел;60;20170711;150000;975;980;975;980;23;0
Галс-Девел;60;20170711;180000;985;985;975;975;12;0
Галс-Девел;60;20170712;100000;995;1000;995;1000;7;0
Галс-Девел;60;20170712;110000;1000;1000;1000;1000;20;0
Галс-Девел;60;20170712;120000;995;995;965;965;16;0
Галс-Девел;60;20170712;130000;965;965;965;965;3;0
Галс-Девел;60;20170712;140000;965;965;965;965;2;0
Галс-Девел;60;20170712;180000;975;975;975;975;27;0
Галс-Девел;60;20170717;130000;980;980;975;975;5;0
Галс-Девел;60;20170718;150000;995;995;995;995;11;0
Галс-Девел;60;20170718;170000;995;995;995;995;2;0
Галс-Девел;60;20170721;160000;955;960;950;960;17;0
Галс-Девел;60;20170721;170000;960;985;960;985;2;0
Галс-Девел;60;20170721;180000;980;990;980;990;2;0
Галс-Девел;60;20170725;150000;975;975;950;960;49;0
Галс-Девел;60;20170725;160000;960;960;960;960;7;0
Галс-Девел;60;20170725;180000;955;960;955;960;14;0
Галс-Девел;60;20170726;150000;960;960;960;960;4;0
Галс-Девел;60;20170727;180000;950;950;950;950;6;0
Галс-Девел;60;20170728;110000;950;950;950;950;6;0
Галс-Девел;60;20170728;130000;975;975;975;975;1;0
Галс-Девел;60;20170731;150000;975;975;975;975;3;0
Галс-Девел;60;20170731;180000;975;975;975;975;5;0
Галс-Девел;60;20170802;130000;970;970;970;970;1;0
Галс-Девел;60;20170802;180000;970;970;940;940;10;0
Галс-Девел;60;20170807;100000;955;980;825;945;68;0
Галс-Девел;60;20170807;130000;900;900;870;870;17;0
Галс-Девел;60;20170807;170000;910;910;905;905;30;0
Галс-Девел;60;20170809;100000;920;920;920;920;1;0
Галс-Девел;60;20170809;110000;925;925;920;920;10;0
Галс-Девел;60;20170809;170000;915;915;915;915;5;0
Галс-Девел;60;20170810;100000;945;945;935;945;7;0
Галс-Девел;60;20170810;130000;920;920;920;920;2;0
Галс-Девел;60;20170811;100000;915;915;915;915;1;0
Галс-Девел;60;20170811;180000;915;915;915;915;3;0
Галс-Девел;60;20170814;100000;985;995;905;960;11;0
Галс-Девел;60;20170814;110000;950;950;950;950;1;0
Галс-Девел;60;20170814;120000;950;950;950;950;7;0
Галс-Девел;60;20170815;120000;910;940;910;940;2;0
Галс-Девел;60;20170815;140000;930;930;920;920;7;0
Галс-Девел;60;20170815;150000;920;920;915;915;11;0
Галс-Девел;60;20170815;160000;915;915;915;915;1;0
Галс-Девел;60;20170815;170000;915;915;915;915;18;0
Галс-Девел;60;20170815;180000;925;935;925;935;2;0
Галс-Девел;60;20170817;170000;950;965;950;965;24;0
Галс-Девел;60;20170817;180000;965;965;965;965;1;0
Галс-Девел;60;20170818;110000;965;965;965;965;5;0
Галс-Девел;60;20170822;120000;985;985;985;985;15;0
Галс-Девел;60;20170824;180000;915;920;915;920;10;0
Галс-Девел;60;20170825;120000;925;930;925;930;2;0
Галс-Девел;60;20170825;160000;915;915;910;910;5;0
Галс-Девел;60;20170825;170000;910;910;910;910;2;0
Галс-Девел;60;20170825;180000;950;955;940;955;10;0
Галс-Девел;60;20170828;100000;910;910;910;910;1;0
Галс-Девел;60;20170828;140000;920;920;915;915;6;0
Галс-Девел;60;20170828;170000;915;915;910;910;8;0
Галс-Девел;60;20170828;180000;910;910;910;910;2;0
Галс-Девел;60;20170829;100000;940;940;940;940;2;0
Галс-Девел;60;20170829;140000;935;940;930;930;26;0
Галс-Девел;60;20170829;180000;910;920;910;910;11;0
Галс-Девел;60;20170830;100000;910;930;900;930;55;0
Галс-Девел;60;20170830;110000;905;905;850;855;755;0
Галс-Девел;60;20170830;120000;875;875;810;825;418;0
Галс-Девел;60;20170830;130000;825;825;785;790;879;0
Галс-Девел;60;20170830;140000;795;825;780;815;272;0
Галс-Девел;60;20170830;150000;815;825;795;820;263;0
Галс-Девел;60;20170830;160000;815;815;800;800;54;0
Галс-Девел;60;20170830;170000;800;810;795;795;76;0
Галс-Девел;60;20170830;180000;795;800;780;800;84;0
Галс-Девел;60;20170831;100000;835;850;815;815;54;0
Галс-Девел;60;20170831;110000;815;820;810;810;53;0
Галс-Девел;60;20170831;120000;820;820;820;820;1;0
Галс-Девел;60;20170831;130000;810;810;800;810;50;0
Галс-Девел;60;20170831;140000;805;810;805;810;12;0
Галс-Девел;60;20170831;160000;800;800;775;780;94;0
Галс-Девел;60;20170831;170000;790;790;780;785;17;0
Галс-Девел;60;20170831;180000;785;800;785;800;102;0
Галс-Девел;60;20170901;090000;810;810;810;810;5;0
Галс-Девел;60;20170901;100000;815;830;810;810;20;0
Галс-Девел;60;20170901;110000;810;810;800;800;6;0
Галс-Девел;60;20170901;120000;800;800;800;800;29;0
Галс-Девел;60;20170901;130000;800;825;800;825;14;0
Галс-Девел;60;20170901;140000;820;825;820;825;2;0
Галс-Девел;60;20170901;150000;800;810;800;810;20;0
Галс-Девел;60;20170901;160000;795;795;795;795;19;0
Галс-Девел;60;20170901;170000;795;795;790;790;8;0
Галс-Девел;60;20170901;180000;800;800;790;790;24;0
Галс-Девел;60;20170904;100000;810;815;780;780;57;0
Галс-Девел;60;20170904;110000;780;780;780;780;15;0
Галс-Девел;60;20170904;130000;780;780;775;775;33;0
Галс-Девел;60;20170904;140000;780;780;780;780;5;0
Галс-Девел;60;20170904;150000;780;795;780;795;7;0
Галс-Девел;60;20170904;170000;790;790;775;775;35;0
Галс-Девел;60;20170904;180000;785;795;785;795;4;0
Галс-Девел;60;20170905;100000;790;790;790;790;3;0
Галс-Девел;60;20170905;110000;790;790;785;785;9;0
Галс-Девел;60;20170905;120000;780;780;770;780;30;0
Галс-Девел;60;20170905;130000;775;775;775;775;1;0
Галс-Девел;60;20170905;150000;775;775;755;755;107;0
Галс-Девел;60;20170905;160000;760;760;715;740;338;0
Галс-Девел;60;20170905;170000;745;755;745;755;27;0
Галс-Девел;60;20170905;180000;755;755;755;755;12;0
Галс-Девел;60;20170906;090000;755;755;755;755;2;0
Галс-Девел;60;20170906;100000;755;760;755;760;5;0
Галс-Девел;60;20170906;110000;755;760;755;760;8;0
Галс-Девел;60;20170906;120000;750;770;745;770;60;0
Галс-Девел;60;20170906;130000;770;775;770;775;10;0
Галс-Девел;60;20170906;140000;780;780;760;760;27;0
Галс-Девел;60;20170906;150000;760;775;750;760;145;0
Галс-Девел;60;20170906;160000;760;760;760;760;1;0
Галс-Девел;60;20170906;170000;755;770;755;755;6;0
Галс-Девел;60;20170906;180000;760;770;750;770;9;0
Галс-Девел;60;20170907;100000;770;780;750;750;58;0
Галс-Девел;60;20170907;110000;770;770;760;765;19;0
Галс-Девел;60;20170907;120000;760;760;760;760;2;0
Галс-Девел;60;20170907;130000;775;775;770;770;5;0
Галс-Девел;60;20170907;160000;775;775;775;775;10;0
Галс-Девел;60;20170907;180000;775;775;775;775;1;0
Галс-Девел;60;20170908;090000;790;790;790;790;5;0
Галс-Девел;60;20170908;100000;780;780;770;780;56;0
Галс-Девел;60;20170908;110000;775;775;770;770;20;0
Галс-Девел;60;20170908;130000;775;775;775;775;2;0
Галс-Девел;60;20170908;160000;775;780;775;780;2;0
Галс-Девел;60;20170911;100000;775;775;775;775;6;0
Галс-Девел;60;20170911;110000;775;775;775;775;22;0
Галс-Девел;60;20170911;120000;775;775;775;775;20;0
Галс-Девел;60;20170911;170000;780;780;780;780;1;0
Галс-Девел;60;20170912;100000;775;780;770;770;100;0
Галс-Девел;60;20170912;110000;770;770;770;770;18;0
Галс-Девел;60;20170912;130000;780;780;780;780;10;0
Галс-Девел;60;20170912;140000;780;785;775;775;26;0
Галс-Девел;60;20170912;150000;790;815;790;815;58;0
Галс-Девел;60;20170912;180000;800;800;800;800;1;0
Галс-Девел;60;20170913;090000;805;805;805;805;2;0
Галс-Девел;60;20170913;100000;800;800;800;800;6;0
Галс-Девел;60;20170913;120000;805;805;805;805;2;0
Галс-Девел;60;20170913;140000;805;805;800;800;21;0
Галс-Девел;60;20170913;150000;800;800;775;775;59;0
Галс-Девел;60;20170913;170000;790;800;790;800;7;0
Галс-Девел;60;20170913;180000;790;795;790;795;7;0
Галс-Девел;60;20170914;150000;800;800;800;800;25;0
Галс-Девел;60;20170914;170000;800;800;800;800;3;0
Галс-Девел;60;20170915;110000;800;810;800;810;25;0
Галс-Девел;60;20170915;120000;805;805;805;805;4;0
Галс-Девел;60;20170915;140000;805;810;785;790;59;0
Галс-Девел;60;20170915;150000;790;790;790;790;1;0
Галс-Девел;60;20170915;160000;795;840;775;800;368;0
Галс-Девел;60;20170915;170000;810;815;810;815;2;0
Галс-Девел;60;20170915;180000;790;790;790;790;1;0
Галс-Девел;60;20170918;100000;820;820;800;800;2;0
Галс-Девел;60;20170918;120000;795;795;790;790;8;0
Галс-Девел;60;20170918;150000;790;790;790;790;16;0
Галс-Девел;60;20170918;180000;790;790;790;790;3;0
Галс-Девел;60;20170919;120000;790;790;790;790;1;0
Галс-Девел;60;20170919;130000;800;800;775;775;17;0
Галс-Девел;60;20170919;140000;780;780;780;780;2;0
Галс-Девел;60;20170919;150000;770;770;765;770;21;0
Галс-Девел;60;20170919;160000;775;780;775;780;2;0
Галс-Девел;60;20170919;170000;775;780;775;775;11;0
Галс-Девел;60;20170919;180000;775;775;775;775;2;0
Галс-Девел;60;20170920;100000;780;820;780;780;4;0
Галс-Девел;60;20170920;110000;790;795;745;755;104;0
Галс-Девел;60;20170920;130000;760;760;760;760;2;0
Галс-Девел;60;20170920;140000;760;760;755;760;12;0
Галс-Девел;60;20170920;160000;760;760;760;760;4;0
Галс-Девел;60;20170920;170000;760;765;760;765;2;0
Галс-Девел;60;20170920;180000;765;765;755;765;35;0
Галс-Девел;60;20170921;140000;770;775;770;770;4;0
Галс-Девел;60;20170921;180000;780;780;780;780;1;0
Галс-Девел;60;20170922;120000;780;780;780;780;5;0
Галс-Девел;60;20170922;150000;770;770;715;740;306;0
Галс-Девел;60;20170922;160000;745;765;745;755;49;0
Галс-Девел;60;20170922;170000;750;750;730;745;92;0
Галс-Девел;60;20170922;180000;735;745;720;730;115;0
Галс-Девел;60;20170925;100000;735;740;730;730;44;0
Галс-Девел;60;20170925;110000;745;750;745;750;8;0
Галс-Девел;60;20170925;140000;750;760;750;760;13;0
Галс-Девел;60;20170925;150000;750;750;745;745;10;0
Галс-Девел;60;20170925;180000;735;735;735;735;28;0
Галс-Девел;60;20170926;100000;735;740;730;730;21;0
Галс-Девел;60;20170926;110000;725;730;690;700;387;0
Галс-Девел;60;20170926;130000;700;710;700;710;7;0
Галс-Девел;60;20170926;140000;710;710;710;710;6;0
Галс-Девел;60;20170926;150000;710;710;710;710;1;0
Галс-Девел;60;20170926;160000;705;705;705;705;20;0
Галс-Девел;60;20170926;170000;710;710;710;710;1;0
Галс-Девел;60;20170926;180000;700;705;625;685;580;0
Галс-Девел;60;20170927;100000;685;685;680;680;4;0
Галс-Девел;60;20170927;110000;680;680;680;680;1;0
Галс-Девел;60;20170927;130000;680;680;680;680;6;0
Галс-Девел;60;20170927;140000;675;675;660;670;70;0
Галс-Девел;60;20170927;150000;675;675;670;670;2;0
Галс-Девел;60;20170927;160000;680;680;680;680;2;0
Галс-Девел;60;20170927;170000;680;700;680;695;56;0
Галс-Девел;60;20170927;180000;690;695;690;695;36;0
Галс-Девел;60;20170928;110000;690;690;690;690;4;0
Галс-Девел;60;20170928;140000;690;690;690;690;2;0
Галс-Девел;60;20170928;180000;690;695;690;695;5;0
Галс-Девел;60;20170929;110000;685;690;685;690;3;0
Галс-Девел;60;20170929;120000;695;705;695;705;4;0
Галс-Девел;60;20170929;150000;685;685;685;685;1;0
Галс-Девел;60;20170929;160000;700;700;700;700;3;0
Галс-Девел;60;20170929;170000;700;705;700;705;54;0
Галс-Девел;60;20171002;100000;700;700;700;700;5;0
Галс-Девел;60;20171002;130000;705;705;705;705;1;0
Галс-Девел;60;20171003;100000;710;715;710;710;3;0
Галс-Девел;60;20171003;110000;705;705;705;705;5;0
Галс-Девел;60;20171003;160000;700;700;700;700;12;0
Галс-Девел;60;20171004;150000;700;700;700;700;2;0
Галс-Девел;60;20171004;160000;710;730;710;725;255;0
Галс-Девел;60;20171004;170000;715;720;710;720;6;0
Галс-Девел;60;20171005;160000;700;710;700;710;2;0
Галс-Девел;60;20171005;170000;700;700;700;700;6;0
Галс-Девел;60;20171006;180000;725;725;725;725;1;0
Галс-Девел;60;20171009;100000;730;730;730;730;1;0
Галс-Девел;60;20171009;110000;710;715;710;715;3;0
Галс-Девел;60;20171009;120000;720;725;690;700;107;0
Галс-Девел;60;20171009;130000;690;690;690;690;19;0
Галс-Девел;60;20171009;140000;695;725;690;700;20;0
Галс-Девел;60;20171009;150000;695;695;695;695;180;0
Галс-Девел;60;20171009;160000;695;695;695;695;5;0
Галс-Девел;60;20171009;170000;695;695;695;695;72;0
Галс-Девел;60;20171009;180000;705;720;705;720;8;0
Галс-Девел;60;20171010;160000;720;720;720;720;1;0
Галс-Девел;60;20171010;170000;695;715;685;700;53;0
Галс-Девел;60;20171010;180000;705;710;705;710;3;0
Галс-Девел;60;20171011;100000;705;705;690;690;18;0
Галс-Девел;60;20171011;110000;685;690;670;670;141;0
Галс-Девел;60;20171011;120000;680;685;680;685;6;0
Галс-Девел;60;20171011;130000;690;695;690;695;10;0
Галс-Девел;60;20171011;160000;695;695;685;695;20;0
Галс-Девел;60;20171011;170000;695;700;695;700;2;0
Галс-Девел;60;20171012;100000;695;715;695;715;4;0
Галс-Девел;60;20171012;110000;690;695;690;695;4;0
Галс-Девел;60;20171012;120000;690;700;690;700;5;0
Галс-Девел;60;20171012;150000;700;700;700;700;1;0
Галс-Девел;60;20171012;170000;695;695;695;695;2;0
Галс-Девел;60;20171012;180000;700;700;700;700;1;0
Галс-Девел;60;20171013;120000;700;700;700;700;1;0
Галс-Девел;60;20171013;130000;695;695;695;695;1;0
Галс-Девел;60;20171013;150000;700;705;690;690;28;0
Галс-Девел;60;20171013;160000;690;690;690;690;21;0
Галс-Девел;60;20171013;170000;695;700;695;700;8;0
Галс-Девел;60;20171016;170000;695;695;690;690;2;0
Галс-Девел;60;20171017;100000;690;690;685;690;16;0
Галс-Девел;60;20171017;110000;690;695;690;690;73;0
Галс-Девел;60;20171017;130000;695;695;695;695;10;0
Галс-Девел;60;20171017;150000;700;705;700;705;13;0
Галс-Девел;60;20171017;160000;705;720;700;715;211;0
Галс-Девел;60;20171017;170000;705;705;695;700;48;0
Галс-Девел;60;20171018;100000;710;725;710;710;4;0
Галс-Девел;60;20171018;150000;705;705;705;705;1;0
Галс-Девел;60;20171018;180000;715;715;715;715;2;0
Галс-Девел;60;20171019;140000;700;720;700;720;4;0
Галс-Девел;60;20171020;110000;700;720;700;720;3;0
Галс-Девел;60;20171020;120000;700;700;700;700;1;0
Галс-Девел;60;20171020;130000;700;720;700;720;9;0
Галс-Девел;60;20171020;150000;695;695;695;695;30;0
Галс-Девел;60;20171020;160000;690;690;690;690;10;0
Галс-Девел;60;20171020;170000;695;705;690;695;100;0
Галс-Девел;60;20171020;180000;695;695;695;695;9;0
Галс-Девел;60;20171023;100000;705;720;705;705;25;0
Галс-Девел;60;20171023;110000;700;700;700;700;1;0
Галс-Девел;60;20171023;120000;700;700;700;700;1;0
Галс-Девел;60;20171023;130000;700;700;700;700;2;0
Галс-Девел;60;20171023;140000;700;720;695;695;77;0
Галс-Девел;60;20171023;150000;710;710;685;685;142;0
Галс-Девел;60;20171023;160000;700;735;700;735;147;0
Галс-Девел;60;20171023;170000;730;765;730;750;246;0
Галс-Девел;60;20171023;180000;750;755;750;755;4;0
Галс-Девел;60;20171024;100000;745;750;700;715;197;0
Галс-Девел;60;20171024;110000;735;735;725;725;5;0
Галс-Девел;60;20171024;120000;720;720;720;720;2;0
Галс-Девел;60;20171024;130000;720;720;720;720;2;0
Галс-Девел;60;20171024;140000;720;720;720;720;1;0
Галс-Девел;60;20171024;150000;715;730;715;730;5;0
Галс-Девел;60;20171024;160000;725;735;725;725;12;0
Галс-Девел;60;20171024;170000;725;725;725;725;1;0
Галс-Девел;60;20171024;180000;725;735;725;735;4;0
Галс-Девел;60;20171025;100000;735;745;735;735;11;0
Галс-Девел;60;20171025;110000;730;730;730;730;1;0
Галс-Девел;60;20171025;120000;730;730;730;730;2;0
Галс-Девел;60;20171025;130000;730;730;730;730;2;0
Галс-Девел;60;20171025;140000;725;735;725;730;9;0
Галс-Девел;60;20171025;150000;725;725;725;725;1;0
Галс-Девел;60;20171025;160000;730;730;730;730;4;0
Галс-Девел;60;20171025;170000;730;735;730;735;23;0
Галс-Девел;60;20171025;180000;730;740;730;740;8;0
Галс-Девел;60;20171026;090000;745;745;745;745;1;0
Галс-Девел;60;20171026;100000;735;735;730;730;2;0
Галс-Девел;60;20171026;110000;730;730;730;730;2;0
Галс-Девел;60;20171026;120000;730;745;730;735;73;0
Галс-Девел;60;20171026;130000;735;735;735;735;2;0
Галс-Девел;60;20171026;140000;735;735;735;735;3;0
Галс-Девел;60;20171026;150000;735;735;730;730;2;0
Галс-Девел;60;20171026;160000;730;730;730;730;2;0
Галс-Девел;60;20171026;170000;730;730;730;730;1;0
Галс-Девел;60;20171026;180000;725;735;725;735;4;0
Галс-Девел;60;20171027;100000;730;730;730;730;1;0
Галс-Девел;60;20171027;110000;730;740;730;730;4;0
Галс-Девел;60;20171027;120000;725;725;725;725;1;0
Галс-Девел;60;20171027;130000;725;725;725;725;2;0
Галс-Девел;60;20171027;150000;715;720;700;700;16;0
Галс-Девел;60;20171027;160000;710;710;710;710;1;0
Галс-Девел;60;20171027;170000;710;720;710;720;3;0
Галс-Девел;60;20171027;180000;710;730;710;730;24;0
Галс-Девел;60;20171030;100000;715;740;710;740;7;0
Галс-Девел;60;20171030;110000;730;740;730;740;2;0
Галс-Девел;60;20171030;120000;720;720;715;715;54;0
Галс-Девел;60;20171030;130000;710;710;685;710;50;0
Галс-Девел;60;20171030;140000;715;715;715;715;3;0
Галс-Девел;60;20171030;160000;720;735;720;725;29;0
Галс-Девел;60;20171030;180000;730;735;730;735;3;0
Галс-Девел;60;20171031;160000;720;720;705;705;59;0
Галс-Девел;60;20171031;170000;705;705;700;700;74;0
Галс-Девел;60;20171031;180000;700;710;700;710;52;0
Галс-Девел;60;20171101;120000;705;705;685;705;20;0
Галс-Девел;60;20171101;130000;700;700;700;700;58;0
Галс-Девел;60;20171101;150000;700;700;700;700;2;0
Галс-Девел;60;20171101;160000;695;695;695;695;9;0
Галс-Девел;60;20171101;170000;700;700;695;695;2;0
Галс-Девел;60;20171101;180000;705;705;705;705;1;0
Галс-Девел;60;20171102;100000;705;710;705;710;18;0
Галс-Девел;60;20171102;110000;700;705;700;700;38;0
Галс-Девел;60;20171102;120000;705;705;705;705;4;0
Галс-Девел;60;20171102;130000;705;705;705;705;1;0
Галс-Девел;60;20171102;140000;700;700;700;700;1;0
Галс-Девел;60;20171102;150000;700;700;700;700;13;0
Галс-Девел;60;20171102;170000;705;710;705;705;31;0
Галс-Девел;60;20171102;180000;710;715;710;715;74;0
Галс-Девел;60;20171103;100000;725;735;720;720;3;0
Галс-Девел;60;20171103;130000;720;720;715;715;4;0
Галс-Девел;60;20171103;150000;720;720;720;720;2;0
Галс-Девел;60;20171107;100000;720;720;720;720;1;0
Галс-Девел;60;20171107;110000;725;725;725;725;1;0
Галс-Девел;60;20171107;160000;725;725;725;725;8;0
Галс-Девел;60;20171107;170000;725;730;725;730;3;0
Галс-Девел;60;20171107;180000;730;730;710;725;73;0
Галс-Девел;60;20171108;100000;725;745;725;745;20;0
Галс-Девел;60;20171108;150000;740;740;740;740;4;0
Галс-Девел;60;20171108;160000;730;740;730;740;12;0
Галс-Девел;60;20171108;170000;740;740;740;740;1;0
Галс-Девел;60;20171108;180000;730;730;730;730;1;0
Галс-Девел;60;20171109;140000;740;740;740;740;1;0
Галс-Девел;60;20171109;150000;740;740;740;740;7;0
Галс-Девел;60;20171110;180000;740;740;740;740;121;0
Галс-Девел;60;20171113;110000;725;725;725;725;1;0
Галс-Девел;60;20171113;180000;740;745;740;740;3;0
Галс-Девел;60;20171114;160000;725;730;720;730;8;0
Галс-Девел;60;20171115;100000;735;735;735;735;4;0
Галс-Девел;60;20171115;120000;740;740;740;740;15;0
Галс-Девел;60;20171115;150000;720;730;720;730;2;0
Галс-Девел;60;20171116;100000;740;745;740;745;51;0
Галс-Девел;60;20171116;120000;740;740;740;740;50;0
Галс-Девел;60;20171116;130000;735;740;735;740;7;0
Галс-Девел;60;20171116;150000;725;730;725;730;3;0
Галс-Девел;60;20171117;140000;730;730;730;730;1;0
Галс-Девел;60;20171117;160000;735;735;735;735;2;0
Галс-Девел;60;20171117;170000;725;725;725;725;1;0
Галс-Девел;60;20171120;110000;730;730;730;730;10;0
Галс-Девел;60;20171120;120000;730;730;730;730;10;0
Галс-Девел;60;20171120;170000;725;725;725;725;12;0
Галс-Девел;60;20171121;100000;735;735;735;735;1;0
Галс-Девел;60;20171121;110000;740;765;740;765;582;0
Галс-Девел;60;20171121;140000;755;765;755;765;11;0
Галс-Девел;60;20171121;150000;760;760;760;760;1;0
Галс-Девел;60;20171121;170000;760;760;760;760;2;0
Галс-Девел;60;20171122;110000;750;750;740;745;25;0
Галс-Девел;60;20171122;130000;740;740;730;730;14;0
Галс-Девел;60;20171122;140000;740;740;740;740;4;0
Галс-Девел;60;20171122;160000;745;745;745;745;1;0
Галс-Девел;60;20171122;170000;740;740;720;720;50;0
Галс-Девел;60;20171122;180000;720;735;720;720;65;0
Галс-Девел;60;20171123;100000;720;720;715;715;27;0
Галс-Девел;60;20171123;120000;715;725;715;720;9;0
Галс-Девел;60;20171123;160000;715;715;715;715;1;0
Галс-Девел;60;20171123;170000;710;725;710;715;25;0
Галс-Девел;60;20171123;180000;715;730;710;725;75;0
Галс-Девел;60;20171124;100000;735;750;735;750;19;0
Галс-Девел;60;20171124;120000;745;750;745;750;2;0
Галс-Девел;60;20171124;140000;745;745;730;730;35;0
Галс-Девел;60;20171124;150000;740;745;740;745;2;0
Галс-Девел;60;20171124;160000;745;750;745;750;5;0
Галс-Девел;60;20171124;170000;745;745;745;745;1;0
Галс-Девел;60;20171127;090000;725;725;725;725;4;0
Галс-Девел;60;20171127;100000;745;755;745;755;44;0
Галс-Девел;60;20171127;110000;750;750;745;745;2;0
Галс-Девел;60;20171127;120000;745;745;745;745;3;0
Галс-Девел;60;20171127;170000;740;745;735;745;5;0
Галс-Девел;60;20171127;180000;740;740;740;740;1;0
Галс-Девел;60;20171128;120000;740;740;740;740;1;0
Галс-Девел;60;20171128;130000;740;740;740;740;7;0
Галс-Девел;60;20171128;140000;735;735;735;735;1;0
Галс-Девел;60;20171128;150000;735;735;730;730;7;0
Галс-Девел;60;20171128;160000;730;730;720;725;12;0
Галс-Девел;60;20171128;180000;730;740;730;740;3;0
Галс-Девел;60;20171129;100000;740;760;740;760;73;0
Галс-Девел;60;20171129;110000;765;895;765;840;659;0
Галс-Девел;60;20171129;120000;840;910;830;865;351;0
Галс-Девел;60;20171129;130000;860;870;840;870;249;0
Галс-Девел;60;20171129;140000;865;965;830;960;490;0
Галс-Девел;60;20171129;150000;950;1020;900;990;558;0
Галс-Девел;60;20171129;160000;995;995;935;950;133;0
Галс-Девел;60;20171129;170000;940;970;915;925;74;0
Галс-Девел;60;20171129;180000;925;960;915;915;87;0
Галс-Девел;60;20171130;100000;930;985;900;955;204;0
Галс-Девел;60;20171130;110000;955;960;870;900;107;0
Галс-Девел;60;20171130;120000;900;935;850;880;178;0
Галс-Девел;60;20171130;130000;880;885;870;885;12;0
Галс-Девел;60;20171130;150000;875;875;805;840;162;0
Галс-Девел;60;20171130;160000;835;835;820;820;18;0
Галс-Девел;60;20171130;170000;825;830;805;810;162;0
Галс-Девел;60;20171130;180000;810;815;785;800;180;0
Галс-Девел;60;20171201;100000;810;850;805;850;106;0
Галс-Девел;60;20171201;110000;830;830;820;825;26;0
Галс-Девел;60;20171201;120000;820;825;815;815;4;0
Галс-Девел;60;20171201;130000;820;820;820;820;1;0
Галс-Девел;60;20171201;140000;820;830;815;815;33;0
Галс-Девел;60;20171201;160000;810;810;805;805;10;0
Галс-Девел;60;20171201;170000;810;810;805;810;9;0
Галс-Девел;60;20171201;180000;800;800;800;800;17;0
Галс-Девел;60;20171204;100000;805;805;805;805;1;0
Галс-Девел;60;20171204;120000;805;805;805;805;2;0
Галс-Девел;60;20171204;130000;800;800;800;800;1;0
Галс-Девел;60;20171204;140000;805;805;730;780;397;0
Галс-Девел;60;20171204;150000;780;780;700;745;502;0
Галс-Девел;60;20171204;160000;745;750;740;745;5;0
Галс-Девел;60;20171204;170000;745;755;745;755;49;0
Галс-Девел;60;20171204;180000;740;740;740;740;18;0
Галс-Девел;60;20171205;100000;740;745;735;740;35;0
Галс-Девел;60;20171205;110000;740;740;735;735;14;0
Галс-Девел;60;20171205;120000;740;740;735;735;14;0
Галс-Девел;60;20171205;130000;730;740;730;740;20;0
Галс-Девел;60;20171205;170000;740;740;730;740;6;0
Галс-Девел;60;20171206;110000;745;745;745;745;1;0
Галс-Девел;60;20171206;120000;735;735;710;715;148;0
Галс-Девел;60;20171206;130000;715;730;715;720;48;0
Галс-Девел;60;20171206;140000;720;720;690;700;216;0
Галс-Девел;60;20171206;150000;700;710;690;710;45;0
Галс-Девел;60;20171206;160000;710;715;695;715;49;0
Галс-Девел;60;20171206;180000;710;710;710;710;1;0
Галс-Девел;60;20171207;100000;705;705;695;700;14;0
Галс-Девел;60;20171207;110000;695;720;695;695;23;0
Галс-Девел;60;20171207;120000;700;700;690;690;29;0
Галс-Девел;60;20171207;130000;695;695;695;695;8;0
Галс-Девел;60;20171207;140000;700;700;695;695;2;0
Галс-Девел;60;20171207;150000;700;700;700;700;51;0
Галс-Девел;60;20171207;160000;700;700;700;700;8;0
Галс-Девел;60;20171207;170000;695;695;690;690;6;0
Галс-Девел;60;20171207;180000;700;700;695;695;4;0
Галс-Девел;60;20171208;100000;700;700;695;695;2;0
Галс-Девел;60;20171208;110000;695;700;695;695;26;0
Галс-Девел;60;20171208;120000;700;700;700;700;2;0
Галс-Девел;60;20171208;140000;700;700;700;700;3;0
Галс-Девел;60;20171208;150000;695;695;690;695;16;0
Галс-Девел;60;20171208;170000;695;700;690;695;8;0
Галс-Девел;60;20171208;180000;690;690;690;690;2;0
Галс-Девел;60;20171211;100000;695;695;690;690;22;0
Галс-Девел;60;20171211;130000;695;695;695;695;5;0
Галс-Девел;60;20171211;160000;695;695;695;695;2;0
Галс-Девел;60;20171211;180000;700;700;700;700;7;0
Галс-Девел;60;20171212;100000;705;705;705;705;1;0
Галс-Девел;60;20171212;110000;700;700;700;700;3;0
Галс-Девел;60;20171212;170000;700;705;700;705;2;0
Галс-Девел;60;20171212;180000;700;700;695;700;10;0
Галс-Девел;60;20171213;160000;700;700;680;680;65;0
Галс-Девел;60;20171213;170000;685;685;685;685;6;0
Галс-Девел;60;20171213;180000;685;685;685;685;10;0
Галс-Девел;60;20171214;100000;730;730;690;695;4;0
Галс-Девел;60;20171214;110000;695;695;695;695;4;0
Галс-Девел;60;20171214;130000;695;695;695;695;6;0
Галс-Девел;60;20171214;140000;700;705;690;690;31;0
Галс-Девел;60;20171214;160000;690;690;690;690;10;0
Галс-Девел;60;20171215;100000;700;700;700;700;8;0
Галс-Девел;60;20171215;140000;700;705;690;690;40;0
Галс-Девел;60;20171215;150000;690;690;690;690;5;0
Галс-Девел;60;20171215;160000;690;705;690;705;20;0
Галс-Девел;60;20171218;100000;690;690;690;690;1;0
Галс-Девел;60;20171218;110000;690;690;690;690;9;0
Галс-Девел;60;20171218;130000;695;695;685;685;13;0
Галс-Девел;60;20171218;140000;685;685;685;685;7;0
Галс-Девел;60;20171218;150000;695;695;685;685;8;0
Галс-Девел;60;20171218;160000;695;720;695;720;71;0
Галс-Девел;60;20171218;170000;720;725;715;715;3;0
Галс-Девел;60;20171219;090000;715;715;715;715;4;0
Галс-Девел;60;20171219;100000;710;725;710;725;14;0
Галс-Девел;60;20171219;110000;710;720;705;720;15;0
Галс-Девел;60;20171219;130000;710;720;710;720;6;0
Галс-Девел;60;20171219;140000;705;710;695;705;9;0
Галс-Девел;60;20171219;150000;705;705;685;705;35;0
Галс-Девел;60;20171219;160000;700;700;700;700;1;0
Галс-Девел;60;20171219;180000;695;705;685;700;16;0
Галс-Девел;60;20171220;100000;695;695;695;695;1;0
Галс-Девел;60;20171220;120000;705;710;705;710;5;0
Галс-Девел;60;20171220;170000;710;725;710;725;40;0
Галс-Девел;60;20171221;100000;725;730;725;730;5;0
Галс-Девел;60;20171221;130000;715;725;705;725;15;0
Галс-Девел;60;20171221;140000;725;725;725;725;1;0
Галс-Девел;60;20171221;150000;725;725;725;725;1;0
Галс-Девел;60;20171221;170000;710;710;690;690;110;0
Галс-Девел;60;20171221;180000;700;700;700;700;1;0
Галс-Девел;60;20171222;100000;695;695;695;695;2;0
Галс-Девел;60;20171222;110000;700;700;700;700;5;0
Галс-Девел;60;20171222;120000;700;700;700;700;44;0
Галс-Девел;60;20171222;130000;705;705;690;690;26;0
Галс-Девел;60;20171222;150000;700;705;700;705;6;0
Галс-Девел;60;20171225;120000;710;710;710;710;4;0
Галс-Девел;60;20171225;180000;705;705;705;705;10;0
Галс-Девел;60;20171226;100000;705;705;700;700;10;0
Галс-Девел;60;20171226;120000;700;700;700;700;1;0
Галс-Девел;60;20171226;140000;700;700;695;695;8;0
Галс-Девел;60;20171226;150000;695;695;695;695;9;0
Галс-Девел;60;20171226;160000;700;700;700;700;2;0
Галс-Девел;60;20171226;170000;700;700;700;700;1;0
Галс-Девел;60;20171226;180000;700;700;695;695;26;0
Галс-Девел;60;20171227;100000;690;690;690;690;19;0
Галс-Девел;60;20171227;110000;700;700;700;700;1;0
Галс-Девел;60;20171227;140000;690;690;685;685;12;0
Галс-Девел;60;20171227;150000;695;695;695;695;1;0
Галс-Девел;60;20171227;160000;685;685;685;685;14;0
Галс-Девел;60;20171227;170000;685;685;685;685;20;0
Галс-Девел;60;20171227;180000;695;695;695;695;10;0
Галс-Девел;60;20171228;160000;685;685;680;680;50;0
Галс-Девел;60;20171228;180000;685;695;680;695;34;0
Галс-Девел;60;20171229;100000;695;695;695;695;6;0
