<TICKER>;<PER>;<DATE>;<TIME>;<OPEN>;<HIGH>;<LOW>;<CLOSE>;<VOL>;<OPENINT>
ГазпРнД ао;60;20170124;090000;12000;12000;12000;12000;21;0
ГазпРнД ао;60;20170124;100000;12150;12150;12150;12150;1;0
ГазпРнД ао;60;20170124;140000;12200;12300;12200;12300;7;0
ГазпРнД ао;60;20170124;180000;12200;12200;12200;12200;1;0
ГазпРнД ао;60;20170125;110000;12150;12150;12150;12150;1;0
ГазпРнД ао;60;20170125;150000;12250;12250;12250;12250;1;0
ГазпРнД ао;60;20170126;120000;12100;12100;12100;12100;6;0
ГазпРнД ао;60;20170126;130000;12100;12100;12000;12000;70;0
ГазпРнД ао;60;20170126;140000;12150;12150;12050;12050;3;0
ГазпРнД ао;60;20170126;150000;12100;12100;12050;12050;17;0
ГазпРнД ао;60;20170126;160000;12100;12100;12100;12100;3;0
ГазпРнД ао;60;20170126;170000;12150;12150;12150;12150;4;0
ГазпРнД ао;60;20170126;180000;12200;12200;12150;12150;6;0
ГазпРнД ао;60;20170127;100000;12150;12150;12050;12050;23;0
ГазпРнД ао;60;20170127;120000;12150;12200;12150;12200;2;0
ГазпРнД ао;60;20170127;150000;12100;12100;12100;12100;2;0
ГазпРнД ао;60;20170127;160000;12150;12200;12150;12200;2;0
ГазпРнД ао;60;20170127;170000;12150;12150;12100;12100;3;0
ГазпРнД ао;60;20170127;180000;12150;12150;12150;12150;1;0
ГазпРнД ао;60;20170130;090000;12050;12050;12050;12050;3;0
ГазпРнД ао;60;20170130;100000;12150;12300;12150;12300;5;0
ГазпРнД ао;60;20170130;110000;12200;12200;12200;12200;2;0
ГазпРнД ао;60;20170130;120000;12200;12200;12200;12200;1;0
ГазпРнД ао;60;20170130;130000;12200;12200;12200;12200;2;0
ГазпРнД ао;60;20170130;140000;12200;12200;12200;12200;2;0
ГазпРнД ао;60;20170130;160000;12150;12150;12100;12100;22;0
ГазпРнД ао;60;20170130;170000;12100;12100;12100;12100;1;0
ГазпРнД ао;60;20170130;180000;12100;12150;12100;12150;30;0
ГазпРнД ао;60;20170131;100000;12150;12150;12150;12150;1;0
ГазпРнД ао;60;20170131;140000;12150;12150;12150;12150;1;0
ГазпРнД ао;60;20170131;160000;12150;12150;12100;12100;3;0
ГазпРнД ао;60;20170201;100000;12150;12150;12150;12150;1;0
ГазпРнД ао;60;20170201;140000;12150;12150;12150;12150;1;0
ГазпРнД ао;60;20170201;160000;12200;12200;12200;12200;1;0
ГазпРнД ао;60;20170201;170000;12200;12200;12200;12200;2;0
ГазпРнД ао;60;20170201;180000;12200;12200;12200;12200;4;0
ГазпРнД ао;60;20170202;100000;12150;12500;12100;12200;32;0
ГазпРнД ао;60;20170202;120000;12200;12250;12200;12250;81;0
ГазпРнД ао;60;20170202;130000;12250;12650;12250;12500;152;0
ГазпРнД ао;60;20170202;140000;12500;12500;12450;12500;9;0
ГазпРнД ао;60;20170202;150000;12500;12600;12500;12550;39;0
ГазпРнД ао;60;20170202;160000;12550;12700;12550;12700;18;0
ГазпРнД ао;60;20170202;170000;12600;12600;12600;12600;8;0
ГазпРнД ао;60;20170202;180000;12600;12600;12600;12600;1;0
ГазпРнД ао;60;20170203;100000;12700;12750;12700;12750;2;0
ГазпРнД ао;60;20170203;110000;12800;12800;12800;12800;3;0
ГазпРнД ао;60;20170203;120000;12700;12700;12700;12700;1;0
ГазпРнД ао;60;20170203;130000;12800;12900;12700;12700;15;0
ГазпРнД ао;60;20170203;140000;12700;12700;12700;12700;5;0
ГазпРнД ао;60;20170203;160000;12700;12750;12700;12750;11;0
ГазпРнД ао;60;20170203;180000;12750;12750;12650;12650;4;0
ГазпРнД ао;60;20170206;100000;12650;12650;12600;12600;4;0
ГазпРнД ао;60;20170206;110000;12650;12700;12650;12650;5;0
ГазпРнД ао;60;20170206;120000;12650;12650;12600;12650;6;0
ГазпРнД ао;60;20170206;140000;12650;12650;12600;12600;22;0
ГазпРнД ао;60;20170206;160000;12650;12650;12650;12650;3;0
ГазпРнД ао;60;20170206;170000;12650;12700;12650;12650;24;0
ГазпРнД ао;60;20170207;130000;12600;12600;12600;12600;6;0
ГазпРнД ао;60;20170207;140000;12550;12550;12550;12550;1;0
ГазпРнД ао;60;20170207;170000;12650;12750;12650;12650;11;0
ГазпРнД ао;60;20170207;180000;12650;12650;12650;12650;4;0
ГазпРнД ао;60;20170208;100000;12600;12600;12550;12550;5;0
ГазпРнД ао;60;20170208;110000;12550;12550;12500;12550;15;0
ГазпРнД ао;60;20170208;120000;12500;12500;12500;12500;5;0
ГазпРнД ао;60;20170208;130000;12550;12550;12550;12550;2;0
ГазпРнД ао;60;20170208;150000;12500;12500;12500;12500;1;0
ГазпРнД ао;60;20170208;170000;12600;12650;12600;12600;107;0
ГазпРнД ао;60;20170208;180000;12650;12700;12650;12700;31;0
ГазпРнД ао;60;20170209;100000;12700;13000;12700;12800;154;0
ГазпРнД ао;60;20170209;110000;12850;13200;12850;13150;28;0
ГазпРнД ао;60;20170209;120000;13150;13150;12950;12950;6;0
ГазпРнД ао;60;20170209;130000;12900;12900;12900;12900;9;0
ГазпРнД ао;60;20170209;160000;13000;13050;13000;13050;10;0
ГазпРнД ао;60;20170209;170000;13050;13100;13050;13100;6;0
ГазпРнД ао;60;20170210;100000;13350;13550;13300;13450;46;0
ГазпРнД ао;60;20170210;110000;13400;13500;13400;13500;5;0
ГазпРнД ао;60;20170210;130000;13450;13500;13450;13500;3;0
ГазпРнД ао;60;20170210;140000;13500;13550;13500;13550;5;0
ГазпРнД ао;60;20170210;150000;13550;13550;13550;13550;1;0
ГазпРнД ао;60;20170210;170000;13550;13550;13400;13400;4;0
ГазпРнД ао;60;20170210;180000;13500;13500;13500;13500;1;0
ГазпРнД ао;60;20170213;110000;13500;13500;13500;13500;4;0
ГазпРнД ао;60;20170213;120000;13600;13600;13600;13600;2;0
ГазпРнД ао;60;20170213;130000;13450;13500;13400;13500;9;0
ГазпРнД ао;60;20170213;140000;13400;13400;13400;13400;1;0
ГазпРнД ао;60;20170213;150000;13350;13600;13250;13600;45;0
ГазпРнД ао;60;20170213;160000;13500;13500;13500;13500;1;0
ГазпРнД ао;60;20170213;170000;13450;13450;13400;13450;4;0
ГазпРнД ао;60;20170213;180000;13400;13400;13400;13400;1;0
ГазпРнД ао;60;20170214;100000;13500;13500;13500;13500;1;0
ГазпРнД ао;60;20170214;110000;13500;13600;13500;13600;4;0
ГазпРнД ао;60;20170214;120000;13500;14300;13450;14300;49;0
ГазпРнД ао;60;20170214;130000;13550;13550;13550;13550;2;0
ГазпРнД ао;60;20170214;140000;13700;13700;13700;13700;2;0
ГазпРнД ао;60;20170214;150000;13650;13650;13650;13650;5;0
ГазпРнД ао;60;20170214;180000;13700;13700;13700;13700;1;0
ГазпРнД ао;60;20170215;100000;13650;13750;12850;13000;67;0
ГазпРнД ао;60;20170215;110000;13500;13500;12900;13300;27;0
ГазпРнД ао;60;20170215;120000;13300;13350;13300;13350;6;0
ГазпРнД ао;60;20170215;140000;13350;13350;13350;13350;1;0
ГазпРнД ао;60;20170215;180000;13400;13400;13400;13400;5;0
ГазпРнД ао;60;20170216;100000;13450;13450;13400;13400;8;0
ГазпРнД ао;60;20170216;110000;13150;13250;13100;13250;9;0
ГазпРнД ао;60;20170216;120000;13250;13250;13250;13250;1;0
ГазпРнД ао;60;20170216;130000;13100;13100;13100;13100;2;0
ГазпРнД ао;60;20170216;170000;13200;13200;13200;13200;1;0
ГазпРнД ао;60;20170216;180000;13200;13200;13200;13200;1;0
ГазпРнД ао;60;20170217;110000;13100;13100;13100;13100;1;0
ГазпРнД ао;60;20170217;150000;13050;13050;13050;13050;1;0
ГазпРнД ао;60;20170217;180000;13050;13050;13050;13050;2;0
ГазпРнД ао;60;20170220;100000;13150;13200;13150;13200;2;0
ГазпРнД ао;60;20170220;110000;13000;13000;12650;12800;48;0
ГазпРнД ао;60;20170220;120000;12800;12800;12650;12650;5;0
ГазпРнД ао;60;20170220;130000;12650;12650;12650;12650;2;0
ГазпРнД ао;60;20170220;150000;12700;12700;12700;12700;3;0
ГазпРнД ао;60;20170220;160000;12650;12650;12600;12600;4;0
ГазпРнД ао;60;20170220;170000;12500;12500;12450;12450;6;0
ГазпРнД ао;60;20170221;100000;12600;12600;12500;12550;3;0
ГазпРнД ао;60;20170221;110000;12600;12600;12600;12600;3;0
ГазпРнД ао;60;20170221;170000;12600;12600;12400;12400;3;0
ГазпРнД ао;60;20170221;180000;12550;12550;12350;12500;5;0
ГазпРнД ао;60;20170222;160000;12600;12600;12600;12600;1;0
ГазпРнД ао;60;20170224;100000;12500;12500;12500;12500;1;0
ГазпРнД ао;60;20170224;110000;12500;12500;12500;12500;2;0
ГазпРнД ао;60;20170224;160000;12550;12550;12550;12550;2;0
ГазпРнД ао;60;20170227;110000;12450;12450;12450;12450;1;0
ГазпРнД ао;60;20170227;120000;12400;12400;12400;12400;2;0
ГазпРнД ао;60;20170227;140000;12400;12400;12350;12350;3;0
ГазпРнД ао;60;20170227;150000;12350;12350;12350;12350;1;0
ГазпРнД ао;60;20170227;170000;12300;12300;12250;12250;3;0
ГазпРнД ао;60;20170227;180000;12250;12250;12100;12100;25;0
ГазпРнД ао;60;20170228;100000;12500;12500;12100;12300;93;0
ГазпРнД ао;60;20170228;110000;12300;12350;12250;12350;47;0
ГазпРнД ао;60;20170228;120000;12350;13200;12350;13200;129;0
ГазпРнД ао;60;20170228;130000;13000;13000;12800;12800;10;0
ГазпРнД ао;60;20170228;140000;12750;12750;12750;12750;2;0
ГазпРнД ао;60;20170228;160000;12700;12800;12700;12800;14;0
ГазпРнД ао;60;20170228;170000;12800;12800;12800;12800;2;0
ГазпРнД ао;60;20170228;180000;13050;13050;12950;12950;9;0
ГазпРнД ао;60;20170301;100000;13050;13050;13000;13000;3;0
ГазпРнД ао;60;20170301;110000;13050;13050;13050;13050;4;0
ГазпРнД ао;60;20170301;120000;13400;13400;13200;13200;4;0
ГазпРнД ао;60;20170301;130000;13200;13200;13200;13200;1;0
ГазпРнД ао;60;20170301;140000;13200;13200;13200;13200;1;0
ГазпРнД ао;60;20170301;150000;13250;13250;13250;13250;1;0
ГазпРнД ао;60;20170301;160000;13250;13300;13150;13150;11;0
ГазпРнД ао;60;20170302;100000;13250;13300;13250;13300;8;0
ГазпРнД ао;60;20170302;110000;13450;13550;13250;13250;12;0
ГазпРнД ао;60;20170302;120000;13250;13450;13250;13450;8;0
ГазпРнД ао;60;20170302;140000;13250;13250;13000;13000;5;0
ГазпРнД ао;60;20170302;150000;13250;13250;13250;13250;1;0
ГазпРнД ао;60;20170302;170000;13300;13300;13300;13300;1;0
ГазпРнД ао;60;20170303;110000;13300;13300;13300;13300;1;0
ГазпРнД ао;60;20170303;150000;13350;13650;13350;13650;3;0
ГазпРнД ао;60;20170303;170000;13150;13150;13150;13150;4;0
ГазпРнД ао;60;20170306;100000;13350;13350;13150;13150;7;0
ГазпРнД ао;60;20170306;170000;13350;13350;13350;13350;1;0
ГазпРнД ао;60;20170307;110000;13600;13600;13450;13450;7;0
ГазпРнД ао;60;20170307;170000;13400;13400;13400;13400;1;0
ГазпРнД ао;60;20170307;180000;13400;13400;13400;13400;1;0
ГазпРнД ао;60;20170309;100000;13350;13600;13300;13600;9;0
ГазпРнД ао;60;20170309;140000;12650;12650;12600;12600;2;0
ГазпРнД ао;60;20170309;160000;12700;12700;12600;12600;2;0
ГазпРнД ао;60;20170309;170000;12550;12550;12350;12350;4;0
ГазпРнД ао;60;20170310;150000;13350;13550;13350;13550;5;0
ГазпРнД ао;60;20170310;160000;13600;13650;13600;13650;5;0
ГазпРнД ао;60;20170313;100000;13450;13450;13400;13400;2;0
ГазпРнД ао;60;20170313;120000;13500;13550;13500;13550;2;0
ГазпРнД ао;60;20170313;180000;13600;14000;12750;13350;47;0
ГазпРнД ао;60;20170314;110000;13500;13950;13500;13750;22;0
ГазпРнД ао;60;20170314;150000;13700;13700;13500;13500;7;0
ГазпРнД ао;60;20170314;160000;13450;13450;13450;13450;1;0
ГазпРнД ао;60;20170314;170000;13550;13600;13500;13500;4;0
ГазпРнД ао;60;20170314;180000;13450;13600;13450;13600;4;0
ГазпРнД ао;60;20170315;100000;13700;13700;13700;13700;1;0
ГазпРнД ао;60;20170315;110000;13500;13500;13500;13500;2;0
ГазпРнД ао;60;20170315;120000;13450;13450;13450;13450;1;0
ГазпРнД ао;60;20170315;150000;13450;13450;13450;13450;1;0
ГазпРнД ао;60;20170315;170000;13600;13600;13400;13400;3;0
ГазпРнД ао;60;20170315;180000;13350;13350;13350;13350;1;0
ГазпРнД ао;60;20170321;130000;13450;13450;13300;13300;3;0
ГазпРнД ао;60;20170321;140000;13250;13250;13250;13250;1;0
ГазпРнД ао;60;20170321;150000;13250;13250;13250;13250;1;0
ГазпРнД ао;60;20170321;160000;13200;13200;13200;13200;1;0
ГазпРнД ао;60;20170321;180000;13200;13200;13100;13100;2;0
ГазпРнД ао;60;20170322;120000;13300;13300;13300;13300;1;0
ГазпРнД ао;60;20170322;130000;13300;13300;13300;13300;2;0
ГазпРнД ао;60;20170322;140000;13200;13200;13200;13200;1;0
ГазпРнД ао;60;20170322;170000;13100;13100;13100;13100;1;0
ГазпРнД ао;60;20170322;180000;13000;13000;12700;12700;11;0
ГазпРнД ао;60;20170323;100000;13000;13050;13000;13050;2;0
ГазпРнД ао;60;20170323;180000;13100;13100;13100;13100;1;0
ГазпРнД ао;60;20170324;110000;13000;13000;13000;13000;1;0
ГазпРнД ао;60;20170324;140000;13000;13000;13000;13000;1;0
ГазпРнД ао;60;20170327;150000;12900;12900;12800;12800;3;0
ГазпРнД ао;60;20170327;170000;12750;12750;12700;12700;2;0
ГазпРнД ао;60;20170327;180000;12900;12900;12900;12900;1;0
ГазпРнД ао;60;20170328;110000;12700;12700;12500;12700;20;0
ГазпРнД ао;60;20170328;130000;12800;12800;12800;12800;1;0
ГазпРнД ао;60;20170328;140000;12950;13000;12950;13000;2;0
ГазпРнД ао;60;20170330;100000;13000;13000;13000;13000;1;0
ГазпРнД ао;60;20170330;180000;13000;13000;13000;13000;1;0
ГазпРнД ао;60;20170331;140000;13000;13000;13000;13000;28;0
ГазпРнД ао;60;20170331;150000;13000;13000;13000;13000;2;0
ГазпРнД ао;60;20170331;160000;13000;13000;13000;13000;5;0
ГазпРнД ао;60;20170403;120000;13050;13050;13000;13000;10;0
ГазпРнД ао;60;20170404;140000;13000;13000;12900;12900;4;0
ГазпРнД ао;60;20170405;110000;13050;13050;13050;13050;4;0
ГазпРнД ао;60;20170406;100000;12850;13000;12550;13000;7;0
ГазпРнД ао;60;20170406;140000;12800;12800;12700;12700;2;0
ГазпРнД ао;60;20170406;180000;13000;13000;13000;13000;5;0
ГазпРнД ао;60;20170407;100000;12550;12800;12550;12800;8;0
ГазпРнД ао;60;20170407;110000;12800;12800;12800;12800;3;0
ГазпРнД ао;60;20170407;120000;12800;12800;12800;12800;26;0
ГазпРнД ао;60;20170407;150000;12750;12800;12750;12800;62;0
ГазпРнД ао;60;20170407;160000;12800;12800;12700;12700;2;0
ГазпРнД ао;60;20170407;170000;12800;12800;12800;12800;13;0
ГазпРнД ао;60;20170407;180000;12750;12750;12750;12750;6;0
ГазпРнД ао;60;20170410;100000;12700;12700;12700;12700;2;0
ГазпРнД ао;60;20170410;110000;12700;12700;12700;12700;1;0
ГазпРнД ао;60;20170410;120000;12700;12700;12700;12700;1;0
ГазпРнД ао;60;20170410;170000;12750;12750;12750;12750;1;0
ГазпРнД ао;60;20170410;180000;12900;12900;12900;12900;1;0
ГазпРнД ао;60;20170412;110000;12700;12700;12700;12700;1;0
ГазпРнД ао;60;20170413;100000;12850;12950;12850;12950;2;0
ГазпРнД ао;60;20170413;110000;12900;12900;12900;12900;1;0
ГазпРнД ао;60;20170413;130000;12950;12950;12950;12950;1;0
ГазпРнД ао;60;20170413;160000;12900;12900;12750;12750;2;0
ГазпРнД ао;60;20170413;170000;12950;12950;12950;12950;4;0
ГазпРнД ао;60;20170414;100000;12950;12950;12950;12950;4;0
ГазпРнД ао;60;20170414;110000;12950;12950;12950;12950;4;0
ГазпРнД ао;60;20170414;120000;12950;12950;12950;12950;2;0
ГазпРнД ао;60;20170417;130000;12950;12950;12950;12950;3;0
ГазпРнД ао;60;20170418;130000;13050;13050;13050;13050;5;0
ГазпРнД ао;60;20170419;120000;13100;13100;13100;13100;5;0
ГазпРнД ао;60;20170419;160000;13150;13150;13150;13150;3;0
ГазпРнД ао;60;20170420;110000;13000;13200;13000;13200;9;0
ГазпРнД ао;60;20170420;130000;13000;13000;13000;13000;1;0
ГазпРнД ао;60;20170421;110000;13200;13200;13200;13200;1;0
ГазпРнД ао;60;20170421;150000;13200;13200;13200;13200;6;0
ГазпРнД ао;60;20170424;140000;13300;13300;13300;13300;1;0
ГазпРнД ао;60;20170426;120000;13350;13350;13350;13350;7;0
ГазпРнД ао;60;20170426;160000;13500;13500;13500;13500;2;0
ГазпРнД ао;60;20170426;170000;13500;13500;13500;13500;8;0
ГазпРнД ао;60;20170426;180000;13600;13600;13600;13600;2;0
ГазпРнД ао;60;20170427;100000;13400;13400;13400;13400;1;0
ГазпРнД ао;60;20170427;120000;13350;13350;13350;13350;1;0
ГазпРнД ао;60;20170427;150000;13300;13300;13300;13300;1;0
ГазпРнД ао;60;20170427;170000;13250;13250;13250;13250;1;0
ГазпРнД ао;60;20170428;130000;13450;13450;13250;13250;4;0
ГазпРнД ао;60;20170428;140000;13200;13200;13200;13200;1;0
ГазпРнД ао;60;20170502;120000;13400;13400;13400;13400;1;0
ГазпРнД ао;60;20170502;160000;13350;13350;13350;13350;1;0
ГазпРнД ао;60;20170503;100000;13400;13450;13400;13450;3;0
ГазпРнД ао;60;20170503;130000;13250;13250;13250;13250;1;0
ГазпРнД ао;60;20170503;160000;13450;13450;13450;13450;1;0
ГазпРнД ао;60;20170504;100000;13550;13700;13550;13700;18;0
ГазпРнД ао;60;20170504;120000;13700;13700;13700;13700;5;0
ГазпРнД ао;60;20170504;140000;13600;13600;13300;13300;8;0
ГазпРнД ао;60;20170504;150000;13700;13700;13700;13700;7;0
ГазпРнД ао;60;20170504;160000;13800;14000;13800;14000;35;0
ГазпРнД ао;60;20170504;170000;14000;14000;14000;14000;1;0
ГазпРнД ао;60;20170505;100000;13800;13800;13800;13800;1;0
ГазпРнД ао;60;20170505;160000;13750;13750;13750;13750;1;0
ГазпРнД ао;60;20170505;170000;13700;13900;13700;13900;2;0
ГазпРнД ао;60;20170510;100000;13950;14100;13950;14100;4;0
ГазпРнД ао;60;20170510;110000;14200;14200;14200;14200;1;0
ГазпРнД ао;60;20170510;120000;14200;14350;14200;14350;3;0
ГазпРнД ао;60;20170510;150000;14350;14350;14350;14350;1;0
ГазпРнД ао;60;20170510;160000;14350;14400;14350;14400;4;0
ГазпРнД ао;60;20170510;180000;14250;14250;14250;14250;2;0
ГазпРнД ао;60;20170511;150000;14250;14250;14100;14100;3;0
ГазпРнД ао;60;20170511;180000;14250;14400;14250;14400;2;0
ГазпРнД ао;60;20170512;100000;14500;14550;14500;14550;4;0
ГазпРнД ао;60;20170512;120000;14550;14750;14550;14750;19;0
ГазпРнД ао;60;20170512;130000;14750;14750;14750;14750;5;0
ГазпРнД ао;60;20170512;140000;14550;14550;14550;14550;1;0
ГазпРнД ао;60;20170512;160000;14500;14500;14500;14500;1;0
ГазпРнД ао;60;20170512;170000;14450;14450;14450;14450;1;0
ГазпРнД ао;60;20170515;100000;14350;14350;14350;14350;1;0
ГазпРнД ао;60;20170515;130000;14300;14300;14050;14200;5;0
ГазпРнД ао;60;20170515;150000;14400;14400;14400;14400;1;0
ГазпРнД ао;60;20170515;160000;14300;14300;13700;13800;29;0
ГазпРнД ао;60;20170515;170000;13800;13800;13800;13800;3;0
ГазпРнД ао;60;20170515;180000;13800;13950;13750;13950;4;0
ГазпРнД ао;60;20170516;100000;13800;13800;13800;13800;23;0
ГазпРнД ао;60;20170516;130000;13800;13800;13800;13800;4;0
ГазпРнД ао;60;20170516;140000;13800;13950;13800;13950;10;0
ГазпРнД ао;60;20170516;160000;14000;14000;14000;14000;1;0
ГазпРнД ао;60;20170517;110000;13850;13850;13850;13850;1;0
ГазпРнД ао;60;20170517;180000;14000;14000;14000;14000;1;0
ГазпРнД ао;60;20170518;110000;13800;13800;13800;13800;13;0
ГазпРнД ао;60;20170518;130000;13800;13800;13800;13800;1;0
ГазпРнД ао;60;20170518;140000;13800;13800;13800;13800;5;0
ГазпРнД ао;60;20170522;100000;13750;13750;13550;13550;3;0
ГазпРнД ао;60;20170522;110000;13600;13600;13600;13600;1;0
ГазпРнД ао;60;20170522;120000;13600;13600;13600;13600;1;0
ГазпРнД ао;60;20170522;150000;13650;13650;13650;13650;1;0
ГазпРнД ао;60;20170522;160000;13550;13550;13500;13500;4;0
ГазпРнД ао;60;20170522;170000;13500;13500;13300;13350;29;0
ГазпРнД ао;60;20170522;180000;13300;13300;13300;13300;2;0
ГазпРнД ао;60;20170523;100000;13300;13300;13150;13150;4;0
ГазпРнД ао;60;20170523;110000;13100;13100;13000;13000;2;0
ГазпРнД ао;60;20170523;130000;13100;13100;13100;13100;1;0
ГазпРнД ао;60;20170523;140000;13100;13250;13100;13250;2;0
ГазпРнД ао;60;20170524;100000;13350;13450;13350;13450;2;0
ГазпРнД ао;60;20170524;170000;13300;13300;13250;13250;2;0
ГазпРнД ао;60;20170525;100000;13200;13200;13200;13200;1;0
ГазпРнД ао;60;20170525;110000;13250;13250;13250;13250;1;0
ГазпРнД ао;60;20170526;130000;13300;13300;13150;13300;4;0
ГазпРнД ао;60;20170526;160000;13200;13200;13200;13200;1;0
ГазпРнД ао;60;20170526;180000;13200;13300;13200;13200;3;0
ГазпРнД ао;60;20170529;100000;13200;13200;13200;13200;3;0
ГазпРнД ао;60;20170529;140000;13200;13200;13200;13200;1;0
ГазпРнД ао;60;20170530;100000;13150;13150;13100;13100;2;0
ГазпРнД ао;60;20170530;130000;13100;13100;13100;13100;5;0
ГазпРнД ао;60;20170530;140000;13100;13100;13100;13100;1;0
ГазпРнД ао;60;20170531;140000;13100;13100;13000;13000;8;0
ГазпРнД ао;60;20170601;100000;13250;13250;13250;13250;1;0
ГазпРнД ао;60;20170601;120000;13050;13050;13050;13050;1;0
ГазпРнД ао;60;20170601;180000;13050;13050;13050;13050;1;0
ГазпРнД ао;60;20170602;100000;13050;13050;13000;13000;9;0
ГазпРнД ао;60;20170602;110000;12950;12950;12850;12850;5;0
ГазпРнД ао;60;20170602;120000;12950;12950;12950;12950;3;0
ГазпРнД ао;60;20170602;130000;13000;13000;13000;13000;1;0
ГазпРнД ао;60;20170602;140000;13050;13050;13050;13050;1;0
ГазпРнД ао;60;20170602;150000;13050;13050;13050;13050;1;0
ГазпРнД ао;60;20170602;170000;13250;13250;13250;13250;1;0
ГазпРнД ао;60;20170605;100000;13100;13100;13100;13100;1;0
ГазпРнД ао;60;20170605;130000;13200;13200;13200;13200;2;0
ГазпРнД ао;60;20170606;170000;13050;13050;12950;12950;7;0
ГазпРнД ао;60;20170607;110000;12950;12950;12950;12950;2;0
ГазпРнД ао;60;20170607;150000;13100;13150;13100;13150;4;0
ГазпРнД ао;60;20170607;170000;13000;13000;13000;13000;1;0
ГазпРнД ао;60;20170607;180000;12950;12950;12950;12950;1;0
ГазпРнД ао;60;20170608;100000;13150;13150;13150;13150;1;0
ГазпРнД ао;60;20170609;140000;13000;13000;13000;13000;1;0
ГазпРнД ао;60;20170609;150000;12950;12950;12950;12950;1;0
ГазпРнД ао;60;20170609;160000;12950;12950;12950;12950;1;0
ГазпРнД ао;60;20170609;170000;12900;12900;12900;12900;1;0
ГазпРнД ао;60;20170613;100000;12900;13000;12900;13000;2;0
ГазпРнД ао;60;20170613;130000;12950;12950;12950;12950;1;0
ГазпРнД ао;60;20170613;160000;12950;12950;12950;12950;4;0
ГазпРнД ао;60;20170615;100000;12900;12900;12850;12850;4;0
ГазпРнД ао;60;20170615;120000;12900;12900;12900;12900;1;0
ГазпРнД ао;60;20170615;130000;12900;13050;12900;12900;5;0
ГазпРнД ао;60;20170615;150000;12850;12850;12850;12850;1;0
ГазпРнД ао;60;20170615;160000;12850;12850;12850;12850;1;0
ГазпРнД ао;60;20170616;100000;12900;12900;12900;12900;1;0
ГазпРнД ао;60;20170616;130000;12850;12850;12850;12850;5;0
ГазпРнД ао;60;20170616;140000;12800;12800;12800;12800;5;0
ГазпРнД ао;60;20170619;130000;12800;12800;12800;12800;4;0
ГазпРнД ао;60;20170619;140000;12800;12800;12800;12800;1;0
ГазпРнД ао;60;20170620;100000;13000;13000;13000;13000;1;0
ГазпРнД ао;60;20170620;120000;12800;12800;12800;12800;2;0
ГазпРнД ао;60;20170621;120000;12750;12850;12700;12850;3;0
ГазпРнД ао;60;20170621;150000;13000;13050;13000;13050;2;0
ГазпРнД ао;60;20170621;160000;13050;13050;13050;13050;1;0
ГазпРнД ао;60;20170622;120000;13150;13150;13150;13150;3;0
ГазпРнД ао;60;20170623;130000;13200;13200;13200;13200;1;0
ГазпРнД ао;60;20170626;100000;13250;13250;13050;13050;3;0
ГазпРнД ао;60;20170626;110000;13050;13050;13000;13000;4;0
ГазпРнД ао;60;20170626;120000;13000;13200;13000;13200;4;0
ГазпРнД ао;60;20170626;130000;13000;13100;13000;13100;3;0
ГазпРнД ао;60;20170626;150000;13000;13000;13000;13000;1;0
ГазпРнД ао;60;20170628;160000;13150;13150;13150;13150;1;0
ГазпРнД ао;60;20170629;100000;13200;13200;13200;13200;1;0
ГазпРнД ао;60;20170630;110000;13100;13100;13100;13100;10;0
ГазпРнД ао;60;20170630;130000;13100;13100;13100;13100;5;0
ГазпРнД ао;60;20170630;140000;13100;13100;13100;13100;15;0
ГазпРнД ао;60;20170630;160000;13100;13100;13100;13100;10;0
ГазпРнД ао;60;20170703;110000;13050;13050;13050;13050;1;0
ГазпРнД ао;60;20170703;130000;13000;13000;13000;13000;40;0
ГазпРнД ао;60;20170704;130000;13200;13200;13200;13200;2;0
ГазпРнД ао;60;20170705;110000;13300;13400;13300;13400;6;0
ГазпРнД ао;60;20170705;120000;13300;13300;13300;13300;5;0
ГазпРнД ао;60;20170705;130000;13300;13300;13300;13300;3;0
ГазпРнД ао;60;20170705;150000;13300;13400;13300;13400;9;0
ГазпРнД ао;60;20170705;180000;13400;13400;13400;13400;1;0
ГазпРнД ао;60;20170706;150000;13400;13500;13400;13400;11;0
ГазпРнД ао;60;20170706;170000;13500;13500;13500;13500;131;0
ГазпРнД ао;60;20170706;180000;13550;13550;13550;13550;14;0
ГазпРнД ао;60;20170707;140000;13550;13550;13550;13550;11;0
ГазпРнД ао;60;20170707;170000;13600;13600;13600;13600;1;0
ГазпРнД ао;60;20170710;170000;13400;13400;13400;13400;3;0
ГазпРнД ао;60;20170711;120000;13500;13500;13400;13400;7;0
ГазпРнД ао;60;20170711;130000;13400;13400;13400;13400;1;0
ГазпРнД ао;60;20170711;140000;13450;13450;13450;13450;3;0
ГазпРнД ао;60;20170711;150000;13450;13450;13400;13400;2;0
ГазпРнД ао;60;20170711;160000;13450;13450;13400;13400;4;0
ГазпРнД ао;60;20170712;100000;13500;13500;13500;13500;1;0
ГазпРнД ао;60;20170712;120000;13450;13450;13450;13450;1;0
ГазпРнД ао;60;20170712;150000;13350;13350;13350;13350;1;0
ГазпРнД ао;60;20170713;120000;13400;13400;13400;13400;4;0
ГазпРнД ао;60;20170713;160000;13400;13400;13400;13400;16;0
ГазпРнД ао;60;20170713;170000;13450;13600;13450;13600;7;0
ГазпРнД ао;60;20170718;130000;13600;13600;13550;13550;7;0
ГазпРнД ао;60;20170718;160000;13500;13500;13450;13450;5;0
ГазпРнД ао;60;20170718;170000;13400;13400;13400;13400;2;0
ГазпРнД ао;60;20170719;100000;13350;13350;13350;13350;3;0
ГазпРнД ао;60;20170719;110000;13300;13300;13200;13200;7;0
ГазпРнД ао;60;20170719;140000;13150;13150;13150;13150;2;0
ГазпРнД ао;60;20170719;150000;13150;13150;13150;13150;91;0
ГазпРнД ао;60;20170720;120000;13150;13150;13150;13150;100;0
ГазпРнД ао;60;20170724;130000;13400;13400;13400;13400;2;0
ГазпРнД ао;60;20170726;120000;13200;13200;13200;13200;1;0
ГазпРнД ао;60;20170727;110000;13200;13200;13200;13200;1;0
ГазпРнД ао;60;20170727;120000;13200;13200;13200;13200;1;0
ГазпРнД ао;60;20170801;100000;13450;13450;13450;13450;2;0
ГазпРнД ао;60;20170802;180000;13250;13250;12550;13250;3;0
ГазпРнД ао;60;20170803;110000;13250;13250;11950;13200;9;0
ГазпРнД ао;60;20170803;120000;13200;13200;13200;13200;2;0
ГазпРнД ао;60;20170803;150000;13450;13450;13450;13450;1;0
ГазпРнД ао;60;20170804;110000;13450;13500;13450;13500;7;0
ГазпРнД ао;60;20170804;120000;13500;13500;13500;13500;2;0
ГазпРнД ао;60;20170807;120000;13550;13550;13550;13550;5;0
ГазпРнД ао;60;20170807;150000;13700;14200;13700;14200;127;0
ГазпРнД ао;60;20170807;160000;14350;14350;14350;14350;5;0
ГазпРнД ао;60;20170807;180000;14350;14700;14350;14700;51;0
ГазпРнД ао;60;20170808;100000;14700;16300;14700;15250;65;0
ГазпРнД ао;60;20170808;120000;15200;15200;14950;14950;15;0
ГазпРнД ао;60;20170808;140000;15000;15000;14850;14850;7;0
ГазпРнД ао;60;20170808;150000;14800;14800;14800;14800;2;0
ГазпРнД ао;60;20170808;160000;14750;14750;14750;14750;1;0
ГазпРнД ао;60;20170808;170000;14700;14700;14700;14700;1;0
ГазпРнД ао;60;20170808;180000;14950;14950;14950;14950;1;0
ГазпРнД ао;60;20170809;100000;14950;14950;14950;14950;1;0
ГазпРнД ао;60;20170809;170000;14750;14750;14750;14750;1;0
ГазпРнД ао;60;20170810;130000;15000;15050;14800;15050;3;0
ГазпРнД ао;60;20170810;140000;14850;14850;14800;14800;2;0
ГазпРнД ао;60;20170810;150000;15000;16400;14000;15300;160;0
ГазпРнД ао;60;20170810;160000;15100;15100;15100;15100;1;0
ГазпРнД ао;60;20170810;170000;15050;15050;15000;15000;2;0
ГазпРнД ао;60;20170811;100000;14950;14950;14950;14950;1;0
ГазпРнД ао;60;20170811;110000;14900;14900;14650;14650;14;0
ГазпРнД ао;60;20170811;130000;14850;14850;14850;14850;1;0
ГазпРнД ао;60;20170811;180000;14650;14650;14650;14650;1;0
ГазпРнД ао;60;20170814;100000;14900;14950;14900;14950;2;0
ГазпРнД ао;60;20170815;100000;15000;15000;14700;14800;8;0
ГазпРнД ао;60;20170815;110000;14800;14800;14800;14800;4;0
ГазпРнД ао;60;20170815;160000;14600;14600;14450;14450;5;0
ГазпРнД ао;60;20170815;180000;14350;14350;14100;14100;5;0
ГазпРнД ао;60;20170818;160000;14050;14050;14050;14050;2;0
ГазпРнД ао;60;20170818;170000;14250;14250;14050;14050;2;0
ГазпРнД ао;60;20170821;100000;14000;14000;13900;13900;4;0
ГазпРнД ао;60;20170821;110000;13850;13850;13750;13750;3;0
ГазпРнД ао;60;20170821;120000;13950;14150;13950;14000;9;0
ГазпРнД ао;60;20170821;130000;14200;14950;14000;14050;56;0
ГазпРнД ао;60;20170821;140000;14000;14000;14000;14000;1;0
ГазпРнД ао;60;20170821;150000;14000;14000;14000;14000;1;0
ГазпРнД ао;60;20170821;160000;14100;14100;14100;14100;3;0
ГазпРнД ао;60;20170822;100000;14150;14150;13950;13950;3;0
ГазпРнД ао;60;20170822;120000;14150;14150;14150;14150;1;0
ГазпРнД ао;60;20170823;100000;14200;14250;14200;14250;2;0
ГазпРнД ао;60;20170823;120000;14050;14050;14050;14050;1;0
ГазпРнД ао;60;20170823;150000;14000;14000;13950;13950;6;0
ГазпРнД ао;60;20170824;100000;13900;13900;13900;13900;1;0
ГазпРнД ао;60;20170824;140000;13950;13950;13900;13900;5;0
ГазпРнД ао;60;20170825;160000;13850;13850;13850;13850;1;0
ГазпРнД ао;60;20170825;170000;13800;13950;13750;13950;3;0
ГазпРнД ао;60;20170828;110000;13750;13750;13750;13750;1;0
ГазпРнД ао;60;20170828;160000;13750;13750;13750;13750;6;0
ГазпРнД ао;60;20170828;180000;13700;13700;13700;13700;10;0
ГазпРнД ао;60;20170829;120000;13850;13850;13850;13850;1;0
ГазпРнД ао;60;20170830;110000;13900;13900;13900;13900;1;0
ГазпРнД ао;60;20170830;150000;13900;14100;13900;14100;6;0
ГазпРнД ао;60;20170831;100000;13900;13900;13900;13900;2;0
ГазпРнД ао;60;20170831;140000;14200;14200;14000;14000;2;0
ГазпРнД ао;60;20170901;150000;13900;14200;13900;14200;7;0
ГазпРнД ао;60;20170901;170000;14250;14350;14250;14350;3;0
ГазпРнД ао;60;20170901;180000;14150;14150;14150;14150;1;0
ГазпРнД ао;60;20170904;170000;14150;14150;14150;14150;1;0
ГазпРнД ао;60;20170905;170000;14150;14150;14100;14100;3;0
ГазпРнД ао;60;20170906;100000;14100;14100;14100;14100;1;0
ГазпРнД ао;60;20170906;140000;14050;14050;14050;14050;1;0
ГазпРнД ао;60;20170906;150000;14300;14300;14300;14300;1;0
ГазпРнД ао;60;20170906;160000;14300;14300;14300;14300;1;0
ГазпРнД ао;60;20170907;140000;14350;14400;14350;14400;4;0
ГазпРнД ао;60;20170907;150000;14450;14450;14450;14450;6;0
ГазпРнД ао;60;20170907;170000;14550;14550;14550;14550;1;0
ГазпРнД ао;60;20170908;100000;14450;14450;14400;14400;8;0
ГазпРнД ао;60;20170908;120000;14450;14450;14450;14450;1;0
ГазпРнД ао;60;20170908;140000;14450;14450;14450;14450;5;0
ГазпРнД ао;60;20170908;160000;14500;14500;14500;14500;1;0
ГазпРнД ао;60;20170908;180000;14750;14750;14750;14750;1;0
ГазпРнД ао;60;20170911;110000;14750;14800;14600;14800;5;0
ГазпРнД ао;60;20170911;140000;14850;14850;14850;14850;1;0
ГазпРнД ао;60;20170911;150000;14850;14850;14850;14850;2;0
ГазпРнД ао;60;20170911;170000;14850;14850;14850;14850;1;0
ГазпРнД ао;60;20170912;100000;14950;15050;14950;15050;7;0
ГазпРнД ао;60;20170912;110000;15150;15450;15150;15450;3;0
ГазпРнД ао;60;20170912;180000;15450;15450;15450;15450;1;0
ГазпРнД ао;60;20170913;110000;15650;15650;15650;15650;1;0
ГазпРнД ао;60;20170913;130000;15350;15350;15350;15350;1;0
ГазпРнД ао;60;20170914;150000;15250;15250;13150;14600;71;0
ГазпРнД ао;60;20170914;160000;14550;14550;13800;14450;21;0
ГазпРнД ао;60;20170914;170000;14400;14450;14200;14450;8;0
ГазпРнД ао;60;20170915;100000;14200;14250;13200;14000;21;0
ГазпРнД ао;60;20170915;110000;14150;14250;14150;14200;6;0
ГазпРнД ао;60;20170915;120000;14050;14050;14000;14000;3;0
ГазпРнД ао;60;20170915;160000;14150;14350;14150;14350;8;0
ГазпРнД ао;60;20170918;100000;14150;14350;14150;14350;3;0
ГазпРнД ао;60;20170919;150000;14350;14400;14350;14400;3;0
ГазпРнД ао;60;20170919;160000;14400;14400;14200;14200;2;0
ГазпРнД ао;60;20170919;180000;14200;14200;14200;14200;2;0
ГазпРнД ао;60;20170920;100000;14200;14200;14200;14200;1;0
ГазпРнД ао;60;20170920;140000;14350;14350;14250;14250;3;0
ГазпРнД ао;60;20170920;160000;14350;14400;14350;14400;2;0
ГазпРнД ао;60;20170920;170000;14450;14450;14450;14450;2;0
ГазпРнД ао;60;20170921;160000;14550;14550;14550;14550;1;0
ГазпРнД ао;60;20170922;130000;14500;14500;14500;14500;1;0
ГазпРнД ао;60;20170925;110000;14550;14550;14550;14550;1;0
ГазпРнД ао;60;20170925;120000;14500;14500;14500;14500;2;0
ГазпРнД ао;60;20170925;130000;14500;14500;14450;14450;6;0
ГазпРнД ао;60;20170925;140000;14500;14500;14500;14500;3;0
ГазпРнД ао;60;20170925;180000;14850;14850;14850;14850;1;0
ГазпРнД ао;60;20170926;100000;14900;14900;14900;14900;1;0
ГазпРнД ао;60;20170926;130000;14700;14700;14700;14700;1;0
ГазпРнД ао;60;20170926;150000;14900;14900;14900;14900;1;0
ГазпРнД ао;60;20170928;140000;14700;14700;14700;14700;1;0
ГазпРнД ао;60;20170929;130000;14650;14650;14650;14650;2;0
ГазпРнД ао;60;20170929;140000;14600;14600;14600;14600;2;0
ГазпРнД ао;60;20171002;120000;14350;14350;14350;14350;1;0
ГазпРнД ао;60;20171002;130000;14350;14350;14250;14250;6;0
ГазпРнД ао;60;20171002;150000;14250;14250;14250;14250;4;0
ГазпРнД ао;60;20171002;160000;14350;14350;14350;14350;1;0
ГазпРнД ао;60;20171003;130000;14350;14350;14300;14300;3;0
ГазпРнД ао;60;20171003;180000;14250;14250;14250;14250;6;0
ГазпРнД ао;60;20171004;160000;14300;14300;14250;14250;3;0
ГазпРнД ао;60;20171010;140000;14600;14600;14600;14600;1;0
ГазпРнД ао;60;20171010;160000;14400;14400;14250;14400;6;0
ГазпРнД ао;60;20171010;170000;14400;14400;14400;14400;3;0
ГазпРнД ао;60;20171011;110000;14450;14450;14450;14450;1;0
ГазпРнД ао;60;20171011;160000;14500;14500;14500;14500;1;0
ГазпРнД ао;60;20171011;180000;14500;14500;14500;14500;1;0
ГазпРнД ао;60;20171012;100000;14300;14300;14150;14150;6;0
ГазпРнД ао;60;20171012;170000;14300;14300;14300;14300;1;0
ГазпРнД ао;60;20171012;180000;14300;14350;14300;14350;3;0
ГазпРнД ао;60;20171016;110000;14150;14150;12800;14100;13;0
ГазпРнД ао;60;20171016;140000;14100;14200;14100;14200;7;0
ГазпРнД ао;60;20171020;180000;14200;14200;14200;14200;1;0
ГазпРнД ао;60;20171023;120000;14150;14150;14150;14150;1;0
ГазпРнД ао;60;20171023;170000;14150;14150;14150;14150;3;0
ГазпРнД ао;60;20171023;180000;14100;14100;14100;14100;1;0
ГазпРнД ао;60;20171025;170000;14300;14300;14300;14300;1;0
ГазпРнД ао;60;20171026;110000;14100;14100;14100;14100;1;0
ГазпРнД ао;60;20171026;160000;14050;14050;14050;14050;1;0
ГазпРнД ао;60;20171027;120000;14000;14000;14000;14000;1;0
ГазпРнД ао;60;20171027;150000;14200;14200;14200;14200;1;0
ГазпРнД ао;60;20171027;160000;14000;14000;13900;13900;3;0
ГазпРнД ао;60;20171030;140000;14000;14000;14000;14000;3;0
ГазпРнД ао;60;20171030;150000;14100;14100;14000;14000;2;0
ГазпРнД ао;60;20171101;130000;13900;14000;13900;14000;2;0
ГазпРнД ао;60;20171101;180000;14100;14150;14100;14150;2;0
ГазпРнД ао;60;20171102;100000;14200;14250;12800;14100;6;0
ГазпРнД ао;60;20171107;110000;14150;14150;14150;14150;2;0
ГазпРнД ао;60;20171108;100000;14350;14350;14350;14350;1;0
ГазпРнД ао;60;20171108;120000;14150;14150;14050;14100;3;0
ГазпРнД ао;60;20171108;130000;14100;14100;14100;14100;1;0
ГазпРнД ао;60;20171109;170000;14250;14250;14250;14250;1;0
ГазпРнД ао;60;20171110;100000;14300;14350;14300;14350;2;0
ГазпРнД ао;60;20171110;150000;14450;14500;14450;14500;6;0
ГазпРнД ао;60;20171113;140000;14500;14500;14500;14500;1;0
ГазпРнД ао;60;20171113;180000;14500;14500;14300;14300;2;0
ГазпРнД ао;60;20171114;120000;14250;14250;14200;14200;2;0
ГазпРнД ао;60;20171115;120000;14400;14400;14400;14400;1;0
ГазпРнД ао;60;20171115;160000;14200;14200;14050;14050;4;0
ГазпРнД ао;60;20171116;140000;13950;13950;13950;13950;1;0
ГазпРнД ао;60;20171120;100000;13900;13900;13900;13900;1;0
ГазпРнД ао;60;20171120;140000;13900;13900;13900;13900;1;0
ГазпРнД ао;60;20171121;100000;13900;13900;13900;13900;1;0
ГазпРнД ао;60;20171121;120000;14100;14100;14100;14100;1;0
ГазпРнД ао;60;20171121;140000;14000;14100;14000;14100;2;0
ГазпРнД ао;60;20171121;170000;14000;14000;14000;14000;1;0
ГазпРнД ао;60;20171121;180000;14150;14150;14150;14150;1;0
ГазпРнД ао;60;20171128;120000;14050;14050;14050;14050;1;0
ГазпРнД ао;60;20171129;110000;14050;14050;14050;14050;1;0
ГазпРнД ао;60;20171130;110000;14250;14350;14250;14350;5;0
ГазпРнД ао;60;20171130;150000;14600;14650;14600;14650;2;0
ГазпРнД ао;60;20171201;110000;14650;14900;14650;14900;12;0
ГазпРнД ао;60;20171201;120000;14950;14950;14950;14950;2;0
ГазпРнД ао;60;20171201;140000;14950;15000;14950;15000;4;0
ГазпРнД ао;60;20171201;150000;15000;15000;15000;15000;3;0
ГазпРнД ао;60;20171201;170000;15200;15650;15200;15450;20;0
ГазпРнД ао;60;20171201;180000;15200;15200;15000;15000;3;0
ГазпРнД ао;60;20171204;100000;16000;16000;15500;15500;12;0
ГазпРнД ао;60;20171204;110000;15200;15200;15200;15200;1;0
ГазпРнД ао;60;20171204;120000;15400;15450;15200;15450;4;0
ГазпРнД ао;60;20171204;130000;15450;15650;15450;15650;5;0
ГазпРнД ао;60;20171204;140000;15550;15550;15550;15550;2;0
ГазпРнД ао;60;20171204;180000;15500;15500;15500;15500;3;0
ГазпРнД ао;60;20171205;100000;15700;15900;15700;15900;15;0
ГазпРнД ао;60;20171205;120000;15700;15700;15700;15700;1;0
ГазпРнД ао;60;20171205;140000;15900;16000;15900;16000;11;0
ГазпРнД ао;60;20171205;160000;16000;16000;16000;16000;1;0
ГазпРнД ао;60;20171205;170000;16050;16050;16050;16050;1;0
ГазпРнД ао;60;20171206;100000;16000;16000;15850;15850;3;0
ГазпРнД ао;60;20171206;110000;15850;15850;15850;15850;5;0
ГазпРнД ао;60;20171206;120000;16000;16000;16000;16000;1;0
ГазпРнД ао;60;20171206;130000;16050;16050;16050;16050;1;0
ГазпРнД ао;60;20171207;100000;16050;16100;16050;16100;2;0
ГазпРнД ао;60;20171207;110000;16100;16150;16100;16150;2;0
ГазпРнД ао;60;20171207;120000;16250;16250;16250;16250;1;0
ГазпРнД ао;60;20171207;130000;16250;16300;16250;16300;2;0
ГазпРнД ао;60;20171207;150000;16100;16100;15900;15900;14;0
ГазпРнД ао;60;20171208;130000;16000;16000;16000;16000;1;0
ГазпРнД ао;60;20171208;140000;16000;16000;16000;16000;7;0
ГазпРнД ао;60;20171208;150000;16000;16000;16000;16000;13;0
ГазпРнД ао;60;20171211;160000;16200;16200;16200;16200;1;0
ГазпРнД ао;60;20171211;170000;16200;16200;16200;16200;1;0
ГазпРнД ао;60;20171211;180000;16300;16350;16300;16300;4;0
ГазпРнД ао;60;20171212;100000;16150;16150;16150;16150;2;0
ГазпРнД ао;60;20171212;150000;16000;16250;16000;16250;2;0
ГазпРнД ао;60;20171213;130000;16050;16050;16050;16050;2;0
ГазпРнД ао;60;20171213;170000;16300;16300;16300;16300;1;0
ГазпРнД ао;60;20171213;180000;16100;16100;16100;16100;1;0
ГазпРнД ао;60;20171215;100000;16000;16000;16000;16000;1;0
ГазпРнД ао;60;20171215;150000;16350;16350;16150;16150;2;0
ГазпРнД ао;60;20171218;110000;16300;19950;16300;19950;19;0
ГазпРнД ао;60;20171218;120000;15900;22000;15800;18100;16;0
ГазпРнД ао;60;20171218;130000;18950;18950;18950;18950;1;0
ГазпРнД ао;60;20171218;140000;18150;18150;18000;18050;6;0
ГазпРнД ао;60;20171218;150000;19000;19000;16500;16950;20;0
ГазпРнД ао;60;20171218;160000;16950;17200;16950;17150;10;0
ГазпРнД ао;60;20171218;170000;17200;17400;17200;17400;7;0
ГазпРнД ао;60;20171219;100000;17600;18400;17050;18400;23;0
ГазпРнД ао;60;20171219;110000;18150;18150;17950;17950;2;0
ГазпРнД ао;60;20171219;120000;17850;17850;17850;17850;1;0
ГазпРнД ао;60;20171219;140000;18400;18650;18400;18650;3;0
ГазпРнД ао;60;20171219;150000;18350;18350;18350;18350;1;0
ГазпРнД ао;60;20171220;100000;18600;18950;18600;18900;19;0
ГазпРнД ао;60;20171220;110000;18900;19000;18900;19000;7;0
ГазпРнД ао;60;20171220;120000;19050;19050;19050;19050;2;0
ГазпРнД ао;60;20171220;130000;19100;19100;19100;19100;1;0
ГазпРнД ао;60;20171220;170000;19000;19000;19000;19000;2;0
ГазпРнД ао;60;20171221;100000;19100;20000;19100;20000;54;0
ГазпРнД ао;60;20171221;110000;19700;19700;19700;19700;1;0
ГазпРнД ао;60;20171221;140000;20000;20000;20000;20000;112;0
ГазпРнД ао;60;20171221;150000;19450;19450;17800;18650;10;0
ГазпРнД ао;60;20171222;100000;18750;18750;18750;18750;1;0
ГазпРнД ао;60;20171222;160000;18750;18750;18750;18750;2;0
ГазпРнД ао;60;20171225;130000;18750;19500;18750;19500;5;0
ГазпРнД ао;60;20171225;150000;19500;19500;19500;19500;1;0
ГазпРнД ао;60;20171226;130000;18800;18800;18600;18600;2;0
ГазпРнД ао;60;20171226;170000;18550;18550;18550;18550;2;0
ГазпРнД ао;60;20171226;180000;18850;18850;18850;18850;1;0
ГазпРнД ао;60;20171227;100000;18600;18600;18600;18600;1;0
ГазпРнД ао;60;20171227;110000;18000;18000;17500;17500;2;0
ГазпРнД ао;60;20171227;120000;17750;17750;17750;17750;1;0
ГазпРнД ао;60;20171227;180000;18300;18300;18050;18050;2;0
ГазпРнД ао;60;20171228;100000;17600;17600;17600;17600;1;0
ГазпРнД ао;60;20171228;140000;17850;17850;17850;17850;1;0
ГазпРнД ао;60;20171228;160000;18300;18300;18050;18050;2;0
ГазпРнД ао;60;20171229;100000;18200;18200;18200;18200;1;0
ГазпРнД ао;60;20171229;130000;18050;18050;18050;18050;1;0
ГазпРнД ао;60;20171229;150000;18050;18050;18050;18050;2;0
