<TICKER>;<PER>;<DATE>;<TIME>;<OPEN>;<HIGH>;<LOW>;<CLOSE>;<VOL>;<OPENINT>
ГАЗ ао;60;20170124;100000;573;573;573;573;1;0
ГАЗ ао;60;20170124;120000;583;584;583;584;101;0
ГАЗ ао;60;20170124;140000;584;584;584;584;150;0
ГАЗ ао;60;20170124;150000;581;584;580;584;108;0
ГАЗ ао;60;20170124;160000;584;584;584;584;382;0
ГАЗ ао;60;20170125;150000;570;570;570;570;1;0
ГАЗ ао;60;20170125;180000;571;571;564;564;3;0
ГАЗ ао;60;20170126;100000;556;556;556;556;1;0
ГАЗ ао;60;20170126;130000;577;577;577;577;2;0
ГАЗ ао;60;20170126;160000;578;578;578;578;1;0
ГАЗ ао;60;20170126;170000;583;583;583;583;1;0
ГАЗ ао;60;20170127;100000;584;584;584;584;1;0
ГАЗ ао;60;20170127;110000;577;577;575;575;2;0
ГАЗ ао;60;20170127;130000;579;584;575;575;76;0
ГАЗ ао;60;20170127;150000;584;584;584;584;5;0
ГАЗ ао;60;20170127;170000;584;584;584;584;1;0
ГАЗ ао;60;20170130;100000;588;637;584;584;29;0
ГАЗ ао;60;20170130;110000;584;584;578;578;55;0
ГАЗ ао;60;20170130;120000;576;576;557;557;6;0
ГАЗ ао;60;20170130;130000;570;570;560;560;5;0
ГАЗ ао;60;20170130;170000;581;581;581;581;1;0
ГАЗ ао;60;20170131;170000;569;584;568;584;11;0
ГАЗ ао;60;20170201;150000;583;584;583;583;6;0
ГАЗ ао;60;20170201;160000;570;584;570;584;3;0
ГАЗ ао;60;20170201;170000;584;584;584;584;11;0
ГАЗ ао;60;20170201;180000;584;584;584;584;2;0
ГАЗ ао;60;20170202;110000;584;584;568;584;23;0
ГАЗ ао;60;20170202;130000;571;577;563;577;12;0
ГАЗ ао;60;20170202;140000;583;584;580;580;81;0
ГАЗ ао;60;20170203;100000;559;559;559;559;1;0
ГАЗ ао;60;20170203;130000;570;570;570;570;4;0
ГАЗ ао;60;20170203;170000;562;562;561;561;3;0
ГАЗ ао;60;20170206;120000;571;584;571;584;15;0
ГАЗ ао;60;20170206;140000;580;580;580;580;1;0
ГАЗ ао;60;20170206;150000;572;572;572;572;1;0
ГАЗ ао;60;20170206;160000;583;584;583;584;40;0
ГАЗ ао;60;20170206;180000;580;580;580;580;1;0
ГАЗ ао;60;20170207;100000;584;584;575;582;6;0
ГАЗ ао;60;20170207;110000;570;582;570;582;6;0
ГАЗ ао;60;20170207;130000;572;583;571;583;81;0
ГАЗ ао;60;20170207;140000;574;574;574;574;1;0
ГАЗ ао;60;20170207;170000;573;573;572;572;2;0
ГАЗ ао;60;20170208;100000;571;571;571;571;9;0
ГАЗ ао;60;20170208;120000;569;569;569;569;6;0
ГАЗ ао;60;20170208;130000;569;569;569;569;51;0
ГАЗ ао;60;20170208;150000;558;558;558;558;2;0
ГАЗ ао;60;20170208;160000;560;560;557;557;3;0
ГАЗ ао;60;20170208;170000;559;560;559;560;21;0
ГАЗ ао;60;20170208;180000;559;559;555;555;11;0
ГАЗ ао;60;20170209;100000;555;555;555;555;1;0
ГАЗ ао;60;20170209;110000;555;555;555;555;1;0
ГАЗ ао;60;20170209;140000;553;553;553;553;1;0
ГАЗ ао;60;20170209;170000;560;560;560;560;50;0
ГАЗ ао;60;20170210;100000;559;589;559;589;113;0
ГАЗ ао;60;20170210;110000;570;570;561;561;3;0
ГАЗ ао;60;20170210;120000;557;558;556;556;16;0
ГАЗ ао;60;20170210;130000;555;560;555;560;56;0
ГАЗ ао;60;20170210;140000;560;588;560;565;195;0
ГАЗ ао;60;20170210;150000;566;576;563;563;23;0
ГАЗ ао;60;20170210;160000;566;569;560;569;7;0
ГАЗ ао;60;20170210;170000;558;560;556;556;10;0
ГАЗ ао;60;20170210;180000;556;556;556;556;2;0
ГАЗ ао;60;20170213;100000;558;579;558;575;7;0
ГАЗ ао;60;20170213;120000;564;564;564;564;1;0
ГАЗ ао;60;20170213;170000;565;565;565;565;1;0
ГАЗ ао;60;20170214;110000;563;563;561;562;6;0
ГАЗ ао;60;20170214;140000;562;562;562;562;1;0
ГАЗ ао;60;20170215;100000;555;560;555;560;27;0
ГАЗ ао;60;20170215;110000;555;555;472;531;69;0
ГАЗ ао;60;20170215;130000;544;554;540;550;6;0
ГАЗ ао;60;20170215;140000;546;546;546;546;1;0
ГАЗ ао;60;20170215;150000;545;545;545;545;1;0
ГАЗ ао;60;20170215;170000;546;579;546;579;175;0
ГАЗ ао;60;20170215;180000;578;578;578;578;4;0
ГАЗ ао;60;20170216;100000;556;561;556;561;2;0
ГАЗ ао;60;20170216;110000;564;564;564;564;1;0
ГАЗ ао;60;20170216;150000;563;563;563;563;2;0
ГАЗ ао;60;20170216;170000;563;578;563;578;14;0
ГАЗ ао;60;20170217;100000;555;564;528;564;12;0
ГАЗ ао;60;20170217;120000;576;580;570;580;78;0
ГАЗ ао;60;20170217;130000;577;577;577;577;1;0
ГАЗ ао;60;20170217;170000;566;566;566;566;1;0
ГАЗ ао;60;20170220;100000;557;557;556;556;3;0
ГАЗ ао;60;20170220;110000;560;560;551;551;35;0
ГАЗ ао;60;20170220;150000;575;575;551;551;19;0
ГАЗ ао;60;20170220;160000;567;579;553;560;13;0
ГАЗ ао;60;20170220;180000;552;577;546;577;9;0
ГАЗ ао;60;20170221;100000;535;560;531;560;11;0
ГАЗ ао;60;20170221;120000;558;569;558;569;8;0
ГАЗ ао;60;20170221;130000;552;562;531;562;50;0
ГАЗ ао;60;20170221;140000;555;555;541;541;6;0
ГАЗ ао;60;20170221;150000;550;550;550;550;1;0
ГАЗ ао;60;20170221;160000;548;548;548;548;1;0
ГАЗ ао;60;20170221;170000;547;547;547;547;1;0
ГАЗ ао;60;20170221;180000;546;550;546;550;7;0
ГАЗ ао;60;20170222;100000;550;566;550;560;17;0
ГАЗ ао;60;20170222;110000;562;562;560;560;71;0
ГАЗ ао;60;20170222;120000;572;572;555;555;6;0
ГАЗ ао;60;20170222;140000;555;555;555;555;1;0
ГАЗ ао;60;20170222;150000;555;555;511;535;215;0
ГАЗ ао;60;20170222;160000;537;538;537;538;3;0
ГАЗ ао;60;20170224;090000;540;540;540;540;11;0
ГАЗ ао;60;20170224;100000;540;540;540;540;19;0
ГАЗ ао;60;20170224;110000;540;541;540;541;2;0
ГАЗ ао;60;20170224;120000;540;540;540;540;1;0
ГАЗ ао;60;20170224;130000;542;549;542;549;4;0
ГАЗ ао;60;20170224;150000;545;545;545;545;1;0
ГАЗ ао;60;20170224;160000;546;556;546;556;14;0
ГАЗ ао;60;20170224;170000;560;560;560;560;1;0
ГАЗ ао;60;20170224;180000;555;560;551;551;52;0
ГАЗ ао;60;20170227;100000;541;550;541;550;52;0
ГАЗ ао;60;20170227;110000;548;550;548;550;20;0
ГАЗ ао;60;20170227;150000;530;530;530;530;1;0
ГАЗ ао;60;20170227;170000;549;549;540;540;2;0
ГАЗ ао;60;20170227;180000;530;530;530;530;1;0
ГАЗ ао;60;20170228;150000;524;530;524;525;16;0
ГАЗ ао;60;20170228;160000;525;525;525;525;1;0
ГАЗ ао;60;20170228;170000;525;525;520;520;7;0
ГАЗ ао;60;20170228;180000;520;520;508;508;25;0
ГАЗ ао;60;20170301;100000;520;520;510;510;2;0
ГАЗ ао;60;20170301;110000;520;520;520;520;4;0
ГАЗ ао;60;20170301;130000;520;520;520;520;9;0
ГАЗ ао;60;20170301;140000;520;520;520;520;4;0
ГАЗ ао;60;20170301;150000;520;520;520;520;4;0
ГАЗ ао;60;20170301;160000;520;520;520;520;4;0
ГАЗ ао;60;20170301;180000;519;520;519;520;3;0
ГАЗ ао;60;20170302;120000;520;520;520;520;1;0
ГАЗ ао;60;20170302;130000;520;520;520;520;21;0
ГАЗ ао;60;20170302;140000;517;520;517;520;8;0
ГАЗ ао;60;20170302;160000;520;520;520;520;5;0
ГАЗ ао;60;20170302;180000;520;520;520;520;1;0
ГАЗ ао;60;20170303;110000;522;522;508;508;6;0
ГАЗ ао;60;20170306;100000;510;510;510;510;1;0
ГАЗ ао;60;20170306;110000;526;528;526;528;4;0
ГАЗ ао;60;20170306;120000;527;527;527;527;1;0
ГАЗ ао;60;20170306;130000;522;522;522;522;1;0
ГАЗ ао;60;20170306;140000;524;524;522;522;11;0
ГАЗ ао;60;20170306;150000;518;518;518;518;1;0
ГАЗ ао;60;20170306;160000;520;520;520;520;26;0
ГАЗ ао;60;20170307;100000;506;506;506;506;1;0
ГАЗ ао;60;20170307;120000;512;512;512;512;10;0
ГАЗ ао;60;20170307;170000;513;513;513;513;1;0
ГАЗ ао;60;20170309;110000;505;505;500;500;43;0
ГАЗ ао;60;20170309;120000;499;499;499;499;1;0
ГАЗ ао;60;20170309;170000;491;491;490;490;3;0
ГАЗ ао;60;20170309;180000;490;490;490;490;2;0
ГАЗ ао;60;20170310;100000;492;494;475;475;15;0
ГАЗ ао;60;20170310;110000;475;489;475;489;5;0
ГАЗ ао;60;20170310;130000;481;481;481;481;1;0
ГАЗ ао;60;20170310;150000;481;481;480;480;5;0
ГАЗ ао;60;20170310;160000;481;481;481;481;11;0
ГАЗ ао;60;20170313;100000;456;456;456;456;1;0
ГАЗ ао;60;20170313;110000;480;480;480;480;1;0
ГАЗ ао;60;20170313;120000;482;482;482;482;2;0
ГАЗ ао;60;20170313;150000;482;488;482;488;5;0
ГАЗ ао;60;20170314;120000;488;488;488;488;1;0
ГАЗ ао;60;20170314;160000;483;483;480;480;16;0
ГАЗ ао;60;20170315;130000;487;673;460;472;374;0
ГАЗ ао;60;20170315;140000;472;472;461;463;33;0
ГАЗ ао;60;20170315;150000;472;474;472;474;7;0
ГАЗ ао;60;20170315;160000;473;473;472;472;2;0
ГАЗ ао;60;20170315;170000;471;484;463;465;43;0
ГАЗ ао;60;20170315;180000;480;500;467;480;28;0
ГАЗ ао;60;20170316;100000;500;500;493;500;4;0
ГАЗ ао;60;20170316;110000;488;488;469;471;85;0
ГАЗ ао;60;20170316;120000;471;479;470;478;15;0
ГАЗ ао;60;20170316;130000;484;484;484;484;1;0
ГАЗ ао;60;20170316;140000;484;485;484;485;2;0
ГАЗ ао;60;20170316;150000;487;487;487;487;2;0
ГАЗ ао;60;20170316;160000;496;511;490;490;11;0
ГАЗ ао;60;20170316;170000;505;505;492;495;10;0
ГАЗ ао;60;20170316;180000;509;559;502;559;41;0
ГАЗ ао;60;20170317;100000;501;542;494;520;11;0
ГАЗ ао;60;20170317;110000;522;522;522;522;1;0
ГАЗ ао;60;20170317;120000;513;513;513;513;3;0
ГАЗ ао;60;20170317;170000;519;520;519;520;4;0
ГАЗ ао;60;20170317;180000;513;513;512;512;4;0
ГАЗ ао;60;20170320;100000;505;510;501;501;3;0
ГАЗ ао;60;20170320;120000;511;511;511;511;1;0
ГАЗ ао;60;20170320;170000;512;513;512;513;2;0
ГАЗ ао;60;20170321;130000;513;513;513;513;1;0
ГАЗ ао;60;20170321;140000;513;513;513;513;1;0
ГАЗ ао;60;20170321;160000;513;513;513;513;1;0
ГАЗ ао;60;20170322;110000;501;501;500;500;6;0
ГАЗ ао;60;20170322;130000;491;491;486;486;3;0
ГАЗ ао;60;20170322;140000;500;516;500;510;8;0
ГАЗ ао;60;20170323;100000;512;512;512;512;1;0
ГАЗ ао;60;20170323;110000;509;540;508;540;24;0
ГАЗ ао;60;20170323;140000;533;533;530;530;70;0
ГАЗ ао;60;20170323;160000;530;530;530;530;1;0
ГАЗ ао;60;20170323;180000;529;529;529;529;1;0
ГАЗ ао;60;20170324;140000;518;520;517;520;5;0
ГАЗ ао;60;20170324;180000;520;520;520;520;9;0
ГАЗ ао;60;20170327;100000;520;520;520;520;1;0
ГАЗ ао;60;20170327;120000;509;510;490;490;7;0
ГАЗ ао;60;20170327;140000;517;549;517;520;16;0
ГАЗ ао;60;20170327;180000;513;513;513;513;1;0
ГАЗ ао;60;20170328;180000;534;549;530;549;5;0
ГАЗ ао;60;20170329;100000;555;570;524;533;19;0
ГАЗ ао;60;20170330;130000;517;530;517;520;7;0
ГАЗ ао;60;20170330;170000;519;520;510;520;10;0
ГАЗ ао;60;20170330;180000;520;520;520;520;1;0
ГАЗ ао;60;20170331;110000;520;520;520;520;1;0
ГАЗ ао;60;20170331;180000;520;542;520;526;23;0
ГАЗ ао;60;20170403;150000;530;539;530;539;4;0
ГАЗ ао;60;20170403;170000;531;544;530;544;5;0
ГАЗ ао;60;20170403;180000;545;559;545;559;97;0
ГАЗ ао;60;20170404;100000;562;562;490;540;21;0
ГАЗ ао;60;20170404;110000;540;560;540;560;35;0
ГАЗ ао;60;20170404;130000;547;551;547;550;3;0
ГАЗ ао;60;20170404;170000;549;549;532;532;3;0
ГАЗ ао;60;20170404;180000;542;542;542;542;1;0
ГАЗ ао;60;20170405;130000;550;550;550;550;1;0
ГАЗ ао;60;20170406;150000;534;534;534;534;1;0
ГАЗ ао;60;20170407;100000;532;540;532;532;3;0
ГАЗ ао;60;20170407;110000;533;533;532;532;8;0
ГАЗ ао;60;20170410;100000;532;535;501;525;11;0
ГАЗ ао;60;20170410;120000;520;520;511;511;2;0
ГАЗ ао;60;20170410;130000;510;510;504;504;4;0
ГАЗ ао;60;20170411;130000;520;525;506;520;17;0
ГАЗ ао;60;20170411;160000;512;512;512;512;1;0
ГАЗ ао;60;20170413;120000;503;510;503;510;2;0
ГАЗ ао;60;20170413;130000;502;502;502;502;6;0
ГАЗ ао;60;20170413;150000;510;530;510;530;4;0
ГАЗ ао;60;20170413;180000;504;519;501;501;12;0
ГАЗ ао;60;20170414;140000;503;503;503;503;2;0
ГАЗ ао;60;20170414;150000;503;510;501;501;11;0
ГАЗ ао;60;20170414;180000;501;501;480;500;33;0
ГАЗ ао;60;20170417;100000;482;482;482;482;11;0
ГАЗ ао;60;20170417;110000;491;492;482;482;6;0
ГАЗ ао;60;20170417;140000;482;482;482;482;1;0
ГАЗ ао;60;20170417;150000;491;501;491;500;15;0
ГАЗ ао;60;20170417;160000;493;493;492;492;2;0
ГАЗ ао;60;20170417;170000;503;504;500;500;7;0
ГАЗ ао;60;20170418;100000;492;492;492;492;1;0
ГАЗ ао;60;20170418;130000;503;503;503;503;1;0
ГАЗ ао;60;20170418;180000;499;499;499;499;5;0
ГАЗ ао;60;20170419;180000;500;500;500;500;2;0
ГАЗ ао;60;20170420;160000;499;499;499;499;8;0
ГАЗ ао;60;20170421;100000;501;501;501;501;1;0
ГАЗ ао;60;20170421;120000;516;516;511;516;3;0
ГАЗ ао;60;20170421;130000;516;516;516;516;1;0
ГАЗ ао;60;20170421;140000;519;519;519;519;1;0
ГАЗ ао;60;20170421;150000;520;525;520;520;3;0
ГАЗ ао;60;20170421;160000;530;530;530;530;1;0
ГАЗ ао;60;20170421;170000;511;511;510;510;7;0
ГАЗ ао;60;20170424;100000;516;516;516;516;1;0
ГАЗ ао;60;20170424;110000;515;515;515;515;1;0
ГАЗ ао;60;20170425;110000;527;550;527;550;10;0
ГАЗ ао;60;20170425;120000;520;530;520;530;2;0
ГАЗ ао;60;20170425;180000;522;522;522;522;1;0
ГАЗ ао;60;20170426;100000;539;539;539;539;1;0
ГАЗ ао;60;20170426;170000;532;532;532;532;1;0
ГАЗ ао;60;20170427;100000;546;546;540;540;3;0
ГАЗ ао;60;20170427;150000;531;531;530;530;5;0
ГАЗ ао;60;20170427;170000;527;527;527;527;1;0
ГАЗ ао;60;20170428;100000;531;531;531;531;1;0
ГАЗ ао;60;20170428;170000;531;531;531;531;5;0
ГАЗ ао;60;20170502;100000;537;537;537;537;2;0
ГАЗ ао;60;20170502;110000;538;550;538;540;6;0
ГАЗ ао;60;20170502;160000;541;541;536;536;7;0
ГАЗ ао;60;20170503;100000;535;535;499;499;6;0
ГАЗ ао;60;20170503;110000;533;533;530;530;3;0
ГАЗ ао;60;20170503;180000;533;533;533;533;1;0
ГАЗ ао;60;20170504;120000;531;531;531;531;1;0
ГАЗ ао;60;20170504;140000;530;530;530;530;10;0
ГАЗ ао;60;20170504;160000;536;539;536;539;3;0
ГАЗ ао;60;20170505;110000;539;543;539;540;12;0
ГАЗ ао;60;20170505;120000;544;544;544;544;4;0
ГАЗ ао;60;20170505;130000;544;544;539;539;21;0
ГАЗ ао;60;20170505;140000;537;537;537;537;1;0
ГАЗ ао;60;20170505;150000;544;550;544;550;15;0
ГАЗ ао;60;20170505;160000;551;551;551;551;4;0
ГАЗ ао;60;20170505;180000;540;540;540;540;5;0
ГАЗ ао;60;20170510;100000;559;559;550;550;3;0
ГАЗ ао;60;20170510;110000;527;540;522;540;4;0
ГАЗ ао;60;20170510;140000;541;541;541;541;1;0
ГАЗ ао;60;20170511;110000;540;540;540;540;1;0
ГАЗ ао;60;20170511;120000;539;540;539;540;2;0
ГАЗ ао;60;20170511;130000;531;531;531;531;1;0
ГАЗ ао;60;20170511;150000;531;531;519;520;14;0
ГАЗ ао;60;20170511;160000;518;518;516;516;3;0
ГАЗ ао;60;20170512;100000;521;528;521;525;11;0
ГАЗ ао;60;20170512;120000;521;521;518;518;2;0
ГАЗ ао;60;20170512;130000;520;523;515;519;10;0
ГАЗ ао;60;20170512;140000;515;515;515;515;5;0
ГАЗ ао;60;20170512;160000;515;515;515;515;5;0
ГАЗ ао;60;20170512;170000;523;523;523;523;1;0
ГАЗ ао;60;20170515;100000;514;514;510;510;5;0
ГАЗ ао;60;20170515;110000;510;510;510;510;3;0
ГАЗ ао;60;20170515;130000;517;517;517;517;1;0
ГАЗ ао;60;20170515;140000;508;508;503;503;14;0
ГАЗ ао;60;20170515;150000;513;513;513;513;1;0
ГАЗ ао;60;20170515;160000;504;504;502;502;6;0
ГАЗ ао;60;20170515;170000;511;514;511;514;5;0
ГАЗ ао;60;20170516;140000;513;518;513;518;4;0
ГАЗ ао;60;20170517;150000;517;517;517;517;5;0
ГАЗ ао;60;20170517;160000;514;514;503;503;5;0
ГАЗ ао;60;20170517;180000;503;503;500;500;65;0
ГАЗ ао;60;20170518;110000;500;500;471;500;16;0
ГАЗ ао;60;20170518;120000;502;502;501;501;2;0
ГАЗ ао;60;20170518;140000;502;503;502;503;2;0
ГАЗ ао;60;20170518;160000;504;504;504;504;1;0
ГАЗ ао;60;20170518;170000;504;504;504;504;5;0
ГАЗ ао;60;20170519;100000;510;511;497;503;5;0
ГАЗ ао;60;20170519;140000;504;504;504;504;1;0
ГАЗ ао;60;20170519;180000;504;504;504;504;1;0
ГАЗ ао;60;20170522;120000;513;513;513;513;1;0
ГАЗ ао;60;20170522;160000;498;498;498;498;1;0
ГАЗ ао;60;20170522;180000;497;497;480;495;46;0
ГАЗ ао;60;20170523;110000;484;498;482;492;11;0
ГАЗ ао;60;20170523;180000;495;498;495;498;5;0
ГАЗ ао;60;20170524;100000;500;504;500;504;4;0
ГАЗ ао;60;20170524;150000;493;493;493;493;1;0
ГАЗ ао;60;20170524;180000;497;517;497;517;20;0
ГАЗ ао;60;20170526;130000;515;515;510;515;4;0
ГАЗ ао;60;20170526;160000;514;514;514;514;1;0
ГАЗ ао;60;20170526;180000;514;514;514;514;1;0
ГАЗ ао;60;20170529;180000;501;506;501;506;2;0
ГАЗ ао;60;20170531;100000;507;600;450;495;175;0
ГАЗ ао;60;20170531;110000;495;500;495;500;6;0
ГАЗ ао;60;20170531;140000;505;505;505;505;2;0
ГАЗ ао;60;20170531;160000;500;500;498;498;3;0
ГАЗ ао;60;20170531;170000;497;497;497;497;1;0
ГАЗ ао;60;20170531;180000;491;491;491;491;1;0
ГАЗ ао;60;20170601;160000;491;497;470;490;13;0
ГАЗ ао;60;20170602;110000;494;495;494;495;6;0
ГАЗ ао;60;20170602;170000;486;494;486;494;2;0
ГАЗ ао;60;20170602;180000;495;495;495;495;17;0
ГАЗ ао;60;20170605;140000;496;496;496;496;1;0
ГАЗ ао;60;20170606;100000;503;510;503;510;7;0
ГАЗ ао;60;20170606;120000;500;505;500;505;10;0
ГАЗ ао;60;20170606;160000;505;505;496;504;9;0
ГАЗ ао;60;20170606;170000;496;504;496;500;10;0
ГАЗ ао;60;20170607;130000;500;500;500;500;1;0
ГАЗ ао;60;20170607;160000;496;496;475;475;10;0
ГАЗ ао;60;20170608;140000;480;490;480;490;2;0
ГАЗ ао;60;20170614;110000;503;503;470;476;25;0
ГАЗ ао;60;20170614;120000;488;488;466;474;9;0
ГАЗ ао;60;20170614;140000;484;484;467;474;3;0
ГАЗ ао;60;20170614;160000;480;480;466;466;30;0
ГАЗ ао;60;20170614;170000;484;484;467;471;8;0
ГАЗ ао;60;20170614;180000;472;472;472;472;1;0
ГАЗ ао;60;20170615;120000;456;456;456;456;1;0
ГАЗ ао;60;20170615;130000;469;469;461;461;2;0
ГАЗ ао;60;20170615;150000;468;468;468;468;1;0
ГАЗ ао;60;20170615;160000;461;469;460;469;4;0
ГАЗ ао;60;20170615;170000;457;469;457;457;3;0
ГАЗ ао;60;20170615;180000;469;478;469;478;61;0
ГАЗ ао;60;20170616;100000;473;488;473;480;3;0
ГАЗ ао;60;20170616;120000;488;500;488;500;5;0
ГАЗ ао;60;20170616;130000;480;480;480;480;2;0
ГАЗ ао;60;20170616;170000;467;467;467;467;4;0
ГАЗ ао;60;20170616;180000;467;467;450;450;74;0
ГАЗ ао;60;20170619;100000;452;452;444;444;9;0
ГАЗ ао;60;20170619;110000;441;441;430;430;62;0
ГАЗ ао;60;20170619;120000;433;443;433;434;11;0
ГАЗ ао;60;20170619;130000;434;450;433;450;34;0
ГАЗ ао;60;20170619;150000;449;449;449;449;15;0
ГАЗ ао;60;20170619;180000;448;448;448;448;1;0
ГАЗ ао;60;20170620;090000;448;448;448;448;1;0
ГАЗ ао;60;20170620;100000;450;474;450;460;4;0
ГАЗ ао;60;20170621;100000;451;451;451;451;1;0
ГАЗ ао;60;20170621;110000;460;462;460;462;3;0
ГАЗ ао;60;20170621;120000;462;462;450;450;4;0
ГАЗ ао;60;20170621;140000;437;437;437;437;1;0
ГАЗ ао;60;20170621;180000;437;437;437;437;1;0
ГАЗ ао;60;20170622;100000;439;440;439;440;4;0
ГАЗ ао;60;20170622;110000;440;440;440;440;3;0
ГАЗ ао;60;20170622;130000;441;441;440;440;21;0
ГАЗ ао;60;20170622;140000;440;440;440;440;7;0
ГАЗ ао;60;20170622;150000;440;440;440;440;13;0
ГАЗ ао;60;20170623;100000;447;548;447;470;34;0
ГАЗ ао;60;20170623;110000;480;490;471;490;7;0
ГАЗ ао;60;20170623;120000;473;473;471;471;4;0
ГАЗ ао;60;20170623;130000;470;470;470;470;1;0
ГАЗ ао;60;20170623;160000;478;478;478;478;1;0
ГАЗ ао;60;20170623;170000;478;479;478;479;2;0
ГАЗ ао;60;20170623;180000;485;485;480;480;2;0
ГАЗ ао;60;20170626;100000;494;494;482;482;2;0
ГАЗ ао;60;20170626;140000;475;475;460;460;15;0
ГАЗ ао;60;20170626;150000;478;479;478;479;2;0
ГАЗ ао;60;20170627;100000;488;499;488;499;10;0
ГАЗ ао;60;20170627;110000;491;491;491;491;1;0
ГАЗ ао;60;20170627;120000;492;492;491;491;4;0
ГАЗ ао;60;20170627;140000;486;486;486;486;1;0
ГАЗ ао;60;20170627;160000;485;485;485;485;1;0
ГАЗ ао;60;20170627;180000;482;482;482;482;1;0
ГАЗ ао;60;20170628;100000;484;484;455;460;10;0
ГАЗ ао;60;20170628;110000;476;477;470;470;5;0
ГАЗ ао;60;20170628;120000;478;479;478;479;2;0
ГАЗ ао;60;20170628;150000;480;487;474;487;4;0
ГАЗ ао;60;20170628;160000;488;488;488;488;1;0
ГАЗ ао;60;20170629;100000;494;494;490;490;2;0
ГАЗ ао;60;20170629;110000;500;500;500;500;1;0
ГАЗ ао;60;20170629;150000;493;493;490;490;9;0
ГАЗ ао;60;20170703;160000;486;486;486;486;1;0
ГАЗ ао;60;20170703;170000;494;494;494;494;1;0
ГАЗ ао;60;20170704;160000;493;494;493;494;3;0
ГАЗ ао;60;20170704;170000;494;496;494;496;7;0
ГАЗ ао;60;20170704;180000;497;497;487;487;10;0
ГАЗ ао;60;20170705;110000;490;490;490;490;1;0
ГАЗ ао;60;20170706;100000;503;505;503;505;5;0
ГАЗ ао;60;20170706;140000;497;497;495;495;2;0
ГАЗ ао;60;20170707;150000;491;491;490;490;2;0
ГАЗ ао;60;20170710;100000;501;504;501;504;3;0
ГАЗ ао;60;20170710;110000;497;497;497;497;1;0
ГАЗ ао;60;20170710;160000;490;490;461;483;9;0
ГАЗ ао;60;20170710;180000;491;493;491;493;5;0
ГАЗ ао;60;20170711;100000;480;480;480;480;2;0
ГАЗ ао;60;20170712;120000;483;483;480;480;5;0
ГАЗ ао;60;20170712;180000;491;538;491;501;58;0
ГАЗ ао;60;20170713;130000;495;500;495;500;2;0
ГАЗ ао;60;20170714;100000;502;502;502;502;1;0
ГАЗ ао;60;20170714;120000;497;497;495;495;2;0
ГАЗ ао;60;20170714;140000;491;491;491;491;1;0
ГАЗ ао;60;20170714;160000;490;490;490;490;2;0
ГАЗ ао;60;20170714;170000;492;492;492;492;1;0
ГАЗ ао;60;20170717;130000;491;491;476;488;18;0
ГАЗ ао;60;20170717;170000;494;494;494;494;2;0
ГАЗ ао;60;20170717;180000;485;485;485;485;16;0
ГАЗ ао;60;20170718;100000;479;479;479;479;1;0
ГАЗ ао;60;20170718;110000;480;480;480;480;1;0
ГАЗ ао;60;20170718;120000;487;487;487;487;1;0
ГАЗ ао;60;20170718;150000;482;488;468;488;15;0
ГАЗ ао;60;20170718;170000;488;489;488;489;2;0
ГАЗ ао;60;20170719;100000;478;484;450;463;20;0
ГАЗ ао;60;20170719;110000;476;484;476;484;11;0
ГАЗ ао;60;20170719;130000;493;499;490;490;6;0
ГАЗ ао;60;20170719;160000;487;487;480;480;15;0
ГАЗ ао;60;20170719;170000;498;498;498;498;1;0
ГАЗ ао;60;20170720;140000;490;490;490;490;1;0
ГАЗ ао;60;20170720;160000;490;491;490;491;2;0
ГАЗ ао;60;20170720;180000;497;497;497;497;1;0
ГАЗ ао;60;20170721;180000;483;483;483;483;1;0
ГАЗ ао;60;20170724;100000;485;485;485;485;1;0
ГАЗ ао;60;20170724;120000;485;485;485;485;1;0
ГАЗ ао;60;20170725;100000;485;487;485;487;4;0
ГАЗ ао;60;20170725;110000;490;490;490;490;1;0
ГАЗ ао;60;20170725;140000;487;487;484;484;3;0
ГАЗ ао;60;20170725;160000;484;484;484;484;2;0
ГАЗ ао;60;20170725;180000;483;488;483;488;3;0
ГАЗ ао;60;20170726;130000;483;483;481;481;5;0
ГАЗ ао;60;20170726;140000;489;489;489;489;1;0
ГАЗ ао;60;20170726;160000;488;489;488;489;5;0
ГАЗ ао;60;20170726;180000;494;495;494;495;3;0
ГАЗ ао;60;20170727;100000;500;508;500;508;17;0
ГАЗ ао;60;20170727;110000;512;543;512;520;15;0
ГАЗ ао;60;20170727;120000;511;511;511;511;1;0
ГАЗ ао;60;20170727;130000;509;519;509;517;34;0
ГАЗ ао;60;20170727;160000;514;514;514;514;2;0
ГАЗ ао;60;20170727;170000;523;529;516;516;36;0
ГАЗ ао;60;20170728;100000;512;512;496;500;182;0
ГАЗ ао;60;20170728;110000;518;520;510;510;13;0
ГАЗ ао;60;20170728;130000;510;511;510;510;14;0
ГАЗ ао;60;20170728;140000;511;511;510;510;21;0
ГАЗ ао;60;20170728;150000;510;510;510;510;25;0
ГАЗ ао;60;20170728;160000;510;510;506;506;176;0
ГАЗ ао;60;20170728;170000;520;520;520;520;1;0
ГАЗ ао;60;20170731;100000;505;505;505;505;1;0
ГАЗ ао;60;20170731;120000;510;510;505;505;300;0
ГАЗ ао;60;20170731;170000;518;518;518;518;1;0
ГАЗ ао;60;20170731;180000;520;524;520;524;12;0
ГАЗ ао;60;20170801;100000;533;533;507;507;7;0
ГАЗ ао;60;20170801;120000;512;512;507;507;26;0
ГАЗ ао;60;20170801;130000;519;519;519;519;1;0
ГАЗ ао;60;20170802;100000;517;518;510;518;3;0
ГАЗ ао;60;20170802;110000;530;530;520;520;2;0
ГАЗ ао;60;20170802;140000;519;520;519;520;7;0
ГАЗ ао;60;20170802;160000;521;521;521;521;1;0
ГАЗ ао;60;20170803;100000;519;519;519;519;1;0
ГАЗ ао;60;20170803;120000;527;528;519;519;4;0
ГАЗ ао;60;20170803;130000;521;521;521;521;3;0
ГАЗ ао;60;20170803;140000;521;521;519;519;50;0
ГАЗ ао;60;20170803;150000;527;527;527;527;1;0
ГАЗ ао;60;20170803;160000;520;520;519;519;10;0
ГАЗ ао;60;20170803;180000;523;523;523;523;1;0
ГАЗ ао;60;20170804;100000;527;533;527;527;8;0
ГАЗ ао;60;20170804;110000;517;520;515;515;7;0
ГАЗ ао;60;20170804;120000;527;527;527;527;1;0
ГАЗ ао;60;20170804;140000;528;528;528;528;1;0
ГАЗ ао;60;20170804;160000;532;532;532;532;1;0
ГАЗ ао;60;20170804;180000;530;530;530;530;1;0
ГАЗ ао;60;20170807;100000;520;520;520;520;1;0
ГАЗ ао;60;20170807;120000;522;522;518;518;11;0
ГАЗ ао;60;20170807;140000;518;524;518;524;12;0
ГАЗ ао;60;20170807;160000;521;521;520;520;3;0
ГАЗ ао;60;20170808;140000;529;529;529;529;2;0
ГАЗ ао;60;20170809;150000;523;523;523;523;3;0
ГАЗ ао;60;20170809;160000;528;531;528;530;11;0
ГАЗ ао;60;20170809;180000;529;529;526;526;27;0
ГАЗ ао;60;20170810;100000;519;520;519;520;2;0
ГАЗ ао;60;20170810;120000;526;526;526;526;3;0
ГАЗ ао;60;20170810;140000;533;534;533;534;2;0
ГАЗ ао;60;20170810;150000;527;533;526;533;6;0
ГАЗ ао;60;20170810;160000;533;535;533;535;8;0
ГАЗ ао;60;20170810;170000;528;528;528;528;1;0
ГАЗ ао;60;20170811;130000;533;533;532;533;24;0
ГАЗ ао;60;20170811;160000;538;540;538;540;10;0
ГАЗ ао;60;20170811;180000;540;540;540;540;5;0
ГАЗ ао;60;20170814;100000;540;540;538;538;2;0
ГАЗ ао;60;20170814;110000;540;540;539;539;2;0
ГАЗ ао;60;20170814;130000;543;549;541;541;43;0
ГАЗ ао;60;20170814;160000;545;564;545;546;52;0
ГАЗ ао;60;20170814;180000;554;554;554;554;1;0
ГАЗ ао;60;20170815;100000;550;550;549;549;18;0
ГАЗ ао;60;20170815;110000;549;550;549;550;60;0
ГАЗ ао;60;20170815;150000;546;549;546;546;7;0
ГАЗ ао;60;20170815;160000;546;547;545;545;8;0
ГАЗ ао;60;20170815;170000;543;543;543;543;2;0
ГАЗ ао;60;20170816;110000;543;543;543;543;1;0
ГАЗ ао;60;20170816;130000;544;553;544;553;4;0
ГАЗ ао;60;20170816;180000;546;546;540;540;5;0
ГАЗ ао;60;20170817;100000;554;554;535;535;19;0
ГАЗ ао;60;20170817;110000;535;535;535;535;1;0
ГАЗ ао;60;20170817;170000;544;545;544;545;5;0
ГАЗ ао;60;20170818;100000;546;553;546;553;26;0
ГАЗ ао;60;20170818;120000;540;540;531;531;13;0
ГАЗ ао;60;20170818;180000;548;549;548;549;3;0
ГАЗ ао;60;20170821;100000;546;546;546;546;1;0
ГАЗ ао;60;20170821;110000;549;555;549;555;11;0
ГАЗ ао;60;20170821;120000;550;555;550;555;22;0
ГАЗ ао;60;20170821;140000;558;558;558;558;1;0
ГАЗ ао;60;20170821;150000;550;565;550;565;4;0
ГАЗ ао;60;20170822;100000;565;565;546;546;39;0
ГАЗ ао;60;20170822;110000;550;550;546;546;27;0
ГАЗ ао;60;20170823;100000;548;550;548;550;4;0
ГАЗ ао;60;20170823;140000;554;555;554;555;2;0
ГАЗ ао;60;20170823;170000;557;557;556;556;4;0
ГАЗ ао;60;20170824;150000;564;658;484;564;507;0
ГАЗ ао;60;20170824;170000;565;573;561;570;19;0
ГАЗ ао;60;20170824;180000;570;570;570;570;7;0
ГАЗ ао;60;20170825;090000;574;574;574;574;1;0
ГАЗ ао;60;20170825;110000;560;560;560;560;1;0
ГАЗ ао;60;20170825;120000;560;570;560;570;18;0
ГАЗ ао;60;20170825;130000;588;590;588;590;4;0
ГАЗ ао;60;20170825;160000;586;589;570;580;12;0
ГАЗ ао;60;20170825;170000;571;571;571;571;1;0
ГАЗ ао;60;20170828;120000;589;589;589;589;1;0
ГАЗ ао;60;20170828;130000;591;607;590;607;5;0
ГАЗ ао;60;20170828;140000;600;607;600;605;19;0
ГАЗ ао;60;20170828;180000;595;595;594;594;2;0
ГАЗ ао;60;20170829;100000;585;585;585;585;1;0
ГАЗ ао;60;20170829;120000;593;593;589;590;58;0
ГАЗ ао;60;20170829;140000;589;589;589;589;1;0
ГАЗ ао;60;20170829;150000;582;582;580;580;40;0
ГАЗ ао;60;20170829;160000;588;589;588;589;2;0
ГАЗ ао;60;20170830;110000;604;609;600;609;8;0
ГАЗ ао;60;20170830;120000;595;595;592;592;6;0
ГАЗ ао;60;20170830;140000;596;596;596;596;1;0
ГАЗ ао;60;20170830;150000;597;597;595;595;5;0
ГАЗ ао;60;20170830;160000;596;596;596;596;2;0
ГАЗ ао;60;20170831;110000;605;605;605;605;1;0
ГАЗ ао;60;20170831;120000;597;599;597;597;29;0
ГАЗ ао;60;20170831;150000;600;600;599;599;3;0
ГАЗ ао;60;20170831;170000;599;609;597;597;153;0
ГАЗ ао;60;20170901;120000;603;603;603;603;5;0
ГАЗ ао;60;20170904;140000;595;595;595;595;1;0
ГАЗ ао;60;20170904;160000;593;593;590;590;50;0
ГАЗ ао;60;20170904;170000;599;599;599;599;1;0
ГАЗ ао;60;20170905;120000;611;613;611;613;35;0
ГАЗ ао;60;20170905;150000;597;613;594;613;103;0
ГАЗ ао;60;20170905;160000;596;596;596;596;1;0
ГАЗ ао;60;20170905;170000;601;601;601;601;1;0
ГАЗ ао;60;20170906;160000;601;601;601;601;1;0
ГАЗ ао;60;20170906;170000;602;602;602;602;2;0
ГАЗ ао;60;20170907;160000;604;604;604;604;9;0
ГАЗ ао;60;20170908;150000;610;635;610;635;12;0
ГАЗ ао;60;20170908;160000;614;614;614;614;1;0
ГАЗ ао;60;20170908;170000;617;617;617;617;1;0
ГАЗ ао;60;20170911;100000;601;601;600;600;3;0
ГАЗ ао;60;20170911;110000;613;615;613;615;5;0
ГАЗ ао;60;20170911;120000;615;615;615;615;3;0
ГАЗ ао;60;20170911;140000;616;616;613;614;31;0
ГАЗ ао;60;20170911;170000;614;614;613;613;11;0
ГАЗ ао;60;20170911;180000;613;613;613;613;10;0
ГАЗ ао;60;20170912;100000;632;640;620;620;41;0
ГАЗ ао;60;20170912;130000;629;629;629;629;1;0
ГАЗ ао;60;20170912;140000;630;630;630;630;3;0
ГАЗ ао;60;20170912;150000;628;628;628;628;1;0
ГАЗ ао;60;20170912;170000;632;632;618;620;101;0
ГАЗ ао;60;20170913;100000;620;636;620;636;7;0
ГАЗ ао;60;20170913;140000;622;622;622;622;1;0
ГАЗ ао;60;20170914;130000;620;650;620;625;17;0
ГАЗ ао;60;20170914;140000;632;640;632;640;10;0
ГАЗ ао;60;20170914;150000;632;632;626;626;19;0
ГАЗ ао;60;20170914;160000;628;628;628;628;1;0
ГАЗ ао;60;20170914;180000;625;635;602;620;58;0
ГАЗ ао;60;20170915;100000;598;630;598;630;6;0
ГАЗ ао;60;20170915;110000;610;629;610;629;3;0
ГАЗ ао;60;20170915;120000;614;614;614;614;2;0
ГАЗ ао;60;20170915;150000;616;616;615;615;3;0
ГАЗ ао;60;20170915;160000;637;637;637;637;1;0
ГАЗ ао;60;20170915;170000;629;631;629;631;43;0
ГАЗ ао;60;20170918;110000;630;630;630;630;1;0
ГАЗ ао;60;20170918;120000;638;638;638;638;2;0
ГАЗ ао;60;20170918;130000;638;638;638;638;1;0
ГАЗ ао;60;20170918;140000;617;617;617;617;1;0
ГАЗ ао;60;20170919;100000;616;616;616;616;11;0
ГАЗ ао;60;20170919;110000;640;640;632;632;5;0
ГАЗ ао;60;20170919;120000;632;632;632;632;1;0
ГАЗ ао;60;20170919;140000;629;630;629;630;8;0
ГАЗ ао;60;20170919;170000;623;623;621;621;8;0
ГАЗ ао;60;20170919;180000;629;638;629;638;5;0
ГАЗ ао;60;20170920;100000;625;625;622;622;3;0
ГАЗ ао;60;20170920;130000;633;633;633;633;1;0
ГАЗ ао;60;20170920;150000;634;634;631;631;2;0
ГАЗ ао;60;20170920;180000;635;635;635;635;8;0
ГАЗ ао;60;20170921;120000;635;635;635;635;3;0
ГАЗ ао;60;20170921;170000;634;634;634;634;1;0
ГАЗ ао;60;20170922;130000;644;650;644;650;11;0
ГАЗ ао;60;20170922;140000;650;651;650;651;2;0
ГАЗ ао;60;20170922;150000;658;658;651;651;6;0
ГАЗ ао;60;20170922;160000;659;669;659;669;26;0
ГАЗ ао;60;20170922;170000;660;660;660;660;1;0
ГАЗ ао;60;20170925;100000;660;660;660;660;3;0
ГАЗ ао;60;20170925;110000;665;665;665;665;3;0
ГАЗ ао;60;20170925;140000;670;670;670;670;1;0
ГАЗ ао;60;20170925;160000;668;668;668;668;1;0
ГАЗ ао;60;20170925;170000;669;669;669;669;1;0
ГАЗ ао;60;20170926;100000;674;696;672;695;34;0
ГАЗ ао;60;20170926;110000;694;694;694;694;1;0
ГАЗ ао;60;20170926;120000;694;694;694;694;4;0
ГАЗ ао;60;20170926;130000;681;681;672;672;8;0
ГАЗ ао;60;20170926;160000;691;691;690;690;2;0
ГАЗ ао;60;20170927;100000;696;709;696;709;68;0
ГАЗ ао;60;20170927;110000;705;719;703;719;13;0
ГАЗ ао;60;20170927;120000;717;719;717;719;18;0
ГАЗ ао;60;20170927;130000;719;720;706;706;14;0
ГАЗ ао;60;20170927;140000;710;719;710;719;2;0
ГАЗ ао;60;20170927;150000;717;720;717;720;492;0
ГАЗ ао;60;20170927;160000;719;727;719;727;21;0
ГАЗ ао;60;20170927;170000;724;727;724;727;265;0
ГАЗ ао;60;20170927;180000;725;727;725;727;8;0
ГАЗ ао;60;20170928;120000;733;737;730;737;53;0
ГАЗ ао;60;20170928;130000;737;749;736;749;47;0
ГАЗ ао;60;20170928;140000;749;787;749;774;313;0
ГАЗ ао;60;20170928;150000;787;787;763;765;11;0
ГАЗ ао;60;20170928;160000;784;786;754;760;17;0
ГАЗ ао;60;20170928;170000;760;777;760;777;7;0
ГАЗ ао;60;20170928;180000;770;773;770;773;5;0
ГАЗ ао;60;20170929;110000;770;784;770;784;2;0
ГАЗ ао;60;20170929;130000;780;780;780;780;1;0
ГАЗ ао;60;20170929;150000;780;780;780;780;1;0
ГАЗ ао;60;20170929;160000;780;780;775;775;21;0
ГАЗ ао;60;20170929;180000;775;775;761;761;8;0
ГАЗ ао;60;20171002;100000;759;786;734;786;27;0
ГАЗ ао;60;20171002;110000;786;786;785;785;8;0
ГАЗ ао;60;20171002;120000;757;757;757;757;1;0
ГАЗ ао;60;20171002;130000;762;762;760;760;29;0
ГАЗ ао;60;20171002;140000;753;753;736;742;87;0
ГАЗ ао;60;20171002;150000;748;749;743;743;6;0
ГАЗ ао;60;20171002;170000;742;742;741;741;6;0
ГАЗ ао;60;20171003;100000;736;750;736;750;23;0
ГАЗ ао;60;20171003;110000;754;754;750;750;5;0
ГАЗ ао;60;20171004;130000;747;747;747;747;1;0
ГАЗ ао;60;20171004;170000;732;732;732;732;1;0
ГАЗ ао;60;20171004;180000;740;740;740;740;1;0
ГАЗ ао;60;20171005;120000;765;766;749;749;3;0
ГАЗ ао;60;20171005;130000;750;750;750;750;1;0
ГАЗ ао;60;20171005;140000;745;750;745;750;31;0
ГАЗ ао;60;20171005;170000;737;737;730;730;13;0
ГАЗ ао;60;20171006;130000;765;765;765;765;15;0
ГАЗ ао;60;20171006;140000;751;751;751;751;1;0
ГАЗ ао;60;20171006;160000;750;750;750;750;10;0
ГАЗ ао;60;20171006;170000;750;750;750;750;2;0
ГАЗ ао;60;20171006;180000;750;750;750;750;1;0
ГАЗ ао;60;20171009;100000;756;766;756;766;2;0
ГАЗ ао;60;20171009;120000;768;768;768;768;1;0
ГАЗ ао;60;20171009;140000;767;781;767;781;2;0
ГАЗ ао;60;20171009;170000;770;770;769;769;2;0
ГАЗ ао;60;20171010;100000;763;763;763;763;1;0
ГАЗ ао;60;20171010;150000;777;777;777;777;1;0
ГАЗ ао;60;20171010;160000;764;764;763;763;104;0
ГАЗ ао;60;20171010;170000;763;763;759;760;13;0
ГАЗ ао;60;20171010;180000;760;760;760;760;1;0
ГАЗ ао;60;20171011;140000;765;765;765;765;1;0
ГАЗ ао;60;20171011;150000;763;787;763;787;32;0
ГАЗ ао;60;20171011;160000;787;787;787;787;6;0
ГАЗ ао;60;20171011;170000;787;787;772;772;2;0
ГАЗ ао;60;20171011;180000;772;772;763;763;4;0
ГАЗ ао;60;20171012;100000;777;797;760;760;96;0
ГАЗ ао;60;20171012;120000;785;799;781;799;3;0
ГАЗ ао;60;20171012;130000;797;798;781;798;3;0
ГАЗ ао;60;20171012;140000;799;799;755;755;25;0
ГАЗ ао;60;20171012;150000;766;767;766;767;5;0
ГАЗ ао;60;20171012;160000;767;767;740;765;34;0
ГАЗ ао;60;20171012;170000;750;750;740;740;12;0
ГАЗ ао;60;20171012;180000;740;740;734;734;11;0
ГАЗ ао;60;20171013;100000;745;745;745;745;2;0
ГАЗ ао;60;20171013;110000;744;746;744;746;13;0
ГАЗ ао;60;20171013;120000;746;748;746;748;8;0
ГАЗ ао;60;20171013;140000;758;767;752;767;3;0
ГАЗ ао;60;20171013;150000;756;756;740;740;302;0
ГАЗ ао;60;20171013;160000;740;740;740;740;1;0
ГАЗ ао;60;20171016;100000;740;753;740;753;2;0
ГАЗ ао;60;20171016;130000;737;737;737;737;1;0
ГАЗ ао;60;20171016;140000;747;747;747;747;1;0
ГАЗ ао;60;20171016;150000;735;735;735;735;1;0
ГАЗ ао;60;20171016;180000;737;737;737;737;1;0
ГАЗ ао;60;20171017;110000;747;747;747;747;1;0
ГАЗ ао;60;20171017;120000;747;747;747;747;1;0
ГАЗ ао;60;20171017;130000;747;747;747;747;1;0
ГАЗ ао;60;20171017;150000;735;735;735;735;2;0
ГАЗ ао;60;20171017;160000;734;734;732;732;6;0
ГАЗ ао;60;20171017;170000;739;740;739;740;10;0
ГАЗ ао;60;20171018;110000;732;732;732;732;2;0
ГАЗ ао;60;20171018;140000;731;731;731;731;1;0
ГАЗ ао;60;20171018;150000;738;740;738;740;11;0
ГАЗ ао;60;20171019;160000;734;734;733;733;7;0
ГАЗ ао;60;20171019;180000;733;733;720;725;54;0
ГАЗ ао;60;20171020;100000;720;720;720;720;8;0
ГАЗ ао;60;20171020;110000;720;720;720;720;6;0
ГАЗ ао;60;20171020;140000;720;720;720;720;32;0
ГАЗ ао;60;20171020;160000;720;720;719;719;6;0
ГАЗ ао;60;20171023;140000;720;720;719;719;3;0
ГАЗ ао;60;20171023;150000;720;720;720;720;1;0
ГАЗ ао;60;20171023;170000;720;720;720;720;7;0
ГАЗ ао;60;20171023;180000;720;720;720;720;20;0
ГАЗ ао;60;20171024;100000;716;716;682;696;76;0
ГАЗ ао;60;20171024;120000;697;703;697;697;13;0
ГАЗ ао;60;20171024;130000;691;691;691;691;3;0
ГАЗ ао;60;20171024;150000;696;700;696;700;4;0
ГАЗ ао;60;20171024;180000;700;700;700;700;6;0
ГАЗ ао;60;20171025;100000;707;707;706;706;3;0
ГАЗ ао;60;20171025;110000;707;714;707;713;11;0
ГАЗ ао;60;20171025;140000;714;714;713;713;10;0
ГАЗ ао;60;20171025;150000;727;728;727;728;3;0
ГАЗ ао;60;20171026;140000;737;738;730;738;3;0
ГАЗ ао;60;20171026;150000;739;739;738;738;4;0
ГАЗ ао;60;20171026;160000;731;731;730;730;3;0
ГАЗ ао;60;20171026;180000;728;728;727;727;2;0
ГАЗ ао;60;20171027;110000;724;725;717;720;5;0
ГАЗ ао;60;20171027;120000;725;725;725;725;1;0
ГАЗ ао;60;20171027;160000;716;720;715;720;41;0
ГАЗ ао;60;20171027;180000;727;770;727;740;54;0
ГАЗ ао;60;20171030;140000;745;745;745;745;1;0
ГАЗ ао;60;20171030;160000;738;738;738;738;1;0
ГАЗ ао;60;20171030;170000;737;737;737;737;1;0
ГАЗ ао;60;20171031;150000;742;742;742;742;1;0
ГАЗ ао;60;20171031;180000;737;737;737;737;2;0
ГАЗ ао;60;20171101;110000;734;739;734;739;2;0
ГАЗ ао;60;20171101;130000;725;730;725;730;2;0
ГАЗ ао;60;20171101;150000;723;723;720;720;27;0
ГАЗ ао;60;20171101;170000;725;725;725;725;2;0
ГАЗ ао;60;20171102;120000;700;720;700;720;9;0
ГАЗ ао;60;20171102;130000;712;712;712;712;1;0
ГАЗ ао;60;20171102;140000;719;748;719;735;39;0
ГАЗ ао;60;20171102;150000;735;736;735;735;7;0
ГАЗ ао;60;20171102;170000;728;730;728;730;2;0
ГАЗ ао;60;20171102;180000;728;728;700;716;105;0
ГАЗ ао;60;20171103;100000;721;724;720;724;3;0
ГАЗ ао;60;20171103;130000;738;770;730;730;51;0
ГАЗ ао;60;20171103;160000;740;740;740;740;1;0
ГАЗ ао;60;20171103;170000;740;740;740;740;10;0
ГАЗ ао;60;20171107;100000;725;734;721;734;28;0
ГАЗ ао;60;20171107;130000;733;733;730;730;9;0
ГАЗ ао;60;20171107;140000;717;717;717;717;1;0
ГАЗ ао;60;20171107;170000;728;728;728;728;1;0
ГАЗ ао;60;20171107;180000;725;725;725;725;1;0
ГАЗ ао;60;20171108;140000;717;720;716;720;3;0
ГАЗ ао;60;20171108;160000;712;712;705;709;4;0
ГАЗ ао;60;20171108;170000;706;706;701;701;60;0
ГАЗ ао;60;20171108;180000;706;707;706;707;2;0
ГАЗ ао;60;20171109;100000;716;716;716;716;1;0
ГАЗ ао;60;20171109;110000;703;703;701;701;43;0
ГАЗ ао;60;20171109;120000;715;764;715;730;14;0
ГАЗ ао;60;20171109;140000;724;724;724;724;1;0
ГАЗ ао;60;20171109;160000;723;723;723;723;1;0
ГАЗ ао;60;20171109;180000;724;725;724;725;3;0
ГАЗ ао;60;20171110;110000;717;717;713;713;11;0
ГАЗ ао;60;20171110;130000;720;724;720;724;3;0
ГАЗ ао;60;20171113;110000;717;717;715;715;113;0
ГАЗ ао;60;20171113;160000;723;723;723;723;1;0
ГАЗ ао;60;20171114;110000;705;708;705;705;103;0
ГАЗ ао;60;20171114;130000;714;726;714;726;5;0
ГАЗ ао;60;20171114;180000;715;726;715;726;5;0
ГАЗ ао;60;20171115;100000;728;730;728;730;4;0
ГАЗ ао;60;20171116;100000;702;728;702;728;6;0
ГАЗ ао;60;20171116;110000;706;706;705;705;2;0
ГАЗ ао;60;20171116;120000;703;703;700;701;23;0
ГАЗ ао;60;20171116;130000;700;710;688;710;3;0
ГАЗ ао;60;20171116;140000;707;707;707;707;1;0
ГАЗ ао;60;20171116;170000;703;703;703;703;1;0
ГАЗ ао;60;20171116;180000;702;702;691;691;10;0
ГАЗ ао;60;20171117;100000;704;704;704;704;1;0
ГАЗ ао;60;20171117;110000;705;705;705;705;10;0
ГАЗ ао;60;20171117;160000;694;694;692;692;17;0
ГАЗ ао;60;20171117;170000;697;697;697;697;1;0
ГАЗ ао;60;20171120;110000;696;725;696;720;23;0
ГАЗ ао;60;20171120;150000;707;710;705;710;11;0
ГАЗ ао;60;20171120;160000;710;710;710;710;1;0
ГАЗ ао;60;20171121;110000;709;719;709;719;5;0
ГАЗ ао;60;20171121;130000;724;724;724;724;1;0
ГАЗ ао;60;20171121;170000;720;720;695;695;9;0
ГАЗ ао;60;20171122;100000;714;714;714;714;1;0
ГАЗ ао;60;20171122;110000;706;715;700;714;13;0
ГАЗ ао;60;20171122;120000;719;719;719;719;3;0
ГАЗ ао;60;20171122;130000;719;720;719;720;11;0
ГАЗ ао;60;20171122;160000;704;704;704;704;1;0
ГАЗ ао;60;20171122;170000;719;719;719;719;1;0
ГАЗ ао;60;20171123;120000;706;706;705;705;21;0
ГАЗ ао;60;20171123;130000;718;728;717;717;23;0
ГАЗ ао;60;20171123;140000;717;717;717;717;1;0
ГАЗ ао;60;20171123;160000;704;707;703;707;21;0
ГАЗ ао;60;20171123;170000;706;706;706;706;1;0
ГАЗ ао;60;20171123;180000;705;719;705;719;23;0
ГАЗ ао;60;20171124;100000;700;700;700;700;10;0
ГАЗ ао;60;20171124;160000;711;712;711;712;9;0
ГАЗ ао;60;20171127;100000;697;697;681;691;32;0
ГАЗ ао;60;20171127;110000;696;715;696;715;8;0
ГАЗ ао;60;20171127;170000;697;697;690;690;3;0
ГАЗ ао;60;20171128;100000;686;686;677;677;11;0
ГАЗ ао;60;20171128;110000;680;680;680;680;1;0
ГАЗ ао;60;20171128;120000;676;680;675;680;12;0
ГАЗ ао;60;20171128;130000;687;704;687;704;10;0
ГАЗ ао;60;20171129;110000;704;705;700;700;22;0
ГАЗ ао;60;20171129;120000;708;708;697;697;15;0
ГАЗ ао;60;20171129;130000;689;708;687;687;31;0
ГАЗ ао;60;20171129;140000;687;687;677;677;3;0
ГАЗ ао;60;20171129;150000;687;705;687;705;308;0
ГАЗ ао;60;20171129;160000;683;696;677;688;10;0
ГАЗ ао;60;20171129;180000;679;679;675;675;77;0
ГАЗ ао;60;20171130;100000;675;675;675;675;23;0
ГАЗ ао;60;20171130;110000;676;676;676;676;2;0
ГАЗ ао;60;20171130;140000;678;678;675;675;33;0
ГАЗ ао;60;20171130;150000;667;667;640;650;56;0
ГАЗ ао;60;20171130;160000;653;661;642;642;40;0
ГАЗ ао;60;20171130;170000;648;648;647;647;52;0
ГАЗ ао;60;20171130;180000;643;643;643;643;3;0
ГАЗ ао;60;20171201;100000;643;660;630;647;22;0
ГАЗ ао;60;20171201;110000;643;643;640;640;9;0
ГАЗ ао;60;20171201;120000;635;635;635;635;1;0
ГАЗ ао;60;20171201;130000;623;623;623;623;1;0
ГАЗ ао;60;20171201;140000;630;630;630;630;6;0
ГАЗ ао;60;20171201;150000;631;631;631;631;8;0
ГАЗ ао;60;20171201;170000;630;631;629;629;17;0
ГАЗ ао;60;20171204;100000;641;644;630;644;58;0
ГАЗ ао;60;20171204;110000;647;658;647;655;6;0
ГАЗ ао;60;20171204;120000;660;720;652;690;107;0
ГАЗ ао;60;20171204;130000;681;719;677;697;63;0
ГАЗ ао;60;20171204;150000;702;716;700;714;9;0
ГАЗ ао;60;20171204;160000;697;697;692;692;4;0
ГАЗ ао;60;20171204;170000;691;691;691;691;1;0
ГАЗ ао;60;20171204;180000;696;696;690;690;286;0
ГАЗ ао;60;20171205;100000;695;695;663;663;8;0
ГАЗ ао;60;20171205;110000;663;663;651;660;25;0
ГАЗ ао;60;20171205;120000;673;674;673;674;2;0
ГАЗ ао;60;20171205;130000;670;687;670;680;4;0
ГАЗ ао;60;20171205;140000;679;679;679;679;1;0
ГАЗ ао;60;20171205;150000;688;688;688;688;6;0
ГАЗ ао;60;20171205;160000;695;695;695;695;6;0
ГАЗ ао;60;20171205;170000;678;678;667;667;3;0
ГАЗ ао;60;20171205;180000;687;688;675;675;22;0
ГАЗ ао;60;20171206;110000;664;664;664;664;1;0
ГАЗ ао;60;20171206;120000;686;704;677;700;14;0
ГАЗ ао;60;20171206;140000;699;699;699;699;1;0
ГАЗ ао;60;20171206;150000;705;714;700;700;28;0
ГАЗ ао;60;20171206;160000;709;709;700;700;9;0
ГАЗ ао;60;20171206;170000;709;720;695;710;53;0
ГАЗ ао;60;20171206;180000;728;730;710;710;26;0
ГАЗ ао;60;20171207;110000;703;708;703;703;3;0
ГАЗ ао;60;20171207;120000;701;701;682;690;9;0
ГАЗ ао;60;20171207;130000;690;694;683;694;5;0
ГАЗ ао;60;20171207;150000;690;693;681;681;11;0
ГАЗ ао;60;20171207;170000;693;698;686;686;8;0
ГАЗ ао;60;20171208;100000;698;708;691;691;10;0
ГАЗ ао;60;20171208;110000;693;695;680;680;57;0
ГАЗ ао;60;20171208;140000;693;693;680;680;45;0
ГАЗ ао;60;20171208;160000;688;688;688;688;1;0
ГАЗ ао;60;20171208;170000;689;694;689;694;2;0
ГАЗ ао;60;20171208;180000;690;690;665;665;8;0
ГАЗ ао;60;20171211;100000;688;688;688;688;1;0
ГАЗ ао;60;20171211;110000;683;684;683;684;4;0
ГАЗ ао;60;20171211;120000;696;708;691;691;48;0
ГАЗ ао;60;20171211;130000;703;706;703;705;6;0
ГАЗ ао;60;20171211;140000;705;707;705;707;13;0
ГАЗ ао;60;20171211;150000;708;708;697;707;28;0
ГАЗ ао;60;20171211;160000;708;710;707;707;6;0
ГАЗ ао;60;20171211;170000;699;704;695;704;30;0
ГАЗ ао;60;20171211;180000;698;698;698;698;1;0
ГАЗ ао;60;20171212;100000;707;749;707;729;64;0
ГАЗ ао;60;20171212;110000;725;749;702;713;67;0
ГАЗ ао;60;20171212;130000;730;773;730;740;15;0
ГАЗ ао;60;20171212;140000;741;758;706;725;49;0
ГАЗ ао;60;20171212;150000;720;724;707;724;6;0
ГАЗ ао;60;20171212;160000;731;760;712;757;36;0
ГАЗ ао;60;20171212;170000;741;756;739;739;8;0
ГАЗ ао;60;20171212;180000;755;760;750;760;13;0
ГАЗ ао;60;20171213;100000;750;766;750;760;22;0
ГАЗ ао;60;20171213;110000;768;772;741;758;69;0
ГАЗ ао;60;20171213;120000;747;757;730;747;27;0
ГАЗ ао;60;20171213;130000;748;757;748;749;3;0
ГАЗ ао;60;20171213;140000;749;749;730;731;34;0
ГАЗ ао;60;20171213;150000;733;733;733;733;1;0
ГАЗ ао;60;20171213;160000;738;747;737;737;15;0
ГАЗ ао;60;20171213;170000;738;760;733;733;68;0
ГАЗ ао;60;20171213;180000;758;760;747;747;6;0
ГАЗ ао;60;20171214;100000;735;740;700;717;31;0
ГАЗ ао;60;20171214;110000;725;725;717;717;17;0
ГАЗ ао;60;20171214;120000;720;720;720;720;1;0
ГАЗ ао;60;20171214;130000;733;733;733;733;3;0
ГАЗ ао;60;20171214;140000;734;735;734;735;2;0
ГАЗ ао;60;20171214;150000;748;748;722;722;5;0
ГАЗ ао;60;20171214;160000;745;747;745;747;4;0
ГАЗ ао;60;20171214;170000;745;745;720;720;8;0
ГАЗ ао;60;20171215;100000;717;717;717;717;1;0
ГАЗ ао;60;20171215;120000;721;721;718;718;11;0
ГАЗ ао;60;20171215;140000;730;735;717;717;3;0
ГАЗ ао;60;20171215;160000;729;758;729;758;31;0
ГАЗ ао;60;20171215;170000;778;790;760;760;95;0
ГАЗ ао;60;20171215;180000;762;779;762;770;16;0
ГАЗ ао;60;20171218;100000;726;797;726;770;21;0
ГАЗ ао;60;20171218;110000;770;796;770;770;57;0
ГАЗ ао;60;20171218;120000;774;820;774;820;45;0
ГАЗ ао;60;20171218;130000;809;825;809;809;92;0
ГАЗ ао;60;20171218;140000;803;805;800;805;6;0
ГАЗ ао;60;20171218;150000;805;813;800;800;49;0
ГАЗ ао;60;20171218;160000;800;802;800;800;71;0
ГАЗ ао;60;20171218;170000;800;800;800;800;8;0
ГАЗ ао;60;20171218;180000;800;808;800;800;14;0
ГАЗ ао;60;20171219;100000;800;800;800;800;1;0
ГАЗ ао;60;20171219;110000;800;800;800;800;1;0
ГАЗ ао;60;20171219;120000;813;835;800;835;18;0
ГАЗ ао;60;20171219;130000;834;886;828;835;81;0
ГАЗ ао;60;20171219;140000;831;855;830;841;194;0
ГАЗ ао;60;20171219;150000;842;849;841;843;5;0
ГАЗ ао;60;20171219;160000;850;883;850;882;34;0
ГАЗ ао;60;20171219;170000;868;900;843;900;199;0
ГАЗ ао;60;20171219;180000;899;899;851;853;19;0
ГАЗ ао;60;20171220;090000;854;854;854;854;1;0
ГАЗ ао;60;20171220;100000;869;888;860;888;12;0
ГАЗ ао;60;20171220;110000;890;900;888;890;18;0
ГАЗ ао;60;20171220;120000;901;928;797;814;213;0
ГАЗ ао;60;20171220;130000;828;828;816;816;5;0
ГАЗ ао;60;20171220;140000;818;829;818;829;22;0
ГАЗ ао;60;20171220;160000;837;837;791;792;223;0
ГАЗ ао;60;20171220;170000;827;847;806;806;15;0
ГАЗ ао;60;20171220;180000;821;821;806;812;12;0
ГАЗ ао;60;20171221;100000;827;834;827;834;3;0
ГАЗ ао;60;20171221;110000;849;851;803;803;16;0
ГАЗ ао;60;20171221;120000;809;851;802;844;123;0
ГАЗ ао;60;20171221;130000;833;833;806;821;5;0
ГАЗ ао;60;20171221;140000;829;829;829;829;1;0
ГАЗ ао;60;20171221;150000;821;825;821;825;2;0
ГАЗ ао;60;20171221;160000;820;820;804;806;38;0
ГАЗ ао;60;20171221;170000;828;858;806;838;36;0
ГАЗ ао;60;20171222;100000;838;840;806;819;47;0
ГАЗ ао;60;20171222;120000;825;825;825;825;2;0
ГАЗ ао;60;20171222;150000;825;840;819;839;61;0
ГАЗ ао;60;20171222;160000;849;860;824;839;24;0
ГАЗ ао;60;20171222;170000;827;849;823;849;15;0
ГАЗ ао;60;20171222;180000;859;900;807;836;174;0
ГАЗ ао;60;20171225;100000;820;920;820;880;188;0
ГАЗ ао;60;20171225;120000;883;883;880;880;21;0
ГАЗ ао;60;20171225;140000;872;872;872;872;8;0
ГАЗ ао;60;20171225;150000;872;872;871;871;14;0
ГАЗ ао;60;20171225;170000;872;872;869;870;83;0
ГАЗ ао;60;20171225;180000;869;870;852;852;34;0
ГАЗ ао;60;20171226;090000;908;908;908;908;41;0
ГАЗ ао;60;20171226;100000;906;928;882;898;62;0
ГАЗ ао;60;20171226;110000;892;892;865;867;26;0
ГАЗ ао;60;20171226;120000;872;873;872;873;4;0
ГАЗ ао;60;20171226;130000;873;873;873;873;1;0
ГАЗ ао;60;20171226;140000;872;872;872;872;5;0
ГАЗ ао;60;20171226;150000;872;873;872;873;3;0
ГАЗ ао;60;20171226;160000;876;876;805;819;489;0
ГАЗ ао;60;20171226;170000;820;822;817;822;25;0
ГАЗ ао;60;20171226;180000;823;847;818;847;141;0
ГАЗ ао;60;20171227;090000;841;841;841;841;9;0
ГАЗ ао;60;20171227;100000;841;879;795;857;211;0
ГАЗ ао;60;20171227;110000;857;860;831;854;119;0
ГАЗ ао;60;20171227;120000;833;851;831;851;11;0
ГАЗ ао;60;20171227;130000;854;857;854;857;3;0
ГАЗ ао;60;20171227;140000;847;847;842;842;4;0
ГАЗ ао;60;20171227;150000;853;853;833;843;14;0
ГАЗ ао;60;20171227;160000;845;845;845;845;1;0
ГАЗ ао;60;20171227;170000;848;852;831;849;51;0
ГАЗ ао;60;20171227;180000;849;850;840;840;17;0
ГАЗ ао;60;20171228;090000;850;850;850;850;1;0
ГАЗ ао;60;20171228;100000;850;853;837;837;206;0
ГАЗ ао;60;20171228;110000;826;837;812;834;17;0
ГАЗ ао;60;20171228;120000;825;830;810;824;136;0
ГАЗ ао;60;20171228;140000;824;826;821;821;22;0
ГАЗ ао;60;20171228;150000;823;823;823;823;1;0
ГАЗ ао;60;20171228;160000;828;828;804;804;26;0
ГАЗ ао;60;20171228;170000;813;815;810;814;9;0
ГАЗ ао;60;20171228;180000;812;812;812;812;2;0
ГАЗ ао;60;20171229;100000;800;801;790;791;11;0
ГАЗ ао;60;20171229;110000;799;800;799;800;11;0
ГАЗ ао;60;20171229;120000;800;800;800;800;10;0
ГАЗ ао;60;20171229;130000;800;810;800;800;17;0
ГАЗ ао;60;20171229;140000;800;800;800;800;10;0
ГАЗ ао;60;20171229;150000;800;800;800;800;14;0
ГАЗ ао;60;20171229;160000;795;795;793;793;2;0
ГАЗ ао;60;20171229;170000;798;798;787;790;14;0
ГАЗ ао;60;20171229;180000;800;800;800;800;15;0
