<TICKER>;<PER>;<DATE>;<TIME>;<OPEN>;<HIGH>;<LOW>;<CLOSE>;<VOL>;<OPENINT>
Дорогбж ао;60;20170124;100000;36.2;36.2;34.7;34.7;2;0
Дорогбж ао;60;20170124;120000;35.9;36;35.9;36;2;0
Дорогбж ао;60;20170124;130000;36;36;36;36;4;0
Дорогбж ао;60;20170124;140000;35.8;35.8;35.7;35.7;2;0
Дорогбж ао;60;20170124;150000;35.7;35.7;35.7;35.7;1;0
Дорогбж ао;60;20170124;170000;35.9;35.9;35.9;35.9;1;0
Дорогбж ао;60;20170124;180000;36;36;36;36;1;0
Дорогбж ао;60;20170125;100000;36.3;36.3;36.3;36.3;1;0
Дорогбж ао;60;20170125;120000;36;36;35.5;35.5;13;0
Дорогбж ао;60;20170125;130000;35.7;35.8;35.7;35.8;4;0
Дорогбж ао;60;20170125;140000;35.7;35.7;35.7;35.7;13;0
Дорогбж ао;60;20170125;150000;35.8;35.8;35.7;35.7;2;0
Дорогбж ао;60;20170125;170000;35.8;35.8;35.8;35.8;1;0
Дорогбж ао;60;20170126;100000;36.4;36.4;35.7;35.7;2;0
Дорогбж ао;60;20170126;110000;36;36.1;36;36.1;2;0
Дорогбж ао;60;20170126;120000;35.7;35.7;35.5;35.5;7;0
Дорогбж ао;60;20170126;180000;35.9;35.9;35.9;35.9;1;0
Дорогбж ао;60;20170127;100000;36.4;36.4;36.4;36.4;1;0
Дорогбж ао;60;20170127;120000;36.1;36.5;36.1;36.5;42;0
Дорогбж ао;60;20170127;140000;36.1;36.1;36;36;5;0
Дорогбж ао;60;20170127;150000;36;36;36;36;7;0
Дорогбж ао;60;20170127;160000;36.1;36.1;36.1;36.1;1;0
Дорогбж ао;60;20170127;170000;36.1;36.4;36.1;36.4;41;0
Дорогбж ао;60;20170130;100000;36.5;36.5;36;36.5;13;0
Дорогбж ао;60;20170130;130000;36;36;36;36;1;0
Дорогбж ао;60;20170130;170000;35.7;36.5;35.7;36.5;9;0
Дорогбж ао;60;20170130;180000;36.5;37.3;36.5;37.3;8;0
Дорогбж ао;60;20170131;100000;37.4;37.4;37.4;37.4;1;0
Дорогбж ао;60;20170131;110000;36.4;36.4;36.4;36.4;1;0
Дорогбж ао;60;20170131;120000;36.4;36.4;36.4;36.4;1;0
Дорогбж ао;60;20170131;140000;36.3;36.3;36.3;36.3;2;0
Дорогбж ао;60;20170131;160000;36.1;36.1;36;36;7;0
Дорогбж ао;60;20170131;180000;36.3;36.8;36.3;36.8;2;0
Дорогбж ао;60;20170201;090000;36.9;36.9;36.9;36.9;1;0
Дорогбж ао;60;20170201;100000;38;38;37;37.4;5;0
Дорогбж ао;60;20170201;110000;36.5;36.5;36;36;20;0
Дорогбж ао;60;20170201;120000;36.7;36.7;36.5;36.5;3;0
Дорогбж ао;60;20170201;130000;36.5;36.5;36.5;36.5;1;0
Дорогбж ао;60;20170201;140000;36.4;36.4;36.4;36.4;1;0
Дорогбж ао;60;20170202;100000;38;38;36.3;36.3;2;0
Дорогбж ао;60;20170202;130000;36.6;36.7;36.6;36.7;4;0
Дорогбж ао;60;20170202;170000;36.7;36.7;36.6;36.6;8;0
Дорогбж ао;60;20170202;180000;36.7;36.7;36.7;36.7;1;0
Дорогбж ао;60;20170203;100000;38;38;37;37;3;0
Дорогбж ао;60;20170203;110000;37;37.2;36.6;37.1;4;0
Дорогбж ао;60;20170203;120000;37.3;37.3;37.3;37.3;2;0
Дорогбж ао;60;20170203;180000;36.6;36.7;35;36.7;79;0
Дорогбж ао;60;20170206;100000;37.4;37.4;37.4;37.4;1;0
Дорогбж ао;60;20170206;150000;36.7;36.7;36.7;36.7;1;0
Дорогбж ао;60;20170206;170000;36.6;36.6;36.6;36.6;1;0
Дорогбж ао;60;20170207;100000;37.4;37.4;37.4;37.4;1;0
Дорогбж ао;60;20170208;100000;37.3;37.3;36;36;3;0
Дорогбж ао;60;20170208;160000;36.4;36.5;36.4;36.5;2;0
Дорогбж ао;60;20170208;170000;36.4;36.5;36.4;36.5;2;0
Дорогбж ао;60;20170208;180000;36.3;36.5;36.3;36.5;11;0
Дорогбж ао;60;20170209;100000;37.3;37.3;37;37;2;0
Дорогбж ао;60;20170209;110000;36.7;36.7;36.7;36.7;1;0
Дорогбж ао;60;20170209;140000;36.8;36.8;36.7;36.7;8;0
Дорогбж ао;60;20170210;100000;37.3;37.3;37.3;37.3;1;0
Дорогбж ао;60;20170210;110000;36.7;36.8;36.7;36.8;3;0
Дорогбж ао;60;20170210;150000;36.7;37;36;36;69;0
Дорогбж ао;60;20170210;180000;36.3;36.5;36.3;36.5;26;0
Дорогбж ао;60;20170213;100000;36.9;36.9;36.9;36.9;1;0
Дорогбж ао;60;20170213;140000;36.2;36.2;35.2;36;96;0
Дорогбж ао;60;20170213;150000;35.6;35.7;35.5;35.6;8;0
Дорогбж ао;60;20170213;160000;35.6;35.7;35.6;35.7;4;0
Дорогбж ао;60;20170213;170000;35.6;35.7;35.6;35.7;9;0
Дорогбж ао;60;20170214;100000;36;36;36;36;1;0
Дорогбж ао;60;20170214;110000;35.6;35.7;35.5;35.5;6;0
Дорогбж ао;60;20170214;120000;35.7;35.7;35.7;35.7;1;0
Дорогбж ао;60;20170214;130000;35.2;35.2;35.1;35.1;5;0
Дорогбж ао;60;20170214;140000;35;35;35;35;5;0
Дорогбж ао;60;20170214;150000;35;35.5;35;35.5;61;0
Дорогбж ао;60;20170215;100000;35.7;35.7;35.7;35.7;1;0
Дорогбж ао;60;20170215;120000;35.5;35.6;35.4;35.4;4;0
Дорогбж ао;60;20170215;130000;35.7;35.7;35.7;35.7;1;0
Дорогбж ао;60;20170215;150000;35.7;35.8;35.7;35.8;2;0
Дорогбж ао;60;20170216;100000;36;36;36;36;1;0
Дорогбж ао;60;20170216;110000;35.8;35.8;35.6;35.8;3;0
Дорогбж ао;60;20170216;130000;35.8;35.8;35.6;35.8;3;0
Дорогбж ао;60;20170216;150000;35.7;35.8;35.7;35.8;2;0
Дорогбж ао;60;20170217;100000;35.8;35.8;35.2;35.5;92;0
Дорогбж ао;60;20170217;110000;35.4;35.5;35.3;35.5;6;0
Дорогбж ао;60;20170217;130000;35.2;35.5;35.2;35.5;3;0
Дорогбж ао;60;20170217;180000;35.2;35.3;35.2;35.3;11;0
Дорогбж ао;60;20170220;090000;35.8;35.8;35.8;35.8;2;0
Дорогбж ао;60;20170220;100000;36;36;35.2;35.2;13;0
Дорогбж ао;60;20170220;110000;35.1;35.1;35.1;35.1;1;0
Дорогбж ао;60;20170220;120000;35.2;35.4;35.2;35.4;3;0
Дорогбж ао;60;20170220;130000;35.6;35.6;35.6;35.6;1;0
Дорогбж ао;60;20170220;160000;35.6;35.6;35.6;35.6;1;0
Дорогбж ао;60;20170221;100000;35.8;35.8;35.7;35.7;2;0
Дорогбж ао;60;20170221;110000;35.6;35.6;35.6;35.6;1;0
Дорогбж ао;60;20170221;120000;35.7;35.7;35.6;35.6;2;0
Дорогбж ао;60;20170221;160000;35.6;35.6;35.6;35.6;1;0
Дорогбж ао;60;20170221;170000;35.7;35.7;35.7;35.7;1;0
Дорогбж ао;60;20170222;100000;36;36;36;36;1;0
Дорогбж ао;60;20170222;130000;35.5;35.5;35.5;35.5;2;0
Дорогбж ао;60;20170222;140000;35.5;35.5;35.5;35.5;1;0
Дорогбж ао;60;20170222;180000;35.3;35.5;35.3;35.4;4;0
Дорогбж ао;60;20170224;110000;35.7;35.7;35.7;35.7;1;0
Дорогбж ао;60;20170224;170000;35.3;35.5;35;35.5;51;0
Дорогбж ао;60;20170227;100000;35.8;35.8;35.8;35.8;1;0
Дорогбж ао;60;20170227;140000;35.4;35.5;35.4;35.5;12;0
Дорогбж ао;60;20170227;150000;35.6;35.8;35.6;35.8;2;0
Дорогбж ао;60;20170227;170000;35.8;35.8;35;35;143;0
Дорогбж ао;60;20170227;180000;34.9;35.5;34.7;35.5;177;0
Дорогбж ао;60;20170228;100000;35.6;35.6;34.7;35;72;0
Дорогбж ао;60;20170228;110000;35;35.3;34.9;35.1;330;0
Дорогбж ао;60;20170228;120000;35;35.4;35;35.4;9;0
Дорогбж ао;60;20170228;130000;35.5;35.5;35.5;35.5;4;0
Дорогбж ао;60;20170228;170000;35;35.5;35;35.3;55;0
Дорогбж ао;60;20170228;180000;35.1;35.5;34.9;35.5;126;0
Дорогбж ао;60;20170301;100000;35.6;35.6;35;35.5;102;0
Дорогбж ао;60;20170301;130000;35.2;35.4;35;35.4;3;0
Дорогбж ао;60;20170301;140000;35.2;35.5;35.2;35.5;4;0
Дорогбж ао;60;20170302;100000;35.6;35.6;35;35.5;98;0
Дорогбж ао;60;20170302;110000;35.2;35.5;35;35.5;31;0
Дорогбж ао;60;20170302;120000;35.4;35.5;35.4;35.5;31;0
Дорогбж ао;60;20170302;140000;35.2;35.2;35.2;35.2;1;0
Дорогбж ао;60;20170302;150000;35.2;35.3;35.2;35.3;2;0
Дорогбж ао;60;20170302;170000;35.4;35.4;35.4;35.4;1;0
Дорогбж ао;60;20170302;180000;35.1;35.5;35.1;35.5;3;0
Дорогбж ао;60;20170303;100000;35.5;35.9;35.2;35.9;36;0
Дорогбж ао;60;20170303;140000;35.3;35.3;35.3;35.3;1;0
Дорогбж ао;60;20170303;150000;35.5;35.6;35.5;35.6;10;0
Дорогбж ао;60;20170303;170000;35.5;35.5;35.5;35.5;1;0
Дорогбж ао;60;20170303;180000;35.6;35.6;35.6;35.6;2;0
Дорогбж ао;60;20170306;090000;35.2;35.2;35.2;35.2;1;0
Дорогбж ао;60;20170306;100000;35.2;35.8;35.2;35.8;100;0
Дорогбж ао;60;20170306;120000;35.8;35.8;35.2;35.7;7;0
Дорогбж ао;60;20170306;130000;35.4;35.7;35.3;35.7;11;0
Дорогбж ао;60;20170306;150000;35.5;35.5;35.5;35.5;1;0
Дорогбж ао;60;20170306;170000;35.6;35.7;35.6;35.7;2;0
Дорогбж ао;60;20170307;100000;36;36;36;36;1;0
Дорогбж ао;60;20170307;110000;35.4;35.4;35.4;35.4;2;0
Дорогбж ао;60;20170307;130000;35.2;35.3;35.2;35.3;2;0
Дорогбж ао;60;20170307;140000;35;35.3;35;35.3;2;0
Дорогбж ао;60;20170307;180000;35.4;35.4;35.4;35.4;1;0
Дорогбж ао;60;20170309;090000;35.6;35.6;35.6;35.6;1;0
Дорогбж ао;60;20170309;100000;36;36;35.1;35.4;4;0
Дорогбж ао;60;20170309;110000;35.1;35.2;35;35.2;3;0
Дорогбж ао;60;20170309;120000;35.2;35.2;35.2;35.2;3;0
Дорогбж ао;60;20170309;130000;35.2;35.2;35.2;35.2;6;0
Дорогбж ао;60;20170309;140000;35.2;35.2;35.2;35.2;3;0
Дорогбж ао;60;20170309;150000;35.1;35.1;35.1;35.1;3;0
Дорогбж ао;60;20170309;160000;35;35;35;35;37;0
Дорогбж ао;60;20170309;170000;35.1;35.1;35;35;43;0
Дорогбж ао;60;20170309;180000;35;35.2;35;35.2;102;0
Дорогбж ао;60;20170310;100000;35.4;35.4;35.4;35.4;1;0
Дорогбж ао;60;20170310;110000;35.2;35.2;35.2;35.2;1;0
Дорогбж ао;60;20170310;120000;35.1;35.1;35.1;35.1;1;0
Дорогбж ао;60;20170310;130000;35;35;35;35;30;0
Дорогбж ао;60;20170310;150000;35.1;35.2;35.1;35.2;4;0
Дорогбж ао;60;20170310;160000;35.3;35.3;35.3;35.3;1;0
Дорогбж ао;60;20170310;180000;35.1;35.4;35;35.4;22;0
Дорогбж ао;60;20170313;100000;35.1;35.1;35;35;4;0
Дорогбж ао;60;20170313;110000;35.1;35.2;35.1;35.2;2;0
Дорогбж ао;60;20170313;120000;35.3;35.3;35.2;35.2;2;0
Дорогбж ао;60;20170313;130000;35.3;35.4;35.2;35.2;3;0
Дорогбж ао;60;20170313;140000;35.1;35.1;35.1;35.1;2;0
Дорогбж ао;60;20170313;150000;35.2;35.3;35.2;35.3;6;0
Дорогбж ао;60;20170313;170000;35.3;35.6;35.3;35.6;53;0
Дорогбж ао;60;20170314;100000;35.6;35.8;35.6;35.8;9;0
Дорогбж ао;60;20170314;110000;35.8;35.9;35.8;35.9;4;0
Дорогбж ао;60;20170314;120000;35.9;35.9;35.9;35.9;2;0
Дорогбж ао;60;20170314;160000;35.8;35.9;35.8;35.9;2;0
Дорогбж ао;60;20170314;170000;35.8;36.5;35.5;35.8;76;0
Дорогбж ао;60;20170314;180000;35.6;35.8;35.6;35.8;6;0
Дорогбж ао;60;20170315;100000;37;37;36;36.4;7;0
Дорогбж ао;60;20170315;110000;35.9;36.2;35.5;36.1;30;0
Дорогбж ао;60;20170315;160000;36.3;36.3;36;36.3;7;0
Дорогбж ао;60;20170315;170000;36.3;36.5;35.7;36.5;14;0
Дорогбж ао;60;20170315;180000;36;36.4;36;36.4;3;0
Дорогбж ао;60;20170316;100000;37;37;37;37;1;0
Дорогбж ао;60;20170316;120000;36.3;36.3;36.3;36.3;1;0
Дорогбж ао;60;20170316;130000;36;36;36;36;1;0
Дорогбж ао;60;20170316;160000;36.1;36.4;36.1;36.4;10;0
Дорогбж ао;60;20170317;100000;36.4;36.4;36.4;36.4;1;0
Дорогбж ао;60;20170317;140000;36.1;36.4;36.1;36.4;8;0
Дорогбж ао;60;20170317;150000;36.3;36.3;36;36;13;0
Дорогбж ао;60;20170317;160000;36;36.4;36;36.4;126;0
Дорогбж ао;60;20170317;180000;36.1;36.1;36;36;23;0
Дорогбж ао;60;20170320;100000;37;37;37;37;1;0
Дорогбж ао;60;20170320;110000;36.3;36.3;36.3;36.3;1;0
Дорогбж ао;60;20170320;150000;36;36;36;36;5;0
Дорогбж ао;60;20170320;170000;36.3;36.3;36.3;36.3;1;0
Дорогбж ао;60;20170320;180000;36.3;36.3;36.3;36.3;3;0
Дорогбж ао;60;20170321;100000;36.6;36.6;36.6;36.6;1;0
Дорогбж ао;60;20170321;110000;36.3;36.3;36.3;36.3;1;0
Дорогбж ао;60;20170321;120000;36;36.3;36;36.3;3;0
Дорогбж ао;60;20170321;180000;36.1;36.1;36;36;12;0
Дорогбж ао;60;20170322;100000;36.6;36.6;36.6;36.6;1;0
Дорогбж ао;60;20170322;110000;35.6;35.9;35.6;35.9;14;0
Дорогбж ао;60;20170322;130000;35.6;35.6;35.6;35.6;1;0
Дорогбж ао;60;20170322;140000;35.9;36;35.9;36;6;0
Дорогбж ао;60;20170322;160000;36;36;35.5;35.5;10;0
Дорогбж ао;60;20170322;170000;36.2;36.2;36.2;36.2;1;0
Дорогбж ао;60;20170323;100000;36.6;36.6;35.5;36.6;4;0
Дорогбж ао;60;20170323;130000;36;36.1;36;36;7;0
Дорогбж ао;60;20170324;100000;36.6;36.9;35.1;36.9;24;0
Дорогбж ао;60;20170324;110000;36;36.1;36;36.1;3;0
Дорогбж ао;60;20170324;140000;36.2;36.2;36.2;36.2;3;0
Дорогбж ао;60;20170324;160000;36.1;36.1;36;36;2;0
Дорогбж ао;60;20170324;170000;36.2;36.2;36.2;36.2;1;0
Дорогбж ао;60;20170327;100000;37;37;36.5;36.5;9;0
Дорогбж ао;60;20170327;110000;36.5;36.5;36.5;36.5;48;0
Дорогбж ао;60;20170327;120000;36.5;36.5;36.5;36.5;4;0
Дорогбж ао;60;20170327;130000;36.5;36.5;36.5;36.5;18;0
Дорогбж ао;60;20170327;140000;36.3;36.5;36.2;36.5;18;0
Дорогбж ао;60;20170327;150000;36.5;36.5;36;36;39;0
Дорогбж ао;60;20170327;160000;36.5;36.5;36.1;36.1;26;0
Дорогбж ао;60;20170327;170000;36.1;36.1;35.4;36;28;0
Дорогбж ао;60;20170327;180000;36.2;36.5;36.2;36.2;25;0
Дорогбж ао;60;20170328;100000;36.9;36.9;36.2;36.2;2;0
Дорогбж ао;60;20170328;120000;36.4;36.5;36.4;36.5;16;0
Дорогбж ао;60;20170328;130000;36.5;36.5;36.5;36.5;13;0
Дорогбж ао;60;20170328;160000;36.5;36.5;36.5;36.5;14;0
Дорогбж ао;60;20170328;180000;36.5;36.6;36.5;36.5;24;0
Дорогбж ао;60;20170329;100000;37;37;37;37;1;0
Дорогбж ао;60;20170330;100000;37;37;37;37;1;0
Дорогбж ао;60;20170330;110000;36;36.3;36;36.3;21;0
Дорогбж ао;60;20170330;120000;36.1;36.1;36;36;49;0
Дорогбж ао;60;20170330;130000;36.1;36.1;36.1;36.1;1;0
Дорогбж ао;60;20170330;150000;36;36;36;36;66;0
Дорогбж ао;60;20170330;160000;36;36;36;36;66;0
Дорогбж ао;60;20170330;180000;36;36;36;36;87;0
Дорогбж ао;60;20170331;100000;36.8;36.8;36.8;36.8;1;0
Дорогбж ао;60;20170331;130000;36.4;36.5;36.4;36.5;14;0
Дорогбж ао;60;20170331;180000;36.5;36.5;36.5;36.5;5;0
Дорогбж ао;60;20170403;100000;36.9;36.9;36.9;36.9;3;0
Дорогбж ао;60;20170403;160000;36.2;36.2;36.2;36.2;1;0
Дорогбж ао;60;20170403;170000;36.1;36.3;36;36.3;113;0
Дорогбж ао;60;20170404;100000;36.5;36.5;36.5;36.5;1;0
Дорогбж ао;60;20170405;100000;36;36;35.6;35.6;4;0
Дорогбж ао;60;20170405;110000;36.1;36.4;36;36.4;13;0
Дорогбж ао;60;20170405;140000;35.9;35.9;35.6;35.6;10;0
Дорогбж ао;60;20170405;180000;36.3;36.3;35.6;36.3;8;0
Дорогбж ао;60;20170406;100000;36.3;36.3;36.3;36.3;1;0
Дорогбж ао;60;20170406;130000;35.8;35.8;35.8;35.8;1;0
Дорогбж ао;60;20170406;150000;35.9;35.9;35.7;35.7;6;0
Дорогбж ао;60;20170406;180000;35.7;35.7;35.7;35.7;1;0
Дорогбж ао;60;20170407;100000;36.4;36.4;35.9;35.9;2;0
Дорогбж ао;60;20170407;180000;35.8;35.8;35.8;35.8;1;0
Дорогбж ао;60;20170410;100000;36.8;36.8;36.8;36.8;1;0
Дорогбж ао;60;20170410;120000;35.7;35.7;35.7;35.7;1;0
Дорогбж ао;60;20170410;130000;35.6;35.6;35.5;35.5;2;0
Дорогбж ао;60;20170410;140000;35.6;35.6;35.4;35.4;9;0
Дорогбж ао;60;20170410;150000;35.3;35.3;35.2;35.2;8;0
Дорогбж ао;60;20170410;160000;35.4;35.4;35.4;35.4;3;0
Дорогбж ао;60;20170410;170000;35.5;35.5;35.5;35.5;2;0
Дорогбж ао;60;20170410;180000;35.5;35.5;35.5;35.5;1;0
Дорогбж ао;60;20170411;100000;36;36;36;36;1;0
Дорогбж ао;60;20170411;130000;35.7;36;35.7;36;107;0
Дорогбж ао;60;20170411;140000;36;36;36;36;2;0
Дорогбж ао;60;20170411;150000;36;36;36;36;3;0
Дорогбж ао;60;20170411;160000;36;36;36;36;5;0
Дорогбж ао;60;20170411;170000;36;36;35.8;36;227;0
Дорогбж ао;60;20170411;180000;35.7;35.7;35.5;35.5;5;0
Дорогбж ао;60;20170412;100000;36.1;36.1;36.1;36.1;1;0
Дорогбж ао;60;20170412;150000;35.6;35.7;35.6;35.7;5;0
Дорогбж ао;60;20170412;160000;35.7;35.7;35.7;35.7;8;0
Дорогбж ао;60;20170413;100000;36.1;36.1;35;35.3;25;0
Дорогбж ао;60;20170413;110000;35.3;35.5;35.3;35.5;7;0
Дорогбж ао;60;20170413;140000;35.5;35.5;35.5;35.5;4;0
Дорогбж ао;60;20170413;180000;35.5;35.5;35.5;35.5;1;0
Дорогбж ао;60;20170414;100000;35.5;35.5;35.5;35.5;1;0
Дорогбж ао;60;20170414;140000;34.1;34.1;34;34;6;0
Дорогбж ао;60;20170414;150000;35.2;35.2;35.2;35.2;2;0
Дорогбж ао;60;20170414;170000;35.1;35.1;35.1;35.1;1;0
Дорогбж ао;60;20170414;180000;35.5;35.5;35.5;35.5;1;0
Дорогбж ао;60;20170417;100000;36.1;36.1;31;35;16;0
Дорогбж ао;60;20170417;110000;34.5;34.5;34.5;34.5;1;0
Дорогбж ао;60;20170417;140000;34.5;34.5;34.5;34.5;2;0
Дорогбж ао;60;20170417;170000;34.9;34.9;34.7;34.7;2;0
Дорогбж ао;60;20170417;180000;34.3;34.3;34.3;34.3;2;0
Дорогбж ао;60;20170418;100000;35.4;35.4;35.4;35.4;1;0
Дорогбж ао;60;20170418;110000;34.8;34.8;34.2;34.2;4;0
Дорогбж ао;60;20170418;120000;34.1;34.1;34.1;34.1;1;0
Дорогбж ао;60;20170418;160000;34.1;35.4;34.1;35.4;26;0
Дорогбж ао;60;20170418;170000;33.8;36;33.7;36;40;0
Дорогбж ао;60;20170418;180000;36;36.8;36;36.5;11;0
Дорогбж ао;60;20170419;100000;36.8;36.8;35.8;36.2;5;0
Дорогбж ао;60;20170419;120000;36.2;36.2;36.2;36.2;1;0
Дорогбж ао;60;20170419;130000;36;36;35.5;35.5;3;0
Дорогбж ао;60;20170419;180000;35.3;35.3;35.3;35.3;1;0
Дорогбж ао;60;20170420;100000;36.5;36.5;36.5;36.5;1;0
Дорогбж ао;60;20170420;130000;35.8;35.8;35.8;35.8;1;0
Дорогбж ао;60;20170420;160000;35.5;35.5;35.5;35.5;1;0
Дорогбж ао;60;20170421;100000;36.3;36.3;36.3;36.3;1;0
Дорогбж ао;60;20170421;120000;35.3;35.3;35.1;35.1;6;0
Дорогбж ао;60;20170421;150000;35.2;35.2;35.2;35.2;1;0
Дорогбж ао;60;20170421;160000;35;35.1;34.9;34.9;4;0
Дорогбж ао;60;20170421;170000;35.1;35.1;34.5;34.5;76;0
Дорогбж ао;60;20170421;180000;35;35;35;35;15;0
Дорогбж ао;60;20170424;100000;35;35;34.9;35;7;0
Дорогбж ао;60;20170424;110000;35;35;35;35;2;0
Дорогбж ао;60;20170424;160000;35.1;35.1;35.1;35.1;1;0
Дорогбж ао;60;20170424;170000;35.5;35.5;35.5;35.5;1;0
Дорогбж ао;60;20170424;180000;35.5;35.5;35.5;35.5;9;0
Дорогбж ао;60;20170425;100000;35.5;35.5;35.5;35.5;1;0
Дорогбж ао;60;20170425;120000;35.5;35.5;35.5;35.5;1;0
Дорогбж ао;60;20170425;170000;35.5;35.5;35.5;35.5;1;0
Дорогбж ао;60;20170426;100000;35.5;35.6;35.5;35.6;2;0
Дорогбж ао;60;20170426;120000;35.5;35.5;35.5;35.5;1;0
Дорогбж ао;60;20170426;130000;35.3;35.3;35;35;8;0
Дорогбж ао;60;20170426;140000;35;35;35;35;104;0
Дорогбж ао;60;20170427;100000;35.7;35.7;34.9;35.1;107;0
Дорогбж ао;60;20170427;110000;35.1;35.1;34.8;35;107;0
Дорогбж ао;60;20170427;120000;34.6;34.7;34.5;34.5;29;0
Дорогбж ао;60;20170427;150000;34.9;35;34.7;34.7;108;0
Дорогбж ао;60;20170428;100000;35.5;35.5;35.5;35.5;2;0
Дорогбж ао;60;20170428;110000;35.5;35.5;35.5;35.5;1;0
Дорогбж ао;60;20170428;170000;35.1;35.1;35;35;3;0
Дорогбж ао;60;20170428;180000;35;35;35;35;4;0
Дорогбж ао;60;20170502;100000;35.5;35.5;35.2;35.2;2;0
Дорогбж ао;60;20170502;130000;35.5;35.5;35.5;35.5;5;0
Дорогбж ао;60;20170502;160000;35.4;35.4;35.4;35.4;5;0
Дорогбж ао;60;20170502;180000;35.3;35.3;35.2;35.2;2;0
Дорогбж ао;60;20170503;100000;35.7;35.7;35.7;35.7;4;0
Дорогбж ао;60;20170503;140000;35.7;35.7;35.7;35.7;1;0
Дорогбж ао;60;20170503;150000;35.7;35.8;35.7;35.8;6;0
Дорогбж ао;60;20170503;160000;35.7;35.7;35.7;35.7;1;0
Дорогбж ао;60;20170503;170000;35.9;35.9;35.7;35.7;5;0
Дорогбж ао;60;20170504;100000;36.4;36.4;36.4;36.4;1;0
Дорогбж ао;60;20170504;130000;35.5;35.5;35.5;35.5;1;0
Дорогбж ао;60;20170504;160000;35.5;35.5;35.5;35.5;1;0
Дорогбж ао;60;20170505;100000;35.8;35.8;34.8;35.7;12;0
Дорогбж ао;60;20170505;120000;35.6;35.7;35.6;35.7;19;0
Дорогбж ао;60;20170505;140000;35.6;36;35.6;35.9;35;0
Дорогбж ао;60;20170505;150000;35.8;35.8;35.5;35.7;3;0
Дорогбж ао;60;20170505;160000;35.8;35.8;35.8;35.8;1;0
Дорогбж ао;60;20170505;170000;35.9;35.9;35.9;35.9;1;0
Дорогбж ао;60;20170510;100000;36;36;35.8;35.8;3;0
Дорогбж ао;60;20170510;130000;35.8;35.8;35.8;35.8;3;0
Дорогбж ао;60;20170510;140000;35.8;35.8;35.8;35.8;2;0
Дорогбж ао;60;20170511;100000;36;36;36;36;1;0
Дорогбж ао;60;20170511;120000;35.9;35.9;35.9;35.9;1;0
Дорогбж ао;60;20170511;160000;35.6;35.6;35.5;35.5;2;0
Дорогбж ао;60;20170511;170000;35.6;35.6;35.6;35.6;1;0
Дорогбж ао;60;20170511;180000;35.6;35.6;35.6;35.6;1;0
Дорогбж ао;60;20170512;100000;35.8;35.8;35.8;35.8;1;0
Дорогбж ао;60;20170512;110000;35.6;35.6;35.5;35.6;18;0
Дорогбж ао;60;20170512;130000;35.6;35.6;35.6;35.6;1;0
Дорогбж ао;60;20170512;150000;35.6;35.6;35.6;35.6;2;0
Дорогбж ао;60;20170512;170000;35.3;35.3;35.3;35.3;1;0
Дорогбж ао;60;20170512;180000;35.2;35.2;35.1;35.1;14;0
Дорогбж ао;60;20170515;100000;35.8;35.8;35.8;35.8;3;0
Дорогбж ао;60;20170515;120000;35.5;35.5;35.5;35.5;1;0
Дорогбж ао;60;20170515;140000;35.3;35.5;35.3;35.5;4;0
Дорогбж ао;60;20170515;160000;35.5;35.7;35.5;35.7;3002;0
Дорогбж ао;60;20170515;170000;35.8;37.4;35.8;36;79;0
Дорогбж ао;60;20170515;180000;36.5;36.5;35.4;36.5;5;0
Дорогбж ао;60;20170516;100000;36.9;36.9;36.9;36.9;1;0
Дорогбж ао;60;20170516;110000;35.5;35.5;35.5;35.5;1;0
Дорогбж ао;60;20170516;140000;36.2;36.2;36.2;36.2;2;0
Дорогбж ао;60;20170516;160000;36.2;36.3;36.2;36.3;3;0
Дорогбж ао;60;20170517;100000;37;37;37;37;1;0
Дорогбж ао;60;20170517;130000;36.5;36.8;36.5;36.8;2;0
Дорогбж ао;60;20170517;150000;36.7;36.7;36.7;36.7;3;0
Дорогбж ао;60;20170517;160000;36.8;36.9;36;36.9;146;0
Дорогбж ао;60;20170517;170000;36;36;36;36;1;0
Дорогбж ао;60;20170517;180000;36.6;36.6;36.5;36.5;2;0
Дорогбж ао;60;20170518;100000;37;37;36;36;3;0
Дорогбж ао;60;20170518;120000;36.8;36.8;36.5;36.5;2;0
Дорогбж ао;60;20170518;160000;36.2;36.2;36.2;36.2;3;0
Дорогбж ао;60;20170519;100000;37.4;37.4;37;37.4;4;0
Дорогбж ао;60;20170519;140000;37.1;37.1;37.1;37.1;9;0
Дорогбж ао;60;20170519;150000;36.1;36.5;36.1;36.5;2;0
Дорогбж ао;60;20170519;160000;36;36;36;36;9;0
Дорогбж ао;60;20170519;170000;36;36.1;36;36.1;4;0
Дорогбж ао;60;20170522;100000;39;39;36.5;36.5;3;0
Дорогбж ао;60;20170522;130000;36.2;36.2;36;36;13;0
Дорогбж ао;60;20170522;140000;36;36;36;36;2;0
Дорогбж ао;60;20170522;160000;36;36.3;36;36.3;3;0
Дорогбж ао;60;20170522;180000;36;36;36;36;3;0
Дорогбж ао;60;20170523;100000;37.7;37.7;36.5;36.5;2;0
Дорогбж ао;60;20170523;140000;36;36.5;36;36.5;15;0
Дорогбж ао;60;20170523;150000;36.5;36.5;36.5;36.5;2;0
Дорогбж ао;60;20170523;170000;36;36;36;36;30;0
Дорогбж ао;60;20170523;180000;36;36;36;36;3;0
Дорогбж ао;60;20170524;100000;37.9;37.9;36.3;36.4;8;0
Дорогбж ао;60;20170524;110000;36.3;36.3;36.3;36.3;2;0
Дорогбж ао;60;20170524;150000;35.7;35.7;35.7;35.7;1;0
Дорогбж ао;60;20170524;160000;35.7;35.7;35.7;35.7;1;0
Дорогбж ао;60;20170524;170000;35.9;35.9;35.9;35.9;1;0
Дорогбж ао;60;20170524;180000;35.9;35.9;35.9;35.9;2;0
Дорогбж ао;60;20170525;100000;37.7;37.7;36;36;13;0
Дорогбж ао;60;20170525;140000;36.2;36.2;36.2;36.2;1;0
Дорогбж ао;60;20170525;160000;35.7;35.7;35.7;35.7;7;0
Дорогбж ао;60;20170525;170000;35.8;35.8;35.8;35.8;1;0
Дорогбж ао;60;20170526;100000;36.9;36.9;35.8;35.8;2;0
Дорогбж ао;60;20170526;110000;35.8;35.8;35.8;35.8;1;0
Дорогбж ао;60;20170526;130000;36.2;36.2;36.2;36.2;4;0
Дорогбж ао;60;20170526;160000;35.7;35.7;35.7;35.7;41;0
Дорогбж ао;60;20170529;100000;36.8;36.8;35.7;35.7;4;0
Дорогбж ао;60;20170529;110000;36.4;36.4;36.4;36.4;1;0
Дорогбж ао;60;20170529;120000;35.9;36.4;35.9;36;16;0
Дорогбж ао;60;20170529;130000;36;36;36;36;1;0
Дорогбж ао;60;20170529;140000;36.3;36.5;36.3;36.5;47;0
Дорогбж ао;60;20170529;150000;36.4;36.4;36.4;36.4;1;0
Дорогбж ао;60;20170529;170000;36.5;36.5;36;36;44;0
Дорогбж ао;60;20170529;180000;36;36.6;36;36.6;19;0
Дорогбж ао;60;20170530;090000;36.5;36.5;36.5;36.5;1;0
Дорогбж ао;60;20170530;100000;36.6;36.6;31.5;35.5;181;0
Дорогбж ао;60;20170530;110000;35.5;35.7;35.5;35.7;2;0
Дорогбж ао;60;20170530;120000;35.7;36.3;35.7;36.3;387;0
Дорогбж ао;60;20170530;130000;36.3;36.3;36.3;36.3;1;0
Дорогбж ао;60;20170530;150000;36.4;37;36.4;36.5;177;0
Дорогбж ао;60;20170530;160000;37;37.1;37;37.1;22;0
Дорогбж ао;60;20170530;170000;37.4;37.5;37.1;37.4;19;0
Дорогбж ао;60;20170530;180000;37.1;37.5;37.1;37.1;40;0
Дорогбж ао;60;20170531;090000;35;35;35;35;2;0
Дорогбж ао;60;20170531;100000;35;35.1;33.4;34.1;92;0
Дорогбж ао;60;20170531;110000;34.1;34.3;34;34.3;5;0
Дорогбж ао;60;20170531;120000;34.3;34.3;34.3;34.3;1;0
Дорогбж ао;60;20170531;130000;34.1;34.1;34;34;7;0
Дорогбж ао;60;20170531;140000;34;34.5;33.9;34.1;1834;0
Дорогбж ао;60;20170531;150000;34.3;34.5;34.3;34.5;29;0
Дорогбж ао;60;20170531;170000;34.5;34.5;34.5;34.5;1;0
Дорогбж ао;60;20170531;180000;34.6;35.2;34.6;35;88;0
Дорогбж ао;60;20170601;100000;35.4;35.4;34.5;34.5;1027;0
Дорогбж ао;60;20170601;150000;34.2;34.2;34.2;34.2;5;0
Дорогбж ао;60;20170602;100000;35.5;35.5;33;34;101;0
Дорогбж ао;60;20170602;110000;33.1;33.1;32.2;32.2;4;0
Дорогбж ао;60;20170602;120000;33.9;34.9;33.5;34.9;4664;0
Дорогбж ао;60;20170602;140000;33.2;34;33.1;33.1;5;0
Дорогбж ао;60;20170602;170000;33.8;33.9;33.8;33.9;2;0
Дорогбж ао;60;20170605;100000;33.9;33.9;33.4;33.4;3;0
Дорогбж ао;60;20170605;120000;33.4;33.8;32.3;33.8;5;0
Дорогбж ао;60;20170605;140000;33.5;33.9;33.5;33.9;19;0
Дорогбж ао;60;20170605;150000;33.9;35;33.9;35;55;0
Дорогбж ао;60;20170605;170000;34;34;34;34;1;0
Дорогбж ао;60;20170605;180000;34.4;34.4;34.4;34.4;1;0
Дорогбж ао;60;20170606;100000;34.9;34.9;31.5;33.5;7;0
Дорогбж ао;60;20170606;120000;34.2;34.2;34.2;34.2;1;0
Дорогбж ао;60;20170606;170000;34;34;34;34;2;0
Дорогбж ао;60;20170607;100000;35;35;35;35;1;0
Дорогбж ао;60;20170607;120000;34.4;34.4;34.4;34.4;1;0
Дорогбж ао;60;20170607;160000;34.5;34.5;34.5;34.5;1;0
Дорогбж ао;60;20170607;170000;34.1;34.1;34;34;3;0
Дорогбж ао;60;20170608;100000;35.7;35.7;33.8;33.8;3;0
Дорогбж ао;60;20170609;100000;35.3;35.3;35;35;2;0
Дорогбж ао;60;20170609;110000;34.1;34.1;33.4;33.4;6;0
Дорогбж ао;60;20170609;120000;33.4;33.4;32.1;33;20;0
Дорогбж ао;60;20170609;130000;33.1;33.1;33;33;13;0
Дорогбж ао;60;20170609;150000;33.4;33.5;33.3;33.5;4;0
Дорогбж ао;60;20170609;160000;33.8;34.5;33.8;34.5;372;0
Дорогбж ао;60;20170609;170000;34;34;34;34;1;0
Дорогбж ао;60;20170613;100000;35.1;35.1;34.1;34.1;28;0
Дорогбж ао;60;20170613;130000;34.4;34.5;34.4;34.5;1065;0
Дорогбж ао;60;20170613;140000;34.1;34.1;34.1;34.1;2;0
Дорогбж ао;60;20170613;150000;34.1;34.1;34.1;34.1;1;0
Дорогбж ао;60;20170613;180000;33.9;34.6;33;34.6;4;0
Дорогбж ао;60;20170614;100000;35.3;35.3;35.3;35.3;1;0
Дорогбж ао;60;20170614;110000;34.5;34.5;34.5;34.5;7882;0
Дорогбж ао;60;20170614;140000;34.7;34.7;34.7;34.7;3000;0
Дорогбж ао;60;20170614;160000;34;34;34;34;2;0
Дорогбж ао;60;20170615;100000;35;35;33.2;33.2;4;0
Дорогбж ао;60;20170615;110000;33.5;33.5;33.2;33.2;2;0
Дорогбж ао;60;20170615;120000;33.1;33.1;33.1;33.1;2;0
Дорогбж ао;60;20170615;140000;33.1;33.1;33.1;33.1;12;0
Дорогбж ао;60;20170615;160000;33;33.1;33;33.1;2;0
Дорогбж ао;60;20170615;170000;34.2;34.2;34;34;2;0
Дорогбж ао;60;20170615;180000;34.4;34.8;34.4;34.5;1478;0
Дорогбж ао;60;20170616;100000;34.5;34.5;34.5;34.5;1;0
Дорогбж ао;60;20170616;110000;34.5;34.5;34.5;34.5;570;0
Дорогбж ао;60;20170616;140000;34.1;34.1;34.1;34.1;1;0
Дорогбж ао;60;20170616;160000;34.1;34.1;34.1;34.1;1;0
Дорогбж ао;60;20170616;180000;34.4;34.6;34.4;34.6;12;0
Дорогбж ао;60;20170619;100000;36.2;36.2;34.9;34.9;3;0
Дорогбж ао;60;20170619;110000;34;34;34;34;1;0
Дорогбж ао;60;20170619;140000;34.5;34.5;34.2;34.2;2;0
Дорогбж ао;60;20170619;150000;34.8;34.8;34.8;34.8;4;0
Дорогбж ао;60;20170619;160000;34.5;34.8;34.5;34.8;481;0
Дорогбж ао;60;20170620;100000;35;35.1;35;35.1;15;0
Дорогбж ао;60;20170620;110000;35.2;35.2;35.2;35.2;1;0
Дорогбж ао;60;20170620;120000;35;35;35;35;2;0
Дорогбж ао;60;20170620;130000;35;35;35;35;14;0
Дорогбж ао;60;20170620;180000;35.2;35.2;35.2;35.2;1;0
Дорогбж ао;60;20170621;100000;36.5;36.5;36.5;36.5;1;0
Дорогбж ао;60;20170622;100000;36.4;36.4;35.5;35.5;2;0
Дорогбж ао;60;20170622;140000;35.5;35.5;35.5;35.5;1;0
Дорогбж ао;60;20170622;170000;35;35;35;35;1;0
Дорогбж ао;60;20170622;180000;35.5;35.5;35.5;35.5;2;0
Дорогбж ао;60;20170623;100000;36.3;36.3;36.3;36.3;1;0
Дорогбж ао;60;20170623;140000;35.5;35.5;35.1;35.1;4;0
Дорогбж ао;60;20170623;150000;35.1;35.1;35.1;35.1;1;0
Дорогбж ао;60;20170623;160000;35.2;35.2;35.2;35.2;3;0
Дорогбж ао;60;20170623;180000;35.5;35.5;35.5;35.5;1;0
Дорогбж ао;60;20170626;100000;35.5;35.5;35.5;35.5;24;0
Дорогбж ао;60;20170626;110000;35.5;35.5;35.5;35.5;2;0
Дорогбж ао;60;20170626;140000;35.9;35.9;35.9;35.9;1;0
Дорогбж ао;60;20170627;100000;36.4;36.4;36;36.1;10;0
Дорогбж ао;60;20170627;130000;36;36;36;36;1;0
Дорогбж ао;60;20170627;140000;36;36.2;36;36.2;14;0
Дорогбж ао;60;20170627;170000;36.3;36.3;36.3;36.3;5;0
Дорогбж ао;60;20170628;100000;36.4;36.4;36.4;36.4;1;0
Дорогбж ао;60;20170628;170000;36.3;36.3;36;36;48;0
Дорогбж ао;60;20170628;180000;36;36;36;36;1;0
Дорогбж ао;60;20170629;100000;36.4;36.4;36.4;36.4;1;0
Дорогбж ао;60;20170629;150000;36;36;36;36;1;0
Дорогбж ао;60;20170629;160000;36.1;36.1;36.1;36.1;5;0
Дорогбж ао;60;20170629;170000;36;36;36;36;9;0
Дорогбж ао;60;20170630;100000;36.4;36.4;36.4;36.4;1;0
Дорогбж ао;60;20170630;110000;36.2;36.2;36.2;36.2;1;0
Дорогбж ао;60;20170630;120000;36.3;36.3;36.3;36.3;1;0
Дорогбж ао;60;20170630;180000;36.1;36.1;36;36;48;0
Дорогбж ао;60;20170703;100000;36.5;36.5;36.5;36.5;1;0
Дорогбж ао;60;20170703;120000;33.5;35.5;33.5;35.5;5;0
Дорогбж ао;60;20170703;130000;35;35;35;35;5;0
Дорогбж ао;60;20170703;140000;34.9;35;34.9;35;2;0
Дорогбж ао;60;20170703;170000;35;35;35;35;2;0
Дорогбж ао;60;20170703;180000;35;36.4;35;36.4;3;0
Дорогбж ао;60;20170704;100000;38;38;35.5;35.5;3;0
Дорогбж ао;60;20170704;150000;35.2;35.2;35.1;35.1;9;0
Дорогбж ао;60;20170704;170000;35.7;35.7;35.7;35.7;1;0
Дорогбж ао;60;20170705;100000;37.9;37.9;37.9;37.9;1;0
Дорогбж ао;60;20170705;120000;35.9;35.9;35.9;35.9;2;0
Дорогбж ао;60;20170705;130000;35.3;35.3;35.2;35.2;2;0
Дорогбж ао;60;20170705;140000;35.1;35.1;35.1;35.1;2;0
Дорогбж ао;60;20170705;150000;35;35;35;35;4;0
Дорогбж ао;60;20170705;160000;35;35;35;35;1;0
Дорогбж ао;60;20170705;170000;35;35.3;35;35.3;4;0
Дорогбж ао;60;20170706;100000;38;38;38;38;1;0
Дорогбж ао;60;20170706;110000;35.4;35.4;35.4;35.4;1;0
Дорогбж ао;60;20170707;100000;37.4;37.4;37.4;37.4;1;0
Дорогбж ао;60;20170707;140000;35.2;35.2;35.2;35.2;1;0
Дорогбж ао;60;20170707;150000;35.2;35.2;35;35;7;0
Дорогбж ао;60;20170707;160000;35.2;35.2;35.2;35.2;2;0
Дорогбж ао;60;20170707;170000;35;35;34;34;22;0
Дорогбж ао;60;20170710;110000;34.6;34.6;34.6;34.6;2;0
Дорогбж ао;60;20170710;160000;36;36;36;36;1;0
Дорогбж ао;60;20170710;170000;35;35;35;35;1;0
Дорогбж ао;60;20170711;100000;34.8;35.6;34.8;35.6;2;0
Дорогбж ао;60;20170711;110000;35.4;35.9;35.4;35.9;9;0
Дорогбж ао;60;20170711;150000;35.4;35.4;35.3;35.3;2;0
Дорогбж ао;60;20170711;160000;34.9;35;34.5;34.5;9;0
Дорогбж ао;60;20170711;180000;35.4;35.4;35.4;35.4;1;0
Дорогбж ао;60;20170712;100000;36;36;36;36;1;0
Дорогбж ао;60;20170712;110000;35.4;35.4;35.4;35.4;2;0
Дорогбж ао;60;20170712;120000;35.3;35.3;35.3;35.3;1;0
Дорогбж ао;60;20170713;100000;38.7;38.7;38.7;38.7;1;0
Дорогбж ао;60;20170713;110000;35.4;35.4;35.4;35.4;1;0
Дорогбж ао;60;20170714;140000;36.3;36.3;36.3;36.3;1;0
Дорогбж ао;60;20170714;160000;34.9;34.9;34.9;34.9;2;0
Дорогбж ао;60;20170717;100000;36.4;36.4;35.4;35.4;3;0
Дорогбж ао;60;20170717;140000;35.4;35.4;35.4;35.4;1;0
Дорогбж ао;60;20170717;170000;34.9;35;34.9;35;7;0
Дорогбж ао;60;20170717;180000;34.9;34.9;34.9;34.9;1;0
Дорогбж ао;60;20170718;100000;36.8;36.8;36.8;36.8;1;0
Дорогбж ао;60;20170718;120000;35.1;35.1;35.1;35.1;1;0
Дорогбж ао;60;20170718;130000;35;35;35;35;2;0
Дорогбж ао;60;20170718;180000;34.1;34.1;34.1;34.1;12;0
Дорогбж ао;60;20170719;100000;35.5;35.5;35.2;35.2;2;0
Дорогбж ао;60;20170720;100000;35.6;35.6;33.8;33.8;2;0
Дорогбж ао;60;20170720;120000;34.5;34.5;34.5;34.5;1;0
Дорогбж ао;60;20170720;130000;35.2;35.2;35.2;35.2;3;0
Дорогбж ао;60;20170720;180000;35;35;35;35;1;0
Дорогбж ао;60;20170721;100000;36.4;36.4;35.4;35.4;4;0
Дорогбж ао;60;20170724;100000;36.3;36.3;35.4;35.4;2;0
Дорогбж ао;60;20170725;100000;36;36;35.5;35.5;3;0
Дорогбж ао;60;20170725;110000;34.4;35.4;34.2;35.4;4;0
Дорогбж ао;60;20170725;140000;35;35;35;35;1;0
Дорогбж ао;60;20170725;150000;34.7;34.7;34.4;34.4;3;0
Дорогбж ао;60;20170725;160000;34.4;34.4;34.3;34.3;6;0
Дорогбж ао;60;20170725;170000;34.3;34.3;34;34;31;0
Дорогбж ао;60;20170725;180000;34.5;34.5;34.5;34.5;6;0
Дорогбж ао;60;20170726;100000;36.4;36.4;34.4;34.4;4;0
Дорогбж ао;60;20170726;110000;34.2;34.2;34.2;34.2;1;0
Дорогбж ао;60;20170727;100000;34.7;34.7;34;34;8;0
Дорогбж ао;60;20170728;100000;34.9;34.9;34.5;34.5;4;0
Дорогбж ао;60;20170728;150000;34.7;34.7;34.7;34.7;1;0
Дорогбж ао;60;20170728;160000;34.3;34.5;34.3;34.5;10;0
Дорогбж ао;60;20170728;180000;34.3;34.9;34.3;34.9;5;0
Дорогбж ао;60;20170731;100000;35.9;35.9;34.9;35;5;0
Дорогбж ао;60;20170731;170000;35.4;35.4;35.4;35.4;6;0
Дорогбж ао;60;20170801;100000;35.8;35.8;35.8;35.8;1;0
Дорогбж ао;60;20170801;110000;35.5;35.5;35.5;35.5;1;0
Дорогбж ао;60;20170801;140000;34.5;34.5;34.5;34.5;1;0
Дорогбж ао;60;20170801;180000;35.5;35.5;35.5;35.5;4;0
Дорогбж ао;60;20170802;100000;36.2;36.2;36.2;36.2;1;0
Дорогбж ао;60;20170802;180000;35.5;35.5;35.5;35.5;1;0
Дорогбж ао;60;20170803;100000;36.1;36.1;36.1;36.1;1;0
Дорогбж ао;60;20170803;110000;35.7;35.7;35.7;35.7;1;0
Дорогбж ао;60;20170803;150000;35.7;35.7;35.5;35.5;4;0
Дорогбж ао;60;20170804;100000;36;36;36;36;1;0
Дорогбж ао;60;20170804;110000;34.3;35;34.3;35;2;0
Дорогбж ао;60;20170804;120000;35.7;35.9;35.7;35.9;4;0
Дорогбж ао;60;20170807;100000;37.2;37.2;35.5;35.5;2;0
Дорогбж ао;60;20170807;140000;36;36;36;36;2;0
Дорогбж ао;60;20170807;150000;36;36;36;36;2;0
Дорогбж ао;60;20170807;160000;36;36;35.4;36;8;0
Дорогбж ао;60;20170807;170000;36;36;36;36;3;0
Дорогбж ао;60;20170808;100000;37.4;37.4;36;36.9;23;0
Дорогбж ао;60;20170808;120000;36.7;36.7;36.7;36.7;1;0
Дорогбж ао;60;20170808;140000;36;36;36;36;1;0
Дорогбж ао;60;20170808;160000;36;36;36;36;1;0
Дорогбж ао;60;20170808;180000;36.3;36.4;36.3;36.4;2656;0
Дорогбж ао;60;20170809;100000;36.7;36.7;36.7;36.7;1;0
Дорогбж ао;60;20170809;140000;36.1;36.1;36.1;36.1;3;0
Дорогбж ао;60;20170809;180000;36.5;37;36.5;37;287;0
Дорогбж ао;60;20170810;100000;37.1;37.8;37;37.7;19;0
Дорогбж ао;60;20170810;130000;37.7;37.7;37;37;6;0
Дорогбж ао;60;20170810;150000;37;37;36.9;36.9;12;0
Дорогбж ао;60;20170810;170000;37;37;37;37;1;0
Дорогбж ао;60;20170810;180000;37.5;37.5;37.5;37.5;6;0
Дорогбж ао;60;20170811;100000;37;38;37;37.8;115;0
Дорогбж ао;60;20170811;110000;37.9;37.9;37.6;37.9;15;0
Дорогбж ао;60;20170811;150000;37.9;37.9;37.9;37.9;10;0
Дорогбж ао;60;20170814;100000;37.9;38;37.9;37.9;9;0
Дорогбж ао;60;20170814;110000;37.9;37.9;37.9;37.9;1;0
Дорогбж ао;60;20170814;150000;37.9;37.9;37.9;37.9;1;0
Дорогбж ао;60;20170814;180000;37.7;37.7;37.5;37.5;6;0
Дорогбж ао;60;20170815;100000;37.5;37.5;30.6;35.5;58;0
Дорогбж ао;60;20170815;110000;36.6;36.6;36;36;12;0
Дорогбж ао;60;20170815;120000;36.4;37.3;36.4;37.3;3;0
Дорогбж ао;60;20170815;180000;36.2;36.2;36.2;36.2;1;0
Дорогбж ао;60;20170816;100000;37.9;37.9;37.9;37.9;1;0
Дорогбж ао;60;20170816;120000;36.5;36.5;36.5;36.5;5;0
Дорогбж ао;60;20170816;130000;36.4;38;36.4;37.8;35;0
Дорогбж ао;60;20170816;140000;37.9;38;37.9;38;2;0
Дорогбж ао;60;20170816;150000;38;38;37.9;38;123;0
Дорогбж ао;60;20170817;110000;37.9;37.9;37.9;37.9;1;0
Дорогбж ао;60;20170817;150000;37.9;37.9;37.9;37.9;3;0
Дорогбж ао;60;20170817;180000;38.2;38.2;38.2;38.2;4;0
Дорогбж ао;60;20170818;100000;38;38;37.5;37.9;9;0
Дорогбж ао;60;20170818;150000;37.7;37.7;37.7;37.7;4;0
Дорогбж ао;60;20170818;160000;37.7;37.7;37.7;37.7;3;0
Дорогбж ао;60;20170818;170000;38.3;38.3;38.3;38.3;1;0
Дорогбж ао;60;20170821;100000;38.8;39.1;38.5;39;50;0
Дорогбж ао;60;20170821;120000;39;39;39;39;1;0
Дорогбж ао;60;20170821;150000;38.8;39;38.8;39;2;0
Дорогбж ао;60;20170821;160000;39;39;39;39;1;0
Дорогбж ао;60;20170821;170000;38.8;39.2;38.7;39.2;45;0
Дорогбж ао;60;20170821;180000;39.2;39.6;39.2;39.6;81;0
Дорогбж ао;60;20170822;100000;39.6;39.6;39.6;39.6;19;0
Дорогбж ао;60;20170822;110000;39.4;39.6;39.4;39.6;12;0
Дорогбж ао;60;20170822;120000;39.6;39.6;39.6;39.6;1;0
Дорогбж ао;60;20170822;150000;39.5;39.6;39.5;39.6;12;0
Дорогбж ао;60;20170822;160000;39.5;39.6;39.5;39.6;2;0
Дорогбж ао;60;20170822;170000;39.6;39.6;39.6;39.6;5;0
Дорогбж ао;60;20170823;150000;39.6;39.6;39.6;39.6;1;0
Дорогбж ао;60;20170823;160000;39.6;39.6;39.6;39.6;1;0
Дорогбж ао;60;20170824;100000;40;40;38;38.9;277;0
Дорогбж ао;60;20170824;110000;38.3;39.4;38.3;39;9;0
Дорогбж ао;60;20170824;130000;39.4;39.4;39.4;39.4;1;0
Дорогбж ао;60;20170824;150000;38.6;38.6;38.5;38.5;7;0
Дорогбж ао;60;20170824;180000;38.1;38.1;38.1;38.1;1;0
Дорогбж ао;60;20170825;100000;39.3;39.3;39.3;39.3;1;0
Дорогбж ао;60;20170825;170000;38.3;38.3;38.3;38.3;1;0
Дорогбж ао;60;20170828;100000;39.2;39.2;39.2;39.2;1;0
Дорогбж ао;60;20170828;110000;39;39;39;39;1;0
Дорогбж ао;60;20170828;140000;39.1;39.1;39;39;11;0
Дорогбж ао;60;20170828;150000;39;39;38.3;38.3;13;0
Дорогбж ао;60;20170828;160000;38.4;39.1;38.2;39;76;0
Дорогбж ао;60;20170828;170000;39;39.1;39;39.1;55;0
Дорогбж ао;60;20170828;180000;39;39;39;39;12;0
Дорогбж ао;60;20170829;100000;39;39.1;39;39.1;53;0
Дорогбж ао;60;20170829;110000;39.1;39.1;39.1;39.1;1;0
Дорогбж ао;60;20170829;130000;39;39;39;39;2;0
Дорогбж ао;60;20170829;140000;39;39.1;39;39;71;0
Дорогбж ао;60;20170829;150000;39;39.1;39;39;279;0
Дорогбж ао;60;20170829;160000;39.1;39.1;39.1;39.1;101;0
Дорогбж ао;60;20170829;170000;39.2;39.2;39.1;39.1;3;0
Дорогбж ао;60;20170829;180000;39.1;39.1;39.1;39.1;5;0
Дорогбж ао;60;20170830;100000;38.5;39.1;38.5;39;109;0
Дорогбж ао;60;20170830;120000;39.1;39.1;39.1;39.1;1;0
Дорогбж ао;60;20170830;160000;39.1;39.1;39;39.1;22;0
Дорогбж ао;60;20170830;170000;39.1;39.1;39;39;6;0
Дорогбж ао;60;20170830;180000;39;39;39;39;1;0
Дорогбж ао;60;20170831;100000;39.3;39.4;39.3;39.3;147;0
Дорогбж ао;60;20170831;110000;39.3;39.3;39.3;39.3;1;0
Дорогбж ао;60;20170831;120000;39.2;39.2;39.2;39.2;1;0
Дорогбж ао;60;20170831;130000;39.2;39.2;39.1;39.1;100;0
Дорогбж ао;60;20170831;150000;39.1;39.1;39.1;39.1;20;0
Дорогбж ао;60;20170831;160000;39.1;39.1;39.1;39.1;1;0
Дорогбж ао;60;20170901;110000;39.1;39.1;39.1;39.1;3;0
Дорогбж ао;60;20170901;120000;39.1;39.1;39.1;39.1;30;0
Дорогбж ао;60;20170901;130000;39.1;39.1;39.1;39.1;1;0
Дорогбж ао;60;20170901;150000;39.1;40.5;39.1;40;44720;0
Дорогбж ао;60;20170901;160000;39.8;40.3;39.5;40;407;0
Дорогбж ао;60;20170901;170000;40;40;40;40;1;0
Дорогбж ао;60;20170901;180000;40;40;40;40;7;0
Дорогбж ао;60;20170904;140000;39.6;39.6;39.5;39.5;214;0
Дорогбж ао;60;20170905;130000;39.5;39.5;39.5;39.5;17;0
Дорогбж ао;60;20170905;180000;39.5;39.5;39.5;39.5;11;0
Дорогбж ао;60;20170906;100000;40;40;40;40;131;0
Дорогбж ао;60;20170906;140000;39.6;39.6;39.6;39.6;1;0
Дорогбж ао;60;20170906;150000;39.5;39.5;39.5;39.5;21;0
Дорогбж ао;60;20170906;160000;39.5;39.5;39.5;39.5;4;0
Дорогбж ао;60;20170907;100000;39.9;40;39.9;40;36;0
Дорогбж ао;60;20170907;160000;40.1;40.1;40.1;40.1;1;0
Дорогбж ао;60;20170907;180000;40;40;40;40;6;0
Дорогбж ао;60;20170908;130000;39.7;39.7;39.7;39.7;1;0
Дорогбж ао;60;20170908;180000;39.5;40;39.5;40;40;0
Дорогбж ао;60;20170911;100000;39.8;39.9;39.8;39.9;117;0
Дорогбж ао;60;20170911;110000;39.5;39.5;39.5;39.5;1;0
Дорогбж ао;60;20170912;120000;39.5;39.5;39.5;39.5;5;0
Дорогбж ао;60;20170912;180000;39.5;39.5;39.5;39.5;5;0
Дорогбж ао;60;20170913;120000;39.6;39.6;39.6;39.6;1;0
Дорогбж ао;60;20170913;150000;39.5;39.5;39.4;39.4;14;0
Дорогбж ао;60;20170913;160000;39.4;39.4;39.4;39.4;5;0
Дорогбж ао;60;20170914;110000;39.5;39.5;39.4;39.4;20;0
Дорогбж ао;60;20170914;120000;39.4;39.4;39.4;39.4;4;0
Дорогбж ао;60;20170914;130000;39.5;40;39.5;40;38;0
Дорогбж ао;60;20170914;140000;39.7;40;39.7;40;21;0
Дорогбж ао;60;20170914;180000;39.8;39.8;39.8;39.8;1;0
Дорогбж ао;60;20170915;100000;40;40;40;40;21;0
Дорогбж ао;60;20170915;120000;38.4;39.5;38.4;38.4;12;0
Дорогбж ао;60;20170915;150000;39;39;39;39;15;0
Дорогбж ао;60;20170915;170000;39;39;39;39;1;0
Дорогбж ао;60;20170918;090000;39.4;39.4;39.4;39.4;1;0
Дорогбж ао;60;20170918;100000;39.6;39.6;39.5;39.5;16;0
Дорогбж ао;60;20170918;150000;39.5;39.5;39.5;39.5;10;0
Дорогбж ао;60;20170918;160000;39.8;39.8;39.8;39.8;1;0
Дорогбж ао;60;20170919;100000;39.2;39.2;39.2;39.2;20;0
Дорогбж ао;60;20170919;120000;39.5;39.5;39.4;39.4;28;0
Дорогбж ао;60;20170919;130000;39.6;39.7;39.6;39.7;15;0
Дорогбж ао;60;20170919;160000;39.5;39.7;39.5;39.7;2;0
Дорогбж ао;60;20170919;170000;39.8;40;39.8;40;88;0
Дорогбж ао;60;20170920;130000;39.5;39.5;39.5;39.5;1;0
Дорогбж ао;60;20170921;110000;39.6;39.6;39.6;39.6;4;0
Дорогбж ао;60;20170921;120000;39.5;39.5;39.5;39.5;8;0
Дорогбж ао;60;20170921;150000;40;40;40;40;54;0
Дорогбж ао;60;20170921;170000;39.8;39.8;39.8;39.8;6;0
Дорогбж ао;60;20170921;180000;40;40;40;40;215;0
Дорогбж ао;60;20170922;120000;40;40;40;40;1;0
Дорогбж ао;60;20170922;170000;39.2;39.2;39.2;39.2;1;0
Дорогбж ао;60;20170925;100000;39.5;39.7;39.5;39.7;2;0
Дорогбж ао;60;20170925;140000;40;40;40;40;19;0
Дорогбж ао;60;20170925;150000;39.6;39.6;39.5;39.5;7;0
Дорогбж ао;60;20170925;160000;39.5;39.5;39.5;39.5;1;0
Дорогбж ао;60;20170925;170000;39.9;40;39.9;40;14;0
Дорогбж ао;60;20170926;100000;39.9;40;39.9;40;108;0
Дорогбж ао;60;20170926;160000;40;40;40;40;84;0
Дорогбж ао;60;20170927;140000;40;40;40;40;20;0
Дорогбж ао;60;20170927;180000;39.9;39.9;39.9;39.9;2;0
Дорогбж ао;60;20170928;120000;39.9;39.9;39.9;39.9;1;0
Дорогбж ао;60;20170929;100000;40.1;40.1;40.1;40.1;1;0
Дорогбж ао;60;20170929;110000;39.9;40;39.8;40;901;0
Дорогбж ао;60;20170929;160000;40;40.1;40;40.1;11;0
Дорогбж ао;60;20171002;140000;40;40;40;40;80;0
Дорогбж ао;60;20171003;100000;40;40;40;40;795;0
Дорогбж ао;60;20171003;120000;39.7;39.7;39.5;39.5;19;0
Дорогбж ао;60;20171003;130000;40;40;39.7;39.7;109;0
Дорогбж ао;60;20171003;160000;40;40;40;40;148;0
Дорогбж ао;60;20171003;180000;39.6;39.6;39.6;39.6;6;0
Дорогбж ао;60;20171005;100000;39.7;40;39.7;40;3;0
Дорогбж ао;60;20171005;110000;39.8;40;39.8;40;5;0
Дорогбж ао;60;20171005;150000;40;40.1;40;40.1;246;0
Дорогбж ао;60;20171006;100000;39.8;40;39.6;40;25;0
Дорогбж ао;60;20171006;110000;40;40;40;40;5;0
Дорогбж ао;60;20171006;130000;39.7;39.7;39.6;39.6;86;0
Дорогбж ао;60;20171006;140000;39.9;40;39.9;40;34;0
Дорогбж ао;60;20171006;150000;40;40;40;40;55;0
Дорогбж ао;60;20171006;160000;40;40;40;40;105;0
Дорогбж ао;60;20171009;100000;40.1;40.1;40.1;40.1;2;0
Дорогбж ао;60;20171009;110000;40;40;40;40;3;0
Дорогбж ао;60;20171009;120000;40.1;40.1;40.1;40.1;1;0
Дорогбж ао;60;20171009;130000;40.1;40.1;40.1;40.1;5;0
Дорогбж ао;60;20171009;140000;39.8;39.8;39.8;39.8;2;0
Дорогбж ао;60;20171009;150000;40;40;40;40;25;0
Дорогбж ао;60;20171010;100000;40.1;40.1;40.1;40.1;1;0
Дорогбж ао;60;20171010;130000;39.7;39.7;39.6;39.6;19;0
Дорогбж ао;60;20171010;150000;39.8;40;39.8;40;46;0
Дорогбж ао;60;20171010;160000;40;40;39.7;39.7;2;0
Дорогбж ао;60;20171010;170000;40;40.1;40;40.1;10;0
Дорогбж ао;60;20171011;100000;40;40;40;40;238;0
Дорогбж ао;60;20171011;110000;39.8;40;39.8;40;2;0
Дорогбж ао;60;20171011;130000;39.8;39.8;39.7;39.7;10;0
Дорогбж ао;60;20171011;140000;39.8;39.8;39.8;39.8;1;0
Дорогбж ао;60;20171011;160000;39.9;40;39.7;40;159;0
Дорогбж ао;60;20171011;170000;40;40;40;40;100;0
Дорогбж ао;60;20171012;110000;40;40;40;40;24;0
Дорогбж ао;60;20171012;120000;40;40;40;40;1513;0
Дорогбж ао;60;20171012;140000;40;40;40;40;14;0
Дорогбж ао;60;20171012;180000;40;40;40;40;39;0
Дорогбж ао;60;20171013;110000;40;40;40;40;333;0
Дорогбж ао;60;20171013;130000;40;40;40;40;20;0
Дорогбж ао;60;20171013;180000;40;40;40;40;7;0
Дорогбж ао;60;20171016;090000;40;40;40;40;2;0
Дорогбж ао;60;20171016;100000;40;40;40;40;18;0
Дорогбж ао;60;20171016;110000;40;40;39.9;39.9;780;0
Дорогбж ао;60;20171016;140000;39.9;40;39.9;40;324;0
Дорогбж ао;60;20171016;180000;39.9;40;39.9;40;4;0
Дорогбж ао;60;20171017;100000;39.9;40;39.9;40;23;0
Дорогбж ао;60;20171017;120000;40;40;40;40;26;0
Дорогбж ао;60;20171017;140000;39.9;39.9;39.9;39.9;1;0
Дорогбж ао;60;20171017;150000;39.8;39.8;39.8;39.8;2;0
Дорогбж ао;60;20171017;170000;39.7;40;39.7;40;58;0
Дорогбж ао;60;20171017;180000;40;40;40;40;1;0
Дорогбж ао;60;20171018;110000;39.8;39.8;39.7;39.7;50;0
Дорогбж ао;60;20171018;140000;39.7;39.7;39.7;39.7;10;0
Дорогбж ао;60;20171018;180000;39.9;40;39.9;40;3;0
Дорогбж ао;60;20171019;110000;40;40;40;40;101;0
Дорогбж ао;60;20171019;180000;40.1;40.1;40.1;40.1;85;0
Дорогбж ао;60;20171020;110000;40.1;40.1;40.1;40.1;1;0
Дорогбж ао;60;20171023;130000;40.1;40.1;40.1;40.1;100;0
Дорогбж ао;60;20171023;150000;40.2;40.4;40.2;40.4;10;0
Дорогбж ао;60;20171023;160000;40.3;40.3;40.3;40.3;3;0
Дорогбж ао;60;20171023;170000;40.4;40.4;40.2;40.2;5;0
Дорогбж ао;60;20171023;180000;40.2;40.7;40.2;40.7;3;0
Дорогбж ао;60;20171024;100000;40.1;40.1;40.1;40.1;5;0
Дорогбж ао;60;20171024;110000;40.3;40.3;40.3;40.3;100;0
Дорогбж ао;60;20171024;130000;40.1;40.1;40.1;40.1;1;0
Дорогбж ао;60;20171024;170000;40.1;40.1;40;40;20;0
Дорогбж ао;60;20171025;130000;40;40.5;40;40.5;21;0
Дорогбж ао;60;20171025;180000;40.1;40.1;40.1;40.1;19;0
Дорогбж ао;60;20171026;150000;40;40;40;40;320;0
Дорогбж ао;60;20171026;160000;40;40;40;40;10;0
Дорогбж ао;60;20171027;120000;39.9;40;39.9;39.9;5;0
Дорогбж ао;60;20171030;110000;39.8;39.8;39.8;39.8;1;0
Дорогбж ао;60;20171030;170000;39.8;39.8;39.8;39.8;1;0
Дорогбж ао;60;20171031;100000;40;40;40;40;4;0
Дорогбж ао;60;20171031;110000;40;40;40;40;1;0
Дорогбж ао;60;20171031;130000;40;40;40;40;1;0
Дорогбж ао;60;20171031;150000;39.9;40;39.9;40;3;0
Дорогбж ао;60;20171031;160000;40;40;40;40;2;0
Дорогбж ао;60;20171031;170000;40;40;40;40;2;0
Дорогбж ао;60;20171031;180000;40;40;40;40;9;0
Дорогбж ао;60;20171101;100000;40.1;40.1;40.1;40.1;1;0
Дорогбж ао;60;20171101;110000;40.1;40.5;40.1;40.5;7;0
Дорогбж ао;60;20171101;150000;40.1;40.1;40;40;103;0
Дорогбж ао;60;20171101;170000;40.1;40.1;40.1;40.1;1;0
Дорогбж ао;60;20171102;110000;40;40;40;40;5;0
Дорогбж ао;60;20171102;140000;40;40.1;40;40.1;252;0
Дорогбж ао;60;20171102;160000;40.1;40.1;40.1;40.1;25;0
Дорогбж ао;60;20171103;110000;40;40;40;40;5;0
Дорогбж ао;60;20171103;130000;40;40;40;40;15;0
Дорогбж ао;60;20171103;170000;40.1;40.1;40.1;40.1;1;0
Дорогбж ао;60;20171103;180000;40;40;40;40;195;0
Дорогбж ао;60;20171107;100000;40;40;40;40;1;0
Дорогбж ао;60;20171107;120000;40;40;40;40;8;0
Дорогбж ао;60;20171107;140000;40;40;40;40;180;0
Дорогбж ао;60;20171107;160000;40;40;40;40;1;0
Дорогбж ао;60;20171107;170000;40;40;40;40;1;0
Дорогбж ао;60;20171108;110000;40;40;40;40;935;0
Дорогбж ао;60;20171108;120000;40;40;40;40;57;0
Дорогбж ао;60;20171108;150000;40;40.2;40;40.2;3;0
Дорогбж ао;60;20171109;110000;40;40;40;40;57;0
Дорогбж ао;60;20171110;140000;40.2;40.6;40.2;40.6;5;0
Дорогбж ао;60;20171113;130000;40.1;40.1;40.1;40.1;1;0
Дорогбж ао;60;20171113;180000;39.9;39.9;38.3;38.6;26;0
Дорогбж ао;60;20171114;100000;39;39;39;39;2;0
Дорогбж ао;60;20171114;130000;39.1;39.1;38.1;38.1;17;0
Дорогбж ао;60;20171114;170000;38.4;38.4;38.4;38.4;2;0
Дорогбж ао;60;20171114;180000;38.4;38.4;38.4;38.4;1;0
Дорогбж ао;60;20171115;100000;38.4;38.4;38.4;38.4;124;0
Дорогбж ао;60;20171115;130000;39.7;39.7;38.7;38.7;6;0
Дорогбж ао;60;20171115;150000;39.7;40;39.7;40;42;0
Дорогбж ао;60;20171116;160000;39.9;39.9;39.9;39.9;9;0
Дорогбж ао;60;20171116;170000;40;40;40;40;20;0
Дорогбж ао;60;20171116;180000;39.9;40.1;39.9;40.1;153;0
Дорогбж ао;60;20171117;130000;40;40;40;40;72;0
Дорогбж ао;60;20171117;150000;40.1;40.1;40;40;254;0
Дорогбж ао;60;20171117;170000;40;40;40;40;8;0
Дорогбж ао;60;20171120;100000;38.6;38.6;37.3;37.3;10;0
Дорогбж ао;60;20171120;120000;40;40.1;40;40.1;2;0
Дорогбж ао;60;20171120;140000;40.4;40.4;40.4;40.4;1;0
Дорогбж ао;60;20171120;170000;40;40;40;40;1;0
Дорогбж ао;60;20171120;180000;40;40;40;40;10;0
Дорогбж ао;60;20171121;170000;40;40;40;40;37;0
Дорогбж ао;60;20171122;100000;40;40;40;40;24;0
Дорогбж ао;60;20171122;120000;40;40;40;40;73;0
Дорогбж ао;60;20171122;150000;40;40;40;40;1;0
Дорогбж ао;60;20171122;170000;40;40;40;40;10;0
Дорогбж ао;60;20171123;170000;40;40;40;40;110;0
Дорогбж ао;60;20171124;170000;40.4;40.4;40.4;40.4;1;0
Дорогбж ао;60;20171127;090000;38.6;38.6;38.6;38.6;3;0
Дорогбж ао;60;20171127;100000;40;40;40;40;2504;0
Дорогбж ао;60;20171127;150000;40;40.1;40;40.1;111;0
Дорогбж ао;60;20171128;120000;40.2;40.2;40.2;40.2;6;0
Дорогбж ао;60;20171128;140000;40.1;40.1;40;40;18;0
Дорогбж ао;60;20171201;100000;40.2;40.2;40.2;40.2;1;0
Дорогбж ао;60;20171204;160000;40.1;40.1;40.1;40.1;1;0
Дорогбж ао;60;20171204;170000;40;40;40;40;2;0
Дорогбж ао;60;20171205;160000;40;40;40;40;3;0
Дорогбж ао;60;20171205;180000;40.5;40.6;40.5;40.6;10;0
Дорогбж ао;60;20171206;100000;40;40;40;40;38;0
Дорогбж ао;60;20171207;130000;40;40;40;40;2;0
Дорогбж ао;60;20171207;150000;40;40;40;40;1;0
Дорогбж ао;60;20171208;100000;38.6;40;37.2;40;36;0
Дорогбж ао;60;20171208;140000;40;40;40;40;1;0
Дорогбж ао;60;20171211;150000;40;40;40;40;4;0
Дорогбж ао;60;20171213;100000;40;40;40;40;3;0
Дорогбж ао;60;20171213;110000;40;40;40;40;4;0
Дорогбж ао;60;20171213;120000;40;40;40;40;2;0
Дорогбж ао;60;20171213;140000;40;40;40;40;170;0
Дорогбж ао;60;20171214;110000;40.1;40.1;40.1;40.1;1;0
Дорогбж ао;60;20171214;140000;40.4;40.4;40.4;40.4;1;0
Дорогбж ао;60;20171218;180000;37.5;40;37.2;40;12;0
Дорогбж ао;60;20171221;110000;39.4;39.4;39.4;39.4;3;0
Дорогбж ао;60;20171221;120000;39.5;39.5;39.5;39.5;33;0
Дорогбж ао;60;20171221;130000;39.3;39.3;39.3;39.3;4;0
Дорогбж ао;60;20171221;150000;39.2;39.3;39.2;39.3;98;0
Дорогбж ао;60;20171222;160000;39.1;39.1;39.1;39.1;3;0
Дорогбж ао;60;20171222;170000;38.2;38.2;38.2;38.2;2;0
Дорогбж ао;60;20171225;100000;37.7;37.7;37.7;37.7;3;0
Дорогбж ао;60;20171225;180000;37.8;37.8;37.8;37.8;1;0
Дорогбж ао;60;20171226;100000;39.7;39.7;39.7;39.7;1;0
Дорогбж ао;60;20171226;140000;38.4;38.4;38.4;38.4;15;0
Дорогбж ао;60;20171227;140000;37.2;37.2;34.9;35.6;17;0
Дорогбж ао;60;20171227;150000;36;36;36;36;1;0
Дорогбж ао;60;20171227;160000;36.1;36.1;35.2;36;37;0
Дорогбж ао;60;20171227;170000;36.4;36.4;36;36;4;0
Дорогбж ао;60;20171228;100000;35.1;35.1;35.1;35.1;1;0
Дорогбж ао;60;20171228;120000;36.8;36.8;36.8;36.8;3;0
Дорогбж ао;60;20171228;160000;36;36;35.3;35.3;7;0
Дорогбж ао;60;20171228;180000;35.3;35.3;35.3;35.3;1;0
Дорогбж ао;60;20171229;110000;36.3;36.3;36.3;36.3;1;0
Дорогбж ао;60;20171229;180000;36.3;36.3;36.3;36.3;2;0
