<TICKER>;<PER>;<DATE>;<TIME>;<OPEN>;<HIGH>;<LOW>;<CLOSE>;<VOL>;<OPENINT>
Европлан;60;20170124;090000;735.5;735.5;735.5;735.5;3;0
Европлан;60;20170124;100000;723.5;723.5;710;710;4;0
Европлан;60;20170124;110000;728.5;729;727.5;729;428;0
Европлан;60;20170124;120000;728.5;729;728.5;728.5;189;0
Европлан;60;20170124;130000;728.5;729.5;728.5;728.5;282;0
Европлан;60;20170124;140000;728.5;729;728.5;729;141;0
Европлан;60;20170124;150000;729;729;729;729;18;0
Европлан;60;20170124;160000;729;729.5;729;729.5;86;0
Европлан;60;20170124;170000;729.5;729.5;729;729;102;0
Европлан;60;20170124;180000;729;730;729;729.5;634;0
Европлан;60;20170125;100000;730.5;731.5;730.5;731;85;0
Европлан;60;20170125;110000;731.5;731.5;731;731;406;0
Европлан;60;20170125;120000;731;731;730.5;730.5;160;0
Европлан;60;20170125;130000;730.5;730.5;730.5;730.5;474;0
Европлан;60;20170125;160000;730.5;731;730.5;730.5;251;0
Европлан;60;20170125;170000;730;732;730;731.5;194;0
Европлан;60;20170126;100000;729;729;729;729;1;0
Европлан;60;20170126;110000;730;730;730;730;405;0
Европлан;60;20170126;120000;730.5;730.5;730.5;730.5;1;0
Европлан;60;20170126;130000;730.5;730.5;730.5;730.5;275;0
Европлан;60;20170126;140000;730.5;730.5;730.5;730.5;245;0
Европлан;60;20170126;150000;730.5;731.5;730;730.5;843;0
Европлан;60;20170126;160000;730;730.5;730;730.5;443;0
Европлан;60;20170127;110000;730.5;730.5;730.5;730.5;375;0
Европлан;60;20170127;120000;730.5;730.5;729;730;187;0
Европлан;60;20170127;130000;730;730;730;730;575;0
Европлан;60;20170127;140000;730;730.5;729;729.5;930;0
Европлан;60;20170127;160000;730.5;730.5;730;730;257;0
Европлан;60;20170127;170000;730.5;730.5;730.5;730.5;1;0
Европлан;60;20170130;100000;731;731;729;729;75;0
Европлан;60;20170130;110000;730;730.5;730;730.5;354;0
Европлан;60;20170130;120000;730.5;730.5;730.5;730.5;417;0
Европлан;60;20170130;130000;730.5;730.5;730.5;730.5;250;0
Европлан;60;20170130;140000;730.5;730.5;730.5;730.5;80;0
Европлан;60;20170130;150000;730.5;731;730.5;731;151;0
Европлан;60;20170130;160000;730;731;730;730.5;651;0
Европлан;60;20170131;100000;730.5;730.5;728.5;728.5;36;0
Европлан;60;20170131;110000;730.5;731;730.5;730.5;339;0
Европлан;60;20170131;120000;730.5;730.5;730.5;730.5;50;0
Европлан;60;20170131;130000;730.5;731.5;730.5;731.5;135;0
Европлан;60;20170131;140000;731.5;732.5;731.5;732.5;160;0
Европлан;60;20170131;150000;732.5;732.5;732.5;732.5;5;0
Европлан;60;20170131;160000;732.5;733;732.5;733;295;0
Европлан;60;20170131;170000;733.5;735;732.5;734;1028;0
Европлан;60;20170131;180000;733;736;733;736;127;0
Европлан;60;20170201;100000;733;733;733;733;1;0
Европлан;60;20170201;110000;733;733;733;733;1;0
Европлан;60;20170201;120000;733;735;733;735;277;0
Европлан;60;20170201;140000;735;735;735;735;275;0
Европлан;60;20170201;150000;733;735;732.5;735;278;0
Европлан;60;20170201;160000;734.5;735.5;734;735;1497;0
Европлан;60;20170201;170000;735;735;735;735;110;0
Европлан;60;20170202;100000;733;734;732.5;734;95;0
Европлан;60;20170202;110000;734.5;734.5;734.5;734.5;430;0
Европлан;60;20170202;120000;735;735;734.5;734.5;125;0
Европлан;60;20170202;130000;734.5;734.5;734.5;734.5;76;0
Европлан;60;20170202;140000;734.5;734.5;734.5;734.5;420;0
Европлан;60;20170202;170000;734.5;734.5;734.5;734.5;9;0
Европлан;60;20170202;180000;735;735.5;734;734.5;491;0
Европлан;60;20170203;100000;734;734.5;734;734.5;86;0
Европлан;60;20170203;110000;735;735;735;735;275;0
Европлан;60;20170203;120000;735;735;734.5;734.5;16;0
Европлан;60;20170203;130000;734;734;732.5;732.5;35;0
Европлан;60;20170203;140000;734.5;735;734.5;735;315;0
Европлан;60;20170203;160000;734.5;734.5;734;734;41;0
Европлан;60;20170203;180000;734.5;735;734;734.5;911;0
Европлан;60;20170206;110000;734.5;734.5;734.5;734.5;75;0
Европлан;60;20170206;120000;735;735;735;735;446;0
Европлан;60;20170206;130000;735;735;735;735;2;0
Европлан;60;20170206;140000;735;735;735;735;316;0
Европлан;60;20170206;150000;735;735;735;735;4;0
Европлан;60;20170206;160000;735;735;735;735;279;0
Европлан;60;20170206;170000;735;735.5;734.5;735.5;783;0
Европлан;60;20170207;100000;734.5;734.5;733.5;733.5;92;0
Европлан;60;20170207;110000;734;734;733.5;733.5;376;0
Европлан;60;20170207;120000;733.5;734.5;733.5;733.5;101;0
Европлан;60;20170207;130000;733.5;734;733.5;733.5;427;0
Европлан;60;20170207;140000;733.5;734;733.5;733.5;49;0
Европлан;60;20170207;150000;733.5;733.5;733.5;733.5;40;0
Европлан;60;20170207;160000;733.5;735;733;733;1258;0
Европлан;60;20170207;170000;733;733;731.5;731.5;39;0
Европлан;60;20170207;180000;731.5;731.5;731;731;25;0
Европлан;60;20170208;100000;732;732;732;732;65;0
Европлан;60;20170208;120000;731.5;732;731.5;732;276;0
Европлан;60;20170208;140000;732;733;732;733;66;0
Европлан;60;20170208;150000;732;732;732;732;25;0
Европлан;60;20170208;160000;732;732.5;732;732;276;0
Европлан;60;20170208;180000;731;734;731;732;1066;0
Европлан;60;20170209;100000;733.5;733.5;732;732;9;0
Европлан;60;20170209;110000;733.5;733.5;733.5;733.5;375;0
Европлан;60;20170209;120000;733.5;733.5;733.5;733.5;5;0
Европлан;60;20170209;140000;733.5;734;733;733;492;0
Европлан;60;20170209;170000;733.5;734;733.5;733.5;630;0
Европлан;60;20170209;180000;734;734;733;733;238;0
Европлан;60;20170210;100000;733.5;733.5;733.5;733.5;76;0
Европлан;60;20170210;110000;733.5;733.5;733.5;733.5;276;0
Европлан;60;20170210;130000;733.5;734;733;734;492;0
Европлан;60;20170210;140000;734;734;733;733.5;487;0
Европлан;60;20170210;150000;733.5;733.5;733.5;733.5;154;0
Европлан;60;20170210;160000;733.5;733.5;733.5;733.5;346;0
Европлан;60;20170210;170000;734;734;734;734;1;0
Европлан;60;20170210;180000;733;733;733;733;5;0
Европлан;60;20170213;100000;733.5;733.5;733.5;733.5;70;0
Европлан;60;20170213;110000;733.5;734;733.5;733.5;103;0
Европлан;60;20170213;120000;733.5;733.5;733.5;733.5;9;0
Европлан;60;20170213;130000;733.5;733.5;733.5;733.5;295;0
Европлан;60;20170213;150000;733.5;733.5;733.5;733.5;68;0
Европлан;60;20170213;160000;734;734;733;733;1180;0
Европлан;60;20170213;170000;734;734;733;733;165;0
Европлан;60;20170214;100000;735.5;735.5;734;734;90;0
Европлан;60;20170214;110000;734;734;734;734;200;0
Европлан;60;20170214;120000;734;734;734;734;81;0
Европлан;60;20170214;130000;734;734;734;734;115;0
Европлан;60;20170214;150000;734;734;734;734;89;0
Европлан;60;20170214;160000;734.5;735;733;733.5;1118;0
Европлан;60;20170214;170000;733.5;743;733.5;743;158;0
Европлан;60;20170214;180000;738.5;738.5;738.5;738.5;1;0
Европлан;60;20170215;110000;737;738;737;738;340;0
Европлан;60;20170215;130000;738;738;738;738;99;0
Европлан;60;20170215;140000;738;738;738;738;107;0
Европлан;60;20170215;150000;738;738;738;738;219;0
Европлан;60;20170215;160000;738;738;738;738;200;0
Европлан;60;20170215;170000;739;739;737;738;904;0
Европлан;60;20170216;100000;736;736;736;736;35;0
Европлан;60;20170216;110000;739;739;739;739;211;0
Европлан;60;20170216;120000;738.5;738.5;738;738;11;0
Европлан;60;20170216;130000;737.5;737.5;734;737.5;259;0
Европлан;60;20170216;140000;736;737.5;736;737.5;41;0
Европлан;60;20170216;150000;737.5;737.5;734;734;253;0
Европлан;60;20170216;160000;734;737;731.5;737;1089;0
Европлан;60;20170216;170000;736.5;737;736.5;737;87;0
Европлан;60;20170216;180000;737;737;737;737;45;0
Европлан;60;20170217;100000;739.5;740;737.5;739;116;0
Европлан;60;20170217;110000;738.5;739;737;737;311;0
Европлан;60;20170217;120000;738;738;738;738;5;0
Европлан;60;20170217;140000;737.5;737.5;737.5;737.5;37;0
Европлан;60;20170217;150000;737.5;739;737.5;739;391;0
Европлан;60;20170217;160000;739.5;740;737.5;738;472;0
Европлан;60;20170217;170000;739;739;738;739;254;0
Европлан;60;20170220;100000;738;738;737.5;737.5;26;0
Европлан;60;20170220;110000;738;738;737.5;737.5;283;0
Европлан;60;20170220;120000;737;737.5;737;737.5;4;0
Европлан;60;20170220;130000;738;738;737.5;738;54;0
Европлан;60;20170220;150000;738.5;738.5;738;738;73;0
Европлан;60;20170220;160000;738;738;737.5;737.5;274;0
Европлан;60;20170220;170000;738.5;738.5;736.5;737.5;1148;0
Европлан;60;20170220;180000;735.5;735.5;735.5;735.5;4;0
Европлан;60;20170221;110000;738;738;737;737;293;0
Европлан;60;20170221;130000;737.5;738.5;737.5;738.5;146;0
Европлан;60;20170221;140000;738.5;738.5;738.5;738.5;1;0
Европлан;60;20170221;150000;738;738;738;738;90;0
Европлан;60;20170221;160000;738;738.5;737.5;737.5;1262;0
Европлан;60;20170221;170000;738;740;738;740;192;0
Европлан;60;20170221;180000;739.5;739.5;735;735;212;0
Европлан;60;20170222;100000;732.5;738.5;731;738.5;5;0
Европлан;60;20170222;110000;737.5;737.5;737.5;737.5;200;0
Европлан;60;20170222;130000;737;737;737;737;1;0
Европлан;60;20170222;140000;738;738;737;737.5;322;0
Европлан;60;20170222;150000;737.5;737.5;736;737;116;0
Европлан;60;20170222;160000;738;738;735.5;735.5;383;0
Европлан;60;20170222;170000;735.5;736.5;734.5;734.5;676;0
Европлан;60;20170222;180000;736.5;736.5;736.5;736.5;1;0
Европлан;60;20170224;100000;734;734;734;734;1;0
Европлан;60;20170224;110000;737.5;739;737;737;287;0
Европлан;60;20170224;120000;737.5;737.5;737.5;737.5;35;0
Европлан;60;20170224;140000;738;738;737.5;737.5;23;0
Европлан;60;20170224;160000;737;737;737;737;201;0
Европлан;60;20170224;180000;736.5;736.5;736.5;736.5;2;0
Европлан;60;20170227;100000;732.5;737.5;732.5;737.5;279;0
Европлан;60;20170227;110000;737.5;738;737;737;125;0
Европлан;60;20170227;120000;737.5;737.5;737;737;35;0
Европлан;60;20170227;130000;738;738;737;737;161;0
Европлан;60;20170227;140000;737.5;738;732.5;733.5;909;0
Европлан;60;20170227;150000;734;734;734;734;27;0
Европлан;60;20170227;160000;737.5;737.5;734;734;202;0
Европлан;60;20170227;170000;734.5;736;734.5;735;225;0
Европлан;60;20170228;100000;735;735;731.5;731.5;132;0
Европлан;60;20170228;110000;731.5;732;731.5;732;116;0
Европлан;60;20170228;120000;733;733;732.5;732.5;171;0
Европлан;60;20170228;130000;733;733;733;733;105;0
Европлан;60;20170228;140000;733;733;733;733;241;0
Европлан;60;20170228;160000;732.5;732.5;732.5;732.5;44;0
Европлан;60;20170228;170000;733;733.5;732.5;733.5;659;0
Европлан;60;20170301;100000;732.5;732.5;731.5;731.5;5;0
Европлан;60;20170301;110000;732.5;737;732;737;96;0
Европлан;60;20170301;120000;734.5;737;734;737;78;0
Европлан;60;20170301;130000;736;736.5;735;736.5;56;0
Европлан;60;20170301;140000;735;737;735;737;15;0
Европлан;60;20170301;150000;735;737;735;737;385;0
Европлан;60;20170301;160000;735;737;734.5;737;65;0
Европлан;60;20170301;170000;735.5;737.5;734;737;1190;0
Европлан;60;20170301;180000;737;737;737;737;3;0
Европлан;60;20170302;100000;736.5;746.5;736.5;743.5;749;0
Европлан;60;20170302;110000;744;744.5;743;744.5;246;0
Европлан;60;20170302;120000;744.5;772.5;744;769.5;1342;0
Европлан;60;20170302;130000;769;770.5;769;769.5;58;0
Европлан;60;20170302;140000;767.5;772;767;772;167;0
Европлан;60;20170302;150000;771.5;777.5;771.5;777.5;370;0
Европлан;60;20170302;160000;775.5;776.5;775.5;776.5;102;0
Европлан;60;20170302;170000;776.5;793;775.5;789.5;210;0
Европлан;60;20170302;180000;788;945;755.5;755.5;295;0
Европлан;60;20170303;100000;750;762;748;748;1256;0
Европлан;60;20170303;110000;749;750;748.5;750;149;0
Европлан;60;20170303;120000;749;750;748;749;387;0
Европлан;60;20170303;130000;748.5;754;748.5;754;229;0
Европлан;60;20170303;140000;754;757.5;754;756.5;248;0
Европлан;60;20170303;150000;756.5;758.5;756.5;758.5;203;0
Европлан;60;20170303;160000;758.5;759.5;749;750;1293;0
Европлан;60;20170303;170000;750;750;748.5;750;463;0
Европлан;60;20170303;180000;750;754;748.5;754;449;0
Европлан;60;20170306;100000;750;750;748.5;748.5;100;0
Европлан;60;20170306;110000;751;753.5;751;753.5;325;0
Европлан;60;20170306;120000;753;756;753;756;474;0
Европлан;60;20170306;130000;756;756;752;755;284;0
Европлан;60;20170306;140000;755;756;749;754;1091;0
Европлан;60;20170306;150000;753.5;754;748.5;749;1166;0
Европлан;60;20170306;160000;749;751.5;749;749.5;460;0
Европлан;60;20170306;170000;749.5;751;749;751;237;0
Европлан;60;20170306;180000;751;753.5;751;753.5;214;0
Европлан;60;20170307;100000;750;750.5;749;750.5;136;0
Европлан;60;20170307;110000;751;751.5;749;751.5;346;0
Европлан;60;20170307;120000;752;752.5;752;752.5;191;0
Европлан;60;20170307;130000;752.5;754;752.5;754;210;0
Европлан;60;20170307;140000;754;754.5;754;754;242;0
Европлан;60;20170307;150000;753.5;755;753.5;755;155;0
Европлан;60;20170307;160000;755;755;749;751;922;0
Европлан;60;20170307;170000;751;753;749.5;749.5;404;0
Европлан;60;20170307;180000;749.5;753;749.5;753;160;0
Европлан;60;20170309;100000;749.5;749.5;749.5;749.5;9;0
Европлан;60;20170309;110000;749.5;754;749.5;754;125;0
Европлан;60;20170309;120000;754;754;754;754;83;0
Европлан;60;20170309;130000;754.5;756.5;749.5;756;1707;0
Европлан;60;20170309;140000;756;757.5;753.5;757.5;311;0
Европлан;60;20170309;150000;757;776;757;776;477;0
Европлан;60;20170309;160000;777.5;780;749;753;2943;0
Европлан;60;20170309;170000;753;753;753;753;386;0
Европлан;60;20170309;180000;753;767;750;750;677;0
Европлан;60;20170310;100000;750;750;749.5;749.5;4;0
Европлан;60;20170310;110000;750;754;750;751.5;1490;0
Европлан;60;20170310;120000;750.5;752.5;750.5;752.5;300;0
Европлан;60;20170310;130000;752.5;753.5;750;752;1932;0
Европлан;60;20170310;140000;752;753;750.5;753;414;0
Европлан;60;20170310;150000;753;753.5;751;753;583;0
Европлан;60;20170310;160000;753;753.5;751;753;1059;0
Европлан;60;20170310;170000;753;754.5;751;754;985;0
Европлан;60;20170310;180000;751;756;750;751;2093;0
Европлан;60;20170313;100000;751;751;751;751;2;0
Европлан;60;20170313;110000;753.5;754.5;752;754.5;1580;0
Европлан;60;20170313;120000;754.5;757;754.5;757;214;0
Европлан;60;20170313;130000;757;758;757;758;275;0
Европлан;60;20170313;140000;758;764;751;759;1224;0
Европлан;60;20170313;150000;759;761.5;753.5;755;504;0
Европлан;60;20170313;160000;755;755;753.5;755;572;0
Европлан;60;20170313;170000;754;759.5;753.5;754;2876;0
Европлан;60;20170313;180000;754;767;754;759;503;0
Европлан;60;20170314;100000;759;759;759;759;2;0
Европлан;60;20170314;110000;759;762.5;753.5;754;774;0
Европлан;60;20170314;120000;755.5;756;754;756;395;0
Европлан;60;20170314;130000;756;756;756;756;362;0
Европлан;60;20170314;140000;756;756;754;756;448;0
Европлан;60;20170314;150000;756;757;754.5;755.5;842;0
Европлан;60;20170314;160000;756;756;754.5;756;818;0
Европлан;60;20170314;170000;756;758;753.5;757.5;1013;0
Европлан;60;20170314;180000;757.5;759;757.5;758;969;0
Европлан;60;20170315;110000;757.5;764;757;760;2886;0
Европлан;60;20170315;120000;760;761;759;759;1775;0
Европлан;60;20170315;130000;759;760;758;758;300;0
Европлан;60;20170315;140000;758;758;758;758;196;0
Европлан;60;20170315;150000;758;758;758;758;197;0
Европлан;60;20170315;160000;758;759;758;758.5;582;0
Европлан;60;20170315;170000;758.5;758.5;758;758.5;358;0
Европлан;60;20170315;180000;758.5;758.5;753;755;883;0
Европлан;60;20170316;100000;757.5;758;757.5;758;20;0
Европлан;60;20170316;110000;757;758;757;758;244;0
Европлан;60;20170316;120000;758;758;757;757;246;0
Европлан;60;20170316;130000;757;758.5;757;758.5;237;0
Европлан;60;20170316;140000;758.5;759.5;757;757;310;0
Европлан;60;20170316;150000;757;757;757;757;197;0
Европлан;60;20170316;160000;756;756;752.5;753;883;0
Европлан;60;20170316;170000;753;755;752.5;753.5;358;0
Европлан;60;20170316;180000;754;754;752;752.5;237;0
Европлан;60;20170317;100000;755.5;756;755.5;756;36;0
Европлан;60;20170317;110000;754.5;754.5;754.5;754.5;15;0
Европлан;60;20170317;120000;754.5;755;754.5;755;50;0
Европлан;60;20170317;130000;754.5;755;754.5;755;195;0
Европлан;60;20170317;150000;754;754;754;754;100;0
Европлан;60;20170317;160000;752.5;754.5;747.5;747.5;922;0
Европлан;60;20170317;170000;747.5;758.5;746.5;757.5;2765;0
Европлан;60;20170317;180000;757.5;757.5;715;715;20580;0
Европлан;60;20170320;100000;728;750;728;749;772;0
Европлан;60;20170320;110000;749;751;749;750;329;0
Европлан;60;20170320;120000;749.5;749.5;749;749;79;0
Европлан;60;20170320;130000;749.5;749.5;749.5;749.5;400;0
Европлан;60;20170320;140000;749.5;749.5;749.5;749.5;60;0
Европлан;60;20170320;180000;737.5;737.5;737.5;737.5;4;0
Европлан;60;20170321;110000;745;745;745;745;70;0
Европлан;60;20170321;120000;745;745;745;745;70;0
Европлан;60;20170321;130000;748;748;748;748;1;0
Европлан;60;20170321;150000;748;748;745;745;71;0
Европлан;60;20170321;170000;747;748;746;746;1452;0
Европлан;60;20170322;110000;747;747.5;744;744;129;0
Европлан;60;20170322;120000;744;744;744;744;35;0
Европлан;60;20170322;130000;744.5;745;743.5;743.5;115;0
Европлан;60;20170322;140000;743.5;743.5;743.5;743.5;4;0
Европлан;60;20170322;150000;744;744;744;744;25;0
Европлан;60;20170322;160000;744.5;745;744.5;745;106;0
Европлан;60;20170322;170000;744;746;743.5;743.5;859;0
Европлан;60;20170322;180000;743.5;745;742;742;142;0
Европлан;60;20170323;100000;743;743;743;743;1;0
Европлан;60;20170323;110000;745;745;745;745;100;0
Европлан;60;20170323;120000;745;746.5;745;746.5;83;0
Европлан;60;20170323;130000;745.5;746.5;744;745;678;0
Европлан;60;20170323;140000;744.5;744.5;744.5;744.5;89;0
Европлан;60;20170323;150000;744.5;744.5;744.5;744.5;6;0
Европлан;60;20170323;170000;744;745.5;742.5;743;556;0
Европлан;60;20170323;180000;738;738;738;738;5;0
Европлан;60;20170324;100000;743;743;743;743;90;0
Европлан;60;20170324;110000;745;745;745;745;100;0
Европлан;60;20170324;120000;743;743;743;743;10;0
Европлан;60;20170324;130000;745;745;743;743;30;0
Европлан;60;20170324;160000;746;748.5;746;748.5;106;0
Европлан;60;20170324;170000;747;747;747;747;294;0
Европлан;60;20170324;180000;747.5;748.5;740.5;740.5;1052;0
Европлан;60;20170327;110000;745.5;746;745;745;118;0
Европлан;60;20170327;120000;744;744.5;744;744;101;0
Европлан;60;20170327;130000;745;745;745;745;18;0
Европлан;60;20170327;140000;745.5;745.5;745.5;745.5;37;0
Европлан;60;20170327;150000;744.5;744.5;744;744;101;0
Европлан;60;20170327;170000;744.5;745;742.5;744;843;0
Европлан;60;20170327;180000;743;744;742;742;164;0
Европлан;60;20170328;100000;742;742;730;730;21;0
Европлан;60;20170328;110000;741;743;741;743;103;0
Европлан;60;20170328;120000;741.5;741.5;741.5;741.5;1;0
Европлан;60;20170328;130000;743;743;743;743;150;0
Европлан;60;20170328;140000;744;745;744;745;107;0
Европлан;60;20170328;160000;743.5;743.5;743;743;120;0
Европлан;60;20170328;170000;743;745;742;743.5;1479;0
Европлан;60;20170328;180000;744;744;742.5;742.5;47;0
Европлан;60;20170329;100000;745;745;744.5;744.5;16;0
Европлан;60;20170329;110000;743;743;743;743;76;0
Европлан;60;20170329;120000;743.5;744;743.5;744;101;0
Европлан;60;20170329;140000;743.5;743.5;743.5;743.5;150;0
Европлан;60;20170329;150000;744;746;744;746;180;0
Европлан;60;20170329;160000;746;746;743;743;177;0
Европлан;60;20170329;170000;746.5;747;743;743.5;1059;0
Европлан;60;20170329;180000;746;746.5;742.5;743.5;269;0
Европлан;60;20170330;100000;743;746;743;746;149;0
Европлан;60;20170330;120000;746.5;750;746;750;348;0
Европлан;60;20170330;130000;748;750;748;750;259;0
Европлан;60;20170330;160000;750;750;750;750;400;0
Европлан;60;20170330;170000;750.5;750.5;749.5;750;794;0
Европлан;60;20170330;180000;749.5;750.5;749.5;749.5;206;0
Европлан;60;20170331;100000;749;755;749;755;127;0
Европлан;60;20170331;160000;752.5;752.5;752;752;401;0
Европлан;60;20170331;170000;752;752;751.5;751.5;508;0
Европлан;60;20170331;180000;753;753.5;749.5;749.5;1093;0
Европлан;60;20170403;100000;750;752;750;752;4;0
Европлан;60;20170403;120000;752;753.5;752;753;285;0
Европлан;60;20170403;130000;753;753;753;753;81;0
Европлан;60;20170403;160000;753;753;753;753;130;0
Европлан;60;20170403;170000;753.5;755;752.5;754.5;1588;0
Европлан;60;20170403;180000;755.5;756;755;755;101;0
Европлан;60;20170404;100000;754.5;757;750;752;1283;0
Европлан;60;20170404;110000;753.5;753.5;753;753;325;0
Европлан;60;20170404;120000;755.5;756;755.5;756;42;0
Европлан;60;20170404;130000;755.5;755.5;755;755;126;0
Европлан;60;20170404;140000;755.5;756;755.5;756;152;0
Европлан;60;20170404;150000;756;756;756;756;5;0
Европлан;60;20170404;160000;756;756;753;753;521;0
Европлан;60;20170404;170000;753;755;752;752;921;0
Европлан;60;20170404;180000;752.5;752.5;740.5;740.5;296;0
Европлан;60;20170405;100000;748.5;752;748;751;72;0
Европлан;60;20170405;110000;753;756;751.5;755.5;901;0
Европлан;60;20170405;130000;755.5;755.5;755;755.5;174;0
Европлан;60;20170405;150000;755.5;755.5;755.5;755.5;276;0
Европлан;60;20170405;160000;755.5;755.5;755;755;357;0
Европлан;60;20170405;170000;753;754;748.5;748.5;1606;0
Европлан;60;20170405;180000;749;749;749;749;13;0
Европлан;60;20170406;100000;753.5;753.5;753.5;753.5;1;0
Европлан;60;20170406;110000;750;752;750;752;201;0
Европлан;60;20170406;130000;750;751.5;749.5;751;193;0
Европлан;60;20170406;140000;751;751.5;751;751.5;70;0
Европлан;60;20170406;150000;752.5;756;752.5;756;166;0
Европлан;60;20170406;160000;755.5;757.5;755.5;756;1592;0
Европлан;60;20170406;170000;757;758;755.5;755.5;945;0
Европлан;60;20170406;180000;755;755;755;755;1;0
Европлан;60;20170407;110000;757;757.5;755.5;756.5;397;0
Европлан;60;20170407;120000;758;758;758;758;131;0
Европлан;60;20170407;140000;757;758;756.5;758;127;0
Европлан;60;20170407;160000;757.5;758.5;756.5;756.5;358;0
Европлан;60;20170407;170000;758.5;759.5;755;755;1005;0
Европлан;60;20170407;180000;755.5;755.5;755.5;755.5;8;0
Европлан;60;20170410;100000;758.5;760;758;760;335;0
Европлан;60;20170410;110000;759.5;761;759.5;761;325;0
Европлан;60;20170410;120000;761;761;760.5;760.5;146;0
Европлан;60;20170410;130000;760.5;761;755;755;352;0
Европлан;60;20170410;140000;754.5;755;754;755;126;0
Европлан;60;20170410;150000;754;755;754;755;8;0
Европлан;60;20170410;170000;756.5;757;755;756;612;0
Европлан;60;20170410;180000;756.5;757;755.5;757;1257;0
Европлан;60;20170411;100000;772;772;772;772;2;0
Европлан;60;20170411;110000;757;758.5;756.5;758.5;205;0
Европлан;60;20170411;120000;758;760;756;760;239;0
Европлан;60;20170411;130000;757;760;757;759;375;0
Европлан;60;20170411;140000;760;760;760;760;32;0
Европлан;60;20170411;150000;760;760;760;760;109;0
Европлан;60;20170411;160000;760;760.5;760;760.5;190;0
Европлан;60;20170411;170000;758.5;758.5;755;755;101;0
Европлан;60;20170411;180000;759;761;754.5;755;1485;0
Европлан;60;20170412;100000;757.5;760.5;756;760.5;441;0
Европлан;60;20170412;110000;759.5;760;759.5;760;35;0
Европлан;60;20170412;120000;759;759;756;756;50;0
Европлан;60;20170412;130000;759.5;759.5;759.5;759.5;20;0
Европлан;60;20170412;140000;759.5;759.5;759;759.5;189;0
Европлан;60;20170412;150000;760;760;760;760;25;0
Европлан;60;20170412;170000;758;760;753;753;1958;0
Европлан;60;20170412;180000;753;755.5;737;737;16;0
Европлан;60;20170413;100000;750;753.5;750;753.5;14;0
Европлан;60;20170413;110000;755;755.5;755;755;303;0
Европлан;60;20170413;120000;755.5;755.5;755.5;755.5;40;0
Европлан;60;20170413;130000;755;755;755;755;200;0
Европлан;60;20170413;140000;756;756;756;756;50;0
Европлан;60;20170413;150000;755.5;755.5;755.5;755.5;150;0
Европлан;60;20170413;160000;756;757;756;757;159;0
Европлан;60;20170413;170000;758;758;758;758;75;0
Европлан;60;20170413;180000;758.5;759;751.5;751.5;959;0
Европлан;60;20170414;100000;758;758;756.5;756.5;134;0
Европлан;60;20170414;110000;755;758;755;755;706;0
Европлан;60;20170414;150000;755.5;755.5;755.5;755.5;158;0
Европлан;60;20170414;160000;754.5;758.5;751;754.5;363;0
Европлан;60;20170414;170000;753;753;752;752;5;0
Европлан;60;20170414;180000;753;758;752;752.5;661;0
Европлан;60;20170417;100000;755.5;756;755;755.5;181;0
Европлан;60;20170417;110000;756;756.5;755;756;351;0
Европлан;60;20170417;120000;756;756;755;755;314;0
Европлан;60;20170417;160000;755;755;755;755;497;0
Европлан;60;20170417;170000;754.5;758;752.5;755;1348;0
Европлан;60;20170418;100000;754.5;754.5;754.5;754.5;335;0
Европлан;60;20170418;110000;754.5;755;754.5;755;402;0
Европлан;60;20170418;120000;754.5;755;754.5;754.5;202;0
Европлан;60;20170418;160000;755.5;758.5;755.5;757;315;0
Европлан;60;20170418;170000;758;758.5;754;754.5;894;0
Европлан;60;20170418;180000;754.5;754.5;754;754;16;0
Европлан;60;20170419;100000;755.5;758.5;754.5;754.5;1663;0
Европлан;60;20170419;110000;756.5;757;756;757;539;0
Европлан;60;20170419;120000;757.5;757.5;757;757.5;223;0
Европлан;60;20170419;130000;758;759;758;758.5;59;0
Европлан;60;20170419;140000;758.5;758.5;758.5;758.5;69;0
Европлан;60;20170419;150000;758.5;759;758.5;759;39;0
Европлан;60;20170419;160000;759;759;758.5;759;179;0
Европлан;60;20170419;170000;759;759;759;759;43;0
Европлан;60;20170419;180000;757.5;760;757.5;760;19;0
Европлан;60;20170420;110000;757;759;757;757.5;392;0
Европлан;60;20170420;120000;757.5;759;757;759;317;0
Европлан;60;20170420;130000;757;759;757;759;221;0
Европлан;60;20170420;160000;758;758;757.5;757.5;186;0
Европлан;60;20170420;170000;759;760;758;759.5;1110;0
Европлан;60;20170420;180000;760;760;756;759;1384;0
Европлан;60;20170421;100000;759;759.5;759;759;85;0
Европлан;60;20170421;110000;759;759.5;759;759.5;278;0
Европлан;60;20170421;120000;759.5;760;759.5;760;57;0
Европлан;60;20170421;130000;758;759;758;759;415;0
Европлан;60;20170421;140000;759;760;759;759;423;0
Европлан;60;20170421;150000;760;760;760;760;17;0
Европлан;60;20170421;160000;759.5;759.5;759.5;759.5;54;0
Европлан;60;20170421;170000;760;760;758.5;759.5;21;0
Европлан;60;20170421;180000;759.5;760.5;757;760.5;1582;0
Европлан;60;20170424;100000;759.5;759.5;758;758;154;0
Европлан;60;20170424;110000;758;759.5;758;759.5;288;0
Европлан;60;20170424;120000;758;759.5;758;759.5;170;0
Европлан;60;20170424;130000;758;759.5;758;759.5;285;0
Европлан;60;20170424;140000;759.5;759.5;757;757;1402;0
Европлан;60;20170424;150000;759;759.5;759;759.5;76;0
Европлан;60;20170424;160000;759.5;759.5;759.5;759.5;15;0
Европлан;60;20170424;170000;759.5;759.5;759.5;759.5;15;0
Европлан;60;20170424;180000;759.5;759.5;759;759;286;0
Европлан;60;20170425;100000;758;759.5;758;759.5;100;0
Европлан;60;20170425;110000;758.5;759;758.5;759;260;0
Европлан;60;20170425;120000;759;759;758;758;200;0
Европлан;60;20170425;130000;758;759;758;759;50;0
Европлан;60;20170425;150000;757.5;758.5;756;758.5;578;0
Европлан;60;20170425;160000;756.5;760;755.5;756;1601;0
Европлан;60;20170425;170000;758.5;758.5;758.5;758.5;1;0
Европлан;60;20170425;180000;758;759;758;759;35;0
Европлан;60;20170426;100000;760;760;760;760;58;0
Европлан;60;20170426;120000;758.5;760;758.5;760;269;0
Европлан;60;20170426;130000;760;762;757;761;282;0
Европлан;60;20170426;140000;761.5;761.5;761.5;761.5;150;0
Европлан;60;20170426;150000;761;761.5;758.5;761;7806;0
Европлан;60;20170426;160000;761;761;760;760.5;62;0
Европлан;60;20170426;170000;762;762;760.5;762;55;0
Европлан;60;20170426;180000;761;761;761;761;41;0
Европлан;60;20170427;100000;762;766.5;762;766.5;395;0
Европлан;60;20170427;110000;768;770.5;768;770;68;0
Европлан;60;20170427;120000;770;770;770;770;12;0
Европлан;60;20170427;150000;770;770.5;770;770;595;0
Европлан;60;20170427;160000;770;772;770;771;477;0
Европлан;60;20170427;170000;771;773;767;767;1605;0
Европлан;60;20170427;180000;771;771.5;771;771.5;2;0
Европлан;60;20170428;100000;772;775.5;770.5;775.5;435;0
Европлан;60;20170428;110000;776;776.5;774.5;774.5;1525;0
Европлан;60;20170428;140000;775.5;775.5;775.5;775.5;2;0
Европлан;60;20170428;170000;775;775;775;775;10;0
Европлан;60;20170428;180000;775;775;767.5;767.5;573;0
Европлан;60;20170502;100000;775;775;763;767;7358;0
Европлан;60;20170502;110000;767;767;766.5;766.5;114;0
Европлан;60;20170502;120000;766;768;766;766.5;446;0
Европлан;60;20170502;130000;766.5;766.5;766.5;766.5;22;0
Европлан;60;20170502;140000;766.5;766.5;766.5;766.5;410;0
Европлан;60;20170502;160000;766.5;766.5;766.5;766.5;14;0
Европлан;60;20170502;170000;766.5;766.5;766.5;766.5;185;0
Европлан;60;20170502;180000;766.5;766.5;766;766;144;0
Европлан;60;20170503;100000;769;769;769;769;4;0
Европлан;60;20170503;110000;769;769.5;769;769;190;0
Европлан;60;20170503;120000;769;769;768.5;768.5;126;0
Европлан;60;20170503;130000;768.5;768.5;768;768;252;0
Европлан;60;20170503;150000;768;768;768;768;250;0
Европлан;60;20170503;160000;767;768;767;768;138;0
Европлан;60;20170503;170000;767.5;770;765.5;765.5;1028;0
Европлан;60;20170503;180000;765.5;765.5;765.5;765.5;12;0
Европлан;60;20170504;100000;766;766;766;766;1;0
Европлан;60;20170504;110000;765.5;767;765;766.5;523;0
Европлан;60;20170504;120000;765;765.5;765;765.5;29;0
Европлан;60;20170504;130000;766;766;765;765;288;0
Европлан;60;20170504;140000;765;765.5;765;765.5;139;0
Европлан;60;20170504;150000;765;765;764;764;90;0
Европлан;60;20170504;160000;764;767.5;763.5;766.5;1112;0
Европлан;60;20170504;170000;767;767;765;766.5;268;0
Европлан;60;20170504;180000;766.5;766.5;766.5;766.5;7;0
Европлан;60;20170505;100000;768.5;770.5;768.5;770.5;241;0
Европлан;60;20170505;110000;770.5;770.5;770.5;770.5;64;0
Европлан;60;20170505;120000;770;770.5;770;770.5;269;0
Европлан;60;20170505;130000;770;770;770;770;273;0
Европлан;60;20170505;140000;769;769;769;769;3;0
Европлан;60;20170505;160000;770;770;767.5;769;1522;0
Европлан;60;20170505;170000;770;770;768;768;343;0
Европлан;60;20170510;100000;766;770.5;765.5;770.5;70;0
Европлан;60;20170510;110000;770.5;770.5;768;770.5;210;0
Европлан;60;20170510;120000;770.5;770.5;769;770.5;311;0
Европлан;60;20170510;130000;770.5;770.5;770;770.5;84;0
Европлан;60;20170510;140000;770.5;771;770.5;771;61;0
Европлан;60;20170510;150000;771;771;769;770;484;0
Европлан;60;20170510;160000;770;770.5;769;770.5;232;0
Европлан;60;20170510;170000;770.5;772;767;772;534;0
Европлан;60;20170510;180000;772;774;769.5;773.5;73;0
Европлан;60;20170511;100000;773.5;773.5;773.5;773.5;7;0
Европлан;60;20170511;110000;771.5;771.5;770;770.5;355;0
Европлан;60;20170511;120000;770;771;770;770.5;518;0
Европлан;60;20170511;130000;770.5;770.5;770;770;131;0
Европлан;60;20170511;140000;769.5;769.5;769.5;769.5;10;0
Европлан;60;20170511;150000;770.5;770.5;769.5;769.5;284;0
Европлан;60;20170511;160000;769.5;770.5;769.5;769.5;153;0
Европлан;60;20170511;170000;770.5;772.5;769.5;769.5;545;0
Европлан;60;20170511;180000;769.5;769.5;765.5;765.5;1220;0
Европлан;60;20170512;100000;768;768.5;765;767.5;421;0
Европлан;60;20170512;110000;768;768;767.5;767.5;82;0
Европлан;60;20170512;120000;767.5;767.5;767.5;767.5;313;0
Европлан;60;20170512;160000;767.5;767.5;767.5;767.5;738;0
Европлан;60;20170512;170000;769;769.5;766;766;902;0
Европлан;60;20170515;100000;769;769;769;769;107;0
Европлан;60;20170515;110000;768.5;769.5;768.5;769;89;0
Европлан;60;20170515;120000;769;769;769;769;250;0
Европлан;60;20170515;130000;768.5;769;768.5;769;2;0
Европлан;60;20170515;140000;768.5;769;768.5;769;14;0
Европлан;60;20170515;150000;768.5;768.5;768.5;768.5;61;0
Европлан;60;20170515;160000;768.5;769;766;768;597;0
Европлан;60;20170515;170000;767.5;768.5;766;767.5;337;0
Европлан;60;20170515;180000;768;769;766.5;766.5;701;0
Европлан;60;20170516;110000;766;766;766;766;130;0
Европлан;60;20170516;120000;768;768;766.5;766.5;380;0
Европлан;60;20170516;140000;765;765;765;765;20;0
Европлан;60;20170516;150000;765;765;763.5;763.5;200;0
Европлан;60;20170516;160000;764;764;763;763;150;0
Европлан;60;20170516;170000;765;770.5;765;770.5;804;0
Европлан;60;20170516;180000;768;770.5;766.5;766.5;297;0
Европлан;60;20170517;110000;769;769;767;767.5;153;0
Европлан;60;20170517;120000;767;767;766.5;766.5;363;0
Европлан;60;20170517;130000;766.5;766.5;765;765;167;0
Европлан;60;20170517;140000;765;765;764;764;174;0
Европлан;60;20170517;150000;764.5;767;764.5;766.5;340;0
Европлан;60;20170517;160000;766.5;766.5;766;766;34;0
Европлан;60;20170517;170000;766;766.5;764;764;784;0
Европлан;60;20170517;180000;766;767.5;764;767;272;0
Европлан;60;20170518;100000;768;768;767.5;767.5;2;0
Европлан;60;20170518;110000;766.5;767;766;766.5;348;0
Европлан;60;20170518;130000;766;767;766;767;20;0
Европлан;60;20170518;140000;766;766;766;766;10;0
Европлан;60;20170518;150000;766;766;765.5;765.5;9;0
Европлан;60;20170518;160000;766;767.5;765;765;387;0
Европлан;60;20170518;170000;765;766;761;766;2091;0
Европлан;60;20170518;180000;767;767;762;766.5;239;0
Европлан;60;20170519;110000;767;769.5;766.5;768;273;0
Европлан;60;20170519;120000;766;769.5;764;764;1543;0
Европлан;60;20170519;130000;764;764;763.5;763.5;85;0
Европлан;60;20170519;140000;763.5;765;763.5;765;68;0
Европлан;60;20170519;150000;765.5;766.5;765.5;766;60;0
Европлан;60;20170519;160000;764;764;764;764;17;0
Европлан;60;20170519;170000;765.5;765.5;764;764.5;331;0
Европлан;60;20170519;180000;764;764;764;764;13;0
Европлан;60;20170522;100000;764;766;764;766;66;0
Европлан;60;20170522;120000;763.5;763.5;762.5;762.5;515;0
Европлан;60;20170522;130000;762;762;762;762;1;0
Европлан;60;20170522;140000;762;762;762;762;50;0
Европлан;60;20170522;150000;761.5;761.5;761;761;210;0
Европлан;60;20170522;160000;761;762;760.5;761;424;0
Европлан;60;20170522;170000;761;762.5;760;761.5;841;0
Европлан;60;20170523;100000;765;765;762;765;99;0
Европлан;60;20170523;110000;765;765;763.5;764.5;327;0
Европлан;60;20170523;120000;764.5;765;764.5;765;144;0
Европлан;60;20170523;130000;765;765;763.5;763.5;103;0
Европлан;60;20170523;140000;763.5;769.5;761;762.5;662;0
Европлан;60;20170523;150000;762.5;763.5;761;763;252;0
Европлан;60;20170523;160000;762.5;762.5;760.5;762.5;92;0
Европлан;60;20170523;170000;762.5;762.5;759;760;635;0
Европлан;60;20170523;180000;760;760.5;759;760.5;268;0
Европлан;60;20170524;100000;763.5;771.5;761;761;218;0
Европлан;60;20170524;120000;761;761;761;761;287;0
Европлан;60;20170524;130000;760;760.5;760;760.5;417;0
Европлан;60;20170524;140000;760;760;758.5;758.5;332;0
Европлан;60;20170524;150000;758.5;759.5;758.5;759;98;0
Европлан;60;20170524;160000;758.5;758.5;758.5;758.5;32;0
Европлан;60;20170524;170000;759;760;756.5;756.5;709;0
Европлан;60;20170524;180000;756;756;753;753;151;0
Европлан;60;20170525;110000;759;760;759;759;411;0
Европлан;60;20170525;120000;759.5;759.5;759.5;759.5;1;0
Европлан;60;20170525;130000;760;766.5;760;761;2216;0
Европлан;60;20170525;140000;760.5;760.5;760.5;760.5;50;0
Европлан;60;20170525;170000;761;761;756;756;244;0
Европлан;60;20170526;100000;756;756;755.5;756;91;0
Европлан;60;20170526;120000;756;756;756;756;1;0
Европлан;60;20170526;130000;755.5;755.5;755.5;755.5;1;0
Европлан;60;20170526;140000;756;761;756;761;783;0
Европлан;60;20170526;150000;760.5;766.5;760.5;761;7186;0
Европлан;60;20170526;170000;761;761;759.5;759.5;236;0
Европлан;60;20170529;100000;762.5;770.5;762.5;770;1102;0
Европлан;60;20170529;110000;769;769;768;768;110;0
Европлан;60;20170529;120000;770;770;770;770;262;0
Европлан;60;20170529;170000;767.5;767.5;767;767;21;0
Европлан;60;20170529;180000;769.5;771.5;768;771;549;0
Европлан;60;20170530;100000;768;769;767.5;768;811;0
Европлан;60;20170530;110000;769;771;769;769.5;235;0
Европлан;60;20170530;120000;769;769;768;768;196;0
Европлан;60;20170530;130000;768;768;767;767;172;0
Европлан;60;20170530;140000;767;767;767;767;1;0
Европлан;60;20170530;150000;767;767;767;767;4;0
Европлан;60;20170530;160000;767;767;766.5;766.5;12;0
Европлан;60;20170530;170000;766.5;767.5;765;765;546;0
Европлан;60;20170530;180000;765;765;764;764;86;0
Европлан;60;20170531;100000;765;765;765;765;223;0
Европлан;60;20170531;110000;765;770;765;769;6902;0
Европлан;60;20170531;130000;769.5;769.5;769.5;769.5;200;0
Европлан;60;20170531;140000;768.5;768.5;768.5;768.5;15;0
Европлан;60;20170531;150000;768.5;769.5;766.5;766.5;306;0
Европлан;60;20170531;160000;768;770;760;760;1275;0
Европлан;60;20170531;170000;764;764;762.5;764;261;0
Европлан;60;20170601;100000;766;766;759;759;455;0
Европлан;60;20170601;110000;758.5;758.5;757.5;757.5;200;0
Европлан;60;20170601;120000;759;770;759;770;907;0
Европлан;60;20170601;130000;770;770.5;769;770.5;351;0
Европлан;60;20170601;140000;770;770;770;770;883;0
Европлан;60;20170601;150000;768;768;768;768;1;0
Европлан;60;20170601;170000;768.5;769;765;767;415;0
Европлан;60;20170602;100000;767.5;767.5;766.5;766.5;164;0
Европлан;60;20170602;110000;766.5;766.5;766;766;65;0
Европлан;60;20170602;120000;767;767;767;767;200;0
Европлан;60;20170602;130000;767;767;767;767;3;0
Европлан;60;20170602;150000;767;767;766;766;252;0
Европлан;60;20170602;160000;766;766;766;766;156;0
Европлан;60;20170602;180000;766;767;765.5;766;1148;0
Европлан;60;20170605;100000;770.5;770.5;770;770;193;0
Европлан;60;20170605;110000;769.5;769.5;769.5;769.5;50;0
Европлан;60;20170605;120000;769.5;771;769;770.5;324;0
Европлан;60;20170605;150000;770;770;770;770;6;0
Европлан;60;20170605;160000;770;770;768;768;310;0
Европлан;60;20170605;170000;768;769.5;765.5;766;892;0
Европлан;60;20170605;180000;766;766.5;765;765;318;0
Европлан;60;20170606;100000;766;766;763.5;763.5;349;0
Европлан;60;20170606;120000;764;764;764;764;200;0
Европлан;60;20170606;140000;763.5;763.5;759;759;914;0
Европлан;60;20170606;160000;761.5;763.5;759.5;761;677;0
Европлан;60;20170606;170000;762;762;762;762;262;0
Европлан;60;20170607;100000;760;760;759.5;759.5;193;0
Европлан;60;20170607;110000;760;760.5;760;760.5;31;0
Европлан;60;20170607;150000;759;759.5;758.5;759.5;421;0
Европлан;60;20170607;160000;758.5;759.5;756.5;757;945;0
Европлан;60;20170607;170000;757.5;757.5;755;755;532;0
Европлан;60;20170607;180000;757.5;759;757.5;758;240;0
Европлан;60;20170608;100000;755;760.5;754.5;760.5;27;0
Европлан;60;20170608;110000;760.5;760.5;760.5;760.5;60;0
Европлан;60;20170608;120000;760.5;760.5;759.5;760;259;0
Европлан;60;20170608;130000;760;760;756;760;83;0
Европлан;60;20170608;140000;760;760;758;760;267;0
Европлан;60;20170608;150000;758;760;756.5;760;482;0
Европлан;60;20170608;160000;760;760;756.5;759.5;92;0
Европлан;60;20170608;170000;759.5;760.5;759;760.5;91;0
Европлан;60;20170608;180000;760.5;760.5;756.5;759;695;0
Европлан;60;20170609;110000;756.5;757;756;757;187;0
Европлан;60;20170609;130000;757;757;757;757;200;0
Европлан;60;20170609;150000;757;757;757;757;200;0
Европлан;60;20170609;160000;756.5;756.5;755;755;178;0
Европлан;60;20170609;170000;755.5;757.5;755;756.5;1104;0
Европлан;60;20170609;180000;755.5;756.5;754.5;756.5;223;0
Европлан;60;20170613;090000;779;779;779;779;6;0
Европлан;60;20170613;100000;779;780.5;770;772;1260;0
Европлан;60;20170613;110000;773;773;773;773;336;0
Европлан;60;20170613;120000;773;773;771.5;773;1698;0
Европлан;60;20170613;130000;773;773;773;773;389;0
Европлан;60;20170613;140000;773;773;765.5;766;1188;0
Европлан;60;20170613;150000;766;766;765;765;1966;0
Европлан;60;20170613;160000;765;769;765;765;890;0
Европлан;60;20170613;170000;765;772.5;765;771;996;0
Европлан;60;20170613;180000;771;773;771;771.5;935;0
Европлан;60;20170614;100000;769;769;768.5;769;3;0
Европлан;60;20170614;110000;768.5;768.5;768.5;768.5;6;0
Европлан;60;20170614;120000;768.5;770;768.5;769;248;0
Европлан;60;20170614;130000;770;771;769;769.5;1578;0
Европлан;60;20170614;140000;770;770.5;770;770.5;2;0
Европлан;60;20170614;150000;770;770.5;770;770.5;18;0
Европлан;60;20170614;160000;771;771;769.5;770;281;0
Европлан;60;20170614;170000;770.5;771;770;771;143;0
Европлан;60;20170614;180000;770;771;770;771;1620;0
Европлан;60;20170615;100000;771;771;771;771;240;0
Европлан;60;20170615;110000;771;771;771;771;228;0
Европлан;60;20170615;120000;771;773;771;771;226;0
Европлан;60;20170615;130000;771;771;770.5;771;198;0
Европлан;60;20170615;140000;771;771;771;771;155;0
Европлан;60;20170615;150000;771;773;770;771;1784;0
Европлан;60;20170615;160000;772.5;773;771;773;1092;0
Европлан;60;20170615;170000;773;776.5;771.5;776.5;2337;0
Европлан;60;20170615;180000;776.5;779.5;770;770;14899;0
Европлан;60;20170616;090000;847;847;847;847;53;0
Европлан;60;20170616;100000;769.5;771;767.5;768;858;0
Европлан;60;20170616;110000;767.5;768;767.5;768;797;0
Европлан;60;20170616;120000;768;768;767.5;768;752;0
Европлан;60;20170616;130000;768;768;766.5;768;1769;0
Европлан;60;20170616;140000;768;768;768;768;722;0
Европлан;60;20170616;150000;768;768;768;768;638;0
Европлан;60;20170616;160000;768;768;768;768;647;0
Европлан;60;20170616;170000;768;768;767.5;767.5;674;0
Европлан;60;20170616;180000;768;768;754;754;17203;0
Европлан;60;20170619;100000;768;768;764;764;261;0
Европлан;60;20170619;110000;763.5;763.5;763.5;763.5;13;0
Европлан;60;20170619;130000;764.5;765;763.5;763.5;1537;0
Европлан;60;20170619;140000;764;764;764;764;1;0
Европлан;60;20170619;160000;764;764;764;764;1;0
Европлан;60;20170619;170000;763.5;763.5;763;763.5;583;0
Европлан;60;20170620;100000;763;763;762;762;120;0
Европлан;60;20170620;110000;763;763;761;761;152;0
Европлан;60;20170620;120000;762;763;760;762.5;101;0
Европлан;60;20170620;130000;761;763.5;760;760.5;97;0
Европлан;60;20170620;140000;760.5;762.5;759.5;759.5;88;0
Европлан;60;20170620;150000;760;768;760;768;2528;0
Европлан;60;20170620;160000;765;765;762;762;131;0
Европлан;60;20170620;170000;762;762;761.5;762;170;0
Европлан;60;20170620;180000;761.5;766;761.5;766;370;0
Европлан;60;20170621;100000;766.5;766.5;766.5;766.5;66;0
Европлан;60;20170621;110000;766.5;767.5;765.5;767;1448;0
Европлан;60;20170621;120000;767;771;766;771;1425;0
Европлан;60;20170621;130000;771;772.5;771;772.5;1413;0
Европлан;60;20170621;140000;772.5;773;772.5;773;88;0
Европлан;60;20170621;150000;773;774;773;773;89;0
Европлан;60;20170621;160000;773;773;771.5;772.5;139;0
Европлан;60;20170621;170000;772.5;772.5;770;771;56237;0
Европлан;60;20170621;180000;771;771;770.5;770.5;61;0
Европлан;60;20170622;100000;773.5;773.5;770.5;770.5;66;0
Европлан;60;20170622;110000;770.5;771;770.5;770.5;303;0
Европлан;60;20170622;120000;771;771;770.5;771;213;0
Европлан;60;20170622;130000;771;771;770.5;771;165;0
Европлан;60;20170622;140000;771;771;770;770;558;0
Европлан;60;20170622;150000;770;774;769.5;774;2569;0
Европлан;60;20170622;160000;774;775;774;775;39054;0
Европлан;60;20170622;170000;775;780;774.5;778.5;98355;0
Европлан;60;20170622;180000;778.5;781.5;778.5;781.5;65;0
Европлан;60;20170623;100000;780;780;775;776.5;71;0
Европлан;60;20170623;110000;776.5;780.5;776.5;780;1499;0
Европлан;60;20170623;120000;780.5;780.5;780.5;780.5;1;0
Европлан;60;20170623;130000;778.5;778.5;776.5;776.5;20;0
Европлан;60;20170623;140000;780;780;780;780;3;0
Европлан;60;20170623;150000;779.5;779.5;779.5;779.5;1;0
Европлан;60;20170623;160000;778;778.5;778;778.5;700;0
Европлан;60;20170623;180000;777.5;779.5;777;777;6;0
Европлан;60;20170626;100000;775;778;775;778;3;0
Европлан;60;20170626;120000;775.5;784;775.5;784;714;0
Европлан;60;20170626;130000;784;785.5;780.5;785.5;1464;0
Европлан;60;20170626;140000;786;786;786;786;31;0
Европлан;60;20170626;160000;784;784;780;780.5;15;0
Европлан;60;20170626;170000;780.5;780.5;771.5;775;103681;0
Европлан;60;20170626;180000;775;780.5;775;780;270;0
Европлан;60;20170627;100000;776;780;776;780;10;0
Европлан;60;20170627;110000;780.5;781;780.5;781;24;0
Европлан;60;20170627;120000;780.5;780.5;780;780.5;255;0
Европлан;60;20170627;130000;780;780;772.5;773.5;26042;0
Европлан;60;20170627;140000;775;778.5;775;777.5;1263;0
Европлан;60;20170627;160000;778;778;778;778;1;0
Европлан;60;20170627;170000;778.5;778.5;778.5;778.5;250;0
Европлан;60;20170628;100000;779;779;778;778;145;0
Европлан;60;20170628;110000;775;781.5;775;779;3363;0
Европлан;60;20170628;120000;778.5;781.5;778.5;781.5;193;0
Европлан;60;20170628;130000;781.5;784;780;784;505;0
Европлан;60;20170628;140000;784;792;777;780;8108;0
Европлан;60;20170628;150000;780;783.5;780;781;305;0
Европлан;60;20170628;160000;781;789;781;788.5;1205;0
Европлан;60;20170628;170000;788.5;805;782;783;2413;0
Европлан;60;20170628;180000;782.5;783;781;781.5;34;0
Европлан;60;20170629;100000;784;784;782.5;782.5;31;0
Европлан;60;20170629;120000;781;782.5;780.5;782;235;0
Европлан;60;20170629;130000;781;782;781;782;42;0
Европлан;60;20170629;140000;780.5;782;780;782;155;0
Европлан;60;20170629;160000;782.5;782.5;781;781;208;0
Европлан;60;20170629;170000;781.5;782.5;780.5;781;1381;0
Европлан;60;20170629;180000;780.5;780.5;778;778;73;0
Европлан;60;20170630;100000;778.5;778.5;778.5;778.5;1;0
Европлан;60;20170630;110000;781;781;780;780;248;0
Европлан;60;20170630;120000;782;782.5;780;780;1562;0
Европлан;60;20170630;130000;780.5;781;780.5;781;16;0
Европлан;60;20170630;140000;780.5;781;780.5;781;229;0
Европлан;60;20170630;150000;781;781;780;780.5;96;0
Европлан;60;20170630;160000;780.5;780.5;778;780;87;0
Европлан;60;20170630;170000;779.5;780;779;780;29;0
Европлан;60;20170630;180000;778;780;778;780;25;0
Европлан;60;20170703;100000;784;784;782;782.5;65;0
Европлан;60;20170703;110000;782.5;784;780;784;7461;0
Европлан;60;20170703;120000;784;786;783;785;994;0
Европлан;60;20170703;130000;784;786.5;783;786.5;850;0
Европлан;60;20170703;140000;786.5;786.5;779.5;779.5;10397;0
Европлан;60;20170703;150000;782.5;783;775;776;671;0
Европлан;60;20170703;160000;775;775;770.5;771;530;0
Европлан;60;20170703;170000;776.5;776.5;776;776;19;0
Европлан;60;20170703;180000;776;776;771;771;24;0
Европлан;60;20170704;100000;770.5;776.5;770.5;773;50;0
Европлан;60;20170704;110000;773;774.5;771;773;2538;0
Европлан;60;20170704;120000;773;773;768.5;768.5;1585;0
Европлан;60;20170704;130000;768;768;767;767.5;167;0
Европлан;60;20170704;140000;768;768;767;767;139;0
Европлан;60;20170704;150000;767;767.5;766;766;208;0
Европлан;60;20170704;160000;766;768.5;763.5;763.5;1630;0
Европлан;60;20170704;170000;763;763;760;760;212;0
Европлан;60;20170704;180000;759.5;759.5;757;757;235;0
Европлан;60;20170705;100000;758.5;762;757.5;757.5;1780;0
Европлан;60;20170705;110000;759.5;759.5;759.5;759.5;36;0
Европлан;60;20170705;120000;760;761;760;761;62;0
Европлан;60;20170705;130000;760.5;766.5;759.5;766.5;1999;0
Европлан;60;20170705;140000;766.5;768;765.5;768;2876;0
Европлан;60;20170705;150000;768;770;768;770;178;0
Европлан;60;20170705;160000;770.5;771;768;768;115;0
Европлан;60;20170705;170000;767.5;767.5;767;767;8;0
Европлан;60;20170705;180000;770;775;770;775;431;0
Европлан;60;20170706;100000;769.5;769.5;769.5;769.5;1;0
Европлан;60;20170706;110000;767;769.5;767;767.5;1199;0
Европлан;60;20170706;130000;768;768.5;768;768.5;230;0
Европлан;60;20170706;140000;768.5;768.5;768.5;768.5;5;0
Европлан;60;20170706;150000;767.5;768.5;766;766.5;3457;0
Европлан;60;20170706;160000;767;767;765.5;766;1623;0
Европлан;60;20170706;170000;766;766.5;766;766.5;81;0
Европлан;60;20170707;100000;768.5;768.5;768;768;251;0
Европлан;60;20170707;110000;768;769;767;767.5;900;0
Европлан;60;20170707;120000;767.5;767.5;766;767.5;465;0
Европлан;60;20170707;130000;767;767.5;765;766;2591;0
Европлан;60;20170707;140000;766.5;766.5;765;765;1714;0
Европлан;60;20170707;150000;766;768;766;766;647;0
Европлан;60;20170707;180000;765;765;765;765;7;0
Европлан;60;20170710;100000;769;769;768.5;768.5;3;0
Европлан;60;20170710;110000;768;768;767.5;767.5;276;0
Европлан;60;20170710;120000;767.5;769.5;767.5;769.5;123;0
Европлан;60;20170710;130000;769.5;770;768;770;2881;0
Европлан;60;20170710;140000;770;771;769;771;2614;0
Европлан;60;20170710;150000;771;774.5;771;774.5;292;0
Европлан;60;20170710;160000;774.5;776.5;774.5;776.5;255;0
Европлан;60;20170710;170000;776;781.5;774.5;781.5;1140;0
Европлан;60;20170710;180000;781;784;781;784;257;0
Европлан;60;20170711;100000;783.5;783.5;783.5;783.5;10;0
Европлан;60;20170711;110000;780;780;779.5;780;403;0
Европлан;60;20170711;120000;779.5;780;779;779.5;748;0
Европлан;60;20170711;130000;779.5;780;778.5;779.5;1056;0
Европлан;60;20170711;140000;779.5;780;779;779;338;0
Европлан;60;20170711;150000;778;779.5;778;779;1148;0
Европлан;60;20170711;160000;779;779;779;779;1;0
Европлан;60;20170711;170000;779;779.5;778;779.5;33;0
Европлан;60;20170711;180000;779;779.5;777.5;777.5;2938;0
Европлан;60;20170712;100000;777.5;779.5;777.5;779.5;8;0
Европлан;60;20170712;110000;779;780.5;779;779;353;0
Европлан;60;20170712;120000;778.5;779.5;778.5;779.5;119;0
Европлан;60;20170712;130000;778.5;778.5;778;778;8;0
Европлан;60;20170712;140000;778;779;776;776.5;2500;0
Европлан;60;20170712;150000;777;777;771.5;772;3386;0
Европлан;60;20170712;160000;773.5;773.5;771.5;771.5;148;0
Европлан;60;20170712;170000;771.5;771.5;771.5;771.5;3;0
Европлан;60;20170712;180000;771.5;773.5;771.5;773.5;209;0
Европлан;60;20170713;100000;775;775;775;775;284;0
Европлан;60;20170713;110000;775;775;775;775;34;0
Европлан;60;20170713;120000;775.5;776;774.5;775;1427;0
Европлан;60;20170713;130000;774.5;775;774.5;775;109;0
Европлан;60;20170713;140000;775;775.5;775;775;290;0
Европлан;60;20170713;150000;775;775;775;775;34;0
Европлан;60;20170713;160000;775.5;777;775;775.5;412;0
Европлан;60;20170713;170000;775;776;773.5;774.5;4297;0
Европлан;60;20170713;180000;774.5;774.5;773.5;773.5;121;0
Европлан;60;20170714;100000;773.5;774.5;773.5;774.5;317;0
Европлан;60;20170714;110000;774.5;774.5;774.5;774.5;1;0
Европлан;60;20170714;130000;774.5;774.5;774;774;5509;0
Европлан;60;20170714;140000;774.5;774.5;774;774.5;570;0
Европлан;60;20170714;150000;774;774;773.5;773.5;277;0
Европлан;60;20170714;180000;772;772;772;772;39;0
Европлан;60;20170717;100000;772.5;772.5;770;770;269;0
Европлан;60;20170717;110000;769.5;773;769.5;773;909;0
Европлан;60;20170717;120000;772.5;772.5;770;771;1245;0
Европлан;60;20170717;130000;771.5;771.5;771;771;201;0
Европлан;60;20170717;140000;771;771.5;770.5;770.5;1775;0
Европлан;60;20170717;150000;770;770.5;769.5;769.5;2209;0
Европлан;60;20170717;160000;769.5;770;769.5;770;178;0
Европлан;60;20170717;170000;769.5;770;769.5;769.5;324;0
Европлан;60;20170717;180000;769.5;773.5;769.5;773.5;63;0
Европлан;60;20170718;100000;774.5;776;773;773;3563;0
Европлан;60;20170718;110000;772.5;772.5;772;772.5;44;0
Европлан;60;20170718;120000;773;773;773;773;1;0
Европлан;60;20170718;130000;772.5;773;772.5;772.5;14;0
Европлан;60;20170718;150000;773;773;772.5;772.5;7;0
Европлан;60;20170718;160000;773;774;773;773.5;2376;0
Европлан;60;20170718;170000;773;773;771;772.5;487;0
Европлан;60;20170719;100000;775.5;776.5;773.5;775;5838;0
Европлан;60;20170719;110000;775.5;777;772;775;537;0
Европлан;60;20170719;120000;775;775.5;775;775.5;135;0
Европлан;60;20170719;130000;775.5;776;775.5;776;133;0
Европлан;60;20170719;140000;776;777.5;775.5;777;338;0
Европлан;60;20170719;150000;776.5;778.5;776;778.5;191;0
Европлан;60;20170719;160000;778.5;779;778.5;779;114;0
Европлан;60;20170719;170000;779;780.5;779;780.5;158;0
Европлан;60;20170719;180000;780.5;781;780.5;781;126;0
Европлан;60;20170720;110000;780.5;780.5;780.5;780.5;14;0
Европлан;60;20170720;120000;779;779;777.5;778.5;298;0
Европлан;60;20170720;140000;779;779;779;779;201;0
Европлан;60;20170720;150000;779;779;772.5;773.5;5350;0
Европлан;60;20170720;160000;773.5;775;773;774;1784;0
Европлан;60;20170720;170000;773.5;778.5;773.5;778;312;0
Европлан;60;20170720;180000;775.5;775.5;774.5;774.5;5;0
Европлан;60;20170721;100000;776.5;779;776.5;779;783;0
Европлан;60;20170721;110000;779;780.5;775.5;775.5;582;0
Европлан;60;20170721;120000;779;781;774.5;774.5;726;0
Европлан;60;20170721;130000;777.5;778;774;775.5;6012;0
Европлан;60;20170721;140000;775.5;777;775.5;777;157;0
Европлан;60;20170721;150000;777;778;777;778;199;0
Европлан;60;20170721;160000;778;780.5;778;780;337;0
Европлан;60;20170721;170000;780.5;782;780.5;781.5;284;0
Европлан;60;20170721;180000;781.5;784;781.5;784;302;0
Европлан;60;20170724;100000;782;784;782;784;446;0
Европлан;60;20170724;110000;783.5;783.5;783.5;783.5;1;0
Европлан;60;20170724;120000;782.5;785;782.5;785;1319;0
Европлан;60;20170724;130000;785;785.5;780;783.5;2156;0
Европлан;60;20170724;140000;783;784.5;783;784.5;461;0
Европлан;60;20170724;150000;784;787;783.5;787;2696;0
Европлан;60;20170724;170000;785.5;785.5;785.5;785.5;1;0
Европлан;60;20170724;180000;785.5;785.5;785.5;785.5;27;0
Европлан;60;20170725;100000;782;783;782;783;361;0
Европлан;60;20170725;110000;783.5;784;782;782;142;0
Европлан;60;20170725;120000;782;782;779.5;779.5;2367;0
Европлан;60;20170725;130000;779.5;780.5;778;778;3310;0
Европлан;60;20170725;140000;778;778;777.5;777.5;99;0
Европлан;60;20170725;150000;778;778.5;776;776;455;0
Европлан;60;20170725;160000;776;776;774.5;774.5;182;0
Европлан;60;20170725;170000;774.5;779;773;773;304;0
Европлан;60;20170725;180000;773;773;769;769;264;0
Европлан;60;20170726;100000;772;774;772;773;466;0
Европлан;60;20170726;110000;772;775.5;771.5;771.5;161;0
Европлан;60;20170726;120000;772;772;772;772;7;0
Европлан;60;20170726;130000;774;774.5;770;770.5;3928;0
Европлан;60;20170726;140000;770.5;771;768.5;770.5;1901;0
Европлан;60;20170726;160000;770;770;770;770;66;0
Европлан;60;20170726;170000;770;770;770;770;30;0
Европлан;60;20170726;180000;769.5;769.5;769.5;769.5;41;0
Европлан;60;20170727;120000;774;774;771;771.5;3720;0
Европлан;60;20170727;130000;772;772.5;771.5;772;2344;0
Европлан;60;20170727;140000;771.5;772.5;771.5;772.5;43;0
Европлан;60;20170727;150000;772.5;772.5;772.5;772.5;126;0
Европлан;60;20170727;160000;772.5;773;772.5;773;103;0
Европлан;60;20170727;170000;773.5;774;773;774;401;0
Европлан;60;20170727;180000;774;775.5;774;775.5;88;0
Европлан;60;20170728;110000;774.5;775;774.5;775;382;0
Европлан;60;20170728;130000;774.5;775;770.5;771.5;5177;0
Европлан;60;20170728;140000;771.5;772;771;772;592;0
Европлан;60;20170728;150000;772;772.5;772;772.5;174;0
Европлан;60;20170728;160000;772;773;772;773;87;0
Европлан;60;20170728;170000;773;773.5;773;773.5;89;0
Европлан;60;20170728;180000;773.5;773.5;772;773.5;86;0
Европлан;60;20170731;100000;770.5;770.5;770.5;770.5;1;0
Европлан;60;20170731;110000;772.5;773.5;772.5;773.5;46;0
Европлан;60;20170731;120000;773.5;774;772.5;773;4229;0
Европлан;60;20170731;130000;773;774;773;773;1432;0
Европлан;60;20170731;150000;773;773;772;772.5;16427;0
Европлан;60;20170731;170000;772.5;772.5;771;771;109;0
Европлан;60;20170731;180000;770.5;784;769.5;780.5;2003;0
Европлан;60;20170801;100000;781;781.5;781;781.5;22;0
Европлан;60;20170801;110000;781;782;780.5;780.5;3418;0
Европлан;60;20170801;120000;781.5;781.5;780.5;780.5;1818;0
Европлан;60;20170801;130000;781;781;780;780;659;0
Европлан;60;20170801;150000;780;780.5;780;780.5;39;0
Европлан;60;20170801;160000;780.5;781;780;780;6;0
Европлан;60;20170801;170000;780.5;780.5;780;780;3;0
Европлан;60;20170801;180000;780.5;781.5;780;781;1002;0
Европлан;60;20170802;100000;781.5;781.5;781;781;354;0
Европлан;60;20170802;110000;781.5;782.5;781.5;782;309;0
Европлан;60;20170802;120000;782;783.5;782;782;592;0
Европлан;60;20170802;140000;781.5;781.5;781.5;781.5;2;0
Европлан;60;20170802;150000;782;782.5;774.5;779.5;17866;0
Европлан;60;20170802;160000;778.5;779.5;777;778.5;345;0
Европлан;60;20170802;180000;778.5;778.5;778.5;778.5;48;0
Европлан;60;20170803;110000;780;780;780;780;313;0
Европлан;60;20170803;120000;780.5;781;780;780.5;4065;0
Европлан;60;20170803;130000;780.5;781;780;781;481;0
Европлан;60;20170803;140000;781;783.5;781;783.5;304;0
Европлан;60;20170803;150000;783.5;784;783;784;187;0
Европлан;60;20170803;160000;783;786;783;786;1165;0
Европлан;60;20170803;170000;786;791.5;786;791.5;655;0
Европлан;60;20170803;180000;791.5;795;791.5;795;326;0
Европлан;60;20170804;100000;789.5;792;789;792;73;0
Европлан;60;20170804;120000;791;791.5;782;784;6335;0
Европлан;60;20170804;130000;784;784;780;780;914;0
Европлан;60;20170804;140000;782;784;782;784;142;0
Европлан;60;20170804;160000;782.5;782.5;780;782.5;90;0
Европлан;60;20170804;170000;781;781;781;781;1;0
Европлан;60;20170804;180000;780.5;780.5;773.5;773.5;324587;0
Европлан;60;20170807;100000;774;774.5;774;774.5;3;0
Европлан;60;20170807;110000;775;775;775;775;17;0
Европлан;60;20170807;120000;775;777;774;774.5;2964;0
Европлан;60;20170807;140000;775;775;774.5;774.5;11;0
Европлан;60;20170807;160000;775;775;774.5;774.5;8;0
Европлан;60;20170807;170000;774.5;775;774;774.5;2518;0
Европлан;60;20170808;110000;774.5;774.5;774.5;774.5;2;0
Европлан;60;20170808;120000;774;774.5;774;774;337;0
Европлан;60;20170808;130000;774;774;774;774;503;0
Европлан;60;20170808;140000;774;774.5;773;773;3829;0
Европлан;60;20170808;150000;773.5;774;773;773.5;1383;0
Европлан;60;20170808;170000;773;773;773;773;1;0
Европлан;60;20170809;100000;775;775.5;774;774;297;0
Европлан;60;20170809;110000;774.5;774.5;773.5;774;5160;0
Европлан;60;20170809;120000;774;774;774;774;1;0
Европлан;60;20170809;130000;774;774;774;774;22;0
Европлан;60;20170809;140000;774;774;774;774;1;0
Европлан;60;20170809;160000;774;774;774;774;1;0
Европлан;60;20170809;170000;774;774;774;774;1;0
Европлан;60;20170809;180000;774;774;774;774;444;0
Европлан;60;20170810;100000;774;774.5;774;774.5;176;0
Европлан;60;20170810;110000;774.5;775;774;775;1399;0
Европлан;60;20170810;120000;774;775;774;775;83;0
Европлан;60;20170810;130000;775;775;774;775;590;0
Европлан;60;20170810;140000;774.5;775;774;775;553;0
Европлан;60;20170810;150000;775;775;775;775;42;0
Европлан;60;20170810;160000;775;775;774.5;775;2713;0
Европлан;60;20170810;170000;774.5;775;774.5;775;76;0
Европлан;60;20170810;180000;775;775.5;774.5;775.5;89;0
Европлан;60;20170811;100000;775.5;775.5;774;774;119;0
Европлан;60;20170811;110000;774.5;775;774.5;775;1925;0
Европлан;60;20170811;120000;774.5;775;774.5;774.5;3337;0
Европлан;60;20170811;150000;774.5;775;774.5;774.5;4;0
Европлан;60;20170811;160000;775;775;775;775;2;0
Европлан;60;20170811;170000;774.5;775;774.5;774.5;73;0
Европлан;60;20170811;180000;775;775;774.5;775;248;0
Европлан;60;20170814;110000;774.5;775;774;775;999;0
Европлан;60;20170814;120000;774;775;774;774;94;0
Европлан;60;20170814;130000;774.5;775;774;774.5;493;0
Европлан;60;20170814;140000;775;775;774;774.5;577;0
Европлан;60;20170814;150000;774;774.5;772.5;772.5;3486;0
Европлан;60;20170814;160000;772.5;772.5;772.5;772.5;43;0
Европлан;60;20170814;170000;772.5;772.5;772.5;772.5;1;0
Европлан;60;20170814;180000;772;772;771.5;771.5;15;0
Европлан;60;20170815;090000;765.5;765.5;765.5;765.5;1;0
Европлан;60;20170815;100000;772.5;775.5;772;775.5;181;0
Европлан;60;20170815;110000;775.5;778;775;778;633;0
Европлан;60;20170815;120000;778;780;778;779.5;329;0
Европлан;60;20170815;130000;779.5;780.5;779;780.5;580;0
Европлан;60;20170815;140000;780.5;782;780.5;782;341;0
Европлан;60;20170815;150000;782;783;781;783;378;0
Европлан;60;20170815;160000;783;783.5;781.5;783;4029;0
Европлан;60;20170815;170000;783;784.5;783;784.5;383;0
Европлан;60;20170815;180000;784.5;786;784.5;786;351;0
Европлан;60;20170816;100000;787.5;789;780.5;780.5;95;0
Европлан;60;20170816;110000;780.5;781.5;780;781;487;0
Европлан;60;20170816;120000;780.5;780.5;779.5;779.5;283;0
Европлан;60;20170816;130000;780;780;780;780;130;0
Европлан;60;20170816;160000;780;783.5;780;780;3271;0
Европлан;60;20170816;170000;779.5;779.5;777;777;3795;0
Европлан;60;20170816;180000;777;780.5;777;777.5;251178;0
Европлан;60;20170817;100000;782.5;789;782;789;180;0
Европлан;60;20170817;110000;789;795;789;795;282;0
Европлан;60;20170817;120000;794.5;801;794.5;800;2039;0
Европлан;60;20170817;130000;800.5;802;794.5;800.5;4108;0
Европлан;60;20170817;140000;800;802.5;800;802.5;286;0
Европлан;60;20170817;150000;803;806.5;803;806.5;348;0
Европлан;60;20170817;160000;806.5;807;798.5;799;735;0
Европлан;60;20170817;170000;799;799;799;799;346;0
Европлан;60;20170817;180000;799;799;798.5;799;176;0
Европлан;60;20170818;100000;804;804;804;804;1;0
Европлан;60;20170818;110000;803;803;802;803;429;0
Европлан;60;20170818;120000;799;799;798.5;798.5;10;0
Европлан;60;20170818;130000;799.5;802.5;799;799;5349;0
Европлан;60;20170818;140000;798.5;799.5;798;798;110;0
Европлан;60;20170818;150000;798;798;798;798;20;0
Европлан;60;20170818;160000;797.5;797.5;797;797;46;0
Европлан;60;20170818;170000;797;797;797;797;2;0
Европлан;60;20170818;180000;797;797;793;793;78;0
Европлан;60;20170821;100000;820;820;799;805.5;359;0
Европлан;60;20170821;110000;805.5;807;805;807;283;0
Европлан;60;20170821;120000;807.5;809.5;796.5;797;1512;0
Европлан;60;20170821;130000;797;797;797;797;158;0
Европлан;60;20170821;140000;797;797;797;797;147;0
Европлан;60;20170821;150000;797;797;793;794;13780;0
Европлан;60;20170821;160000;794;794.5;794;794;1782;0
Европлан;60;20170821;170000;794;799.5;794;799.5;222;0
Европлан;60;20170821;180000;799.5;800;798;798;330;0
Европлан;60;20170822;120000;800.5;800.5;798.5;798.5;155;0
Европлан;60;20170822;130000;798;801.5;797.5;798.5;378;0
Европлан;60;20170822;140000;798;798.5;798;798.5;2;0
Европлан;60;20170822;150000;798;798;797;797;751903;0
Европлан;60;20170822;160000;797.5;798;790;796;2713;0
Европлан;60;20170822;170000;793.5;793.5;793.5;793.5;1;0
Европлан;60;20170823;100000;796.5;799.5;795.5;795.5;72;0
Европлан;60;20170823;110000;795.5;795.5;794;794;66;0
Европлан;60;20170823;120000;793.5;793.5;792;792;75;0
Европлан;60;20170823;130000;791.5;798;791.5;793.5;2137;0
Европлан;60;20170823;140000;793;793;790.5;792.5;47;0
Европлан;60;20170823;150000;791;791;789.5;789.5;49;0
Европлан;60;20170823;160000;789;795.5;787.5;788.5;1984;0
Европлан;60;20170823;170000;788.5;789.5;783;783;1611;0
Европлан;60;20170823;180000;781.5;786;777;786;132;0
Европлан;60;20170824;100000;785.5;786.5;785;785;28;0
Европлан;60;20170824;110000;785;785;785;785;10;0
Европлан;60;20170824;120000;786.5;790.5;786;786;82;0
Европлан;60;20170824;130000;786.5;790.5;782;783.5;3360;0
Европлан;60;20170824;140000;783.5;784.5;779;784.5;2010;0
Европлан;60;20170824;160000;784.5;785.5;779.5;779.5;171;0
Европлан;60;20170825;100000;778.5;784.5;778.5;784.5;22;0
Европлан;60;20170825;110000;784;785;784;784;4;0
Европлан;60;20170825;120000;784.5;784.5;784.5;784.5;348;0
Европлан;60;20170825;130000;784;784.5;784;784.5;252;0
Европлан;60;20170825;150000;784.5;785.5;783;784;1316;0
Европлан;60;20170825;160000;784.5;786;780;785.5;4384;0
Европлан;60;20170825;180000;781;781;781;781;1;0
Европлан;60;20170828;100000;783;783;783;783;1;0
Европлан;60;20170828;110000;785;785;785;785;300;0
Европлан;60;20170828;120000;781;787;781;784;2844;0
Европлан;60;20170828;150000;783.5;784;781;781;2624;0
Европлан;60;20170828;160000;783;783;782;782;179;0
Европлан;60;20170828;170000;782;782;780;780;120;0
Европлан;60;20170828;180000;780;780;780;780;1;0
Европлан;60;20170829;100000;781;781;780;780;103;0
Европлан;60;20170829;110000;779.5;779.5;778;779;427;0
Европлан;60;20170829;120000;777.5;777.5;777.5;777.5;14;0
Европлан;60;20170829;130000;777;778.5;761.5;772.5;1745;0
Европлан;60;20170829;140000;771;772;762;763;704;0
Европлан;60;20170829;150000;762.5;765;762.5;764;55;0
Европлан;60;20170829;160000;763.5;769.5;761;769.5;77785;0
Европлан;60;20170829;170000;766;774;762;764;862;0
Европлан;60;20170829;180000;762.5;764;761;761;8574;0
Европлан;60;20170830;090000;768.5;768.5;768.5;768.5;1;0
Европлан;60;20170830;100000;767.5;776.5;767.5;770;214751;0
Европлан;60;20170830;110000;767;767;765;765;150;0
Европлан;60;20170830;120000;765.5;767;762;767;308;0
Европлан;60;20170830;130000;765.5;767;762;763;2022;0
Европлан;60;20170830;140000;765.5;766;765.5;766;22;0
Европлан;60;20170831;100000;768.5;768.5;766;768;23;0
Европлан;60;20170831;110000;767.5;773;767.5;773;746;0
Европлан;60;20170831;120000;775.5;776;774.5;775.5;135;0
Европлан;60;20170831;130000;776;776;775.5;776;119;0
Европлан;60;20170831;140000;776;776;769;770;100;0
Европлан;60;20170831;150000;769.5;777;769;776;150;0
Европлан;60;20170831;160000;775;777;775;777;125;0
Европлан;60;20170831;170000;777;784.5;772;784;4890;0
Европлан;60;20170831;180000;784;786;773.5;782.5;1922;0
Европлан;60;20170901;100000;773;783.5;773;778.5;521;0
Европлан;60;20170901;110000;779;780;778;778.5;1185;0
Европлан;60;20170901;120000;779.5;782;778.5;778.5;55;0
Европлан;60;20170901;130000;778.5;783.5;775;778;4396;0
Европлан;60;20170901;140000;778.5;783;776;776.5;220;0
Европлан;60;20170901;150000;776.5;783;776.5;780;654;0
Европлан;60;20170901;160000;778.5;783;775.5;778;195;0
Европлан;60;20170901;170000;778;783;776;776;209;0
Европлан;60;20170901;180000;775;783.5;775;777;215;0
Европлан;60;20170904;100000;776;778;776;778;76;0
Европлан;60;20170904;110000;778;781.5;778;780;2929;0
Европлан;60;20170904;120000;780;781;777;780;2670;0
Европлан;60;20170904;130000;781;781.5;780.5;781.5;256;0
Европлан;60;20170904;140000;781;782;780;781.5;6519;0
Европлан;60;20170904;150000;779;781.5;779;781.5;134;0
Европлан;60;20170904;160000;781;782.5;781;782.5;157;0
Европлан;60;20170904;170000;782.5;783.5;778;782.5;130;0
Европлан;60;20170904;180000;782.5;783.5;778.5;782.5;100;0
Европлан;60;20170905;100000;782;782.5;782;782.5;81;0
Европлан;60;20170905;110000;782.5;783;782;783;402;0
Европлан;60;20170905;120000;783;783;781;782.5;2547;0
Европлан;60;20170905;130000;782.5;783;782;783;161;0
Европлан;60;20170905;140000;783;783.5;778.5;783.5;3099;0
Европлан;60;20170905;150000;783.5;783.5;780.5;783;211;0
Европлан;60;20170905;160000;783;783;781;781.5;153;0
Европлан;60;20170905;170000;782;782.5;781.5;782.5;137;0
Европлан;60;20170905;180000;782.5;783.5;781;782.5;114;0
Европлан;60;20170906;100000;781.5;781.5;778;781;9;0
Европлан;60;20170906;110000;781.5;783;779.5;779.5;222;0
Европлан;60;20170906;120000;779.5;783;779.5;783;248;0
Европлан;60;20170906;130000;783;783.5;781;783.5;395;0
Европлан;60;20170906;140000;783.5;783.5;780.5;783.5;140;0
Европлан;60;20170906;150000;783.5;784;780.5;782.5;2707;0
Европлан;60;20170906;160000;783;784;781;782.5;1358;0
Европлан;60;20170906;170000;784;784;780.5;783;2165;0
Европлан;60;20170906;180000;784;784;781.5;781.5;137;0
Европлан;60;20170907;100000;784.5;785;784.5;785;110;0
Европлан;60;20170907;110000;785;786;784.5;786;976;0
Европлан;60;20170907;120000;786;786;781;785.5;5385;0
Европлан;60;20170907;130000;785.5;785.5;785;785.5;205;0
Европлан;60;20170907;140000;785.5;785.5;785;785.5;235;0
Европлан;60;20170907;150000;785.5;786.5;785;786.5;205;0
Европлан;60;20170907;160000;786.5;786.5;782;786.5;260;0
Европлан;60;20170907;170000;786.5;786.5;783;786.5;253;0
Европлан;60;20170907;180000;786.5;786.5;783.5;786;145;0
