<TICKER>;<PER>;<DATE>;<TIME>;<OPEN>;<HIGH>;<LOW>;<CLOSE>;<VOL>;<OPENINT>
ЗВЕЗДА ао;60;20170124;110000;5;5.19;5;5.09;23;0
ЗВЕЗДА ао;60;20170124;120000;4.97;4.97;4.97;4.97;1;0
ЗВЕЗДА ао;60;20170124;130000;4.97;4.97;4.97;4.97;1;0
ЗВЕЗДА ао;60;20170124;140000;4.95;4.95;4.95;4.95;1;0
ЗВЕЗДА ао;60;20170124;150000;5;5;5;5;2;0
ЗВЕЗДА ао;60;20170124;180000;5.04;5.04;5.04;5.04;1;0
ЗВЕЗДА ао;60;20170125;110000;5.09;5.4;5.09;5.25;87;0
ЗВЕЗДА ао;60;20170125;120000;5.3;5.3;5.3;5.3;1;0
ЗВЕЗДА ао;60;20170125;130000;5.18;5.18;5.16;5.16;4;0
ЗВЕЗДА ао;60;20170125;170000;5.11;5.11;5.11;5.11;1;0
ЗВЕЗДА ао;60;20170126;100000;5.28;5.28;5.28;5.28;1;0
ЗВЕЗДА ао;60;20170126;110000;5.13;5.31;5.1;5.31;13;0
ЗВЕЗДА ао;60;20170126;120000;5.3;5.32;5.3;5.32;5;0
ЗВЕЗДА ао;60;20170126;130000;5.32;5.37;5.25;5.25;27;0
ЗВЕЗДА ао;60;20170126;140000;5.25;5.25;5.25;5.25;3;0
ЗВЕЗДА ао;60;20170126;160000;5.26;5.26;5.26;5.26;4;0
ЗВЕЗДА ао;60;20170126;170000;5.25;5.3;5.25;5.3;3;0
ЗВЕЗДА ао;60;20170126;180000;5.27;5.27;5.23;5.23;10;0
ЗВЕЗДА ао;60;20170127;100000;5.16;5.38;5.05;5.38;13;0
ЗВЕЗДА ао;60;20170127;110000;5.2;5.2;5.05;5.05;34;0
ЗВЕЗДА ао;60;20170127;130000;5.16;5.29;5.16;5.29;6;0
ЗВЕЗДА ао;60;20170127;140000;5.12;5.12;5.12;5.12;1;0
ЗВЕЗДА ао;60;20170127;150000;5.15;5.15;5.15;5.15;2;0
ЗВЕЗДА ао;60;20170127;170000;5.17;5.17;5.11;5.11;3;0
ЗВЕЗДА ао;60;20170127;180000;5.1;5.1;5.1;5.1;10;0
ЗВЕЗДА ао;60;20170130;160000;5.18;5.18;5.18;5.18;2;0
ЗВЕЗДА ао;60;20170130;180000;5;5;5;5;4;0
ЗВЕЗДА ао;60;20170131;150000;5.01;5.01;4.88;4.88;6;0
ЗВЕЗДА ао;60;20170201;100000;5.12;5.15;5.12;5.15;5;0
ЗВЕЗДА ао;60;20170201;120000;5;5;5;5;1;0
ЗВЕЗДА ао;60;20170201;140000;5.03;5.03;5.03;5.03;1;0
ЗВЕЗДА ао;60;20170201;160000;5.14;5.14;5.14;5.14;1;0
ЗВЕЗДА ао;60;20170201;180000;5;5;5;5;1;0
ЗВЕЗДА ао;60;20170202;100000;5.2;5.2;5.2;5.2;11;0
ЗВЕЗДА ао;60;20170202;140000;5.18;5.21;5.18;5.21;20;0
ЗВЕЗДА ао;60;20170202;150000;5.05;5.05;4.98;4.98;3;0
ЗВЕЗДА ао;60;20170202;160000;5.18;5.18;5.18;5.18;1;0
ЗВЕЗДА ао;60;20170203;100000;5.24;5.24;5.06;5.06;2;0
ЗВЕЗДА ао;60;20170203;110000;5.24;5.27;5.24;5.27;3;0
ЗВЕЗДА ао;60;20170206;100000;5.29;5.3;5.29;5.3;19;0
ЗВЕЗДА ао;60;20170206;110000;5.04;5.08;5.04;5.08;6;0
ЗВЕЗДА ао;60;20170206;130000;5.04;5.04;5.04;5.04;1;0
ЗВЕЗДА ао;60;20170206;150000;5.24;5.24;5.24;5.24;4;0
ЗВЕЗДА ао;60;20170207;140000;5.05;5.05;5.05;5.05;2;0
ЗВЕЗДА ао;60;20170207;150000;5.23;5.25;5.23;5.25;3;0
ЗВЕЗДА ао;60;20170208;100000;5.07;5.07;5.07;5.07;2;0
ЗВЕЗДА ао;60;20170208;140000;5.06;5.06;5.06;5.06;1;0
ЗВЕЗДА ао;60;20170209;100000;4.95;5.04;4.95;5.04;3;0
ЗВЕЗДА ао;60;20170210;100000;4.93;4.93;4.87;4.88;8;0
ЗВЕЗДА ао;60;20170210;120000;4.9;4.9;4.9;4.9;1;0
ЗВЕЗДА ао;60;20170210;180000;5.04;5.04;5.04;5.04;6;0
ЗВЕЗДА ао;60;20170213;120000;4.82;4.82;4.82;4.82;2;0
ЗВЕЗДА ао;60;20170213;130000;4.81;4.81;4.81;4.81;2;0
ЗВЕЗДА ао;60;20170213;150000;4.9;4.9;4.9;4.9;2;0
ЗВЕЗДА ао;60;20170213;170000;4.9;4.9;4.9;4.9;8;0
ЗВЕЗДА ао;60;20170214;100000;4.91;4.91;4.9;4.9;2;0
ЗВЕЗДА ао;60;20170214;110000;4.9;4.9;4.9;4.9;1;0
ЗВЕЗДА ао;60;20170214;120000;5.08;5.08;5.08;5.08;1;0
ЗВЕЗДА ао;60;20170214;160000;4.87;4.87;4.87;4.87;1;0
ЗВЕЗДА ао;60;20170215;100000;4.87;5.04;4.87;5.04;5;0
ЗВЕЗДА ао;60;20170215;110000;4.87;4.87;4.87;4.87;4;0
ЗВЕЗДА ао;60;20170215;150000;4.95;4.95;4.87;4.87;2;0
ЗВЕЗДА ао;60;20170216;110000;4.97;4.98;4.89;4.89;10;0
ЗВЕЗДА ао;60;20170216;130000;4.89;4.89;4.89;4.89;2;0
ЗВЕЗДА ао;60;20170216;150000;4.84;5.04;4.84;5.01;37;0
ЗВЕЗДА ао;60;20170216;160000;5;5;5;5;8;0
ЗВЕЗДА ао;60;20170217;100000;4.9;4.92;4.9;4.92;3;0
ЗВЕЗДА ао;60;20170217;110000;4.99;5.03;4.99;5.03;6;0
ЗВЕЗДА ао;60;20170217;120000;5.05;5.05;5;5;2;0
ЗВЕЗДА ао;60;20170217;140000;5.01;5.01;5.01;5.01;1;0
ЗВЕЗДА ао;60;20170217;150000;5.05;5.1;5.05;5.1;7;0
ЗВЕЗДА ао;60;20170217;160000;5.1;5.1;5.1;5.1;1;0
ЗВЕЗДА ао;60;20170217;170000;5.11;5.17;5.1;5.17;6;0
ЗВЕЗДА ао;60;20170220;110000;5.18;5.4;5.18;5.29;28;0
ЗВЕЗДА ао;60;20170220;120000;5.22;5.22;5.2;5.2;22;0
ЗВЕЗДА ао;60;20170220;130000;5.18;5.18;5.18;5.18;4;0
ЗВЕЗДА ао;60;20170220;140000;5.11;5.29;5.11;5.29;2;0
ЗВЕЗДА ао;60;20170220;160000;5.24;5.24;5.24;5.24;1;0
ЗВЕЗДА ао;60;20170220;170000;5.16;5.16;5;5;5;0
ЗВЕЗДА ао;60;20170220;180000;5;5.25;4.99;5.25;21;0
ЗВЕЗДА ао;60;20170221;100000;5.4;5.4;5.28;5.3;17;0
ЗВЕЗДА ао;60;20170221;110000;5.25;5.25;5.25;5.25;2;0
ЗВЕЗДА ао;60;20170221;120000;5.25;5.29;5.25;5.25;3;0
ЗВЕЗДА ао;60;20170221;130000;5.17;5.17;5.15;5.15;13;0
ЗВЕЗДА ао;60;20170221;140000;5.1;5.1;5.04;5.04;2;0
ЗВЕЗДА ао;60;20170221;150000;5.06;5.06;5.05;5.05;3;0
ЗВЕЗДА ао;60;20170222;130000;5.16;5.16;5.16;5.16;1;0
ЗВЕЗДА ао;60;20170222;180000;5.16;5.16;5.1;5.1;3;0
ЗВЕЗДА ао;60;20170224;110000;6.15;6.15;6.15;6.15;2;0
ЗВЕЗДА ао;60;20170224;120000;5.49;5.49;5.39;5.39;2;0
ЗВЕЗДА ао;60;20170224;140000;5.38;5.5;5.31;5.31;25;0
ЗВЕЗДА ао;60;20170224;180000;5.25;5.25;5.25;5.25;5;0
ЗВЕЗДА ао;60;20170227;100000;5.68;5.68;5.07;5.24;5;0
ЗВЕЗДА ао;60;20170227;110000;5.1;5.24;5.1;5.24;6;0
ЗВЕЗДА ао;60;20170227;140000;5.11;5.11;5.1;5.1;6;0
ЗВЕЗДА ао;60;20170228;100000;5;5;5;5;22;0
ЗВЕЗДА ао;60;20170228;110000;5.23;5.23;5;5;5;0
ЗВЕЗДА ао;60;20170228;120000;5;5;5;5;4;0
ЗВЕЗДА ао;60;20170228;150000;5.01;5.01;5.01;5.01;1;0
ЗВЕЗДА ао;60;20170228;170000;5.01;5.01;5;5;10;0
ЗВЕЗДА ао;60;20170228;180000;5;5;5;5;1;0
ЗВЕЗДА ао;60;20170301;110000;5;5;5;5;2;0
ЗВЕЗДА ао;60;20170301;180000;5;5;4.8;4.8;3;0
ЗВЕЗДА ао;60;20170302;100000;4.99;4.99;4.99;4.99;2;0
ЗВЕЗДА ао;60;20170302;130000;4.99;4.99;4.99;4.99;1;0
ЗВЕЗДА ао;60;20170302;160000;5.09;5.09;5.09;5.09;1;0
ЗВЕЗДА ао;60;20170302;180000;4.92;4.92;4.91;4.91;2;0
ЗВЕЗДА ао;60;20170303;120000;5.2;5.2;5.19;5.19;2;0
ЗВЕЗДА ао;60;20170303;140000;4.86;4.86;4.86;4.86;1;0
ЗВЕЗДА ао;60;20170303;160000;4.99;5;4.99;5;4;0
ЗВЕЗДА ао;60;20170303;170000;4.91;4.91;4.91;4.91;1;0
ЗВЕЗДА ао;60;20170303;180000;4.91;5.19;4.91;5.19;7;0
ЗВЕЗДА ао;60;20170306;100000;4.84;5.39;4.82;4.83;16;0
ЗВЕЗДА ао;60;20170306;110000;4.97;5.22;4.97;5.22;6;0
ЗВЕЗДА ао;60;20170306;150000;5.2;5.2;5.2;5.2;1;0
ЗВЕЗДА ао;60;20170307;100000;5.19;5.19;5.19;5.19;21;0
ЗВЕЗДА ао;60;20170307;110000;5.19;5.19;5.19;5.19;1;0
ЗВЕЗДА ао;60;20170307;120000;5.2;5.2;5.2;5.2;1;0
ЗВЕЗДА ао;60;20170307;130000;5.1;5.1;5.1;5.1;1;0
ЗВЕЗДА ао;60;20170307;160000;4.96;4.96;4.88;4.88;8;0
ЗВЕЗДА ао;60;20170307;180000;4.88;4.88;4.88;4.88;1;0
ЗВЕЗДА ао;60;20170309;140000;4.89;4.89;4.89;4.89;1;0
ЗВЕЗДА ао;60;20170309;150000;4.9;4.9;4.9;4.9;2;0
ЗВЕЗДА ао;60;20170309;180000;5.04;5.19;5.04;5.19;5;0
ЗВЕЗДА ао;60;20170313;120000;5.19;5.19;5.19;5.19;1;0
ЗВЕЗДА ао;60;20170314;150000;4.91;4.91;4.89;4.89;5;0
ЗВЕЗДА ао;60;20170315;120000;4.95;4.95;4.95;4.95;1;0
ЗВЕЗДА ао;60;20170315;140000;4.95;4.95;4.95;4.95;1;0
ЗВЕЗДА ао;60;20170315;170000;4.91;4.91;4.91;4.91;1;0
ЗВЕЗДА ао;60;20170316;110000;5.08;5.08;5.08;5.08;1;0
ЗВЕЗДА ао;60;20170317;160000;4.87;4.88;4.8;4.88;9;0
ЗВЕЗДА ао;60;20170320;140000;4.83;4.83;4.83;4.83;1;0
ЗВЕЗДА ао;60;20170320;170000;4.9;4.9;4.9;4.9;1;0
ЗВЕЗДА ао;60;20170320;180000;4.9;4.9;4.9;4.9;2;0
ЗВЕЗДА ао;60;20170321;140000;4.9;4.9;4.9;4.9;1;0
ЗВЕЗДА ао;60;20170321;150000;4.95;4.95;4.95;4.95;2;0
ЗВЕЗДА ао;60;20170321;170000;5.05;5.06;5.05;5.06;2;0
ЗВЕЗДА ао;60;20170321;180000;5.07;5.07;5.07;5.07;2;0
ЗВЕЗДА ао;60;20170322;110000;4.91;4.91;4.9;4.9;3;0
ЗВЕЗДА ао;60;20170322;160000;4.85;4.94;4.71;4.71;21;0
ЗВЕЗДА ао;60;20170322;170000;4.77;4.95;4.75;4.95;7;0
ЗВЕЗДА ао;60;20170322;180000;4.92;4.94;4.92;4.94;6;0
ЗВЕЗДА ао;60;20170323;110000;4.95;4.95;4.95;4.95;1;0
ЗВЕЗДА ао;60;20170323;120000;5.04;5.04;4.84;4.84;3;0
ЗВЕЗДА ао;60;20170323;180000;4.84;4.9;4.83;4.9;4;0
ЗВЕЗДА ао;60;20170324;120000;4.89;4.9;4.89;4.9;3;0
ЗВЕЗДА ао;60;20170324;160000;4.82;4.82;4.8;4.8;9;0
ЗВЕЗДА ао;60;20170324;170000;4.86;4.9;4.86;4.9;6;0
ЗВЕЗДА ао;60;20170324;180000;4.9;4.9;4.81;4.81;2;0
ЗВЕЗДА ао;60;20170327;180000;4.97;4.97;4.97;4.97;1;0
ЗВЕЗДА ао;60;20170328;110000;4.8;4.8;4.8;4.8;1;0
ЗВЕЗДА ао;60;20170328;130000;4.73;4.73;4.72;4.72;23;0
ЗВЕЗДА ао;60;20170328;140000;4.73;4.73;4.73;4.73;8;0
ЗВЕЗДА ао;60;20170329;100000;4.76;4.76;4.75;4.75;2;0
ЗВЕЗДА ао;60;20170329;110000;4.71;4.71;4.71;4.71;1;0
ЗВЕЗДА ао;60;20170329;130000;4.83;4.83;4.83;4.83;1;0
ЗВЕЗДА ао;60;20170329;170000;4.84;4.84;4.72;4.72;5;0
ЗВЕЗДА ао;60;20170329;180000;4.71;4.71;4.71;4.71;2;0
ЗВЕЗДА ао;60;20170330;100000;4.59;4.59;4.59;4.59;2;0
ЗВЕЗДА ао;60;20170330;110000;4.56;4.67;4.52;4.67;11;0
ЗВЕЗДА ао;60;20170330;120000;4.64;4.64;4.64;4.64;1;0
ЗВЕЗДА ао;60;20170330;180000;4.64;4.64;4.64;4.64;3;0
ЗВЕЗДА ао;60;20170331;100000;4.57;4.57;4.55;4.55;3;0
ЗВЕЗДА ао;60;20170331;140000;4.56;4.56;4.55;4.55;2;0
ЗВЕЗДА ао;60;20170331;160000;4.55;4.55;4.55;4.55;1;0
ЗВЕЗДА ао;60;20170331;170000;4.55;4.55;4.55;4.55;2;0
ЗВЕЗДА ао;60;20170331;180000;4.55;4.55;4.55;4.55;1;0
ЗВЕЗДА ао;60;20170404;150000;4.6;4.6;4.6;4.6;1;0
ЗВЕЗДА ао;60;20170404;160000;4.55;4.55;4.55;4.55;1;0
ЗВЕЗДА ао;60;20170404;180000;4.51;4.51;4.51;4.51;2;0
ЗВЕЗДА ао;60;20170405;100000;4.42;4.5;4.42;4.42;3;0
ЗВЕЗДА ао;60;20170405;130000;4.7;4.7;4.7;4.7;2;0
ЗВЕЗДА ао;60;20170405;140000;4.51;4.53;4.51;4.53;2;0
ЗВЕЗДА ао;60;20170405;160000;4.48;4.48;4.45;4.45;2;0
ЗВЕЗДА ао;60;20170406;100000;4.69;4.81;4.69;4.7;10;0
ЗВЕЗДА ао;60;20170406;130000;4.51;4.51;4.5;4.5;2;0
ЗВЕЗДА ао;60;20170406;150000;4.67;4.67;4.46;4.46;2;0
ЗВЕЗДА ао;60;20170406;170000;4.51;4.51;4.51;4.51;1;0
ЗВЕЗДА ао;60;20170406;180000;4.5;4.5;4.5;4.5;1;0
ЗВЕЗДА ао;60;20170407;170000;4.5;4.5;4.5;4.5;2;0
ЗВЕЗДА ао;60;20170410;110000;4.26;4.35;4.15;4.15;10;0
ЗВЕЗДА ао;60;20170410;120000;4.12;4.15;3.97;4.14;17;0
ЗВЕЗДА ао;60;20170410;130000;4.14;4.18;4.14;4.18;9;0
ЗВЕЗДА ао;60;20170410;180000;4.29;4.29;4.18;4.18;3;0
ЗВЕЗДА ао;60;20170411;110000;4.37;4.37;4.34;4.34;3;0
ЗВЕЗДА ао;60;20170411;120000;4.25;4.25;4.25;4.25;1;0
ЗВЕЗДА ао;60;20170412;150000;4.3;4.3;4.3;4.3;2;0
ЗВЕЗДА ао;60;20170413;110000;4.46;4.5;4.46;4.5;29;0
ЗВЕЗДА ао;60;20170413;120000;4.32;4.32;4.3;4.3;8;0
ЗВЕЗДА ао;60;20170413;130000;4.3;4.3;4;4.07;52;0
ЗВЕЗДА ао;60;20170413;140000;4.01;4.09;4;4;4;0
ЗВЕЗДА ао;60;20170413;150000;4.06;4.07;4.06;4.07;3;0
ЗВЕЗДА ао;60;20170413;160000;4;4;3.87;3.98;42;0
ЗВЕЗДА ао;60;20170413;170000;3.81;4;3.81;3.93;6;0
ЗВЕЗДА ао;60;20170413;180000;4.01;4.01;3.88;3.91;7;0
ЗВЕЗДА ао;60;20170414;110000;4;4;4;4;1;0
ЗВЕЗДА ао;60;20170414;160000;4;4;4;4;1;0
ЗВЕЗДА ао;60;20170417;100000;4.29;4.29;4.29;4.29;2;0
ЗВЕЗДА ао;60;20170417;150000;3.73;3.74;3.73;3.74;2;0
ЗВЕЗДА ао;60;20170417;160000;3.77;3.77;3.77;3.77;1;0
ЗВЕЗДА ао;60;20170417;170000;3.84;3.85;3.74;3.74;10;0
ЗВЕЗДА ао;60;20170417;180000;3.9;3.9;3.9;3.9;1;0
ЗВЕЗДА ао;60;20170418;100000;3.95;3.95;3.95;3.95;1;0
ЗВЕЗДА ао;60;20170418;140000;3.96;3.96;3.96;3.96;2;0
ЗВЕЗДА ао;60;20170419;100000;4.14;4.14;4.14;4.14;1;0
ЗВЕЗДА ао;60;20170420;100000;3.74;3.74;3.73;3.73;3;0
ЗВЕЗДА ао;60;20170420;120000;3.98;3.99;3.8;3.8;7;0
ЗВЕЗДА ао;60;20170420;140000;3.81;3.81;3.81;3.81;1;0
ЗВЕЗДА ао;60;20170420;170000;3.81;3.81;3.81;3.81;1;0
ЗВЕЗДА ао;60;20170421;100000;3.81;3.81;3.8;3.8;2;0
ЗВЕЗДА ао;60;20170421;130000;4.03;4.03;4.03;4.03;2;0
ЗВЕЗДА ао;60;20170424;120000;3.99;3.99;3.66;3.69;4;0
ЗВЕЗДА ао;60;20170424;130000;3.7;3.72;3.7;3.72;5;0
ЗВЕЗДА ао;60;20170424;160000;3.75;3.75;3.75;3.75;1;0
ЗВЕЗДА ао;60;20170424;180000;3.8;3.8;3.8;3.8;4;0
ЗВЕЗДА ао;60;20170425;110000;3.81;3.99;3.81;3.99;3;0
ЗВЕЗДА ао;60;20170425;140000;3.96;4;3.96;4;25;0
ЗВЕЗДА ао;60;20170426;100000;3.63;3.63;3.63;3.63;1;0
ЗВЕЗДА ао;60;20170426;110000;3.77;3.9;3.6;3.9;26;0
ЗВЕЗДА ао;60;20170427;110000;3.74;3.74;3.74;3.74;2;0
ЗВЕЗДА ао;60;20170427;180000;3.87;3.95;3.87;3.95;4;0
ЗВЕЗДА ао;60;20170428;110000;3.96;3.96;3.96;3.96;1;0
ЗВЕЗДА ао;60;20170428;180000;3.99;4;3.99;4;7;0
ЗВЕЗДА ао;60;20170502;100000;3.84;3.84;3.83;3.83;4;0
ЗВЕЗДА ао;60;20170502;110000;4;4;4;4;1;0
ЗВЕЗДА ао;60;20170502;120000;3.96;3.96;3.96;3.96;1;0
ЗВЕЗДА ао;60;20170502;140000;3.96;3.96;3.96;3.96;1;0
ЗВЕЗДА ао;60;20170502;170000;3.95;3.95;3.95;3.95;1;0
ЗВЕЗДА ао;60;20170502;180000;3.98;3.99;3.98;3.99;5;0
ЗВЕЗДА ао;60;20170503;110000;3.77;4;3.77;4;11;0
ЗВЕЗДА ао;60;20170503;130000;4;4;4;4;2;0
ЗВЕЗДА ао;60;20170503;150000;3.91;3.91;3.91;3.91;5;0
ЗВЕЗДА ао;60;20170503;170000;3.9;3.9;3.9;3.9;1;0
ЗВЕЗДА ао;60;20170503;180000;3.9;3.9;3.9;3.9;1;0
ЗВЕЗДА ао;60;20170504;120000;3.99;3.99;3.99;3.99;1;0
ЗВЕЗДА ао;60;20170504;130000;3.94;3.94;3.94;3.94;6;0
ЗВЕЗДА ао;60;20170504;170000;3.91;3.91;3.91;3.91;1;0
ЗВЕЗДА ао;60;20170505;110000;3.91;3.91;3.91;3.91;5;0
ЗВЕЗДА ао;60;20170505;120000;3.9;3.9;3.9;3.9;1;0
ЗВЕЗДА ао;60;20170505;150000;3.9;3.91;3.9;3.91;5;0
ЗВЕЗДА ао;60;20170510;110000;3.92;3.92;3.92;3.92;1;0
ЗВЕЗДА ао;60;20170510;130000;3.91;3.91;3.9;3.9;6;0
ЗВЕЗДА ао;60;20170510;180000;3.75;3.75;3.75;3.75;1;0
ЗВЕЗДА ао;60;20170511;160000;3.89;3.89;3.89;3.89;1;0
ЗВЕЗДА ао;60;20170511;180000;3.9;3.91;3.9;3.91;6;0
ЗВЕЗДА ао;60;20170512;120000;3.81;3.81;3.76;3.76;5;0
ЗВЕЗДА ао;60;20170512;170000;3.74;3.74;3.74;3.74;1;0
ЗВЕЗДА ао;60;20170515;130000;3.68;3.68;3.67;3.67;4;0
ЗВЕЗДА ао;60;20170516;160000;3.68;3.68;3.6;3.6;4;0
ЗВЕЗДА ао;60;20170516;170000;3.59;3.59;3.59;3.59;1;0
ЗВЕЗДА ао;60;20170517;110000;3.51;3.51;3.31;3.35;8;0
ЗВЕЗДА ао;60;20170517;120000;3.68;3.68;3.68;3.68;1;0
ЗВЕЗДА ао;60;20170518;110000;3.81;4;3.81;4;27;0
ЗВЕЗДА ао;60;20170518;120000;3.92;3.92;3.92;3.92;1;0
ЗВЕЗДА ао;60;20170518;140000;3.92;3.92;3.92;3.92;1;0
ЗВЕЗДА ао;60;20170519;100000;3.47;3.47;3.47;3.47;1;0
ЗВЕЗДА ао;60;20170519;110000;3.99;3.99;3.99;3.99;1;0
ЗВЕЗДА ао;60;20170519;150000;3.9;3.9;3.9;3.9;1;0
ЗВЕЗДА ао;60;20170522;110000;3.74;3.74;3.73;3.73;7;0
ЗВЕЗДА ао;60;20170522;130000;3.9;3.9;3.67;3.67;4;0
ЗВЕЗДА ао;60;20170522;140000;3.65;3.65;3.65;3.65;1;0
ЗВЕЗДА ао;60;20170522;170000;3.66;3.66;3.65;3.65;2;0
ЗВЕЗДА ао;60;20170522;180000;3.75;3.75;3.75;3.75;1;0
ЗВЕЗДА ао;60;20170523;100000;3.48;3.48;3.48;3.48;16;0
ЗВЕЗДА ао;60;20170523;110000;3.6;3.6;3.46;3.46;5;0
ЗВЕЗДА ао;60;20170523;120000;3.55;3.55;3.55;3.55;2;0
ЗВЕЗДА ао;60;20170523;140000;3.46;3.46;3.44;3.45;31;0
ЗВЕЗДА ао;60;20170523;150000;3.53;3.53;3.42;3.42;4;0
ЗВЕЗДА ао;60;20170523;160000;3.5;3.56;3.49;3.56;17;0
ЗВЕЗДА ао;60;20170523;170000;3.61;3.68;3.61;3.65;9;0
ЗВЕЗДА ао;60;20170523;180000;3.69;3.69;3.69;3.69;3;0
ЗВЕЗДА ао;60;20170524;120000;3.56;3.56;3.56;3.56;4;0
ЗВЕЗДА ао;60;20170524;140000;3.62;3.62;3.62;3.62;4;0
ЗВЕЗДА ао;60;20170525;150000;3.7;3.7;3.7;3.7;1;0
ЗВЕЗДА ао;60;20170525;160000;3.84;3.84;3.84;3.84;1;0
ЗВЕЗДА ао;60;20170525;170000;3.85;4.32;3.85;4.22;38;0
ЗВЕЗДА ао;60;20170525;180000;4.05;4.05;3.97;4;42;0
ЗВЕЗДА ао;60;20170526;100000;3.89;3.89;3.89;3.89;10;0
ЗВЕЗДА ао;60;20170526;120000;3.84;4;3.84;3.99;37;0
ЗВЕЗДА ао;60;20170526;170000;3.91;3.91;3.91;3.91;1;0
ЗВЕЗДА ао;60;20170529;100000;3.89;3.89;3.89;3.89;1;0
ЗВЕЗДА ао;60;20170529;160000;3.85;3.9;3.85;3.9;70;0
ЗВЕЗДА ао;60;20170529;180000;3.83;3.83;3.83;3.83;1;0
ЗВЕЗДА ао;60;20170530;100000;3.85;3.85;3.85;3.85;1;0
ЗВЕЗДА ао;60;20170530;140000;3.79;3.79;3.79;3.79;3;0
ЗВЕЗДА ао;60;20170530;160000;3.78;3.78;3.75;3.75;27;0
ЗВЕЗДА ао;60;20170530;170000;3.74;3.75;3.74;3.75;4;0
ЗВЕЗДА ао;60;20170531;100000;3.51;3.69;3.42;3.69;3;0
ЗВЕЗДА ао;60;20170531;110000;3.69;3.69;3.69;3.69;1;0
ЗВЕЗДА ао;60;20170531;120000;3.52;3.52;3.52;3.52;1;0
ЗВЕЗДА ао;60;20170531;170000;3.54;3.54;3.54;3.54;1;0
ЗВЕЗДА ао;60;20170601;100000;3.56;3.56;3.4;3.51;3;0
ЗВЕЗДА ао;60;20170601;110000;3.46;3.46;3.46;3.46;1;0
ЗВЕЗДА ао;60;20170601;120000;3.5;3.5;3.5;3.5;1;0
ЗВЕЗДА ао;60;20170601;130000;3.46;3.46;3.46;3.46;1;0
ЗВЕЗДА ао;60;20170601;140000;3.46;3.46;3.46;3.46;1;0
ЗВЕЗДА ао;60;20170601;150000;3.66;3.67;3.66;3.67;4;0
ЗВЕЗДА ао;60;20170602;120000;3.5;3.5;3.5;3.5;1;0
ЗВЕЗДА ао;60;20170602;130000;3.53;3.53;3.5;3.5;11;0
ЗВЕЗДА ао;60;20170602;180000;3.67;3.67;3.67;3.67;1;0
ЗВЕЗДА ао;60;20170605;130000;3.7;3.9;3.7;3.89;11;0
ЗВЕЗДА ао;60;20170605;140000;3.89;3.89;3.89;3.89;1;0
ЗВЕЗДА ао;60;20170606;150000;3.66;3.66;3.65;3.65;5;0
ЗВЕЗДА ао;60;20170606;160000;3.66;3.66;3.66;3.66;1;0
ЗВЕЗДА ао;60;20170614;110000;3.5;3.5;3.5;3.5;1;0
ЗВЕЗДА ао;60;20170614;180000;3.53;3.53;3.53;3.53;1;0
ЗВЕЗДА ао;60;20170615;110000;4.33;4.33;4.28;4.28;2;0
ЗВЕЗДА ао;60;20170615;130000;3.63;3.63;3.63;3.63;1;0
ЗВЕЗДА ао;60;20170615;180000;3.61;3.61;3.61;3.61;1;0
ЗВЕЗДА ао;60;20170619;110000;3.6;3.6;3.6;3.6;1;0
ЗВЕЗДА ао;60;20170619;160000;3.43;3.43;3.43;3.43;1;0
ЗВЕЗДА ао;60;20170620;120000;3.45;3.45;3.45;3.45;1;0
ЗВЕЗДА ао;60;20170621;140000;3.47;3.47;3.47;3.47;1;0
ЗВЕЗДА ао;60;20170621;150000;3.46;3.47;3.46;3.47;2;0
ЗВЕЗДА ао;60;20170621;160000;3.6;3.6;3.51;3.51;2;0
ЗВЕЗДА ао;60;20170623;130000;3.64;3.64;3.64;3.64;1;0
ЗВЕЗДА ао;60;20170623;160000;3.64;3.64;3.64;3.64;1;0
ЗВЕЗДА ао;60;20170623;180000;3.7;3.7;3.7;3.7;1;0
ЗВЕЗДА ао;60;20170626;100000;3.98;3.98;3.75;3.75;5;0
ЗВЕЗДА ао;60;20170626;110000;3.76;3.76;3.76;3.76;1;0
ЗВЕЗДА ао;60;20170626;130000;3.7;3.7;3.7;3.7;1;0
ЗВЕЗДА ао;60;20170626;180000;3.72;3.73;3.72;3.73;4;0
ЗВЕЗДА ао;60;20170627;100000;3.6;3.9;3.4;3.9;8;0
ЗВЕЗДА ао;60;20170627;110000;3.89;3.89;3.89;3.89;1;0
ЗВЕЗДА ао;60;20170627;120000;3.6;3.6;3.6;3.6;2;0
ЗВЕЗДА ао;60;20170627;180000;3.85;3.85;3.85;3.85;1;0
ЗВЕЗДА ао;60;20170628;140000;3.83;3.83;3.83;3.83;1;0
ЗВЕЗДА ао;60;20170628;160000;3.87;3.87;3.87;3.87;1;0
ЗВЕЗДА ао;60;20170629;110000;3.87;3.88;3.87;3.88;3;0
ЗВЕЗДА ао;60;20170629;120000;3.97;3.97;3.97;3.97;2;0
ЗВЕЗДА ао;60;20170630;100000;3.87;3.87;3.87;3.87;1;0
ЗВЕЗДА ао;60;20170630;120000;3.9;3.9;3.9;3.9;1;0
ЗВЕЗДА ао;60;20170703;170000;3.66;3.66;3.66;3.66;1;0
ЗВЕЗДА ао;60;20170704;140000;3.68;3.68;3.4;3.4;24;0
ЗВЕЗДА ао;60;20170704;150000;3.68;3.88;3.68;3.88;3;0
ЗВЕЗДА ао;60;20170704;160000;3.58;3.58;3.58;3.58;1;0
ЗВЕЗДА ао;60;20170704;180000;3.8;3.8;3.8;3.8;1;0
ЗВЕЗДА ао;60;20170705;120000;3.74;3.95;3.74;3.95;10;0
ЗВЕЗДА ао;60;20170705;130000;3.93;4.5;3.93;4.2;21;0
ЗВЕЗДА ао;60;20170705;140000;4.1;4.2;3.71;3.71;13;0
ЗВЕЗДА ао;60;20170705;180000;3.8;3.8;3.8;3.8;1;0
ЗВЕЗДА ао;60;20170706;150000;3.8;3.8;3.8;3.8;1;0
ЗВЕЗДА ао;60;20170706;160000;4.13;4.34;4.13;4.34;15;0
ЗВЕЗДА ао;60;20170706;170000;4.02;4.02;4;4;7;0
ЗВЕЗДА ао;60;20170706;180000;4.19;4.19;4.19;4.19;13;0
ЗВЕЗДА ао;60;20170707;120000;4.03;4.1;4.03;4.1;2;0
ЗВЕЗДА ао;60;20170707;170000;3.95;3.95;3.81;3.81;21;0
ЗВЕЗДА ао;60;20170707;180000;3.86;3.86;3.86;3.86;2;0
ЗВЕЗДА ао;60;20170710;140000;3.83;3.83;3.83;3.83;1;0
ЗВЕЗДА ао;60;20170710;170000;3.83;3.83;3.82;3.82;16;0
ЗВЕЗДА ао;60;20170711;100000;3.99;3.99;3.84;3.84;2;0
ЗВЕЗДА ао;60;20170711;120000;3.81;3.81;3.81;3.81;1;0
ЗВЕЗДА ао;60;20170711;160000;3.93;3.94;3.93;3.94;2;0
ЗВЕЗДА ао;60;20170711;170000;3.88;3.88;3.83;3.83;10;0
ЗВЕЗДА ао;60;20170712;100000;3.71;3.71;3.71;3.71;1;0
ЗВЕЗДА ао;60;20170712;110000;3.98;4;3.98;4;9;0
ЗВЕЗДА ао;60;20170713;160000;3.81;3.81;3.81;3.81;1;0
ЗВЕЗДА ао;60;20170713;170000;3.81;3.81;3.8;3.8;10;0
ЗВЕЗДА ао;60;20170714;160000;3.75;3.75;3.73;3.73;5;0
ЗВЕЗДА ао;60;20170717;100000;3.87;3.87;3.87;3.87;2;0
ЗВЕЗДА ао;60;20170717;140000;3.88;3.88;3.88;3.88;1;0
ЗВЕЗДА ао;60;20170717;180000;3.87;3.87;3.87;3.87;1;0
ЗВЕЗДА ао;60;20170719;170000;3.72;3.72;3.72;3.72;2;0
ЗВЕЗДА ао;60;20170720;160000;3.76;3.76;3.73;3.73;3;0
ЗВЕЗДА ао;60;20170720;180000;3.72;3.72;3.7;3.7;3;0
ЗВЕЗДА ао;60;20170721;110000;3.83;3.86;3.83;3.86;5;0
ЗВЕЗДА ао;60;20170721;120000;3.84;3.88;3.84;3.88;6;0
ЗВЕЗДА ао;60;20170721;170000;3.88;3.88;3.88;3.88;3;0
ЗВЕЗДА ао;60;20170724;130000;3.91;3.91;3.88;3.88;30;0
ЗВЕЗДА ао;60;20170725;160000;3.79;3.79;3.73;3.73;19;0
ЗВЕЗДА ао;60;20170726;110000;3.8;4.07;3.8;4.07;5;0
ЗВЕЗДА ао;60;20170726;120000;3.85;3.85;3.8;3.8;3;0
ЗВЕЗДА ао;60;20170726;150000;3.84;3.87;3.52;3.52;11;0
ЗВЕЗДА ао;60;20170726;160000;3.6;3.6;3.6;3.6;1;0
ЗВЕЗДА ао;60;20170727;110000;3.64;3.64;3.64;3.64;1;0
ЗВЕЗДА ао;60;20170728;180000;3.64;3.64;3.64;3.64;4;0
ЗВЕЗДА ао;60;20170731;100000;3.79;3.89;3.79;3.89;17;0
ЗВЕЗДА ао;60;20170731;110000;3.67;4.09;3.62;3.62;21;0
ЗВЕЗДА ао;60;20170803;100000;3.7;3.88;3.62;3.88;4;0
ЗВЕЗДА ао;60;20170803;110000;3.89;4.3;3.89;4;52;0
ЗВЕЗДА ао;60;20170803;120000;3.85;4.01;3.65;4.01;58;0
ЗВЕЗДА ао;60;20170803;140000;4.04;4.04;3.99;4;16;0
ЗВЕЗДА ао;60;20170803;150000;4;4;4;4;1;0
ЗВЕЗДА ао;60;20170803;160000;3.86;3.86;3.86;3.86;1;0
ЗВЕЗДА ао;60;20170803;170000;3.86;3.86;3.82;3.82;9;0
ЗВЕЗДА ао;60;20170803;180000;3.8;3.84;3.8;3.84;5;0
ЗВЕЗДА ао;60;20170804;100000;3.78;3.83;3.69;3.69;9;0
ЗВЕЗДА ао;60;20170804;110000;3.77;3.83;3.68;3.68;12;0
ЗВЕЗДА ао;60;20170804;120000;3.69;3.69;3.68;3.68;10;0
ЗВЕЗДА ао;60;20170804;150000;3.85;3.85;3.85;3.85;1;0
ЗВЕЗДА ао;60;20170804;170000;3.76;3.76;3.76;3.76;1;0
ЗВЕЗДА ао;60;20170804;180000;3.76;3.76;3.75;3.75;2;0
ЗВЕЗДА ао;60;20170807;100000;3.62;3.62;3.6;3.6;5;0
ЗВЕЗДА ао;60;20170807;120000;3.67;3.67;3.67;3.67;1;0
ЗВЕЗДА ао;60;20170807;150000;3.71;3.71;3.7;3.7;3;0
ЗВЕЗДА ао;60;20170808;170000;3.75;3.89;3.75;3.89;11;0
ЗВЕЗДА ао;60;20170808;180000;3.84;3.84;3.82;3.82;2;0
ЗВЕЗДА ао;60;20170809;100000;3.85;3.85;3.85;3.85;1;0
ЗВЕЗДА ао;60;20170809;160000;3.85;3.91;3.85;3.91;2;0
ЗВЕЗДА ао;60;20170810;140000;3.8;3.93;3.8;3.93;5;0
ЗВЕЗДА ао;60;20170810;180000;3.75;3.75;3.75;3.75;2;0
ЗВЕЗДА ао;60;20170811;100000;3.63;3.63;3.62;3.62;2;0
ЗВЕЗДА ао;60;20170811;110000;3.83;3.83;3.83;3.83;5;0
ЗВЕЗДА ао;60;20170811;170000;3.72;3.72;3.63;3.63;7;0
ЗВЕЗДА ао;60;20170814;100000;3.64;3.69;2.47;3.38;59;0
ЗВЕЗДА ао;60;20170814;110000;3.53;3.53;3.5;3.5;4;0
ЗВЕЗДА ао;60;20170814;120000;3.5;3.5;3.5;3.5;3;0
ЗВЕЗДА ао;60;20170814;130000;3.58;3.6;3.58;3.6;2;0
ЗВЕЗДА ао;60;20170814;140000;3.54;3.54;3.52;3.52;2;0
ЗВЕЗДА ао;60;20170814;150000;3.54;3.67;3.54;3.67;10;0
ЗВЕЗДА ао;60;20170815;120000;3.73;3.73;3.73;3.73;1;0
ЗВЕЗДА ао;60;20170815;160000;3.69;3.69;3.69;3.69;1;0
ЗВЕЗДА ао;60;20170815;180000;3.69;3.7;3.69;3.7;3;0
ЗВЕЗДА ао;60;20170816;110000;3.84;3.88;3.84;3.88;5;0
ЗВЕЗДА ао;60;20170816;120000;3.8;3.8;3.8;3.8;1;0
ЗВЕЗДА ао;60;20170816;160000;3.8;3.8;3.8;3.8;1;0
ЗВЕЗДА ао;60;20170817;140000;3.62;3.72;3.62;3.72;4;0
ЗВЕЗДА ао;60;20170817;150000;3.7;3.7;3.61;3.61;4;0
ЗВЕЗДА ао;60;20170817;180000;3.7;3.7;3.69;3.69;2;0
ЗВЕЗДА ао;60;20170818;100000;3.8;3.8;3.7;3.7;2;0
ЗВЕЗДА ао;60;20170818;110000;3.62;3.62;3.6;3.6;3;0
ЗВЕЗДА ао;60;20170818;160000;3.68;3.68;3.68;3.68;1;0
ЗВЕЗДА ао;60;20170818;170000;3.7;3.7;3.7;3.7;1;0
ЗВЕЗДА ао;60;20170821;110000;3.7;3.7;3.7;3.7;2;0
ЗВЕЗДА ао;60;20170822;170000;3.51;3.51;3.51;3.51;1;0
ЗВЕЗДА ао;60;20170822;180000;3.65;3.65;3.65;3.65;1;0
ЗВЕЗДА ао;60;20170823;170000;3.51;3.6;3.5;3.5;9;0
ЗВЕЗДА ао;60;20170823;180000;3.49;3.49;3.47;3.47;7;0
ЗВЕЗДА ао;60;20170824;130000;3.55;3.55;3.55;3.55;1;0
ЗВЕЗДА ао;60;20170824;160000;3.46;3.46;3.43;3.43;5;0
ЗВЕЗДА ао;60;20170824;170000;3.44;3.44;3.42;3.42;7;0
ЗВЕЗДА ао;60;20170825;130000;3.41;3.41;3.21;3.22;79;0
ЗВЕЗДА ао;60;20170825;140000;3.3;3.3;3.3;3.3;1;0
ЗВЕЗДА ао;60;20170825;150000;3.3;3.39;3.3;3.39;6;0
ЗВЕЗДА ао;60;20170825;160000;3.35;3.35;3.27;3.27;9;0
ЗВЕЗДА ао;60;20170825;170000;3.28;3.29;3.27;3.27;8;0
ЗВЕЗДА ао;60;20170825;180000;3.33;3.34;3.3;3.3;6;0
ЗВЕЗДА ао;60;20170828;100000;3.22;3.25;3.22;3.25;4;0
ЗВЕЗДА ао;60;20170828;110000;3.25;3.25;3.25;3.25;1;0
ЗВЕЗДА ао;60;20170828;130000;3.38;3.38;3.3;3.3;2;0
ЗВЕЗДА ао;60;20170828;140000;3.3;3.35;3.3;3.35;4;0
ЗВЕЗДА ао;60;20170828;150000;3.37;3.41;3.37;3.41;2;0
ЗВЕЗДА ао;60;20170828;170000;3.28;3.3;3.25;3.25;11;0
ЗВЕЗДА ао;60;20170828;180000;3.37;3.37;3.22;3.23;5;0
ЗВЕЗДА ао;60;20170829;120000;3.33;3.35;3.33;3.35;3;0
ЗВЕЗДА ао;60;20170829;140000;3.2;3.2;3.15;3.16;9;0
ЗВЕЗДА ао;60;20170829;160000;3.28;3.28;3.24;3.24;2;0
ЗВЕЗДА ао;60;20170829;170000;3.19;3.19;3.14;3.14;10;0
ЗВЕЗДА ао;60;20170829;180000;3.14;3.14;3.14;3.14;1;0
ЗВЕЗДА ао;60;20170830;120000;3.17;3.17;3.14;3.14;12;0
ЗВЕЗДА ао;60;20170830;140000;3.14;3.14;3.14;3.14;2;0
ЗВЕЗДА ао;60;20170830;160000;3.14;3.24;3.13;3.24;3;0
ЗВЕЗДА ао;60;20170830;170000;3.18;3.2;3.17;3.18;10;0
ЗВЕЗДА ао;60;20170831;100000;3.24;3.25;3.24;3.25;2;0
ЗВЕЗДА ао;60;20170831;110000;3.21;3.24;3.21;3.24;2;0
ЗВЕЗДА ао;60;20170831;130000;3.25;3.25;3.2;3.2;24;0
ЗВЕЗДА ао;60;20170831;170000;3.21;3.21;3.2;3.2;6;0
ЗВЕЗДА ао;60;20170901;130000;3.18;3.18;3.18;3.18;1;0
ЗВЕЗДА ао;60;20170901;140000;3.11;3.22;3.1;3.22;3;0
ЗВЕЗДА ао;60;20170901;160000;3.19;3.19;3.19;3.19;1;0
ЗВЕЗДА ао;60;20170904;120000;3.11;3.15;3.1;3.1;22;0
ЗВЕЗДА ао;60;20170904;150000;3.17;3.17;3.17;3.17;1;0
ЗВЕЗДА ао;60;20170904;160000;3.18;3.2;3.16;3.2;23;0
ЗВЕЗДА ао;60;20170904;180000;3.2;3.2;3.2;3.2;2;0
ЗВЕЗДА ао;60;20170905;100000;3.24;3.24;3.23;3.23;2;0
ЗВЕЗДА ао;60;20170905;130000;3.22;3.22;3.2;3.2;50;0
ЗВЕЗДА ао;60;20170905;140000;3.2;3.2;3.1;3.1;48;0
ЗВЕЗДА ао;60;20170905;150000;3.14;3.2;3.14;3.2;10;0
ЗВЕЗДА ао;60;20170905;160000;3.17;3.17;3.17;3.17;1;0
ЗВЕЗДА ао;60;20170905;170000;3.16;3.18;3.16;3.18;2;0
ЗВЕЗДА ао;60;20170905;180000;3.17;3.17;3.17;3.17;1;0
ЗВЕЗДА ао;60;20170906;100000;3.33;3.35;3.2;3.2;3;0
ЗВЕЗДА ао;60;20170906;110000;3.24;3.25;3.24;3.24;3;0
ЗВЕЗДА ао;60;20170906;120000;3.24;3.24;3.24;3.24;1;0
ЗВЕЗДА ао;60;20170906;130000;3.25;3.26;3.25;3.25;15;0
ЗВЕЗДА ао;60;20170906;140000;3.25;3.25;3.24;3.24;50;0
ЗВЕЗДА ао;60;20170906;150000;3.28;3.3;3.28;3.3;4;0
ЗВЕЗДА ао;60;20170906;160000;3.28;3.29;3.28;3.29;12;0
ЗВЕЗДА ао;60;20170907;100000;3.47;4.29;3.25;4.16;125;0
ЗВЕЗДА ао;60;20170907;110000;4.17;4.21;3.68;3.78;175;0
ЗВЕЗДА ао;60;20170907;120000;3.78;3.98;3.78;3.86;57;0
ЗВЕЗДА ао;60;20170907;130000;3.86;3.99;3.73;3.99;45;0
ЗВЕЗДА ао;60;20170907;140000;4;4.6;4;4.42;370;0
ЗВЕЗДА ао;60;20170907;150000;4.39;4.53;4.33;4.37;94;0
ЗВЕЗДА ао;60;20170907;160000;4.5;4.5;4.42;4.42;21;0
ЗВЕЗДА ао;60;20170907;170000;4.42;4.6;4.42;4.6;207;0
ЗВЕЗДА ао;60;20170907;180000;4.6;4.6;4.6;4.6;61;0
ЗВЕЗДА ао;60;20170908;090000;4.98;4.98;4.98;4.98;21;0
ЗВЕЗДА ао;60;20170908;100000;5;6.43;4.98;6.4;1713;0
ЗВЕЗДА ао;60;20170908;110000;6.39;6.4;6.23;6.35;287;0
ЗВЕЗДА ао;60;20170908;120000;6.35;6.35;6.01;6.02;80;0
ЗВЕЗДА ао;60;20170908;130000;6.16;6.43;6.16;6.43;145;0
ЗВЕЗДА ао;60;20170908;140000;6.43;6.43;6.43;6.43;1;0
ЗВЕЗДА ао;60;20170908;150000;6.43;6.43;6.43;6.43;18;0
ЗВЕЗДА ао;60;20170908;160000;6.43;6.43;6.43;6.43;1;0
ЗВЕЗДА ао;60;20170908;170000;6.43;6.43;6.43;6.43;20;0
ЗВЕЗДА ао;60;20170908;180000;6.43;6.43;6.43;6.43;1;0
ЗВЕЗДА ао;60;20170911;090000;7.07;7.07;7.07;7.07;12;0
ЗВЕЗДА ао;60;20170911;100000;7.07;8.98;6.45;8.03;767;0
ЗВЕЗДА ао;60;20170911;110000;8.17;8.5;8;8.45;188;0
ЗВЕЗДА ао;60;20170911;120000;8.41;8.43;8.18;8.4;88;0
ЗВЕЗДА ао;60;20170911;130000;8.4;8.4;8.18;8.18;58;0
ЗВЕЗДА ао;60;20170911;140000;8.2;8.37;8.11;8.11;44;0
ЗВЕЗДА ао;60;20170911;150000;8.11;8.3;8.11;8.3;36;0
ЗВЕЗДА ао;60;20170911;160000;8.26;8.4;8.21;8.38;52;0
ЗВЕЗДА ао;60;20170911;170000;8.37;8.37;7.79;8.04;104;0
ЗВЕЗДА ао;60;20170911;180000;8;8.07;7.85;7.85;67;0
ЗВЕЗДА ао;60;20170912;090000;7.99;7.99;7.99;7.99;3;0
ЗВЕЗДА ао;60;20170912;100000;7.97;8.45;6.6;7.17;623;0
ЗВЕЗДА ао;60;20170912;110000;7.02;7.02;6.81;6.88;72;0
ЗВЕЗДА ао;60;20170912;120000;6.85;6.94;6.57;6.75;98;0
ЗВЕЗДА ао;60;20170912;130000;6.66;6.78;6.65;6.77;19;0
ЗВЕЗДА ао;60;20170912;140000;6.8;6.82;6.61;6.61;56;0
ЗВЕЗДА ао;60;20170912;150000;6.57;6.85;6.57;6.78;48;0
ЗВЕЗДА ао;60;20170912;160000;6.69;7.63;6.65;7.26;312;0
ЗВЕЗДА ао;60;20170912;170000;7.22;7.28;7.2;7.28;11;0
ЗВЕЗДА ао;60;20170912;180000;7.16;7.16;7.03;7.1;30;0
ЗВЕЗДА ао;60;20170913;100000;6.86;7;6.51;6.6;84;0
ЗВЕЗДА ао;60;20170913;110000;6.6;6.98;6.5;6.64;54;0
ЗВЕЗДА ао;60;20170913;120000;6.64;6.65;6.64;6.65;9;0
ЗВЕЗДА ао;60;20170913;130000;6.64;6.65;6.64;6.64;7;0
ЗВЕЗДА ао;60;20170913;140000;6.64;6.64;6.56;6.64;7;0
ЗВЕЗДА ао;60;20170913;150000;6.61;6.64;6.52;6.52;9;0
ЗВЕЗДА ао;60;20170913;160000;6.53;6.54;6.53;6.53;22;0
ЗВЕЗДА ао;60;20170913;170000;6.53;6.53;6.51;6.53;4;0
ЗВЕЗДА ао;60;20170913;180000;6.55;6.55;6.5;6.5;10;0
ЗВЕЗДА ао;60;20170914;100000;6.46;6.46;6.02;6.18;54;0
ЗВЕЗДА ао;60;20170914;110000;6.17;6.17;5.96;6.04;32;0
ЗВЕЗДА ао;60;20170914;120000;6.03;6.36;6.03;6.05;31;0
ЗВЕЗДА ао;60;20170914;130000;6.05;6.25;6.05;6.25;10;0
ЗВЕЗДА ао;60;20170914;140000;6.24;6.25;5.8;5.84;48;0
ЗВЕЗДА ао;60;20170914;150000;5.9;5.9;5.84;5.9;3;0
ЗВЕЗДА ао;60;20170914;160000;5.92;5.98;5.73;5.98;146;0
ЗВЕЗДА ао;60;20170914;170000;5.98;6.1;5.78;5.81;66;0
ЗВЕЗДА ао;60;20170914;180000;5.83;6;5.82;5.99;22;0
ЗВЕЗДА ао;60;20170915;090000;6.19;6.19;6.19;6.19;1;0
ЗВЕЗДА ао;60;20170915;100000;6.17;6.85;6;6.4;270;0
ЗВЕЗДА ао;60;20170915;110000;6.4;6.49;6.26;6.49;40;0
ЗВЕЗДА ао;60;20170915;120000;6.49;6.58;6.35;6.58;37;0
ЗВЕЗДА ао;60;20170915;130000;6.55;6.58;6.49;6.49;7;0
ЗВЕЗДА ао;60;20170915;140000;6.49;6.5;6.36;6.36;27;0
ЗВЕЗДА ао;60;20170915;150000;6.42;6.42;6.28;6.29;37;0
ЗВЕЗДА ао;60;20170915;160000;6.29;6.58;6.29;6.58;21;0
ЗВЕЗДА ао;60;20170915;170000;6.45;6.56;6.39;6.39;19;0
ЗВЕЗДА ао;60;20170915;180000;6.41;6.49;6.41;6.45;19;0
ЗВЕЗДА ао;60;20170918;090000;6.88;6.88;6.88;6.88;1;0
ЗВЕЗДА ао;60;20170918;100000;6.89;6.89;6.32;6.61;15;0
ЗВЕЗДА ао;60;20170918;110000;6.35;6.59;6.35;6.38;10;0
ЗВЕЗДА ао;60;20170918;120000;6.37;6.49;6.32;6.49;30;0
ЗВЕЗДА ао;60;20170918;130000;6.34;6.34;6.34;6.34;1;0
ЗВЕЗДА ао;60;20170918;150000;6.33;6.33;6.32;6.32;4;0
ЗВЕЗДА ао;60;20170918;160000;6.32;6.32;6.18;6.31;12;0
ЗВЕЗДА ао;60;20170918;170000;6.27;6.3;6.26;6.3;3;0
ЗВЕЗДА ао;60;20170918;180000;6.14;6.3;6.11;6.19;6;0
ЗВЕЗДА ао;60;20170919;100000;6.68;6.68;6.68;6.68;1;0
ЗВЕЗДА ао;60;20170919;110000;6.19;6.19;6.08;6.08;11;0
ЗВЕЗДА ао;60;20170919;120000;6.13;6.28;5.95;6.04;36;0
ЗВЕЗДА ао;60;20170919;130000;6.24;6.27;6.24;6.27;2;0
ЗВЕЗДА ао;60;20170919;140000;6.06;6.06;6.06;6.06;1;0
ЗВЕЗДА ао;60;20170919;150000;6.07;6.25;6.07;6.25;30;0
ЗВЕЗДА ао;60;20170919;160000;6.25;6.37;6.25;6.25;31;0
ЗВЕЗДА ао;60;20170919;170000;6.25;6.25;6.25;6.25;3;0
ЗВЕЗДА ао;60;20170919;180000;6.25;6.25;6.25;6.25;4;0
ЗВЕЗДА ао;60;20170920;100000;6.25;6.25;6.25;6.25;8;0
ЗВЕЗДА ао;60;20170920;110000;6.4;6.43;6.35;6.35;38;0
ЗВЕЗДА ао;60;20170920;120000;6.35;6.43;6.34;6.43;20;0
ЗВЕЗДА ао;60;20170920;130000;6.36;6.39;6.34;6.36;15;0
ЗВЕЗДА ао;60;20170920;140000;6.34;6.34;6.34;6.34;2;0
ЗВЕЗДА ао;60;20170920;150000;6.34;6.34;6.34;6.34;1;0
ЗВЕЗДА ао;60;20170920;160000;6.37;6.5;6.37;6.5;58;0
ЗВЕЗДА ао;60;20170920;170000;6.54;6.61;6.37;6.6;90;0
ЗВЕЗДА ао;60;20170920;180000;6.51;6.6;6.51;6.59;42;0
ЗВЕЗДА ао;60;20170921;100000;6.68;6.8;6.6;6.74;36;0
ЗВЕЗДА ао;60;20170921;120000;6.6;6.6;6.6;6.6;4;0
ЗВЕЗДА ао;60;20170921;130000;6.43;6.63;6.43;6.5;6;0
ЗВЕЗДА ао;60;20170921;140000;6.62;6.62;6.62;6.62;1;0
ЗВЕЗДА ао;60;20170921;150000;6.5;6.5;6.5;6.5;2;0
ЗВЕЗДА ао;60;20170921;170000;6.39;6.39;6.27;6.27;21;0
ЗВЕЗДА ао;60;20170921;180000;6.49;6.61;6.39;6.61;5;0
ЗВЕЗДА ао;60;20170922;090000;6.8;6.8;6.8;6.8;1;0
ЗВЕЗДА ао;60;20170922;100000;6.27;6.74;6.27;6.49;4;0
ЗВЕЗДА ао;60;20170922;110000;6.31;6.31;6.3;6.3;3;0
ЗВЕЗДА ао;60;20170922;120000;6.26;6.48;6.26;6.48;2;0
ЗВЕЗДА ао;60;20170922;130000;6.25;6.48;6.25;6.48;11;0
ЗВЕЗДА ао;60;20170922;160000;6.45;6.46;6.45;6.46;2;0
ЗВЕЗДА ао;60;20170922;170000;6.31;6.31;6.31;6.31;1;0
ЗВЕЗДА ао;60;20170922;180000;6.44;6.45;6.43;6.45;5;0
ЗВЕЗДА ао;60;20170925;100000;8.22;8.22;6.1;6.26;77;0
ЗВЕЗДА ао;60;20170925;110000;6.3;6.37;6.3;6.37;3;0
ЗВЕЗДА ао;60;20170925;120000;6.3;6.36;6.28;6.28;5;0
ЗВЕЗДА ао;60;20170925;130000;6.28;6.41;6.25;6.4;28;0
ЗВЕЗДА ао;60;20170925;140000;6.4;6.4;6.4;6.4;4;0
ЗВЕЗДА ао;60;20170925;150000;6.31;6.31;6.31;6.31;1;0
ЗВЕЗДА ао;60;20170925;170000;6.31;6.42;6.31;6.42;5;0
ЗВЕЗДА ао;60;20170925;180000;6.42;6.42;6.35;6.35;9;0
ЗВЕЗДА ао;60;20170926;090000;6.99;6.99;6.99;6.99;10;0
ЗВЕЗДА ао;60;20170926;100000;6.99;6.99;6.49;6.79;81;0
ЗВЕЗДА ао;60;20170926;110000;6.5;6.5;6.5;6.5;5;0
ЗВЕЗДА ао;60;20170926;120000;6.5;6.57;6.23;6.57;17;0
ЗВЕЗДА ао;60;20170926;130000;6.36;6.36;6.35;6.35;6;0
ЗВЕЗДА ао;60;20170926;140000;6.47;6.47;6.47;6.47;1;0
ЗВЕЗДА ао;60;20170926;150000;6.35;6.35;6.35;6.35;1;0
ЗВЕЗДА ао;60;20170926;160000;6.35;6.35;6.35;6.35;1;0
ЗВЕЗДА ао;60;20170926;170000;6.35;6.42;6.35;6.42;2;0
ЗВЕЗДА ао;60;20170926;180000;6.3;6.35;6.26;6.31;20;0
ЗВЕЗДА ао;60;20170927;100000;6.13;6.43;6.13;6.38;7;0
ЗВЕЗДА ао;60;20170927;110000;6.34;6.34;6.33;6.33;7;0
ЗВЕЗДА ао;60;20170927;120000;6.33;6.33;6.33;6.33;2;0
ЗВЕЗДА ао;60;20170927;150000;6.27;6.5;6.25;6.5;10;0
ЗВЕЗДА ао;60;20170927;170000;6.4;6.45;6.28;6.28;7;0
ЗВЕЗДА ао;60;20170927;180000;6.3;6.3;6.3;6.3;1;0
ЗВЕЗДА ао;60;20170928;110000;6.3;6.3;6.28;6.28;3;0
ЗВЕЗДА ао;60;20170928;120000;6.28;6.28;6.28;6.28;2;0
ЗВЕЗДА ао;60;20170928;130000;6.27;6.27;6.27;6.27;2;0
ЗВЕЗДА ао;60;20170928;140000;6.27;6.27;6.27;6.27;2;0
ЗВЕЗДА ао;60;20170928;160000;6.28;6.39;6.28;6.39;3;0
ЗВЕЗДА ао;60;20170928;170000;6.28;6.28;6.27;6.27;2;0
ЗВЕЗДА ао;60;20170928;180000;6.25;6.27;6.25;6.27;3;0
ЗВЕЗДА ао;60;20170929;100000;6.48;6.48;6.4;6.4;2;0
ЗВЕЗДА ао;60;20170929;110000;6.21;6.3;6.16;6.16;13;0
ЗВЕЗДА ао;60;20170929;120000;6.15;6.39;6.09;6.09;21;0
ЗВЕЗДА ао;60;20170929;130000;6.07;6.1;6;6.08;123;0
ЗВЕЗДА ао;60;20170929;140000;6.05;6.05;5.9;5.9;56;0
ЗВЕЗДА ао;60;20170929;150000;5.99;6.04;5.89;6;16;0
ЗВЕЗДА ао;60;20170929;160000;6;6.08;6;6.08;6;0
ЗВЕЗДА ао;60;20170929;170000;6.09;6.1;6.08;6.1;9;0
ЗВЕЗДА ао;60;20170929;180000;6.1;6.1;6;6;15;0
ЗВЕЗДА ао;60;20171002;100000;6.01;6.01;5.86;5.88;14;0
ЗВЕЗДА ао;60;20171002;110000;5.88;5.97;5.82;5.97;15;0
ЗВЕЗДА ао;60;20171002;120000;5.92;5.92;5.87;5.87;2;0
ЗВЕЗДА ао;60;20171002;130000;5.86;5.86;5.85;5.85;2;0
ЗВЕЗДА ао;60;20171002;140000;5.87;5.87;5.87;5.87;1;0
ЗВЕЗДА ао;60;20171002;150000;5.85;5.85;5.84;5.84;3;0
ЗВЕЗДА ао;60;20171002;160000;5.84;5.84;5.84;5.84;1;0
ЗВЕЗДА ао;60;20171002;180000;5.83;5.83;5.83;5.83;1;0
ЗВЕЗДА ао;60;20171003;100000;5.8;5.85;5.35;5.46;43;0
ЗВЕЗДА ао;60;20171003;110000;5.51;5.7;5.46;5.61;23;0
ЗВЕЗДА ао;60;20171003;120000;5.63;5.63;5.62;5.62;2;0
ЗВЕЗДА ао;60;20171003;130000;5.53;5.53;5.53;5.53;1;0
ЗВЕЗДА ао;60;20171003;140000;5.56;5.59;5.52;5.58;17;0
ЗВЕЗДА ао;60;20171003;150000;5.59;5.6;5.51;5.51;10;0
ЗВЕЗДА ао;60;20171003;160000;5.59;5.59;5.51;5.51;5;0
ЗВЕЗДА ао;60;20171003;170000;5.55;5.55;5.54;5.55;4;0
ЗВЕЗДА ао;60;20171003;180000;5.54;5.59;5.51;5.54;9;0
ЗВЕЗДА ао;60;20171004;100000;5.56;5.57;5.56;5.57;7;0
ЗВЕЗДА ао;60;20171004;110000;5.56;5.68;5.54;5.55;28;0
ЗВЕЗДА ао;60;20171004;120000;5.54;5.54;5.54;5.54;43;0
ЗВЕЗДА ао;60;20171004;140000;5.48;5.5;5.48;5.5;2;0
ЗВЕЗДА ао;60;20171004;150000;5.48;5.48;5.47;5.47;2;0
ЗВЕЗДА ао;60;20171004;160000;5.46;5.53;5.46;5.53;3;0
ЗВЕЗДА ао;60;20171004;180000;5.46;5.46;5.46;5.46;2;0
ЗВЕЗДА ао;60;20171005;100000;5.46;5.46;5.46;5.46;1;0
ЗВЕЗДА ао;60;20171005;110000;5.46;5.46;5.46;5.46;5;0
ЗВЕЗДА ао;60;20171005;130000;5.53;5.54;5.28;5.43;9;0
ЗВЕЗДА ао;60;20171005;140000;5.41;5.41;5.27;5.27;20;0
ЗВЕЗДА ао;60;20171005;150000;5.38;5.38;5.37;5.38;7;0
ЗВЕЗДА ао;60;20171005;160000;5.29;5.3;5.06;5.3;48;0
ЗВЕЗДА ао;60;20171005;170000;5.28;5.28;5.25;5.27;4;0
ЗВЕЗДА ао;60;20171005;180000;5.22;5.22;5.17;5.2;6;0
ЗВЕЗДА ао;60;20171006;100000;5.22;5.22;5.21;5.21;3;0
ЗВЕЗДА ао;60;20171006;110000;5.25;5.25;5.2;5.2;4;0
ЗВЕЗДА ао;60;20171006;120000;5.11;5.11;4.8;4.9;60;0
ЗВЕЗДА ао;60;20171006;130000;4.9;4.9;4.72;4.8;130;0
ЗВЕЗДА ао;60;20171006;140000;4.81;4.96;4.81;4.88;35;0
ЗВЕЗДА ао;60;20171006;150000;4.88;4.92;4.88;4.9;10;0
ЗВЕЗДА ао;60;20171006;160000;4.94;4.95;4.94;4.95;2;0
ЗВЕЗДА ао;60;20171006;170000;4.94;4.94;4.94;4.94;2;0
ЗВЕЗДА ао;60;20171006;180000;4.94;4.98;4.92;4.95;35;0
ЗВЕЗДА ао;60;20171009;100000;4.97;4.97;4.84;4.84;3;0
ЗВЕЗДА ао;60;20171009;110000;4.82;4.82;4.7;4.7;18;0
ЗВЕЗДА ао;60;20171009;120000;4.73;4.77;4.73;4.77;5;0
ЗВЕЗДА ао;60;20171009;180000;4.83;4.83;4.76;4.76;9;0
ЗВЕЗДА ао;60;20171010;100000;4.79;4.82;4.79;4.82;8;0
ЗВЕЗДА ао;60;20171010;110000;4.82;4.82;4.82;4.82;1;0
ЗВЕЗДА ао;60;20171010;120000;4.82;4.83;4.82;4.83;2;0
ЗВЕЗДА ао;60;20171010;130000;4.85;4.87;4.82;4.87;5;0
ЗВЕЗДА ао;60;20171010;140000;4.89;4.94;4.89;4.9;5;0
ЗВЕЗДА ао;60;20171010;150000;4.9;4.96;4.9;4.93;5;0
ЗВЕЗДА ао;60;20171010;160000;4.91;5.2;4.91;5.15;60;0
ЗВЕЗДА ао;60;20171010;170000;5.05;5.2;5;5;29;0
ЗВЕЗДА ао;60;20171010;180000;5;5.1;5;5.02;15;0
ЗВЕЗДА ао;60;20171011;100000;4.93;4.93;4.93;4.93;1;0
ЗВЕЗДА ао;60;20171011;110000;4.94;4.95;4.92;4.92;3;0
ЗВЕЗДА ао;60;20171011;120000;4.97;4.97;4.9;4.9;7;0
ЗВЕЗДА ао;60;20171011;130000;4.95;5;4.85;4.85;10;0
ЗВЕЗДА ао;60;20171011;140000;4.93;5.05;4.93;5.05;5;0
ЗВЕЗДА ао;60;20171011;160000;5;5;5;5;2;0
ЗВЕЗДА ао;60;20171011;170000;4.94;4.98;4.92;4.98;5;0
ЗВЕЗДА ао;60;20171011;180000;4.98;4.99;4.98;4.99;5;0
ЗВЕЗДА ао;60;20171012;100000;4.91;5.06;4.91;4.91;3;0
ЗВЕЗДА ао;60;20171012;110000;5.02;5.07;5.02;5.07;3;0
ЗВЕЗДА ао;60;20171012;160000;5.09;5.1;5.09;5.1;3;0
ЗВЕЗДА ао;60;20171012;170000;5.08;5.09;5.08;5.09;2;0
ЗВЕЗДА ао;60;20171012;180000;5;5;4.95;4.95;10;0
ЗВЕЗДА ао;60;20171013;100000;4.92;5.21;4.8;4.9;46;0
ЗВЕЗДА ао;60;20171013;110000;5.02;5.02;5;5.02;3;0
ЗВЕЗДА ао;60;20171013;130000;4.92;5.01;4.86;5.01;20;0
ЗВЕЗДА ао;60;20171013;150000;4.91;4.91;4.85;4.85;16;0
ЗВЕЗДА ао;60;20171013;160000;4.85;4.92;4.85;4.92;5;0
ЗВЕЗДА ао;60;20171013;170000;4.96;5;4.96;5;10;0
ЗВЕЗДА ао;60;20171013;180000;5;5.02;5;5.01;6;0
ЗВЕЗДА ао;60;20171016;100000;5.15;5.15;5.15;5.15;3;0
ЗВЕЗДА ао;60;20171016;110000;5.09;5.09;4.98;4.98;4;0
ЗВЕЗДА ао;60;20171016;120000;4.98;4.98;4.98;4.98;1;0
ЗВЕЗДА ао;60;20171016;130000;4.9;4.97;4.84;4.97;4;0
ЗВЕЗДА ао;60;20171016;150000;4.9;4.9;4.85;4.85;2;0
ЗВЕЗДА ао;60;20171016;170000;4.93;5;4.93;5;10;0
ЗВЕЗДА ао;60;20171017;100000;4.93;5;4.92;5;7;0
ЗВЕЗДА ао;60;20171017;110000;5.01;5.01;5;5;11;0
ЗВЕЗДА ао;60;20171017;120000;5;5;5;5;8;0
ЗВЕЗДА ао;60;20171017;160000;4.94;4.94;4.92;4.92;4;0
ЗВЕЗДА ао;60;20171017;170000;4.92;4.92;4.92;4.92;2;0
ЗВЕЗДА ао;60;20171017;180000;4.91;4.92;4.91;4.92;7;0
ЗВЕЗДА ао;60;20171018;100000;5;5.01;5;5.01;10;0
ЗВЕЗДА ао;60;20171018;110000;5.07;6;5.07;5.61;223;0
ЗВЕЗДА ао;60;20171018;120000;5.6;5.6;5.34;5.4;49;0
ЗВЕЗДА ао;60;20171018;130000;5.47;5.47;5.08;5.1;123;0
ЗВЕЗДА ао;60;20171018;140000;5.1;5.1;5;5.08;57;0
ЗВЕЗДА ао;60;20171018;150000;5.07;5.15;5.07;5.07;26;0
ЗВЕЗДА ао;60;20171018;160000;5.11;5.11;5.03;5.03;5;0
ЗВЕЗДА ао;60;20171018;180000;5.08;5.15;5.03;5.15;22;0
ЗВЕЗДА ао;60;20171019;100000;5.04;5.25;5.04;5.14;24;0
ЗВЕЗДА ао;60;20171019;110000;5.14;5.18;5.14;5.17;9;0
ЗВЕЗДА ао;60;20171019;120000;5.09;5.11;5.09;5.11;3;0
ЗВЕЗДА ао;60;20171019;130000;5.09;5.09;4.95;5;22;0
ЗВЕЗДА ао;60;20171019;150000;4.98;4.98;4.96;4.96;6;0
ЗВЕЗДА ао;60;20171019;160000;4.97;4.97;4.95;4.95;5;0
ЗВЕЗДА ао;60;20171019;170000;5;5;5;5;1;0
ЗВЕЗДА ао;60;20171019;180000;5.04;5.09;5.04;5.09;3;0
ЗВЕЗДА ао;60;20171020;100000;5.29;5.56;5.12;5.13;41;0
ЗВЕЗДА ао;60;20171020;110000;5.11;5.11;5.11;5.11;1;0
ЗВЕЗДА ао;60;20171020;130000;5.11;5.11;5.03;5.11;5;0
ЗВЕЗДА ао;60;20171020;140000;5.1;5.1;5;5;31;0
ЗВЕЗДА ао;60;20171020;150000;5.08;5.08;5;5;3;0
ЗВЕЗДА ао;60;20171020;180000;5.1;5.19;5.1;5.19;15;0
ЗВЕЗДА ао;60;20171023;100000;5.18;5.18;5.18;5.18;1;0
ЗВЕЗДА ао;60;20171023;110000;5.21;5.36;5.2;5.36;14;0
ЗВЕЗДА ао;60;20171023;120000;5.35;5.35;5.34;5.34;3;0
ЗВЕЗДА ао;60;20171023;130000;5.33;5.35;5.33;5.34;7;0
ЗВЕЗДА ао;60;20171023;140000;5.33;5.34;5.33;5.34;23;0
ЗВЕЗДА ао;60;20171023;150000;5.4;5.45;5.34;5.34;15;0
ЗВЕЗДА ао;60;20171023;160000;5.33;5.33;5.33;5.33;9;0
ЗВЕЗДА ао;60;20171023;170000;5.22;5.35;5.22;5.35;33;0
ЗВЕЗДА ао;60;20171024;100000;5.26;5.34;5.21;5.24;12;0
ЗВЕЗДА ао;60;20171024;110000;5.23;5.23;5.14;5.14;8;0
ЗВЕЗДА ао;60;20171024;120000;5.12;5.12;5.11;5.11;2;0
ЗВЕЗДА ао;60;20171024;130000;5.21;5.21;5.21;5.21;1;0
ЗВЕЗДА ао;60;20171024;140000;5.22;5.27;5.11;5.27;9;0
ЗВЕЗДА ао;60;20171024;160000;5.28;5.3;5.28;5.3;4;0
ЗВЕЗДА ао;60;20171025;100000;5.12;5.12;5.12;5.12;1;0
ЗВЕЗДА ао;60;20171025;120000;5.12;5.12;5.12;5.12;2;0
ЗВЕЗДА ао;60;20171025;130000;5.1;5.1;5.1;5.1;2;0
ЗВЕЗДА ао;60;20171025;140000;5.1;5.2;5.05;5.2;15;0
ЗВЕЗДА ао;60;20171026;100000;5.21;5.21;5.2;5.2;2;0
ЗВЕЗДА ао;60;20171026;120000;5.07;5.07;5.06;5.06;2;0
ЗВЕЗДА ао;60;20171026;150000;5.1;5.1;5.06;5.06;2;0
ЗВЕЗДА ао;60;20171026;160000;5.08;5.08;5.08;5.08;1;0
ЗВЕЗДА ао;60;20171026;170000;5.08;5.08;5.01;5.01;4;0
ЗВЕЗДА ао;60;20171026;180000;5.09;5.09;5.09;5.09;1;0
ЗВЕЗДА ао;60;20171027;100000;5.08;5.08;5.08;5.08;1;0
ЗВЕЗДА ао;60;20171027;140000;5.07;5.07;4.99;4.99;35;0
ЗВЕЗДА ао;60;20171027;150000;5;5;5;5;10;0
ЗВЕЗДА ао;60;20171027;160000;5;5.1;5;5.1;7;0
ЗВЕЗДА ао;60;20171030;100000;4.97;4.97;4.97;4.97;1;0
ЗВЕЗДА ао;60;20171030;140000;5.07;5.07;5;5;2;0
ЗВЕЗДА ао;60;20171031;110000;5;5;5;5;2;0
ЗВЕЗДА ао;60;20171031;120000;5.07;5.07;5.07;5.07;1;0
ЗВЕЗДА ао;60;20171031;130000;5;5;5;5;1;0
ЗВЕЗДА ао;60;20171031;140000;5;5.06;4.96;5.06;11;0
ЗВЕЗДА ао;60;20171031;150000;5.06;5.06;5.06;5.06;97;0
ЗВЕЗДА ао;60;20171031;170000;4.97;4.97;4.96;4.97;10;0
ЗВЕЗДА ао;60;20171031;180000;4.93;4.95;4.82;4.95;5;0
ЗВЕЗДА ао;60;20171101;100000;4.86;5.15;4.85;5;45;0
ЗВЕЗДА ао;60;20171101;110000;5.01;5.2;4.98;5.2;16;0
ЗВЕЗДА ао;60;20171101;130000;5.09;5.1;5.09;5.1;6;0
ЗВЕЗДА ао;60;20171101;150000;5.1;5.1;5.1;5.1;1;0
ЗВЕЗДА ао;60;20171102;110000;5.08;5.08;5.08;5.08;1;0
ЗВЕЗДА ао;60;20171102;180000;5.13;5.13;5.04;5.04;2;0
ЗВЕЗДА ао;60;20171103;110000;5.06;5.06;5.05;5.05;2;0
ЗВЕЗДА ао;60;20171103;120000;5.06;5.06;5.06;5.06;1;0
ЗВЕЗДА ао;60;20171103;150000;4.96;4.96;4.96;4.96;1;0
ЗВЕЗДА ао;60;20171103;170000;5;5;5;5;3;0
ЗВЕЗДА ао;60;20171103;180000;5.04;5.04;5.04;5.04;1;0
ЗВЕЗДА ао;60;20171107;110000;5.16;5.16;5.05;5.1;6;0
ЗВЕЗДА ао;60;20171107;130000;5.06;5.06;5.05;5.05;2;0
ЗВЕЗДА ао;60;20171107;140000;4.95;5;4.95;5;4;0
ЗВЕЗДА ао;60;20171107;150000;5;5;5;5;3;0
ЗВЕЗДА ао;60;20171107;170000;5;5;5;5;5;0
ЗВЕЗДА ао;60;20171107;180000;5.09;5.09;5.09;5.09;1;0
ЗВЕЗДА ао;60;20171108;100000;4.94;4.94;4.88;4.88;5;0
ЗВЕЗДА ао;60;20171108;110000;4.93;5.04;4.93;5.04;2;0
ЗВЕЗДА ао;60;20171108;120000;5.04;5.04;4.9;4.9;15;0
ЗВЕЗДА ао;60;20171108;130000;4.91;4.91;4.91;4.91;1;0
ЗВЕЗДА ао;60;20171108;140000;4.97;4.97;4.96;4.96;2;0
ЗВЕЗДА ао;60;20171108;150000;4.98;4.99;4.98;4.99;2;0
ЗВЕЗДА ао;60;20171108;180000;4.99;5;4.97;5;4;0
ЗВЕЗДА ао;60;20171109;100000;5;5;4.91;4.91;23;0
ЗВЕЗДА ао;60;20171109;110000;4.98;5.01;4.98;5.01;20;0
ЗВЕЗДА ао;60;20171109;140000;4.99;5.01;4.99;5.01;3;0
ЗВЕЗДА ао;60;20171109;150000;4.97;4.97;4.97;4.97;1;0
ЗВЕЗДА ао;60;20171110;100000;4.93;4.95;4.85;4.95;9;0
ЗВЕЗДА ао;60;20171110;130000;4.97;5.17;4.97;5.17;5;0
ЗВЕЗДА ао;60;20171110;160000;4.99;4.99;4.99;4.99;1;0
ЗВЕЗДА ао;60;20171113;120000;4.99;5.02;4.99;5.02;22;0
ЗВЕЗДА ао;60;20171113;150000;5.12;5.38;5.02;5.09;37;0
ЗВЕЗДА ао;60;20171113;160000;5.08;5.08;5.08;5.08;10;0
ЗВЕЗДА ао;60;20171113;170000;5.02;5.07;5.02;5.07;2;0
ЗВЕЗДА ао;60;20171113;180000;5.02;5.05;4.96;5;9;0
ЗВЕЗДА ао;60;20171114;100000;5.05;5.05;5.05;5.05;1;0
ЗВЕЗДА ао;60;20171114;130000;5.02;5.02;4.99;5;9;0
ЗВЕЗДА ао;60;20171114;140000;4.96;5;4.95;5;24;0
ЗВЕЗДА ао;60;20171114;150000;5;5;5;5;2;0
ЗВЕЗДА ао;60;20171114;160000;5;5;5;5;2;0
ЗВЕЗДА ао;60;20171114;170000;5;5;4.96;4.96;3;0
ЗВЕЗДА ао;60;20171115;100000;4.91;5;4.91;5;50;0
ЗВЕЗДА ао;60;20171115;130000;4.92;4.92;4.91;4.91;2;0
ЗВЕЗДА ао;60;20171115;150000;4.91;4.92;4.8;4.89;24;0
ЗВЕЗДА ао;60;20171115;160000;4.85;4.85;4.84;4.84;2;0
ЗВЕЗДА ао;60;20171115;180000;4.85;4.89;4.8;4.89;5;0
ЗВЕЗДА ао;60;20171116;090000;5.19;5.19;5.19;5.19;5;0
ЗВЕЗДА ао;60;20171116;100000;5.01;5.14;5;5.14;93;0
ЗВЕЗДА ао;60;20171116;110000;5.03;5.03;4.95;4.95;7;0
ЗВЕЗДА ао;60;20171116;120000;4.99;4.99;4.99;4.99;2;0
ЗВЕЗДА ао;60;20171116;150000;4.92;4.92;4.3;4.7;43;0
ЗВЕЗДА ао;60;20171116;160000;4.6;4.74;4.58;4.66;8;0
ЗВЕЗДА ао;60;20171116;170000;4.74;4.81;4.71;4.81;20;0
ЗВЕЗДА ао;60;20171116;180000;4.71;4.88;4.69;4.69;20;0
ЗВЕЗДА ао;60;20171117;100000;4.94;4.99;4.85;4.99;25;0
ЗВЕЗДА ао;60;20171117;130000;4.9;4.9;4.9;4.9;1;0
ЗВЕЗДА ао;60;20171117;140000;4.97;4.97;4.97;4.97;1;0
ЗВЕЗДА ао;60;20171117;150000;4.95;4.95;4.88;4.88;4;0
ЗВЕЗДА ао;60;20171117;170000;4.88;4.88;4.84;4.84;19;0
ЗВЕЗДА ао;60;20171117;180000;4.83;4.83;4.6;4.6;38;0
ЗВЕЗДА ао;60;20171120;100000;4.69;4.69;4.68;4.68;2;0
ЗВЕЗДА ао;60;20171120;130000;4.72;4.9;4.6;4.9;178;0
ЗВЕЗДА ао;60;20171120;140000;4.69;4.7;4.69;4.7;3;0
ЗВЕЗДА ао;60;20171120;170000;4.73;4.75;4.73;4.75;4;0
ЗВЕЗДА ао;60;20171121;130000;4.67;4.78;4.59;4.59;107;0
ЗВЕЗДА ао;60;20171121;140000;4.61;4.61;4.6;4.6;2;0
ЗВЕЗДА ао;60;20171121;150000;4.69;4.7;4.65;4.65;4;0
ЗВЕЗДА ао;60;20171121;160000;4.68;4.68;4.68;4.68;3;0
ЗВЕЗДА ао;60;20171121;170000;4.65;4.65;4.65;4.65;1;0
ЗВЕЗДА ао;60;20171121;180000;4.65;4.65;4.6;4.6;14;0
ЗВЕЗДА ао;60;20171122;120000;4.7;4.7;4.7;4.7;1;0
ЗВЕЗДА ао;60;20171122;150000;4.69;4.69;4.69;4.69;4;0
ЗВЕЗДА ао;60;20171122;170000;4.7;4.7;4.7;4.7;8;0
ЗВЕЗДА ао;60;20171123;150000;4.7;4.7;4.7;4.7;1;0
ЗВЕЗДА ао;60;20171124;100000;4.75;4.75;4.75;4.75;1;0
ЗВЕЗДА ао;60;20171124;110000;4.7;4.7;4.7;4.7;14;0
ЗВЕЗДА ао;60;20171124;140000;4.7;4.7;4.68;4.68;2;0
ЗВЕЗДА ао;60;20171124;160000;4.66;4.66;4.6;4.6;5;0
ЗВЕЗДА ао;60;20171124;170000;4.59;4.64;4.59;4.59;5;0
ЗВЕЗДА ао;60;20171124;180000;4.59;4.59;4.5;4.5;48;0
ЗВЕЗДА ао;60;20171127;110000;4.64;4.64;4.51;4.51;3;0
ЗВЕЗДА ао;60;20171127;180000;4.57;4.59;4.57;4.59;24;0
ЗВЕЗДА ао;60;20171128;140000;4.5;4.5;4.5;4.5;1;0
ЗВЕЗДА ао;60;20171128;160000;4.54;4.54;4.54;4.54;2;0
ЗВЕЗДА ао;60;20171128;170000;4.53;4.53;4.53;4.53;3;0
ЗВЕЗДА ао;60;20171128;180000;4.55;4.55;4.55;4.55;10;0
ЗВЕЗДА ао;60;20171129;130000;4.51;4.51;4.5;4.5;3;0
ЗВЕЗДА ао;60;20171129;140000;4.5;4.5;4.5;4.5;1;0
ЗВЕЗДА ао;60;20171129;150000;4.5;4.5;4.5;4.5;1;0
ЗВЕЗДА ао;60;20171130;100000;4.5;4.5;4.5;4.5;2;0
ЗВЕЗДА ао;60;20171130;120000;4.57;4.57;4.57;4.57;1;0
ЗВЕЗДА ао;60;20171130;140000;4.55;4.55;4.55;4.55;20;0
ЗВЕЗДА ао;60;20171130;170000;4.48;4.52;4.48;4.52;3;0
ЗВЕЗДА ао;60;20171201;180000;4.47;4.47;4.47;4.47;1;0
ЗВЕЗДА ао;60;20171204;110000;4.32;4.49;4.32;4.49;4;0
ЗВЕЗДА ао;60;20171204;130000;4.49;4.49;4.49;4.49;1;0
ЗВЕЗДА ао;60;20171204;180000;4.49;4.49;4.49;4.49;1;0
ЗВЕЗДА ао;60;20171205;100000;4.51;4.51;4.44;4.44;3;0
ЗВЕЗДА ао;60;20171205;160000;4.48;4.6;4.48;4.6;21;0
ЗВЕЗДА ао;60;20171206;100000;4.6;4.6;4.6;4.6;3;0
ЗВЕЗДА ао;60;20171206;130000;4.6;4.6;4.6;4.6;1;0
ЗВЕЗДА ао;60;20171206;170000;4.6;4.6;4.6;4.6;4;0
ЗВЕЗДА ао;60;20171207;100000;4.51;4.51;4.51;4.51;1;0
ЗВЕЗДА ао;60;20171207;110000;4.59;4.6;4.59;4.6;5;0
ЗВЕЗДА ао;60;20171207;130000;4.59;4.59;4.59;4.59;1;0
ЗВЕЗДА ао;60;20171207;140000;4.51;4.51;4.35;4.43;8;0
ЗВЕЗДА ао;60;20171207;150000;4.42;4.59;4.42;4.59;12;0
ЗВЕЗДА ао;60;20171207;180000;4.59;4.59;4.59;4.59;24;0
ЗВЕЗДА ао;60;20171208;100000;4.6;4.6;4.6;4.6;10;0
ЗВЕЗДА ао;60;20171208;120000;4.59;4.6;4.59;4.6;4;0
ЗВЕЗДА ао;60;20171208;160000;4.6;4.6;4.6;4.6;9;0
ЗВЕЗДА ао;60;20171208;170000;4.6;4.6;4.6;4.6;23;0
ЗВЕЗДА ао;60;20171208;180000;4.55;4.55;4.55;4.55;1;0
ЗВЕЗДА ао;60;20171211;100000;4.51;4.59;4.48;4.59;4;0
ЗВЕЗДА ао;60;20171211;140000;4.59;4.6;4.59;4.6;23;0
ЗВЕЗДА ао;60;20171211;150000;4.51;4.51;4.44;4.44;5;0
ЗВЕЗДА ао;60;20171211;170000;4.52;4.55;4.52;4.55;5;0
ЗВЕЗДА ао;60;20171211;180000;4.46;4.46;4.46;4.46;1;0
ЗВЕЗДА ао;60;20171212;110000;4.55;4.57;4.55;4.57;7;0
ЗВЕЗДА ао;60;20171212;140000;4.57;4.57;4.57;4.57;1;0
ЗВЕЗДА ао;60;20171212;160000;4.57;4.58;4.57;4.58;7;0
ЗВЕЗДА ао;60;20171212;180000;4.49;4.49;4.48;4.48;11;0
ЗВЕЗДА ао;60;20171213;100000;4.5;4.56;4.44;4.45;15;0
ЗВЕЗДА ао;60;20171213;110000;4.44;4.44;4.43;4.43;4;0
ЗВЕЗДА ао;60;20171213;120000;4.42;4.42;4.4;4.4;54;0
ЗВЕЗДА ао;60;20171213;130000;4.45;4.45;4.41;4.41;3;0
ЗВЕЗДА ао;60;20171213;140000;4.41;4.41;4.2;4.2;69;0
ЗВЕЗДА ао;60;20171213;150000;4.3;4.36;4.3;4.34;5;0
ЗВЕЗДА ао;60;20171214;100000;4.04;4.34;4.03;4.2;8;0
ЗВЕЗДА ао;60;20171214;110000;4.29;4.29;4.29;4.29;2;0
ЗВЕЗДА ао;60;20171214;130000;4.29;4.3;4.29;4.3;3;0
ЗВЕЗДА ао;60;20171214;140000;4.36;4.36;4.36;4.36;1;0
ЗВЕЗДА ао;60;20171215;100000;4.14;4.3;4.1;4.19;53;0
ЗВЕЗДА ао;60;20171215;110000;4.2;4.2;4.2;4.2;6;0
ЗВЕЗДА ао;60;20171215;120000;4.18;4.21;4.05;4.21;22;0
ЗВЕЗДА ао;60;20171215;130000;4.14;4.14;4.14;4.14;1;0
ЗВЕЗДА ао;60;20171215;140000;4.13;4.13;4.13;4.13;1;0
ЗВЕЗДА ао;60;20171215;150000;4.21;4.21;4.21;4.21;1;0
ЗВЕЗДА ао;60;20171215;160000;4.21;4.21;4.21;4.21;1;0
ЗВЕЗДА ао;60;20171215;170000;4.21;4.21;4.21;4.21;1;0
ЗВЕЗДА ао;60;20171215;180000;4.22;4.22;4.22;4.22;1;0
ЗВЕЗДА ао;60;20171218;100000;4.24;4.24;4.24;4.24;1;0
ЗВЕЗДА ао;60;20171218;140000;4.24;4.32;4.24;4.3;3;0
ЗВЕЗДА ао;60;20171218;150000;4.35;4.41;4.24;4.28;19;0
ЗВЕЗДА ао;60;20171218;160000;4.2;4.2;4.19;4.19;33;0
ЗВЕЗДА ао;60;20171218;180000;4.2;4.2;4.2;4.2;6;0
ЗВЕЗДА ао;60;20171219;090000;4.2;4.2;4.2;4.2;1;0
ЗВЕЗДА ао;60;20171219;100000;4.2;4.2;4.2;4.2;10;0
ЗВЕЗДА ао;60;20171219;110000;4.2;4.2;4.2;4.2;12;0
ЗВЕЗДА ао;60;20171219;120000;4.2;4.2;4.2;4.2;2;0
ЗВЕЗДА ао;60;20171219;180000;4.2;4.2;4.2;4.2;2;0
ЗВЕЗДА ао;60;20171220;110000;4.1;4.1;4.08;4.08;5;0
ЗВЕЗДА ао;60;20171220;120000;4.1;4.1;4.09;4.09;2;0
ЗВЕЗДА ао;60;20171220;130000;4.04;4.09;4.01;4.01;26;0
ЗВЕЗДА ао;60;20171220;150000;4.09;4.09;4.09;4.09;1;0
ЗВЕЗДА ао;60;20171220;160000;4.1;4.13;4.1;4.13;10;0
ЗВЕЗДА ао;60;20171220;170000;4.14;4.14;4.14;4.14;1;0
ЗВЕЗДА ао;60;20171220;180000;4.07;4.16;4.06;4.16;3;0
ЗВЕЗДА ао;60;20171221;100000;4.19;4.19;4.15;4.15;5;0
ЗВЕЗДА ао;60;20171221;120000;4.15;4.15;4.15;4.15;1;0
ЗВЕЗДА ао;60;20171221;150000;4.1;4.1;4.1;4.1;3;0
ЗВЕЗДА ао;60;20171222;110000;4.18;5.13;4.18;5;364;0
ЗВЕЗДА ао;60;20171222;120000;5;5.33;4.9;5;193;0
ЗВЕЗДА ао;60;20171222;130000;5.05;5.19;4.92;5.14;41;0
ЗВЕЗДА ао;60;20171222;140000;5;5.12;4.7;4.7;56;0
ЗВЕЗДА ао;60;20171222;150000;4.7;4.9;4.61;4.67;86;0
ЗВЕЗДА ао;60;20171222;160000;4.65;4.81;4.65;4.75;9;0
ЗВЕЗДА ао;60;20171222;170000;4.74;4.77;4.6;4.74;30;0
ЗВЕЗДА ао;60;20171222;180000;4.77;4.84;4.75;4.84;22;0
ЗВЕЗДА ао;60;20171225;100000;4.8;4.9;4.41;4.73;82;0
ЗВЕЗДА ао;60;20171225;110000;4.65;4.77;4.6;4.6;17;0
ЗВЕЗДА ао;60;20171225;120000;4.74;4.76;4.61;4.61;6;0
ЗВЕЗДА ао;60;20171225;130000;4.64;4.72;4.57;4.57;13;0
ЗВЕЗДА ао;60;20171225;140000;4.67;4.67;4.5;4.53;43;0
ЗВЕЗДА ао;60;20171225;150000;4.58;4.62;4.52;4.54;47;0
ЗВЕЗДА ао;60;20171225;160000;4.57;4.62;4.48;4.48;53;0
ЗВЕЗДА ао;60;20171225;170000;4.52;4.56;4.52;4.56;21;0
ЗВЕЗДА ао;60;20171225;180000;4.55;4.56;4.55;4.56;16;0
ЗВЕЗДА ао;60;20171226;100000;4.57;4.63;4.46;4.58;17;0
ЗВЕЗДА ао;60;20171226;110000;4.63;4.8;4.63;4.8;16;0
ЗВЕЗДА ао;60;20171226;120000;4.77;4.77;4.64;4.64;11;0
ЗВЕЗДА ао;60;20171226;130000;4.64;4.64;4.64;4.64;1;0
ЗВЕЗДА ао;60;20171226;150000;4.65;4.71;4.64;4.64;4;0
ЗВЕЗДА ао;60;20171226;160000;4.61;4.61;4.6;4.61;4;0
ЗВЕЗДА ао;60;20171226;170000;4.68;4.68;4.61;4.65;4;0
ЗВЕЗДА ао;60;20171226;180000;4.67;4.73;4.67;4.73;29;0
ЗВЕЗДА ао;60;20171227;100000;4.94;4.94;4.94;4.94;1;0
ЗВЕЗДА ао;60;20171227;110000;4.63;4.63;4.5;4.5;25;0
ЗВЕЗДА ао;60;20171227;120000;4.57;4.57;4.54;4.54;6;0
ЗВЕЗДА ао;60;20171227;130000;4.64;4.64;4.54;4.58;19;0
ЗВЕЗДА ао;60;20171227;140000;4.54;4.65;4.54;4.65;21;0
ЗВЕЗДА ао;60;20171227;160000;4.64;4.66;4.64;4.66;14;0
ЗВЕЗДА ао;60;20171227;170000;4.57;4.66;4.57;4.66;8;0
ЗВЕЗДА ао;60;20171227;180000;4.6;4.6;4.57;4.57;17;0
ЗВЕЗДА ао;60;20171228;100000;4.6;4.6;4.53;4.53;4;0
ЗВЕЗДА ао;60;20171228;110000;4.52;4.52;4.51;4.51;4;0
ЗВЕЗДА ао;60;20171228;120000;4.51;4.51;4.51;4.51;1;0
ЗВЕЗДА ао;60;20171228;130000;4.49;4.49;4.49;4.49;1;0
ЗВЕЗДА ао;60;20171228;160000;4.51;4.51;4.51;4.51;1;0
ЗВЕЗДА ао;60;20171228;180000;4.59;4.6;4.59;4.6;4;0
ЗВЕЗДА ао;60;20171229;100000;4.38;4.84;4.38;4.5;7;0
ЗВЕЗДА ао;60;20171229;120000;4.5;4.5;4.5;4.5;2;0
ЗВЕЗДА ао;60;20171229;140000;4.51;4.51;4.49;4.49;4;0
ЗВЕЗДА ао;60;20171229;160000;4.49;4.49;4.49;4.49;4;0
ЗВЕЗДА ао;60;20171229;180000;4.5;4.5;4.5;4.5;1;0
