<TICKER>;<PER>;<DATE>;<TIME>;<OPEN>;<HIGH>;<LOW>;<CLOSE>;<VOL>;<OPENINT>
ЗИЛ ао;60;20170124;140000;1535;1605;1535;1605;2;0
ЗИЛ ао;60;20170124;160000;1605;1650;1570;1650;26;0
ЗИЛ ао;60;20170124;170000;1660;1700;1660;1700;20;0
ЗИЛ ао;60;20170125;110000;1735;1740;1735;1740;2;0
ЗИЛ ао;60;20170125;130000;1720;1720;1660;1700;9;0
ЗИЛ ао;60;20170125;160000;1600;1600;1595;1595;5;0
ЗИЛ ао;60;20170126;110000;1545;1565;1535;1535;7;0
ЗИЛ ао;60;20170126;140000;1630;1720;1520;1520;120;0
ЗИЛ ао;60;20170126;160000;1600;1600;1600;1600;3;0
ЗИЛ ао;60;20170126;180000;1635;1635;1635;1635;1;0
ЗИЛ ао;60;20170127;110000;1580;1615;1545;1615;25;0
ЗИЛ ао;60;20170127;120000;1545;1600;1545;1600;4;0
ЗИЛ ао;60;20170127;130000;1580;1615;1580;1615;6;0
ЗИЛ ао;60;20170127;180000;1615;1615;1615;1615;1;0
ЗИЛ ао;60;20170130;110000;1575;1605;1570;1605;20;0
ЗИЛ ао;60;20170130;180000;1560;1560;1560;1560;1;0
ЗИЛ ао;60;20170131;150000;1565;1570;1565;1570;4;0
ЗИЛ ао;60;20170131;170000;1560;1560;1530;1550;57;0
ЗИЛ ао;60;20170131;180000;1530;1530;1530;1530;2;0
ЗИЛ ао;60;20170201;110000;1525;1545;1525;1545;10;0
ЗИЛ ао;60;20170201;150000;1560;1560;1560;1560;1;0
ЗИЛ ао;60;20170201;160000;1525;1525;1510;1510;18;0
ЗИЛ ао;60;20170201;170000;1525;1540;1525;1540;2;0
ЗИЛ ао;60;20170202;110000;1520;1545;1520;1545;8;0
ЗИЛ ао;60;20170202;120000;1560;1580;1560;1580;5;0
ЗИЛ ао;60;20170202;150000;1535;1570;1535;1550;5;0
ЗИЛ ао;60;20170203;100000;1500;1575;1500;1575;27;0
ЗИЛ ао;60;20170203;110000;1565;1565;1565;1565;1;0
ЗИЛ ао;60;20170203;130000;1505;1505;1500;1500;7;0
ЗИЛ ао;60;20170203;140000;1515;1550;1515;1545;12;0
ЗИЛ ао;60;20170203;170000;1525;1525;1520;1520;10;0
ЗИЛ ао;60;20170203;180000;1520;1520;1520;1520;5;0
ЗИЛ ао;60;20170206;100000;1465;1585;1465;1585;12;0
ЗИЛ ао;60;20170206;110000;1515;1545;1515;1525;11;0
ЗИЛ ао;60;20170206;120000;1530;1530;1530;1530;1;0
ЗИЛ ао;60;20170206;130000;1545;1545;1545;1545;1;0
ЗИЛ ао;60;20170206;160000;1515;1515;1465;1465;20;0
ЗИЛ ао;60;20170206;180000;1500;1500;1500;1500;1;0
ЗИЛ ао;60;20170207;130000;1485;1485;1485;1485;1;0
ЗИЛ ао;60;20170207;150000;1505;1525;1505;1525;7;0
ЗИЛ ао;60;20170207;160000;1525;1530;1525;1530;13;0
ЗИЛ ао;60;20170208;110000;1515;1575;1515;1575;13;0
ЗИЛ ао;60;20170208;120000;1550;1550;1525;1525;4;0
ЗИЛ ао;60;20170208;140000;1530;1545;1530;1545;4;0
ЗИЛ ао;60;20170208;150000;1525;1540;1515;1530;11;0
ЗИЛ ао;60;20170208;180000;1505;1505;1505;1505;2;0
ЗИЛ ао;60;20170209;100000;1505;1535;1505;1525;14;0
ЗИЛ ао;60;20170209;120000;1520;1520;1465;1500;11;0
ЗИЛ ао;60;20170209;150000;1495;1530;1495;1520;7;0
ЗИЛ ао;60;20170209;180000;1490;1490;1490;1490;1;0
ЗИЛ ао;60;20170210;110000;1500;1510;1500;1510;2;0
ЗИЛ ао;60;20170210;120000;1490;1490;1490;1490;2;0
ЗИЛ ао;60;20170210;130000;1505;1510;1505;1510;10;0
ЗИЛ ао;60;20170210;160000;1515;1530;1515;1530;4;0
ЗИЛ ао;60;20170210;170000;1500;1500;1495;1495;4;0
ЗИЛ ао;60;20170213;110000;1500;1535;1500;1535;4;0
ЗИЛ ао;60;20170213;180000;1520;1520;1520;1520;3;0
ЗИЛ ао;60;20170214;110000;1505;1505;1500;1500;11;0
ЗИЛ ао;60;20170214;140000;1500;1500;1495;1495;2;0
ЗИЛ ао;60;20170214;160000;1485;1495;1415;1490;47;0
ЗИЛ ао;60;20170214;170000;1465;1465;1465;1465;4;0
ЗИЛ ао;60;20170214;180000;1485;1485;1485;1485;1;0
ЗИЛ ао;60;20170215;100000;1465;1465;1460;1465;4;0
ЗИЛ ао;60;20170215;150000;1480;1480;1470;1470;19;0
ЗИЛ ао;60;20170215;180000;1495;1495;1495;1495;1;0
ЗИЛ ао;60;20170216;100000;1515;1515;1515;1515;2;0
ЗИЛ ао;60;20170216;120000;1495;1495;1495;1495;2;0
ЗИЛ ао;60;20170216;150000;1485;1485;1485;1485;2;0
ЗИЛ ао;60;20170216;180000;1485;1485;1485;1485;10;0
ЗИЛ ао;60;20170217;160000;1495;1500;1495;1500;35;0
ЗИЛ ао;60;20170217;180000;1505;1505;1505;1505;28;0
ЗИЛ ао;60;20170220;110000;1480;1495;1480;1495;4;0
ЗИЛ ао;60;20170220;130000;1480;1480;1455;1455;10;0
ЗИЛ ао;60;20170220;180000;1495;1495;1495;1495;1;0
ЗИЛ ао;60;20170221;110000;1480;1495;1480;1495;20;0
ЗИЛ ао;60;20170221;120000;1480;1495;1415;1495;31;0
ЗИЛ ао;60;20170221;150000;1470;1470;1450;1450;2;0
ЗИЛ ао;60;20170221;180000;1460;1460;1460;1460;58;0
ЗИЛ ао;60;20170222;100000;1465;1500;1465;1500;16;0
ЗИЛ ао;60;20170222;110000;1500;1500;1500;1500;39;0
ЗИЛ ао;60;20170222;150000;1460;1460;1455;1455;2;0
ЗИЛ ао;60;20170222;180000;1460;1495;1460;1495;6;0
ЗИЛ ао;60;20170224;120000;1465;1495;1465;1495;12;0
ЗИЛ ао;60;20170227;130000;1470;1490;1470;1490;2;0
ЗИЛ ао;60;20170228;100000;1455;1455;1435;1435;8;0
ЗИЛ ао;60;20170228;110000;1450;1450;1410;1410;11;0
ЗИЛ ао;60;20170228;120000;1410;1410;1400;1400;10;0
ЗИЛ ао;60;20170228;140000;1445;1445;1445;1445;3;0
ЗИЛ ао;60;20170228;160000;1450;1450;1450;1450;1;0
ЗИЛ ао;60;20170228;180000;1450;1450;1450;1450;2;0
ЗИЛ ао;60;20170301;100000;1425;1425;1420;1420;5;0
ЗИЛ ао;60;20170301;110000;1430;1445;1430;1445;4;0
ЗИЛ ао;60;20170301;170000;1440;1440;1440;1440;4;0
ЗИЛ ао;60;20170302;100000;1450;1455;1435;1435;7;0
ЗИЛ ао;60;20170302;110000;1450;1455;1440;1455;8;0
ЗИЛ ао;60;20170302;150000;1460;1460;1460;1460;1;0
ЗИЛ ао;60;20170303;100000;1445;1445;1430;1430;13;0
ЗИЛ ао;60;20170303;110000;1440;1460;1440;1460;14;0
ЗИЛ ао;60;20170303;120000;1450;1450;1445;1445;30;0
ЗИЛ ао;60;20170303;130000;1445;1445;1445;1445;1;0
ЗИЛ ао;60;20170303;140000;1445;1465;1445;1465;12;0
ЗИЛ ао;60;20170303;150000;1470;1515;1470;1515;80;0
ЗИЛ ао;60;20170303;170000;1505;1505;1500;1500;3;0
ЗИЛ ао;60;20170303;180000;1500;1505;1500;1505;2;0
ЗИЛ ао;60;20170306;120000;1480;1515;1480;1505;10;0
ЗИЛ ао;60;20170306;130000;1490;1500;1490;1500;5;0
ЗИЛ ао;60;20170306;140000;1495;1500;1490;1500;11;0
ЗИЛ ао;60;20170306;150000;1495;1495;1495;1495;1;0
ЗИЛ ао;60;20170306;160000;1485;1485;1485;1485;1;0
ЗИЛ ао;60;20170306;180000;1480;1485;1450;1485;8;0
ЗИЛ ао;60;20170307;110000;1470;1500;1470;1500;6;0
ЗИЛ ао;60;20170307;140000;1455;1455;1440;1440;10;0
ЗИЛ ао;60;20170307;150000;1450;1450;1445;1445;17;0
ЗИЛ ао;60;20170307;160000;1445;1470;1445;1470;5;0
ЗИЛ ао;60;20170307;170000;1445;1445;1445;1445;4;0
ЗИЛ ао;60;20170307;180000;1470;1470;1470;1470;3;0
ЗИЛ ао;60;20170309;110000;1445;1445;1420;1425;17;0
ЗИЛ ао;60;20170309;120000;1445;1445;1415;1415;6;0
ЗИЛ ао;60;20170309;140000;1410;1410;1370;1370;11;0
ЗИЛ ао;60;20170309;170000;1380;1380;1350;1350;18;0
ЗИЛ ао;60;20170309;180000;1345;1345;1310;1310;8;0
ЗИЛ ао;60;20170310;130000;1360;1380;1360;1380;2;0
ЗИЛ ао;60;20170310;160000;1395;1395;1395;1395;1;0
ЗИЛ ао;60;20170313;120000;1380;1410;1375;1390;8;0
ЗИЛ ао;60;20170313;180000;1385;1385;1385;1385;3;0
ЗИЛ ао;60;20170314;110000;1420;1420;1420;1420;1;0
ЗИЛ ао;60;20170314;120000;1420;1420;1415;1415;5;0
ЗИЛ ао;60;20170314;130000;1415;1415;1415;1415;2;0
ЗИЛ ао;60;20170314;150000;1395;1420;1395;1420;3;0
ЗИЛ ао;60;20170315;110000;1395;1415;1380;1380;7;0
ЗИЛ ао;60;20170315;180000;1400;1400;1400;1400;4;0
ЗИЛ ао;60;20170316;110000;1380;1400;1375;1400;6;0
ЗИЛ ао;60;20170316;140000;1415;1415;1415;1415;1;0
ЗИЛ ао;60;20170317;110000;1400;1400;1400;1400;1;0
ЗИЛ ао;60;20170317;120000;1385;1400;1385;1400;2;0
ЗИЛ ао;60;20170317;130000;1380;1380;1370;1370;6;0
ЗИЛ ао;60;20170317;150000;1375;1375;1370;1370;4;0
ЗИЛ ао;60;20170317;160000;1370;1370;1370;1370;2;0
ЗИЛ ао;60;20170317;170000;1370;1370;1370;1370;3;0
ЗИЛ ао;60;20170320;110000;1380;1400;1380;1400;12;0
ЗИЛ ао;60;20170320;120000;1380;1380;1380;1380;1;0
ЗИЛ ао;60;20170320;130000;1415;1415;1400;1410;8;0
ЗИЛ ао;60;20170320;140000;1390;1390;1380;1380;3;0
ЗИЛ ао;60;20170320;150000;1405;1415;1375;1375;38;0
ЗИЛ ао;60;20170321;100000;1380;1380;1380;1380;1;0
ЗИЛ ао;60;20170321;110000;1385;1405;1380;1405;12;0
ЗИЛ ао;60;20170321;160000;1410;1410;1410;1410;2;0
ЗИЛ ао;60;20170322;110000;1440;1440;1440;1440;1;0
ЗИЛ ао;60;20170322;120000;1410;1435;1390;1390;13;0
ЗИЛ ао;60;20170322;140000;1405;1420;1405;1420;2;0
ЗИЛ ао;60;20170322;150000;1400;1400;1390;1390;8;0
ЗИЛ ао;60;20170323;100000;1390;1390;1390;1390;2;0
ЗИЛ ао;60;20170323;120000;1395;1420;1395;1420;6;0
ЗИЛ ао;60;20170323;170000;1435;1435;1435;1435;13;0
ЗИЛ ао;60;20170323;180000;1435;1435;1435;1435;2;0
ЗИЛ ао;60;20170324;100000;1400;1425;1400;1425;2;0
ЗИЛ ао;60;20170324;110000;1415;1430;1415;1430;2;0
ЗИЛ ао;60;20170324;180000;1420;1420;1420;1420;1;0
ЗИЛ ао;60;20170327;100000;1405;1425;1400;1400;5;0
ЗИЛ ао;60;20170327;110000;1395;1395;1380;1380;5;0
ЗИЛ ао;60;20170327;120000;1385;1385;1360;1360;6;0
ЗИЛ ао;60;20170327;130000;1385;1385;1385;1385;1;0
ЗИЛ ао;60;20170327;150000;1360;1370;1360;1360;4;0
ЗИЛ ао;60;20170327;180000;1360;1360;1360;1360;4;0
ЗИЛ ао;60;20170328;100000;1370;1370;1370;1370;2;0
ЗИЛ ао;60;20170328;110000;1355;1370;1355;1370;2;0
ЗИЛ ао;60;20170328;160000;1355;1355;1355;1355;1;0
ЗИЛ ао;60;20170328;170000;1360;1360;1360;1360;1;0
ЗИЛ ао;60;20170329;100000;1325;1355;1325;1355;8;0
ЗИЛ ао;60;20170330;100000;1365;1405;1365;1405;14;0
ЗИЛ ао;60;20170330;110000;1365;1365;1365;1365;1;0
ЗИЛ ао;60;20170330;120000;1400;1400;1400;1400;1;0
ЗИЛ ао;60;20170330;170000;1400;1400;1400;1400;1;0
ЗИЛ ао;60;20170331;110000;1410;1410;1410;1410;1;0
ЗИЛ ао;60;20170331;130000;1415;1415;1400;1415;5;0
ЗИЛ ао;60;20170331;140000;1400;1400;1400;1400;1;0
ЗИЛ ао;60;20170331;170000;1400;1400;1290;1330;46;0
ЗИЛ ао;60;20170331;180000;1340;1345;1340;1345;2;0
ЗИЛ ао;60;20170403;100000;1335;1350;1280;1285;30;0
ЗИЛ ао;60;20170403;110000;1295;1295;1295;1295;6;0
ЗИЛ ао;60;20170403;150000;1310;1320;1310;1320;3;0
ЗИЛ ао;60;20170403;160000;1315;1400;1315;1400;36;0
ЗИЛ ао;60;20170404;100000;1340;1400;1340;1400;12;0
ЗИЛ ао;60;20170404;140000;1410;1450;1410;1450;35;0
ЗИЛ ао;60;20170405;100000;1480;1690;1390;1435;30;0
ЗИЛ ао;60;20170405;110000;1445;1465;1445;1465;6;0
ЗИЛ ао;60;20170405;120000;1425;1430;1425;1430;3;0
ЗИЛ ао;60;20170405;140000;1425;1425;1425;1425;13;0
ЗИЛ ао;60;20170406;130000;1420;1450;1400;1400;9;0
ЗИЛ ао;60;20170406;140000;1420;1420;1395;1410;6;0
ЗИЛ ао;60;20170406;150000;1400;1400;1400;1400;5;0
ЗИЛ ао;60;20170407;120000;1385;1445;1380;1405;12;0
ЗИЛ ао;60;20170410;100000;1495;1500;1495;1500;7;0
ЗИЛ ао;60;20170410;110000;1445;1445;1445;1445;42;0
ЗИЛ ао;60;20170410;120000;1390;1390;1385;1385;5;0
ЗИЛ ао;60;20170410;140000;1355;1355;1350;1350;2;0
ЗИЛ ао;60;20170411;130000;1380;1380;1380;1380;1;0
ЗИЛ ао;60;20170411;140000;1380;1380;1380;1380;1;0
ЗИЛ ао;60;20170412;100000;1375;1395;1375;1395;2;0
ЗИЛ ао;60;20170412;130000;1395;1400;1395;1400;30;0
ЗИЛ ао;60;20170412;170000;1375;1375;1320;1320;10;0
ЗИЛ ао;60;20170412;180000;1350;1350;1315;1315;5;0
ЗИЛ ао;60;20170413;100000;1330;1365;1330;1350;15;0
ЗИЛ ао;60;20170413;110000;1340;1370;1295;1370;60;0
ЗИЛ ао;60;20170413;140000;1365;1365;1365;1365;1;0
ЗИЛ ао;60;20170413;150000;1325;1325;1260;1260;29;0
ЗИЛ ао;60;20170413;160000;1300;1300;1300;1300;61;0
ЗИЛ ао;60;20170413;180000;1300;1305;1300;1305;9;0
ЗИЛ ао;60;20170414;100000;1280;1300;1280;1300;2;0
ЗИЛ ао;60;20170414;110000;1300;1300;1260;1260;16;0
ЗИЛ ао;60;20170414;130000;1265;1265;1260;1260;2;0
ЗИЛ ао;60;20170414;140000;1295;1295;1295;1295;1;0
ЗИЛ ао;60;20170414;180000;1280;1280;1280;1280;6;0
ЗИЛ ао;60;20170417;100000;1280;1300;1275;1300;6;0
ЗИЛ ао;60;20170417;120000;1300;1300;1255;1265;20;0
ЗИЛ ао;60;20170417;140000;1265;1265;1260;1260;23;0
ЗИЛ ао;60;20170418;110000;1260;1265;1255;1260;20;0
ЗИЛ ао;60;20170418;120000;1265;1295;1255;1255;28;0
ЗИЛ ао;60;20170418;130000;1260;1270;1260;1270;12;0
ЗИЛ ао;60;20170418;180000;1255;1255;1255;1255;1;0
ЗИЛ ао;60;20170419;100000;1250;1265;1250;1265;9;0
ЗИЛ ао;60;20170419;110000;1275;1275;1275;1275;1;0
ЗИЛ ао;60;20170419;130000;1270;1270;1260;1260;10;0
ЗИЛ ао;60;20170419;140000;1260;1260;1260;1260;1;0
ЗИЛ ао;60;20170419;160000;1255;1255;1250;1255;61;0
ЗИЛ ао;60;20170419;180000;1260;1260;1260;1260;2;0
ЗИЛ ао;60;20170420;100000;1260;1260;1255;1255;5;0
ЗИЛ ао;60;20170420;110000;1260;1265;1260;1265;8;0
ЗИЛ ао;60;20170420;120000;1250;1250;1250;1250;14;0
ЗИЛ ао;60;20170420;130000;1255;1270;1250;1270;11;0
ЗИЛ ао;60;20170420;140000;1260;1260;1260;1260;1;0
ЗИЛ ао;60;20170420;170000;1260;1260;1260;1260;1;0
ЗИЛ ао;60;20170421;110000;1285;1295;1285;1295;9;0
ЗИЛ ао;60;20170421;140000;1300;1315;1280;1305;11;0
ЗИЛ ао;60;20170421;160000;1270;1270;1260;1260;38;0
ЗИЛ ао;60;20170421;170000;1260;1290;1260;1290;8;0
ЗИЛ ао;60;20170424;100000;1290;1300;1290;1300;15;0
ЗИЛ ао;60;20170424;120000;1280;1280;1260;1260;37;0
ЗИЛ ао;60;20170424;150000;1270;1270;1270;1270;1;0
ЗИЛ ао;60;20170424;160000;1280;1280;1265;1265;85;0
ЗИЛ ао;60;20170424;170000;1265;1290;1265;1290;57;0
ЗИЛ ао;60;20170425;100000;1310;1330;1280;1280;6;0
ЗИЛ ао;60;20170425;160000;1280;1280;1270;1270;4;0
ЗИЛ ао;60;20170426;100000;1275;1295;1275;1295;11;0
ЗИЛ ао;60;20170426;140000;1275;1275;1260;1260;28;0
ЗИЛ ао;60;20170426;160000;1265;1265;1250;1250;31;0
ЗИЛ ао;60;20170426;170000;1260;1285;1260;1285;9;0
ЗИЛ ао;60;20170427;110000;1265;1285;1265;1285;8;0
ЗИЛ ао;60;20170427;130000;1270;1270;1270;1270;1;0
ЗИЛ ао;60;20170427;140000;1270;1285;1270;1285;4;0
ЗИЛ ао;60;20170427;150000;1265;1265;1260;1260;7;0
ЗИЛ ао;60;20170427;180000;1285;1295;1270;1270;17;0
ЗИЛ ао;60;20170428;100000;1285;1310;1285;1300;12;0
ЗИЛ ао;60;20170428;110000;1305;1305;1270;1300;5;0
ЗИЛ ао;60;20170428;140000;1275;1290;1275;1290;4;0
ЗИЛ ао;60;20170428;150000;1270;1270;1260;1260;12;0
ЗИЛ ао;60;20170428;180000;1285;1290;1285;1290;30;0
ЗИЛ ао;60;20170502;100000;1335;1365;1295;1360;25;0
ЗИЛ ао;60;20170502;110000;1345;1360;1260;1270;71;0
ЗИЛ ао;60;20170502;120000;1265;1280;1250;1260;54;0
ЗИЛ ао;60;20170502;130000;1255;1255;1255;1255;1;0
ЗИЛ ао;60;20170502;140000;1265;1285;1260;1260;11;0
ЗИЛ ао;60;20170502;150000;1260;1260;1260;1260;1;0
ЗИЛ ао;60;20170502;160000;1290;1290;1290;1290;2;0
ЗИЛ ао;60;20170503;100000;1265;1275;1265;1275;4;0
ЗИЛ ао;60;20170503;110000;1260;1260;1260;1260;1;0
ЗИЛ ао;60;20170503;120000;1260;1260;1260;1260;4;0
ЗИЛ ао;60;20170503;140000;1275;1275;1250;1250;26;0
ЗИЛ ао;60;20170503;160000;1255;1260;1255;1260;2;0
ЗИЛ ао;60;20170504;100000;1190;1250;1190;1250;20;0
ЗИЛ ао;60;20170504;110000;1295;1375;1260;1260;42;0
ЗИЛ ао;60;20170504;120000;1265;1290;1265;1290;2;0
ЗИЛ ао;60;20170504;160000;1260;1260;1260;1260;1;0
ЗИЛ ао;60;20170505;100000;1245;1270;1245;1270;8;0
ЗИЛ ао;60;20170505;110000;1265;1265;1265;1265;2;0
ЗИЛ ао;60;20170505;150000;1270;1275;1270;1270;6;0
ЗИЛ ао;60;20170505;160000;1275;1275;1250;1250;11;0
ЗИЛ ао;60;20170505;170000;1250;1250;1250;1250;2;0
ЗИЛ ао;60;20170510;100000;1235;1255;1235;1255;8;0
ЗИЛ ао;60;20170510;140000;1260;1260;1260;1260;1;0
ЗИЛ ао;60;20170510;170000;1265;1265;1265;1265;1;0
ЗИЛ ао;60;20170510;180000;1245;1245;1230;1230;4;0
ЗИЛ ао;60;20170511;100000;1235;1275;1235;1250;80;0
ЗИЛ ао;60;20170511;110000;1245;1245;1235;1245;8;0
ЗИЛ ао;60;20170511;150000;1255;1360;1255;1360;62;0
ЗИЛ ао;60;20170511;160000;1365;1500;1350;1360;266;0
ЗИЛ ао;60;20170511;170000;1360;1360;1320;1340;14;0
ЗИЛ ао;60;20170511;180000;1320;1320;1320;1320;1;0
ЗИЛ ао;60;20170512;100000;1320;1320;1245;1285;186;0
ЗИЛ ао;60;20170512;110000;1275;1275;1275;1275;1;0
ЗИЛ ао;60;20170512;120000;1265;1280;1265;1280;3;0
ЗИЛ ао;60;20170512;150000;1265;1265;1260;1265;14;0
ЗИЛ ао;60;20170512;160000;1265;1265;1265;1265;2;0
ЗИЛ ао;60;20170512;170000;1265;1265;1265;1265;1;0
ЗИЛ ао;60;20170512;180000;1270;1270;1265;1270;6;0
ЗИЛ ао;60;20170515;110000;1265;1265;1265;1265;1;0
ЗИЛ ао;60;20170515;120000;1265;1265;1265;1265;1;0
ЗИЛ ао;60;20170515;150000;1265;1265;1265;1265;1;0
ЗИЛ ао;60;20170515;180000;1265;1265;1265;1265;2;0
ЗИЛ ао;60;20170516;100000;1265;1265;1255;1255;5;0
ЗИЛ ао;60;20170516;110000;1260;1265;1260;1260;15;0
ЗИЛ ао;60;20170516;120000;1260;1260;1260;1260;2;0
ЗИЛ ао;60;20170516;130000;1265;1265;1260;1260;5;0
ЗИЛ ао;60;20170516;140000;1260;1260;1260;1260;46;0
ЗИЛ ао;60;20170516;150000;1265;1265;1265;1265;3;0
ЗИЛ ао;60;20170516;180000;1270;1270;1265;1265;11;0
ЗИЛ ао;60;20170517;120000;1260;1260;1260;1260;231;0
ЗИЛ ао;60;20170517;130000;1260;1260;1255;1260;202;0
ЗИЛ ао;60;20170517;170000;1265;1265;1255;1260;205;0
ЗИЛ ао;60;20170518;100000;1250;1280;1250;1280;12;0
ЗИЛ ао;60;20170518;110000;1260;1260;1250;1250;100;0
ЗИЛ ао;60;20170518;130000;1260;1260;1260;1260;3;0
ЗИЛ ао;60;20170518;150000;1260;1260;1260;1260;1;0
ЗИЛ ао;60;20170518;160000;1260;1260;1260;1260;104;0
ЗИЛ ао;60;20170518;170000;1265;1265;1265;1265;25;0
ЗИЛ ао;60;20170519;110000;1270;1270;1270;1270;4;0
ЗИЛ ао;60;20170519;120000;1260;1260;1260;1260;50;0
ЗИЛ ао;60;20170519;140000;1265;1265;1265;1265;9;0
ЗИЛ ао;60;20170519;160000;1265;1265;1265;1265;1;0
ЗИЛ ао;60;20170522;100000;1255;1285;1255;1285;4;0
ЗИЛ ао;60;20170522;110000;1265;1265;1260;1260;560;0
ЗИЛ ао;60;20170522;120000;1260;1260;1260;1260;600;0
ЗИЛ ао;60;20170522;180000;1260;1260;1260;1260;20;0
ЗИЛ ао;60;20170523;120000;1260;1260;1260;1260;50;0
ЗИЛ ао;60;20170524;100000;1250;1300;1250;1300;4;0
ЗИЛ ао;60;20170524;130000;1265;1290;1260;1260;13;0
ЗИЛ ао;60;20170524;140000;1255;1255;1250;1250;50;0
ЗИЛ ао;60;20170524;150000;1250;1250;1250;1250;5;0
ЗИЛ ао;60;20170524;160000;1250;1255;1250;1255;4;0
ЗИЛ ао;60;20170524;180000;1235;1235;1150;1150;6;0
ЗИЛ ао;60;20170525;100000;1190;1220;1190;1200;8;0
ЗИЛ ао;60;20170525;180000;1240;1250;1240;1250;26;0
ЗИЛ ао;60;20170526;090000;1230;1230;1230;1230;1;0
ЗИЛ ао;60;20170529;180000;1210;1210;1200;1200;10;0
ЗИЛ ао;60;20170530;100000;1170;1185;1170;1185;2;0
ЗИЛ ао;60;20170530;120000;1200;1200;1200;1200;1;0
ЗИЛ ао;60;20170530;140000;1200;1210;1200;1210;5;0
ЗИЛ ао;60;20170530;150000;1200;1215;1200;1215;5;0
ЗИЛ ао;60;20170530;170000;1205;1205;1205;1205;2;0
ЗИЛ ао;60;20170531;100000;1180;1220;1180;1220;20;0
ЗИЛ ао;60;20170601;100000;1170;1200;1170;1200;8;0
ЗИЛ ао;60;20170601;130000;1170;1185;1170;1185;2;0
ЗИЛ ао;60;20170602;130000;1170;1200;1170;1200;4;0
ЗИЛ ао;60;20170605;100000;1185;1200;1185;1200;4;0
ЗИЛ ао;60;20170605;120000;1200;1200;1200;1200;10;0
ЗИЛ ао;60;20170605;130000;1200;1200;1200;1200;90;0
ЗИЛ ао;60;20170605;140000;1180;1180;1170;1170;2;0
ЗИЛ ао;60;20170605;160000;1185;1185;1185;1185;1;0
ЗИЛ ао;60;20170606;100000;1155;1165;1010;1165;13;0
ЗИЛ ао;60;20170606;110000;1175;1175;1175;1175;1;0
ЗИЛ ао;60;20170606;140000;1200;1200;1200;1200;3;0
ЗИЛ ао;60;20170606;150000;1200;1200;1200;1200;7;0
ЗИЛ ао;60;20170606;160000;1200;1200;1200;1200;10;0
ЗИЛ ао;60;20170606;180000;1210;1210;1210;1210;1;0
ЗИЛ ао;60;20170607;100000;1180;1210;1175;1210;9;0
ЗИЛ ао;60;20170608;100000;1160;1190;1160;1180;9;0
ЗИЛ ао;60;20170608;110000;1180;1180;1180;1180;1;0
ЗИЛ ао;60;20170608;120000;1170;1175;1150;1175;12;0
ЗИЛ ао;60;20170608;140000;1155;1155;1135;1135;13;0
ЗИЛ ао;60;20170608;180000;1130;1130;1120;1120;3;0
ЗИЛ ао;60;20170609;100000;1030;1165;1030;1160;29;0
ЗИЛ ао;60;20170609;140000;1100;1100;1100;1100;50;0
ЗИЛ ао;60;20170609;160000;1110;1110;1110;1110;1;0
ЗИЛ ао;60;20170609;170000;1110;1110;1110;1110;2;0
ЗИЛ ао;60;20170609;180000;1110;1120;1110;1120;9;0
ЗИЛ ао;60;20170613;100000;1145;1170;1110;1170;9;0
ЗИЛ ао;60;20170613;110000;1120;1120;1115;1115;7;0
ЗИЛ ао;60;20170613;180000;1140;1140;1140;1140;1;0
ЗИЛ ао;60;20170614;100000;1105;1160;1100;1125;4;0
ЗИЛ ао;60;20170614;110000;1090;1090;1025;1025;3;0
ЗИЛ ао;60;20170614;150000;1100;1100;1100;1100;10;0
ЗИЛ ао;60;20170614;170000;1100;1100;1100;1100;40;0
ЗИЛ ао;60;20170615;100000;1120;1140;1025;1050;92;0
ЗИЛ ао;60;20170615;110000;1110;1110;1025;1070;15;0
ЗИЛ ао;60;20170615;120000;1055;1055;1050;1055;85;0
ЗИЛ ао;60;20170615;130000;1060;1085;1030;1075;15;0
ЗИЛ ао;60;20170615;150000;1080;1080;1080;1080;1;0
ЗИЛ ао;60;20170615;160000;1080;1080;1075;1075;92;0
ЗИЛ ао;60;20170616;100000;1050;1145;1050;1100;15;0
ЗИЛ ао;60;20170616;110000;1060;1060;1055;1055;38;0
ЗИЛ ао;60;20170616;130000;1060;1060;1050;1060;86;0
ЗИЛ ао;60;20170616;140000;1055;1055;1055;1055;31;0
ЗИЛ ао;60;20170616;160000;1060;1060;1050;1050;160;0
ЗИЛ ао;60;20170616;170000;1050;1050;1050;1050;10;0
ЗИЛ ао;60;20170616;180000;1060;1060;1060;1060;1;0
ЗИЛ ао;60;20170619;100000;1095;1200;1080;1080;26;0
ЗИЛ ао;60;20170619;170000;1110;1110;1075;1075;12;0
ЗИЛ ао;60;20170620;100000;1090;1120;1090;1110;5;0
ЗИЛ ао;60;20170620;110000;1080;1080;1075;1075;3;0
ЗИЛ ао;60;20170620;180000;1085;1085;1060;1060;17;0
ЗИЛ ао;60;20170621;100000;1070;1130;1070;1130;4;0
ЗИЛ ао;60;20170621;170000;1075;1120;1075;1090;20;0
ЗИЛ ао;60;20170622;100000;1050;1130;1040;1110;24;0
ЗИЛ ао;60;20170622;140000;1080;1080;1080;1080;1;0
ЗИЛ ао;60;20170622;180000;1080;1080;1080;1080;95;0
ЗИЛ ао;60;20170623;130000;1075;1110;1070;1110;16;0
ЗИЛ ао;60;20170623;140000;1070;1110;1070;1110;8;0
ЗИЛ ао;60;20170623;150000;1060;1070;1060;1070;2;0
ЗИЛ ао;60;20170623;180000;1060;1060;1055;1055;22;0
ЗИЛ ао;60;20170626;100000;1025;1070;1025;1070;16;0
ЗИЛ ао;60;20170626;130000;1055;1055;1050;1050;65;0
ЗИЛ ао;60;20170626;140000;1045;1045;1025;1025;40;0
ЗИЛ ао;60;20170626;150000;1030;1030;1025;1025;103;0
ЗИЛ ао;60;20170626;160000;1030;1030;1025;1025;26;0
ЗИЛ ао;60;20170627;100000;1035;1060;1035;1060;10;0
ЗИЛ ао;60;20170627;140000;1045;1060;1045;1060;8;0
ЗИЛ ао;60;20170627;160000;1065;1070;1065;1070;2;0
ЗИЛ ао;60;20170627;170000;1040;1040;1040;1040;1;0
ЗИЛ ао;60;20170628;120000;1035;1060;1035;1060;36;0
ЗИЛ ао;60;20170628;160000;1060;1060;1060;1060;13;0
ЗИЛ ао;60;20170628;180000;1065;1065;1065;1065;12;0
ЗИЛ ао;60;20170629;100000;1090;1110;1060;1110;58;0
ЗИЛ ао;60;20170629;120000;1055;1055;1040;1040;16;0
ЗИЛ ао;60;20170629;130000;1085;1090;1085;1090;10;0
ЗИЛ ао;60;20170629;140000;1065;1065;1050;1050;31;0
ЗИЛ ао;60;20170630;140000;1040;1050;1040;1050;111;0
ЗИЛ ао;60;20170630;150000;1040;1040;1040;1040;1;0
ЗИЛ ао;60;20170703;100000;1050;1120;1050;1100;48;0
ЗИЛ ао;60;20170703;140000;1055;1055;1025;1025;42;0
ЗИЛ ао;60;20170704;100000;1015;1050;1015;1040;43;0
ЗИЛ ао;60;20170704;110000;1040;1040;1040;1040;13;0
ЗИЛ ао;60;20170704;120000;1040;1050;1040;1040;49;0
ЗИЛ ао;60;20170704;150000;1050;1055;1050;1055;12;0
ЗИЛ ао;60;20170704;160000;1050;1050;1050;1050;41;0
ЗИЛ ао;60;20170705;100000;1060;1140;1045;1120;60;0
ЗИЛ ао;60;20170705;110000;1095;1095;1095;1095;1;0
ЗИЛ ао;60;20170706;110000;1075;1090;1075;1085;22;0
ЗИЛ ао;60;20170706;140000;1080;1080;1080;1080;1;0
ЗИЛ ао;60;20170706;180000;1080;1080;1020;1020;62;0
ЗИЛ ао;60;20170707;100000;1030;1050;1030;1030;21;0
ЗИЛ ао;60;20170707;110000;1020;1030;1020;1025;102;0
ЗИЛ ао;60;20170707;130000;1045;1045;1045;1045;1;0
ЗИЛ ао;60;20170707;160000;1025;1025;1025;1025;25;0
ЗИЛ ао;60;20170707;170000;1025;1025;1025;1025;1;0
ЗИЛ ао;60;20170707;180000;1030;1050;1030;1050;14;0
ЗИЛ ао;60;20170710;100000;1030;1050;1030;1050;40;0
ЗИЛ ао;60;20170710;130000;1050;1050;1050;1050;1;0
ЗИЛ ао;60;20170711;100000;1030;1050;1030;1050;40;0
ЗИЛ ао;60;20170711;120000;1040;1040;1040;1040;12;0
ЗИЛ ао;60;20170711;130000;1045;1045;1045;1045;7;0
ЗИЛ ао;60;20170711;140000;1045;1045;1045;1045;10;0
ЗИЛ ао;60;20170711;150000;1040;1040;1040;1040;20;0
ЗИЛ ао;60;20170711;170000;1045;1045;1045;1045;1;0
ЗИЛ ао;60;20170712;100000;1055;1055;1030;1050;35;0
ЗИЛ ао;60;20170712;120000;1050;1050;950;950;52;0
ЗИЛ ао;60;20170712;130000;975;975;975;975;1;0
ЗИЛ ао;60;20170712;140000;1010;1035;1010;1035;72;0
ЗИЛ ао;60;20170712;150000;1035;1035;1035;1035;15;0
ЗИЛ ао;60;20170712;160000;1030;1030;1030;1030;7;0
ЗИЛ ао;60;20170712;180000;1025;1030;1025;1030;14;0
ЗИЛ ао;60;20170713;100000;1025;1030;1010;1010;163;0
ЗИЛ ао;60;20170713;110000;1030;1030;1030;1030;2;0
ЗИЛ ао;60;20170713;120000;1015;1015;1010;1010;123;0
ЗИЛ ао;60;20170713;150000;1010;1010;1005;1005;9;0
ЗИЛ ао;60;20170713;170000;1005;1010;1005;1010;3;0
ЗИЛ ао;60;20170713;180000;1015;1015;1015;1015;1;0
ЗИЛ ао;60;20170714;100000;1000;1020;1000;1010;51;0
ЗИЛ ао;60;20170714;110000;1015;1015;1010;1010;172;0
ЗИЛ ао;60;20170714;130000;1015;1025;1015;1025;72;0
ЗИЛ ао;60;20170714;140000;1025;1025;1010;1020;21;0
ЗИЛ ао;60;20170714;170000;1015;1015;1015;1015;2;0
ЗИЛ ао;60;20170717;100000;1010;1020;1010;1020;113;0
ЗИЛ ао;60;20170717;110000;1025;1025;1020;1020;101;0
ЗИЛ ао;60;20170718;100000;1020;1025;1020;1025;24;0
ЗИЛ ао;60;20170718;110000;1025;1025;1025;1025;15;0
ЗИЛ ао;60;20170718;170000;1025;1025;1025;1025;10;0
ЗИЛ ао;60;20170719;110000;1030;1140;1030;1140;325;0
ЗИЛ ао;60;20170719;140000;1105;1105;1105;1105;1;0
ЗИЛ ао;60;20170719;160000;1090;1090;1090;1090;5;0
ЗИЛ ао;60;20170719;170000;1130;1135;1130;1135;3;0
ЗИЛ ао;60;20170719;180000;1090;1090;1060;1060;33;0
ЗИЛ ао;60;20170720;110000;1080;1080;1080;1080;1;0
ЗИЛ ао;60;20170720;170000;1105;1125;1060;1060;31;0
ЗИЛ ао;60;20170721;100000;1090;1130;1055;1055;33;0
ЗИЛ ао;60;20170721;160000;1060;1060;1060;1060;3;0
ЗИЛ ао;60;20170724;110000;1050;1050;1040;1045;26;0
ЗИЛ ао;60;20170724;150000;1050;1050;1045;1045;42;0
ЗИЛ ао;60;20170724;170000;1040;1040;1040;1040;1;0
ЗИЛ ао;60;20170725;110000;1040;1040;990;1020;41;0
ЗИЛ ао;60;20170725;120000;1020;1020;1000;1000;4;0
ЗИЛ ао;60;20170725;130000;1000;1025;990;1025;25;0
ЗИЛ ао;60;20170725;140000;1005;1005;1000;1000;2;0
ЗИЛ ао;60;20170725;150000;1010;1025;1000;1010;17;0
ЗИЛ ао;60;20170725;160000;1025;1030;1025;1025;25;0
ЗИЛ ао;60;20170726;100000;1040;1040;1040;1040;1;0
ЗИЛ ао;60;20170726;130000;1035;1035;1030;1030;15;0
ЗИЛ ао;60;20170726;140000;1025;1025;1025;1025;10;0
ЗИЛ ао;60;20170726;160000;1025;1025;1025;1025;15;0
ЗИЛ ао;60;20170726;180000;1055;1060;1055;1060;2;0
ЗИЛ ао;60;20170727;100000;1015;1015;995;1005;65;0
ЗИЛ ао;60;20170727;110000;1005;1005;1005;1005;50;0
ЗИЛ ао;60;20170727;130000;1030;1030;1030;1030;1;0
ЗИЛ ао;60;20170727;140000;1035;1035;1025;1025;73;0
ЗИЛ ао;60;20170727;170000;1035;1035;1025;1025;38;0
ЗИЛ ао;60;20170728;100000;1020;1040;1020;1040;40;0
ЗИЛ ао;60;20170728;110000;1030;1030;1025;1025;85;0
ЗИЛ ао;60;20170728;120000;1030;1030;1025;1025;110;0
ЗИЛ ао;60;20170728;150000;1025;1025;1025;1025;15;0
ЗИЛ ао;60;20170728;160000;1025;1025;1025;1025;80;0
ЗИЛ ао;60;20170728;180000;1030;1035;1030;1035;19;0
ЗИЛ ао;60;20170731;150000;1045;1045;1025;1025;12;0
ЗИЛ ао;60;20170731;170000;1030;1030;1030;1030;31;0
ЗИЛ ао;60;20170801;100000;1050;1050;1050;1050;5;0
ЗИЛ ао;60;20170801;110000;1030;1030;1000;1025;218;0
ЗИЛ ао;60;20170801;120000;1025;1035;1000;1035;52;0
ЗИЛ ао;60;20170801;130000;1010;1010;1000;1000;52;0
ЗИЛ ао;60;20170801;170000;1010;1040;1000;1040;37;0
ЗИЛ ао;60;20170801;180000;1025;1025;1025;1025;1;0
ЗИЛ ао;60;20170802;130000;1045;1045;1045;1045;1;0
ЗИЛ ао;60;20170803;120000;1045;1045;1045;1045;2;0
ЗИЛ ао;60;20170803;140000;1045;1045;1000;1000;245;0
ЗИЛ ао;60;20170803;160000;1025;1035;1025;1035;4;0
ЗИЛ ао;60;20170803;170000;1050;1050;1050;1050;11;0
ЗИЛ ао;60;20170804;100000;1030;1065;1030;1065;32;0
ЗИЛ ао;60;20170804;130000;1030;1030;1030;1030;1;0
ЗИЛ ао;60;20170808;100000;1015;1015;1000;1000;10;0
ЗИЛ ао;60;20170808;130000;1020;1020;1020;1020;1;0
ЗИЛ ао;60;20170808;140000;1010;1015;1010;1015;2;0
ЗИЛ ао;60;20170808;150000;1025;1025;1025;1025;18;0
ЗИЛ ао;60;20170809;130000;1025;1025;1025;1025;2;0
ЗИЛ ао;60;20170809;140000;1015;1015;1010;1010;2;0
ЗИЛ ао;60;20170809;150000;1025;1030;1025;1030;10;0
ЗИЛ ао;60;20170810;110000;1020;1020;1020;1020;4;0
ЗИЛ ао;60;20170810;140000;1010;1010;1000;1000;51;0
ЗИЛ ао;60;20170810;170000;1025;1025;1005;1005;8;0
ЗИЛ ао;60;20170811;100000;1000;1000;1000;1000;6;0
ЗИЛ ао;60;20170811;110000;1000;1015;1000;1015;311;0
ЗИЛ ао;60;20170811;120000;1005;1005;1005;1005;6;0
ЗИЛ ао;60;20170811;130000;1000;1000;1000;1000;2;0
ЗИЛ ао;60;20170811;150000;1000;1000;1000;1000;96;0
ЗИЛ ао;60;20170811;170000;1000;1000;1000;1000;100;0
ЗИЛ ао;60;20170811;180000;1015;1050;1015;1050;22;0
ЗИЛ ао;60;20170814;130000;1015;1015;1000;1005;102;0
ЗИЛ ао;60;20170814;140000;1015;1015;1005;1005;4;0
ЗИЛ ао;60;20170814;170000;1010;1010;1000;1000;151;0
ЗИЛ ао;60;20170814;180000;1000;1000;1000;1000;117;0
ЗИЛ ао;60;20170815;100000;1005;1005;1000;1000;49;0
ЗИЛ ао;60;20170815;110000;1000;1010;1000;1010;31;0
ЗИЛ ао;60;20170815;120000;1015;1015;1015;1015;1;0
ЗИЛ ао;60;20170815;170000;1025;1025;1025;1025;1;0
ЗИЛ ао;60;20170817;150000;1045;1045;1045;1045;3;0
ЗИЛ ао;60;20170817;180000;1025;1025;1025;1025;5;0
ЗИЛ ао;60;20170818;100000;1020;1055;1020;1045;112;0
ЗИЛ ао;60;20170818;110000;1020;1045;1020;1045;18;0
ЗИЛ ао;60;20170818;130000;1045;1045;1045;1045;12;0
ЗИЛ ао;60;20170818;140000;1025;1025;1025;1025;1;0
ЗИЛ ао;60;20170821;100000;1015;1015;1015;1015;1;0
ЗИЛ ао;60;20170821;110000;1015;1015;1010;1010;3;0
ЗИЛ ао;60;20170821;120000;1010;1010;1010;1010;3;0
ЗИЛ ао;60;20170821;130000;1025;1025;1025;1025;1;0
ЗИЛ ао;60;20170821;140000;1030;1030;1030;1030;1;0
ЗИЛ ао;60;20170821;170000;1010;1010;1010;1010;2;0
ЗИЛ ао;60;20170822;130000;1030;1030;1030;1030;3;0
ЗИЛ ао;60;20170822;150000;1035;1035;1035;1035;10;0
ЗИЛ ао;60;20170822;160000;1035;1045;1035;1045;6;0
ЗИЛ ао;60;20170823;180000;1010;1010;995;995;175;0
ЗИЛ ао;60;20170824;110000;1005;1005;970;970;250;0
ЗИЛ ао;60;20170824;120000;985;985;985;985;1;0
ЗИЛ ао;60;20170824;130000;985;985;970;980;10;0
ЗИЛ ао;60;20170825;100000;985;1010;985;1000;39;0
ЗИЛ ао;60;20170825;120000;1000;1000;1000;1000;2;0
ЗИЛ ао;60;20170825;180000;1010;1010;1010;1010;1;0
ЗИЛ ао;60;20170828;100000;1005;1015;1005;1015;10;0
ЗИЛ ао;60;20170828;120000;1015;1030;1015;1030;17;0
ЗИЛ ао;60;20170828;130000;1035;1035;1020;1020;11;0
ЗИЛ ао;60;20170828;170000;1015;1015;1010;1010;2;0
ЗИЛ ао;60;20170828;180000;1000;1000;1000;1000;11;0
ЗИЛ ао;60;20170829;100000;1015;1020;1015;1020;5;0
ЗИЛ ао;60;20170829;180000;1005;1005;1000;1000;92;0
ЗИЛ ао;60;20170830;100000;1000;1000;1000;1000;1;0
ЗИЛ ао;60;20170830;110000;1015;1015;1015;1015;2;0
ЗИЛ ао;60;20170830;120000;1020;1020;1020;1020;1;0
ЗИЛ ао;60;20170831;100000;1015;1050;1015;1020;52;0
ЗИЛ ао;60;20170831;120000;1020;1020;1020;1020;4;0
ЗИЛ ао;60;20170831;130000;1040;1040;1040;1040;1;0
ЗИЛ ао;60;20170901;100000;1020;1040;1020;1040;96;0
ЗИЛ ао;60;20170901;110000;1020;1020;1015;1015;4;0
ЗИЛ ао;60;20170901;120000;1015;1015;1015;1015;7;0
ЗИЛ ао;60;20170901;150000;1035;1035;1035;1035;1;0
ЗИЛ ао;60;20170901;160000;1020;1020;1010;1015;20;0
ЗИЛ ао;60;20170901;170000;1015;1015;1015;1015;10;0
ЗИЛ ао;60;20170904;100000;1020;1020;1010;1010;18;0
ЗИЛ ао;60;20170904;110000;1010;1010;1000;1000;58;0
ЗИЛ ао;60;20170904;130000;1000;1000;995;995;54;0
ЗИЛ ао;60;20170904;140000;1000;1000;1000;1000;1;0
ЗИЛ ао;60;20170904;150000;1000;1000;1000;1000;1;0
ЗИЛ ао;60;20170904;160000;1000;1005;1000;1005;82;0
ЗИЛ ао;60;20170904;180000;1000;1000;1000;1000;7;0
ЗИЛ ао;60;20170905;110000;1000;1000;1000;1000;1;0
ЗИЛ ао;60;20170905;120000;1000;1000;1000;1000;3;0
ЗИЛ ао;60;20170905;150000;1000;1000;1000;1000;3;0
ЗИЛ ао;60;20170905;160000;1000;1000;1000;1000;17;0
ЗИЛ ао;60;20170906;100000;995;1010;995;1010;68;0
ЗИЛ ао;60;20170906;150000;990;990;980;980;20;0
ЗИЛ ао;60;20170906;180000;1000;1000;1000;1000;1;0
ЗИЛ ао;60;20170907;100000;995;1020;990;995;113;0
ЗИЛ ао;60;20170907;110000;995;995;995;995;4;0
ЗИЛ ао;60;20170907;140000;1000;1000;1000;1000;22;0
ЗИЛ ао;60;20170907;160000;995;995;930;985;32;0
ЗИЛ ао;60;20170907;170000;985;985;985;985;2;0
ЗИЛ ао;60;20170907;180000;960;960;960;960;1;0
ЗИЛ ао;60;20170908;100000;975;990;970;985;53;0
ЗИЛ ао;60;20170908;110000;985;985;965;965;100;0
ЗИЛ ао;60;20170908;120000;985;985;955;970;94;0
ЗИЛ ао;60;20170908;160000;990;990;990;990;10;0
ЗИЛ ао;60;20170908;180000;990;990;990;990;15;0
ЗИЛ ао;60;20170911;110000;995;995;995;995;1;0
ЗИЛ ао;60;20170911;170000;990;990;985;985;77;0
ЗИЛ ао;60;20170912;120000;990;990;990;990;1;0
ЗИЛ ао;60;20170912;130000;995;995;995;995;2;0
ЗИЛ ао;60;20170912;150000;995;995;995;995;1;0
ЗИЛ ао;60;20170913;100000;980;985;900;985;27;0
ЗИЛ ао;60;20170913;110000;985;985;985;985;2;0
ЗИЛ ао;60;20170913;130000;990;990;955;975;106;0
ЗИЛ ао;60;20170913;140000;975;975;955;975;140;0
ЗИЛ ао;60;20170913;150000;970;970;970;970;2;0
ЗИЛ ао;60;20170913;170000;970;970;965;965;16;0
ЗИЛ ао;60;20170914;100000;955;990;955;985;109;0
ЗИЛ ао;60;20170914;110000;960;960;960;960;13;0
ЗИЛ ао;60;20170914;120000;965;970;955;960;35;0
ЗИЛ ао;60;20170914;140000;975;975;975;975;1;0
ЗИЛ ао;60;20170914;150000;970;980;970;980;2;0
ЗИЛ ао;60;20170914;180000;970;970;970;970;1;0
ЗИЛ ао;60;20170915;100000;970;975;950;950;98;0
ЗИЛ ао;60;20170915;110000;960;960;960;960;10;0
ЗИЛ ао;60;20170915;120000;965;965;965;965;3;0
ЗИЛ ао;60;20170915;130000;970;970;970;970;1;0
ЗИЛ ао;60;20170915;180000;960;960;960;960;25;0
ЗИЛ ао;60;20170918;120000;965;970;965;970;26;0
ЗИЛ ао;60;20170918;130000;960;970;950;970;378;0
ЗИЛ ао;60;20170918;180000;960;960;950;950;82;0
ЗИЛ ао;60;20170919;100000;955;955;950;950;5;0
ЗИЛ ао;60;20170919;110000;970;970;950;970;117;0
ЗИЛ ао;60;20170919;170000;970;975;970;975;41;0
ЗИЛ ао;60;20170919;180000;960;970;960;970;20;0
ЗИЛ ао;60;20170920;100000;970;975;965;975;58;0
ЗИЛ ао;60;20170920;120000;970;970;970;970;1;0
ЗИЛ ао;60;20170920;130000;970;970;970;970;2;0
ЗИЛ ао;60;20170920;140000;975;975;975;975;3;0
ЗИЛ ао;60;20170920;170000;975;975;975;975;3;0
ЗИЛ ао;60;20170920;180000;975;975;975;975;5;0
ЗИЛ ао;60;20170921;100000;965;980;965;980;91;0
ЗИЛ ао;60;20170921;130000;985;985;985;985;20;0
ЗИЛ ао;60;20170921;180000;985;995;955;955;377;0
ЗИЛ ао;60;20170922;100000;955;970;955;970;29;0
ЗИЛ ао;60;20170922;120000;975;975;975;975;2;0
ЗИЛ ао;60;20170925;100000;965;965;965;965;1;0
ЗИЛ ао;60;20170925;110000;980;985;980;985;4;0
ЗИЛ ао;60;20170925;130000;970;970;970;970;2;0
ЗИЛ ао;60;20170925;140000;970;980;970;980;68;0
ЗИЛ ао;60;20170925;160000;965;965;955;955;82;0
ЗИЛ ао;60;20170925;180000;965;965;960;960;9;0
ЗИЛ ао;60;20170926;100000;960;965;955;965;25;0
ЗИЛ ао;60;20170926;110000;970;970;970;970;4;0
ЗИЛ ао;60;20170926;130000;965;965;955;955;102;0
ЗИЛ ао;60;20170926;140000;960;965;960;965;3;0
ЗИЛ ао;60;20170926;150000;965;965;960;960;129;0
ЗИЛ ао;60;20170926;160000;960;960;960;960;4;0
ЗИЛ ао;60;20170927;170000;965;975;960;975;229;0
ЗИЛ ао;60;20170928;130000;975;975;975;975;2;0
ЗИЛ ао;60;20170928;150000;975;975;975;975;7;0
ЗИЛ ао;60;20170929;100000;965;995;965;985;102;0
ЗИЛ ао;60;20170929;160000;980;980;950;950;50;0
ЗИЛ ао;60;20170929;170000;970;970;970;970;1;0
ЗИЛ ао;60;20171002;100000;975;975;975;975;4;0
ЗИЛ ао;60;20171002;140000;980;980;980;980;1;0
ЗИЛ ао;60;20171002;160000;985;995;975;975;153;0
ЗИЛ ао;60;20171003;100000;970;1050;970;1000;142;0
ЗИЛ ао;60;20171003;110000;1015;1045;1015;1045;8;0
ЗИЛ ао;60;20171003;120000;1045;1045;1045;1045;1;0
ЗИЛ ао;60;20171003;130000;1025;1025;1020;1025;5;0
ЗИЛ ао;60;20171003;160000;1015;1015;1000;1000;9;0
ЗИЛ ао;60;20171003;180000;1020;1020;1020;1020;1;0
ЗИЛ ао;60;20171004;100000;980;1070;980;1050;21;0
ЗИЛ ао;60;20171004;110000;1030;1030;1025;1025;3;0
ЗИЛ ао;60;20171004;130000;1045;1045;1045;1045;1;0
ЗИЛ ао;60;20171005;100000;990;1065;990;1015;23;0
ЗИЛ ао;60;20171005;110000;1010;1010;1010;1010;15;0
ЗИЛ ао;60;20171005;120000;1010;1010;1010;1010;3;0
ЗИЛ ао;60;20171005;160000;1015;1015;1010;1010;5;0
ЗИЛ ао;60;20171005;170000;1020;1020;1020;1020;1;0
ЗИЛ ао;60;20171005;180000;1010;1010;1000;1000;6;0
ЗИЛ ао;60;20171006;120000;1010;1010;1000;1000;22;0
ЗИЛ ао;60;20171006;140000;1000;1000;970;985;64;0
ЗИЛ ао;60;20171006;150000;985;990;985;990;3;0
ЗИЛ ао;60;20171006;160000;990;1005;990;1005;12;0
ЗИЛ ао;60;20171006;170000;985;985;960;960;106;0
ЗИЛ ао;60;20171006;180000;985;985;985;985;2;0
ЗИЛ ао;60;20171009;100000;965;980;965;980;3;0
ЗИЛ ао;60;20171009;110000;980;980;980;980;1;0
ЗИЛ ао;60;20171009;120000;975;980;975;980;6;0
ЗИЛ ао;60;20171009;160000;980;980;980;980;1;0
ЗИЛ ао;60;20171010;100000;980;1000;975;1000;26;0
ЗИЛ ао;60;20171010;110000;1000;1000;1000;1000;5;0
ЗИЛ ао;60;20171010;120000;985;985;985;985;1;0
ЗИЛ ао;60;20171010;130000;1000;1000;1000;1000;100;0
ЗИЛ ао;60;20171011;100000;1000;1000;1000;1000;22;0
ЗИЛ ао;60;20171011;110000;1005;1005;1005;1005;3;0
ЗИЛ ао;60;20171011;130000;1000;1025;1000;1000;348;0
ЗИЛ ао;60;20171012;100000;1030;1035;1030;1030;323;0
ЗИЛ ао;60;20171012;110000;1040;1040;1040;1040;3;0
ЗИЛ ао;60;20171012;140000;1035;1050;1020;1050;451;0
ЗИЛ ао;60;20171012;150000;1070;1120;1070;1120;579;0
ЗИЛ ао;60;20171012;160000;1115;1120;1115;1120;3;0
ЗИЛ ао;60;20171012;170000;1080;1080;1080;1080;1;0
ЗИЛ ао;60;20171013;100000;1100;1100;1100;1100;15;0
ЗИЛ ао;60;20171013;110000;1100;1105;1100;1105;4;0
ЗИЛ ао;60;20171013;120000;1105;1105;1105;1105;1;0
ЗИЛ ао;60;20171013;130000;1105;1105;1105;1105;2;0
ЗИЛ ао;60;20171013;180000;1090;1090;1085;1085;25;0
ЗИЛ ао;60;20171017;120000;1095;1100;1095;1100;142;0
ЗИЛ ао;60;20171017;130000;1070;1095;1070;1095;2;0
ЗИЛ ао;60;20171017;150000;1095;1100;1095;1100;366;0
ЗИЛ ао;60;20171017;160000;1120;1145;1120;1140;8;0
ЗИЛ ао;60;20171017;170000;1110;1125;1100;1125;17;0
ЗИЛ ао;60;20171017;180000;1125;1125;1125;1125;1;0
ЗИЛ ао;60;20171018;100000;1140;1140;1140;1140;1;0
ЗИЛ ао;60;20171018;120000;1100;1110;1100;1110;12;0
ЗИЛ ао;60;20171018;130000;1125;1125;1110;1110;141;0
ЗИЛ ао;60;20171018;140000;1065;1065;1065;1065;3;0
ЗИЛ ао;60;20171018;150000;1110;1115;1110;1115;5;0
ЗИЛ ао;60;20171018;160000;1090;1090;1090;1090;6;0
ЗИЛ ао;60;20171018;170000;1085;1085;1050;1070;105;0
ЗИЛ ао;60;20171018;180000;1070;1070;1070;1070;8;0
ЗИЛ ао;60;20171019;100000;1070;1100;1070;1095;9;0
ЗИЛ ао;60;20171019;110000;1095;1105;1095;1105;15;0
ЗИЛ ао;60;20171019;120000;1105;1105;1080;1100;16;0
ЗИЛ ао;60;20171019;130000;1095;1095;1095;1095;3;0
ЗИЛ ао;60;20171019;140000;1100;1105;1100;1100;12;0
ЗИЛ ао;60;20171019;170000;1095;1095;1095;1095;6;0
ЗИЛ ао;60;20171020;170000;1100;1105;1100;1105;2;0
ЗИЛ ао;60;20171023;150000;1115;1145;1115;1145;58;0
ЗИЛ ао;60;20171023;160000;1150;1195;1150;1155;4;0
ЗИЛ ао;60;20171023;170000;1190;1190;1130;1130;7;0
ЗИЛ ао;60;20171023;180000;1130;1140;1130;1140;12;0
ЗИЛ ао;60;20171024;110000;1110;1110;1100;1100;29;0
ЗИЛ ао;60;20171024;140000;1100;1100;1100;1100;2;0
ЗИЛ ао;60;20171024;160000;1095;1095;1095;1095;1;0
ЗИЛ ао;60;20171025;100000;1100;1150;1100;1135;24;0
ЗИЛ ао;60;20171025;110000;1130;1150;1035;1035;153;0
ЗИЛ ао;60;20171025;120000;1120;1120;1065;1065;21;0
ЗИЛ ао;60;20171025;130000;1065;1065;1040;1040;10;0
ЗИЛ ао;60;20171025;140000;1095;1100;1060;1100;15;0
ЗИЛ ао;60;20171026;100000;1100;1105;1050;1050;120;0
ЗИЛ ао;60;20171026;110000;1120;1150;1110;1145;237;0
ЗИЛ ао;60;20171026;120000;1150;1150;1110;1110;81;0
ЗИЛ ао;60;20171026;130000;1130;1150;1110;1110;118;0
ЗИЛ ао;60;20171027;100000;1115;1120;1115;1115;10;0
ЗИЛ ао;60;20171027;110000;1115;1120;1115;1115;22;0
ЗИЛ ао;60;20171027;120000;1115;1115;1110;1110;4;0
ЗИЛ ао;60;20171027;130000;1105;1105;1105;1105;1;0
ЗИЛ ао;60;20171027;140000;1105;1110;1105;1110;14;0
ЗИЛ ао;60;20171027;160000;1075;1110;1075;1110;13;0
ЗИЛ ао;60;20171027;170000;1100;1110;1080;1110;8;0
ЗИЛ ао;60;20171027;180000;1110;1110;1110;1110;5;0
ЗИЛ ао;60;20171030;100000;1095;1095;1090;1090;7;0
ЗИЛ ао;60;20171030;110000;1120;1120;1105;1105;9;0
ЗИЛ ао;60;20171030;120000;1110;1110;1100;1100;13;0
ЗИЛ ао;60;20171030;130000;1100;1100;1100;1100;1;0
ЗИЛ ао;60;20171030;150000;1110;1115;1095;1095;6;0
ЗИЛ ао;60;20171030;160000;1100;1100;1100;1100;2;0
ЗИЛ ао;60;20171031;110000;1105;1110;1105;1110;2;0
ЗИЛ ао;60;20171031;120000;1140;1145;1120;1145;24;0
ЗИЛ ао;60;20171031;130000;1115;1115;1115;1115;3;0
ЗИЛ ао;60;20171031;140000;1115;1115;1115;1115;25;0
ЗИЛ ао;60;20171031;160000;1130;1130;1130;1130;25;0
ЗИЛ ао;60;20171031;170000;1140;1140;1125;1130;33;0
ЗИЛ ао;60;20171031;180000;1140;1140;1140;1140;4;0
ЗИЛ ао;60;20171101;100000;1165;1175;1160;1160;15;0
ЗИЛ ао;60;20171101;110000;1170;1170;1170;1170;5;0
ЗИЛ ао;60;20171101;120000;1135;1150;1045;1100;560;0
ЗИЛ ао;60;20171101;130000;1135;1140;1120;1140;25;0
ЗИЛ ао;60;20171101;150000;1140;1140;1140;1140;2;0
ЗИЛ ао;60;20171101;180000;1120;1120;1120;1120;50;0
ЗИЛ ао;60;20171102;100000;1140;1145;1140;1145;34;0
ЗИЛ ао;60;20171102;110000;1145;1150;1125;1125;228;0
ЗИЛ ао;60;20171102;120000;1150;1150;1150;1150;357;0
ЗИЛ ао;60;20171102;140000;1160;1160;1160;1160;16;0
ЗИЛ ао;60;20171102;170000;1130;1130;1120;1120;55;0
ЗИЛ ао;60;20171102;180000;1130;1135;1130;1135;5;0
ЗИЛ ао;60;20171103;120000;1140;1140;1140;1140;2;0
ЗИЛ ао;60;20171103;180000;1125;1125;1125;1125;2;0
ЗИЛ ао;60;20171107;100000;1150;1165;1150;1165;14;0
ЗИЛ ао;60;20171107;110000;1180;1190;1130;1170;14;0
ЗИЛ ао;60;20171107;130000;1165;1175;1165;1175;72;0
ЗИЛ ао;60;20171107;140000;1170;1170;1170;1170;5;0
ЗИЛ ао;60;20171107;170000;1170;1175;1170;1175;108;0
ЗИЛ ао;60;20171107;180000;1175;1175;1175;1175;165;0
ЗИЛ ао;60;20171108;100000;1155;1195;1155;1195;2;0
ЗИЛ ао;60;20171108;120000;1170;1170;1170;1170;3;0
ЗИЛ ао;60;20171108;130000;1170;1170;1145;1145;11;0
ЗИЛ ао;60;20171108;140000;1170;1175;1170;1175;9;0
ЗИЛ ао;60;20171108;170000;1155;1170;1155;1170;13;0
ЗИЛ ао;60;20171109;100000;1080;1180;1080;1180;12;0
ЗИЛ ао;60;20171109;130000;1150;1150;1150;1150;5;0
ЗИЛ ао;60;20171109;170000;1150;1150;1150;1150;2;0
ЗИЛ ао;60;20171109;180000;1150;1150;1150;1150;29;0
ЗИЛ ао;60;20171110;140000;1140;1160;1140;1160;10;0
ЗИЛ ао;60;20171110;150000;1165;1165;1165;1165;5;0
ЗИЛ ао;60;20171110;180000;1170;1170;1170;1170;1;0
ЗИЛ ао;60;20171113;100000;1150;1180;1120;1160;37;0
ЗИЛ ао;60;20171113;110000;1140;1140;1140;1140;6;0
ЗИЛ ао;60;20171113;120000;1140;1140;1140;1140;8;0
ЗИЛ ао;60;20171113;130000;1140;1140;1140;1140;6;0
ЗИЛ ао;60;20171113;160000;1125;1125;1125;1125;1;0
ЗИЛ ао;60;20171113;180000;1125;1125;1120;1120;4;0
ЗИЛ ао;60;20171114;100000;1120;1160;1120;1160;14;0
ЗИЛ ао;60;20171114;140000;1135;1135;1135;1135;1;0
ЗИЛ ао;60;20171114;150000;1115;1115;1045;1100;220;0
ЗИЛ ао;60;20171114;160000;1110;1125;1080;1125;21;0
ЗИЛ ао;60;20171114;170000;1095;1100;1095;1100;3;0
ЗИЛ ао;60;20171114;180000;1085;1090;1080;1090;7;0
ЗИЛ ао;60;20171115;100000;1070;1070;1065;1065;40;0
ЗИЛ ао;60;20171115;110000;1070;1085;1070;1085;23;0
ЗИЛ ао;60;20171115;130000;1075;1075;1065;1065;22;0
ЗИЛ ао;60;20171115;140000;1070;1070;1070;1070;1;0
ЗИЛ ао;60;20171115;150000;1095;1125;1095;1100;3;0
ЗИЛ ао;60;20171115;160000;1090;1115;1070;1115;122;0
ЗИЛ ао;60;20171116;100000;1065;1100;1065;1080;4;0
ЗИЛ ао;60;20171116;110000;1075;1115;1075;1115;2;0
ЗИЛ ао;60;20171116;120000;1065;1065;1055;1055;11;0
ЗИЛ ао;60;20171116;130000;1060;1060;1060;1060;1;0
ЗИЛ ао;60;20171116;140000;1055;1055;1050;1050;110;0
ЗИЛ ао;60;20171116;150000;1050;1050;1050;1050;3;0
ЗИЛ ао;60;20171116;170000;1050;1050;1050;1050;7;0
ЗИЛ ао;60;20171116;180000;1050;1050;1050;1050;5;0
ЗИЛ ао;60;20171117;100000;1055;1060;1055;1060;9;0
ЗИЛ ао;60;20171117;110000;1050;1050;1050;1050;7;0
ЗИЛ ао;60;20171117;120000;1050;1050;1050;1050;27;0
ЗИЛ ао;60;20171117;130000;1060;1060;1060;1060;10;0
ЗИЛ ао;60;20171117;160000;1060;1060;1050;1050;56;0
ЗИЛ ао;60;20171117;180000;1050;1050;1030;1030;23;0
ЗИЛ ао;60;20171120;100000;1010;1080;1010;1080;14;0
ЗИЛ ао;60;20171120;130000;1055;1060;1050;1060;4;0
ЗИЛ ао;60;20171120;170000;1060;1065;1060;1065;4;0
ЗИЛ ао;60;20171121;100000;1015;1080;1015;1080;14;0
ЗИЛ ао;60;20171121;120000;1070;1095;1070;1095;19;0
ЗИЛ ао;60;20171121;130000;1080;1080;1080;1080;1;0
ЗИЛ ао;60;20171122;100000;1040;1075;1040;1065;18;0
ЗИЛ ао;60;20171122;130000;1065;1065;1065;1065;1;0
ЗИЛ ао;60;20171122;180000;1060;1060;1060;1060;2;0
ЗИЛ ао;60;20171123;100000;1050;1050;1050;1050;9;0
ЗИЛ ао;60;20171123;110000;1050;1050;1050;1050;6;0
ЗИЛ ао;60;20171123;120000;1050;1050;1050;1050;3;0
ЗИЛ ао;60;20171123;140000;1045;1045;1045;1045;12;0
ЗИЛ ао;60;20171123;180000;1040;1045;1035;1045;12;0
ЗИЛ ао;60;20171124;100000;1045;1045;1045;1045;2;0
ЗИЛ ао;60;20171124;170000;1040;1040;1040;1040;139;0
ЗИЛ ао;60;20171124;180000;1045;1045;1045;1045;30;0
ЗИЛ ао;60;20171127;100000;1020;1080;1020;1080;14;0
ЗИЛ ао;60;20171127;120000;1050;1050;1050;1050;2;0
ЗИЛ ао;60;20171127;160000;1050;1050;1045;1045;19;0
ЗИЛ ао;60;20171127;180000;1050;1050;1050;1050;1;0
ЗИЛ ао;60;20171128;110000;1040;1040;1035;1035;5;0
ЗИЛ ао;60;20171128;130000;1035;1035;1035;1035;1;0
ЗИЛ ао;60;20171128;150000;1040;1040;1040;1040;1;0
ЗИЛ ао;60;20171128;160000;1045;1045;1030;1040;7;0
ЗИЛ ао;60;20171128;170000;1040;1040;1035;1035;4;0
ЗИЛ ао;60;20171129;100000;1025;1075;1025;1075;14;0
ЗИЛ ао;60;20171129;140000;1040;1040;1040;1040;1;0
ЗИЛ ао;60;20171129;150000;1040;1040;1025;1025;83;0
ЗИЛ ао;60;20171129;170000;1020;1020;1015;1015;4;0
ЗИЛ ао;60;20171129;180000;1025;1040;1025;1040;138;0
ЗИЛ ао;60;20171130;090000;1025;1025;1025;1025;1;0
ЗИЛ ао;60;20171130;100000;1020;1020;1020;1020;3;0
ЗИЛ ао;60;20171130;110000;1015;1015;1010;1010;11;0
ЗИЛ ао;60;20171130;140000;1020;1020;1020;1020;2;0
ЗИЛ ао;60;20171130;160000;1010;1010;1010;1010;11;0
ЗИЛ ао;60;20171130;170000;1010;1010;1005;1005;5;0
ЗИЛ ао;60;20171201;100000;1020;1025;1020;1020;7;0
ЗИЛ ао;60;20171201;110000;1020;1020;995;1000;210;0
ЗИЛ ао;60;20171201;120000;1000;1015;995;1000;539;0
ЗИЛ ао;60;20171201;130000;1005;1005;1000;1000;32;0
ЗИЛ ао;60;20171201;180000;1020;1020;1020;1020;1;0
ЗИЛ ао;60;20171204;090000;1005;1005;1005;1005;9;0
ЗИЛ ао;60;20171204;100000;980;1025;980;1025;2;0
ЗИЛ ао;60;20171204;110000;1000;1000;980;980;100;0
ЗИЛ ао;60;20171204;130000;980;980;980;980;5;0
ЗИЛ ао;60;20171204;140000;995;995;995;995;3;0
ЗИЛ ао;60;20171204;150000;1000;1025;1000;1025;5;0
ЗИЛ ао;60;20171204;170000;995;995;985;985;2220;0
ЗИЛ ао;60;20171204;180000;985;985;985;985;1325;0
ЗИЛ ао;60;20171205;100000;980;980;980;980;10;0
ЗИЛ ао;60;20171205;110000;995;995;995;995;15;0
ЗИЛ ао;60;20171205;130000;995;995;995;995;11;0
ЗИЛ ао;60;20171205;180000;995;995;995;995;64;0
ЗИЛ ао;60;20171206;100000;1000;1015;1000;1000;15;0
ЗИЛ ао;60;20171206;120000;1020;1020;1020;1020;2;0
ЗИЛ ао;60;20171206;130000;1020;1025;1020;1025;22;0
ЗИЛ ао;60;20171206;170000;1025;1025;1025;1025;1;0
ЗИЛ ао;60;20171207;140000;1020;1020;1020;1020;3;0
ЗИЛ ао;60;20171207;150000;1015;1100;1010;1080;624;0
ЗИЛ ао;60;20171207;160000;1075;1075;1050;1050;11;0
ЗИЛ ао;60;20171207;170000;1050;1055;1050;1050;109;0
ЗИЛ ао;60;20171208;100000;1010;1010;1010;1010;4;0
ЗИЛ ао;60;20171208;130000;1045;1045;1045;1045;5;0
ЗИЛ ао;60;20171208;150000;1040;1040;1040;1040;2;0
ЗИЛ ао;60;20171208;170000;1040;1040;1025;1025;7;0
ЗИЛ ао;60;20171211;100000;1020;1020;990;990;27;0
ЗИЛ ао;60;20171211;110000;1005;1010;1005;1010;18;0
ЗИЛ ао;60;20171211;120000;1015;1015;1005;1005;12;0
ЗИЛ ао;60;20171211;150000;1020;1025;1020;1025;10;0
ЗИЛ ао;60;20171211;160000;1020;1035;1020;1035;3;0
ЗИЛ ао;60;20171211;180000;1035;1050;1035;1050;569;0
ЗИЛ ао;60;20171212;120000;1040;1040;1040;1040;1;0
ЗИЛ ао;60;20171212;150000;1040;1040;990;1020;172;0
ЗИЛ ао;60;20171212;160000;1005;1005;1000;1000;5;0
ЗИЛ ао;60;20171212;180000;1005;1005;1005;1005;3;0
ЗИЛ ао;60;20171213;120000;1000;1000;990;990;40;0
ЗИЛ ао;60;20171213;150000;1000;1000;1000;1000;9;0
ЗИЛ ао;60;20171214;150000;1000;1000;980;980;259;0
ЗИЛ ао;60;20171214;160000;990;990;990;990;2;0
ЗИЛ ао;60;20171214;170000;995;1000;995;1000;2;0
ЗИЛ ао;60;20171215;100000;1000;1000;1000;1000;1;0
ЗИЛ ао;60;20171215;110000;1000;1000;1000;1000;2;0
ЗИЛ ао;60;20171215;130000;1005;1040;1005;1025;37;0
ЗИЛ ао;60;20171215;150000;1020;1020;1020;1020;1;0
ЗИЛ ао;60;20171215;160000;1020;1020;1020;1020;1;0
ЗИЛ ао;60;20171215;170000;1020;1020;1020;1020;1;0
ЗИЛ ао;60;20171215;180000;1015;1015;965;970;225;0
ЗИЛ ао;60;20171218;100000;990;990;965;965;8;0
ЗИЛ ао;60;20171218;110000;975;975;975;975;2;0
ЗИЛ ао;60;20171218;120000;975;975;975;975;2;0
ЗИЛ ао;60;20171218;130000;975;975;975;975;4;0
ЗИЛ ао;60;20171218;150000;965;965;965;965;1;0
ЗИЛ ао;60;20171218;170000;985;985;985;985;1;0
ЗИЛ ао;60;20171219;140000;985;985;965;965;312;0
ЗИЛ ао;60;20171219;170000;985;985;985;985;5;0
ЗИЛ ао;60;20171219;180000;985;985;965;965;43;0
ЗИЛ ао;60;20171220;100000;980;980;980;980;20;0
ЗИЛ ао;60;20171220;120000;970;970;970;970;1;0
ЗИЛ ао;60;20171220;140000;975;975;975;975;2;0
ЗИЛ ао;60;20171220;160000;980;1000;980;1000;26;0
ЗИЛ ао;60;20171220;170000;1000;1000;1000;1000;30;0
ЗИЛ ао;60;20171221;100000;1000;1000;1000;1000;3;0
ЗИЛ ао;60;20171222;120000;1005;1005;1005;1005;1;0
ЗИЛ ао;60;20171222;130000;1005;1010;1005;1010;6;0
ЗИЛ ао;60;20171222;150000;1000;1000;1000;1000;1;0
ЗИЛ ао;60;20171222;160000;1000;1000;985;985;8;0
ЗИЛ ао;60;20171222;170000;985;985;960;960;23;0
ЗИЛ ао;60;20171222;180000;960;960;960;960;119;0
ЗИЛ ао;60;20171225;100000;955;980;955;980;9;0
ЗИЛ ао;60;20171225;120000;985;985;985;985;1;0
ЗИЛ ао;60;20171225;160000;980;980;965;965;6;0
ЗИЛ ао;60;20171225;170000;965;965;960;965;31;0
ЗИЛ ао;60;20171225;180000;965;1010;965;1010;306;0
ЗИЛ ао;60;20171226;110000;995;995;995;995;1;0
ЗИЛ ао;60;20171226;120000;995;995;950;950;326;0
ЗИЛ ао;60;20171226;130000;965;965;965;965;1;0
ЗИЛ ао;60;20171226;140000;970;970;970;970;1;0
ЗИЛ ао;60;20171226;170000;975;975;975;975;1;0
ЗИЛ ао;60;20171226;180000;975;975;975;975;1;0
ЗИЛ ао;60;20171227;130000;970;975;960;975;238;0
ЗИЛ ао;60;20171227;160000;960;960;915;915;491;0
ЗИЛ ао;60;20171227;170000;930;935;915;935;16;0
ЗИЛ ао;60;20171227;180000;925;940;920;920;15;0
ЗИЛ ао;60;20171228;110000;940;945;940;945;14;0
ЗИЛ ао;60;20171228;120000;940;950;940;950;2;0
ЗИЛ ао;60;20171228;140000;950;950;950;950;1;0
ЗИЛ ао;60;20171228;160000;950;950;950;950;1;0
ЗИЛ ао;60;20171229;150000;960;960;960;960;2;0
