<TICKER>;<PER>;<DATE>;<TIME>;<OPEN>;<HIGH>;<LOW>;<CLOSE>;<VOL>;<OPENINT>
ИСУ-КП;60;20170126;160000;1670;1670;1670;1670;4090;0
ИСУ-КП;60;20170130;160000;1670;1670;1670;1670;2726;0
ИСУ-КП;60;20170131;170000;1650;1650;1650;1650;4;0
ИСУ-КП;60;20170215;170000;1645;1645;1645;1645;65950;0
ИСУ-КП;60;20170227;180000;1640;1640;1640;1640;19500;0
ИСУ-КП;60;20170228;150000;1640;1640;1640;1640;82700;0
ИСУ-КП;60;20170228;160000;1640;1640;1640;1640;930;0
ИСУ-КП;60;20170301;140000;1640;1640;1640;1640;60980;0
ИСУ-КП;60;20170316;150000;1635;1635;1635;1635;129600;0
ИСУ-КП;60;20170317;100000;1750;1790;1750;1790;11;0
ИСУ-КП;60;20170317;160000;1640;1640;1640;1640;22560;0
ИСУ-КП;60;20170327;140000;1635;1635;1635;1635;55045;0
ИСУ-КП;60;20170329;100000;1700;1700;1700;1700;11175;0
ИСУ-КП;60;20170406;170000;1630;1630;1630;1630;6727;0
ИСУ-КП;60;20170411;110000;1620;1620;1620;1620;13600;0
ИСУ-КП;60;20170419;100000;1695;1695;1695;1695;147465;0
ИСУ-КП;60;20170426;100000;1865;1865;1865;1865;134010;0
ИСУ-КП;60;20170504;110000;2250;2250;2250;2250;300;0
ИСУ-КП;60;20170517;180000;1630;1630;1630;1630;1830;0
ИСУ-КП;60;20170519;170000;1000;1000;1000;1000;25;0
ИСУ-КП;60;20170524;160000;1045;1300;1045;1300;6035;0
ИСУ-КП;60;20170524;170000;1300;1300;1300;1300;5;0
ИСУ-КП;60;20170530;180000;1350;1440;1350;1440;4950;0
ИСУ-КП;60;20170531;160000;1480;1480;1480;1480;462;0
ИСУ-КП;60;20170605;180000;1500;1700;1500;1700;7605;0
ИСУ-КП;60;20170613;130000;1190;1190;1190;1190;1;0
ИСУ-КП;60;20170614;120000;1505;1520;1505;1520;3285;0
ИСУ-КП;60;20170622;140000;1065;1065;1065;1065;53250;0
ИСУ-КП;60;20170720;100000;1300;1300;1300;1300;1600;0
ИСУ-КП;60;20170724;170000;1040;1045;1040;1045;447770;0
ИСУ-КП;60;20170725;100000;1435;1460;1435;1460;200;0
ИСУ-КП;60;20170726;100000;1885;1885;1885;1885;132650;0
ИСУ-КП;60;20170726;120000;1000;1010;1000;1005;24;0
ИСУ-КП;60;20170726;140000;1000;1000;1000;1000;10;0
ИСУ-КП;60;20170726;150000;1135;1315;1135;1315;4;0
ИСУ-КП;60;20170726;160000;1315;1315;1315;1315;2;0
ИСУ-КП;60;20170726;180000;1000;1000;1000;1000;1;0
ИСУ-КП;60;20170727;100000;1010;1010;1010;1010;10;0
ИСУ-КП;60;20170727;110000;710;970;710;725;65;0
ИСУ-КП;60;20170727;180000;1090;1090;1090;1090;1;0
ИСУ-КП;60;20170731;170000;1285;1285;1285;1285;5;0
ИСУ-КП;60;20170731;180000;1000;1000;1000;1000;1;0
ИСУ-КП;60;20170802;110000;1000;1000;1000;1000;1;0
ИСУ-КП;60;20170802;180000;1015;1295;1015;1295;113;0
ИСУ-КП;60;20170803;180000;1445;1445;1445;1445;2;0
ИСУ-КП;60;20170804;180000;1445;1445;1445;1445;1;0
ИСУ-КП;60;20170807;180000;1650;1650;1650;1650;1;0
ИСУ-КП;60;20170808;140000;1000;1010;975;975;26;0
ИСУ-КП;60;20170808;150000;970;970;930;930;15;0
ИСУ-КП;60;20170808;160000;930;930;930;930;31;0
ИСУ-КП;60;20170808;170000;930;930;930;930;10;0
ИСУ-КП;60;20170809;130000;560;560;560;560;30;0
ИСУ-КП;60;20170810;180000;340;340;340;340;1;0
ИСУ-КП;60;20170811;180000;210;210;210;210;1;0
ИСУ-КП;60;20170814;100000;195;195;195;195;5;0
ИСУ-КП;60;20170814;110000;270;270;270;270;16;0
ИСУ-КП;60;20170814;120000;270;270;270;270;543;0
ИСУ-КП;60;20170814;150000;210;265;210;265;6;0
ИСУ-КП;60;20170814;170000;265;270;265;270;15;0
ИСУ-КП;60;20170814;180000;270;270;270;270;5;0
ИСУ-КП;60;20170815;100000;345;345;245;245;2;0
ИСУ-КП;60;20170815;110000;210;210;190;190;23;0
ИСУ-КП;60;20170815;140000;260;300;260;300;2;0
ИСУ-КП;60;20170816;120000;335;340;335;340;3;0
ИСУ-КП;60;20170817;170000;240;340;240;340;11;0
ИСУ-КП;60;20170818;120000;205;205;205;205;10;0
ИСУ-КП;60;20170818;130000;205;205;205;205;1;0
ИСУ-КП;60;20170818;150000;335;335;335;335;1;0
ИСУ-КП;60;20170818;160000;205;205;205;205;1;0
ИСУ-КП;60;20170818;180000;210;210;210;210;1;0
ИСУ-КП;60;20170821;130000;150;150;130;130;57;0
ИСУ-КП;60;20170821;180000;260;260;260;260;3;0
ИСУ-КП;60;20170823;110000;120;125;120;120;16;0
ИСУ-КП;60;20170823;130000;120;120;120;120;104;0
ИСУ-КП;60;20170823;140000;240;240;120;120;5;0
ИСУ-КП;60;20170823;150000;120;125;120;125;24;0
ИСУ-КП;60;20170823;170000;125;125;125;125;3;0
ИСУ-КП;60;20170824;100000;170;170;75;75;11;0
ИСУ-КП;60;20170824;180000;75;75;75;75;1;0
ИСУ-КП;60;20170825;120000;45;45;45;45;11;0
ИСУ-КП;60;20170825;140000;80;80;45;45;7;0
ИСУ-КП;60;20170825;150000;45;70;45;70;102;0
ИСУ-КП;60;20170825;160000;50;50;50;50;238;0
ИСУ-КП;60;20170828;100000;35;35;30;30;2;0
ИСУ-КП;60;20170828;150000;50;50;50;50;1;0
ИСУ-КП;60;20170828;160000;30;30;30;30;2;0
ИСУ-КП;60;20170829;100000;20;20;20;20;51;0
ИСУ-КП;60;20170829;110000;20;30;20;30;318;0
ИСУ-КП;60;20170829;120000;30;40;20;40;1505;0
ИСУ-КП;60;20170829;130000;40;40;40;40;136;0
ИСУ-КП;60;20170829;150000;40;40;40;40;34;0
ИСУ-КП;60;20170829;160000;40;40;40;40;4;0
ИСУ-КП;60;20170830;100000;50;55;50;55;10;0
ИСУ-КП;60;20170830;110000;45;55;35;55;257;0
ИСУ-КП;60;20170830;120000;40;50;40;50;51;0
ИСУ-КП;60;20170830;130000;50;50;35;35;8;0
ИСУ-КП;60;20170830;140000;50;50;25;25;943;0
ИСУ-КП;60;20170830;150000;30;30;30;30;1;0
ИСУ-КП;60;20170830;160000;30;55;30;55;642;0
ИСУ-КП;60;20170830;170000;45;55;30;55;77;0
ИСУ-КП;60;20170830;180000;50;55;50;55;150;0
ИСУ-КП;60;20170831;100000;60;75;60;75;66;0
ИСУ-КП;60;20170831;110000;70;75;65;75;577;0
ИСУ-КП;60;20170831;120000;75;75;75;75;2;0
ИСУ-КП;60;20170831;130000;75;75;75;75;42;0
ИСУ-КП;60;20170831;140000;75;75;75;75;381;0
ИСУ-КП;60;20170831;170000;75;75;75;75;9;0
ИСУ-КП;60;20170901;100000;85;100;85;100;10;0
ИСУ-КП;60;20170901;110000;100;100;100;100;400;0
ИСУ-КП;60;20170901;120000;100;100;100;100;73;0
ИСУ-КП;60;20170901;180000;100;100;100;100;2;0
ИСУ-КП;60;20170904;100000;115;135;110;135;28;0
ИСУ-КП;60;20170904;110000;135;135;135;135;155;0
ИСУ-КП;60;20170904;120000;135;135;135;135;45;0
ИСУ-КП;60;20170905;100000;155;185;155;185;381;0
ИСУ-КП;60;20170905;150000;185;185;185;185;593;0
ИСУ-КП;60;20170905;160000;185;185;110;185;344;0
ИСУ-КП;60;20170905;170000;185;185;185;185;1;0
ИСУ-КП;60;20170906;100000;210;255;210;255;42;0
ИСУ-КП;60;20170906;110000;175;255;170;200;753;0
ИСУ-КП;60;20170906;120000;255;255;255;255;302;0
ИСУ-КП;60;20170906;130000;255;255;255;255;20;0
ИСУ-КП;60;20170906;160000;255;255;255;255;38;0
ИСУ-КП;60;20170906;180000;255;255;255;255;1;0
ИСУ-КП;60;20170907;100000;295;355;295;355;796;0
ИСУ-КП;60;20170907;110000;355;355;355;355;201;0
ИСУ-КП;60;20170907;120000;355;355;350;355;283;0
ИСУ-КП;60;20170907;130000;355;355;270;275;420;0
ИСУ-КП;60;20170907;140000;285;330;170;210;390;0
ИСУ-КП;60;20170907;150000;280;295;230;270;72;0
ИСУ-КП;60;20170907;160000;230;260;185;185;425;0
ИСУ-КП;60;20170907;170000;210;260;210;250;67;0
ИСУ-КП;60;20170907;180000;250;345;245;345;570;0
ИСУ-КП;60;20170908;100000;400;400;350;365;10;0
ИСУ-КП;60;20170908;110000;345;395;330;330;76;0
ИСУ-КП;60;20170908;120000;340;385;235;370;62;0
ИСУ-КП;60;20170908;130000;275;320;275;320;4;0
ИСУ-КП;60;20170908;150000;265;360;250;250;67;0
ИСУ-КП;60;20170908;160000;270;315;230;270;254;0
ИСУ-КП;60;20170908;170000;285;285;270;280;24;0
ИСУ-КП;60;20170908;180000;275;315;270;315;12;0
ИСУ-КП;60;20170911;090000;285;285;285;285;1;0
ИСУ-КП;60;20170911;100000;340;340;230;290;269;0
ИСУ-КП;60;20170911;110000;235;250;230;250;147;0
ИСУ-КП;60;20170911;120000;215;245;190;240;396;0
ИСУ-КП;60;20170911;130000;240;240;200;200;3;0
ИСУ-КП;60;20170911;140000;200;200;190;190;178;0
ИСУ-КП;60;20170911;150000;190;210;190;210;205;0
ИСУ-КП;60;20170911;160000;210;210;210;210;10;0
ИСУ-КП;60;20170911;170000;195;195;195;195;1;0
ИСУ-КП;60;20170912;100000;175;195;120;125;214;0
ИСУ-КП;60;20170912;110000;150;200;125;150;120;0
ИСУ-КП;60;20170912;120000;130;130;120;120;38;0
ИСУ-КП;60;20170912;130000;150;150;120;125;73;0
ИСУ-КП;60;20170912;160000;165;165;165;165;10;0
ИСУ-КП;60;20170912;180000;160;165;160;165;6;0
ИСУ-КП;60;20170913;100000;200;225;200;225;10;0
ИСУ-КП;60;20170913;110000;185;195;100;115;62;0
ИСУ-КП;60;20170913;120000;165;165;165;165;100;0
ИСУ-КП;60;20170913;180000;160;165;160;165;4;0
ИСУ-КП;60;20170914;100000;205;205;110;160;11;0
ИСУ-КП;60;20170914;110000;160;160;125;125;3;0
ИСУ-КП;60;20170914;120000;125;145;105;145;87;0
ИСУ-КП;60;20170914;170000;120;145;120;145;36;0
ИСУ-КП;60;20170914;180000;150;160;150;160;36;0
ИСУ-КП;60;20170915;120000;125;125;125;125;2;0
ИСУ-КП;60;20170915;140000;140;160;140;160;3;0
ИСУ-КП;60;20170915;180000;110;155;105;155;3;0
ИСУ-КП;60;20170918;100000;200;200;135;195;76;0
ИСУ-КП;60;20170918;150000;175;175;175;175;1;0
ИСУ-КП;60;20170918;170000;145;145;140;140;60;0
ИСУ-КП;60;20170918;180000;140;170;140;170;50;0
ИСУ-КП;60;20170919;150000;120;125;120;125;61;0
ИСУ-КП;60;20170919;160000;145;145;110;145;72;0
ИСУ-КП;60;20170919;170000;145;145;145;145;15;0
ИСУ-КП;60;20170919;180000;115;140;115;140;2;0
ИСУ-КП;60;20170920;100000;140;145;110;110;34;0
ИСУ-КП;60;20170920;110000;135;140;135;140;16;0
ИСУ-КП;60;20170920;150000;120;120;120;120;1;0
ИСУ-КП;60;20170920;170000;135;135;135;135;1;0
ИСУ-КП;60;20170921;100000;85;140;85;140;3;0
ИСУ-КП;60;20170921;170000;120;140;120;140;103;0
ИСУ-КП;60;20170921;180000;145;145;145;145;40;0
ИСУ-КП;60;20170922;110000;160;160;160;160;1;0
ИСУ-КП;60;20170922;140000;145;145;115;115;30;0
ИСУ-КП;60;20170922;160000;140;145;140;145;34;0
ИСУ-КП;60;20170925;100000;150;150;150;150;1;0
ИСУ-КП;60;20170925;130000;145;145;145;145;10;0
ИСУ-КП;60;20170925;150000;145;145;145;145;28;0
ИСУ-КП;60;20170925;160000;150;150;150;150;1;0
ИСУ-КП;60;20170926;110000;160;160;160;160;1;0
ИСУ-КП;60;20170926;130000;120;120;120;120;1;0
ИСУ-КП;60;20170926;140000;150;150;150;150;1;0
ИСУ-КП;60;20170927;100000;175;200;140;140;4;0
ИСУ-КП;60;20170927;110000;165;165;165;165;1;0
ИСУ-КП;60;20170927;160000;150;150;150;150;1;0
ИСУ-КП;60;20170927;170000;160;160;160;160;5;0
ИСУ-КП;60;20170928;090000;170;170;170;170;3;0
ИСУ-КП;60;20170928;100000;155;165;155;165;3;0
ИСУ-КП;60;20170928;130000;155;155;100;155;22;0
ИСУ-КП;60;20170928;140000;150;155;120;150;17;0
ИСУ-КП;60;20170928;150000;150;155;150;150;109;0
ИСУ-КП;60;20170928;160000;150;155;150;155;23;0
ИСУ-КП;60;20170928;170000;155;155;155;155;1;0
ИСУ-КП;60;20170928;180000;155;155;150;150;317;0
ИСУ-КП;60;20170929;100000;165;165;165;165;1;0
ИСУ-КП;60;20171004;100000;115;130;115;125;14;0
ИСУ-КП;60;20171004;110000;125;125;120;120;9;0
ИСУ-КП;60;20171004;120000;135;135;135;135;6;0
ИСУ-КП;60;20171004;140000;140;140;140;140;23;0
ИСУ-КП;60;20171004;180000;125;125;120;120;8;0
ИСУ-КП;60;20171005;100000;115;160;115;160;28;0
ИСУ-КП;60;20171005;110000;130;130;125;125;35;0
ИСУ-КП;60;20171005;120000;135;135;120;120;12;0
ИСУ-КП;60;20171005;130000;115;130;115;130;91;0
ИСУ-КП;60;20171005;140000;125;125;125;125;13;0
ИСУ-КП;60;20171005;150000;125;125;125;125;2;0
ИСУ-КП;60;20171005;170000;120;120;120;120;5;0
ИСУ-КП;60;20171005;180000;125;125;125;125;11;0
ИСУ-КП;60;20171006;100000;145;145;145;145;1;0
ИСУ-КП;60;20171006;140000;115;145;110;145;157;0
ИСУ-КП;60;20171006;160000;120;120;120;120;30;0
ИСУ-КП;60;20171006;170000;135;135;135;135;30;0
ИСУ-КП;60;20171009;100000;115;115;115;115;39;0
ИСУ-КП;60;20171009;110000;130;140;130;135;57;0
ИСУ-КП;60;20171009;130000;125;135;125;135;94;0
ИСУ-КП;60;20171010;110000;135;140;130;130;134;0
ИСУ-КП;60;20171010;150000;130;130;130;130;35;0
ИСУ-КП;60;20171010;170000;135;135;135;135;40;0
ИСУ-КП;60;20171011;120000;120;140;120;140;2;0
ИСУ-КП;60;20171011;140000;140;140;140;140;3;0
ИСУ-КП;60;20171011;170000;130;135;125;135;145;0
ИСУ-КП;60;20171011;180000;120;120;120;120;70;0
ИСУ-КП;60;20171012;110000;120;130;120;130;162;0
ИСУ-КП;60;20171013;100000;125;130;125;130;60;0
ИСУ-КП;60;20171013;120000;130;130;130;130;3;0
ИСУ-КП;60;20171013;150000;120;170;120;125;401;0
ИСУ-КП;60;20171013;160000;160;160;160;160;5;0
ИСУ-КП;60;20171013;170000;150;155;150;155;12;0
ИСУ-КП;60;20171016;100000;155;195;155;195;25;0
ИСУ-КП;60;20171016;110000;175;175;175;175;10;0
ИСУ-КП;60;20171016;180000;135;150;135;150;5;0
ИСУ-КП;60;20171017;130000;125;125;120;120;40;0
ИСУ-КП;60;20171017;140000;145;145;130;145;18;0
ИСУ-КП;60;20171017;150000;125;125;125;125;22;0
ИСУ-КП;60;20171017;160000;140;145;140;145;26;0
ИСУ-КП;60;20171017;180000;140;155;140;155;43;0
ИСУ-КП;60;20171018;110000;135;135;130;130;38;0
ИСУ-КП;60;20171018;120000;145;215;125;215;535;0
ИСУ-КП;60;20171018;130000;210;215;210;210;245;0
ИСУ-КП;60;20171018;140000;210;215;140;210;3131;0
ИСУ-КП;60;20171018;160000;215;215;140;175;5;0
ИСУ-КП;60;20171018;170000;185;195;185;190;18;0
ИСУ-КП;60;20171018;180000;200;200;150;195;5;0
ИСУ-КП;60;20171019;100000;170;170;170;170;2;0
ИСУ-КП;60;20171019;110000;170;170;170;170;3;0
ИСУ-КП;60;20171019;130000;145;145;145;145;9;0
ИСУ-КП;60;20171019;140000;150;150;150;150;4;0
ИСУ-КП;60;20171019;150000;155;155;150;150;8;0
ИСУ-КП;60;20171019;170000;150;150;150;150;118;0
ИСУ-КП;60;20171020;150000;145;145;145;145;29;0
ИСУ-КП;60;20171020;170000;150;150;150;150;14;0
ИСУ-КП;60;20171020;180000;150;150;150;150;9;0
ИСУ-КП;60;20171023;130000;130;130;130;130;1;0
ИСУ-КП;60;20171023;140000;180;190;180;190;10;0
ИСУ-КП;60;20171023;180000;135;135;130;130;3;0
ИСУ-КП;60;20171024;120000;140;140;140;140;1;0
ИСУ-КП;60;20171024;150000;140;140;140;140;2;0
ИСУ-КП;60;20171024;160000;140;140;140;140;8;0
ИСУ-КП;60;20171024;170000;135;140;135;140;9;0
ИСУ-КП;60;20171024;180000;140;140;140;140;11;0
ИСУ-КП;60;20171025;100000;160;160;160;160;1;0
ИСУ-КП;60;20171025;120000;130;130;130;130;1;0
ИСУ-КП;60;20171025;150000;135;135;130;130;31;0
ИСУ-КП;60;20171025;160000;130;130;130;130;9;0
ИСУ-КП;60;20171026;160000;130;130;130;130;1;0
ИСУ-КП;60;20171027;100000;160;160;160;160;1;0
ИСУ-КП;60;20171030;120000;120;120;120;120;1;0
ИСУ-КП;60;20171030;150000;120;175;120;175;144;0
ИСУ-КП;60;20171030;170000;145;145;145;145;25;0
ИСУ-КП;60;20171031;150000;145;145;130;130;7;0
ИСУ-КП;60;20171031;160000;130;170;115;170;9859;0
ИСУ-КП;60;20171101;120000;135;160;135;160;5;0
ИСУ-КП;60;20171101;160000;140;140;140;140;3;0
ИСУ-КП;60;20171101;170000;140;140;140;140;4;0
ИСУ-КП;60;20171101;180000;140;140;140;140;1;0
ИСУ-КП;60;20171102;120000;145;145;145;145;2;0
ИСУ-КП;60;20171102;140000;150;155;150;155;9;0
ИСУ-КП;60;20171102;150000;160;165;160;160;15;0
ИСУ-КП;60;20171103;120000;160;160;160;160;1;0
ИСУ-КП;60;20171103;150000;140;140;140;140;1;0
ИСУ-КП;60;20171103;160000;140;140;140;140;157;0
ИСУ-КП;60;20171103;170000;140;140;140;140;10;0
ИСУ-КП;60;20171103;180000;140;140;140;140;1;0
ИСУ-КП;60;20171107;130000;140;140;130;130;304;0
ИСУ-КП;60;20171107;140000;135;155;125;155;76;0
ИСУ-КП;60;20171107;150000;130;130;120;120;9;0
ИСУ-КП;60;20171107;180000;120;120;110;110;73;0
ИСУ-КП;60;20171108;100000;115;120;115;120;8;0
ИСУ-КП;60;20171108;110000;125;125;125;125;1;0
ИСУ-КП;60;20171108;130000;120;120;120;120;1;0
ИСУ-КП;60;20171108;140000;125;130;125;130;4;0
ИСУ-КП;60;20171108;150000;135;135;115;120;69;0
ИСУ-КП;60;20171108;160000;120;120;105;115;325;0
ИСУ-КП;60;20171108;170000;115;115;95;105;14;0
ИСУ-КП;60;20171108;180000;110;110;85;85;132;0
ИСУ-КП;60;20171109;100000;90;110;55;100;102;0
ИСУ-КП;60;20171109;110000;100;100;100;100;9;0
ИСУ-КП;60;20171109;120000;105;105;55;75;454;0
ИСУ-КП;60;20171109;130000;80;80;55;65;812;0
ИСУ-КП;60;20171109;140000;65;75;55;65;683;0
ИСУ-КП;60;20171109;150000;60;60;60;60;93;0
ИСУ-КП;60;20171109;160000;60;65;60;65;75;0
ИСУ-КП;60;20171109;180000;65;65;60;65;59;0
ИСУ-КП;60;20171110;100000;60;75;45;65;178;0
ИСУ-КП;60;20171110;110000;60;60;60;60;4;0
ИСУ-КП;60;20171110;120000;55;65;55;55;18;0
ИСУ-КП;60;20171110;130000;65;65;65;65;55;0
ИСУ-КП;60;20171110;140000;60;65;60;65;26;0
ИСУ-КП;60;20171110;150000;70;80;70;80;546;0
ИСУ-КП;60;20171110;160000;85;90;55;80;1713;0
ИСУ-КП;60;20171110;170000;80;80;50;55;3537;0
ИСУ-КП;60;20171110;180000;60;65;55;60;367;0
ИСУ-КП;60;20171113;100000;60;70;60;65;32;0
ИСУ-КП;60;20171113;120000;65;65;65;65;10;0
ИСУ-КП;60;20171113;140000;65;70;65;70;516;0
ИСУ-КП;60;20171113;150000;70;70;70;70;41;0
ИСУ-КП;60;20171113;160000;70;70;70;70;45;0
ИСУ-КП;60;20171113;170000;70;70;70;70;66;0
ИСУ-КП;60;20171113;180000;65;65;40;50;1987;0
ИСУ-КП;60;20171114;090000;45;45;45;45;338;0
ИСУ-КП;60;20171114;100000;50;65;40;50;925;0
ИСУ-КП;60;20171114;110000;55;55;50;50;43;0
ИСУ-КП;60;20171114;130000;50;55;45;55;31;0
ИСУ-КП;60;20171114;140000;55;55;45;50;11;0
ИСУ-КП;60;20171114;150000;45;45;45;45;1;0
ИСУ-КП;60;20171114;160000;50;50;50;50;6;0
ИСУ-КП;60;20171114;170000;50;55;50;55;50;0
ИСУ-КП;60;20171114;180000;55;65;55;65;5512;0
ИСУ-КП;60;20171115;100000;70;90;70;90;3069;0
ИСУ-КП;60;20171115;120000;90;90;90;90;20;0
ИСУ-КП;60;20171115;150000;90;90;65;80;975;0
ИСУ-КП;60;20171115;160000;80;85;70;80;764;0
ИСУ-КП;60;20171115;170000;70;75;60;75;345;0
ИСУ-КП;60;20171115;180000;70;75;70;75;2;0
ИСУ-КП;60;20171116;100000;90;90;65;65;274;0
ИСУ-КП;60;20171116;110000;70;70;65;65;110;0
ИСУ-КП;60;20171116;120000;65;70;65;70;577;0
ИСУ-КП;60;20171116;130000;65;65;55;60;859;0
ИСУ-КП;60;20171116;140000;60;65;45;60;5456;0
ИСУ-КП;60;20171116;150000;50;65;45;50;1561;0
ИСУ-КП;60;20171116;160000;45;55;45;55;1167;0
ИСУ-КП;60;20171116;170000;55;60;50;60;214;0
ИСУ-КП;60;20171116;180000;55;60;45;50;1371;0
ИСУ-КП;60;20171117;090000;45;45;45;45;5;0
ИСУ-КП;60;20171117;100000;45;45;40;45;41;0
ИСУ-КП;60;20171117;110000;45;45;45;45;158;0
ИСУ-КП;60;20171117;120000;45;45;40;45;136;0
ИСУ-КП;60;20171117;130000;45;50;45;45;29;0
ИСУ-КП;60;20171117;140000;50;50;50;50;14;0
ИСУ-КП;60;20171117;150000;45;45;45;45;16;0
ИСУ-КП;60;20171117;160000;40;45;40;45;436;0
ИСУ-КП;60;20171117;170000;40;40;30;30;7573;0
ИСУ-КП;60;20171117;180000;30;30;30;30;535;0
