<TICKER>;<PER>;<DATE>;<TIME>;<OPEN>;<HIGH>;<LOW>;<CLOSE>;<VOL>;<OPENINT>
КСБ ап;60;20170126;180000;0.331;0.331;0.33;0.33;3;0
КСБ ап;60;20170130;150000;0.331;0.331;0.33;0.33;9;0
КСБ ап;60;20170201;110000;0.33;0.33;0.329;0.329;2;0
КСБ ап;60;20170207;100000;0.338;0.338;0.338;0.338;1;0
КСБ ап;60;20170207;160000;0.329;0.329;0.329;0.329;1;0
КСБ ап;60;20170208;130000;0.33;0.33;0.33;0.33;5;0
КСБ ап;60;20170210;160000;0.33;0.33;0.33;0.33;1;0
КСБ ап;60;20170220;100000;0.332;0.332;0.33;0.33;3;0
КСБ ап;60;20170222;110000;0.329;0.329;0.329;0.329;1;0
КСБ ап;60;20170222;120000;0.329;0.329;0.329;0.329;1;0
КСБ ап;60;20170222;180000;0.328;0.328;0.327;0.327;2;0
КСБ ап;60;20170228;100000;0.321;0.321;0.3;0.303;25;0
КСБ ап;60;20170301;110000;0.31;0.322;0.267;0.322;14;0
КСБ ап;60;20170302;110000;0.32;0.321;0.317;0.317;10;0
КСБ ап;60;20170302;180000;0.32;0.322;0.32;0.322;13;0
КСБ ап;60;20170303;110000;0.322;0.322;0.322;0.322;10;0
КСБ ап;60;20170303;120000;0.322;0.322;0.322;0.322;10;0
КСБ ап;60;20170303;130000;0.322;0.322;0.322;0.322;50;0
КСБ ап;60;20170303;170000;0.323;0.379;0.323;0.379;107;0
КСБ ап;60;20170303;180000;0.333;0.35;0.333;0.345;10;0
КСБ ап;60;20170306;160000;0.322;0.322;0.322;0.322;1;0
КСБ ап;60;20170309;150000;0.303;0.303;0.302;0.302;2;0
КСБ ап;60;20170310;150000;0.301;0.301;0.301;0.301;1;0
КСБ ап;60;20170313;120000;0.314;0.314;0.314;0.314;1;0
КСБ ап;60;20170316;110000;0.315;0.315;0.315;0.315;1;0
КСБ ап;60;20170316;170000;0.306;0.306;0.306;0.306;1;0
КСБ ап;60;20170322;110000;0.329;0.33;0.329;0.33;2;0
КСБ ап;60;20170322;120000;0.339;0.34;0.339;0.34;2;0
КСБ ап;60;20170324;150000;0.34;0.341;0.34;0.341;2;0
КСБ ап;60;20170324;160000;0.345;0.349;0.345;0.349;14;0
КСБ ап;60;20170327;100000;0.322;0.322;0.322;0.322;2;0
КСБ ап;60;20170327;110000;0.34;0.34;0.34;0.34;2;0
КСБ ап;60;20170327;120000;0.342;0.342;0.342;0.342;1;0
КСБ ап;60;20170328;140000;0.359;0.359;0.34;0.34;6;0
КСБ ап;60;20170328;180000;0.326;0.326;0.326;0.326;1;0
КСБ ап;60;20170331;110000;0.323;0.323;0.31;0.31;17;0
КСБ ап;60;20170331;120000;0.318;0.318;0.31;0.31;5;0
КСБ ап;60;20170331;130000;0.329;0.329;0.28;0.28;46;0
КСБ ап;60;20170331;140000;0.29;0.29;0.276;0.28;65;0
КСБ ап;60;20170331;150000;0.28;0.28;0.28;0.28;28;0
КСБ ап;60;20170331;170000;0.28;0.28;0.28;0.28;5;0
КСБ ап;60;20170331;180000;0.28;0.29;0.28;0.29;9;0
КСБ ап;60;20170403;130000;0.298;0.298;0.298;0.298;1;0
КСБ ап;60;20170403;170000;0.297;0.298;0.297;0.298;2;0
КСБ ап;60;20170403;180000;0.299;0.31;0.299;0.31;58;0
КСБ ап;60;20170420;130000;0.274;0.274;0.262;0.262;41;0
КСБ ап;60;20170420;140000;0.27;0.271;0.26;0.271;32;0
КСБ ап;60;20170420;170000;0.268;0.278;0.268;0.278;4;0
КСБ ап;60;20170420;180000;0.266;0.269;0.26;0.269;11;0
КСБ ап;60;20170421;100000;0.279;0.279;0.26;0.26;3;0
КСБ ап;60;20170421;110000;0.27;0.27;0.27;0.27;1;0
КСБ ап;60;20170421;130000;0.263;0.263;0.262;0.262;25;0
КСБ ап;60;20170421;170000;0.273;0.279;0.273;0.279;10;0
КСБ ап;60;20170424;160000;0.263;0.263;0.263;0.263;2;0
КСБ ап;60;20170424;170000;0.262;0.269;0.262;0.269;12;0
КСБ ап;60;20170425;150000;0.259;0.259;0.257;0.257;4;0
КСБ ап;60;20170426;120000;0.256;0.256;0.243;0.252;40;0
КСБ ап;60;20170426;130000;0.25;0.252;0.25;0.252;4;0
КСБ ап;60;20170426;140000;0.248;0.252;0.232;0.252;21;0
КСБ ап;60;20170426;160000;0.252;0.252;0.252;0.252;2;0
КСБ ап;60;20170427;130000;0.246;0.252;0.246;0.252;5;0
КСБ ап;60;20170427;160000;0.246;0.246;0.246;0.246;1;0
КСБ ап;60;20170427;180000;0.246;0.246;0.246;0.246;1;0
КСБ ап;60;20170428;180000;0.252;0.26;0.252;0.26;2;0
КСБ ап;60;20170503;160000;0.244;0.248;0.23;0.248;11;0
КСБ ап;60;20170504;120000;0.25;0.25;0.242;0.242;2;0
КСБ ап;60;20170504;130000;0.24;0.25;0.24;0.25;2;0
КСБ ап;60;20170504;150000;0.238;0.238;0.236;0.236;2;0
КСБ ап;60;20170504;180000;0.244;0.253;0.244;0.246;69;0
КСБ ап;60;20170505;130000;0.246;0.247;0.246;0.247;605;0
КСБ ап;60;20170505;140000;0.246;0.247;0.246;0.247;340;0
КСБ ап;60;20170505;150000;0.268;0.27;0.268;0.27;10;0
КСБ ап;60;20170512;180000;0.252;0.252;0.252;0.252;5;0
КСБ ап;60;20170516;160000;0.25;0.25;0.25;0.25;1;0
КСБ ап;60;20170517;110000;0.25;0.25;0.25;0.25;1;0
КСБ ап;60;20170517;150000;0.252;0.252;0.252;0.252;2;0
КСБ ап;60;20170518;100000;0.251;0.251;0.251;0.251;2;0
КСБ ап;60;20170522;180000;0.236;0.237;0.236;0.236;23;0
КСБ ап;60;20170523;150000;0.252;0.252;0.252;0.252;3;0
КСБ ап;60;20170529;180000;0.252;0.252;0.252;0.252;1;0
КСБ ап;60;20170531;180000;0.234;0.234;0.234;0.234;23;0
КСБ ап;60;20170601;100000;0.232;0.232;0.232;0.232;3;0
КСБ ап;60;20170602;100000;0.23;0.23;0.23;0.23;1;0
КСБ ап;60;20170606;110000;0.24;0.24;0.24;0.24;2;0
КСБ ап;60;20170614;130000;0.251;0.251;0.226;0.226;4;0
КСБ ап;60;20170614;160000;0.251;0.251;0.251;0.251;3;0
КСБ ап;60;20170615;120000;0.224;0.224;0.22;0.22;6;0
КСБ ап;60;20170621;100000;0.252;0.252;0.252;0.252;2;0
КСБ ап;60;20170628;160000;0.251;0.251;0.25;0.25;2;0
КСБ ап;60;20170703;100000;0.222;0.231;0.22;0.222;21;0
КСБ ап;60;20170703;110000;0.24;0.24;0.24;0.24;1;0
КСБ ап;60;20170703;130000;0.224;0.224;0.222;0.222;44;0
КСБ ап;60;20170703;140000;0.22;0.22;0.22;0.22;9;0
КСБ ап;60;20170703;170000;0.222;0.222;0.22;0.22;49;0
КСБ ап;60;20170703;180000;0.22;0.22;0.22;0.22;71;0
КСБ ап;60;20170704;100000;0.238;0.239;0.238;0.239;10;0
КСБ ап;60;20170707;120000;0.23;0.23;0.217;0.23;9;0
КСБ ап;60;20170717;160000;0.23;0.23;0.23;0.23;1;0
КСБ ап;60;20170719;100000;0.23;0.23;0.23;0.23;3;0
КСБ ап;60;20170719;110000;0.23;0.23;0.23;0.23;2;0
КСБ ап;60;20170720;100000;0.229;0.229;0.229;0.229;1;0
КСБ ап;60;20170721;100000;0.229;0.229;0.229;0.229;1;0
КСБ ап;60;20170721;120000;0.229;0.229;0.229;0.229;1;0
КСБ ап;60;20170725;180000;0.222;0.222;0.221;0.222;6;0
КСБ ап;60;20170727;110000;0.228;0.228;0.223;0.223;17;0
КСБ ап;60;20170803;160000;0.23;0.23;0.23;0.23;18;0
КСБ ап;60;20170803;170000;0.23;0.23;0.23;0.23;6;0
КСБ ап;60;20170815;130000;0.216;0.216;0.21;0.212;11;0
КСБ ап;60;20170815;160000;0.227;0.227;0.227;0.227;4;0
КСБ ап;60;20170815;170000;0.227;0.227;0.227;0.227;4;0
КСБ ап;60;20170815;180000;0.225;0.225;0.225;0.225;1;0
КСБ ап;60;20170818;100000;0.22;0.22;0.22;0.22;1;0
КСБ ап;60;20170818;140000;0.22;0.22;0.22;0.22;2;0
КСБ ап;60;20170818;150000;0.22;0.22;0.22;0.22;4;0
КСБ ап;60;20170818;160000;0.215;0.215;0.215;0.215;2;0
КСБ ап;60;20170821;110000;0.214;0.214;0.214;0.214;1;0
КСБ ап;60;20170821;120000;0.214;0.214;0.214;0.214;1;0
КСБ ап;60;20170822;110000;0.212;0.212;0.211;0.211;3;0
КСБ ап;60;20170822;170000;0.222;0.222;0.222;0.222;3;0
КСБ ап;60;20170822;180000;0.222;0.222;0.222;0.222;11;0
КСБ ап;60;20170823;130000;0.21;0.21;0.21;0.21;2;0
КСБ ап;60;20170823;150000;0.21;0.21;0.21;0.21;1;0
КСБ ап;60;20170823;160000;0.221;0.221;0.221;0.221;1;0
КСБ ап;60;20170824;100000;0.225;0.225;0.225;0.225;3;0
КСБ ап;60;20170830;120000;0.225;0.225;0.225;0.225;1;0
КСБ ап;60;20170831;170000;0.225;0.225;0.225;0.225;1;0
КСБ ап;60;20170906;120000;0.221;0.221;0.221;0.221;1;0
КСБ ап;60;20170906;180000;0.22;0.22;0.22;0.22;60;0
КСБ ап;60;20170908;100000;0.222;0.222;0.222;0.222;5;0
КСБ ап;60;20170912;180000;0.22;0.22;0.22;0.22;1;0
КСБ ап;60;20170913;120000;0.22;0.22;0.22;0.22;1;0
КСБ ап;60;20170913;130000;0.22;0.22;0.22;0.22;1;0
КСБ ап;60;20170913;150000;0.22;0.22;0.22;0.22;3;0
КСБ ап;60;20170913;170000;0.22;0.22;0.22;0.22;35;0
КСБ ап;60;20170913;180000;0.22;0.22;0.22;0.22;5;0
КСБ ап;60;20170915;120000;0.22;0.22;0.22;0.22;3;0
КСБ ап;60;20170915;130000;0.222;0.234;0.222;0.23;5;0
КСБ ап;60;20170922;140000;0.225;0.225;0.225;0.225;3;0
КСБ ап;60;20170925;180000;0.233;0.234;0.233;0.233;5;0
КСБ ап;60;20170926;130000;0.226;0.226;0.226;0.226;11;0
КСБ ап;60;20170929;180000;0.229;0.229;0.229;0.229;1;0
КСБ ап;60;20171002;150000;0.229;0.229;0.229;0.229;1;0
КСБ ап;60;20171002;170000;0.226;0.226;0.226;0.226;1;0
КСБ ап;60;20171004;130000;0.226;0.226;0.226;0.226;9;0
КСБ ап;60;20171006;160000;0.238;0.238;0.238;0.238;1;0
КСБ ап;60;20171010;110000;0.225;0.225;0.225;0.225;1;0
КСБ ап;60;20171010;120000;0.23;0.23;0.23;0.23;1;0
КСБ ап;60;20171010;160000;0.23;0.23;0.23;0.23;6;0
КСБ ап;60;20171010;170000;0.23;0.23;0.225;0.225;6;0
КСБ ап;60;20171010;180000;0.23;0.23;0.23;0.23;1;0
КСБ ап;60;20171012;140000;0.237;0.237;0.237;0.237;1;0
КСБ ап;60;20171017;170000;0.239;0.24;0.239;0.24;5;0
КСБ ап;60;20171019;180000;0.232;0.232;0.232;0.232;10;0
КСБ ап;60;20171020;180000;0.232;0.232;0.23;0.23;54;0
КСБ ап;60;20171023;120000;0.23;0.23;0.229;0.229;22;0
КСБ ап;60;20171024;150000;0.226;0.226;0.226;0.226;1;0
КСБ ап;60;20171026;180000;0.23;0.23;0.23;0.23;6;0
КСБ ап;60;20171027;170000;0.236;0.236;0.236;0.236;1;0
КСБ ап;60;20171030;140000;0.238;0.238;0.238;0.238;1;0
КСБ ап;60;20171101;180000;0.236;0.236;0.236;0.236;2;0
КСБ ап;60;20171107;180000;0.23;0.23;0.23;0.23;3;0
КСБ ап;60;20171114;140000;0.226;0.226;0.224;0.224;36;0
КСБ ап;60;20171115;160000;0.225;0.225;0.225;0.225;1;0
КСБ ап;60;20171116;170000;0.224;0.224;0.224;0.224;2;0
КСБ ап;60;20171122;180000;0.23;0.23;0.23;0.23;9;0
КСБ ап;60;20171124;180000;0.23;0.23;0.23;0.23;1;0
КСБ ап;60;20171127;110000;0.23;0.23;0.23;0.23;4;0
КСБ ап;60;20171127;120000;0.23;0.23;0.23;0.23;4;0
КСБ ап;60;20171128;140000;0.23;0.23;0.23;0.23;1;0
КСБ ап;60;20171201;160000;0.224;0.224;0.224;0.224;1;0
КСБ ап;60;20171201;170000;0.225;0.225;0.225;0.225;1;0
КСБ ап;60;20171205;110000;0.224;0.224;0.22;0.22;57;0
КСБ ап;60;20171205;170000;0.221;0.221;0.22;0.22;9;0
КСБ ап;60;20171205;180000;0.22;0.22;0.22;0.22;4;0
КСБ ап;60;20171207;170000;0.219;0.219;0.213;0.213;13;0
КСБ ап;60;20171207;180000;0.215;0.215;0.215;0.215;2;0
КСБ ап;60;20171208;130000;0.226;0.226;0.22;0.22;2;0
КСБ ап;60;20171213;160000;0.227;0.227;0.226;0.226;2;0
КСБ ап;60;20171214;150000;0.23;0.23;0.23;0.23;1;0
КСБ ап;60;20171214;160000;0.23;0.23;0.23;0.23;1;0
КСБ ап;60;20171215;180000;0.231;0.231;0.227;0.227;5;0
КСБ ап;60;20171218;150000;0.226;0.226;0.22;0.22;10;0
КСБ ап;60;20171220;100000;0.22;0.22;0.22;0.22;1;0
КСБ ап;60;20171220;120000;0.22;0.22;0.22;0.22;20;0
КСБ ап;60;20171220;150000;0.22;0.22;0.22;0.22;2;0
КСБ ап;60;20171220;170000;0.22;0.22;0.22;0.22;1;0
КСБ ап;60;20171221;170000;0.219;0.219;0.2;0.2;240;0
КСБ ап;60;20171221;180000;0.203;0.21;0.2;0.204;66;0
КСБ ап;60;20171222;100000;0.2;0.204;0.2;0.204;6;0
КСБ ап;60;20171222;110000;0.201;0.202;0.189;0.198;112;0
КСБ ап;60;20171222;120000;0.201;0.202;0.18;0.188;66;0
КСБ ап;60;20171222;130000;0.191;0.196;0.191;0.196;15;0
КСБ ап;60;20171222;150000;0.194;0.194;0.186;0.191;30;0
КСБ ап;60;20171222;180000;0.193;0.193;0.193;0.193;1;0
КСБ ап;60;20171225;100000;0.19;0.19;0.19;0.19;1;0
КСБ ап;60;20171225;110000;0.189;0.189;0.182;0.182;10;0
КСБ ап;60;20171225;120000;0.185;0.186;0.185;0.186;2;0
КСБ ап;60;20171225;130000;0.187;0.187;0.187;0.187;1;0
КСБ ап;60;20171226;100000;0.185;0.185;0.185;0.185;1;0
КСБ ап;60;20171226;130000;0.185;0.185;0.184;0.184;2;0
КСБ ап;60;20171227;100000;0.184;0.184;0.184;0.184;3;0
КСБ ап;60;20171227;110000;0.187;0.187;0.187;0.187;5;0
КСБ ап;60;20171227;120000;0.188;0.197;0.188;0.195;12;0
КСБ ап;60;20171227;130000;0.194;0.194;0.194;0.194;1;0
КСБ ап;60;20171227;160000;0.193;0.193;0.193;0.193;2;0
КСБ ап;60;20171227;170000;0.193;0.193;0.193;0.193;1;0
КСБ ап;60;20171227;180000;0.196;0.196;0.196;0.196;1;0
КСБ ап;60;20171228;130000;0.197;0.197;0.197;0.197;1;0
КСБ ап;60;20171228;160000;0.198;0.198;0.198;0.198;1;0
КСБ ап;60;20171229;110000;0.196;0.196;0.196;0.196;1;0
КСБ ап;60;20171229;120000;0.199;0.199;0.193;0.193;4;0
КСБ ап;60;20171229;140000;0.192;0.192;0.192;0.192;1;0
