<TICKER>;<PER>;<DATE>;<TIME>;<OPEN>;<HIGH>;<LOW>;<CLOSE>;<VOL>;<OPENINT>
КузбТК ао;60;20170124;110000;81.6;81.6;81.5;81.5;1133;0
КузбТК ао;60;20170124;120000;81.5;81.5;81.5;81.5;804;0
КузбТК ао;60;20170124;130000;81.5;81.9;81.4;81.9;371;0
КузбТК ао;60;20170124;140000;81.8;81.8;80.5;81.8;27;0
КузбТК ао;60;20170124;160000;82.1;82.2;82.1;82.2;7;0
КузбТК ао;60;20170125;100000;81.6;81.6;81.6;81.6;10;0
КузбТК ао;60;20170125;110000;81.2;81.5;81.1;81.4;1969;0
КузбТК ао;60;20170125;160000;81.2;81.2;81.2;81.2;1;0
КузбТК ао;60;20170126;100000;80.6;80.6;80.5;80.5;20;0
КузбТК ао;60;20170126;110000;81.3;81.7;80.5;81;246;0
КузбТК ао;60;20170126;120000;80.5;81.4;80.5;81.4;51;0
КузбТК ао;60;20170126;150000;81.4;81.6;81.4;81.4;163;0
КузбТК ао;60;20170126;160000;81.4;81.4;81.2;81.2;10;0
КузбТК ао;60;20170126;180000;81.3;81.3;81.3;81.3;6;0
КузбТК ао;60;20170127;100000;81.2;81.2;81.1;81.1;19;0
КузбТК ао;60;20170127;110000;81.6;81.6;81.6;81.6;20;0
КузбТК ао;60;20170127;120000;81.6;82;81.6;82;88;0
КузбТК ао;60;20170127;140000;82;82.1;82;82.1;32;0
КузбТК ао;60;20170127;160000;82.3;82.7;82.3;82.3;9;0
КузбТК ао;60;20170127;170000;82.3;82.3;82.1;82.1;25;0
КузбТК ао;60;20170127;180000;82.2;82.9;82.1;82.9;5;0
КузбТК ао;60;20170130;100000;83.5;83.5;83;83;35;0
КузбТК ао;60;20170130;110000;83;83;82.9;82.9;7;0
КузбТК ао;60;20170130;120000;83;84.5;83;84.5;154;0
КузбТК ао;60;20170130;130000;84.6;85.7;84.6;85.7;137;0
КузбТК ао;60;20170130;150000;85.1;86;85.1;86;115;0
КузбТК ао;60;20170130;160000;85.4;85.4;85.4;85.4;2;0
КузбТК ао;60;20170130;170000;85.4;85.4;84.5;85;112;0
КузбТК ао;60;20170130;180000;85.3;86;85.3;86;24;0
КузбТК ао;60;20170131;100000;86.2;89.1;86.2;88.7;574;0
КузбТК ао;60;20170131;110000;87.9;88.5;87.2;87.3;147;0
КузбТК ао;60;20170131;120000;87.3;87.3;87.3;87.3;9;0
КузбТК ао;60;20170131;130000;87.9;88;87.9;88;12;0
КузбТК ао;60;20170131;140000;88;88.5;87.2;88.5;410;0
КузбТК ао;60;20170131;150000;87.5;87.5;87.2;87.2;50;0
КузбТК ао;60;20170131;160000;87.9;87.9;87.9;87.9;5;0
КузбТК ао;60;20170131;170000;88.1;88.3;88.1;88.3;40;0
КузбТК ао;60;20170201;100000;88.7;89.7;88.7;89;178;0
КузбТК ао;60;20170201;110000;89;89;88.8;88.8;66;0
КузбТК ао;60;20170201;120000;89;89.6;88.1;88.6;145;0
КузбТК ао;60;20170201;130000;88.6;89.7;88.6;89.7;215;0
КузбТК ао;60;20170201;140000;89.9;92;89.2;89.2;273;0
КузбТК ао;60;20170201;150000;90.4;92;90.4;91.5;275;0
КузбТК ао;60;20170201;160000;91;91;91;91;28;0
КузбТК ао;60;20170201;170000;91;91;90.3;90.3;7;0
КузбТК ао;60;20170201;180000;90.4;93.4;90.3;93.4;626;0
КузбТК ао;60;20170202;090000;93.5;93.5;93.5;93.5;1;0
КузбТК ао;60;20170202;100000;93.7;105.4;92.9;98.2;1377;0
КузбТК ао;60;20170202;110000;98.2;99.5;96.6;97.5;1189;0
КузбТК ао;60;20170202;120000;97.9;99.7;94.5;96;617;0
КузбТК ао;60;20170202;130000;96.3;99.3;95.2;96.8;83;0
КузбТК ао;60;20170202;140000;96.8;97;96;96;52;0
КузбТК ао;60;20170202;150000;96.9;96.9;95.3;95.3;17;0
КузбТК ао;60;20170202;160000;95.4;97.3;95.3;97.3;200;0
КузбТК ао;60;20170202;170000;96;97.5;95.2;97.1;31;0
КузбТК ао;60;20170202;180000;96.5;97.5;96.5;96.5;62;0
КузбТК ао;60;20170203;100000;97.4;99.9;96.8;97;27;0
КузбТК ао;60;20170203;110000;98.6;99.3;97.5;97.5;144;0
КузбТК ао;60;20170203;120000;98.6;98.6;96.5;96.5;24;0
КузбТК ао;60;20170203;130000;96;96;96;96;6;0
КузбТК ао;60;20170203;150000;96.5;96.5;96;96.5;22;0
КузбТК ао;60;20170203;170000;95.6;95.6;94.9;95.1;174;0
КузбТК ао;60;20170203;180000;95.1;95.2;95.1;95.2;41;0
КузбТК ао;60;20170206;090000;95.3;95.3;95.3;95.3;3;0
КузбТК ао;60;20170206;100000;95.3;95.3;84.5;92.3;1094;0
КузбТК ао;60;20170206;110000;92.4;92.4;89.9;90.1;189;0
КузбТК ао;60;20170206;120000;90.1;98.1;90.1;93.8;1495;0
КузбТК ао;60;20170206;130000;93.9;98;93.9;98;432;0
КузбТК ао;60;20170206;140000;96.6;96.8;96.5;96.8;447;0
КузбТК ао;60;20170206;150000;96.8;96.8;96.5;96.5;75;0
КузбТК ао;60;20170206;160000;96.7;97.9;95.9;95.9;567;0
КузбТК ао;60;20170206;170000;95.9;96.6;95.9;96.5;844;0
КузбТК ао;60;20170206;180000;97.3;97.4;96.5;96.5;8;0
КузбТК ао;60;20170207;100000;97.8;97.8;97.8;97.8;3;0
КузбТК ао;60;20170207;110000;97.6;97.6;96.7;96.7;11;0
КузбТК ао;60;20170207;120000;96.8;97.4;96.6;97.4;149;0
КузбТК ао;60;20170207;130000;96.7;96.8;96.7;96.7;395;0
КузбТК ао;60;20170207;140000;97;97.4;97;97.4;232;0
КузбТК ао;60;20170207;150000;97.4;97.4;97;97;31;0
КузбТК ао;60;20170207;160000;97.4;97.4;97.4;97.4;1020;0
КузбТК ао;60;20170207;170000;97.4;98.1;97.2;97.2;631;0
КузбТК ао;60;20170208;100000;93.9;97;93.9;97;12;0
КузбТК ао;60;20170208;110000;94.5;96.8;94.4;94.6;315;0
КузбТК ао;60;20170208;120000;97;97.8;97;97.8;105;0
КузбТК ао;60;20170208;130000;97.7;97.8;95;95;5;0
КузбТК ао;60;20170208;150000;94.9;98.1;94.9;95.1;562;0
КузбТК ао;60;20170208;160000;96.4;96.5;96.4;96.5;15;0
КузбТК ао;60;20170208;170000;95.7;95.7;95;95;57;0
КузбТК ао;60;20170208;180000;94.9;94.9;94.8;94.8;1320;0
КузбТК ао;60;20170209;110000;94.6;94.6;94.5;94.5;2007;0
КузбТК ао;60;20170209;120000;94.1;94.1;93.8;94;43;0
КузбТК ао;60;20170209;130000;93.8;93.8;93;93;65;0
КузбТК ао;60;20170209;140000;93;93;91.8;92.8;113;0
КузбТК ао;60;20170209;150000;93;93;93;93;10;0
КузбТК ао;60;20170209;170000;92.7;93.1;92.1;92.1;55;0
КузбТК ао;60;20170209;180000;91.8;91.8;91.8;91.8;10;0
КузбТК ао;60;20170210;110000;92.3;92.4;92.3;92.4;21;0
КузбТК ао;60;20170210;120000;92.6;92.7;92.6;92.7;24;0
КузбТК ао;60;20170210;130000;92.8;93.4;92.8;93.4;1069;0
КузбТК ао;60;20170210;150000;94.9;94.9;94;94;11;0
КузбТК ао;60;20170210;160000;95;95;95;95;50;0
КузбТК ао;60;20170210;170000;94.9;94.9;92.4;92.4;291;0
КузбТК ао;60;20170210;180000;92.4;92.4;92.4;92.4;332;0
КузбТК ао;60;20170213;100000;93.4;96;92.5;93.6;30;0
КузбТК ао;60;20170213;110000;95.4;95.5;95.1;95.1;38;0
КузбТК ао;60;20170213;120000;94.3;94.3;93.5;93.5;572;0
КузбТК ао;60;20170213;140000;92.5;93.6;92.5;93.6;41;0
КузбТК ао;60;20170213;150000;93.6;93.6;93.6;93.6;120;0
КузбТК ао;60;20170213;160000;93.6;93.6;93.6;93.6;5;0
КузбТК ао;60;20170213;180000;93.6;93.7;91.1;91.3;282;0
КузбТК ао;60;20170214;100000;91.4;92.2;91.4;92.2;8;0
КузбТК ао;60;20170214;110000;91.4;93;91.3;93;365;0
КузбТК ао;60;20170214;120000;93;93.1;93;93.1;205;0
КузбТК ао;60;20170214;130000;93.2;93.2;93.2;93.2;3;0
КузбТК ао;60;20170214;140000;93.2;93.2;93.2;93.2;3;0
КузбТК ао;60;20170214;170000;93.1;93.1;93;93;121;0
КузбТК ао;60;20170214;180000;93.1;94;93.1;94;158;0
КузбТК ао;60;20170215;090000;93.5;93.5;93.5;93.5;1;0
КузбТК ао;60;20170215;100000;93.7;93.7;92.9;93;190;0
КузбТК ао;60;20170215;110000;93;93;92.9;92.9;32;0
КузбТК ао;60;20170215;120000;93;93;93;93;95;0
КузбТК ао;60;20170215;130000;93;93;93;93;731;0
КузбТК ао;60;20170215;140000;93;93;93;93;269;0
КузбТК ао;60;20170215;150000;93;93;93;93;1000;0
КузбТК ао;60;20170215;170000;94;94;93.9;93.9;12;0
КузбТК ао;60;20170215;180000;93.1;93.1;92.9;92.9;503;0
КузбТК ао;60;20170216;100000;93;93.3;92.8;92.8;2007;0
КузбТК ао;60;20170216;110000;93;93.3;93;93.3;220;0
КузбТК ао;60;20170216;120000;93.3;93.5;93.3;93.5;3;0
КузбТК ао;60;20170216;130000;93.5;95;93.5;94.9;170;0
КузбТК ао;60;20170216;140000;94.7;95;94.7;94.8;505;0
КузбТК ао;60;20170216;150000;94.5;94.5;94.5;94.5;2;0
КузбТК ао;60;20170216;160000;94.7;94.8;94.7;94.8;23;0
КузбТК ао;60;20170216;170000;94.8;94.8;94.8;94.8;22;0
КузбТК ао;60;20170216;180000;94.6;94.8;94.6;94.8;393;0
КузбТК ао;60;20170217;100000;95.4;95.4;95.4;95.4;1;0
КузбТК ао;60;20170217;110000;95.6;95.7;95.6;95.7;165;0
КузбТК ао;60;20170217;120000;94.9;94.9;94.8;94.8;277;0
КузбТК ао;60;20170217;130000;94.4;94.4;94.4;94.4;10;0
КузбТК ао;60;20170217;170000;94.4;94.4;94.4;94.4;9;0
КузбТК ао;60;20170217;180000;94.4;94.8;94.4;94.8;244;0
КузбТК ао;60;20170220;100000;94.2;94.2;94.2;94.2;10;0
КузбТК ао;60;20170220;110000;94.7;94.8;90.9;92.4;217;0
КузбТК ао;60;20170220;120000;91.8;92.4;91.8;92.4;739;0
КузбТК ао;60;20170220;130000;92.1;92.1;92.1;92.1;1;0
КузбТК ао;60;20170220;140000;90.2;91.1;88;91.1;136;0
КузбТК ао;60;20170220;180000;91.8;91.8;91.8;91.8;1;0
КузбТК ао;60;20170221;100000;89.8;92.3;89.8;92.3;78;0
КузбТК ао;60;20170221;110000;92.3;92.3;92.3;92.3;7;0
КузбТК ао;60;20170221;130000;90.9;90.9;90.9;90.9;32;0
КузбТК ао;60;20170221;140000;89.7;90;89.5;90;21;0
КузбТК ао;60;20170221;150000;90.7;90.7;90.7;90.7;1;0
КузбТК ао;60;20170221;160000;90.6;90.9;90.6;90.9;488;0
КузбТК ао;60;20170221;170000;92.3;92.4;92.3;92.4;30;0
КузбТК ао;60;20170221;180000;92;92;90.9;90.9;6;0
КузбТК ао;60;20170222;100000;90.9;95.9;90.9;92.5;512;0
КузбТК ао;60;20170222;110000;92.5;92.5;92.1;92.1;11;0
КузбТК ао;60;20170222;160000;92.2;92.2;92.2;92.2;1;0
КузбТК ао;60;20170222;180000;91.2;92.1;91;91;6;0
КузбТК ао;60;20170224;150000;91.7;91.7;90.9;90.9;17;0
КузбТК ао;60;20170227;100000;90.6;90.6;89.5;90.5;105;0
КузбТК ао;60;20170227;110000;90.2;90.2;89.6;89.6;26;0
КузбТК ао;60;20170227;120000;90;90.2;90;90.1;45;0
КузбТК ао;60;20170227;140000;89.6;89.6;88.1;88.4;201;0
КузбТК ао;60;20170227;150000;88.2;88.2;88.1;88.1;3275;0
КузбТК ао;60;20170227;160000;88.1;88.2;88.1;88.1;664;0
КузбТК ао;60;20170227;170000;88.9;93;88.9;91;686;0
КузбТК ао;60;20170227;180000;91.1;91.1;90;90;167;0
КузбТК ао;60;20170228;100000;90;90;85.5;85.5;641;0
КузбТК ао;60;20170228;110000;86;91.2;85.6;91.2;536;0
КузбТК ао;60;20170228;120000;89;89;87.3;87.3;55;0
КузбТК ао;60;20170228;130000;90.4;91.2;86.1;86.1;63;0
КузбТК ао;60;20170228;140000;86.1;87;86.1;87;160;0
КузбТК ао;60;20170228;150000;88.9;90.7;87.5;87.5;9;0
КузбТК ао;60;20170228;180000;89.2;90;89.2;90;4;0
КузбТК ао;60;20170301;100000;89.1;89.2;89.1;89.1;21;0
КузбТК ао;60;20170301;110000;89;89.1;88.7;88.7;287;0
КузбТК ао;60;20170301;140000;88.7;88.7;88.6;88.6;25;0
КузбТК ао;60;20170301;150000;88.2;88.4;85.7;88;5007;0
КузбТК ао;60;20170301;160000;88.2;88.2;88.2;88.2;1;0
КузбТК ао;60;20170301;170000;87.1;87.5;87.1;87.5;16;0
КузбТК ао;60;20170301;180000;87.1;87.8;87.1;87.8;36;0
КузбТК ао;60;20170302;100000;87.8;88;86.2;86.2;23;0
КузбТК ао;60;20170302;110000;85.8;86.2;85.6;86.2;25;0
КузбТК ао;60;20170302;120000;86;86;85.6;85.6;21;0
КузбТК ао;60;20170302;130000;87.6;87.6;87.6;87.6;1;0
КузбТК ао;60;20170302;140000;87;87;87;87;9;0
КузбТК ао;60;20170302;150000;87.4;88;87.4;88;227;0
КузбТК ао;60;20170302;160000;88;88.2;85.8;88;52;0
КузбТК ао;60;20170302;170000;88;88.2;88;88.2;40;0
КузбТК ао;60;20170302;180000;88.4;88.6;88.4;88.6;46;0
КузбТК ао;60;20170303;100000;88.2;88.2;88.1;88.1;10;0
КузбТК ао;60;20170303;140000;88.2;88.2;88.2;88.2;7;0
КузбТК ао;60;20170303;160000;88;88;88;88;10;0
КузбТК ао;60;20170303;170000;88.2;88.2;88.2;88.2;1;0
КузбТК ао;60;20170306;100000;87.9;87.9;87.8;87.8;30;0
КузбТК ао;60;20170306;110000;88;88;87.9;87.9;41;0
КузбТК ао;60;20170306;120000;88.1;89.1;88.1;89.1;157;0
КузбТК ао;60;20170306;130000;88.5;88.5;87.1;87.2;265;0
КузбТК ао;60;20170306;140000;87.2;87.2;87;87;80;0
КузбТК ао;60;20170306;150000;87;87;87;87;28;0
КузбТК ао;60;20170306;160000;86.7;86.7;86.7;86.7;6;0
КузбТК ао;60;20170306;170000;87.9;87.9;87;87;348;0
КузбТК ао;60;20170306;180000;87.8;88;86.6;87;468;0
КузбТК ао;60;20170307;100000;87.1;87.8;87.1;87.7;67;0
КузбТК ао;60;20170307;110000;87.7;88;87.7;88;10;0
КузбТК ао;60;20170307;120000;87.9;91;87.6;90;13;0
КузбТК ао;60;20170307;140000;88.1;88.9;87.5;88;106;0
КузбТК ао;60;20170307;150000;88;88;88;88;90;0
КузбТК ао;60;20170307;160000;88;88;87.5;87.5;51;0
КузбТК ао;60;20170307;170000;87.5;87.9;87.5;87.9;30;0
КузбТК ао;60;20170309;120000;87.3;87.3;85.3;85.8;186;0
КузбТК ао;60;20170309;130000;86.2;86.2;84.5;84.6;57;0
КузбТК ао;60;20170309;140000;85;85;83.8;83.8;68;0
КузбТК ао;60;20170309;150000;84.1;84.1;84;84;3;0
КузбТК ао;60;20170309;160000;84.2;84.2;83.6;84;31;0
КузбТК ао;60;20170309;170000;84;84;84;84;10;0
КузбТК ао;60;20170309;180000;84;84;84;84;11;0
КузбТК ао;60;20170310;100000;80.2;81.6;76.5;81.5;562;0
КузбТК ао;60;20170310;110000;81.4;82.3;81.1;82.3;51;0
КузбТК ао;60;20170310;120000;81.2;82.5;81.1;82.5;61;0
КузбТК ао;60;20170310;140000;82.1;82.6;81;81.5;77;0
КузбТК ао;60;20170310;150000;81.4;81.9;81.4;81.8;8;0
КузбТК ао;60;20170310;160000;82;82.7;82;82.7;19;0
КузбТК ао;60;20170310;180000;81.8;81.8;81.8;81.8;27;0
КузбТК ао;60;20170313;100000;81.6;81.6;81.1;81.1;104;0
КузбТК ао;60;20170313;110000;81.1;81.7;81.1;81.7;66;0
КузбТК ао;60;20170313;120000;81.5;81.5;81.5;81.5;6;0
КузбТК ао;60;20170313;130000;81.7;81.7;81.5;81.5;17;0
КузбТК ао;60;20170313;140000;81.5;81.5;81.5;81.5;12;0
КузбТК ао;60;20170313;150000;81.5;81.5;81.2;81.2;218;0
КузбТК ао;60;20170313;160000;81.5;81.5;81.5;81.5;410;0
КузбТК ао;60;20170313;170000;81.7;81.7;81.5;81.5;352;0
КузбТК ао;60;20170313;180000;81.5;81.8;81.5;81.8;216;0
КузбТК ао;60;20170314;100000;81.9;82.1;81.9;82.1;29;0
КузбТК ао;60;20170314;110000;82.2;82.3;82.2;82.3;28;0
КузбТК ао;60;20170314;120000;82.5;84.3;82.5;84.3;41;0
КузбТК ао;60;20170314;150000;83.6;84.3;83.6;84.3;125;0
КузбТК ао;60;20170314;160000;83;83;82.9;82.9;8;0
КузбТК ао;60;20170314;180000;84;84;84;84;2;0
КузбТК ао;60;20170315;100000;84;84;83.7;83.7;12;0
КузбТК ао;60;20170315;130000;83.7;83.7;83.6;83.6;10;0
КузбТК ао;60;20170315;160000;84.5;84.8;84.5;84.8;14;0
КузбТК ао;60;20170315;170000;84.5;84.8;84.5;84.8;5;0
КузбТК ао;60;20170315;180000;83.6;83.6;83.6;83.6;11;0
КузбТК ао;60;20170316;100000;83.8;83.8;83.8;83.8;5;0
КузбТК ао;60;20170316;110000;83.8;83.8;83.8;83.8;1;0
КузбТК ао;60;20170316;120000;83.8;83.9;83.8;83.9;20;0
КузбТК ао;60;20170316;130000;83.9;83.9;83.9;83.9;4;0
КузбТК ао;60;20170316;160000;83.7;83.7;82.6;83;202;0
КузбТК ао;60;20170316;170000;86.2;87.8;85.4;86;15;0
КузбТК ао;60;20170317;110000;85.6;85.6;85.6;85.6;44;0
КузбТК ао;60;20170317;120000;85.8;85.8;85.8;85.8;17;0
КузбТК ао;60;20170317;130000;85.8;85.8;85.8;85.8;5;0
КузбТК ао;60;20170317;160000;85.9;86.4;85.9;86.4;9;0
КузбТК ао;60;20170317;170000;86.4;88.1;86.4;88;161;0
КузбТК ао;60;20170317;180000;88;88;88;88;5;0
КузбТК ао;60;20170320;100000;88;88;87.9;87.9;57;0
КузбТК ао;60;20170320;110000;87.8;88;87.8;88;154;0
КузбТК ао;60;20170320;120000;88;88;88;88;50;0
КузбТК ао;60;20170320;140000;88;88.3;88;88.3;22;0
КузбТК ао;60;20170320;150000;88;88;88;88;240;0
КузбТК ао;60;20170320;160000;88;88;88;88;77;0
КузбТК ао;60;20170320;180000;88.2;88.2;88.2;88.2;30;0
КузбТК ао;60;20170321;100000;89.4;89.4;89.4;89.4;1;0
КузбТК ао;60;20170321;120000;88.2;88.2;88;88;174;0
КузбТК ао;60;20170321;140000;88.2;88.2;88;88;54;0
КузбТК ао;60;20170321;150000;88.1;88.1;88;88;202;0
КузбТК ао;60;20170321;180000;88.1;88.2;88.1;88.2;222;0
КузбТК ао;60;20170322;100000;88;88;87.8;87.8;61;0
КузбТК ао;60;20170322;110000;87.7;87.7;87.5;87.5;23;0
КузбТК ао;60;20170322;140000;87.5;87.5;87.5;87.5;8;0
КузбТК ао;60;20170322;150000;87.5;87.5;87.5;87.5;5;0
КузбТК ао;60;20170322;160000;87.6;87.6;87.3;87.3;18;0
КузбТК ао;60;20170322;170000;87.3;87.4;87.3;87.3;23;0
КузбТК ао;60;20170323;140000;86.4;86.4;86.1;86.1;3;0
КузбТК ао;60;20170323;150000;86.1;86.1;86.1;86.1;21;0
КузбТК ао;60;20170323;160000;87;87.5;87;87.5;16;0
КузбТК ао;60;20170323;170000;87.6;88.1;87.6;88;126;0
КузбТК ао;60;20170323;180000;88.1;88.1;88.1;88.1;1;0
КузбТК ао;60;20170324;110000;88.1;88.1;88.1;88.1;10;0
КузбТК ао;60;20170324;120000;88.1;88.1;88.1;88.1;12;0
КузбТК ао;60;20170324;130000;88;88;88;88;14;0
КузбТК ао;60;20170327;100000;88;88;87.6;87.6;260;0
КузбТК ао;60;20170327;150000;87.5;87.5;87.5;87.5;655;0
КузбТК ао;60;20170327;160000;87.3;87.3;87.3;87.3;21;0
КузбТК ао;60;20170328;100000;87;87;87;87;444;0
КузбТК ао;60;20170328;110000;87;87;87;87;1046;0
КузбТК ао;60;20170328;120000;87;87;87;87;64;0
КузбТК ао;60;20170329;100000;87;87;87;87;200;0
КузбТК ао;60;20170329;140000;87;87;87;87;80;0
КузбТК ао;60;20170329;160000;87;87;87;87;145;0
КузбТК ао;60;20170329;170000;87.3;87.5;87.3;87.5;40;0
КузбТК ао;60;20170329;180000;87.2;87.7;87.2;87.7;137;0
КузбТК ао;60;20170330;100000;88.3;92.8;87.2;92.8;1171;0
КузбТК ао;60;20170330;110000;92.8;94.5;92.8;94.4;3482;0
КузбТК ао;60;20170330;120000;94;94.3;94;94.3;203;0
КузбТК ао;60;20170330;130000;94;94.5;94;94.5;1011;0
КузбТК ао;60;20170330;140000;94.5;94.5;94.5;94.5;100;0
КузбТК ао;60;20170330;150000;94.5;97.4;94.5;97.1;1867;0
КузбТК ао;60;20170330;160000;97.1;97.1;96.2;96.2;127;0
КузбТК ао;60;20170330;170000;96.7;96.7;96.2;96.2;180;0
КузбТК ао;60;20170331;110000;96.4;96.5;96.4;96.5;16;0
КузбТК ао;60;20170331;120000;96.6;100.1;96.6;98.1;355;0
КузбТК ао;60;20170331;130000;99.2;99.3;99;99.3;76;0
КузбТК ао;60;20170331;140000;99.5;102.5;99.5;102.3;746;0
КузбТК ао;60;20170331;150000;101.8;102.1;100;100;204;0
КузбТК ао;60;20170331;160000;101.2;101.3;100;101.2;431;0
КузбТК ао;60;20170331;170000;101;102.2;101;101;900;0
КузбТК ао;60;20170331;180000;101.9;101.9;99;101;637;0
КузбТК ао;60;20170403;100000;96.1;100;92;95.3;492;0
КузбТК ао;60;20170403;110000;97.8;101;96;101;397;0
КузбТК ао;60;20170403;120000;101;101;101;101;320;0
КузбТК ао;60;20170403;130000;100.5;101;100.5;101;217;0
КузбТК ао;60;20170403;160000;102.2;102.2;100.1;100.1;21;0
КузбТК ао;60;20170403;170000;101.5;103;101.5;103;217;0
КузбТК ао;60;20170403;180000;102.9;102.9;102.9;102.9;175;0
КузбТК ао;60;20170404;120000;102;102;102;102;6;0
КузбТК ао;60;20170404;130000;99.6;101.8;99.5;101.8;7;0
КузбТК ао;60;20170404;180000;100.2;100.9;100;100.9;102;0
КузбТК ао;60;20170405;100000;98.2;98.2;98.2;98.2;1;0
КузбТК ао;60;20170405;110000;99.7;100;99.7;100;52;0
КузбТК ао;60;20170405;120000;101.8;101.8;101.8;101.8;1;0
КузбТК ао;60;20170405;170000;101.8;101.8;100.4;100.4;11;0
КузбТК ао;60;20170405;180000;100.4;102;100.4;102;307;0
КузбТК ао;60;20170406;100000;103.3;104;102;104;319;0
КузбТК ао;60;20170406;110000;104.4;105;104.4;105;124;0
КузбТК ао;60;20170406;120000;105;105.5;105;105.5;75;0
КузбТК ао;60;20170406;130000;105.5;105.5;105.5;105.5;4;0
КузбТК ао;60;20170406;150000;105;105.2;104;104.1;1279;0
КузбТК ао;60;20170406;160000;104.4;105;104.4;105;1414;0
КузбТК ао;60;20170406;170000;104.6;104.6;104.6;104.6;51;0
КузбТК ао;60;20170406;180000;104.6;104.6;104.6;104.6;1;0
КузбТК ао;60;20170407;100000;106;106;106;106;2;0
КузбТК ао;60;20170407;110000;104.1;104.1;103.5;103.5;116;0
КузбТК ао;60;20170407;140000;102.6;102.6;102.6;102.6;10;0
КузбТК ао;60;20170407;150000;102.6;102.6;102.6;102.6;7;0
КузбТК ао;60;20170407;160000;102.5;102.5;102.5;102.5;260;0
КузбТК ао;60;20170407;170000;102.5;102.5;102.5;102.5;16;0
КузбТК ао;60;20170407;180000;102.6;104.5;102.5;103.1;55;0
КузбТК ао;60;20170410;110000;102.2;104;102;104;1820;0
КузбТК ао;60;20170410;120000;102;102;102;102;100;0
КузбТК ао;60;20170410;130000;102;102;102;102;146;0
КузбТК ао;60;20170410;170000;103.5;103.5;103.5;103.5;2;0
КузбТК ао;60;20170410;180000;102;102;102;102;100;0
КузбТК ао;60;20170411;120000;104.2;104.2;102;103.7;4;0
КузбТК ао;60;20170411;140000;102.1;102.1;102;102;8;0
КузбТК ао;60;20170411;160000;102;102;102;102;41;0
КузбТК ао;60;20170411;170000;102.9;103;102.9;103;4;0
КузбТК ао;60;20170412;100000;100.3;102;92.8;102;23;0
КузбТК ао;60;20170412;120000;102;102;102;102;27;0
КузбТК ао;60;20170412;130000;103.9;103.9;103.9;103.9;2;0
КузбТК ао;60;20170412;150000;103.8;103.8;103.8;103.8;9;0
КузбТК ао;60;20170412;170000;102.7;102.7;102.7;102.7;1;0
КузбТК ао;60;20170413;100000;103.2;103.3;102;102;309;0
КузбТК ао;60;20170413;110000;102;102;102;102;960;0
КузбТК ао;60;20170413;120000;102.7;103.9;102.7;103.9;17;0
КузбТК ао;60;20170413;130000;103.1;103.1;103.1;103.1;7;0
КузбТК ао;60;20170413;140000;103;103;103;103;5;0
КузбТК ао;60;20170414;100000;104.9;108.9;104.9;108;215;0
КузбТК ао;60;20170414;120000;102.8;102.8;102.1;102.1;30;0
КузбТК ао;60;20170414;140000;102.5;102.5;102.5;102.5;1;0
КузбТК ао;60;20170414;160000;102;102.2;101.8;102.2;6073;0
КузбТК ао;60;20170414;180000;102.6;102.6;102;102;22;0
КузбТК ао;60;20170417;110000;102.2;102.2;102;102;414;0
КузбТК ао;60;20170417;160000;102.1;102.1;102.1;102.1;1;0
КузбТК ао;60;20170417;180000;102.5;104.8;102.5;102.8;18;0
КузбТК ао;60;20170418;140000;103.3;103.3;102.1;102.1;80;0
КузбТК ао;60;20170418;170000;102.9;102.9;102.9;102.9;10;0
КузбТК ао;60;20170419;110000;102;104.3;102;104.3;202;0
КузбТК ао;60;20170419;120000;104;104.8;104;104.8;109;0
КузбТК ао;60;20170419;130000;104.3;104.3;104.3;104.3;8;0
КузбТК ао;60;20170419;150000;104.6;108.9;104.6;108.9;307;0
КузбТК ао;60;20170419;160000;108.8;108.8;108.8;108.8;1;0
КузбТК ао;60;20170419;170000;105.3;108.7;105.3;108.7;2;0
КузбТК ао;60;20170419;180000;105.1;105.1;105.1;105.1;9;0
КузбТК ао;60;20170420;100000;102.9;104;102.9;104;2;0
КузбТК ао;60;20170420;110000;102.8;103;100.6;102;70;0
КузбТК ао;60;20170420;120000;102.1;102.1;102.1;102.1;44;0
КузбТК ао;60;20170420;140000;102.1;102.1;102;102;114;0
КузбТК ао;60;20170420;160000;102.7;102.7;102.7;102.7;1;0
КузбТК ао;60;20170421;130000;102.2;102.2;102;102;200;0
КузбТК ао;60;20170421;180000;102;102;102;102;7;0
КузбТК ао;60;20170424;100000;102;106.1;102;103.1;5008;0
КузбТК ао;60;20170424;110000;100.1;100.1;100;100;789;0
КузбТК ао;60;20170424;120000;100;103.1;100;103.1;304;0
КузбТК ао;60;20170424;140000;101.9;101.9;101.9;101.9;1;0
КузбТК ао;60;20170425;120000;103.7;103.7;103.7;103.7;7;0
КузбТК ао;60;20170425;150000;101.9;111.6;101.8;111.6;3144;0
КузбТК ао;60;20170425;160000;111.6;114.2;110;111.6;87;0
КузбТК ао;60;20170425;170000;111.6;111.6;110.3;111.6;44;0
КузбТК ао;60;20170426;120000;110.1;110.1;108.5;108.5;96;0
КузбТК ао;60;20170426;130000;109.7;109.8;109.7;109.8;3;0
КузбТК ао;60;20170426;140000;111.5;111.6;109.6;109.6;42;0
КузбТК ао;60;20170426;150000;112.8;112.8;112.8;112.8;3;0
КузбТК ао;60;20170426;170000;112.4;112.5;112.4;112.5;8;0
КузбТК ао;60;20170426;180000;111.1;111.2;111.1;111.2;2;0
КузбТК ао;60;20170427;100000;108.2;110;108.2;110;40;0
КузбТК ао;60;20170427;160000;114.2;125;114.2;119;1323;0
КузбТК ао;60;20170427;170000;119;119;117.1;118;64;0
КузбТК ао;60;20170427;180000;117.1;117.7;114;117.7;101;0
КузбТК ао;60;20170428;100000;110.8;120;110.8;120;584;0
КузбТК ао;60;20170428;110000;118.5;118.5;112.3;115.2;141;0
КузбТК ао;60;20170428;150000;119.3;119.4;115.9;115.9;6;0
КузбТК ао;60;20170428;170000;116.1;116.1;116.1;116.1;6;0
КузбТК ао;60;20170428;180000;116;116;116;116;4;0
КузбТК ао;60;20170502;100000;117.1;117.1;114.1;114.1;1002;0
КузбТК ао;60;20170502;130000;114.1;114.1;114.1;114.1;4;0
КузбТК ао;60;20170502;140000;113.9;114.1;113.9;114.1;696;0
КузбТК ао;60;20170502;150000;117.1;117.1;117.1;117.1;1;0
КузбТК ао;60;20170502;160000;117.1;117.1;114.2;114.2;2;0
КузбТК ао;60;20170503;100000;115;115;115;115;570;0
КузбТК ао;60;20170503;110000;118.9;119;118.9;119;10;0
КузбТК ао;60;20170503;150000;118.5;118.5;118.5;118.5;1;0
КузбТК ао;60;20170503;160000;118.4;118.5;118.4;118.5;8;0
КузбТК ао;60;20170503;170000;115.1;115.1;112.5;112.5;127;0
КузбТК ао;60;20170503;180000;114.3;114.3;114.3;114.3;2;0
КузбТК ао;60;20170504;100000;114.4;129.9;114.4;116.6;47;0
КузбТК ао;60;20170504;120000;115;115;115;115;2;0
КузбТК ао;60;20170504;130000;115;115;115;115;1;0
КузбТК ао;60;20170504;170000;117;117;117;117;39;0
КузбТК ао;60;20170504;180000;117;117;117;117;1;0
КузбТК ао;60;20170505;100000;115.2;115.2;115;115;11;0
КузбТК ао;60;20170505;110000;115.1;115.1;114.6;114.6;32;0
КузбТК ао;60;20170505;120000;113.5;114;113.5;114;26;0
КузбТК ао;60;20170505;140000;117.2;117.2;117.2;117.2;1;0
КузбТК ао;60;20170505;150000;112.6;112.6;112.6;112.6;1;0
КузбТК ао;60;20170505;180000;116.9;116.9;116.9;116.9;1;0
КузбТК ао;60;20170510;100000;112.2;113.7;112;113.7;28;0
КузбТК ао;60;20170510;120000;114;114;112.9;112.9;1316;0
КузбТК ао;60;20170510;140000;114.1;114.9;114.1;114.9;19;0
КузбТК ао;60;20170510;150000;114.5;114.5;114.4;114.4;3;0
КузбТК ао;60;20170510;160000;114.4;114.4;114.1;114.1;1377;0
КузбТК ао;60;20170511;100000;115;115;115;115;1;0
КузбТК ао;60;20170511;110000;116;117.9;116;117.7;5;0
КузбТК ао;60;20170511;150000;117;117.7;117;117.7;20;0
КузбТК ао;60;20170511;170000;117.4;117.4;117.4;117.4;8;0
КузбТК ао;60;20170511;180000;117.6;117.6;117.6;117.6;4;0
КузбТК ао;60;20170512;100000;117.8;117.8;115.4;115.4;3;0
КузбТК ао;60;20170512;150000;116.3;116.3;116;116;300;0
КузбТК ао;60;20170512;170000;116;117.3;116;117.3;3;0
КузбТК ао;60;20170512;180000;115.9;117.4;115.9;117.4;11;0
КузбТК ао;60;20170515;110000;116.9;116.9;116.9;116.9;13;0
КузбТК ао;60;20170515;120000;116.5;116.5;114.9;114.9;870;0
КузбТК ао;60;20170515;140000;116.1;116.1;115.9;115.9;21;0
КузбТК ао;60;20170515;160000;116.5;116.5;115.9;116;151;0
КузбТК ао;60;20170515;170000;118;118;118;118;2;0
КузбТК ао;60;20170515;180000;118.1;119;118.1;119;9;0
КузбТК ао;60;20170516;100000;118.7;118.7;118;118;256;0
КузбТК ао;60;20170516;110000;118.2;118.2;118;118.1;747;0
КузбТК ао;60;20170516;140000;120.1;120.1;120.1;120.1;2;0
КузбТК ао;60;20170516;150000;119.9;120;119.9;120;5;0
КузбТК ао;60;20170516;170000;119.2;119.3;118.2;118.2;505;0
КузбТК ао;60;20170517;120000;120;120;118.7;118.7;201;0
КузбТК ао;60;20170517;130000;118.7;118.7;118.7;118.7;7;0
КузбТК ао;60;20170517;160000;119;119;119;119;400;0
КузбТК ао;60;20170517;170000;119.9;119.9;119;119;131;0
КузбТК ао;60;20170517;180000;119.3;119.3;119.3;119.3;1;0
КузбТК ао;60;20170518;100000;119.5;119.5;119;119;931;0
КузбТК ао;60;20170518;120000;119.4;120;119.4;120;35;0
КузбТК ао;60;20170518;130000;119.5;119.9;119.5;119.9;2;0
КузбТК ао;60;20170518;140000;120;120.4;120;120.2;63;0
КузбТК ао;60;20170518;150000;121;122;121;122;6;0
КузбТК ао;60;20170518;160000;120;120;120;120;97;0
КузбТК ао;60;20170519;100000;121.7;122;119.8;119.8;1107;0
КузбТК ао;60;20170519;160000;120.6;120.6;120.2;120.2;3;0
КузбТК ао;60;20170519;180000;120.2;125;120.2;125;7;0
КузбТК ао;60;20170522;100000;125;125;125;125;1;0
КузбТК ао;60;20170522;110000;125;125;124;124;414;0
КузбТК ао;60;20170522;130000;124.9;124.9;124.9;124.9;7;0
КузбТК ао;60;20170522;140000;124.6;124.6;124;124;500;0
КузбТК ао;60;20170522;160000;124.3;124.3;124;124;16;0
КузбТК ао;60;20170522;180000;124.1;124.9;124;124.9;207;0
КузбТК ао;60;20170523;100000;125;125;124.9;125;1945;0
КузбТК ао;60;20170523;110000;125;125;125;125;7;0
КузбТК ао;60;20170523;150000;125;126;125;126;13;0
КузбТК ао;60;20170523;170000;125.9;126;125.9;126;3;0
КузбТК ао;60;20170523;180000;128;128;128;128;130;0
КузбТК ао;60;20170524;100000;127;129.9;127;129.9;40;0
КузбТК ао;60;20170524;110000;126;129.4;126;129.4;3;0
КузбТК ао;60;20170524;130000;129.2;129.4;129.2;129.4;801;0
КузбТК ао;60;20170524;170000;127.2;127.2;126.8;126.8;53;0
КузбТК ао;60;20170525;100000;124;125.5;124;125.2;21;0
КузбТК ао;60;20170525;110000;125.5;125.5;125.5;125.5;2;0
КузбТК ао;60;20170525;150000;129.2;129.3;129.2;129.3;4;0
КузбТК ао;60;20170525;170000;126.4;126.4;126.4;126.4;7;0
КузбТК ао;60;20170526;100000;126.6;126.6;125.1;125.2;249;0
КузбТК ао;60;20170526;140000;129.1;129.1;127.7;129.1;3;0
КузбТК ао;60;20170526;160000;129;129;129;129;4;0
КузбТК ао;60;20170526;180000;129;129;129;129;96;0
КузбТК ао;60;20170529;110000;124.1;128.9;124;124.7;3745;0
КузбТК ао;60;20170529;140000;127.8;127.8;127.8;127.8;9;0
КузбТК ао;60;20170530;100000;127.8;127.9;124.3;124.3;560;0
КузбТК ао;60;20170530;130000;124.6;124.6;124.6;124.6;135;0
КузбТК ао;60;20170531;110000;126.3;126.3;124.5;124.5;239;0
КузбТК ао;60;20170531;120000;126.3;126.4;126.3;126.4;7;0
КузбТК ао;60;20170531;130000;126.4;126.4;126;126;1567;0
КузбТК ао;60;20170531;160000;126.2;126.2;126;126;1000;0
КузбТК ао;60;20170531;170000;127.9;127.9;127.9;127.9;3;0
КузбТК ао;60;20170531;180000;127.4;127.4;127.4;127.4;1;0
КузбТК ао;60;20170601;110000;125.1;125.1;125.1;125.1;21;0
КузбТК ао;60;20170601;120000;125.1;125.1;124.1;124.1;64;0
КузбТК ао;60;20170601;130000;124.2;124.2;124.2;124.2;33;0
КузбТК ао;60;20170601;140000;126.6;126.6;126.6;126.6;1;0
КузбТК ао;60;20170601;150000;125.9;126;125.9;126;1250;0
КузбТК ао;60;20170601;160000;126;126.9;126;126.9;286;0
КузбТК ао;60;20170601;170000;127;127;126.3;127;12;0
КузбТК ао;60;20170601;180000;126.9;126.9;126.1;126.5;58;0
КузбТК ао;60;20170602;090000;122.5;122.5;122.5;122.5;97;0
КузбТК ао;60;20170602;100000;122.6;124;122.5;123.4;1113;0
КузбТК ао;60;20170602;110000;123.4;124.3;123.4;124.3;2029;0
КузбТК ао;60;20170602;120000;124.3;124.3;124.3;124.3;2000;0
КузбТК ао;60;20170602;150000;124.4;124.4;124.4;124.4;8;0
КузбТК ао;60;20170602;180000;124.4;124.4;124.3;124.3;40;0
КузбТК ао;60;20170605;130000;121.5;121.6;121.5;121.6;10002;0
КузбТК ао;60;20170605;140000;122.7;125;122.7;125;814;0
КузбТК ао;60;20170605;150000;122.6;122.6;121.5;121.5;200;0
КузбТК ао;60;20170605;160000;122.1;124.7;122.1;124.7;102;0
КузбТК ао;60;20170605;180000;122.2;122.2;121.5;121.5;7;0
КузбТК ао;60;20170606;100000;121.6;121.6;121.5;121.5;34;0
КузбТК ао;60;20170606;110000;118.2;120;115.1;117.4;18;0
КузбТК ао;60;20170606;120000;117.4;117.4;117.3;117.3;8;0
КузбТК ао;60;20170606;160000;116.2;116.2;116;116;6;0
КузбТК ао;60;20170606;170000;115.1;115.1;112;112;26;0
КузбТК ао;60;20170606;180000;114;114;104.1;109.1;92;0
КузбТК ао;60;20170607;100000;105.1;106.3;100.1;100.1;201;0
КузбТК ао;60;20170607;110000;104;111.4;104;106;74;0
КузбТК ао;60;20170607;120000;107.9;119.4;107.9;119.4;438;0
КузбТК ао;60;20170607;140000;120.9;120.9;119.9;119.9;2;0
КузбТК ао;60;20170607;150000;119.9;119.9;119.9;119.9;1;0
КузбТК ао;60;20170608;120000;115;115;115;115;5;0
КузбТК ао;60;20170608;130000;112.1;112.1;112;112;7;0
КузбТК ао;60;20170608;150000;114;114;112;112;5;0
КузбТК ао;60;20170608;180000;112.5;113;112.5;113;2;0
КузбТК ао;60;20170613;100000;112;112.1;112;112;8;0
КузбТК ао;60;20170613;150000;112.2;112.2;112.2;112.2;10;0
КузбТК ао;60;20170614;110000;112.2;112.2;112.1;112.1;48;0
КузбТК ао;60;20170614;120000;112.2;112.5;112.2;112.5;691;0
КузбТК ао;60;20170614;150000;113.7;113.7;113;113.5;3;0
КузбТК ао;60;20170614;160000;113.6;113.6;113.6;113.6;1;0
КузбТК ао;60;20170614;180000;113.5;113.5;112;112;24;0
КузбТК ао;60;20170615;100000;112;112;112;112;90;0
КузбТК ао;60;20170615;110000;112;112.2;112;112.2;2006;0
КузбТК ао;60;20170615;120000;112.1;112.1;112.1;112.1;291;0
КузбТК ао;60;20170615;130000;112.1;112.1;112.1;112.1;5;0
КузбТК ао;60;20170615;150000;112.1;112.1;112.1;112.1;10;0
КузбТК ао;60;20170615;160000;114;114;114;114;3;0
КузбТК ао;60;20170615;180000;114;114;114;114;2;0
КузбТК ао;60;20170616;110000;117.7;119;114.9;115;1914;0
КузбТК ао;60;20170616;130000;116;118.9;116;118.9;8;0
КузбТК ао;60;20170616;160000;119;120;119;119.9;115;0
КузбТК ао;60;20170616;180000;119.9;119.9;119.9;119.9;3;0
КузбТК ао;60;20170619;100000;122.5;124.7;122.5;124.7;17;0
КузбТК ао;60;20170619;110000;120;124;120;124;23;0
КузбТК ао;60;20170619;140000;118.1;120;117.8;117.8;8;0
КузбТК ао;60;20170619;160000;114.3;116;114.3;115.8;5;0
КузбТК ао;60;20170619;180000;114.3;114.3;114.3;114.3;1;0
КузбТК ао;60;20170620;100000;118;118;118;118;1;0
КузбТК ао;60;20170620;110000;117.9;120.6;117.9;120.6;5;0
КузбТК ао;60;20170620;140000;116.7;116.7;114.7;114.7;20;0
КузбТК ао;60;20170620;180000;114.7;114.7;114.6;114.6;3;0
КузбТК ао;60;20170621;100000;115.8;115.8;115.8;115.8;3;0
КузбТК ао;60;20170621;120000;114.5;114.5;114.5;114.5;16;0
КузбТК ао;60;20170621;130000;114.8;114.8;114.8;114.8;2;0
КузбТК ао;60;20170622;140000;114.6;114.6;114.6;114.6;2;0
КузбТК ао;60;20170622;160000;119;119.2;119;119.2;13;0
КузбТК ао;60;20170623;130000;120;123.5;120;123.5;6;0
КузбТК ао;60;20170623;160000;121.1;125;120.9;120.9;1219;0
КузбТК ао;60;20170623;170000;122.1;122.1;112;118;729;0
КузбТК ао;60;20170623;180000;116.2;118;114;116;35;0
КузбТК ао;60;20170626;100000;117.1;117.2;117.1;117.2;3;0
КузбТК ао;60;20170627;120000;115.3;115.3;115.3;115.3;433;0
КузбТК ао;60;20170627;140000;115.1;115.1;115;115;2;0
КузбТК ао;60;20170627;170000;114.8;124;114.7;124;73;0
КузбТК ао;60;20170628;110000;120;126;117.9;126;506;0
КузбТК ао;60;20170628;130000;122;125;122;125;103;0
КузбТК ао;60;20170628;140000;125;125;125;125;1;0
КузбТК ао;60;20170628;160000;125;125;125;125;300;0
КузбТК ао;60;20170628;170000;125;125;120.3;120.3;25;0
КузбТК ао;60;20170629;100000;123.8;124;123.8;124;29;0
КузбТК ао;60;20170629;130000;125;125;125;125;140;0
КузбТК ао;60;20170629;140000;126.5;126.5;126.5;126.5;10;0
КузбТК ао;60;20170629;150000;126.5;126.5;126.5;126.5;3;0
КузбТК ао;60;20170629;160000;124.7;124.7;122.8;122.8;20;0
КузбТК ао;60;20170629;180000;122.8;122.8;122.8;122.8;1;0
КузбТК ао;60;20170630;100000;124;124;124;124;4;0
КузбТК ао;60;20170630;110000;124.5;124.5;124.5;124.5;1;0
КузбТК ао;60;20170630;120000;124.9;124.9;124.9;124.9;5;0
КузбТК ао;60;20170630;130000;124.6;124.6;124;124;77;0
КузбТК ао;60;20170630;160000;118.8;124;118.3;124;203;0
КузбТК ао;60;20170630;180000;122;122;122;122;1;0
КузбТК ао;60;20170703;100000;115.4;119.1;115.4;118;6;0
КузбТК ао;60;20170703;110000;117.5;118;116.8;118;7;0
КузбТК ао;60;20170703;120000;124;124;73.2;112.1;457;0
КузбТК ао;60;20170703;130000;112;115;112;115;198;0
КузбТК ао;60;20170703;140000;115.1;115.5;115;115.5;8;0
КузбТК ао;60;20170703;160000;116.4;118;115.9;115.9;351;0
КузбТК ао;60;20170703;180000;117.8;118;116.3;116.3;67;0
КузбТК ао;60;20170704;180000;117.7;117.7;117.7;117.7;1;0
КузбТК ао;60;20170705;140000;115.8;115.8;115.8;115.8;3;0
КузбТК ао;60;20170705;150000;116;116;116;116;1;0
КузбТК ао;60;20170705;180000;115;115;115;115;3;0
КузбТК ао;60;20170706;100000;116;117.7;116;117.7;4462;0
КузбТК ао;60;20170706;110000;120;120;120;120;788;0
КузбТК ао;60;20170706;120000;120;120;120;120;1886;0
КузбТК ао;60;20170707;100000;115.8;118;112;118;21;0
КузбТК ао;60;20170707;120000;116.1;116.1;116.1;116.1;3;0
КузбТК ао;60;20170707;150000;117.9;117.9;117.9;117.9;2;0
КузбТК ао;60;20170707;170000;117.9;117.9;117.9;117.9;3;0
КузбТК ао;60;20170710;130000;119.3;120;119.3;120;670;0
КузбТК ао;60;20170710;150000;120;120;120;120;1;0
КузбТК ао;60;20170712;180000;119.9;119.9;119.9;119.9;1;0
КузбТК ао;60;20170713;140000;119.9;120;119.9;120;420;0
КузбТК ао;60;20170713;160000;120;128;120;128;364;0
КузбТК ао;60;20170713;170000;128;135;121.2;121.2;639;0
КузбТК ао;60;20170713;180000;127.6;129.4;115.5;118;429;0
КузбТК ао;60;20170714;100000;121.2;121.2;118;118;18;0
КузбТК ао;60;20170714;120000;118.3;118.3;117.9;117.9;2;0
КузбТК ао;60;20170714;160000;118;118;118;118;5;0
КузбТК ао;60;20170717;100000;120.1;122.1;120;122.1;3;0
КузбТК ао;60;20170717;110000;115.8;117.3;115.8;117.3;2;0
КузбТК ао;60;20170717;130000;118;120;118;120;439;0
КузбТК ао;60;20170717;140000;120.1;120.1;120.1;120.1;3;0
КузбТК ао;60;20170717;170000;121.9;126.2;120.8;120.8;7;0
КузбТК ао;60;20170717;180000;122;122;120.5;120.5;3;0
КузбТК ао;60;20170718;140000;121.7;121.7;121.5;121.5;37;0
КузбТК ао;60;20170718;180000;121.6;121.6;121.6;121.6;4;0
КузбТК ао;60;20170719;150000;123.7;135;123.7;123.8;121;0
КузбТК ао;60;20170719;160000;123;123.4;123;123.4;75;0
КузбТК ао;60;20170719;170000;124.3;124.3;124.3;124.3;1;0
КузбТК ао;60;20170720;130000;134;134;128;128;19;0
КузбТК ао;60;20170720;140000;134.8;134.8;134.8;134.8;1;0
КузбТК ао;60;20170720;170000;134.8;134.8;134.8;134.8;4;0
КузбТК ао;60;20170721;120000;134;134.7;134;134.7;3;0
КузбТК ао;60;20170721;170000;132.5;132.5;131.6;131.6;25;0
КузбТК ао;60;20170724;110000;134.8;138;134.8;138;525;0
КузбТК ао;60;20170724;120000;138;138;138;138;2;0
КузбТК ао;60;20170724;130000;136.6;136.6;133.6;133.6;492;0
КузбТК ао;60;20170724;140000;133.7;133.9;133.6;133.6;441;0
КузбТК ао;60;20170724;150000;137;137.2;137;137.2;300;0
КузбТК ао;60;20170724;160000;132.1;132.1;132.1;132.1;4;0
КузбТК ао;60;20170725;150000;131.1;131.2;131.1;131.2;5;0
КузбТК ао;60;20170725;160000;131.5;131.5;131.3;131.3;4;0
КузбТК ао;60;20170725;180000;133.6;134.9;133.6;134.9;7;0
КузбТК ао;60;20170726;110000;138;138;138;138;1;0
КузбТК ао;60;20170726;140000;135.4;138;135.2;135.2;10;0
КузбТК ао;60;20170726;150000;135.3;135.3;135.3;135.3;2;0
КузбТК ао;60;20170727;100000;138.7;138.7;136;136.5;9;0
КузбТК ао;60;20170727;120000;136.5;136.5;136.5;136.5;6;0
КузбТК ао;60;20170728;100000;133.4;134;130.1;130.2;1300;0
КузбТК ао;60;20170728;110000;132.1;140;132;134.8;3059;0
КузбТК ао;60;20170728;120000;144.5;144.5;141.3;141.3;6;0
КузбТК ао;60;20170728;140000;136.6;136.6;136.6;136.6;3;0
КузбТК ао;60;20170728;150000;136.7;136.7;136.5;136.5;7;0
КузбТК ао;60;20170728;160000;136.6;136.6;136.6;136.6;48;0
КузбТК ао;60;20170728;180000;136.3;136.3;136.3;136.3;2;0
КузбТК ао;60;20170731;100000;136.4;136.4;136.4;136.4;2;0
КузбТК ао;60;20170731;110000;136.6;136.6;136.6;136.6;1;0
КузбТК ао;60;20170731;120000;136.8;136.8;134.6;134.6;210;0
КузбТК ао;60;20170801;120000;142;142;142;142;1;0
КузбТК ао;60;20170801;140000;138.5;139;138.5;139;16;0
КузбТК ао;60;20170801;150000;139;139;139;139;1;0
КузбТК ао;60;20170802;100000;138.5;138.5;138.5;138.5;6;0
КузбТК ао;60;20170802;110000;138.5;138.5;135;135;15;0
КузбТК ао;60;20170802;140000;137.5;138.5;137.5;138.5;4;0
КузбТК ао;60;20170802;180000;138;138;138;138;1;0
КузбТК ао;60;20170803;100000;135.5;135.5;134;134;476;0
КузбТК ао;60;20170803;110000;135;144;135;144;590;0
КузбТК ао;60;20170803;120000;143.5;143.5;140;140;493;0
КузбТК ао;60;20170803;130000;139;139.5;139;139.5;65;0
КузбТК ао;60;20170803;140000;139.5;139.5;139.5;139.5;2;0
КузбТК ао;60;20170803;160000;136;138;135;135;38;0
КузбТК ао;60;20170803;170000;137.5;138;137.5;138;224;0
КузбТК ао;60;20170803;180000;139;139;139;139;67;0
КузбТК ао;60;20170804;100000;139.5;141;139.5;139.5;12;0
КузбТК ао;60;20170804;110000;139;139;139;139;1;0
КузбТК ао;60;20170804;120000;139;139;139;139;21;0
КузбТК ао;60;20170804;150000;138;138.5;138;138.5;4;0
КузбТК ао;60;20170804;180000;138.5;139;138.5;139;8;0
КузбТК ао;60;20170807;100000;139;140;139;139.5;9;0
КузбТК ао;60;20170807;110000;140;140;140;140;3828;0
КузбТК ао;60;20170807;140000;136.5;136.5;136;136;28;0
КузбТК ао;60;20170807;170000;135.5;135.5;135.5;135.5;1;0
КузбТК ао;60;20170807;180000;134.5;136.5;134;136;33;0
КузбТК ао;60;20170808;110000;136;136;136;136;11;0
КузбТК ао;60;20170808;140000;135;135;135;135;68;0
КузбТК ао;60;20170808;150000;135;135;135;135;10;0
КузбТК ао;60;20170808;160000;135;135;135;135;10;0
КузбТК ао;60;20170809;100000;135.5;135.5;133;134;4;0
КузбТК ао;60;20170809;160000;133;135;133;135;12;0
КузбТК ао;60;20170809;170000;134.5;134.5;134.5;134.5;4;0
КузбТК ао;60;20170809;180000;137;137;137;137;1;0
КузбТК ао;60;20170810;110000;137.5;137.5;137;137;388;0
КузбТК ао;60;20170810;130000;133.5;134.5;132;132.5;266;0
КузбТК ао;60;20170810;140000;132.5;136.5;132;136.5;117;0
КузбТК ао;60;20170810;160000;134;134;133;133;229;0
КузбТК ао;60;20170810;170000;132.5;132.5;128;128.5;2143;0
КузбТК ао;60;20170810;180000;129;131;129;131;5;0
КузбТК ао;60;20170811;100000;132.5;139;132.5;139;5130;0
КузбТК ао;60;20170811;110000;136;136;130;130;5;0
КузбТК ао;60;20170811;120000;134;134;132;132;2;0
КузбТК ао;60;20170811;130000;131;131;131;131;6;0
КузбТК ао;60;20170811;150000;130;130;130;130;2;0
КузбТК ао;60;20170811;180000;131.5;132.5;131.5;132.5;11;0
КузбТК ао;60;20170814;100000;131;137;131;137;100;0
КузбТК ао;60;20170814;110000;137;137;137;137;21;0
КузбТК ао;60;20170814;130000;137;137;137;137;10;0
КузбТК ао;60;20170814;140000;137;137;137;137;1;0
КузбТК ао;60;20170814;150000;137;137;137;137;12;0
КузбТК ао;60;20170814;160000;137;137;137;137;1;0
КузбТК ао;60;20170814;170000;137;137;137;137;41;0
КузбТК ао;60;20170814;180000;137.5;138.5;137.5;138.5;2;0
КузбТК ао;60;20170815;100000;127;142;127;140;39;0
КузбТК ао;60;20170815;140000;141;142;141;142;4;0
КузбТК ао;60;20170815;160000;140.5;140.5;140.5;140.5;91;0
КузбТК ао;60;20170815;170000;141.5;141.5;141.5;141.5;1;0
КузбТК ао;60;20170815;180000;141;141;140.5;140.5;3;0
КузбТК ао;60;20170816;110000;141;141;140.5;140.5;44;0
КузбТК ао;60;20170816;120000;141;141;141;141;2;0
КузбТК ао;60;20170816;130000;140;140;140;140;1;0
КузбТК ао;60;20170816;150000;136.5;138;131;138;191;0
КузбТК ао;60;20170816;160000;138.5;138.5;138;138;4;0
КузбТК ао;60;20170816;170000;137;137;131;131;30;0
КузбТК ао;60;20170816;180000;136;139;136;139;7;0
КузбТК ао;60;20170817;100000;136.5;137;136.5;137;13;0
КузбТК ао;60;20170817;130000;136;136;136;136;1;0
КузбТК ао;60;20170817;170000;135.5;138;135;138;2201;0
КузбТК ао;60;20170817;180000;138;138;138;138;36;0
КузбТК ао;60;20170818;100000;137.5;140.5;137.5;140.5;1421;0
КузбТК ао;60;20170818;110000;139;139;139;139;8;0
КузбТК ао;60;20170818;150000;139;139;136.5;136.5;16;0
КузбТК ао;60;20170821;160000;140;140;140;140;1;0
КузбТК ао;60;20170822;100000;128.5;144;127;135.5;176;0
КузбТК ао;60;20170822;110000;138;138;138;138;1;0
КузбТК ао;60;20170822;120000;135.5;136;135.5;136;11;0
КузбТК ао;60;20170822;130000;137.5;142;137.5;141;33;0
КузбТК ао;60;20170822;140000;141.5;141.5;135;135;117;0
КузбТК ао;60;20170822;160000;138.5;138.5;138.5;138.5;1;0
КузбТК ао;60;20170822;170000;137.5;137.5;137.5;137.5;1;0
КузбТК ао;60;20170823;110000;141;141;141;141;1;0
КузбТК ао;60;20170823;160000;136.5;138;136.5;138;2;0
КузбТК ао;60;20170824;140000;139.5;139.5;130;134;104;0
КузбТК ао;60;20170824;160000;135.5;137;135.5;137;10;0
КузбТК ао;60;20170824;170000;136.5;136.5;136.5;136.5;1;0
КузбТК ао;60;20170824;180000;133.5;133.5;133.5;133.5;2;0
КузбТК ао;60;20170825;100000;136;137;136;137;7;0
КузбТК ао;60;20170825;140000;137;137;137;137;6;0
КузбТК ао;60;20170828;100000;137;137;137;137;4;0
КузбТК ао;60;20170828;170000;136;136;136;136;4;0
КузбТК ао;60;20170828;180000;134;134;133;133;3;0
КузбТК ао;60;20170829;100000;137;137;137;137;2;0
КузбТК ао;60;20170829;120000;135;135;134;134;14;0
КузбТК ао;60;20170829;140000;134.5;134.5;134;134;3;0
КузбТК ао;60;20170829;170000;137;138;137;138;7;0
КузбТК ао;60;20170830;090000;137;137;137;137;3;0
КузбТК ао;60;20170830;110000;138;138;138;138;1;0
КузбТК ао;60;20170830;120000;136;137;136;137;8;0
КузбТК ао;60;20170830;180000;136;136;136;136;7;0
КузбТК ао;60;20170831;100000;138.5;138.5;134;137.5;13;0
КузбТК ао;60;20170831;140000;134.5;135;134.5;135;11;0
КузбТК ао;60;20170831;160000;134;134;134;134;9;0
КузбТК ао;60;20170831;170000;134;137;133.5;137;103;0
КузбТК ао;60;20170901;110000;134.5;136.5;134.5;136.5;99;0
КузбТК ао;60;20170901;170000;135;135;135;135;1;0
КузбТК ао;60;20170904;120000;135;135;135;135;2;0
КузбТК ао;60;20170905;100000;135.5;135.5;135;135;8;0
КузбТК ао;60;20170905;130000;133.5;134;133.5;134;9;0
КузбТК ао;60;20170905;140000;133.5;133.5;132;133;12;0
КузбТК ао;60;20170905;160000;133.5;133.5;130.5;130.5;66;0
КузбТК ао;60;20170905;180000;132.5;132.5;132.5;132.5;1;0
КузбТК ао;60;20170906;100000;134;135;133.5;135;11;0
КузбТК ао;60;20170906;120000;134;134;133.5;133.5;3;0
КузбТК ао;60;20170906;130000;134.5;134.5;134.5;134.5;1;0
КузбТК ао;60;20170906;150000;133.5;133.5;133.5;133.5;1;0
КузбТК ао;60;20170906;170000;133;133;126;131;105;0
КузбТК ао;60;20170906;180000;130;130;130;130;2;0
КузбТК ао;60;20170907;130000;127;132;127;130;21;0
КузбТК ао;60;20170907;140000;132;132.5;130;130;8;0
КузбТК ао;60;20170908;110000;129;129;129;129;7;0
КузбТК ао;60;20170908;130000;125;125;124.5;125;12;0
КузбТК ао;60;20170908;140000;124;124;121;124;121;0
КузбТК ао;60;20170908;150000;124;124;124;124;1;0
КузбТК ао;60;20170908;170000;123.5;123.5;123.5;123.5;11;0
КузбТК ао;60;20170908;180000;123;123;123;123;11;0
КузбТК ао;60;20170911;100000;131.5;131.5;131.5;131.5;1;0
КузбТК ао;60;20170911;110000;125;125;123;123;5;0
КузбТК ао;60;20170911;120000;123;123;123;123;1;0
КузбТК ао;60;20170912;110000;123.5;123.5;123.5;123.5;1;0
КузбТК ао;60;20170912;150000;123;124;120;124;501;0
КузбТК ао;60;20170912;160000;122;122;122;122;1;0
КузбТК ао;60;20170912;170000;123.5;125.5;123.5;125.5;12;0
КузбТК ао;60;20170912;180000;123;123;120;120;21;0
КузбТК ао;60;20170913;100000;125.5;133;125.5;129;187;0
КузбТК ао;60;20170913;150000;124.5;126.5;120;122;209;0
КузбТК ао;60;20170913;160000;123.5;124;121;124;14;0
КузбТК ао;60;20170913;170000;123;125;123;125;5;0
КузбТК ао;60;20170914;100000;126;127;123.5;127;33;0
КузбТК ао;60;20170914;110000;127;127;127;127;1;0
КузбТК ао;60;20170914;120000;127;135;126.5;130.5;421;0
КузбТК ао;60;20170914;140000;130.5;130.5;130.5;130.5;1;0
КузбТК ао;60;20170914;150000;130.5;130.5;130.5;130.5;2;0
КузбТК ао;60;20170914;160000;130.5;130.5;129;129;3;0
КузбТК ао;60;20170914;170000;128.5;128.5;128;128;3;0
КузбТК ао;60;20170914;180000;128.5;128.5;128.5;128.5;1;0
КузбТК ао;60;20170915;110000;129;129;128;128;13;0
КузбТК ао;60;20170915;130000;128;128;128;128;1;0
КузбТК ао;60;20170915;180000;130.5;130.5;130.5;130.5;1;0
КузбТК ао;60;20170918;110000;131.5;132;131.5;132;11;0
КузбТК ао;60;20170918;160000;129.5;129.5;129.5;129.5;2;0
КузбТК ао;60;20170918;180000;131;131;131;131;2;0
КузбТК ао;60;20170919;110000;130.5;131.5;130.5;131;217;0
КузбТК ао;60;20170919;120000;128.5;130;128.5;130;2;0
КузбТК ао;60;20170919;130000;130;131;130;131;200;0
КузбТК ао;60;20170919;160000;130.5;131;127;127;629;0
КузбТК ао;60;20170919;170000;128;128;126.5;126.5;2;0
КузбТК ао;60;20170919;180000;126.5;126.5;126;126.5;146;0
КузбТК ао;60;20170920;100000;129;130;126;126;148;0
КузбТК ао;60;20170920;110000;126;126;126;126;54;0
КузбТК ао;60;20170920;120000;126;130;126;126;599;0
КузбТК ао;60;20170920;130000;126;126;126;126;47;0
КузбТК ао;60;20170920;140000;125.5;126;120.5;125;1701;0
КузбТК ао;60;20170920;150000;124;124;124;124;1;0
КузбТК ао;60;20170920;160000;123;123;120.5;120.5;437;0
КузбТК ао;60;20170920;170000;124;129.5;124;127;587;0
КузбТК ао;60;20170920;180000;126;128.5;126;128.5;5;0
КузбТК ао;60;20170921;110000;126.5;126.5;126;126;34;0
КузбТК ао;60;20170921;130000;127;127;127;127;1;0
КузбТК ао;60;20170921;140000;126;127;126;127;2;0
КузбТК ао;60;20170921;170000;126;126;126;126;1;0
КузбТК ао;60;20170922;110000;124;124;121.5;121.5;8;0
КузбТК ао;60;20170922;120000;125;125;125;125;1;0
КузбТК ао;60;20170922;130000;125.5;125.5;125.5;125.5;8;0
КузбТК ао;60;20170922;180000;124.5;125;124.5;125;55;0
КузбТК ао;60;20170925;110000;125;126;125;126;60;0
КузбТК ао;60;20170925;120000;125.5;125.5;125.5;125.5;1;0
КузбТК ао;60;20170925;180000;125;126;125;126;113;0
КузбТК ао;60;20170926;100000;128.5;128.5;128.5;128.5;1;0
КузбТК ао;60;20170926;120000;127;127;125;127;16;0
КузбТК ао;60;20170926;180000;127;127;127;127;1;0
КузбТК ао;60;20170927;100000;128.5;128.5;128.5;128.5;1;0
КузбТК ао;60;20170927;110000;126.5;127.5;122;127.5;38;0
КузбТК ао;60;20170927;120000;125;127.5;124;127.5;11;0
КузбТК ао;60;20170927;130000;126;126;122;123;7;0
КузбТК ао;60;20170927;140000;123.5;127.5;123.5;125;28;0
КузбТК ао;60;20170927;150000;127;127;122;126.5;69;0
КузбТК ао;60;20170927;180000;122.5;122.5;122.5;122.5;3;0
КузбТК ао;60;20170928;100000;121.5;121.5;117.5;118;38;0
КузбТК ао;60;20170928;110000;119;120;118;118;417;0
КузбТК ао;60;20170928;120000;120;120;119.5;119.5;5;0
КузбТК ао;60;20170928;170000;118;118.5;117;118.5;31;0
КузбТК ао;60;20170928;180000;118.5;118.5;118.5;118.5;5;0
КузбТК ао;60;20170929;100000;120;120;120;120;2;0
КузбТК ао;60;20170929;150000;119.5;119.5;119.5;119.5;1;0
КузбТК ао;60;20170929;160000;119.5;120;119.5;120;112;0
КузбТК ао;60;20170929;170000;119;120;118;120;22;0
КузбТК ао;60;20171002;100000;120;127.5;120;124.5;804;0
КузбТК ао;60;20171002;110000;122;124;120;123.5;22;0
КузбТК ао;60;20171002;120000;120;120;120;120;1;0
КузбТК ао;60;20171002;140000;119.5;119.5;119.5;119.5;14;0
КузбТК ао;60;20171002;150000;119;120;118;120;14;0
КузбТК ао;60;20171002;160000;120;120;120;120;400;0
КузбТК ао;60;20171002;180000;120;120;120;120;1;0
КузбТК ао;60;20171003;100000;124.5;126.5;120;120;5;0
КузбТК ао;60;20171003;110000;119.5;120;119.5;120;2;0
КузбТК ао;60;20171003;140000;119.5;120;119;120;11;0
КузбТК ао;60;20171003;150000;120;120;120;120;1;0
КузбТК ао;60;20171003;180000;120;120;120;120;100;0
КузбТК ао;60;20171004;100000;119;119;119;119;1;0
КузбТК ао;60;20171004;110000;118;120;116.5;120;31;0
КузбТК ао;60;20171004;120000;118.5;118.5;118;118.5;4;0
КузбТК ао;60;20171004;130000;118;118.5;118;118.5;26;0
КузбТК ао;60;20171004;150000;117;118.5;116.5;118.5;5;0
КузбТК ао;60;20171004;160000;117.5;118.5;117.5;118.5;3;0
КузбТК ао;60;20171004;180000;118.5;118.5;118.5;118.5;1;0
КузбТК ао;60;20171005;110000;117.5;118.5;117.5;118.5;2;0
КузбТК ао;60;20171006;100000;116.5;116.5;114.5;116.5;10;0
КузбТК ао;60;20171006;110000;115.5;116.5;115.5;116.5;3;0
КузбТК ао;60;20171006;120000;115.5;115.5;114.5;114.5;33;0
КузбТК ао;60;20171006;130000;114;115.5;114;115.5;34;0
КузбТК ао;60;20171006;150000;115.5;116.5;115.5;116.5;41;0
КузбТК ао;60;20171006;170000;116.5;116.5;116.5;116.5;5;0
КузбТК ао;60;20171006;180000;116.5;117;116.5;117;46;0
КузбТК ао;60;20171009;100000;117;117;116;116;11;0
КузбТК ао;60;20171009;110000;117;117;115.5;115.5;11;0
КузбТК ао;60;20171009;130000;115;115;115;115;20;0
КузбТК ао;60;20171009;140000;114.5;115;111.5;114.5;75;0
КузбТК ао;60;20171009;160000;114;118;114;115;627;0
КузбТК ао;60;20171009;170000;116;118;115;116.5;13;0
КузбТК ао;60;20171009;180000;117.5;117.5;117.5;117.5;2;0
КузбТК ао;60;20171010;100000;117;117.5;117;117.5;7;0
КузбТК ао;60;20171010;110000;117.5;118;117.5;118;8;0
КузбТК ао;60;20171010;120000;118;119;117.5;118.5;43;0
КузбТК ао;60;20171010;140000;118;118.5;118;118.5;2;0
КузбТК ао;60;20171010;160000;117.5;118.5;116.5;116.5;14;0
КузбТК ао;60;20171010;170000;118;118.5;116.5;118.5;22;0
КузбТК ао;60;20171010;180000;118;119;118;119;5;0
КузбТК ао;60;20171011;100000;119;129.5;116;126;1170;0
КузбТК ао;60;20171011;110000;126;126.5;121.5;124;403;0
КузбТК ао;60;20171011;120000;123;124.5;123;124.5;11;0
КузбТК ао;60;20171011;130000;123;123;122.5;122.5;2;0
КузбТК ао;60;20171011;140000;124;124;124;124;1;0
КузбТК ао;60;20171011;150000;122.5;124;122;124;9;0
КузбТК ао;60;20171011;160000;122;124;122;123.5;23;0
КузбТК ао;60;20171011;170000;123.5;123.5;122.5;123.5;58;0
КузбТК ао;60;20171011;180000;124;124;124;124;5;0
КузбТК ао;60;20171012;110000;123.5;124;123.5;124;4;0
КузбТК ао;60;20171012;150000;124;126;122;126;26;0
КузбТК ао;60;20171012;160000;122;123;122;123;2;0
КузбТК ао;60;20171012;170000;121.5;121.5;121.5;121.5;12;0
КузбТК ао;60;20171012;180000;122.5;122.5;122.5;122.5;10;0
КузбТК ао;60;20171013;100000;127.5;128;125;125;3;0
КузбТК ао;60;20171013;110000;123;123.5;123;123.5;2;0
КузбТК ао;60;20171016;100000;125;125;125;125;2;0
КузбТК ао;60;20171016;110000;125.5;125.5;122;122;345;0
КузбТК ао;60;20171016;130000;122.5;122.5;122;122;383;0
КузбТК ао;60;20171016;170000;122;122;122;122;11;0
КузбТК ао;60;20171017;150000;121.5;121.5;121.5;121.5;3;0
КузбТК ао;60;20171017;160000;121;121;121;121;1;0
КузбТК ао;60;20171017;170000;120.5;120.5;120.5;120.5;9;0
КузбТК ао;60;20171019;110000;120.5;120.5;120.5;120.5;1;0
КузбТК ао;60;20171019;170000;120.5;120.5;120;120;9;0
КузбТК ао;60;20171019;180000;120;120;120;120;2;0
КузбТК ао;60;20171020;120000;122;122;122;122;9;0
КузбТК ао;60;20171020;130000;122;122;122;122;1;0
КузбТК ао;60;20171020;140000;122;122;122;122;48;0
КузбТК ао;60;20171020;150000;122;122;122;122;1;0
КузбТК ао;60;20171023;110000;121;121;120;120;300;0
КузбТК ао;60;20171023;130000;119.5;119.5;119.5;119.5;2;0
КузбТК ао;60;20171023;150000;119.5;119.5;119;119;25;0
КузбТК ао;60;20171023;170000;121;121.5;121;121.5;2;0
КузбТК ао;60;20171024;100000;121;121;121;121;2;0
КузбТК ао;60;20171024;130000;121;121;120;120;4;0
КузбТК ао;60;20171024;160000;121;121;121;121;15;0
КузбТК ао;60;20171025;100000;123.5;124;120;120;364;0
КузбТК ао;60;20171025;130000;120.5;122;119.5;122;358;0
КузбТК ао;60;20171025;150000;122;122;122;122;50;0
КузбТК ао;60;20171025;180000;122;122;122;122;10;0
КузбТК ао;60;20171026;120000;122.5;124.5;122;122;12;0
КузбТК ао;60;20171026;150000;122;122;122;122;12;0
КузбТК ао;60;20171026;180000;122;122;122;122;2;0
КузбТК ао;60;20171027;110000;123;123;123;123;143;0
КузбТК ао;60;20171027;120000;123;123;123;123;60;0
КузбТК ао;60;20171027;130000;123;123;122.5;123;29;0
КузбТК ао;60;20171027;150000;123;123;123;123;69;0
КузбТК ао;60;20171027;170000;124;124;124;124;1;0
КузбТК ао;60;20171027;180000;122.5;124;122.5;124;2346;0
КузбТК ао;60;20171030;100000;122.5;128.5;122.5;128.5;37;0
КузбТК ао;60;20171030;110000;126.5;128;125;125;55;0
КузбТК ао;60;20171030;120000;125;128.5;125;128.5;21;0
КузбТК ао;60;20171030;130000;127.5;128.5;126.5;128.5;12;0
КузбТК ао;60;20171030;140000;128;128.5;126.5;126.5;98;0
КузбТК ао;60;20171030;150000;128.5;132;128;132;145;0
КузбТК ао;60;20171030;160000;131.5;133;131.5;133;118;0
КузбТК ао;60;20171030;170000;131;134;127.5;134;349;0
КузбТК ао;60;20171030;180000;133.5;133.5;130;132;8;0
КузбТК ао;60;20171031;100000;137.5;137.5;130;130;200;0
КузбТК ао;60;20171031;110000;134;135.5;130;130;517;0
КузбТК ао;60;20171031;120000;131;134;130;131;393;0
КузбТК ао;60;20171031;150000;130.5;130.5;130;130;9;0
КузбТК ао;60;20171031;160000;128.5;129.5;128.5;129.5;9;0
КузбТК ао;60;20171031;170000;129.5;129.5;129.5;129.5;1;0
КузбТК ао;60;20171031;180000;129.5;135;129.5;131.5;85;0
КузбТК ао;60;20171101;120000;129.5;129.5;129.5;129.5;3;0
КузбТК ао;60;20171101;130000;129.5;129.5;129;129;23;0
КузбТК ао;60;20171101;160000;132;132;132;132;5;0
КузбТК ао;60;20171102;100000;131.5;132;131.5;132;9;0
КузбТК ао;60;20171102;110000;132;132;132;132;3;0
КузбТК ао;60;20171102;120000;131.5;131.5;131.5;131.5;33;0
КузбТК ао;60;20171102;150000;132.5;132.5;128.5;128.5;936;0
КузбТК ао;60;20171102;160000;128.5;128.5;126.5;126.5;27;0
КузбТК ао;60;20171102;170000;127;127;127;127;6;0
КузбТК ао;60;20171102;180000;126;130;126;130;1016;0
КузбТК ао;60;20171103;110000;131;131;131;131;1;0
КузбТК ао;60;20171103;120000;132;133;132;133;7;0
КузбТК ао;60;20171103;130000;134.5;135;134.5;135;3;0
КузбТК ао;60;20171103;160000;134;134;134;134;1;0
КузбТК ао;60;20171103;180000;132;132;131.5;131.5;23;0
КузбТК ао;60;20171107;130000;133;135.5;133;135.5;24;0
КузбТК ао;60;20171107;150000;136;136;136;136;35;0
КузбТК ао;60;20171107;180000;136;136.5;136;136.5;3;0
КузбТК ао;60;20171108;100000;134.5;134.5;134.5;134.5;6;0
КузбТК ао;60;20171108;110000;134.5;137;134.5;137;38;0
КузбТК ао;60;20171108;120000;137;137;134;134;2150;0
КузбТК ао;60;20171108;130000;136;137;135.5;137;792;0
КузбТК ао;60;20171108;140000;136.5;137;136.5;137;8;0
КузбТК ао;60;20171108;160000;136.5;137;136.5;136.5;107;0
КузбТК ао;60;20171109;110000;136.5;142;136.5;142;67;0
КузбТК ао;60;20171109;120000;140;140;139;139;2;0
КузбТК ао;60;20171109;130000;145;145;138;138;10;0
КузбТК ао;60;20171109;150000;138;138;138;138;1;0
КузбТК ао;60;20171109;160000;138;138;138;138;7;0
КузбТК ао;60;20171109;170000;137.5;137.5;137.5;137.5;3;0
КузбТК ао;60;20171110;120000;137.5;137.5;130;134;93;0
КузбТК ао;60;20171110;150000;132.5;132.5;132.5;132.5;5;0
КузбТК ао;60;20171113;110000;131;132;129;130;18;0
КузбТК ао;60;20171113;150000;137;138;133.5;133.5;21;0
КузбТК ао;60;20171113;170000;132.5;132.5;132.5;132.5;19;0
КузбТК ао;60;20171114;130000;136.5;136.5;134;135.5;14;0
КузбТК ао;60;20171114;140000;136;136;136;136;1;0
КузбТК ао;60;20171114;160000;138;138;138;138;6;0
КузбТК ао;60;20171114;170000;137.5;138;137.5;138;2;0
КузбТК ао;60;20171114;180000;140.5;140.5;140;140;2;0
КузбТК ао;60;20171115;110000;139.5;139.5;138.5;138.5;32;0
КузбТК ао;60;20171115;120000;138.5;138.5;138.5;138.5;1;0
КузбТК ао;60;20171115;130000;139;139;139;139;1;0
КузбТК ао;60;20171115;140000;139;139;139;139;7;0
КузбТК ао;60;20171115;150000;139;139;139;139;6;0
КузбТК ао;60;20171116;110000;138.5;139;138.5;139;9;0
КузбТК ао;60;20171116;120000;136.5;136.5;136.5;136.5;1;0
КузбТК ао;60;20171116;130000;138;138;134.5;134.5;10;0
КузбТК ао;60;20171116;170000;135;135;135;135;1;0
КузбТК ао;60;20171116;180000;134.5;135;134.5;135;2;0
КузбТК ао;60;20171117;110000;134.5;134.5;134.5;134.5;1;0
КузбТК ао;60;20171117;170000;135;136.5;131.5;136.5;26;0
КузбТК ао;60;20171120;100000;139;139;137;138;101;0
КузбТК ао;60;20171120;130000;135.5;136;135.5;136;258;0
КузбТК ао;60;20171120;160000;136;137;135.5;135.5;235;0
КузбТК ао;60;20171121;100000;136;136;136;136;7;0
КузбТК ао;60;20171121;110000;135.5;135.5;135.5;135.5;2;0
КузбТК ао;60;20171121;120000;137.5;138;135.5;135.5;8;0
КузбТК ао;60;20171121;150000;139;139.5;139;139.5;32;0
КузбТК ао;60;20171121;160000;140;140;139.5;140;8;0
КузбТК ао;60;20171121;170000;139.5;139.5;136;136;23;0
КузбТК ао;60;20171122;130000;138.5;139;138.5;139;12;0
КузбТК ао;60;20171122;150000;140.5;140.5;139.5;139.5;10;0
КузбТК ао;60;20171122;160000;141;143;139.5;139.5;16;0
КузбТК ао;60;20171122;170000;137;137;136.5;136.5;9;0
КузбТК ао;60;20171122;180000;138;138;136;136;4;0
КузбТК ао;60;20171123;110000;137;137;137;137;1;0
КузбТК ао;60;20171123;130000;137;137;137;137;3;0
КузбТК ао;60;20171123;140000;141.5;141.5;141.5;141.5;2;0
КузбТК ао;60;20171123;180000;139.5;139.5;139.5;139.5;6;0
КузбТК ао;60;20171124;120000;143;143;143;143;5;0
КузбТК ао;60;20171124;140000;140;143;140;143;44;0
КузбТК ао;60;20171124;150000;144.5;144.5;142.5;144;123;0
КузбТК ао;60;20171124;160000;143.5;144;143.5;144;69;0
КузбТК ао;60;20171124;170000;144.5;151.5;144.5;146;58;0
КузбТК ао;60;20171124;180000;148.5;149;148.5;149;3;0
КузбТК ао;60;20171127;090000;149;149;149;149;20;0
КузбТК ао;60;20171127;100000;149;150;143.5;144.5;1155;0
КузбТК ао;60;20171127;110000;144;144;142.5;142.5;14;0
КузбТК ао;60;20171127;120000;141.5;141.5;141.5;141.5;2;0
КузбТК ао;60;20171127;130000;141.5;142.5;140;141;17;0
КузбТК ао;60;20171127;140000;141.5;141.5;138;138.5;57;0
КузбТК ао;60;20171127;150000;141;141;139.5;139.5;7;0
КузбТК ао;60;20171127;160000;140.5;140.5;136.5;137.5;157;0
КузбТК ао;60;20171127;170000;139.5;139.5;139.5;139.5;2;0
КузбТК ао;60;20171127;180000;139.5;139.5;137.5;138;93;0
КузбТК ао;60;20171128;100000;138.5;139;138.5;139;2;0
КузбТК ао;60;20171128;130000;138;138;135.5;135.5;50;0
КузбТК ао;60;20171128;170000;136;136;136;136;1;0
КузбТК ао;60;20171128;180000;135.5;135.5;135;135;63;0
КузбТК ао;60;20171129;100000;135;135;134;134;33;0
КузбТК ао;60;20171129;130000;136;136;136;136;4;0
КузбТК ао;60;20171129;150000;134.5;134.5;134;134;5;0
КузбТК ао;60;20171129;160000;135;135;130;135;3070;0
КузбТК ао;60;20171129;180000;135;135;135;135;1;0
КузбТК ао;60;20171130;100000;133.5;133.5;133.5;133.5;3;0
КузбТК ао;60;20171130;120000;134.5;135;134.5;135;8;0
КузбТК ао;60;20171130;180000;136;136;136;136;14;0
КузбТК ао;60;20171201;100000;136.5;141;136.5;140;20;0
КузбТК ао;60;20171201;140000;141;142;141;142;3;0
КузбТК ао;60;20171201;150000;142.5;149;142.5;148.5;109;0
КузбТК ао;60;20171201;160000;142;147;141.5;144;22;0
КузбТК ао;60;20171201;170000;143;143;143;143;1;0
КузбТК ао;60;20171201;180000;144.5;144.5;144.5;144.5;1;0
КузбТК ао;60;20171204;100000;135;144.5;135;144.5;30;0
КузбТК ао;60;20171204;110000;140;142;140;142;10;0
КузбТК ао;60;20171204;150000;141;150;141;150;154;0
КузбТК ао;60;20171204;160000;142.5;148;142.5;144;5;0
КузбТК ао;60;20171204;170000;142.5;142.5;142;142;8;0
КузбТК ао;60;20171204;180000;143.5;143.5;143.5;143.5;1;0
КузбТК ао;60;20171205;100000;137.5;137.5;137;137;3;0
КузбТК ао;60;20171205;110000;144.5;148.5;144.5;148.5;60;0
КузбТК ао;60;20171205;120000;144;148;142.5;144.5;433;0
КузбТК ао;60;20171205;160000;144.5;144.5;144.5;144.5;2;0
КузбТК ао;60;20171205;180000;147;148;147;148;618;0
КузбТК ао;60;20171206;100000;141.5;141.5;141.5;141.5;6;0
КузбТК ао;60;20171206;120000;148;148;148;148;1;0
КузбТК ао;60;20171206;130000;146.5;146.5;146.5;146.5;1;0
КузбТК ао;60;20171206;150000;146.5;146.5;144;144;15;0
КузбТК ао;60;20171206;160000;142.5;142.5;141;141;20;0
КузбТК ао;60;20171206;170000;141;141;141;141;7;0
КузбТК ао;60;20171206;180000;141;141;141;141;31;0
КузбТК ао;60;20171207;100000;142;142;142;142;1;0
КузбТК ао;60;20171207;120000;143;147;143;147;340;0
КузбТК ао;60;20171207;140000;143.5;143.5;143;143;2;0
КузбТК ао;60;20171207;160000;143.5;143.5;143.5;143.5;1;0
КузбТК ао;60;20171207;170000;143.5;143.5;143.5;143.5;6;0
КузбТК ао;60;20171207;180000;142.5;142.5;142.5;142.5;8;0
КузбТК ао;60;20171208;120000;145.5;145.5;144;144;2;0
КузбТК ао;60;20171208;170000;144.5;147.5;144.5;144.5;39;0
КузбТК ао;60;20171208;180000;145.5;148;145.5;148;8;0
КузбТК ао;60;20171211;110000;148;148;148;148;1;0
КузбТК ао;60;20171211;120000;148;148;148;148;5;0
КузбТК ао;60;20171211;130000;149;149;149;149;2;0
КузбТК ао;60;20171211;140000;148.5;148.5;148;148;82;0
КузбТК ао;60;20171211;150000;143;145;143;145;5;0
КузбТК ао;60;20171211;170000;145;145;145;145;1;0
КузбТК ао;60;20171212;120000;144.5;144.5;144;144;10;0
КузбТК ао;60;20171212;130000;144.5;144.5;142;142;100;0
КузбТК ао;60;20171212;170000;141.5;141.5;140;140;37;0
КузбТК ао;60;20171212;180000;140;140;140;140;1;0
КузбТК ао;60;20171213;120000;142.5;144;141.5;141.5;22;0
КузбТК ао;60;20171213;130000;141.5;148;141.5;145.5;31;0
КузбТК ао;60;20171213;150000;141.5;142;139;139;57;0
КузбТК ао;60;20171213;160000;139;139;139;139;43;0
КузбТК ао;60;20171213;180000;139.5;139.5;139;139;5;0
КузбТК ао;60;20171214;100000;139;139;139;139;1;0
КузбТК ао;60;20171214;120000;140;145.5;138;138;127;0
КузбТК ао;60;20171214;130000;138;138;138;138;3;0
КузбТК ао;60;20171214;150000;138;142.5;138;138;33;0
КузбТК ао;60;20171214;160000;138;138;138;138;5;0
КузбТК ао;60;20171214;170000;138;139;138;139;19;0
КузбТК ао;60;20171215;100000;137.5;141;137.5;141;8;0
КузбТК ао;60;20171215;110000;141;141;139.5;139.5;16;0
КузбТК ао;60;20171215;120000;140;140;138.5;138.5;39;0
КузбТК ао;60;20171215;150000;138;138;138;138;56;0
КузбТК ао;60;20171215;160000;138;138;137.5;137.5;43;0
КузбТК ао;60;20171215;180000;138;138;138;138;1;0
КузбТК ао;60;20171218;100000;137.5;137.5;137;137;8;0
КузбТК ао;60;20171218;110000;137;137;137;137;2;0
КузбТК ао;60;20171218;120000;136.5;136.5;136;136;40;0
КузбТК ао;60;20171218;150000;136;136;135.5;135.5;18;0
КузбТК ао;60;20171218;160000;135.5;135.5;135.5;135.5;3;0
КузбТК ао;60;20171218;170000;135.5;136;135.5;136;77;0
КузбТК ао;60;20171218;180000;136;136;136;136;33;0
КузбТК ао;60;20171219;100000;135.5;136;135.5;136;10;0
КузбТК ао;60;20171219;110000;135;135;135;135;5;0
КузбТК ао;60;20171219;120000;135.5;136;135.5;136;5;0
КузбТК ао;60;20171219;130000;135;135;135;135;9;0
КузбТК ао;60;20171219;140000;135;135;135;135;1;0
КузбТК ао;60;20171219;160000;135.5;135.5;135;135;14;0
КузбТК ао;60;20171219;170000;135;135;135;135;1;0
КузбТК ао;60;20171219;180000;135;135;134.5;135;3;0
КузбТК ао;60;20171220;100000;134.5;134.5;134;134;20;0
КузбТК ао;60;20171220;120000;134;134;132.5;132.5;211;0
КузбТК ао;60;20171220;170000;133;133;133;133;1;0
КузбТК ао;60;20171220;180000;133;133;132.5;132.5;5;0
КузбТК ао;60;20171221;140000;133;133;133;133;392;0
КузбТК ао;60;20171221;150000;132.5;132.5;131.5;131.5;20;0
КузбТК ао;60;20171221;170000;132;141.5;132;132;23;0
КузбТК ао;60;20171221;180000;132;132;132;132;12;0
КузбТК ао;60;20171222;110000;132;132;131;131;8;0
КузбТК ао;60;20171222;150000;132;136.5;132;136.5;20;0
КузбТК ао;60;20171222;160000;133;133;133;133;1;0
КузбТК ао;60;20171222;170000;131;132;131;132;2;0
КузбТК ао;60;20171225;100000;132;132.5;132;132.5;8;0
КузбТК ао;60;20171225;110000;133;133.5;133;133;44;0
КузбТК ао;60;20171225;130000;132.5;140.5;132.5;135;9;0
КузбТК ао;60;20171225;150000;136;136;136;136;1;0
КузбТК ао;60;20171225;160000;133;133;133;133;20;0
КузбТК ао;60;20171225;170000;133;133;132.5;132.5;2;0
КузбТК ао;60;20171225;180000;131.5;131.5;131.5;131.5;10;0
КузбТК ао;60;20171226;110000;132.5;133;132.5;133;4;0
КузбТК ао;60;20171226;150000;131.5;132;131.5;132;17;0
КузбТК ао;60;20171226;160000;131.5;131.5;131;131;33;0
КузбТК ао;60;20171226;170000;131;131;131;131;2;0
КузбТК ао;60;20171226;180000;131;131;131;131;7;0
КузбТК ао;60;20171227;110000;131.5;136.5;131.5;133.5;110;0
КузбТК ао;60;20171227;120000;131.5;131.5;130.5;130.5;647;0
КузбТК ао;60;20171227;130000;131;131;130;130;8;0
КузбТК ао;60;20171227;160000;131.5;140;131.5;132;146;0
КузбТК ао;60;20171227;170000;132;140;131;131;1582;0
КузбТК ао;60;20171227;180000;132.5;146;132.5;132.5;297;0
КузбТК ао;60;20171228;100000;140;140;133;133;54;0
КузбТК ао;60;20171228;110000;133;133;132;133;74;0
КузбТК ао;60;20171228;120000;132;132;132;132;41;0
КузбТК ао;60;20171228;130000;131.5;131.5;131;131;22;0
КузбТК ао;60;20171228;140000;130;131.5;130;131.5;32;0
КузбТК ао;60;20171228;160000;131;131;130;130;41;0
КузбТК ао;60;20171228;170000;130;130;130;130;1182;0
КузбТК ао;60;20171228;180000;131.5;131.5;131.5;131.5;13;0
КузбТК ао;60;20171229;100000;130.5;130.5;129;129;32;0
КузбТК ао;60;20171229;110000;131;134;131;132;22;0
КузбТК ао;60;20171229;130000;133;133;133;133;1;0
КузбТК ао;60;20171229;140000;133;134;131;131;20;0
КузбТК ао;60;20171229;170000;133;133;133;133;2;0
