<TICKER>;<PER>;<DATE>;<TIME>;<OPEN>;<HIGH>;<LOW>;<CLOSE>;<VOL>;<OPENINT>
Кубанэнр;60;20170124;100000;97.2;97.6;97.2;97.3;2100;0
Кубанэнр;60;20170124;110000;97.5;97.5;97.5;97.5;7;0
Кубанэнр;60;20170124;120000;97.5;97.6;97.1;97.6;144;0
Кубанэнр;60;20170124;130000;97.6;97.6;97.6;97.6;10;0
Кубанэнр;60;20170124;150000;97.1;97.6;97.1;97.6;22;0
Кубанэнр;60;20170124;180000;97.1;97.4;90.1;93;2318;0
Кубанэнр;60;20170125;090000;94;94;94;94;166;0
Кубанэнр;60;20170125;100000;94;94.3;89;92.5;3354;0
Кубанэнр;60;20170125;120000;91.5;92;91.1;92;11;0
Кубанэнр;60;20170125;140000;92;92;92;92;1;0
Кубанэнр;60;20170125;150000;92;92.5;91.9;91.9;35;0
Кубанэнр;60;20170125;160000;92.1;92.1;91.9;91.9;36;0
Кубанэнр;60;20170125;170000;92;92.9;91;92.9;182;0
Кубанэнр;60;20170125;180000;92.1;92.2;90.6;92;86;0
Кубанэнр;60;20170126;100000;92;92.5;92;92.5;46;0
Кубанэнр;60;20170126;110000;92.9;93.5;92.5;93.5;85;0
Кубанэнр;60;20170126;120000;93.8;93.8;93.5;93.5;13;0
Кубанэнр;60;20170126;130000;93.8;95;93.8;95;88;0
Кубанэнр;60;20170126;140000;94.2;94.9;94.2;94.9;11;0
Кубанэнр;60;20170126;150000;94.1;94.1;92.2;93;165;0
Кубанэнр;60;20170126;160000;94;94.2;94;94.2;11;0
Кубанэнр;60;20170126;170000;92.1;92.5;90.1;92.5;109;0
Кубанэнр;60;20170126;180000;91.9;91.9;91.9;91.9;44;0
Кубанэнр;60;20170127;100000;91;92;90.5;90.5;346;0
Кубанэнр;60;20170127;110000;91.4;92;91.1;91.1;16;0
Кубанэнр;60;20170127;120000;91.9;91.9;91.5;91.9;10;0
Кубанэнр;60;20170127;130000;91.8;91.9;91.5;91.9;14;0
Кубанэнр;60;20170127;150000;92.4;94.4;92.4;94.4;71;0
Кубанэнр;60;20170127;160000;94.6;94.6;93.1;94;41;0
Кубанэнр;60;20170127;170000;94;94;93.5;93.5;77;0
Кубанэнр;60;20170127;180000;93.5;94.3;93.5;94.3;23;0
Кубанэнр;60;20170130;090000;93.5;93.5;93.5;93.5;2;0
Кубанэнр;60;20170130;100000;94;95.4;92.8;95;3831;0
Кубанэнр;60;20170130;110000;94.9;94.9;93.4;94.4;92;0
Кубанэнр;60;20170130;130000;94;94;94;94;22;0
Кубанэнр;60;20170130;140000;93.9;94;93.9;94;109;0
Кубанэнр;60;20170130;160000;93.7;94;93.7;93.7;32;0
Кубанэнр;60;20170130;170000;93.7;94;92.1;93.9;215;0
Кубанэнр;60;20170130;180000;92.7;93.8;92;92;820;0
Кубанэнр;60;20170131;100000;92.7;94.2;92.7;94.2;810;0
Кубанэнр;60;20170131;110000;93;93;90;90;556;0
Кубанэнр;60;20170131;120000;90.8;91.8;90.8;91.8;9;0
Кубанэнр;60;20170131;130000;91;91.4;90;91.4;117;0
Кубанэнр;60;20170131;140000;90.8;90.8;90.8;90.8;1;0
Кубанэнр;60;20170131;150000;90.1;91.4;90;91.4;64;0
Кубанэнр;60;20170131;160000;90.2;91;90;90.1;115;0
Кубанэнр;60;20170131;170000;90.3;90.3;90;90;13;0
Кубанэнр;60;20170131;180000;90.8;91.8;89.7;91.8;81;0
Кубанэнр;60;20170201;100000;91.7;93.4;91.7;93.4;22;0
Кубанэнр;60;20170201;120000;92.4;92.4;92.4;92.4;3;0
Кубанэнр;60;20170201;130000;93.2;93.3;93.1;93.1;19;0
Кубанэнр;60;20170201;140000;93.3;93.5;93.3;93.5;24;0
Кубанэнр;60;20170201;150000;93.5;93.8;93;93.6;105;0
Кубанэнр;60;20170201;160000;93;93;93;93;1;0
Кубанэнр;60;20170201;180000;93.3;93.5;93.3;93.5;7;0
Кубанэнр;60;20170202;100000;94;94;94;94;1;0
Кубанэнр;60;20170202;110000;93.9;94;92.6;93.8;336;0
Кубанэнр;60;20170202;120000;93;93.4;92;93.4;45;0
Кубанэнр;60;20170202;130000;93.3;95;93.3;94;70;0
Кубанэнр;60;20170202;140000;93;93;90.1;90.1;757;0
Кубанэнр;60;20170202;150000;90.4;92;90;90;274;0
Кубанэнр;60;20170202;160000;90.8;91;90.8;91;8;0
Кубанэнр;60;20170202;170000;90.2;91.5;89;90.4;272;0
Кубанэнр;60;20170202;180000;90.3;91.4;90;90;45;0
Кубанэнр;60;20170203;100000;91;91;91;91;1;0
Кубанэнр;60;20170203;110000;90;90.4;88.8;89.9;234;0
Кубанэнр;60;20170203;120000;89.8;90.9;89.8;90.9;108;0
Кубанэнр;60;20170203;170000;90.1;91;90;91;362;0
Кубанэнр;60;20170203;180000;90.1;91;89.9;91;202;0
Кубанэнр;60;20170206;110000;91.2;91.7;91.2;91.7;30;0
Кубанэнр;60;20170206;120000;91.7;91.8;91.7;91.7;51;0
Кубанэнр;60;20170206;140000;91.7;91.7;91.7;91.7;1;0
Кубанэнр;60;20170206;160000;91.7;91.9;91.7;91.8;53;0
Кубанэнр;60;20170207;100000;91.5;92.3;91.5;91.5;37;0
Кубанэнр;60;20170207;110000;92.2;92.2;92;92;6;0
Кубанэнр;60;20170207;120000;92.1;92.1;92.1;92.1;4;0
Кубанэнр;60;20170207;130000;92.1;94;92.1;94;124;0
Кубанэнр;60;20170207;140000;93;93;93;93;100;0
Кубанэнр;60;20170207;150000;94.1;95;94.1;95;120;0
Кубанэнр;60;20170207;170000;93.3;93.3;93.3;93.3;1;0
Кубанэнр;60;20170207;180000;93.3;93.5;91.4;93.5;1557;0
Кубанэнр;60;20170208;100000;93.9;95;93.9;94.1;1478;0
Кубанэнр;60;20170208;110000;94.7;100.2;94.7;98;322;0
Кубанэнр;60;20170208;120000;98;98;93.2;96.8;233;0
Кубанэнр;60;20170208;130000;95.5;96.8;95;96.7;57;0
Кубанэнр;60;20170208;140000;96.2;96.8;95;95;10;0
Кубанэнр;60;20170208;150000;96.8;96.9;95.1;96.9;30;0
Кубанэнр;60;20170208;160000;96.5;96.5;94.1;94.1;14;0
Кубанэнр;60;20170208;170000;96.6;96.6;94;94;12;0
Кубанэнр;60;20170208;180000;94;95;94;95;44;0
Кубанэнр;60;20170209;100000;96;97.7;96;97.1;15;0
Кубанэнр;60;20170209;110000;97.6;98.5;97.6;98.5;58;0
Кубанэнр;60;20170209;120000;98.4;98.5;95.2;96.9;124;0
Кубанэнр;60;20170209;160000;95.1;95.8;94.2;95.8;10;0
Кубанэнр;60;20170209;180000;94.3;95.8;94.3;95.8;2;0
Кубанэнр;60;20170210;100000;95.4;95.4;94.7;94.7;59;0
Кубанэнр;60;20170210;110000;95.2;95.2;95.2;95.2;1;0
Кубанэнр;60;20170210;120000;95.2;95.2;95.2;95.2;2;0
Кубанэнр;60;20170210;130000;94.7;95.5;94.7;95.5;47;0
Кубанэнр;60;20170210;150000;96.2;96.2;96;96;30;0
Кубанэнр;60;20170210;160000;96;96.3;95.6;95.7;19;0
Кубанэнр;60;20170210;170000;96.3;96.6;94.7;96.6;564;0
Кубанэнр;60;20170210;180000;96.5;97.6;96.5;97.6;16;0
Кубанэнр;60;20170213;100000;97.6;97.6;97.6;97.6;11;0
Кубанэнр;60;20170213;110000;97;97;97;97;12;0
Кубанэнр;60;20170213;130000;96.2;97;96.2;97;3;0
Кубанэнр;60;20170213;170000;96.2;97;95.9;96.9;31;0
Кубанэнр;60;20170213;180000;95.9;96.3;93.4;96;1652;0
Кубанэнр;60;20170214;100000;94.1;97;94.1;97;1430;0
Кубанэнр;60;20170214;120000;95.1;96.9;95.1;96.9;11;0
Кубанэнр;60;20170214;160000;95.1;96;95;96;14;0
Кубанэнр;60;20170214;170000;96.8;96.8;96.7;96.7;31;0
Кубанэнр;60;20170214;180000;96.8;96.8;96.8;96.8;4;0
Кубанэнр;60;20170215;100000;97.9;97.9;97;97;93;0
Кубанэнр;60;20170215;110000;96.5;97;94.5;97;134;0
Кубанэнр;60;20170215;120000;95.3;96.9;94.2;96.8;95;0
Кубанэнр;60;20170215;130000;96.9;97;96.8;96.8;51;0
Кубанэнр;60;20170216;110000;94.8;96.7;94.6;96.4;22;0
Кубанэнр;60;20170216;120000;95.9;96;95.8;96;950;0
Кубанэнр;60;20170216;130000;95.1;95.2;94.6;94.6;20;0
Кубанэнр;60;20170216;140000;95.9;95.9;95.9;95.9;1;0
Кубанэнр;60;20170216;160000;95.8;95.8;95.8;95.8;1;0
Кубанэнр;60;20170216;170000;95.6;95.6;95.5;95.5;4;0
Кубанэнр;60;20170216;180000;95.4;96.4;93.2;96.4;2140;0
Кубанэнр;60;20170217;100000;96.4;96.4;95.3;95.3;2111;0
Кубанэнр;60;20170217;110000;95.1;96.4;94.8;96.4;42;0
Кубанэнр;60;20170217;120000;96.5;96.5;95.9;96;351;0
Кубанэнр;60;20170217;150000;95.9;96;95.9;96;79;0
Кубанэнр;60;20170217;160000;96;96;96;96;521;0
Кубанэнр;60;20170217;180000;95.9;96;95.9;96;353;0
Кубанэнр;60;20170220;100000;96.4;96.4;96.4;96.4;55;0
Кубанэнр;60;20170220;110000;95.4;96.4;95.4;96.4;201;0
Кубанэнр;60;20170220;120000;95.2;96.2;95.2;96.2;6;0
Кубанэнр;60;20170220;130000;94.1;96.2;94.1;96.2;16;0
Кубанэнр;60;20170220;150000;96.2;96.3;96.2;96.2;91;0
Кубанэнр;60;20170220;160000;96.3;96.3;96.3;96.3;12;0
Кубанэнр;60;20170220;180000;95.2;96.2;95;96.2;16;0
Кубанэнр;60;20170221;090000;96.8;96.8;96.8;96.8;11;0
Кубанэнр;60;20170221;100000;96.8;96.8;96;96;8;0
Кубанэнр;60;20170221;110000;95.9;96;95.9;96;2;0
Кубанэнр;60;20170221;140000;95.8;95.8;95.8;95.8;1;0
Кубанэнр;60;20170221;150000;95.8;95.8;95.8;95.8;9;0
Кубанэнр;60;20170221;160000;95.8;96;95.8;96;150;0
Кубанэнр;60;20170221;180000;96.6;96.9;96.6;96.9;6;0
Кубанэнр;60;20170222;100000;96.4;96.4;96.3;96.3;22;0
Кубанэнр;60;20170222;150000;95.1;95.9;95.1;95.9;8;0
Кубанэнр;60;20170222;160000;95.1;95.9;94.1;95.9;14;0
Кубанэнр;60;20170224;100000;94;94;93.1;93.1;5;0
Кубанэнр;60;20170224;110000;93.1;93.1;93.1;93.1;8;0
Кубанэнр;60;20170224;120000;93.1;93.1;93.1;93.1;6;0
Кубанэнр;60;20170224;130000;93;94.2;93;94.2;2;0
Кубанэнр;60;20170224;160000;92.5;93.7;90.8;93.5;32;0
Кубанэнр;60;20170224;170000;93.6;93.6;93.6;93.6;1;0
Кубанэнр;60;20170224;180000;92;93.2;91.8;93.2;3;0
Кубанэнр;60;20170227;090000;93.9;93.9;93.9;93.9;20;0
Кубанэнр;60;20170227;100000;93.9;94.1;90.1;93;267;0
Кубанэнр;60;20170227;110000;90.3;93.8;90;93.8;18;0
Кубанэнр;60;20170227;120000;90.1;93.2;90.1;93.1;75;0
Кубанэнр;60;20170227;130000;93.2;93.6;93.2;93.6;10;0
Кубанэнр;60;20170227;150000;91.6;93.5;91.3;93.5;119;0
Кубанэнр;60;20170227;170000;91.4;92.7;90;92.7;201;0
Кубанэнр;60;20170227;180000;90.2;93;90.2;92.6;15;0
Кубанэнр;60;20170228;100000;92.2;93;91.8;93;26;0
Кубанэнр;60;20170228;110000;92.6;92.6;90.8;92.3;65;0
Кубанэнр;60;20170228;120000;91;91.7;90.3;91.7;416;0
Кубанэнр;60;20170228;150000;91.9;92;91.9;92;50;0
Кубанэнр;60;20170228;160000;91;91;89;89.9;197;0
Кубанэнр;60;20170228;170000;89.8;89.8;89.8;89.8;3;0
Кубанэнр;60;20170228;180000;89;89;80.2;85.9;204;0
Кубанэнр;60;20170301;100000;86.9;90;86.9;90;224;0
Кубанэнр;60;20170301;110000;87.1;90;87.1;90;6;0
Кубанэнр;60;20170301;120000;89;90;89;90;111;0
Кубанэнр;60;20170301;140000;90;90;90;90;87;0
Кубанэнр;60;20170301;160000;90;90.9;90;90.9;18;0
Кубанэнр;60;20170301;180000;90.9;92.1;90.9;91;61;0
Кубанэнр;60;20170302;100000;92.9;94;92.9;94;28;0
Кубанэнр;60;20170302;110000;93.9;94;93;93;6;0
Кубанэнр;60;20170302;140000;92.8;92.9;92;92.9;8;0
Кубанэнр;60;20170302;150000;92.9;93;92.9;93;305;0
Кубанэнр;60;20170302;160000;93;93;93;93;1;0
Кубанэнр;60;20170302;170000;93;93;93;93;604;0
Кубанэнр;60;20170302;180000;93.6;94.7;92.1;94.6;100;0
Кубанэнр;60;20170303;100000;94.1;94.7;92.8;94.4;59;0
Кубанэнр;60;20170303;150000;93.8;95;93.8;95;550;0
Кубанэнр;60;20170303;160000;94.3;94.3;94;94;454;0
Кубанэнр;60;20170303;180000;95.3;95.3;95.3;95.3;1;0
Кубанэнр;60;20170306;100000;94.9;95.7;94;95.7;63;0
Кубанэнр;60;20170306;110000;95.7;95.8;95.7;95.8;15;0
Кубанэнр;60;20170306;120000;95;95;95;95;3;0
Кубанэнр;60;20170306;170000;94.1;94.1;94.1;94.1;2;0
Кубанэнр;60;20170306;180000;93.6;94.1;91;93.5;375;0
Кубанэнр;60;20170307;100000;94;94;94;94;1;0
Кубанэнр;60;20170307;110000;93.1;93.9;93;93.9;16;0
Кубанэнр;60;20170307;120000;92.1;92.1;89;91;238;0
Кубанэнр;60;20170307;140000;89.8;89.8;89.8;89.8;1;0
Кубанэнр;60;20170307;150000;88.8;89.7;87;89.7;94;0
Кубанэнр;60;20170307;160000;89.6;89.7;88;89.7;11;0
Кубанэнр;60;20170307;170000;88;89.7;88;89.7;4;0
Кубанэнр;60;20170307;180000;89.3;89.3;89.3;89.3;1;0
Кубанэнр;60;20170309;100000;88.1;89.9;87.2;89.9;17;0
Кубанэнр;60;20170309;120000;89;89.8;89;89.8;18;0
Кубанэнр;60;20170309;130000;89;89;86.1;86.1;40;0
Кубанэнр;60;20170309;140000;88;89.7;88;89.7;5;0
Кубанэнр;60;20170309;150000;89.7;91;89.7;89.9;102;0
Кубанэнр;60;20170309;160000;89;89.8;89;89.8;3;0
Кубанэнр;60;20170309;170000;89.8;89.8;88.2;88.2;16;0
Кубанэнр;60;20170309;180000;89.5;89.9;88;89.9;16;0
Кубанэнр;60;20170310;090000;91.4;91.4;91.4;91.4;2;0
Кубанэнр;60;20170310;100000;91;91.4;91;91.3;40;0
Кубанэнр;60;20170310;110000;91.4;91.8;91.4;91.8;30;0
Кубанэнр;60;20170310;160000;91;92;89.1;92;22;0
Кубанэнр;60;20170310;170000;91.1;91.1;91.1;91.1;2;0
Кубанэнр;60;20170310;180000;91;91;91;91;1;0
Кубанэнр;60;20170313;100000;90.6;92;90;92;60;0
Кубанэнр;60;20170313;150000;91.9;92;91.9;92;56;0
Кубанэнр;60;20170313;170000;91;91;89.9;89.9;184;0
Кубанэнр;60;20170313;180000;90;90;90;90;1;0
Кубанэнр;60;20170314;100000;89.7;89.7;89.7;89.7;1;0
Кубанэнр;60;20170314;110000;90.3;90.4;90.3;90.3;14;0
Кубанэнр;60;20170314;140000;89.6;89.6;89;89;94;0
Кубанэнр;60;20170314;150000;89.9;90;89;90;58;0
Кубанэнр;60;20170314;180000;89;89;88;88;20;0
Кубанэнр;60;20170315;100000;88.5;92.1;88.5;92.1;248;0
Кубанэнр;60;20170315;130000;91.1;92.2;90;92.2;67;0
Кубанэнр;60;20170315;150000;90;90;89.1;89.1;72;0
Кубанэнр;60;20170315;180000;89.2;90;89.2;90;34;0
Кубанэнр;60;20170316;100000;90;97.4;90;93.6;1610;0
Кубанэнр;60;20170316;110000;93.4;93.4;93.4;93.4;5;0
Кубанэнр;60;20170316;160000;93.1;93.1;93.1;93.1;2001;0
Кубанэнр;60;20170316;170000;93;93.1;92;93.1;26;0
Кубанэнр;60;20170317;100000;93;96.6;93;94.8;20;0
Кубанэнр;60;20170317;110000;94.6;94.7;94.6;94.7;66;0
Кубанэнр;60;20170317;140000;94.8;95;94.8;95;27;0
Кубанэнр;60;20170317;170000;94;94;92.2;92.2;10;0
Кубанэнр;60;20170317;180000;93.8;93.8;93.8;93.8;1;0
Кубанэнр;60;20170320;100000;94;94.3;93.2;94.3;31;0
Кубанэнр;60;20170320;120000;93.3;94;93;94;25;0
Кубанэнр;60;20170320;180000;93;93.9;89.5;93.7;2045;0
Кубанэнр;60;20170321;100000;92.9;94.1;92.9;94.1;1002;0
Кубанэнр;60;20170321;130000;93.9;93.9;93.9;93.9;750;0
Кубанэнр;60;20170321;140000;93.1;93.9;91.9;93.9;22;0
Кубанэнр;60;20170321;160000;92.7;93.9;92.7;93.9;165;0
Кубанэнр;60;20170321;170000;93.9;93.9;91.2;91.2;15;0
Кубанэнр;60;20170321;180000;92.9;92.9;92.9;92.9;1;0
Кубанэнр;60;20170322;130000;92.8;93;92.8;93;50;0
Кубанэнр;60;20170322;150000;92.2;92.2;92.2;92.2;3;0
Кубанэнр;60;20170322;160000;92.1;92.1;92;92;3;0
Кубанэнр;60;20170322;180000;92.2;92.2;92.2;92.2;2;0
Кубанэнр;60;20170323;100000;92.6;93.1;92.6;93.1;41;0
Кубанэнр;60;20170323;120000;93;93;93;93;14;0
Кубанэнр;60;20170323;140000;93;93;93;93;7;0
Кубанэнр;60;20170323;150000;92.2;92.2;92.2;92.2;8;0
Кубанэнр;60;20170323;160000;92.1;92.1;92.1;92.1;1;0
Кубанэнр;60;20170323;170000;92;92;92;92;1;0
Кубанэнр;60;20170324;110000;91.6;91.6;91.6;91.6;4;0
Кубанэнр;60;20170324;120000;91.6;91.6;91.4;91.4;18;0
Кубанэнр;60;20170324;130000;91.5;91.5;91.1;91.1;22;0
Кубанэнр;60;20170324;150000;89.5;91.7;88.7;91.7;11;0
Кубанэнр;60;20170324;160000;91.5;91.5;91.5;91.5;1;0
Кубанэнр;60;20170324;170000;91.6;91.6;90.1;90.1;2;0
Кубанэнр;60;20170324;180000;91.6;91.6;91.6;91.6;1;0
Кубанэнр;60;20170327;170000;91.8;91.8;91.8;91.8;1;0
Кубанэнр;60;20170328;100000;89.4;89.6;75.7;88.4;666;0
Кубанэнр;60;20170328;110000;87.1;90.8;86.5;90.8;405;0
Кубанэнр;60;20170328;150000;88;90.2;88;90.2;2;0
Кубанэнр;60;20170328;160000;89.2;89.2;89.2;89.2;1;0
Кубанэнр;60;20170328;170000;88.3;89.3;87.9;87.9;14;0
Кубанэнр;60;20170328;180000;87.6;88.6;84.2;85.2;262;0
Кубанэнр;60;20170329;100000;86;86;85;86;7;0
Кубанэнр;60;20170329;120000;85;85;83.5;83.5;37;0
Кубанэнр;60;20170329;130000;84.5;85.9;84.5;85;153;0
Кубанэнр;60;20170329;140000;85.9;86.6;85.9;86.6;7;0
Кубанэнр;60;20170329;150000;86.6;86.6;86.6;86.6;3;0
Кубанэнр;60;20170329;160000;85.1;85.1;85;85;19;0
Кубанэнр;60;20170329;170000;85.9;85.9;85.9;85.9;1;0
Кубанэнр;60;20170329;180000;85.8;85.8;85.8;85.8;1;0
Кубанэнр;60;20170330;100000;85.9;86.9;85.9;86.9;58;0
Кубанэнр;60;20170330;130000;87;87;85.9;85.9;2;0
Кубанэнр;60;20170330;140000;85.9;85.9;85.9;85.9;2;0
Кубанэнр;60;20170330;150000;85.8;85.8;85.8;85.8;2;0
Кубанэнр;60;20170330;160000;85.7;89.7;85.2;89.7;117;0
Кубанэнр;60;20170330;170000;87.1;89.5;87;89.5;23;0
Кубанэнр;60;20170331;100000;91;93;91;91.8;884;0
Кубанэнр;60;20170331;110000;89.2;90.9;85.3;90.7;33;0
Кубанэнр;60;20170331;180000;89;90;89;90;7;0
Кубанэнр;60;20170403;100000;91;91;90.8;90.8;4;0
Кубанэнр;60;20170403;150000;86.6;90.2;86;90.2;15;0
Кубанэнр;60;20170403;160000;87.1;90;87.1;90;3;0
Кубанэнр;60;20170403;170000;88.1;90.1;88;90.1;21;0
Кубанэнр;60;20170403;180000;88;90.1;88;90.1;33;0
Кубанэнр;60;20170404;100000;90.8;90.8;90.8;90.8;1;0
Кубанэнр;60;20170404;140000;90.3;92.7;90.3;92.7;75;0
Кубанэнр;60;20170405;100000;90.2;93.2;85.8;93.2;32;0
Кубанэнр;60;20170405;110000;93;93;93;93;3;0
Кубанэнр;60;20170405;120000;92;93.2;90.4;93.2;52;0
Кубанэнр;60;20170405;140000;93.1;93.1;93.1;93.1;1;0
Кубанэнр;60;20170405;170000;90.7;90.7;90.7;90.7;1;0
Кубанэнр;60;20170405;180000;92.7;92.9;92.7;92.9;6;0
Кубанэнр;60;20170406;100000;93.3;93.8;93.3;93.8;3;0
Кубанэнр;60;20170406;120000;91.8;91.8;91.8;91.8;9;0
Кубанэнр;60;20170406;170000;91;91;91;91;1;0
Кубанэнр;60;20170406;180000;91.5;91.5;91.5;91.5;1;0
Кубанэнр;60;20170407;130000;90;90;90;90;8;0
Кубанэнр;60;20170407;140000;90.5;90.5;90;90;3;0
Кубанэнр;60;20170407;150000;90;90;88.2;88.2;21;0
Кубанэнр;60;20170407;160000;88.2;90.3;87.3;90.3;16;0
Кубанэнр;60;20170407;180000;90;90;90;90;4;0
Кубанэнр;60;20170410;100000;92.9;92.9;92.9;92.9;1;0
Кубанэнр;60;20170410;140000;90.2;90.2;90.2;90.2;2;0
Кубанэнр;60;20170410;150000;90;90;89;89;10;0
Кубанэнр;60;20170410;160000;89;89;88.1;88.1;7;0
Кубанэнр;60;20170410;170000;89;89.5;89;89.5;2;0
Кубанэнр;60;20170411;100000;95.7;95.7;95.7;95.7;1;0
Кубанэнр;60;20170411;120000;89.9;89.9;89.9;89.9;9;0
Кубанэнр;60;20170411;130000;90;90;90;90;44;0
Кубанэнр;60;20170411;140000;89.9;89.9;89.9;89.9;1;0
Кубанэнр;60;20170411;150000;88.1;88.1;88.1;88.1;1;0
Кубанэнр;60;20170411;160000;89.8;90;89.8;90;3;0
Кубанэнр;60;20170412;100000;94.9;94.9;94.9;94.9;1;0
Кубанэнр;60;20170412;110000;90;90;89;89;2;0
Кубанэнр;60;20170412;120000;90;90;88.7;88.7;5;0
Кубанэнр;60;20170412;130000;88.6;88.9;88;88.9;13;0
Кубанэнр;60;20170412;140000;87.3;88;85.9;85.9;13;0
Кубанэнр;60;20170412;150000;88;88;87.9;88;9;0
Кубанэнр;60;20170412;170000;87;88;86.7;88;57;0
Кубанэнр;60;20170413;100000;88;93.3;88;93.3;7;0
Кубанэнр;60;20170413;110000;88;88;87;87.9;5;0
Кубанэнр;60;20170413;120000;86.6;87.9;81.9;87.9;57;0
Кубанэнр;60;20170413;130000;87.6;87.6;87.6;87.6;1;0
Кубанэнр;60;20170413;150000;86.1;86.1;86;86;6;0
Кубанэнр;60;20170413;160000;85.1;85.8;84.5;85.8;56;0
Кубанэнр;60;20170413;170000;85.7;87.2;85.7;87.2;49;0
Кубанэнр;60;20170414;100000;88;90;88;88;18;0
Кубанэнр;60;20170414;140000;87.1;87.9;85;87.9;34;0
Кубанэнр;60;20170414;150000;85.5;85.5;85.5;85.5;3;0
Кубанэнр;60;20170414;160000;85.4;85.9;84.1;85.9;62;0
Кубанэнр;60;20170417;100000;89.8;89.8;84;85.8;89;0
Кубанэнр;60;20170417;120000;85.1;85.1;85;85;10;0
Кубанэнр;60;20170417;130000;84;84;83;83;18;0
Кубанэнр;60;20170417;140000;83.4;84;82.5;84;54;0
Кубанэнр;60;20170417;150000;83.1;83.2;82;83.2;110;0
Кубанэнр;60;20170417;160000;82.9;83.9;82.9;83.9;106;0
Кубанэнр;60;20170417;170000;83.9;83.9;83;83.8;40;0
Кубанэнр;60;20170417;180000;83.1;84;83.1;84;876;0
Кубанэнр;60;20170418;100000;85;86;84;84;109;0
Кубанэнр;60;20170418;110000;83.1;83.8;82.2;83.8;7;0
Кубанэнр;60;20170418;130000;83.3;83.3;83.3;83.3;20;0
Кубанэнр;60;20170418;160000;82.4;82.4;81.9;82;101;0
Кубанэнр;60;20170418;170000;82.7;84;82.7;83;113;0
Кубанэнр;60;20170418;180000;82.1;83;81.8;83;603;0
Кубанэнр;60;20170419;110000;81.1;83;80;81.9;40;0
Кубанэнр;60;20170419;120000;81.5;82;81.5;82;5;0
Кубанэнр;60;20170419;150000;81.3;81.3;81;81;37;0
Кубанэнр;60;20170419;160000;81;83;81;83;43;0
Кубанэнр;60;20170419;170000;83;83;83;83;2;0
Кубанэнр;60;20170420;100000;81.2;81.2;80.3;80.3;23;0
Кубанэнр;60;20170420;110000;80.3;80.7;80;80.7;111;0
Кубанэнр;60;20170420;130000;79.6;80.7;78.1;80.5;69;0
Кубанэнр;60;20170420;160000;79.1;80.5;79.1;80.5;6;0
Кубанэнр;60;20170420;170000;80.1;83;80.1;83;41;0
Кубанэнр;60;20170420;180000;82;83;81.5;81.5;28;0
Кубанэнр;60;20170421;100000;82.7;85;78.1;78.1;93;0
Кубанэнр;60;20170421;110000;80;80;79.9;79.9;47;0
Кубанэнр;60;20170421;130000;80;80;80;80;20;0
Кубанэнр;60;20170421;140000;80;80;80;80;11;0
Кубанэнр;60;20170421;170000;80;80;80;80;6;0
Кубанэнр;60;20170424;100000;80;83;79.9;82;147;0
Кубанэнр;60;20170424;110000;83;83;82.9;82.9;2;0
Кубанэнр;60;20170424;120000;81.7;81.7;81;81;8;0
Кубанэнр;60;20170424;130000;81.5;82.8;81.5;82.6;5;0
Кубанэнр;60;20170424;160000;80.1;85;79.1;83.1;423;0
Кубанэнр;60;20170424;170000;83.1;83.9;82.6;83.5;34;0
Кубанэнр;60;20170424;180000;82.1;82.1;82;82;28;0
Кубанэнр;60;20170425;090000;82;82;82;82;23;0
Кубанэнр;60;20170425;100000;82;84;82;84;30;0
Кубанэнр;60;20170425;110000;84;84;84;84;1;0
Кубанэнр;60;20170425;140000;83.9;83.9;83.9;83.9;2;0
Кубанэнр;60;20170425;160000;83.1;83.1;83;83;3;0
Кубанэнр;60;20170425;170000;82.3;82.3;82;82;8;0
Кубанэнр;60;20170425;180000;82;82;82;82;34;0
Кубанэнр;60;20170426;100000;83;84;83;84;5;0
Кубанэнр;60;20170426;160000;83.9;85;83.9;84;58;0
Кубанэнр;60;20170426;180000;83;83;83;83;2;0
Кубанэнр;60;20170427;130000;81.8;82.3;81;82.3;12;0
Кубанэнр;60;20170427;140000;81.1;82;80;82;130;0
Кубанэнр;60;20170427;150000;79.4;79.4;78.2;79;143;0
Кубанэнр;60;20170427;160000;78.7;79.2;78;78.9;153;0
Кубанэнр;60;20170427;170000;79;80.9;78.9;80.9;29;0
Кубанэнр;60;20170427;180000;80.9;80.9;80.8;80.9;4;0
Кубанэнр;60;20170428;100000;81;82.3;79.5;81;17;0
Кубанэнр;60;20170428;120000;80;80;79;79.9;44;0
Кубанэнр;60;20170428;150000;79.9;80;78.2;80;104;0
Кубанэнр;60;20170428;160000;79.9;79.9;79.9;79.9;9;0
Кубанэнр;60;20170428;170000;79.9;79.9;79.9;79.9;12;0
Кубанэнр;60;20170428;180000;79.9;80;79.9;80;45;0
Кубанэнр;60;20170502;100000;79;80;79;80;54;0
Кубанэнр;60;20170502;120000;81;82;81;82;3;0
Кубанэнр;60;20170502;160000;81;81;80;80;60;0
Кубанэнр;60;20170502;180000;80;81.9;80;81.9;2;0
Кубанэнр;60;20170503;180000;80;80;80;80;1;0
Кубанэнр;60;20170504;100000;81;83;81;81.1;36;0
Кубанэнр;60;20170504;110000;82.6;82.6;82;82;32;0
Кубанэнр;60;20170504;120000;82;82;82;82;8;0
Кубанэнр;60;20170504;150000;81;81;81;81;2;0
Кубанэнр;60;20170504;170000;81.6;81.6;81.6;81.6;1;0
Кубанэнр;60;20170505;100000;81.9;81.9;81.9;81.9;1;0
Кубанэнр;60;20170505;150000;80;80;80;80;2;0
Кубанэнр;60;20170505;170000;81;81.7;81;81.7;3;0
Кубанэнр;60;20170510;100000;82.8;83;82.8;82.9;4;0
Кубанэнр;60;20170510;170000;80.1;82;80.1;82;6;0
Кубанэнр;60;20170511;100000;82.9;82.9;82.8;82.9;10;0
Кубанэнр;60;20170511;110000;82.8;82.9;82.8;82.9;3;0
Кубанэнр;60;20170511;120000;82;82.9;82;82.9;2;0
Кубанэнр;60;20170511;140000;81.1;82.8;81.1;82.8;2;0
Кубанэнр;60;20170511;160000;81;81.9;80;81.9;46;0
Кубанэнр;60;20170511;170000;81.8;81.9;79.1;79.5;95;0
Кубанэнр;60;20170511;180000;81.8;81.8;81.8;81.8;1;0
Кубанэнр;60;20170512;100000;82.5;82.5;78.1;80.9;8;0
Кубанэнр;60;20170512;110000;79.9;82.7;79.9;82.7;11;0
Кубанэнр;60;20170512;130000;82.7;82.8;82.7;82.8;5;0
Кубанэнр;60;20170512;140000;81;81;81;81;2;0
Кубанэнр;60;20170512;150000;82.3;82.3;82.3;82.3;1;0
Кубанэнр;60;20170512;160000;82.2;82.2;82.2;82.2;1;0
Кубанэнр;60;20170512;180000;82;82;82;82;2;0
Кубанэнр;60;20170515;100000;82.9;82.9;81;81;9;0
Кубанэнр;60;20170515;110000;80.8;82.9;80.8;82.9;57;0
Кубанэнр;60;20170515;120000;81;82.8;81;82.7;52;0
Кубанэнр;60;20170515;140000;81.5;81.5;81;81.5;6;0
Кубанэнр;60;20170516;100000;82;82;82;82;1;0
Кубанэнр;60;20170516;120000;81;81;81;81;1;0
Кубанэнр;60;20170516;130000;81.9;81.9;81.9;81.9;1;0
Кубанэнр;60;20170516;170000;80.1;80.1;80.1;80.1;9;0
Кубанэнр;60;20170516;180000;81.1;81.1;81.1;81.1;1;0
Кубанэнр;60;20170517;100000;82.6;82.6;82.5;82.5;2;0
Кубанэнр;60;20170517;140000;81;81;81;81;2;0
Кубанэнр;60;20170517;180000;80.7;81.4;80.7;81.4;67;0
Кубанэнр;60;20170518;100000;82;83;82;82.8;5;0
Кубанэнр;60;20170518;110000;82.5;82.5;80.2;81.7;13;0
Кубанэнр;60;20170518;120000;80.1;81.8;77.7;81.8;40;0
Кубанэнр;60;20170518;130000;81.8;81.8;81.8;81.8;1;0
Кубанэнр;60;20170518;140000;80.1;80.1;80;80;18;0
Кубанэнр;60;20170518;150000;81;81;81;81;2;0
Кубанэнр;60;20170518;180000;79.3;80.8;79;80.8;73;0
Кубанэнр;60;20170519;100000;80;82.8;80;80.8;28;0
Кубанэнр;60;20170519;170000;80;80.7;80;80.7;2;0
Кубанэнр;60;20170522;140000;79;79;79;79;2;0
Кубанэнр;60;20170522;160000;79.9;81;79.9;81;15;0
Кубанэнр;60;20170522;170000;79.1;79.1;76.1;77;45;0
Кубанэнр;60;20170522;180000;77.2;80.7;77.2;79.9;16;0
Кубанэнр;60;20170523;100000;79.9;83;79.9;83;190;0
Кубанэнр;60;20170523;110000;82;82;80.5;80.5;124;0
Кубанэнр;60;20170523;130000;80.4;80.4;80.4;80.4;1;0
Кубанэнр;60;20170523;180000;80.1;80.1;80.1;80.1;6;0
Кубанэнр;60;20170524;100000;82;83.9;78.6;78.8;38;0
Кубанэнр;60;20170524;110000;80.6;81.7;79;81.3;21;0
Кубанэнр;60;20170524;130000;80;80;80;80;5;0
Кубанэнр;60;20170524;140000;79.1;80;79;80;21;0
Кубанэнр;60;20170524;160000;79.5;79.5;79.5;79.5;1;0
Кубанэнр;60;20170525;100000;81.9;81.9;81.9;81.9;318;0
Кубанэнр;60;20170525;120000;78.6;79.8;78.6;79.8;11;0
Кубанэнр;60;20170525;140000;78.5;79.9;78.3;79.9;31;0
Кубанэнр;60;20170525;170000;78.5;78.5;78.5;78.5;2;0
Кубанэнр;60;20170525;180000;78.5;78.5;78.5;78.5;23;0
Кубанэнр;60;20170526;100000;80;80;79;79;2;0
Кубанэнр;60;20170526;150000;78.2;78.2;78.1;78.1;3;0
Кубанэнр;60;20170526;160000;79;79;79;79;1;0
Кубанэнр;60;20170526;180000;78;79;78;79;7;0
Кубанэнр;60;20170529;110000;78;78;78;78;1;0
Кубанэнр;60;20170529;120000;78.9;78.9;78;78;2;0
Кубанэнр;60;20170529;130000;78.9;79;78;78;3;0
Кубанэнр;60;20170529;150000;78.8;78.8;78.8;78.8;1;0
Кубанэнр;60;20170529;170000;78.5;78.5;78.5;78.5;1;0
Кубанэнр;60;20170529;180000;78.8;78.8;78.8;78.8;4;0
Кубанэнр;60;20170530;100000;79.9;79.9;79.9;79.9;1;0
Кубанэнр;60;20170530;160000;78.9;78.9;78.9;78.9;1;0
Кубанэнр;60;20170531;100000;79.9;79.9;74.7;78.8;13;0
Кубанэнр;60;20170531;110000;77.7;77.7;77.7;77.7;1;0
Кубанэнр;60;20170531;120000;77.2;77.2;77;77;4;0
Кубанэнр;60;20170531;130000;77.8;79.9;77.8;79.9;15;0
Кубанэнр;60;20170531;140000;78.1;78.1;78.1;78.1;2;0
Кубанэнр;60;20170531;150000;78.8;78.9;78.8;78.9;2;0
Кубанэнр;60;20170601;100000;72.6;79.9;72.6;78;7;0
Кубанэнр;60;20170601;110000;77;77;77;77;2;0
Кубанэнр;60;20170601;130000;77.8;77.8;77.8;77.8;6;0
Кубанэнр;60;20170601;170000;76.2;76.2;76.1;76.1;6;0
Кубанэнр;60;20170601;180000;76;76.9;76;76.9;2;0
Кубанэнр;60;20170602;100000;76.9;79;73;77;54;0
Кубанэнр;60;20170602;120000;76.3;76.9;76.3;76.9;6;0
Кубанэнр;60;20170602;180000;76.2;76.2;75;75.2;19;0
Кубанэнр;60;20170605;100000;78.9;78.9;78.9;78.9;1;0
Кубанэнр;60;20170605;110000;76;76;76;76;1;0
Кубанэнр;60;20170605;150000;75.8;75.8;75.8;75.8;1;0
Кубанэнр;60;20170606;110000;77.9;77.9;77.9;77.9;1;0
Кубанэнр;60;20170607;170000;76.1;78;76.1;78;7;0
Кубанэнр;60;20170608;140000;77.1;77.1;77.1;77.1;1;0
Кубанэнр;60;20170608;160000;77.9;77.9;77.9;77.9;1;0
Кубанэнр;60;20170609;100000;76.1;76.1;76.1;76.1;1;0
Кубанэнр;60;20170609;110000;77.9;77.9;77.9;77.9;1;0
Кубанэнр;60;20170613;120000;76.1;76.1;76.1;76.1;3;0
Кубанэнр;60;20170613;130000;77.9;77.9;77.9;77.9;1;0
Кубанэнр;60;20170614;100000;75;75;73.5;74.7;21;0
Кубанэнр;60;20170614;110000;74.3;77.5;74.3;76;26;0
Кубанэнр;60;20170614;120000;76;76;76;76;1;0
Кубанэнр;60;20170614;140000;76.4;77;76.4;77;11;0
Кубанэнр;60;20170614;160000;77;77;77;77;3;0
Кубанэнр;60;20170614;170000;77.5;77.5;77.5;77.5;1;0
Кубанэнр;60;20170614;180000;76.5;77;75;77;1051;0
Кубанэнр;60;20170615;100000;76;77.7;76;77.7;1178;0
Кубанэнр;60;20170615;120000;76.1;77.4;76;77.4;9;0
Кубанэнр;60;20170616;100000;76.1;76.1;76.1;76.1;3;0
Кубанэнр;60;20170616;120000;76.4;77.7;76.4;77.7;6;0
Кубанэнр;60;20170616;150000;76.1;76.1;76;76;3;0
Кубанэнр;60;20170616;160000;75.4;75.4;75.4;75.4;3;0
Кубанэнр;60;20170619;100000;77.6;77.6;77.6;77.6;1;0
Кубанэнр;60;20170619;160000;75.5;77.6;72.1;76;42;0
Кубанэнр;60;20170619;170000;75;75;75;75;1;0
Кубанэнр;60;20170619;180000;75;75;75;75;1;0
Кубанэнр;60;20170620;100000;75.9;80.9;75.9;79;21;0
Кубанэнр;60;20170620;120000;78.1;78.1;73;77.8;27;0
Кубанэнр;60;20170620;140000;74.5;74.5;74;74;5;0
Кубанэнр;60;20170620;150000;73.3;73.3;73.3;73.3;3;0
Кубанэнр;60;20170620;160000;73.2;73.2;73.2;73.2;5;0
Кубанэнр;60;20170620;180000;74;75.4;74;75.4;9;0
Кубанэнр;60;20170621;100000;75.9;77.9;75.9;77.9;10;0
Кубанэнр;60;20170621;170000;76;76;75;75;54;0
Кубанэнр;60;20170621;180000;75.9;77.3;75.9;77.3;10;0
Кубанэнр;60;20170622;090000;78.9;78.9;78.9;78.9;1;0
Кубанэнр;60;20170623;100000;77.9;77.9;77.9;77.9;1;0
Кубанэнр;60;20170623;170000;77.8;77.8;77.8;77.8;1;0
Кубанэнр;60;20170623;180000;77.8;77.8;77.8;77.8;1;0
Кубанэнр;60;20170626;090000;75;75;75;75;3;0
Кубанэнр;60;20170626;100000;75;78;75;77;22;0
Кубанэнр;60;20170626;120000;76;76;74.2;74.2;163;0
Кубанэнр;60;20170626;140000;74.8;75;72.4;75;43;0
Кубанэнр;60;20170626;150000;74.9;74.9;74.9;74.9;1;0
Кубанэнр;60;20170626;160000;74.9;76;74.9;76;15;0
Кубанэнр;60;20170627;100000;75;75;75;75;1;0
Кубанэнр;60;20170627;110000;74;74;74;74;40;0
Кубанэнр;60;20170627;120000;74.9;74.9;74.9;74.9;1;0
Кубанэнр;60;20170627;170000;74.7;74.7;74;74;2;0
Кубанэнр;60;20170628;100000;74.9;77.9;74.9;76;17;0
Кубанэнр;60;20170628;110000;75.7;75.7;75.7;75.7;1;0
Кубанэнр;60;20170628;130000;75.7;75.8;75.7;75.8;4;0
Кубанэнр;60;20170628;160000;75.7;75.7;75.7;75.7;1;0
Кубанэнр;60;20170628;170000;75;75;75;75;1;0
Кубанэнр;60;20170629;100000;78.9;78.9;75;75;22;0
Кубанэнр;60;20170629;180000;74.2;75.7;74.2;75.7;18;0
Кубанэнр;60;20170630;100000;74.2;74.2;74.1;74.1;23;0
Кубанэнр;60;20170630;120000;74.1;74.1;73.1;74;11;0
Кубанэнр;60;20170630;160000;73.9;73.9;73.9;73.9;2;0
Кубанэнр;60;20170630;170000;73.9;73.9;73.2;73.2;17;0
Кубанэнр;60;20170630;180000;73.2;73.2;73;73;5;0
Кубанэнр;60;20170703;100000;73.5;74;73.5;74;3;0
Кубанэнр;60;20170703;120000;73;73;73;73;1;0
Кубанэнр;60;20170703;180000;74;74;74;74;34;0
Кубанэнр;60;20170704;110000;74;76.8;74;76.8;30;0
Кубанэнр;60;20170705;100000;74.9;76;74.9;76;13;0
Кубанэнр;60;20170705;110000;76.9;76.9;75;75;44;0
Кубанэнр;60;20170705;160000;74.8;74.9;74.8;74.9;50;0
Кубанэнр;60;20170706;100000;77.8;79.6;77.8;79.6;5;0
Кубанэнр;60;20170706;110000;79.3;79.6;76.5;77;105;0
Кубанэнр;60;20170706;120000;77;77.1;77;77;13;0
Кубанэнр;60;20170706;130000;77.9;80.7;77.9;80.7;108;0
Кубанэнр;60;20170706;140000;79.5;79.5;79.5;79.5;2;0
Кубанэнр;60;20170706;150000;75.4;79.6;74.5;79.6;6;0
Кубанэнр;60;20170706;160000;75.1;76.7;74.5;76.7;21;0
Кубанэнр;60;20170707;110000;78.1;78.1;78.1;78.1;1;0
Кубанэнр;60;20170710;110000;76.1;77.4;75;77.4;58;0
Кубанэнр;60;20170710;120000;74.9;78.1;74.9;76;19;0
Кубанэнр;60;20170710;130000;75.5;77.9;75.5;77.9;21;0
Кубанэнр;60;20170710;180000;77.7;78.3;75.7;78.3;72;0
Кубанэнр;60;20170711;100000;76.8;78.6;76.8;78.6;25;0
Кубанэнр;60;20170711;150000;78.6;78.7;76;76;115;0
Кубанэнр;60;20170711;170000;75.9;75.9;75;75;85;0
Кубанэнр;60;20170711;180000;75;75.9;74.5;75.9;66;0
Кубанэнр;60;20170712;120000;74.6;75;71.8;74.1;94;0
Кубанэнр;60;20170712;130000;74.4;74.4;74.4;74.4;1;0
Кубанэнр;60;20170712;140000;74.3;74.7;74.2;74.2;21;0
Кубанэнр;60;20170712;150000;74.2;74.2;72.1;72.6;67;0
Кубанэнр;60;20170712;160000;74.7;76.1;74.7;76.1;50;0
Кубанэнр;60;20170713;110000;74.9;74.9;73.7;73.7;2;0
Кубанэнр;60;20170713;130000;75.7;75.7;75.7;75.7;1;0
Кубанэнр;60;20170713;150000;75.6;75.6;75.6;75.6;2;0
Кубанэнр;60;20170714;180000;75.9;75.9;75.9;75.9;2;0
Кубанэнр;60;20170717;170000;75.8;75.9;75.8;75.9;109;0
Кубанэнр;60;20170717;180000;74.2;77;72.3;75.8;125;0
Кубанэнр;60;20170718;100000;75.8;77;75.8;76;28;0
Кубанэнр;60;20170718;120000;75.9;75.9;73.1;73.9;43;0
Кубанэнр;60;20170718;140000;74.9;75;73;75;37;0
Кубанэнр;60;20170718;150000;75;75;73.1;74;8;0
Кубанэнр;60;20170718;160000;74.1;74.1;74.1;74.1;2;0
Кубанэнр;60;20170718;170000;74.8;74.8;74.8;74.8;1;0
Кубанэнр;60;20170718;180000;74.9;74.9;74.9;74.9;39;0
Кубанэнр;60;20170719;110000;74.1;74.1;74;74;20;0
Кубанэнр;60;20170719;150000;74.9;74.9;74.9;74.9;12;0
Кубанэнр;60;20170719;170000;74.1;74.1;74.1;74.1;10;0
Кубанэнр;60;20170719;180000;74;74;74;74;17;0
Кубанэнр;60;20170720;100000;73.1;73.1;72.4;72.4;27;0
Кубанэнр;60;20170720;110000;73.9;75;73.7;73.7;26;0
Кубанэнр;60;20170720;130000;73.7;73.7;73.5;73.5;7;0
Кубанэнр;60;20170720;160000;73;73;73;73;7;0
Кубанэнр;60;20170720;170000;73.9;73.9;73.9;73.9;1;0
Кубанэнр;60;20170721;120000;72.6;72.6;72.6;72.6;17;0
Кубанэнр;60;20170721;140000;72.6;72.6;72.6;72.6;44;0
Кубанэнр;60;20170721;160000;72.6;72.6;72.6;72.6;11;0
Кубанэнр;60;20170721;170000;72.6;72.6;72.6;72.6;1;0
Кубанэнр;60;20170721;180000;72.6;72.6;72.6;72.6;77;0
Кубанэнр;60;20170724;170000;72.6;72.6;72.6;72.6;5;0
Кубанэнр;60;20170725;100000;73.9;73.9;73.9;73.9;1;0
Кубанэнр;60;20170725;110000;73.5;73.5;73.5;73.5;1;0
Кубанэнр;60;20170726;100000;73.9;77;73.9;75;119;0
Кубанэнр;60;20170726;110000;75.7;75.7;75.7;75.7;1;0
Кубанэнр;60;20170726;150000;75.9;76.3;75.9;76.3;40;0
Кубанэнр;60;20170726;160000;75.5;75.5;75;75;77;0
Кубанэнр;60;20170726;170000;75.9;76;75.9;76;49;0
Кубанэнр;60;20170726;180000;76.2;77;75;75.1;296;0
Кубанэнр;60;20170727;100000;76;76;76;76;26;0
Кубанэнр;60;20170727;120000;75;75;75;75;3;0
Кубанэнр;60;20170727;140000;75;75;75;75;1;0
Кубанэнр;60;20170727;160000;75.1;75.1;75;75;57;0
Кубанэнр;60;20170727;180000;75.7;75.7;74.1;74.1;6;0
Кубанэнр;60;20170728;100000;75.4;78.9;75.4;76;24;0
Кубанэнр;60;20170728;140000;75.1;75.1;75;75;3;0
Кубанэнр;60;20170731;100000;74.9;76.9;74.9;75;27;0
Кубанэнр;60;20170731;110000;74.9;74.9;74.9;74.9;1;0
Кубанэнр;60;20170731;150000;74;74;74;74;3;0
Кубанэнр;60;20170731;160000;73.6;74.4;73.5;74.4;30;0
Кубанэнр;60;20170731;170000;73.4;73.4;73.4;73.4;2;0
Кубанэнр;60;20170731;180000;73.4;73.4;73.3;73.3;27;0
Кубанэнр;60;20170801;120000;74.4;74.4;73.9;73.9;27;0
Кубанэнр;60;20170801;160000;73.9;73.9;73.9;73.9;1;0
Кубанэнр;60;20170801;170000;74.4;75;74.4;75;10;0
Кубанэнр;60;20170802;100000;76;77;76;76;15;0
Кубанэнр;60;20170802;110000;75.5;76;75;76;33;0
Кубанэнр;60;20170802;120000;74.9;74.9;74.9;74.9;12;0
Кубанэнр;60;20170802;160000;74;74;74;74;2;0
Кубанэнр;60;20170802;170000;74.1;74.8;74.1;74.8;6;0
Кубанэнр;60;20170803;100000;74.9;75;74.9;75;8;0
Кубанэнр;60;20170803;110000;74.5;75.9;73.7;75.9;364;0
Кубанэнр;60;20170803;150000;74.5;74.5;74.5;74.5;1;0
Кубанэнр;60;20170804;160000;75.1;75.1;75.1;75.1;1;0
Кубанэнр;60;20170804;170000;74.6;74.6;74.5;74.5;2;0
Кубанэнр;60;20170807;100000;76.3;77.9;76.3;77.9;5;0
Кубанэнр;60;20170807;140000;75.3;75.3;75.3;75.3;1;0
Кубанэнр;60;20170807;160000;75;75;75;75;17;0
Кубанэнр;60;20170807;180000;75.3;75.5;75.3;75.5;16;0
Кубанэнр;60;20170808;100000;77.9;78;76;76;5;0
Кубанэнр;60;20170808;110000;75.1;75.1;74.7;74.7;12;0
Кубанэнр;60;20170808;120000;75.8;75.9;75.6;75.9;64;0
Кубанэнр;60;20170808;130000;75.2;76;75.1;76;18;0
Кубанэнр;60;20170808;160000;76;76.1;76;76.1;2;0
Кубанэнр;60;20170808;170000;75.2;75.2;75.2;75.2;1;0
Кубанэнр;60;20170808;180000;75.9;76;74.6;74.6;23;0
Кубанэнр;60;20170809;100000;75.9;78;74.6;75;77;0
Кубанэнр;60;20170809;130000;74.6;75.3;72.9;75.3;41;0
Кубанэнр;60;20170809;180000;74.9;75.4;74.9;75.4;20;0
Кубанэнр;60;20170810;140000;75.4;75.4;75.4;75.4;5;0
Кубанэнр;60;20170810;150000;75.4;75.5;75.4;75.5;17;0
Кубанэнр;60;20170811;100000;76;76;76;76;1;0
Кубанэнр;60;20170811;150000;75.1;75.4;62.1;73.2;223;0
Кубанэнр;60;20170811;160000;73.2;73.2;73.2;73.2;4;0
Кубанэнр;60;20170811;170000;73;74.1;73;74.1;2;0
Кубанэнр;60;20170811;180000;73.2;74;73.1;73.1;14;0
Кубанэнр;60;20170814;090000;75;75;75;75;1;0
Кубанэнр;60;20170814;160000;74.4;74.4;74.4;74.4;1;0
Кубанэнр;60;20170815;120000;74.4;74.4;74.4;74.4;10;0
Кубанэнр;60;20170815;130000;74.5;75.3;74.5;75.3;5;0
Кубанэнр;60;20170815;150000;74;75;74;75;3;0
Кубанэнр;60;20170815;160000;74.8;74.8;74.8;74.8;13;0
Кубанэнр;60;20170815;170000;73.7;74;66.1;73;122;0
Кубанэнр;60;20170815;180000;72.5;74.8;72;72.5;35;0
Кубанэнр;60;20170816;100000;73;73;73;73;3;0
Кубанэнр;60;20170816;130000;72.1;72.1;72;72;3;0
Кубанэнр;60;20170816;160000;72.9;72.9;72.9;72.9;2;0
Кубанэнр;60;20170816;180000;73;73.4;73;73.4;20;0
Кубанэнр;60;20170817;100000;74.7;74.8;73.5;74;15;0
Кубанэнр;60;20170818;100000;74;74;74;74;1;0
Кубанэнр;60;20170821;100000;73.5;73.5;71;72;33;0
Кубанэнр;60;20170821;110000;71.7;73.5;71.7;73;21;0
Кубанэнр;60;20170821;120000;72.5;72.5;70.4;71;158;0
Кубанэнр;60;20170821;130000;71;71;71;71;2;0
Кубанэнр;60;20170821;140000;70.9;70.9;70.9;70.9;40;0
Кубанэнр;60;20170821;150000;70.9;70.9;70.9;70.9;10;0
Кубанэнр;60;20170821;160000;71;72.5;71;71.5;28;0
Кубанэнр;60;20170821;170000;71.5;72;71.5;72;5;0
Кубанэнр;60;20170821;180000;71;71;70.5;70.5;79;0
Кубанэнр;60;20170822;100000;71.4;71.5;71.4;71.5;7;0
Кубанэнр;60;20170822;110000;70.5;70.9;68.1;70.9;200;0
Кубанэнр;60;20170822;140000;70.8;70.8;70.8;70.8;1;0
Кубанэнр;60;20170822;170000;70.5;70.5;70.5;70.5;1;0
Кубанэнр;60;20170823;110000;70.8;70.8;70.8;70.8;2500;0
Кубанэнр;60;20170823;120000;69.6;69.6;69;69;50;0
Кубанэнр;60;20170823;130000;69;69;69;69;4;0
Кубанэнр;60;20170823;140000;68.9;68.9;68.9;68.9;16;0
Кубанэнр;60;20170823;150000;68.9;68.9;67.8;67.8;30;0
Кубанэнр;60;20170823;160000;67.8;67.8;67.5;67.5;50;0
Кубанэнр;60;20170823;170000;67.4;67.5;67;67;55;0
Кубанэнр;60;20170823;180000;68;68.5;68;68.5;4;0
Кубанэнр;60;20170824;100000;68.4;68.4;68.4;68.4;7;0
Кубанэнр;60;20170824;110000;68.4;68.4;68.4;68.4;1;0
Кубанэнр;60;20170824;120000;68.3;68.3;67;67;18;0
Кубанэнр;60;20170824;130000;67;67;66.5;66.8;33;0
Кубанэнр;60;20170824;140000;66.8;67.5;66.8;67.5;162;0
Кубанэнр;60;20170824;150000;67.1;67.9;66.6;67.9;47;0
Кубанэнр;60;20170824;160000;67.9;68;67.9;68;26;0
Кубанэнр;60;20170824;170000;68;68;68;68;24;0
Кубанэнр;60;20170824;180000;68;69.8;68;69.8;5850;0
Кубанэнр;60;20170825;110000;69.8;69.8;68;68;14;0
Кубанэнр;60;20170825;120000;68;68;68;68;25;0
Кубанэнр;60;20170825;130000;68;68;68;68;3;0
Кубанэнр;60;20170825;140000;67.5;68.8;67;68;117;0
Кубанэнр;60;20170825;160000;68.7;68.7;68.7;68.7;1;0
Кубанэнр;60;20170825;180000;68.7;68.7;68.7;68.7;1;0
Кубанэнр;60;20170828;110000;68.7;68.7;68.7;68.7;2;0
Кубанэнр;60;20170828;170000;67.1;68.8;67;68.8;4;0
Кубанэнр;60;20170828;180000;67;68.8;66.2;68.8;29;0
Кубанэнр;60;20170829;120000;68.7;68.7;68.7;68.7;2;0
Кубанэнр;60;20170829;160000;67.2;68.3;67;68.3;43;0
Кубанэнр;60;20170829;180000;68;68.4;68;68.4;5;0
Кубанэнр;60;20170830;100000;68.6;68.6;68.6;68.6;15;0
Кубанэнр;60;20170830;110000;68.7;69;68.7;69;22;0
Кубанэнр;60;20170830;120000;69.9;69.9;69.9;69.9;2;0
Кубанэнр;60;20170830;130000;70;70.1;70;70.1;14;0
Кубанэнр;60;20170830;140000;70;70;70;70;14;0
Кубанэнр;60;20170830;150000;70;70;70;70;2;0
Кубанэнр;60;20170830;160000;70;70.3;70;70.3;30;0
Кубанэнр;60;20170830;170000;70.5;71;70.5;71;21;0
Кубанэнр;60;20170831;100000;70;71;70;71;7;0
Кубанэнр;60;20170831;110000;71.1;71.1;69.2;69.2;19;0
Кубанэнр;60;20170831;120000;69.2;69.2;69.2;69.2;9;0
Кубанэнр;60;20170831;130000;69.5;70;69.5;70;26;0
Кубанэнр;60;20170831;140000;70;70;70;70;10;0
Кубанэнр;60;20170831;160000;70.1;71;69.5;71;59;0
Кубанэнр;60;20170831;170000;71;71;71;71;1;0
Кубанэнр;60;20170831;180000;71;71;71;71;1;0
Кубанэнр;60;20170901;100000;71.5;71.5;71.5;71.5;1;0
Кубанэнр;60;20170901;110000;70.1;70.1;70.1;70.1;1;0
Кубанэнр;60;20170901;140000;71.4;71.4;71.4;71.4;1;0
Кубанэнр;60;20170901;170000;71.4;72.7;71.4;72.7;39;0
Кубанэнр;60;20170901;180000;72;72.7;71.6;71.6;18;0
Кубанэнр;60;20170904;100000;72.8;72.9;71.5;71.5;13;0
Кубанэнр;60;20170904;110000;71;71;71;71;3;0
Кубанэнр;60;20170904;120000;72;72.5;72;72.5;3;0
Кубанэнр;60;20170904;130000;71.9;72.5;71.9;72.5;3;0
Кубанэнр;60;20170904;140000;72.7;72.8;72.5;72.5;20;0
Кубанэнр;60;20170904;150000;72.5;72.5;72.5;72.5;4;0
Кубанэнр;60;20170904;160000;72.5;72.5;72.5;72.5;47;0
Кубанэнр;60;20170904;170000;72.8;72.9;72.8;72.9;15;0
Кубанэнр;60;20170905;180000;72.9;72.9;72.9;72.9;4;0
Кубанэнр;60;20170906;120000;72.8;72.8;72.8;72.8;1;0
Кубанэнр;60;20170907;100000;72.8;72.9;72.8;72.9;4;0
Кубанэнр;60;20170907;160000;72.7;72.7;72.7;72.7;1;0
Кубанэнр;60;20170908;140000;72;72.7;72;72.7;2;0
Кубанэнр;60;20170911;130000;72.8;72.8;72.8;72.8;1;0
Кубанэнр;60;20170911;160000;72.2;72.2;69.6;70;41;0
Кубанэнр;60;20170911;170000;69.8;70;67.9;69;245;0
Кубанэнр;60;20170911;180000;69.7;70.6;68.5;70.5;123;0
Кубанэнр;60;20170912;100000;72.6;72.6;71;72;51;0
Кубанэнр;60;20170912;110000;72;72;71.9;71.9;86;0
Кубанэнр;60;20170912;130000;71.7;71.7;71.7;71.7;5;0
Кубанэнр;60;20170912;160000;71.6;72.6;71.6;72.6;70;0
Кубанэнр;60;20170912;170000;72.5;72.7;72.5;72.7;3;0
Кубанэнр;60;20170913;100000;72.9;72.9;72.8;72.9;11;0
Кубанэнр;60;20170913;110000;72.9;72.9;72.9;72.9;1;0
Кубанэнр;60;20170913;130000;72.8;72.9;68.7;68.7;33;0
Кубанэнр;60;20170913;140000;72.5;72.5;72.5;72.5;1;0
Кубанэнр;60;20170913;160000;71.1;71.1;71;71;2;0
Кубанэнр;60;20170913;170000;70.4;72.3;70.4;72.3;17;0
Кубанэнр;60;20170913;180000;71.1;72.3;71;72.3;6;0
Кубанэнр;60;20170914;100000;72.4;73.2;72.4;72.9;6;0
Кубанэнр;60;20170914;130000;72.6;72.8;72.6;72.8;17;0
Кубанэнр;60;20170914;140000;72.7;72.8;72.7;72.8;3;0
Кубанэнр;60;20170914;160000;72.6;72.6;72.6;72.6;1;0
Кубанэнр;60;20170914;170000;72.5;72.5;72.5;72.5;2;0
Кубанэнр;60;20170914;180000;72.7;72.7;72.7;72.7;70;0
Кубанэнр;60;20170915;100000;72.9;73;72.9;73;2;0
Кубанэнр;60;20170915;130000;70.3;70.3;70.3;70.3;1;0
Кубанэнр;60;20170915;140000;72.7;72.7;72.7;72.7;1;0
Кубанэнр;60;20170915;180000;72.6;72.8;68.3;71.9;127;0
Кубанэнр;60;20170918;100000;73.3;73.3;70.7;72.6;11;0
Кубанэнр;60;20170918;110000;72.7;72.7;71.3;71.3;9;0
Кубанэнр;60;20170918;140000;71.3;72.6;71.3;72.6;6;0
Кубанэнр;60;20170919;090000;72.8;72.8;72.8;72.8;10;0
Кубанэнр;60;20170919;100000;72.6;75.2;72.6;73.9;10;0
Кубанэнр;60;20170919;160000;73.5;73.6;73.5;73.6;26;0
Кубанэнр;60;20170919;170000;72.5;72.5;72.5;72.5;2;0
Кубанэнр;60;20170919;180000;73;73;73;73;1;0
Кубанэнр;60;20170920;110000;73;73.6;73;73.2;1731;0
Кубанэнр;60;20170920;170000;73.2;73.2;73.2;73.2;1;0
Кубанэнр;60;20170921;100000;73.7;73.7;73.7;73.7;5;0
Кубанэнр;60;20170921;110000;73.9;74;73.9;74;143;0
Кубанэнр;60;20170921;120000;73.3;73.3;73.3;73.3;3;0
Кубанэнр;60;20170921;170000;73;73.9;73;73.9;445;0
Кубанэнр;60;20170921;180000;73.9;73.9;73.9;73.9;10;0
Кубанэнр;60;20170922;140000;73.9;74;73.9;74;6;0
Кубанэнр;60;20170922;170000;74;74;74;74;23;0
Кубанэнр;60;20170925;100000;74.5;74.5;72;73.9;14;0
Кубанэнр;60;20170925;110000;72;73;72;73;68;0
Кубанэнр;60;20170925;130000;73.9;75;73.9;74.9;140;0
Кубанэнр;60;20170925;140000;74.9;75;74.9;75;231;0
Кубанэнр;60;20170925;180000;74;75;74;75;68;0
Кубанэнр;60;20170926;100000;75;75.1;75;75.1;42;0
Кубанэнр;60;20170926;110000;75.5;75.5;75.5;75.5;3;0
Кубанэнр;60;20170926;130000;75.5;75.5;75.5;75.5;1;0
Кубанэнр;60;20170926;160000;75.1;75.1;75.1;75.1;2;0
Кубанэнр;60;20170926;170000;75.1;75.1;75.1;75.1;1;0
Кубанэнр;60;20170926;180000;75.3;75.3;75.1;75.1;7;0
Кубанэнр;60;20170927;100000;75.3;75.3;72.2;72.2;48;0
Кубанэнр;60;20170927;120000;75.2;75.2;75.2;75.2;1;0
Кубанэнр;60;20170927;170000;73.9;74.4;73.9;74.4;3;0
Кубанэнр;60;20170927;180000;73.5;74.2;73;74.2;46;0
Кубанэнр;60;20170928;100000;75.6;75.6;70.6;70.6;10;0
Кубанэнр;60;20170928;110000;73;73;73;73;1;0
Кубанэнр;60;20170928;130000;72.5;73.8;72;73.8;12;0
Кубанэнр;60;20170928;150000;73.9;73.9;73.9;73.9;1;0
Кубанэнр;60;20170928;170000;73.9;74;73.9;74;35;0
Кубанэнр;60;20170928;180000;73;74;73;74;5;0
Кубанэнр;60;20170929;100000;74;75.5;74;75.5;30;0
Кубанэнр;60;20170929;110000;74.9;74.9;74;74;4;0
Кубанэнр;60;20170929;120000;74;74;73.3;73.3;6;0
Кубанэнр;60;20170929;150000;74;74.5;74;74.5;14;0
Кубанэнр;60;20170929;170000;74.9;75.3;74.9;75.3;111;0
Кубанэнр;60;20170929;180000;75;75;75;75;2;0
Кубанэнр;60;20171002;100000;72.9;75;71;75;29;0
Кубанэнр;60;20171002;160000;73.6;74.9;73.6;74.9;2;0
Кубанэнр;60;20171002;180000;73.6;74.9;73.6;74.9;2;0
Кубанэнр;60;20171003;120000;75;75.6;75;75;11;0
Кубанэнр;60;20171003;140000;75.4;75.4;75.4;75.4;1;0
Кубанэнр;60;20171003;160000;74.9;74.9;74.9;74.9;1;0
Кубанэнр;60;20171004;100000;74.6;74.6;74.6;74.6;2;0
Кубанэнр;60;20171004;110000;74.6;74.6;74.6;74.6;1;0
Кубанэнр;60;20171004;130000;74.5;74.5;74.5;74.5;5;0
Кубанэнр;60;20171004;140000;74.5;74.5;74.5;74.5;1;0
Кубанэнр;60;20171004;160000;74;75.5;72.2;75.5;22;0
Кубанэнр;60;20171004;170000;73.5;73.5;73.4;73.4;2;0
Кубанэнр;60;20171004;180000;73.4;75;73.4;74;10;0
Кубанэнр;60;20171005;100000;75;75;75;75;1;0
Кубанэнр;60;20171005;110000;73.6;74;73;74;8;0
Кубанэнр;60;20171005;120000;72.8;72.8;72.2;72.2;6;0
Кубанэнр;60;20171005;130000;73.5;73.5;71.6;71.6;29;0
Кубанэнр;60;20171005;140000;73.7;73.8;73;73.8;3;0
Кубанэнр;60;20171005;160000;72.9;73;72.9;73;5;0
Кубанэнр;60;20171005;170000;73.5;73.5;73.5;73.5;2;0
Кубанэнр;60;20171006;170000;72.7;72.7;72.7;72.7;1;0
Кубанэнр;60;20171006;180000;74;74;74;74;1;0
Кубанэнр;60;20171009;100000;74.7;74.7;73.5;73.5;5;0
Кубанэнр;60;20171009;110000;73;73;72.7;72.7;9;0
Кубанэнр;60;20171009;130000;72.6;72.6;72.6;72.6;6;0
Кубанэнр;60;20171009;140000;73.5;74;73.5;74;15;0
Кубанэнр;60;20171010;120000;74;74.7;74;74.7;13;0
Кубанэнр;60;20171010;130000;74.9;75;74.9;75;7;0
Кубанэнр;60;20171010;140000;74.1;74.1;74;74;7;0
Кубанэнр;60;20171011;130000;74.4;74.5;74.4;74.5;4;0
Кубанэнр;60;20171011;150000;74.5;74.5;74.5;74.5;7;0
Кубанэнр;60;20171012;100000;74.5;77.6;74.5;77.6;47;0
Кубанэнр;60;20171012;110000;76;76;76;76;2;0
Кубанэнр;60;20171012;170000;76.2;77.7;76.2;77;49;0
Кубанэнр;60;20171012;180000;77.7;77.7;77;77;12;0
Кубанэнр;60;20171013;100000;76.1;78.5;76;78.5;14;0
Кубанэнр;60;20171013;110000;78.9;79.8;78.9;79.4;32;0
Кубанэнр;60;20171013;120000;78.5;79.5;78.5;79.5;14;0
Кубанэнр;60;20171013;160000;78.5;79.5;78.5;79.5;2;0
Кубанэнр;60;20171013;180000;78.5;78.5;77;78;41;0
Кубанэнр;60;20171016;100000;78;80.5;78;80.5;26;0
Кубанэнр;60;20171016;110000;80.5;80.8;80.4;80.4;5;0
Кубанэнр;60;20171016;120000;80.1;80.1;80.1;80.1;9;0
Кубанэнр;60;20171016;130000;80.5;80.5;80.5;80.5;1;0
Кубанэнр;60;20171016;140000;80.8;80.8;80.8;80.8;10;0
Кубанэнр;60;20171016;150000;80.5;80.5;80.5;80.5;1;0
Кубанэнр;60;20171016;170000;80.6;80.6;80.5;80.5;3;0
Кубанэнр;60;20171016;180000;81;83.3;81;83.1;74;0
Кубанэнр;60;20171017;100000;83.5;83.5;83.5;83.5;2;0
Кубанэнр;60;20171017;110000;83.5;83.5;83.5;83.5;2;0
Кубанэнр;60;20171017;130000;83.1;83.1;83;83;3;0
Кубанэнр;60;20171017;140000;82.2;82.2;79.1;79.1;55;0
Кубанэнр;60;20171017;150000;80.9;82.8;80.9;81;22;0
Кубанэнр;60;20171017;160000;81;81;81;81;4;0
Кубанэнр;60;20171017;170000;81.4;82;81.4;82;6;0
Кубанэнр;60;20171017;180000;81.1;82;81.1;82;7;0
Кубанэнр;60;20171019;110000;81.1;81.1;78.5;78.5;20;0
Кубанэнр;60;20171019;120000;79.5;79.5;79.5;79.5;1;0
Кубанэнр;60;20171019;130000;79.4;79.4;79.4;79.4;2;0
Кубанэнр;60;20171019;150000;79;79.6;78.1;79.6;7;0
Кубанэнр;60;20171019;160000;78.1;79.6;78;79.6;5;0
Кубанэнр;60;20171019;180000;79;79;79;79;2;0
Кубанэнр;60;20171020;100000;79;80;79;80;7;0
Кубанэнр;60;20171020;110000;80.4;80.5;80;80;9;0
Кубанэнр;60;20171020;120000;80.1;80.1;80.1;80.1;1;0
Кубанэнр;60;20171020;130000;80;80;80;80;1;0
Кубанэнр;60;20171023;150000;80.7;81;80.7;81;5;0
Кубанэнр;60;20171023;160000;81;81;81;81;1;0
Кубанэнр;60;20171023;170000;81.5;81.5;81.5;81.5;2;0
Кубанэнр;60;20171023;180000;81.8;82;81.8;81.9;20;0
Кубанэнр;60;20171024;100000;82;82;82;82;8;0
Кубанэнр;60;20171024;170000;81.1;81.1;80;80;24;0
Кубанэнр;60;20171024;180000;80;81.3;80;80;28;0
Кубанэнр;60;20171026;110000;79.5;80.5;76.5;79;29;0
Кубанэнр;60;20171026;120000;79;79.4;79;79.4;5;0
Кубанэнр;60;20171027;100000;79.5;79.5;79.5;79.5;4;0
Кубанэнр;60;20171027;160000;79.5;79.5;77.5;79;16;0
Кубанэнр;60;20171030;120000;78.1;79.5;78.1;79.5;121;0
Кубанэнр;60;20171030;140000;79.5;79.5;79.5;79.5;7;0
Кубанэнр;60;20171030;170000;79.7;79.7;79.7;79.7;1;0
Кубанэнр;60;20171030;180000;79.5;79.5;79.5;79.5;2;0
Кубанэнр;60;20171031;110000;78.5;78.5;77.5;78.4;8;0
Кубанэнр;60;20171101;100000;77.1;78.5;77.1;78.5;4;0
Кубанэнр;60;20171101;110000;77.7;78;76.9;78;17;0
Кубанэнр;60;20171101;130000;77.9;78;77.9;78;3;0
Кубанэнр;60;20171101;170000;77.2;77.2;77.2;77.2;1;0
Кубанэнр;60;20171102;100000;78.4;79;78.4;79;175;0
Кубанэнр;60;20171102;180000;78.7;78.7;78.7;78.7;1;0
Кубанэнр;60;20171103;120000;78.1;78.1;78.1;78.1;1;0
Кубанэнр;60;20171103;130000;79.1;79.1;79.1;79.1;1;0
Кубанэнр;60;20171103;150000;79.1;79.5;79.1;79.5;8;0
Кубанэнр;60;20171103;170000;79.5;79.9;79.5;79.9;3;0
Кубанэнр;60;20171103;180000;79.5;79.8;79.5;79.5;16;0
Кубанэнр;60;20171107;100000;80;80;80;80;2;0
Кубанэнр;60;20171107;160000;79.1;79.1;79;79;2;0
Кубанэнр;60;20171107;170000;79.4;79.4;79.4;79.4;1;0
Кубанэнр;60;20171107;180000;79.3;79.3;77.1;79;14;0
Кубанэнр;60;20171108;120000;78.7;79.5;78.7;79.5;6;0
Кубанэнр;60;20171108;180000;78.5;78.5;78;78;9;0
Кубанэнр;60;20171109;140000;77.9;77.9;77.9;77.9;30;0
Кубанэнр;60;20171110;110000;78;78;78;78;1;0
Кубанэнр;60;20171113;120000;77.7;79;77;79;21;0
Кубанэнр;60;20171113;130000;79.5;81.7;79.5;81.7;15;0
Кубанэнр;60;20171113;140000;80.2;80.5;79.6;80.5;10;0
Кубанэнр;60;20171113;150000;81;81.4;81;81.4;42;0
Кубанэнр;60;20171113;160000;81.5;81.9;81.5;81.9;11;0
Кубанэнр;60;20171113;170000;81.5;81.9;79;81;128;0
Кубанэнр;60;20171113;180000;81.5;81.9;81.5;81.9;6;0
Кубанэнр;60;20171114;100000;82;82.5;82;82.5;4;0
Кубанэнр;60;20171114;120000;82.7;82.7;82.7;82.7;1;0
Кубанэнр;60;20171114;160000;81.6;81.6;81.5;81.5;4;0
Кубанэнр;60;20171114;170000;81.1;82.4;81.1;82.4;3;0
Кубанэнр;60;20171115;110000;82.5;82.5;82.5;82.5;2;0
Кубанэнр;60;20171115;120000;81.6;81.6;81.6;81.6;1;0
Кубанэнр;60;20171115;130000;82;82;80.6;80.6;7;0
Кубанэнр;60;20171115;140000;80.5;80.5;80.5;80.5;2;0
Кубанэнр;60;20171115;150000;80.1;80.1;80.1;80.1;1;0
Кубанэнр;60;20171115;160000;80.1;80.1;80;80;6;0
Кубанэнр;60;20171116;100000;80;80;80;80;10;0
Кубанэнр;60;20171116;110000;80;80;80;80;20;0
Кубанэнр;60;20171116;150000;79.5;79.5;78.1;79.5;10;0
Кубанэнр;60;20171116;160000;79.5;79.5;79.5;79.5;9;0
Кубанэнр;60;20171116;180000;79.1;79.4;79;79.4;5;0
Кубанэнр;60;20171117;100000;79.5;79.7;79.4;79.7;7;0
Кубанэнр;60;20171117;160000;78.9;78.9;78.9;78.9;1;0
Кубанэнр;60;20171117;180000;79.6;79.6;79.6;79.6;1;0
Кубанэнр;60;20171120;100000;78.8;78.8;78.7;78.7;3;0
Кубанэнр;60;20171120;110000;79.9;79.9;79.9;79.9;1;0
Кубанэнр;60;20171120;120000;79;79.9;79;79.9;11;0
Кубанэнр;60;20171120;140000;79.1;79.1;79;79;36;0
Кубанэнр;60;20171120;150000;79;79.4;79;79.4;4;0
Кубанэнр;60;20171120;160000;79.9;80;79.9;80;30;0
Кубанэнр;60;20171121;100000;79.1;79.1;78.1;78.1;8;0
Кубанэнр;60;20171121;110000;79.5;80;79.5;80;3;0
Кубанэнр;60;20171121;140000;80;80.3;80;80.3;2;0
Кубанэнр;60;20171121;160000;80;80;79.3;79.3;20;0
Кубанэнр;60;20171121;180000;79.3;79.3;79.3;79.3;1;0
Кубанэнр;60;20171122;120000;80;80.2;80;80.2;36;0
Кубанэнр;60;20171122;130000;80.2;80.2;80.2;80.2;1;0
Кубанэнр;60;20171122;180000;79.7;79.7;79.7;79.7;15;0
Кубанэнр;60;20171123;110000;79.6;79.6;79;79;23;0
Кубанэнр;60;20171123;120000;79;79;79;79;1;0
Кубанэнр;60;20171123;170000;78.9;78.9;78.9;78.9;2;0
Кубанэнр;60;20171123;180000;79;79;79;79;6;0
Кубанэнр;60;20171124;130000;78.6;78.9;78.5;78.9;6;0
Кубанэнр;60;20171124;170000;78.9;78.9;78.9;78.9;5;0
Кубанэнр;60;20171124;180000;78.9;78.9;78.9;78.9;1;0
Кубанэнр;60;20171128;120000;80.1;80.1;80;80;31;0
Кубанэнр;60;20171129;170000;79.1;79.1;79.1;79.1;8;0
Кубанэнр;60;20171129;180000;79.9;79.9;79.9;79.9;4;0
Кубанэнр;60;20171130;130000;79.1;79.1;79;79;6;0
Кубанэнр;60;20171130;140000;78.5;78.5;78.5;78.5;2;0
Кубанэнр;60;20171130;150000;78;78;78;78;4;0
Кубанэнр;60;20171130;160000;78.3;78.3;78.3;78.3;3;0
Кубанэнр;60;20171201;110000;79;79;79;79;2;0
Кубанэнр;60;20171201;140000;79;79;78;78;19;0
Кубанэнр;60;20171201;160000;77.5;77.5;77.5;77.5;1;0
Кубанэнр;60;20171201;170000;77.5;77.5;76;76.5;29;0
Кубанэнр;60;20171201;180000;77.7;78;77.1;78;13;0
Кубанэнр;60;20171204;120000;76.3;76.4;76.3;76.3;36;0
Кубанэнр;60;20171204;130000;76.3;79.7;76.3;79;40;0
Кубанэнр;60;20171204;150000;79.2;79.2;79.2;79.2;1;0
Кубанэнр;60;20171204;160000;79.1;79.1;79;79;8;0
Кубанэнр;60;20171204;170000;78.1;78.1;77.5;77.5;12;0
Кубанэнр;60;20171204;180000;78.4;78.4;78.4;78.4;1;0
Кубанэнр;60;20171205;100000;76.6;78.8;75.7;78;82;0
Кубанэнр;60;20171205;170000;77.7;78;77.7;78;45;0
Кубанэнр;60;20171206;130000;76.9;76.9;76.9;76.9;1;0
Кубанэнр;60;20171206;150000;78.5;78.5;76.1;76.1;29;0
Кубанэнр;60;20171206;160000;76.9;76.9;76.9;76.9;1;0
Кубанэнр;60;20171207;150000;77;77;75;75;103;0
Кубанэнр;60;20171207;160000;74.4;74.4;74.4;74.4;1;0
Кубанэнр;60;20171207;170000;74.8;75;74.8;75;15;0
Кубанэнр;60;20171207;180000;74.8;74.9;74.8;74.9;20;0
Кубанэнр;60;20171208;110000;74.6;75;73.6;75;33;0
Кубанэнр;60;20171208;160000;74.1;74.1;70;73.8;282;0
Кубанэнр;60;20171208;170000;73.7;73.7;73.7;73.7;1;0
Кубанэнр;60;20171211;160000;74.5;74.5;74.5;74.5;55;0
Кубанэнр;60;20171211;180000;74.5;74.5;74.5;74.5;14;0
Кубанэнр;60;20171212;110000;74.5;74.6;74.5;74.5;45;0
Кубанэнр;60;20171212;130000;74.7;74.9;74.7;74.9;35;0
Кубанэнр;60;20171212;170000;74.8;75;74.8;75;5;0
Кубанэнр;60;20171213;110000;74.1;74.1;74.1;74.1;1;0
Кубанэнр;60;20171213;130000;75.3;75.3;75.3;75.3;1;0
Кубанэнр;60;20171213;140000;75.4;75.4;75.4;75.4;2;0
Кубанэнр;60;20171213;160000;75.5;75.5;74.1;74.1;12;0
Кубанэнр;60;20171213;170000;74.1;74.1;74;74;5;0
Кубанэнр;60;20171214;100000;73.6;73.6;73.6;73.6;2;0
Кубанэнр;60;20171214;140000;74;74;74;74;35;0
Кубанэнр;60;20171214;150000;75.4;75.4;75.4;75.4;1;0
Кубанэнр;60;20171214;180000;73.5;73.5;73.5;73.5;1;0
Кубанэнр;60;20171215;150000;73.5;73.5;73.5;73.5;1;0
Кубанэнр;60;20171218;120000;72.2;73;72;72;8;0
Кубанэнр;60;20171218;130000;72.9;72.9;72.9;72.9;1;0
Кубанэнр;60;20171218;140000;72.9;74;72.9;74;25;0
Кубанэнр;60;20171218;150000;74.3;74.5;74.3;74.5;8;0
Кубанэнр;60;20171219;140000;73.6;73.6;72.5;72.5;16;0
Кубанэнр;60;20171219;150000;72;72;71.6;71.6;26;0
Кубанэнр;60;20171219;170000;72.9;72.9;72.9;72.9;2;0
Кубанэнр;60;20171219;180000;72.9;72.9;72.9;72.9;6;0
Кубанэнр;60;20171220;100000;72.9;72.9;72.9;72.9;4;0
Кубанэнр;60;20171220;110000;71.3;71.3;71.3;71.3;1;0
Кубанэнр;60;20171220;120000;72.9;72.9;72.9;72.9;1;0
Кубанэнр;60;20171220;140000;72.9;72.9;72.9;72.9;1;0
Кубанэнр;60;20171221;100000;70.6;73.1;70.6;73.1;3;0
Кубанэнр;60;20171221;110000;71;71;71;71;1;0
Кубанэнр;60;20171221;120000;71.9;72;71.9;72;102;0
Кубанэнр;60;20171221;130000;72;73;72;73;63;0
Кубанэнр;60;20171221;140000;72.1;72.1;71;71;59;0
Кубанэнр;60;20171221;150000;71;72.9;71;72.9;8;0
Кубанэнр;60;20171221;170000;71.9;71.9;71.9;71.9;1;0
Кубанэнр;60;20171221;180000;71.8;71.8;71.8;71.8;1;0
Кубанэнр;60;20171222;140000;70.9;71.3;70.2;71.3;11;0
Кубанэнр;60;20171222;150000;71.2;71.2;71.2;71.2;1;0
Кубанэнр;60;20171222;170000;71.3;71.3;71.3;71.3;1;0
Кубанэнр;60;20171222;180000;71;71;70;70;31;0
Кубанэнр;60;20171225;100000;70.7;70.8;70.7;70.8;23;0
Кубанэнр;60;20171225;110000;70.1;74.6;70;74.5;260;0
Кубанэнр;60;20171225;120000;74.5;74.5;74.4;74.5;39;0
Кубанэнр;60;20171225;160000;74.5;74.5;74.4;74.4;6;0
Кубанэнр;60;20171225;170000;74.3;78.4;74.3;77.5;113;0
Кубанэнр;60;20171225;180000;77.9;79;77.9;78;33;0
Кубанэнр;60;20171226;100000;77.5;79;77.5;78.5;10;0
Кубанэнр;60;20171226;130000;78;79.3;78;79;30;0
Кубанэнр;60;20171226;140000;79.3;79.5;79.3;79.4;30;0
Кубанэнр;60;20171226;150000;79.3;79.3;78.1;78.1;7;0
Кубанэнр;60;20171226;160000;79.2;79.3;79.2;79.3;5;0
Кубанэнр;60;20171226;170000;78;79.3;78;79.3;10;0
Кубанэнр;60;20171227;100000;79.3;79.5;79.3;79.5;5;0
Кубанэнр;60;20171227;110000;79.5;79.5;78.1;78.1;16;0
Кубанэнр;60;20171227;120000;78.1;79.4;78.1;79.4;4;0
Кубанэнр;60;20171227;170000;78;78;78;78;1;0
Кубанэнр;60;20171228;110000;78;78;78;78;1;0
Кубанэнр;60;20171228;130000;78;78;78;78;31;0
Кубанэнр;60;20171228;150000;78.5;78.5;78.5;78.5;1;0
Кубанэнр;60;20171228;170000;77.5;77.5;77.5;77.5;2;0
Кубанэнр;60;20171229;100000;78;78.5;78;78.5;2;0
Кубанэнр;60;20171229;150000;78.4;78.4;78.4;78.4;1;0
