<TICKER>;<PER>;<DATE>;<TIME>;<OPEN>;<HIGH>;<LOW>;<CLOSE>;<VOL>;<OPENINT>
Лензолото;60;20170124;100000;8820;8820;8800;8800;15;0
Лензолото;60;20170124;110000;8790;8790;8770;8770;2;0
Лензолото;60;20170124;160000;8770;8770;8770;8770;1;0
Лензолото;60;20170124;180000;8780;8780;8780;8780;5;0
Лензолото;60;20170125;100000;8810;8820;8760;8760;8;0
Лензолото;60;20170125;110000;8760;8760;8760;8760;1;0
Лензолото;60;20170125;130000;8780;8780;8760;8760;5;0
Лензолото;60;20170125;140000;8770;8770;8770;8770;1;0
Лензолото;60;20170125;150000;8770;8770;8770;8770;3;0
Лензолото;60;20170125;160000;8870;8880;8870;8880;4;0
Лензолото;60;20170125;170000;8880;9000;8880;8940;44;0
Лензолото;60;20170125;180000;9000;9300;9000;9300;96;0
Лензолото;60;20170126;100000;9200;9200;9140;9140;32;0
Лензолото;60;20170126;110000;9100;9100;8920;8920;41;0
Лензолото;60;20170126;120000;9000;9070;8970;9070;3;0
Лензолото;60;20170126;130000;9080;9130;9080;9130;50;0
Лензолото;60;20170126;140000;9130;9140;9130;9140;22;0
Лензолото;60;20170126;150000;9140;9140;9140;9140;18;0
Лензолото;60;20170126;170000;9140;9140;9140;9140;7;0
Лензолото;60;20170126;180000;9140;9140;9120;9120;24;0
Лензолото;60;20170127;130000;9130;9140;9130;9140;2;0
Лензолото;60;20170127;140000;9100;9100;9100;9100;2;0
Лензолото;60;20170127;160000;9130;9130;9100;9100;2;0
Лензолото;60;20170127;170000;9110;9120;9000;9120;18;0
Лензолото;60;20170127;180000;9010;9130;9010;9130;2;0
Лензолото;60;20170130;110000;9130;9130;9130;9130;1;0
Лензолото;60;20170130;120000;9000;9130;9000;9130;16;0
Лензолото;60;20170130;170000;9130;9130;9130;9130;1;0
Лензолото;60;20170131;100000;9000;9000;9000;9000;1;0
Лензолото;60;20170131;110000;9110;9130;9110;9130;2;0
Лензолото;60;20170131;120000;9130;9140;9130;9140;4;0
Лензолото;60;20170131;130000;9130;9130;9130;9130;2;0
Лензолото;60;20170131;180000;9120;9120;9120;9120;1;0
Лензолото;60;20170201;110000;9030;9030;9010;9020;5;0
Лензолото;60;20170201;120000;9020;9170;9020;9170;31;0
Лензолото;60;20170201;130000;9180;9200;9150;9150;32;0
Лензолото;60;20170201;140000;9200;9250;9200;9250;18;0
Лензолото;60;20170201;150000;9270;9270;9270;9270;1;0
Лензолото;60;20170201;160000;9260;9260;9260;9260;6;0
Лензолото;60;20170201;170000;9260;9280;9250;9280;24;0
Лензолото;60;20170201;180000;9250;9250;9250;9250;1;0
Лензолото;60;20170202;100000;9220;9220;9130;9180;26;0
Лензолото;60;20170202;110000;9120;9290;9000;9290;25;0
Лензолото;60;20170202;120000;9200;9200;9110;9110;17;0
Лензолото;60;20170202;140000;9230;9230;9230;9230;1;0
Лензолото;60;20170202;150000;9130;9180;9010;9180;26;0
Лензолото;60;20170202;180000;9050;9070;9010;9070;6;0
Лензолото;60;20170203;110000;9010;9110;9000;9000;68;0
Лензолото;60;20170203;120000;8960;8960;8960;8960;1;0
Лензолото;60;20170203;150000;9000;9000;9000;9000;8;0
Лензолото;60;20170203;170000;9100;9100;9100;9100;1;0
Лензолото;60;20170203;180000;9090;9180;9090;9180;22;0
Лензолото;60;20170206;100000;9170;9170;9090;9090;11;0
Лензолото;60;20170206;120000;9090;9090;9090;9090;1;0
Лензолото;60;20170206;130000;9080;9080;9040;9040;26;0
Лензолото;60;20170206;170000;9050;9050;9050;9050;5;0
Лензолото;60;20170206;180000;9050;9050;9000;9000;10;0
Лензолото;60;20170207;100000;9000;9020;9000;9020;6;0
Лензолото;60;20170207;110000;9020;9090;9020;9090;11;0
Лензолото;60;20170207;140000;9050;9050;9050;9050;1;0
Лензолото;60;20170207;150000;9100;9130;9050;9060;10;0
Лензолото;60;20170207;160000;9140;9140;9140;9140;2;0
Лензолото;60;20170207;180000;9090;9090;9080;9080;2;0
Лензолото;60;20170208;100000;9400;9400;9090;9090;4;0
Лензолото;60;20170208;110000;9190;9270;9090;9150;66;0
Лензолото;60;20170208;140000;9170;9170;9110;9110;11;0
Лензолото;60;20170208;170000;9160;9160;9160;9160;20;0
Лензолото;60;20170208;180000;9180;9180;9180;9180;1;0
Лензолото;60;20170209;110000;9140;9140;9140;9140;4;0
Лензолото;60;20170209;120000;9130;9130;9110;9110;6;0
Лензолото;60;20170209;130000;9110;9110;9110;9110;1;0
Лензолото;60;20170209;140000;9100;9150;9100;9150;10;0
Лензолото;60;20170209;160000;9140;9140;9140;9140;1;0
Лензолото;60;20170210;100000;9100;9170;9080;9080;13;0
Лензолото;60;20170210;120000;9080;9080;9000;9000;15;0
Лензолото;60;20170210;130000;9030;9030;9030;9030;1;0
Лензолото;60;20170210;150000;9100;9120;9100;9120;5;0
Лензолото;60;20170210;170000;9150;9190;9120;9120;24;0
Лензолото;60;20170210;180000;9110;9210;9080;9200;13;0
Лензолото;60;20170213;100000;9190;9190;9040;9110;12;0
Лензолото;60;20170213;110000;9190;9190;9110;9110;2;0
Лензолото;60;20170213;130000;9130;9130;9130;9130;1;0
Лензолото;60;20170213;150000;9060;9060;9060;9060;1;0
Лензолото;60;20170213;170000;9060;9060;9060;9060;1;0
Лензолото;60;20170213;180000;9050;9050;9010;9010;5;0
Лензолото;60;20170214;100000;9030;9030;9030;9030;1;0
Лензолото;60;20170214;110000;9000;9000;8920;8920;18;0
Лензолото;60;20170214;120000;8950;8950;8900;8900;42;0
Лензолото;60;20170214;150000;8900;8910;8900;8910;3;0
Лензолото;60;20170214;180000;8900;8900;8900;8900;5;0
Лензолото;60;20170215;100000;8920;8930;8920;8930;6;0
Лензолото;60;20170215;110000;8900;8900;8800;8830;15;0
Лензолото;60;20170215;130000;8820;8820;8820;8820;1;0
Лензолото;60;20170215;160000;8890;8890;8890;8890;10;0
Лензолото;60;20170215;180000;8860;8860;8860;8860;1;0
Лензолото;60;20170216;100000;8840;8840;8800;8800;10;0
Лензолото;60;20170216;110000;8880;8880;8880;8880;1;0
Лензолото;60;20170216;130000;8850;8850;8850;8850;1;0
Лензолото;60;20170216;140000;8860;8880;8860;8880;7;0
Лензолото;60;20170216;170000;8880;8900;8880;8900;12;0
Лензолото;60;20170217;110000;8950;8950;8950;8950;8;0
Лензолото;60;20170217;120000;8920;8920;8920;8920;1;0
Лензолото;60;20170217;160000;8920;8920;8920;8920;5;0
Лензолото;60;20170217;170000;8890;8910;8830;8910;8;0
Лензолото;60;20170220;100000;8950;8950;8950;8950;2;0
Лензолото;60;20170220;110000;8930;8930;8930;8930;10;0
Лензолото;60;20170220;150000;8870;8870;8860;8860;3;0
Лензолото;60;20170220;160000;8860;8860;8860;8860;1;0
Лензолото;60;20170221;120000;8880;9000;8880;9000;41;0
Лензолото;60;20170221;130000;9000;9000;9000;9000;2;0
Лензолото;60;20170221;140000;9000;9000;8830;8830;8;0
Лензолото;60;20170222;100000;9000;9030;9000;9030;56;0
Лензолото;60;20170222;110000;9020;9020;9020;9020;5;0
Лензолото;60;20170222;120000;9010;9030;9010;9030;5;0
Лензолото;60;20170222;130000;9020;9020;8870;8870;9;0
Лензолото;60;20170222;150000;8960;8960;8960;8960;1;0
Лензолото;60;20170222;160000;8900;8900;8900;8900;5;0
Лензолото;60;20170222;180000;8970;8990;8970;8990;2;0
Лензолото;60;20170224;100000;9030;9030;9030;9030;2;0
Лензолото;60;20170224;130000;9010;9030;9010;9030;4;0
Лензолото;60;20170224;180000;8980;8980;8980;8980;1;0
Лензолото;60;20170227;120000;8960;8960;8960;8960;3;0
Лензолото;60;20170227;140000;8990;9030;8990;9030;5;0
Лензолото;60;20170227;150000;9020;9040;9020;9040;21;0
Лензолото;60;20170227;160000;8970;8970;8970;8970;2;0
Лензолото;60;20170227;170000;8960;8960;8960;8960;2;0
Лензолото;60;20170227;180000;8970;8970;8960;8960;10;0
Лензолото;60;20170228;100000;8920;8920;8600;8800;59;0
Лензолото;60;20170228;110000;8720;8920;8700;8920;5;0
Лензолото;60;20170228;120000;8820;8930;8730;8930;5;0
Лензолото;60;20170228;140000;8800;8800;8800;8800;1;0
Лензолото;60;20170228;150000;8810;8810;8800;8800;16;0
Лензолото;60;20170301;100000;8750;8750;8750;8750;1;0
Лензолото;60;20170301;110000;8820;8880;8800;8870;11;0
Лензолото;60;20170301;170000;8780;8780;8730;8730;16;0
Лензолото;60;20170301;180000;8800;8820;8800;8820;43;0
Лензолото;60;20170302;100000;8890;9290;8890;8970;118;0
Лензолото;60;20170302;120000;9150;9150;9150;9150;23;0
Лензолото;60;20170302;150000;9010;9010;9010;9010;1;0
Лензолото;60;20170302;170000;9000;9000;8990;9000;6;0
Лензолото;60;20170303;100000;8990;9090;8880;9090;15;0
Лензолото;60;20170303;110000;9080;9140;9080;9140;15;0
Лензолото;60;20170303;130000;9150;9150;9140;9140;41;0
Лензолото;60;20170303;140000;9110;9120;9050;9050;3;0
Лензолото;60;20170303;160000;9100;9130;9100;9120;10;0
Лензолото;60;20170303;170000;9130;9150;9130;9150;12;0
Лензолото;60;20170303;180000;9150;9170;9150;9160;7;0
Лензолото;60;20170306;110000;9070;9070;9070;9070;5;0
Лензолото;60;20170306;130000;9050;9050;9050;9050;23;0
Лензолото;60;20170306;150000;9060;9060;9050;9050;4;0
Лензолото;60;20170306;180000;9050;9100;9050;9100;3;0
Лензолото;60;20170307;110000;9050;9050;8990;8990;10;0
Лензолото;60;20170307;120000;8980;8980;8950;8950;4;0
Лензолото;60;20170307;130000;8950;8950;8950;8950;1;0
Лензолото;60;20170307;140000;8900;8900;8800;8800;24;0
Лензолото;60;20170307;150000;8800;8800;8800;8800;1;0
Лензолото;60;20170307;160000;8800;8800;8790;8790;4;0
Лензолото;60;20170307;170000;8790;8880;8750;8880;5;0
Лензолото;60;20170309;100000;8700;8760;8690;8750;16;0
Лензолото;60;20170309;110000;8750;8750;8730;8740;9;0
Лензолото;60;20170309;120000;8750;8750;8750;8750;8;0
Лензолото;60;20170309;130000;8770;8770;8760;8760;5;0
Лензолото;60;20170309;150000;8720;8720;8600;8600;8;0
Лензолото;60;20170309;160000;8460;8650;8300;8300;31;0
Лензолото;60;20170309;170000;8300;8620;8300;8400;19;0
Лензолото;60;20170309;180000;8590;8590;8590;8590;1;0
Лензолото;60;20170310;100000;8130;8440;8130;8440;8;0
Лензолото;60;20170310;130000;8470;8470;8470;8470;1;0
Лензолото;60;20170310;150000;8570;8570;8570;8570;1;0
Лензолото;60;20170310;180000;8480;8480;8470;8470;2;0
Лензолото;60;20170313;100000;8520;8520;8520;8520;1;0
Лензолото;60;20170313;160000;8510;8510;8510;8510;1;0
Лензолото;60;20170313;170000;8520;8520;8520;8520;1;0
Лензолото;60;20170314;110000;8520;8550;8520;8550;5;0
Лензолото;60;20170314;120000;8420;8420;8400;8400;2;0
Лензолото;60;20170314;130000;8540;8550;8540;8550;3;0
Лензолото;60;20170314;140000;8570;8570;8450;8450;3;0
Лензолото;60;20170314;150000;8440;8590;8430;8590;9;0
Лензолото;60;20170314;160000;8470;8470;8400;8400;14;0
Лензолото;60;20170315;100000;8440;8450;8320;8320;13;0
Лензолото;60;20170315;110000;8370;8430;8350;8430;4;0
Лензолото;60;20170315;120000;8420;8440;8420;8440;2;0
Лензолото;60;20170315;160000;8440;8450;8440;8450;2;0
Лензолото;60;20170315;170000;8440;8440;8320;8320;2;0
Лензолото;60;20170316;100000;8310;8340;8310;8340;5;0
Лензолото;60;20170316;110000;8350;8350;8350;8350;2;0
Лензолото;60;20170316;130000;8360;8360;8360;8360;1;0
Лензолото;60;20170316;140000;8330;8360;8300;8360;15;0
Лензолото;60;20170316;160000;8330;8330;8330;8330;1;0
Лензолото;60;20170317;110000;8370;8370;8360;8360;2;0
Лензолото;60;20170317;140000;8370;8370;8320;8320;6;0
Лензолото;60;20170317;160000;8360;8410;8360;8410;9;0
Лензолото;60;20170317;170000;8410;8430;8410;8430;4;0
Лензолото;60;20170320;100000;8450;8450;8450;8450;1;0
Лензолото;60;20170320;110000;8480;8490;8480;8490;2;0
Лензолото;60;20170320;120000;8480;8480;8470;8470;2;0
Лензолото;60;20170320;130000;8450;8450;8450;8450;1;0
Лензолото;60;20170320;140000;8490;8490;8490;8490;3;0
Лензолото;60;20170320;150000;8520;8520;8500;8500;10;0
Лензолото;60;20170320;160000;8500;8500;8500;8500;1;0
Лензолото;60;20170321;100000;8510;8510;8470;8470;7;0
Лензолото;60;20170321;110000;8510;8530;8500;8530;12;0
Лензолото;60;20170321;130000;8490;8490;8470;8470;6;0
Лензолото;60;20170321;140000;8460;8460;8460;8460;1;0
Лензолото;60;20170321;170000;8450;8450;8450;8450;6;0
Лензолото;60;20170321;180000;8450;8450;8410;8410;10;0
Лензолото;60;20170322;110000;8350;8450;8330;8400;29;0
Лензолото;60;20170322;120000;8450;8450;8450;8450;1;0
Лензолото;60;20170322;160000;8460;8460;8460;8460;2;0
Лензолото;60;20170322;180000;8450;8450;8450;8450;4;0
Лензолото;60;20170323;100000;8420;8420;8400;8410;6;0
Лензолото;60;20170323;130000;8470;8500;8470;8480;10;0
Лензолото;60;20170323;140000;8480;8480;8480;8480;1;0
Лензолото;60;20170323;180000;8500;8500;8500;8500;1;0
Лензолото;60;20170324;100000;8430;8430;8400;8400;7;0
Лензолото;60;20170324;110000;8400;8530;8330;8530;16;0
Лензолото;60;20170324;120000;8380;8380;8350;8350;10;0
Лензолото;60;20170324;140000;8340;8340;8340;8340;1;0
Лензолото;60;20170324;150000;8320;8320;8320;8320;1;0
Лензолото;60;20170324;160000;8460;8460;8460;8460;1;0
Лензолото;60;20170327;100000;8430;8430;8310;8320;9;0
Лензолото;60;20170327;110000;8320;8420;8280;8420;8;0
Лензолото;60;20170327;120000;8330;8430;8260;8430;6;0
Лензолото;60;20170327;130000;8360;8360;8350;8350;6;0
Лензолото;60;20170327;150000;8340;8350;8340;8350;5;0
Лензолото;60;20170327;160000;8340;8380;8290;8380;9;0
Лензолото;60;20170328;110000;8260;8370;8260;8370;5;0
Лензолото;60;20170328;130000;8280;8350;8280;8350;4;0
Лензолото;60;20170328;160000;8350;8350;8330;8330;3;0
Лензолото;60;20170329;140000;8310;8350;8250;8260;76;0
Лензолото;60;20170329;150000;8250;8250;8250;8250;6;0
Лензолото;60;20170329;180000;8250;8250;8250;8250;3;0
Лензолото;60;20170330;100000;8250;8280;8250;8280;7;0
Лензолото;60;20170330;110000;8230;8230;8210;8210;2;0
Лензолото;60;20170330;120000;8270;8270;8270;8270;1;0
Лензолото;60;20170330;140000;8280;8320;8280;8320;6;0
Лензолото;60;20170330;150000;8330;8330;8330;8330;2;0
Лензолото;60;20170330;160000;8270;8270;8260;8260;2;0
Лензолото;60;20170330;170000;8240;8240;8220;8220;2;0
Лензолото;60;20170330;180000;8320;8350;8210;8210;5;0
Лензолото;60;20170331;100000;8270;8270;8200;8200;9;0
Лензолото;60;20170331;110000;8130;8180;8130;8180;5;0
Лензолото;60;20170331;120000;8190;8190;8190;8190;2;0
Лензолото;60;20170331;140000;8190;8250;8190;8250;7;0
Лензолото;60;20170331;150000;8250;8250;8250;8250;2;0
Лензолото;60;20170331;170000;8180;8180;8180;8180;4;0
Лензолото;60;20170331;180000;8180;8180;8170;8170;7;0
Лензолото;60;20170403;100000;8090;8280;8000;8280;13;0
Лензолото;60;20170403;110000;8200;8200;8200;8200;2;0
Лензолото;60;20170403;180000;8200;8200;8200;8200;3;0
Лензолото;60;20170404;140000;8260;8260;8260;8260;1;0
Лензолото;60;20170404;150000;8190;8190;8100;8100;22;0
Лензолото;60;20170404;160000;8250;8260;8250;8260;2;0
Лензолото;60;20170405;110000;8300;8370;8300;8370;12;0
Лензолото;60;20170405;120000;8320;8320;8320;8320;1;0
Лензолото;60;20170405;130000;8320;8320;8320;8320;4;0
Лензолото;60;20170405;140000;8260;8260;8250;8250;2;0
Лензолото;60;20170405;160000;8200;8200;8120;8120;9;0
Лензолото;60;20170405;180000;8180;8180;8130;8130;2;0
Лензолото;60;20170406;100000;8170;8190;8170;8190;3;0
Лензолото;60;20170406;120000;8190;8210;8190;8210;34;0
Лензолото;60;20170406;130000;8210;8210;8200;8200;14;0
Лензолото;60;20170406;150000;8200;8280;8200;8280;10;0
Лензолото;60;20170406;160000;8170;8170;8170;8170;2;0
Лензолото;60;20170406;170000;8160;8160;8160;8160;2;0
Лензолото;60;20170407;100000;8120;8120;8110;8110;4;0
Лензолото;60;20170407;120000;8070;8070;8050;8050;8;0
Лензолото;60;20170407;150000;8120;8120;8100;8100;2;0
Лензолото;60;20170407;160000;8120;8120;8100;8100;2;0
Лензолото;60;20170407;170000;8050;8050;8030;8030;9;0
Лензолото;60;20170410;100000;8010;8010;8000;8000;24;0
Лензолото;60;20170410;120000;7950;7950;7700;7760;49;0
Лензолото;60;20170410;130000;7830;7850;7830;7850;10;0
Лензолото;60;20170410;140000;7730;7730;7710;7710;5;0
Лензолото;60;20170410;150000;7930;8000;7930;8000;13;0
Лензолото;60;20170410;170000;7890;7890;7890;7890;1;0
Лензолото;60;20170411;100000;7730;7920;7700;7920;10;0
Лензолото;60;20170411;110000;7800;7800;7800;7800;1;0
Лензолото;60;20170411;130000;7900;7900;7900;7900;29;0
Лензолото;60;20170411;180000;7900;7900;7900;7900;5;0
Лензолото;60;20170412;120000;7960;7960;7960;7960;1;0
Лензолото;60;20170413;110000;7960;7960;7720;7720;4;0
Лензолото;60;20170413;120000;7800;7800;7800;7800;1;0
Лензолото;60;20170413;130000;7730;7730;7730;7730;1;0
Лензолото;60;20170413;170000;7840;7840;7840;7840;4;0
Лензолото;60;20170414;110000;7740;7740;7740;7740;2;0
Лензолото;60;20170414;120000;7740;7740;7500;7500;43;0
Лензолото;60;20170414;130000;7550;7550;7550;7550;1;0
Лензолото;60;20170414;140000;7690;7690;7690;7690;1;0
Лензолото;60;20170414;150000;7570;7570;7530;7530;42;0
Лензолото;60;20170414;160000;7550;7550;7550;7550;1;0
Лензолото;60;20170414;170000;7510;7510;7490;7500;6;0
Лензолото;60;20170414;180000;7510;7580;7500;7580;14;0
Лензолото;60;20170417;150000;7420;7500;7400;7500;14;0
Лензолото;60;20170417;160000;7490;7510;7490;7510;3;0
Лензолото;60;20170417;170000;7580;7580;7580;7580;1;0
Лензолото;60;20170418;100000;7320;7320;7310;7310;9;0
Лензолото;60;20170418;130000;7570;7570;7570;7570;1;0
Лензолото;60;20170418;180000;7410;7410;7410;7410;1;0
Лензолото;60;20170419;120000;7330;7450;7320;7450;3;0
Лензолото;60;20170419;130000;7460;7510;7400;7480;14;0
Лензолото;60;20170419;160000;7510;7510;7500;7500;6;0
Лензолото;60;20170420;110000;7520;7520;7520;7520;1;0
Лензолото;60;20170420;140000;7430;7430;7420;7420;10;0
Лензолото;60;20170420;160000;7500;7500;7500;7500;2;0
Лензолото;60;20170420;180000;7480;7490;7480;7490;5;0
Лензолото;60;20170421;110000;7500;7600;7500;7600;14;0
Лензолото;60;20170421;120000;7600;7640;7600;7640;6;0
Лензолото;60;20170421;140000;7600;7600;7600;7600;1;0
Лензолото;60;20170421;160000;7500;7600;7500;7600;2;0
Лензолото;60;20170421;180000;7510;7580;7500;7580;3;0
Лензолото;60;20170424;100000;7580;7580;7580;7580;4;0
Лензолото;60;20170424;160000;7570;7780;7570;7780;34;0
Лензолото;60;20170424;170000;7780;7780;7780;7780;1;0
Лензолото;60;20170425;100000;7840;7850;7800;7800;10;0
Лензолото;60;20170425;110000;7850;8050;7850;8000;23;0
Лензолото;60;20170425;120000;7790;7790;7780;7780;2;0
Лензолото;60;20170425;130000;7900;7900;7900;7900;1;0
Лензолото;60;20170425;150000;7970;8140;7970;8000;121;0
Лензолото;60;20170425;160000;8000;8000;8000;8000;1;0
Лензолото;60;20170425;170000;8050;8050;8050;8050;3;0
Лензолото;60;20170425;180000;8060;8060;8000;8000;4;0
Лензолото;60;20170426;100000;8050;8180;8050;8180;3;0
Лензолото;60;20170426;110000;8190;8190;8190;8190;1;0
Лензолото;60;20170426;130000;8070;8070;7990;8000;21;0
Лензолото;60;20170426;140000;8000;8000;8000;8000;1;0
Лензолото;60;20170426;170000;8000;8000;8000;8000;1;0
Лензолото;60;20170427;100000;7780;8000;7710;7900;124;0
Лензолото;60;20170427;110000;7750;7750;7750;7750;5;0
Лензолото;60;20170427;120000;7750;7750;7740;7740;2;0
Лензолото;60;20170427;130000;7720;7720;7710;7710;3;0
Лензолото;60;20170427;140000;7710;7750;7710;7750;15;0
Лензолото;60;20170427;160000;7750;7750;7750;7750;1;0
Лензолото;60;20170427;180000;7710;7750;7710;7750;2;0
Лензолото;60;20170428;100000;7770;7770;7770;7770;1;0
Лензолото;60;20170428;140000;7810;7840;7810;7840;2;0
Лензолото;60;20170428;170000;7780;7780;7780;7780;1;0
Лензолото;60;20170428;180000;7780;7950;7780;7950;6;0
Лензолото;60;20170502;100000;7700;7800;7500;7780;14;0
Лензолото;60;20170502;140000;7790;7800;7790;7800;3;0
Лензолото;60;20170502;170000;7800;7800;7800;7800;1;0
Лензолото;60;20170503;100000;7730;7730;7420;7600;9;0
Лензолото;60;20170503;130000;7760;7800;7500;7600;20;0
Лензолото;60;20170503;170000;7610;7610;7540;7540;35;0
Лензолото;60;20170503;180000;7510;7510;7500;7500;20;0
Лензолото;60;20170504;110000;7560;7610;7560;7610;2;0
Лензолото;60;20170505;100000;7430;7430;7260;7350;197;0
Лензолото;60;20170505;110000;7350;7350;7300;7300;10;0
Лензолото;60;20170505;140000;7390;7390;7390;7390;1;0
Лензолото;60;20170505;150000;7460;7470;7400;7400;3;0
Лензолото;60;20170505;160000;7410;7410;7400;7400;9;0
Лензолото;60;20170510;110000;7400;7400;7400;7400;1;0
Лензолото;60;20170510;120000;7460;7460;7460;7460;1;0
Лензолото;60;20170510;130000;7480;7480;7480;7480;2;0
Лензолото;60;20170510;150000;7420;7420;7260;7260;29;0
Лензолото;60;20170510;160000;7250;7250;7250;7250;25;0
Лензолото;60;20170510;170000;7340;7350;7340;7350;3;0
Лензолото;60;20170510;180000;7350;7370;7330;7360;9;0
Лензолото;60;20170511;110000;7400;7410;7400;7410;4;0
Лензолото;60;20170511;120000;7340;7410;7110;7410;17;0
Лензолото;60;20170511;140000;7390;7390;7390;7390;1;0
Лензолото;60;20170512;180000;7290;7300;7290;7300;3;0
Лензолото;60;20170515;100000;7300;7300;7300;7300;1;0
Лензолото;60;20170515;110000;7220;7250;7200;7250;27;0
Лензолото;60;20170515;120000;7220;7220;7220;7220;1;0
Лензолото;60;20170515;130000;7230;7230;7220;7220;4;0
Лензолото;60;20170515;160000;7230;7230;7210;7210;4;0
Лензолото;60;20170515;170000;7210;7210;7200;7200;10;0
Лензолото;60;20170515;180000;7250;7250;7250;7250;2;0
Лензолото;60;20170516;100000;7150;7290;7150;7250;11;0
Лензолото;60;20170516;110000;7250;7250;7250;7250;3;0
Лензолото;60;20170516;130000;7250;7250;7200;7200;9;0
Лензолото;60;20170516;140000;7180;7180;7160;7160;8;0
Лензолото;60;20170516;150000;7160;7160;7160;7160;4;0
Лензолото;60;20170516;160000;7160;7160;7160;7160;1;0
Лензолото;60;20170516;170000;7160;7160;7160;7160;1;0
Лензолото;60;20170516;180000;7150;7150;7150;7150;2;0
Лензолото;60;20170517;100000;7160;7160;7100;7100;51;0
Лензолото;60;20170517;110000;7190;7210;7190;7210;9;0
Лензолото;60;20170517;120000;7120;7120;7030;7050;8;0
Лензолото;60;20170517;130000;7100;7100;7100;7100;1;0
Лензолото;60;20170517;170000;7170;7170;7100;7100;4;0
Лензолото;60;20170517;180000;7100;7100;7100;7100;6;0
Лензолото;60;20170518;100000;7130;7140;7130;7140;5;0
Лензолото;60;20170518;110000;7140;7180;7140;7180;4;0
Лензолото;60;20170518;120000;7140;7140;7140;7140;1;0
Лензолото;60;20170518;160000;7140;7140;7140;7140;1;0
Лензолото;60;20170518;180000;7140;7140;7140;7140;1;0
Лензолото;60;20170519;110000;7190;7190;7190;7190;1;0
Лензолото;60;20170519;120000;7190;7190;7190;7190;4;0
Лензолото;60;20170519;140000;7190;7200;7190;7200;6;0
Лензолото;60;20170519;150000;7190;7250;7190;7250;3;0
Лензолото;60;20170522;100000;7270;7270;7260;7260;22;0
Лензолото;60;20170522;130000;7250;7250;7250;7250;1;0
Лензолото;60;20170522;150000;7110;7200;7090;7090;19;0
Лензолото;60;20170522;160000;7060;7130;7060;7120;3;0
Лензолото;60;20170522;170000;7060;7060;7040;7040;3;0
Лензолото;60;20170523;110000;7080;7090;7080;7090;2;0
Лензолото;60;20170523;120000;7100;7100;7000;7070;18;0
Лензолото;60;20170523;170000;7150;7160;7150;7160;5;0
Лензолото;60;20170523;180000;7160;7160;7160;7160;2;0
Лензолото;60;20170524;130000;7110;7110;7050;7050;10;0
Лензолото;60;20170524;160000;7060;7060;7050;7050;2;0
Лензолото;60;20170524;180000;7050;7050;7040;7040;5;0
Лензолото;60;20170525;110000;7080;7080;7080;7080;1;0
Лензолото;60;20170525;130000;7080;7080;7080;7080;1;0
Лензолото;60;20170525;150000;7090;7090;7090;7090;1;0
Лензолото;60;20170525;180000;7080;7080;7080;7080;1;0
Лензолото;60;20170526;100000;7050;7050;7050;7050;1;0
Лензолото;60;20170526;110000;7020;7020;7020;7020;1;0
Лензолото;60;20170526;130000;7090;7090;7090;7090;1;0
Лензолото;60;20170526;140000;6980;6980;6960;6960;6;0
Лензолото;60;20170526;150000;6960;6960;6930;6930;25;0
Лензолото;60;20170526;160000;6920;6920;6900;6900;3;0
Лензолото;60;20170526;170000;6940;6940;6940;6940;4;0
Лензолото;60;20170529;100000;6950;6990;6950;6990;18;0
Лензолото;60;20170529;150000;6990;6990;6990;6990;1;0
Лензолото;60;20170530;120000;7000;7000;7000;7000;2;0
Лензолото;60;20170530;140000;6920;6920;6880;6900;17;0
Лензолото;60;20170530;150000;6910;6910;6900;6900;15;0
Лензолото;60;20170530;180000;6900;6900;6900;6900;2;0
Лензолото;60;20170531;090000;6900;6900;6900;6900;3;0
Лензолото;60;20170531;110000;6920;6920;6920;6920;1;0
Лензолото;60;20170531;130000;6890;6890;6880;6880;2;0
Лензолото;60;20170531;140000;6860;6860;6800;6800;13;0
Лензолото;60;20170531;150000;6830;6950;6830;6950;10;0
Лензолото;60;20170531;170000;6900;6940;6900;6940;2;0
Лензолото;60;20170531;180000;6940;6940;6940;6940;1;0
Лензолото;60;20170601;100000;6940;7010;6720;6900;54;0
Лензолото;60;20170601;120000;6940;6940;6930;6930;8;0
Лензолото;60;20170601;130000;6930;6940;6930;6940;5;0
Лензолото;60;20170601;140000;6940;6940;6850;6850;3;0
Лензолото;60;20170602;110000;6740;6840;6710;6800;12;0
Лензолото;60;20170602;130000;6750;6810;6720;6810;7;0
Лензолото;60;20170602;180000;6810;6810;6810;6810;2;0
Лензолото;60;20170605;120000;6840;6840;6840;6840;1;0
Лензолото;60;20170605;140000;6840;7070;6840;6900;26;0
Лензолото;60;20170605;160000;6930;7000;6930;7000;12;0
Лензолото;60;20170605;170000;7000;7270;7000;7260;47;0
Лензолото;60;20170605;180000;7250;7260;7250;7250;10;0
Лензолото;60;20170606;100000;7260;7260;7260;7260;1;0
Лензолото;60;20170606;110000;7310;7340;7300;7300;4;0
Лензолото;60;20170606;120000;7320;7320;7300;7300;26;0
Лензолото;60;20170606;140000;7300;7300;6620;6890;294;0
Лензолото;60;20170606;150000;6900;6900;6900;6900;42;0
Лензолото;60;20170606;180000;6800;6930;6730;6930;10;0
Лензолото;60;20170607;100000;6760;6970;6730;6800;14;0
Лензолото;60;20170607;110000;6780;6780;6780;6780;8;0
Лензолото;60;20170607;130000;6830;6830;6830;6830;2;0
Лензолото;60;20170607;140000;6830;6840;6820;6840;7;0
Лензолото;60;20170607;150000;6790;6790;6790;6790;14;0
Лензолото;60;20170607;160000;6790;6790;6790;6790;7;0
Лензолото;60;20170607;170000;6780;6800;6730;6730;8;0
Лензолото;60;20170608;110000;6700;6700;6700;6700;7;0
Лензолото;60;20170608;120000;6700;6700;6700;6700;7;0
Лензолото;60;20170608;150000;6620;6620;6620;6620;1;0
Лензолото;60;20170608;180000;6620;6620;6620;6620;3;0
Лензолото;60;20170609;100000;6770;6770;6760;6760;2;0
Лензолото;60;20170609;120000;6760;6760;6760;6760;1;0
Лензолото;60;20170609;130000;6720;6720;6650;6650;7;0
Лензолото;60;20170609;140000;6650;6650;6650;6650;1;0
Лензолото;60;20170609;160000;6670;6710;6670;6710;6;0
Лензолото;60;20170609;180000;6710;6710;6710;6710;1;0
Лензолото;60;20170613;100000;6700;6700;6700;6700;2;0
Лензолото;60;20170613;110000;6700;6700;6700;6700;4;0
Лензолото;60;20170613;120000;6640;6640;6620;6640;5;0
Лензолото;60;20170613;140000;6640;6640;6640;6640;1;0
Лензолото;60;20170613;170000;6610;6610;6610;6610;1;0
Лензолото;60;20170613;180000;6610;6650;6600;6650;7;0
Лензолото;60;20170614;100000;6640;6640;6640;6640;1;0
Лензолото;60;20170614;120000;6540;6540;6300;6300;39;0
Лензолото;60;20170614;150000;6530;6590;6530;6590;15;0
Лензолото;60;20170614;160000;6600;6610;6600;6610;7;0
Лензолото;60;20170614;170000;6620;6650;6520;6520;3;0
Лензолото;60;20170614;180000;6530;6530;6530;6530;2;0
Лензолото;60;20170615;100000;6460;6500;6300;6400;14;0
Лензолото;60;20170615;110000;6310;6310;6200;6200;14;0
Лензолото;60;20170615;120000;6220;6220;6220;6220;3;0
Лензолото;60;20170615;130000;6230;6230;6230;6230;1;0
Лензолото;60;20170615;140000;6230;6230;6230;6230;6;0
Лензолото;60;20170615;150000;6220;6300;6110;6300;24;0
Лензолото;60;20170615;170000;6290;6300;6290;6300;7;0
Лензолото;60;20170615;180000;6300;6300;6300;6300;3;0
Лензолото;60;20170616;100000;6470;6500;6300;6350;11;0
Лензолото;60;20170616;110000;6400;6400;6400;6400;10;0
Лензолото;60;20170616;120000;6400;6400;6300;6300;2;0
Лензолото;60;20170616;130000;6390;6390;6390;6390;1;0
Лензолото;60;20170616;140000;6400;6400;6300;6300;5;0
Лензолото;60;20170616;160000;6270;6270;6270;6270;1;0
Лензолото;60;20170616;170000;6300;6300;6300;6300;16;0
Лензолото;60;20170619;160000;6300;6340;6300;6340;13;0
Лензолото;60;20170619;170000;6340;6340;6340;6340;48;0
Лензолото;60;20170619;180000;6350;6350;6350;6350;1;0
Лензолото;60;20170620;170000;6390;6390;6390;6390;1;0
Лензолото;60;20170620;180000;6370;6370;6370;6370;1;0
Лензолото;60;20170621;090000;6100;6100;6100;6100;1;0
Лензолото;60;20170621;130000;6420;6420;6420;6420;1;0
Лензолото;60;20170621;150000;6320;6320;6320;6320;1;0
Лензолото;60;20170621;160000;6400;6400;6400;6400;1;0
Лензолото;60;20170621;180000;6420;6420;6420;6420;5;0
Лензолото;60;20170622;110000;6220;6220;6220;6220;4;0
Лензолото;60;20170622;120000;6400;6400;6390;6390;2;0
Лензолото;60;20170622;160000;6390;6400;6390;6400;2;0
Лензолото;60;20170622;170000;6400;6400;6400;6400;17;0
Лензолото;60;20170622;180000;6400;6420;6400;6420;7;0
Лензолото;60;20170623;110000;6400;6400;6400;6400;15;0
Лензолото;60;20170623;170000;6240;6390;6200;6390;11;0
Лензолото;60;20170623;180000;6300;6300;6300;6300;1;0
Лензолото;60;20170626;100000;6350;6400;6350;6400;2;0
Лензолото;60;20170626;110000;6390;6580;6390;6490;10;0
Лензолото;60;20170626;120000;6490;6500;6490;6500;180;0
Лензолото;60;20170626;130000;6500;6500;6500;6500;7;0
Лензолото;60;20170626;180000;6580;6580;6580;6580;1;0
Лензолото;60;20170627;100000;6620;6620;6600;6600;2;0
Лензолото;60;20170627;170000;6450;6500;6420;6420;6;0
Лензолото;60;20170628;100000;6430;6430;6390;6390;6;0
Лензолото;60;20170628;160000;6470;6470;6470;6470;1;0
Лензолото;60;20170629;090000;6570;6570;6570;6570;1;0
Лензолото;60;20170629;100000;6570;6610;6570;6610;5;0
Лензолото;60;20170629;110000;6680;6730;6680;6730;3;0
Лензолото;60;20170629;140000;6700;6770;6700;6700;13;0
Лензолото;60;20170629;160000;6770;6780;6640;6640;5;0
Лензолото;60;20170629;170000;6630;6630;6600;6600;22;0
Лензолото;60;20170629;180000;6610;6610;6610;6610;1;0
Лензолото;60;20170630;100000;6660;6660;6660;6660;1;0
Лензолото;60;20170630;170000;6690;6690;6690;6690;1;0
Лензолото;60;20170704;110000;6600;6600;6600;6600;1;0
Лензолото;60;20170704;120000;6650;6650;6500;6640;9;0
Лензолото;60;20170704;130000;6650;6650;6650;6650;22;0
Лензолото;60;20170704;150000;6610;6610;6600;6600;3;0
Лензолото;60;20170704;170000;6640;6650;6640;6650;2;0
Лензолото;60;20170704;180000;6640;6700;6640;6700;5;0
Лензолото;60;20170705;100000;6730;6970;6730;6970;35;0
Лензолото;60;20170705;110000;6960;7110;6960;7100;28;0
Лензолото;60;20170705;120000;7010;7010;7000;7000;9;0
Лензолото;60;20170705;130000;7080;7190;7010;7190;13;0
Лензолото;60;20170705;140000;7120;7240;7100;7200;6;0
Лензолото;60;20170705;150000;7120;7120;7120;7120;2;0
Лензолото;60;20170705;160000;7160;7160;7000;7000;35;0
Лензолото;60;20170705;170000;7100;7100;7090;7090;2;0
Лензолото;60;20170706;100000;7170;7340;7100;7300;19;0
Лензолото;60;20170706;110000;7150;7190;7100;7190;32;0
Лензолото;60;20170706;120000;7250;7700;7200;7700;79;0
Лензолото;60;20170706;130000;7630;7630;7440;7450;69;0
Лензолото;60;20170706;150000;7450;7450;7450;7450;2;0
Лензолото;60;20170706;160000;7460;7480;7460;7480;4;0
Лензолото;60;20170706;170000;7400;7410;7320;7320;12;0
Лензолото;60;20170706;180000;7390;7400;7360;7400;5;0
Лензолото;60;20170707;100000;7300;7360;7290;7300;9;0
Лензолото;60;20170707;120000;7330;7350;7330;7350;12;0
Лензолото;60;20170707;130000;7360;7390;7350;7390;3;0
Лензолото;60;20170707;140000;7400;7400;7400;7400;1;0
Лензолото;60;20170707;150000;7400;7400;7400;7400;5;0
Лензолото;60;20170707;160000;7470;7470;7470;7470;3;0
Лензолото;60;20170707;180000;7360;7360;7350;7350;5;0
Лензолото;60;20170710;100000;7400;7400;7400;7400;2;0
Лензолото;60;20170710;110000;7320;7320;7320;7320;3;0
Лензолото;60;20170710;120000;7260;7290;7260;7290;2;0
Лензолото;60;20170710;140000;7250;7250;7250;7250;1;0
Лензолото;60;20170710;170000;7180;7180;7170;7170;5;0
Лензолото;60;20170710;180000;7150;7320;7150;7320;17;0
Лензолото;60;20170711;110000;7390;7400;7330;7330;3;0
Лензолото;60;20170711;130000;7400;7400;7400;7400;2;0
Лензолото;60;20170711;140000;7330;7400;7310;7400;11;0
Лензолото;60;20170711;150000;7700;7800;7460;7510;31;0
Лензолото;60;20170711;160000;7520;7770;7520;7770;5;0
Лензолото;60;20170711;170000;7550;7650;7550;7650;2;0
Лензолото;60;20170711;180000;7710;7750;7710;7750;7;0
Лензолото;60;20170712;100000;7760;7780;7760;7780;4;0
Лензолото;60;20170712;110000;7760;8000;7760;7970;45;0
Лензолото;60;20170712;120000;7950;8000;7950;8000;11;0
Лензолото;60;20170712;140000;7840;7900;7790;7800;6;0
Лензолото;60;20170713;100000;7890;7900;7700;7700;15;0
Лензолото;60;20170713;140000;7720;7720;7720;7720;2;0
Лензолото;60;20170713;150000;7700;7700;7700;7700;1;0
Лензолото;60;20170713;160000;7680;7700;7670;7700;7;0
Лензолото;60;20170713;180000;7670;7670;7670;7670;2;0
Лензолото;60;20170714;100000;7580;7600;7570;7600;29;0
Лензолото;60;20170714;110000;7600;7750;7600;7690;4;0
Лензолото;60;20170714;120000;7690;7690;7690;7690;1;0
Лензолото;60;20170714;150000;7650;7650;7650;7650;15;0
Лензолото;60;20170714;160000;7700;7700;7680;7680;2;0
Лензолото;60;20170717;100000;7560;7560;7540;7540;5;0
Лензолото;60;20170717;110000;7700;7700;7700;7700;2;0
Лензолото;60;20170717;140000;7650;7650;7650;7650;2;0
Лензолото;60;20170717;170000;7650;7650;7640;7640;5;0
Лензолото;60;20170718;110000;7630;7630;7630;7630;2;0
Лензолото;60;20170718;120000;7650;7650;7650;7650;1;0
Лензолото;60;20170718;130000;7650;7710;7650;7710;10;0
Лензолото;60;20170718;140000;7720;7720;7710;7710;15;0
Лензолото;60;20170718;160000;7710;7710;7710;7710;2;0
Лензолото;60;20170718;180000;7710;7720;7640;7640;8;0
Лензолото;60;20170719;160000;7550;7600;7520;7520;4;0
Лензолото;60;20170719;170000;7540;7540;7520;7520;10;0
Лензолото;60;20170720;100000;7570;7570;7570;7570;1;0
Лензолото;60;20170720;120000;7580;7600;7580;7600;10;0
Лензолото;60;20170720;160000;7540;7540;7540;7540;1;0
Лензолото;60;20170720;170000;7510;7510;7510;7510;1;0
Лензолото;60;20170721;110000;7510;7510;7500;7500;3;0
Лензолото;60;20170721;130000;7500;7500;7500;7500;1;0
Лензолото;60;20170721;140000;7500;7500;7500;7500;1;0
Лензолото;60;20170721;150000;7490;7490;7490;7490;1;0
Лензолото;60;20170721;160000;7550;7560;7550;7560;3;0
Лензолото;60;20170724;100000;7470;7470;7470;7470;1;0
Лензолото;60;20170724;110000;7460;7520;7460;7510;11;0
Лензолото;60;20170724;120000;7510;7510;7510;7510;4;0
Лензолото;60;20170724;130000;7500;7500;7450;7450;5;0
Лензолото;60;20170724;160000;7440;7440;7300;7300;19;0
Лензолото;60;20170724;170000;7490;7510;7420;7420;11;0
Лензолото;60;20170725;100000;7420;7470;7420;7470;4;0
Лензолото;60;20170726;130000;7450;7450;7450;7450;15;0
Лензолото;60;20170726;150000;7440;7450;7290;7450;6;0
Лензолото;60;20170726;170000;7450;7450;7450;7450;8;0
Лензолото;60;20170726;180000;7450;7450;7450;7450;21;0
Лензолото;60;20170727;100000;7310;7440;7310;7440;5;0
Лензолото;60;20170727;120000;7430;7430;7430;7430;2;0
Лензолото;60;20170727;150000;7340;7430;7340;7430;5;0
Лензолото;60;20170727;180000;7440;7440;7440;7440;1;0
Лензолото;60;20170728;100000;7490;7490;7490;7490;2;0
Лензолото;60;20170728;120000;7440;7450;7400;7400;37;0
Лензолото;60;20170728;130000;7450;7460;7450;7450;17;0
Лензолото;60;20170728;140000;7450;7450;7450;7450;9;0
Лензолото;60;20170728;150000;7450;7450;7450;7450;1;0
Лензолото;60;20170731;100000;7500;7500;7380;7420;8;0
Лензолото;60;20170731;120000;7500;7500;7500;7500;1;0
Лензолото;60;20170731;150000;7400;7400;7390;7400;12;0
Лензолото;60;20170731;160000;7380;7380;7380;7380;1;0
Лензолото;60;20170801;100000;7300;7330;7300;7320;12;0
Лензолото;60;20170801;110000;7330;7330;7320;7320;5;0
Лензолото;60;20170801;120000;7340;7350;7300;7340;18;0
Лензолото;60;20170801;130000;7340;7340;7340;7340;11;0
Лензолото;60;20170801;140000;7310;7310;7260;7300;13;0
Лензолото;60;20170801;150000;7290;7290;7290;7290;1;0
Лензолото;60;20170801;160000;7300;7300;7300;7300;1;0
Лензолото;60;20170802;100000;7440;7440;7360;7400;17;0
Лензолото;60;20170802;110000;7440;7440;7440;7440;5;0
Лензолото;60;20170802;120000;7440;7600;7440;7600;38;0
Лензолото;60;20170802;130000;7600;7720;7550;7720;23;0
Лензолото;60;20170802;140000;7640;7640;7630;7630;4;0
Лензолото;60;20170802;150000;7620;7620;7620;7620;1;0
Лензолото;60;20170802;160000;7630;7630;7630;7630;1;0
Лензолото;60;20170802;170000;7630;7630;7620;7620;2;0
Лензолото;60;20170802;180000;7580;7600;7580;7600;10;0
Лензолото;60;20170803;100000;7650;7650;7350;7500;68;0
Лензолото;60;20170803;110000;7490;7490;7400;7410;26;0
Лензолото;60;20170803;130000;7440;7440;7430;7430;5;0
Лензолото;60;20170803;140000;7430;7430;7430;7430;2;0
Лензолото;60;20170803;150000;7510;7510;7510;7510;1;0
Лензолото;60;20170804;120000;7460;7470;7460;7470;8;0
Лензолото;60;20170804;140000;7450;7450;7440;7440;2;0
Лензолото;60;20170804;150000;7450;7520;7450;7520;35;0
Лензолото;60;20170804;160000;7530;7570;7530;7570;6;0
Лензолото;60;20170804;170000;7540;7540;7370;7370;20;0
Лензолото;60;20170804;180000;7430;7430;7430;7430;1;0
Лензолото;60;20170807;100000;7470;7470;7390;7400;6;0
Лензолото;60;20170807;110000;7450;7450;7400;7400;52;0
Лензолото;60;20170807;150000;7480;7480;7480;7480;1;0
Лензолото;60;20170808;100000;7400;7400;7260;7400;296;0
Лензолото;60;20170808;110000;7400;7420;7390;7390;47;0
Лензолото;60;20170808;130000;7390;7400;7390;7400;58;0
Лензолото;60;20170808;140000;7400;7400;7350;7350;8;0
Лензолото;60;20170808;150000;7370;7370;7330;7330;6;0
Лензолото;60;20170808;160000;7360;7360;7360;7360;1;0
Лензолото;60;20170808;170000;7380;7380;7380;7380;1;0
Лензолото;60;20170808;180000;7380;7380;7360;7380;3;0
Лензолото;60;20170809;100000;7360;7360;7000;7300;35;0
Лензолото;60;20170809;110000;7210;7300;7200;7200;51;0
Лензолото;60;20170809;120000;7170;7290;7100;7290;28;0
Лензолото;60;20170809;140000;7220;7290;7200;7290;22;0
Лензолото;60;20170809;150000;7300;7300;7170;7300;13;0
Лензолото;60;20170809;160000;7300;7300;7300;7300;2;0
Лензолото;60;20170809;170000;7300;7300;7280;7280;2;0
Лензолото;60;20170810;100000;7230;7230;7230;7230;1;0
Лензолото;60;20170810;110000;7280;7280;7220;7230;18;0
Лензолото;60;20170810;120000;7300;7350;7250;7310;41;0
Лензолото;60;20170810;130000;7300;7320;7220;7280;32;0
Лензолото;60;20170810;140000;7250;7280;7250;7280;20;0
Лензолото;60;20170810;150000;7260;7280;7240;7240;8;0
Лензолото;60;20170810;160000;7230;7230;7200;7200;17;0
Лензолото;60;20170810;170000;7200;7200;7200;7200;1;0
Лензолото;60;20170810;180000;7230;7240;7210;7230;15;0
Лензолото;60;20170811;110000;7290;7410;7290;7370;22;0
Лензолото;60;20170811;120000;7390;7390;7390;7390;6;0
Лензолото;60;20170811;130000;7380;7390;7380;7380;5;0
Лензолото;60;20170811;140000;7250;7250;7230;7230;3;0
Лензолото;60;20170811;150000;7330;7350;7330;7350;3;0
Лензолото;60;20170811;160000;7350;7400;7350;7400;4;0
Лензолото;60;20170811;170000;7450;7540;7450;7540;20;0
Лензолото;60;20170811;180000;7500;7600;7500;7600;16;0
Лензолото;60;20170814;100000;7600;7760;7600;7760;16;0
Лензолото;60;20170814;110000;7760;7910;7710;7810;48;0
Лензолото;60;20170814;120000;7880;8420;7840;8160;111;0
Лензолото;60;20170814;130000;8150;8150;7980;8000;89;0
Лензолото;60;20170814;140000;8030;8060;8010;8060;3;0
Лензолото;60;20170814;150000;8070;8090;8070;8090;6;0
Лензолото;60;20170814;160000;8050;8080;8040;8040;3;0
Лензолото;60;20170814;180000;7990;7990;7990;7990;1;0
Лензолото;60;20170815;120000;7940;7940;7850;7890;14;0
Лензолото;60;20170815;130000;7950;8000;7950;8000;10;0
Лензолото;60;20170815;140000;7890;7890;7380;7590;358;0
Лензолото;60;20170815;150000;7490;7580;7450;7550;24;0
Лензолото;60;20170815;160000;7550;7550;7520;7520;2;0
Лензолото;60;20170815;170000;7530;7550;7400;7490;174;0
Лензолото;60;20170815;180000;7480;7490;7340;7480;31;0
Лензолото;60;20170816;100000;7400;7480;7400;7470;8;0
Лензолото;60;20170816;130000;7430;7430;7410;7410;5;0
Лензолото;60;20170816;140000;7410;7410;7380;7400;21;0
Лензолото;60;20170816;150000;7400;7400;7400;7400;1;0
Лензолото;60;20170816;160000;7390;7390;7390;7390;1;0
Лензолото;60;20170816;170000;7440;7440;7400;7400;3;0
Лензолото;60;20170816;180000;7440;7500;7440;7500;11;0
Лензолото;60;20170817;100000;7480;7480;7480;7480;3;0
Лензолото;60;20170817;110000;7490;7490;7490;7490;5;0
Лензолото;60;20170817;140000;7500;7500;7500;7500;1;0
Лензолото;60;20170817;150000;7570;7580;7570;7580;2;0
Лензолото;60;20170817;170000;7570;7570;7570;7570;1;0
Лензолото;60;20170818;110000;7480;7480;7460;7460;2;0
Лензолото;60;20170818;150000;7460;7460;7420;7420;6;0
Лензолото;60;20170818;170000;7430;7430;7430;7430;3;0
Лензолото;60;20170818;180000;7470;7470;7470;7470;1;0
Лензолото;60;20170821;090000;7600;7600;7600;7600;4;0
Лензолото;60;20170821;100000;7520;7520;7520;7520;3;0
Лензолото;60;20170821;110000;7530;7530;7530;7530;1;0
Лензолото;60;20170821;120000;7520;7520;7520;7520;2;0
Лензолото;60;20170821;130000;7550;7550;7550;7550;1;0
Лензолото;60;20170821;140000;7550;7550;7550;7550;2;0
Лензолото;60;20170821;170000;7450;7450;7450;7450;1;0
Лензолото;60;20170821;180000;7440;7440;7440;7440;1;0
Лензолото;60;20170822;100000;7500;7980;7500;7830;60;0
Лензолото;60;20170822;110000;7820;7830;7630;7630;17;0
Лензолото;60;20170822;120000;7640;7640;7590;7590;10;0
Лензолото;60;20170822;140000;7600;7600;7590;7590;3;0
Лензолото;60;20170822;160000;7590;7590;7580;7580;7;0
Лензолото;60;20170822;180000;7570;7570;7570;7570;5;0
Лензолото;60;20170823;110000;7550;7550;7530;7530;3;0
Лензолото;60;20170823;120000;7540;7540;7540;7540;1;0
Лензолото;60;20170823;130000;7530;7530;7500;7500;100;0
Лензолото;60;20170823;150000;7500;7500;7500;7500;7;0
Лензолото;60;20170823;160000;7500;7500;7500;7500;43;0
Лензолото;60;20170823;170000;7500;7500;7500;7500;5;0
Лензолото;60;20170824;100000;7440;7440;7200;7200;290;0
Лензолото;60;20170824;110000;7300;7450;7260;7390;13;0
Лензолото;60;20170824;120000;7300;7300;7300;7300;200;0
Лензолото;60;20170824;130000;7330;7380;7100;7280;163;0
Лензолото;60;20170824;140000;7240;7490;7240;7490;41;0
Лензолото;60;20170824;180000;7470;7500;7470;7500;50;0
Лензолото;60;20170825;100000;7500;7500;7500;7500;4;0
Лензолото;60;20170825;110000;7500;7500;7490;7500;5;0
Лензолото;60;20170825;130000;7420;7420;7420;7420;1;0
Лензолото;60;20170825;140000;7420;7420;7420;7420;1;0
Лензолото;60;20170825;150000;7320;7320;6700;6710;510;0
Лензолото;60;20170825;160000;6730;6840;6400;6840;506;0
Лензолото;60;20170825;170000;6800;6820;6650;6800;65;0
Лензолото;60;20170825;180000;6820;6830;6750;6790;31;0
Лензолото;60;20170828;100000;6750;6870;6750;6750;156;0
Лензолото;60;20170828;110000;6790;6790;6770;6770;2;0
Лензолото;60;20170828;120000;6770;6770;6760;6760;24;0
Лензолото;60;20170828;130000;6760;6780;6660;6700;204;0
Лензолото;60;20170828;140000;6700;6790;6700;6720;12;0
Лензолото;60;20170828;160000;6790;6790;6510;6790;132;0
Лензолото;60;20170828;170000;6700;6840;6650;6730;36;0
Лензолото;60;20170828;180000;6730;6800;6730;6800;16;0
Лензолото;60;20170829;100000;6780;6800;6770;6800;15;0
Лензолото;60;20170829;110000;6790;6800;6790;6800;4;0
Лензолото;60;20170829;120000;6800;6800;6800;6800;12;0
Лензолото;60;20170829;130000;6800;6800;6720;6720;22;0
Лензолото;60;20170829;140000;6720;6720;6710;6710;5;0
Лензолото;60;20170829;150000;6790;6790;6790;6790;1;0
Лензолото;60;20170829;160000;6800;6890;6800;6890;53;0
Лензолото;60;20170830;100000;6940;7000;6700;6770;10;0
Лензолото;60;20170830;110000;6780;6990;6780;6820;69;0
Лензолото;60;20170830;120000;6750;6780;6680;6770;38;0
Лензолото;60;20170830;140000;6780;6790;6690;6790;5;0
Лензолото;60;20170830;150000;6800;6830;6800;6830;12;0
Лензолото;60;20170830;160000;6830;6950;6680;6800;65;0
Лензолото;60;20170830;170000;6790;6800;6700;6700;19;0
Лензолото;60;20170830;180000;6750;6780;6750;6760;5;0
Лензолото;60;20170831;100000;6770;6790;6770;6790;10;0
Лензолото;60;20170831;110000;6820;6870;6820;6870;22;0
Лензолото;60;20170831;120000;6870;6870;6770;6870;6;0
Лензолото;60;20170831;150000;6820;6870;6820;6870;13;0
Лензолото;60;20170831;160000;6800;6800;6770;6770;3;0
Лензолото;60;20170831;180000;6800;6800;6770;6770;8;0
Лензолото;60;20170901;100000;6980;6990;6800;6800;7;0
Лензолото;60;20170901;140000;6890;6890;6890;6890;1;0
Лензолото;60;20170901;150000;6850;6850;6850;6850;1;0
Лензолото;60;20170901;160000;6840;6850;6840;6850;5;0
Лензолото;60;20170901;170000;6820;6820;6800;6800;17;0
Лензолото;60;20170901;180000;6800;6800;6800;6800;4;0
Лензолото;60;20170904;100000;6910;6910;6670;6800;16;0
Лензолото;60;20170904;110000;6780;6780;6780;6780;2;0
Лензолото;60;20170904;140000;6800;6820;6800;6820;6;0
Лензолото;60;20170904;150000;6820;6820;6820;6820;1;0
Лензолото;60;20170904;160000;6820;6890;6820;6890;3;0
Лензолото;60;20170904;170000;6800;6800;6790;6790;6;0
Лензолото;60;20170904;180000;6800;6830;6790;6830;5;0
Лензолото;60;20170905;130000;6780;6780;6760;6760;3;0
Лензолото;60;20170905;140000;6750;6780;6680;6780;16;0
Лензолото;60;20170905;180000;6800;6800;6800;6800;5;0
Лензолото;60;20170906;100000;6720;6720;6680;6680;28;0
Лензолото;60;20170906;110000;6750;6750;6750;6750;13;0
Лензолото;60;20170906;120000;6730;6730;6710;6710;6;0
Лензолото;60;20170906;130000;6710;6710;6710;6710;2;0
Лензолото;60;20170906;170000;6730;6730;6720;6720;4;0
Лензолото;60;20170906;180000;6720;6730;6720;6730;26;0
Лензолото;60;20170907;100000;6620;6880;6600;6840;46;0
Лензолото;60;20170907;110000;6830;6850;6830;6850;14;0
Лензолото;60;20170907;120000;6850;6960;6850;6900;23;0
Лензолото;60;20170907;130000;6910;6910;6890;6890;59;0
Лензолото;60;20170907;140000;6810;6810;6760;6760;50;0
Лензолото;60;20170907;160000;6760;6760;6760;6760;2;0
Лензолото;60;20170907;170000;6830;6850;6830;6850;15;0
Лензолото;60;20170908;110000;6890;6910;6890;6900;4;0
Лензолото;60;20170908;140000;6860;6860;6850;6850;4;0
Лензолото;60;20170908;150000;6850;6850;6850;6850;1;0
Лензолото;60;20170908;160000;6850;6850;6850;6850;19;0
Лензолото;60;20170908;170000;6830;6850;6800;6850;4;0
Лензолото;60;20170908;180000;6850;6850;6850;6850;25;0
Лензолото;60;20170911;110000;6810;6810;6800;6800;8;0
Лензолото;60;20170911;120000;6780;6800;6710;6800;68;0
Лензолото;60;20170911;130000;6780;6780;6780;6780;1;0
Лензолото;60;20170911;140000;6800;6800;6800;6800;2;0
Лензолото;60;20170911;150000;6750;6750;6690;6700;98;0
Лензолото;60;20170911;160000;6700;6700;6640;6640;29;0
Лензолото;60;20170911;170000;6690;6750;6650;6750;19;0
Лензолото;60;20170911;180000;6760;6800;6720;6720;26;0
Лензолото;60;20170912;100000;6900;6900;6560;6580;141;0
Лензолото;60;20170912;110000;6550;6690;6320;6660;191;0
Лензолото;60;20170912;120000;6690;6700;6630;6630;3;0
Лензолото;60;20170912;130000;6680;6700;6680;6700;5;0
Лензолото;60;20170912;140000;6670;6670;6660;6670;8;0
Лензолото;60;20170912;160000;6670;6670;6670;6670;11;0
Лензолото;60;20170912;170000;6650;6650;6640;6640;3;0
Лензолото;60;20170912;180000;6640;6640;6640;6640;5;0
Лензолото;60;20170913;100000;6650;6670;6600;6670;11;0
Лензолото;60;20170913;110000;6680;6700;6670;6700;16;0
Лензолото;60;20170913;120000;6700;6700;6700;6700;6;0
Лензолото;60;20170913;150000;6700;6700;6700;6700;1;0
Лензолото;60;20170913;160000;6710;6710;6710;6710;2;0
Лензолото;60;20170913;170000;6650;6650;6600;6630;19;0
Лензолото;60;20170913;180000;6630;6630;6630;6630;1;0
Лензолото;60;20170914;110000;6670;6670;6630;6630;3;0
Лензолото;60;20170914;130000;6630;6630;6630;6630;3;0
Лензолото;60;20170914;140000;6630;6630;6620;6620;5;0
Лензолото;60;20170914;180000;6640;6640;6630;6630;6;0
Лензолото;60;20170915;130000;6670;6670;6670;6670;1;0
Лензолото;60;20170915;140000;6650;6650;6650;6650;1;0
Лензолото;60;20170915;150000;6680;6680;6680;6680;1;0
Лензолото;60;20170915;170000;6660;6660;6630;6630;7;0
Лензолото;60;20170915;180000;6630;6630;6630;6630;2;0
Лензолото;60;20170918;100000;6700;6700;6700;6700;3;0
Лензолото;60;20170918;110000;6660;6660;6660;6660;1;0
Лензолото;60;20170918;120000;6650;6650;6650;6650;1;0
Лензолото;60;20170918;130000;6660;6740;6660;6740;27;0
Лензолото;60;20170918;140000;6740;6820;6740;6790;57;0
Лензолото;60;20170918;150000;6790;6800;6790;6800;18;0
Лензолото;60;20170918;160000;6790;6790;6790;6790;4;0
Лензолото;60;20170919;130000;6790;6790;6790;6790;2;0
Лензолото;60;20170919;140000;6780;6780;6780;6780;1;0
Лензолото;60;20170919;150000;6790;6790;6790;6790;5;0
Лензолото;60;20170919;160000;6790;6790;6710;6710;27;0
Лензолото;60;20170919;180000;6710;6710;6710;6710;1;0
Лензолото;60;20170920;100000;6690;6710;6690;6710;25;0
Лензолото;60;20170920;110000;6710;6750;6710;6750;3;0
Лензолото;60;20170920;120000;6700;6750;6700;6750;53;0
Лензолото;60;20170920;130000;6710;6710;6710;6710;9;0
Лензолото;60;20170920;140000;6690;6690;6670;6670;2;0
Лензолото;60;20170920;150000;6710;6710;6710;6710;2;0
Лензолото;60;20170920;170000;6670;6670;6670;6670;9;0
Лензолото;60;20170920;180000;6680;6680;6680;6680;4;0
Лензолото;60;20170921;120000;6680;6680;6670;6670;14;0
Лензолото;60;20170921;130000;6680;6680;6670;6670;12;0
Лензолото;60;20170921;160000;6680;6680;6550;6550;36;0
Лензолото;60;20170921;170000;6580;6730;6540;6730;31;0
Лензолото;60;20170921;180000;6660;6660;6660;6660;1;0
Лензолото;60;20170922;100000;6710;6770;6700;6770;11;0
Лензолото;60;20170922;170000;6670;6670;6670;6670;1;0
Лензолото;60;20170922;180000;6660;6660;6640;6640;3;0
Лензолото;60;20170925;100000;6650;6720;6640;6660;41;0
Лензолото;60;20170925;110000;6720;6760;6680;6680;5;0
Лензолото;60;20170925;120000;6700;6700;6700;6700;1;0
Лензолото;60;20170925;140000;6730;6810;6730;6810;81;0
Лензолото;60;20170925;150000;6720;6720;6720;6720;1;0
Лензолото;60;20170925;160000;6720;6770;6720;6770;2;0
Лензолото;60;20170925;170000;6770;6770;6730;6730;5;0
Лензолото;60;20170925;180000;6730;6730;6720;6720;7;0
Лензолото;60;20170926;100000;6710;6710;6690;6690;4;0
Лензолото;60;20170926;120000;6710;6710;6690;6700;11;0
Лензолото;60;20170926;150000;6690;6690;6690;6690;1;0
Лензолото;60;20170926;160000;6690;6690;6690;6690;1;0
Лензолото;60;20170926;170000;6700;6700;6700;6700;5;0
Лензолото;60;20170927;100000;6750;6750;6750;6750;1;0
Лензолото;60;20170927;110000;6770;6780;6760;6780;5;0
Лензолото;60;20170927;160000;6740;6770;6740;6770;6;0
Лензолото;60;20170927;170000;6750;6760;6750;6760;5;0
Лензолото;60;20170928;100000;6790;6800;6780;6800;19;0
Лензолото;60;20170928;110000;6880;7220;6880;7150;313;0
Лензолото;60;20170928;120000;7150;7150;7120;7120;39;0
Лензолото;60;20170928;130000;7120;7190;7120;7130;34;0
Лензолото;60;20170928;140000;7170;7310;7170;7310;149;0
Лензолото;60;20170928;150000;7290;7320;7290;7320;11;0
Лензолото;60;20170928;160000;7300;7330;7300;7330;21;0
Лензолото;60;20170928;170000;7240;7240;7240;7240;1;0
Лензолото;60;20170928;180000;7240;7280;7240;7280;5;0
Лензолото;60;20170929;090000;7280;7280;7280;7280;1;0
Лензолото;60;20170929;100000;7310;7310;7310;7310;2;0
Лензолото;60;20170929;110000;7290;7360;7010;7160;67;0
Лензолото;60;20170929;120000;7140;7150;7110;7110;9;0
Лензолото;60;20170929;150000;7130;7180;7130;7180;3;0
Лензолото;60;20170929;160000;7200;7210;7200;7210;12;0
Лензолото;60;20170929;170000;7180;7210;7140;7210;7;0
Лензолото;60;20170929;180000;7130;7200;7130;7200;5;0
Лензолото;60;20171002;100000;7170;7260;7170;7260;2;0
Лензолото;60;20171002;110000;7230;7240;7230;7240;3;0
Лензолото;60;20171002;130000;7180;7180;7130;7130;4;0
Лензолото;60;20171002;150000;7120;7120;7110;7110;3;0
Лензолото;60;20171002;170000;7110;7110;7110;7110;1;0
Лензолото;60;20171002;180000;7130;7150;7130;7150;8;0
Лензолото;60;20171003;100000;7280;7290;7280;7280;4;0
Лензолото;60;20171003;110000;7040;7070;7040;7070;3;0
Лензолото;60;20171003;140000;7130;7130;7130;7130;1;0
Лензолото;60;20171003;150000;7160;7160;7160;7160;10;0
Лензолото;60;20171003;160000;7160;7160;7100;7160;8;0
Лензолото;60;20171003;170000;7100;7100;7100;7100;1;0
Лензолото;60;20171003;180000;7100;7170;7050;7170;8;0
Лензолото;60;20171004;120000;7170;7190;7150;7190;23;0
Лензолото;60;20171004;130000;7150;7150;7150;7150;3;0
Лензолото;60;20171004;150000;7180;7190;7180;7190;15;0
Лензолото;60;20171004;160000;7190;7200;7190;7200;9;0
Лензолото;60;20171004;170000;7230;7240;7200;7200;12;0
Лензолото;60;20171004;180000;7240;7300;7240;7300;17;0
Лензолото;60;20171005;100000;7080;7290;7080;7290;4;0
Лензолото;60;20171005;150000;7180;7180;7160;7160;15;0
Лензолото;60;20171005;170000;7270;7270;7170;7190;5;0
Лензолото;60;20171005;180000;7150;7260;7150;7150;4;0
Лензолото;60;20171006;100000;7300;7300;7270;7270;3;0
Лензолото;60;20171006;110000;7220;7300;7220;7300;36;0
Лензолото;60;20171006;120000;7310;7310;7310;7310;1;0
Лензолото;60;20171006;130000;7310;7310;7300;7300;46;0
Лензолото;60;20171006;140000;7310;7310;7300;7300;2;0
Лензолото;60;20171006;150000;7300;7300;7300;7300;7;0
Лензолото;60;20171006;160000;7300;7330;7300;7300;90;0
Лензолото;60;20171006;170000;7300;7320;7300;7320;126;0
Лензолото;60;20171006;180000;7300;7300;7300;7300;4;0
Лензолото;60;20171009;120000;7170;7170;7170;7170;2;0
Лензолото;60;20171009;130000;7240;7250;7240;7250;6;0
Лензолото;60;20171009;160000;7230;7340;7230;7310;28;0
Лензолото;60;20171009;170000;7300;7310;7300;7310;5;0
Лензолото;60;20171010;100000;7310;7370;7290;7300;30;0
Лензолото;60;20171010;110000;7300;7300;7300;7300;4;0
Лензолото;60;20171010;140000;7300;7310;7290;7300;51;0
Лензолото;60;20171011;100000;7310;7310;7300;7300;83;0
Лензолото;60;20171011;110000;7300;7300;7300;7300;18;0
Лензолото;60;20171011;120000;7300;7340;7300;7340;16;0
Лензолото;60;20171011;150000;7340;7340;7340;7340;5;0
Лензолото;60;20171011;160000;7300;7300;7300;7300;4;0
Лензолото;60;20171011;170000;7300;7300;7300;7300;9;0
Лензолото;60;20171011;180000;7330;7330;7300;7300;3;0
Лензолото;60;20171012;110000;7300;7300;7190;7190;10;0
Лензолото;60;20171012;130000;7310;7310;7310;7310;1;0
Лензолото;60;20171012;140000;7320;7320;7320;7320;5;0
Лензолото;60;20171012;160000;7300;7300;7300;7300;10;0
Лензолото;60;20171012;170000;7310;7320;7310;7320;11;0
Лензолото;60;20171013;130000;7230;7230;7190;7200;28;0
Лензолото;60;20171013;170000;7220;7220;7170;7170;5;0
Лензолото;60;20171016;100000;7330;7330;7260;7260;4;0
Лензолото;60;20171016;110000;7100;7250;7080;7250;60;0
Лензолото;60;20171016;120000;7210;7210;7210;7210;5;0
Лензолото;60;20171016;130000;7200;7210;7200;7200;37;0
Лензолото;60;20171016;140000;7200;7200;7200;7200;4;0
Лензолото;60;20171016;150000;7220;7220;7200;7200;2;0
Лензолото;60;20171016;160000;7230;7230;7230;7230;1;0
Лензолото;60;20171016;170000;7230;7230;7230;7230;1;0
Лензолото;60;20171016;180000;7230;7230;7230;7230;2;0
Лензолото;60;20171017;100000;7190;7230;7190;7230;17;0
Лензолото;60;20171017;110000;7330;7330;7330;7330;1;0
Лензолото;60;20171017;130000;7250;7250;7240;7240;5;0
Лензолото;60;20171017;150000;7240;7240;7240;7240;1;0
Лензолото;60;20171017;170000;7180;7180;7180;7180;1;0
Лензолото;60;20171017;180000;7180;7180;7180;7180;5;0
Лензолото;60;20171018;140000;7200;7210;7200;7200;6;0
Лензолото;60;20171018;160000;7210;7210;7200;7200;4;0
Лензолото;60;20171018;170000;7270;7270;7270;7270;1;0
Лензолото;60;20171019;100000;7220;7300;7100;7300;25;0
Лензолото;60;20171019;110000;7300;7300;7300;7300;2;0
Лензолото;60;20171019;150000;7180;7180;7170;7170;6;0
Лензолото;60;20171019;160000;7170;7170;7170;7170;2;0
Лензолото;60;20171019;170000;7150;7150;7130;7130;5;0
Лензолото;60;20171020;110000;7170;7170;7170;7170;3;0
Лензолото;60;20171020;140000;7170;7170;7170;7170;1;0
Лензолото;60;20171020;160000;7200;7200;7100;7100;44;0
Лензолото;60;20171020;170000;7090;7100;7090;7100;59;0
Лензолото;60;20171020;180000;7060;7150;7060;7150;6;0
Лензолото;60;20171023;100000;7190;7190;7190;7190;5;0
Лензолото;60;20171023;110000;7130;7130;7120;7120;2;0
Лензолото;60;20171023;120000;7100;7100;7100;7100;13;0
Лензолото;60;20171023;130000;7100;7100;7100;7100;5;0
Лензолото;60;20171023;140000;7090;7100;7090;7100;34;0
Лензолото;60;20171024;100000;7050;7050;7050;7050;1;0
Лензолото;60;20171024;120000;7030;7030;7030;7030;2;0
Лензолото;60;20171024;130000;7040;7040;7040;7040;2;0
Лензолото;60;20171024;160000;7090;7090;7090;7090;1;0
Лензолото;60;20171025;130000;7200;7290;7200;7290;17;0
Лензолото;60;20171025;140000;7080;7080;7060;7060;3;0
Лензолото;60;20171025;170000;7090;7090;7050;7050;9;0
Лензолото;60;20171025;180000;7090;7090;7000;7000;6;0
Лензолото;60;20171026;110000;7150;7180;7150;7180;17;0
Лензолото;60;20171026;120000;7020;7020;7010;7010;2;0
Лензолото;60;20171026;130000;7110;7110;7000;7000;7;0
Лензолото;60;20171026;140000;7000;7000;7000;7000;1;0
Лензолото;60;20171026;160000;7040;7050;7040;7050;18;0
Лензолото;60;20171027;100000;7020;7020;7020;7020;2;0
Лензолото;60;20171027;110000;7000;7140;7000;7140;26;0
Лензолото;60;20171027;140000;7030;7070;6930;7070;8;0
Лензолото;60;20171027;150000;7100;7100;7100;7100;1;0
Лензолото;60;20171027;160000;7030;7030;7030;7030;1;0
Лензолото;60;20171030;110000;7000;7000;7000;7000;2;0
Лензолото;60;20171030;120000;7000;7000;7000;7000;20;0
Лензолото;60;20171030;130000;6970;7000;6970;7000;23;0
Лензолото;60;20171030;150000;7000;7000;6950;7000;14;0
Лензолото;60;20171030;160000;6960;6960;6950;6950;5;0
Лензолото;60;20171030;170000;6990;7000;6990;7000;2;0
Лензолото;60;20171030;180000;6990;6990;6990;6990;6;0
Лензолото;60;20171031;110000;6960;6990;6950;6990;13;0
Лензолото;60;20171031;120000;7000;7100;7000;7100;30;0
Лензолото;60;20171031;130000;7120;7140;7000;7000;47;0
Лензолото;60;20171031;140000;7030;7140;7030;7140;10;0
Лензолото;60;20171031;160000;7070;7070;7070;7070;1;0
Лензолото;60;20171031;170000;7130;7190;7130;7190;10;0
Лензолото;60;20171101;100000;7200;7200;7200;7200;1;0
Лензолото;60;20171101;120000;7180;7180;7180;7180;1;0
Лензолото;60;20171101;130000;7020;7030;7020;7030;2;0
Лензолото;60;20171101;140000;7160;7170;7160;7170;2;0
Лензолото;60;20171101;180000;7030;7030;7020;7020;2;0
Лензолото;60;20171102;100000;6950;7030;6950;7030;3;0
Лензолото;60;20171102;110000;7040;7040;7040;7040;1;0
Лензолото;60;20171102;120000;7030;7030;7030;7030;1;0
Лензолото;60;20171102;130000;7170;7170;7030;7030;4;0
Лензолото;60;20171102;150000;7020;7020;7010;7010;3;0
Лензолото;60;20171102;170000;7010;7010;7010;7010;2;0
Лензолото;60;20171102;180000;7030;7030;7030;7030;2;0
Лензолото;60;20171103;100000;7030;7030;7030;7030;1;0
Лензолото;60;20171103;120000;7100;7100;7090;7090;2;0
Лензолото;60;20171103;140000;7020;7020;7020;7020;20;0
Лензолото;60;20171103;150000;7030;7030;7030;7030;1;0
Лензолото;60;20171103;170000;7010;7010;7010;7010;3;0
Лензолото;60;20171107;100000;7010;7010;7000;7000;15;0
Лензолото;60;20171107;110000;7250;7300;7250;7260;188;0
Лензолото;60;20171107;120000;7260;7260;7250;7260;20;0
Лензолото;60;20171107;130000;7260;7300;7250;7270;96;0
Лензолото;60;20171107;150000;7270;7270;7270;7270;3;0
Лензолото;60;20171107;160000;7270;7270;7260;7260;5;0
Лензолото;60;20171108;100000;7080;7080;7080;7080;1;0
Лензолото;60;20171108;120000;7230;7230;7230;7230;1;0
Лензолото;60;20171108;130000;7320;7330;7280;7290;13;0
Лензолото;60;20171108;140000;7350;7390;7300;7390;37;0
Лензолото;60;20171108;150000;7390;7430;7350;7430;14;0
Лензолото;60;20171108;160000;7360;7360;7360;7360;1;0
Лензолото;60;20171108;170000;7350;7350;7350;7350;9;0
Лензолото;60;20171109;100000;7210;7220;7200;7220;21;0
Лензолото;60;20171109;110000;7420;7450;7400;7450;23;0
Лензолото;60;20171109;120000;7450;7510;7450;7500;108;0
Лензолото;60;20171109;140000;7390;7390;7390;7390;5;0
Лензолото;60;20171109;170000;7390;7390;7310;7310;10;0
Лензолото;60;20171110;110000;7440;7440;7440;7440;4;0
Лензолото;60;20171110;130000;7400;7400;7220;7220;11;0
Лензолото;60;20171110;140000;7310;7380;7310;7380;13;0
Лензолото;60;20171110;150000;7380;7380;7380;7380;1;0
Лензолото;60;20171110;160000;7380;7380;7380;7380;2;0
Лензолото;60;20171110;170000;7380;7400;7380;7400;5;0
Лензолото;60;20171110;180000;7320;7320;7320;7320;1;0
Лензолото;60;20171113;160000;7320;7320;7320;7320;1;0
Лензолото;60;20171113;170000;7390;7390;7390;7390;1;0
Лензолото;60;20171114;100000;7270;7330;7260;7330;5;0
Лензолото;60;20171114;120000;7330;7330;7330;7330;1;0
Лензолото;60;20171114;130000;7300;7300;7200;7200;22;0
Лензолото;60;20171114;150000;7290;7290;7200;7200;11;0
Лензолото;60;20171114;160000;7210;7210;7210;7210;1;0
Лензолото;60;20171114;170000;7290;7390;7290;7390;43;0
Лензолото;60;20171114;180000;7400;7400;7390;7390;9;0
Лензолото;60;20171115;100000;7440;7440;7290;7300;7;0
Лензолото;60;20171115;120000;7310;7310;7300;7300;10;0
Лензолото;60;20171115;160000;7300;7300;7200;7200;36;0
Лензолото;60;20171115;170000;7110;7110;7100;7100;4;0
Лензолото;60;20171116;120000;7290;7300;7290;7300;2;0
Лензолото;60;20171116;140000;7270;7270;7270;7270;1;0
Лензолото;60;20171116;150000;7200;7200;7200;7200;5;0
Лензолото;60;20171116;160000;7120;7120;7030;7030;14;0
Лензолото;60;20171116;170000;7180;7180;7100;7100;3;0
Лензолото;60;20171117;110000;7100;7170;7100;7100;3;0
Лензолото;60;20171117;180000;7040;7040;7000;7000;73;0
Лензолото;60;20171120;120000;7100;7100;7100;7100;1;0
Лензолото;60;20171120;140000;7100;7100;7100;7100;2;0
Лензолото;60;20171120;160000;7100;7100;7100;7100;9;0
Лензолото;60;20171120;170000;7050;7050;7040;7040;3;0
Лензолото;60;20171120;180000;7040;7040;7040;7040;4;0
Лензолото;60;20171121;100000;7080;7100;7080;7100;5;0
Лензолото;60;20171121;110000;7150;7150;7150;7150;1;0
Лензолото;60;20171121;120000;7110;7110;7100;7100;6;0
Лензолото;60;20171121;130000;7100;7100;7100;7100;1;0
Лензолото;60;20171121;140000;7100;7100;6990;6990;12;0
Лензолото;60;20171121;160000;7010;7010;7000;7000;10;0
Лензолото;60;20171121;180000;7140;7160;7140;7160;27;0
Лензолото;60;20171122;100000;7160;7160;7090;7090;2;0
Лензолото;60;20171122;110000;7090;7090;7090;7090;2;0
Лензолото;60;20171122;120000;7100;7100;7090;7090;4;0
Лензолото;60;20171122;180000;7080;7080;7080;7080;6;0
Лензолото;60;20171123;100000;7000;7030;7000;7030;7;0
Лензолото;60;20171123;110000;7050;7050;7000;7000;8;0
Лензолото;60;20171123;130000;7000;7000;7000;7000;4;0
Лензолото;60;20171123;140000;7000;7000;6990;6990;22;0
Лензолото;60;20171123;150000;7070;7080;7070;7080;2;0
Лензолото;60;20171123;160000;7020;7020;7000;7000;14;0
Лензолото;60;20171123;170000;7080;7080;7080;7080;1;0
Лензолото;60;20171124;120000;7000;7060;7000;7060;2;0
Лензолото;60;20171124;130000;7000;7000;7000;7000;15;0
Лензолото;60;20171124;160000;7010;7010;7010;7010;1;0
Лензолото;60;20171127;160000;7000;7000;7000;7000;2;0
Лензолото;60;20171127;170000;6990;6990;6990;6990;10;0
Лензолото;60;20171129;090000;7100;7100;7100;7100;4;0
Лензолото;60;20171129;130000;6970;6970;6960;6960;4;0
Лензолото;60;20171129;160000;6960;6960;6960;6960;1;0
Лензолото;60;20171130;100000;6920;6920;6850;6850;15;0
Лензолото;60;20171130;110000;6830;6850;6810;6810;12;0
Лензолото;60;20171130;120000;6870;6930;6870;6930;12;0
Лензолото;60;20171130;150000;6860;6860;6840;6840;4;0
Лензолото;60;20171130;160000;6830;6840;6610;6810;120;0
Лензолото;60;20171130;170000;6810;6850;6720;6850;19;0
Лензолото;60;20171130;180000;6860;6890;6860;6890;5;0
Лензолото;60;20171201;100000;6940;7010;6940;7000;57;0
Лензолото;60;20171201;120000;6930;6940;6930;6940;11;0
Лензолото;60;20171201;150000;6890;6890;6890;6890;2;0
Лензолото;60;20171201;160000;6890;6990;6890;6990;11;0
Лензолото;60;20171201;170000;6990;6990;6990;6990;4;0
Лензолото;60;20171201;180000;7000;7000;7000;7000;6;0
Лензолото;60;20171204;110000;6960;6960;6960;6960;3;0
Лензолото;60;20171204;150000;6980;6980;6960;6960;3;0
Лензолото;60;20171204;170000;6960;6960;6960;6960;1;0
Лензолото;60;20171205;100000;6930;6930;6920;6920;2;0
Лензолото;60;20171205;120000;6920;6920;6920;6920;1;0
Лензолото;60;20171206;100000;6910;6910;6850;6850;11;0
Лензолото;60;20171206;110000;6890;6890;6890;6890;2;0
Лензолото;60;20171206;140000;6870;7000;6870;7000;51;0
Лензолото;60;20171206;160000;7010;7070;7010;7060;15;0
Лензолото;60;20171206;170000;7060;7060;7060;7060;2;0
Лензолото;60;20171207;090000;7100;7100;7100;7100;4;0
Лензолото;60;20171207;100000;7100;7100;7100;7100;1;0
Лензолото;60;20171207;110000;7100;7140;7100;7140;15;0
Лензолото;60;20171207;120000;7150;7150;7150;7150;6;0
Лензолото;60;20171207;130000;7160;7160;7140;7140;7;0
Лензолото;60;20171207;140000;7170;7170;7140;7140;9;0
Лензолото;60;20171207;150000;7140;7150;7140;7140;102;0
Лензолото;60;20171207;160000;7140;7150;7140;7140;56;0
Лензолото;60;20171207;170000;7140;7140;7140;7140;2;0
Лензолото;60;20171208;100000;7150;7150;7150;7150;5;0
Лензолото;60;20171208;110000;7140;7140;7140;7140;1;0
Лензолото;60;20171208;120000;7140;7140;7140;7140;40;0
Лензолото;60;20171208;140000;7150;7150;7140;7140;22;0
Лензолото;60;20171208;160000;7140;7140;7140;7140;11;0
Лензолото;60;20171208;170000;7150;7150;7150;7150;3;0
Лензолото;60;20171211;130000;7100;7100;7100;7100;1;0
Лензолото;60;20171211;140000;7050;7050;7050;7050;1;0
Лензолото;60;20171211;160000;7090;7090;7010;7010;15;0
Лензолото;60;20171211;170000;7000;7000;7000;7000;1;0
Лензолото;60;20171211;180000;7120;7120;7100;7100;6;0
Лензолото;60;20171212;110000;7000;7000;7000;7000;1;0
Лензолото;60;20171212;130000;7050;7050;7050;7050;2;0
Лензолото;60;20171212;140000;7050;7050;7000;7000;10;0
Лензолото;60;20171212;150000;7100;7100;7090;7090;5;0
Лензолото;60;20171212;160000;7090;7090;7090;7090;1;0
Лензолото;60;20171212;170000;7090;7090;7090;7090;4;0
Лензолото;60;20171213;130000;7130;7180;7130;7140;37;0
Лензолото;60;20171213;140000;7140;7140;7140;7140;10;0
Лензолото;60;20171213;150000;7140;7150;7140;7140;3;0
Лензолото;60;20171213;160000;7140;7140;7140;7140;38;0
Лензолото;60;20171213;170000;7140;7170;7140;7140;19;0
Лензолото;60;20171214;100000;7280;7280;7200;7200;3;0
Лензолото;60;20171214;150000;7220;7220;7220;7220;3;0
Лензолото;60;20171214;160000;7230;7230;7230;7230;1;0
Лензолото;60;20171215;110000;7220;7220;7220;7220;2;0
Лензолото;60;20171215;120000;7230;7290;7230;7290;6;0
Лензолото;60;20171215;140000;7220;7230;7220;7230;2;0
Лензолото;60;20171215;150000;7260;7260;7260;7260;1;0
Лензолото;60;20171215;160000;7260;7270;7260;7270;9;0
Лензолото;60;20171218;100000;7270;7270;7270;7270;1;0
Лензолото;60;20171218;110000;7270;7270;7270;7270;5;0
Лензолото;60;20171218;120000;7250;7250;7250;7250;1;0
Лензолото;60;20171218;130000;7150;7150;7100;7100;12;0
Лензолото;60;20171218;150000;7090;7100;7090;7100;2;0
Лензолото;60;20171219;110000;7020;7020;7020;7020;1;0
Лензолото;60;20171219;120000;7050;7060;7050;7060;2;0
Лензолото;60;20171219;130000;7020;7040;7020;7040;7;0
Лензолото;60;20171219;150000;7000;7010;7000;7010;3;0
Лензолото;60;20171219;160000;7000;7000;7000;7000;2;0
Лензолото;60;20171219;180000;7010;7010;7010;7010;1;0
Лензолото;60;20171220;100000;7000;7000;7000;7000;2;0
Лензолото;60;20171220;110000;7040;7080;7040;7080;37;0
Лензолото;60;20171220;120000;7080;7090;7080;7090;19;0
Лензолото;60;20171220;140000;7090;7090;7080;7080;7;0
Лензолото;60;20171220;160000;7080;7080;7080;7080;2;0
Лензолото;60;20171220;170000;7090;7090;7090;7090;1;0
Лензолото;60;20171220;180000;7080;7080;7080;7080;42;0
Лензолото;60;20171221;100000;7080;7080;7080;7080;62;0
Лензолото;60;20171221;110000;7080;7080;7080;7080;138;0
Лензолото;60;20171221;120000;7080;7100;7080;7080;82;0
Лензолото;60;20171221;140000;7090;7090;7080;7080;3;0
Лензолото;60;20171221;150000;7080;7080;7080;7080;100;0
Лензолото;60;20171221;160000;7080;7080;6880;6910;36;0
Лензолото;60;20171221;170000;6980;7000;6980;7000;45;0
Лензолото;60;20171222;140000;7020;7020;7010;7010;2;0
Лензолото;60;20171222;160000;7010;7010;7010;7010;5;0
Лензолото;60;20171222;180000;7000;7000;7000;7000;1;0
Лензолото;60;20171225;140000;6920;6920;6910;6910;5;0
Лензолото;60;20171225;150000;6900;6900;6900;6900;6;0
Лензолото;60;20171225;160000;6870;6920;6810;6920;36;0
Лензолото;60;20171225;170000;6900;6900;6900;6900;1;0
Лензолото;60;20171225;180000;6940;6940;6940;6940;1;0
Лензолото;60;20171226;160000;6930;6930;6930;6930;56;0
Лензолото;60;20171226;170000;6940;6940;6900;6900;11;0
Лензолото;60;20171226;180000;6900;6900;6900;6900;1;0
Лензолото;60;20171227;100000;6850;6990;6850;6990;4;0
Лензолото;60;20171227;110000;6820;6880;6820;6880;7;0
Лензолото;60;20171227;120000;6890;6890;6890;6890;6;0
Лензолото;60;20171227;140000;6920;6920;6920;6920;4;0
Лензолото;60;20171227;150000;6940;7040;6940;7040;30;0
Лензолото;60;20171227;160000;7040;7060;7030;7060;4;0
Лензолото;60;20171227;170000;7050;7070;7020;7070;6;0
Лензолото;60;20171228;100000;7100;7100;7100;7100;10;0
Лензолото;60;20171228;110000;7100;7100;7100;7100;1;0
Лензолото;60;20171228;120000;7120;7120;7100;7100;40;0
Лензолото;60;20171228;130000;7110;7110;7100;7100;11;0
Лензолото;60;20171228;140000;7060;7060;7000;7000;366;0
Лензолото;60;20171228;150000;7000;7000;7000;7000;10;0
Лензолото;60;20171229;100000;7020;7320;7010;7300;82;0
Лензолото;60;20171229;110000;7270;7300;7270;7300;35;0
Лензолото;60;20171229;120000;7310;7310;7300;7300;17;0
Лензолото;60;20171229;130000;7290;7310;7290;7310;26;0
Лензолото;60;20171229;140000;7320;7320;7320;7320;25;0
Лензолото;60;20171229;150000;7300;7300;7300;7300;16;0
Лензолото;60;20171229;160000;7300;7300;7300;7300;13;0
Лензолото;60;20171229;170000;7290;7290;7290;7290;5;0
Лензолото;60;20171229;180000;7280;7300;7280;7300;132;0
