<TICKER>;<PER>;<DATE>;<TIME>;<OPEN>;<HIGH>;<LOW>;<CLOSE>;<VOL>;<OPENINT>
МариЭнСб-п;60;20170209;160000;4.69;4.69;4.69;4.69;1;0
МариЭнСб-п;60;20170209;180000;4.7;4.7;4.7;4.7;1;0
МариЭнСб-п;60;20170210;100000;4.27;4.34;4.11;4.34;3;0
МариЭнСб-п;60;20170210;120000;4.69;4.69;4.69;4.69;1;0
МариЭнСб-п;60;20170213;180000;4.7;4.7;4.7;4.7;2;0
МариЭнСб-п;60;20170222;150000;4.7;4.7;4.7;4.7;2;0
МариЭнСб-п;60;20170307;170000;4.13;4.18;4.13;4.18;2;0
МариЭнСб-п;60;20170307;180000;4.48;4.48;4.26;4.26;2;0
МариЭнСб-п;60;20170320;130000;3.82;3.88;3.82;3.88;3;0
МариЭнСб-п;60;20170412;120000;3.71;3.71;3.71;3.71;1;0
МариЭнСб-п;60;20170414;130000;4;4;4;4;2;0
МариЭнСб-п;60;20170421;110000;4.69;4.69;4.69;4.69;1;0
МариЭнСб-п;60;20170504;100000;4.02;4.02;3.98;3.98;3;0
МариЭнСб-п;60;20170504;110000;3.89;3.89;3.8;3.8;2;0
МариЭнСб-п;60;20170504;120000;3.8;3.88;3.8;3.88;2;0
МариЭнСб-п;60;20170512;100000;4.19;4.19;4.19;4.19;1;0
МариЭнСб-п;60;20170530;120000;3.32;3.32;2.75;2.75;6;0
МариЭнСб-п;60;20170530;140000;3.1;3.1;3.1;3.1;1;0
МариЭнСб-п;60;20170530;150000;3.04;3.1;3.03;3.1;3;0
МариЭнСб-п;60;20170530;160000;3.03;3.03;3.01;3.01;2;0
МариЭнСб-п;60;20170530;170000;3.17;3.18;3.17;3.18;3;0
МариЭнСб-п;60;20170530;180000;3.18;3.18;3.18;3.18;1;0
МариЭнСб-п;60;20170531;120000;3.2;3.2;3.2;3.2;1;0
МариЭнСб-п;60;20170531;130000;3.2;3.2;3.2;3.2;1;0
МариЭнСб-п;60;20170531;140000;3.2;3.2;3.2;3.2;1;0
МариЭнСб-п;60;20170602;140000;3.86;3.86;3.86;3.86;1;0
МариЭнСб-п;60;20170606;120000;2.8;2.89;2.8;2.89;2;0
МариЭнСб-п;60;20170606;130000;3.09;3.09;3.09;3.09;1;0
МариЭнСб-п;60;20170615;110000;3.45;3.46;3.45;3.46;2;0
МариЭнСб-п;60;20170627;180000;3.5;3.5;3.5;3.5;1;0
МариЭнСб-п;60;20170710;120000;3.41;3.41;3.41;3.41;1;0
МариЭнСб-п;60;20170712;100000;3.97;3.97;3.97;3.97;1;0
МариЭнСб-п;60;20170712;110000;3.97;3.97;3.97;3.97;1;0
МариЭнСб-п;60;20170725;110000;4.37;4.37;4.37;4.37;2;0
МариЭнСб-п;60;20170725;160000;4.22;4.22;4.22;4.22;1;0
МариЭнСб-п;60;20170726;140000;4.41;4.41;4.4;4.4;5;0
МариЭнСб-п;60;20170727;100000;4.4;5.75;3.51;4.5;93;0
МариЭнСб-п;60;20170727;170000;4.31;4.31;4.31;4.31;1;0
МариЭнСб-п;60;20170728;100000;5.58;6.02;4.32;5;37;0
МариЭнСб-п;60;20170731;100000;5.4;6.99;5.4;6.9;12;0
МариЭнСб-п;60;20170731;110000;6.99;6.99;5;5.5;34;0
МариЭнСб-п;60;20170731;120000;5.59;5.6;5.59;5.6;6;0
МариЭнСб-п;60;20170731;140000;5.7;6.98;5.61;6;17;0
МариЭнСб-п;60;20170731;150000;6.19;6.19;6.19;6.19;2;0
МариЭнСб-п;60;20170731;160000;5.7;5.7;5.5;5.5;2;0
МариЭнСб-п;60;20170731;170000;5.51;5.51;5.51;5.51;5;0
МариЭнСб-п;60;20170801;100000;7.61;7.71;6;6;52;0
МариЭнСб-п;60;20170801;120000;6.5;6.5;6.5;6.5;1;0
МариЭнСб-п;60;20170801;140000;6.25;6.5;6.25;6.5;3;0
МариЭнСб-п;60;20170801;170000;5.27;5.27;5.25;5.25;3;0
МариЭнСб-п;60;20170801;180000;5.15;5.31;5.14;5.31;11;0
МариЭнСб-п;60;20170802;160000;6.4;6.4;6.4;6.4;4;0
МариЭнСб-п;60;20170803;100000;5.12;5.4;5.11;5.4;5;0
МариЭнСб-п;60;20170803;110000;6.2;6.2;6.2;6.2;1;0
МариЭнСб-п;60;20170803;130000;5.2;5.21;5.19;5.19;6;0
МариЭнСб-п;60;20170803;140000;5.21;5.21;4.75;5.05;14;0
МариЭнСб-п;60;20170804;130000;4.66;5.34;4.66;5.34;2;0
МариЭнСб-п;60;20170809;100000;4.9;4.9;4.47;4.47;3;0
МариЭнСб-п;60;20170809;180000;4.59;4.59;4.59;4.59;2;0
МариЭнСб-п;60;20170810;100000;4.5;4.5;4.5;4.5;1;0
МариЭнСб-п;60;20170810;180000;4.6;4.6;4.6;4.6;1;0
МариЭнСб-п;60;20170811;120000;4.41;4.48;4.41;4.48;2;0
МариЭнСб-п;60;20170811;160000;4.41;4.48;4.4;4.48;3;0
МариЭнСб-п;60;20170821;110000;4.25;4.25;3.52;3.52;4;0
МариЭнСб-п;60;20170821;150000;3.91;3.91;3.91;3.91;1;0
МариЭнСб-п;60;20170821;160000;3.98;3.98;3.98;3.98;1;0
МариЭнСб-п;60;20170821;170000;4.25;4.45;4.25;4.45;2;0
МариЭнСб-п;60;20170822;170000;3.98;3.98;3.98;3.98;1;0
МариЭнСб-п;60;20170823;160000;3.81;3.81;3.81;3.81;1;0
МариЭнСб-п;60;20170823;180000;3.88;4.38;3.88;4.38;2;0
МариЭнСб-п;60;20170828;100000;4.08;4.08;4.08;4.08;2;0
МариЭнСб-п;60;20170830;100000;4.24;4.24;4.24;4.24;2;0
МариЭнСб-п;60;20170830;120000;4.2;4.2;4.2;4.2;1;0
МариЭнСб-п;60;20170904;100000;4.28;4.28;4.28;4.28;1;0
МариЭнСб-п;60;20170906;100000;4.28;4.28;4.28;4.28;1;0
МариЭнСб-п;60;20170906;110000;4.45;4.45;4.45;4.45;1;0
МариЭнСб-п;60;20170906;120000;4.45;4.45;4.45;4.45;1;0
МариЭнСб-п;60;20170907;100000;3.82;4.05;2.81;4.05;5;0
МариЭнСб-п;60;20170907;110000;4.05;4.05;4.05;4.05;1;0
МариЭнСб-п;60;20170907;140000;4.05;4.05;4;4;2;0
МариЭнСб-п;60;20170907;160000;4;4.03;4;4.03;2;0
МариЭнСб-п;60;20170908;100000;3.9;3.9;3.9;3.9;1;0
МариЭнСб-п;60;20170908;110000;3.92;3.92;3.92;3.92;1;0
МариЭнСб-п;60;20170912;110000;4.15;4.15;4.15;4.15;1;0
МариЭнСб-п;60;20170914;100000;4.15;4.15;4.15;4.15;1;0
МариЭнСб-п;60;20170914;120000;4.15;4.15;4.15;4.15;1;0
МариЭнСб-п;60;20170918;150000;4;4;4;4;3;0
МариЭнСб-п;60;20170918;170000;4.08;4.08;4.08;4.08;1;0
МариЭнСб-п;60;20170918;180000;4.01;4.01;4;4;5;0
МариЭнСб-п;60;20170919;090000;4.08;4.08;4.08;4.08;1;0
МариЭнСб-п;60;20170920;100000;4.01;4.01;4.01;4.01;1;0
МариЭнСб-п;60;20170921;120000;4.14;4.14;4.14;4.14;1;0
МариЭнСб-п;60;20170926;090000;4.48;4.48;4.48;4.48;1;0
МариЭнСб-п;60;20170926;100000;4.47;5.18;4.47;4.95;27;0
МариЭнСб-п;60;20170926;110000;5.01;5.2;5.01;5.2;20;0
МариЭнСб-п;60;20170926;120000;5.45;5.48;5.2;5.2;19;0
МариЭнСб-п;60;20170926;140000;5.2;5.2;5.2;5.2;1;0
МариЭнСб-п;60;20170926;150000;5.2;5.2;5.2;5.2;1;0
МариЭнСб-п;60;20170926;160000;5.2;5.66;5.1;5.66;14;0
МариЭнСб-п;60;20170926;170000;5.67;5.79;5.67;5.79;16;0
МариЭнСб-п;60;20170926;180000;5.79;5.79;5.79;5.79;7;0
МариЭнСб-п;60;20170927;100000;5.8;6.07;5.8;5.95;5;0
МариЭнСб-п;60;20170927;120000;6.06;6.06;5.6;5.6;2;0
МариЭнСб-п;60;20170927;130000;6.12;6.12;6.12;6.12;2;0
МариЭнСб-п;60;20170928;100000;5.9;5.9;5.9;5.9;1;0
МариЭнСб-п;60;20170928;110000;5.61;5.61;5.6;5.6;2;0
МариЭнСб-п;60;20170928;130000;5.72;5.72;5.72;5.72;1;0
МариЭнСб-п;60;20170928;140000;5.75;5.75;5.75;5.75;2;0
МариЭнСб-п;60;20170928;150000;5.9;5.9;5.9;5.9;1;0
МариЭнСб-п;60;20170928;170000;6.11;6.11;6.11;6.11;1;0
МариЭнСб-п;60;20170928;180000;6.1;6.1;6.1;6.1;1;0
МариЭнСб-п;60;20170929;150000;6.12;6.13;6.12;6.13;3;0
МариЭнСб-п;60;20170929;170000;6.13;6.2;6.13;6.2;5;0
МариЭнСб-п;60;20170929;180000;6.21;6.21;6.2;6.2;3;0
МариЭнСб-п;60;20171002;100000;6.4;6.66;6.4;6.66;5;0
МариЭнСб-п;60;20171002;110000;6.65;6.65;6.65;6.65;2;0
МариЭнСб-п;60;20171002;120000;6.65;7.47;6.65;7.47;2;0
МариЭнСб-п;60;20171003;130000;6.51;6.51;6.5;6.5;3;0
МариЭнСб-п;60;20171003;160000;7;7;7;7;1;0
МариЭнСб-п;60;20171003;170000;7;7.4;7;7;26;0
МариЭнСб-п;60;20171004;090000;7;7;7;7;3;0
МариЭнСб-п;60;20171004;100000;7;7.45;7;7.25;21;0
МариЭнСб-п;60;20171004;110000;7.55;7.65;7.55;7.65;8;0
МариЭнСб-п;60;20171004;120000;7.61;7.61;7.61;7.61;1;0
МариЭнСб-п;60;20171004;180000;7.6;7.75;7.6;7.75;3;0
МариЭнСб-п;60;20171005;100000;7;7.45;7;7.45;3;0
МариЭнСб-п;60;20171005;110000;7.35;7.35;7.35;7.35;1;0
МариЭнСб-п;60;20171005;140000;7.31;7.31;7.27;7.27;4;0
МариЭнСб-п;60;20171005;170000;7.55;7.55;7.55;7.55;1;0
МариЭнСб-п;60;20171006;110000;7.01;7.01;7.01;7.01;1;0
МариЭнСб-п;60;20171006;120000;7.54;7.55;7.54;7.55;5;0
МариЭнСб-п;60;20171006;130000;7.55;7.59;7.55;7.59;10;0
МариЭнСб-п;60;20171006;160000;7.13;7.13;7.12;7.12;3;0
МариЭнСб-п;60;20171009;100000;7.67;7.67;7.07;7.07;2;0
МариЭнСб-п;60;20171009;110000;7.67;7.74;7.67;7.74;2;0
МариЭнСб-п;60;20171009;120000;7.5;7.5;7.5;7.5;5;0
МариЭнСб-п;60;20171009;170000;7.6;7.6;7.6;7.6;1;0
МариЭнСб-п;60;20171009;180000;7.6;7.6;7.6;7.6;1;0
МариЭнСб-п;60;20171010;140000;7.69;7.7;7.69;7.7;9;0
МариЭнСб-п;60;20171010;160000;7.7;7.7;7.7;7.7;2;0
МариЭнСб-п;60;20171010;170000;7.69;7.7;7.69;7.7;2;0
МариЭнСб-п;60;20171011;100000;7.7;7.7;7.7;7.7;1;0
МариЭнСб-п;60;20171011;110000;7.73;7.74;7.73;7.74;2;0
МариЭнСб-п;60;20171011;120000;7.75;7.8;7.75;7.8;3;0
МариЭнСб-п;60;20171011;140000;7.85;7.86;7.85;7.86;6;0
МариЭнСб-п;60;20171011;150000;7.87;7.88;7.87;7.88;3;0
МариЭнСб-п;60;20171011;160000;8;8;8;8;3;0
МариЭнСб-п;60;20171012;100000;7.91;7.91;7.91;7.91;1;0
МариЭнСб-п;60;20171012;120000;7.91;7.91;7.91;7.91;2;0
МариЭнСб-п;60;20171012;140000;8.04;8.29;8.04;8.25;11;0
МариЭнСб-п;60;20171012;150000;8.01;8.01;8;8;3;0
МариЭнСб-п;60;20171012;160000;7.91;7.92;7.91;7.92;19;0
МариЭнСб-п;60;20171012;180000;7.87;7.87;7.87;7.87;2;0
МариЭнСб-п;60;20171013;110000;8.29;8.29;8.29;8.29;8;0
МариЭнСб-п;60;20171013;120000;8.3;8.3;8.3;8.3;2;0
МариЭнСб-п;60;20171013;130000;8.3;8.3;8.3;8.3;1;0
МариЭнСб-п;60;20171013;140000;7.96;7.96;7.87;7.87;6;0
МариЭнСб-п;60;20171013;150000;8.28;8.28;8.28;8.28;1;0
МариЭнСб-п;60;20171016;100000;8.06;8.18;8.06;8.18;30;0
МариЭнСб-п;60;20171016;110000;8;8;7.99;7.99;17;0
МариЭнСб-п;60;20171016;120000;8.1;8.23;8.1;8.23;20;0
МариЭнСб-п;60;20171016;130000;8.22;8.22;8.22;8.22;1;0
МариЭнСб-п;60;20171016;140000;8.21;8.23;8.19;8.23;3;0
МариЭнСб-п;60;20171016;150000;8.23;8.3;8.23;8.3;10;0
МариЭнСб-п;60;20171016;160000;8.23;8.23;8.23;8.23;1;0
МариЭнСб-п;60;20171016;180000;8.3;8.3;8.3;8.3;1;0
МариЭнСб-п;60;20171017;100000;8.44;8.94;8.44;8.94;25;0
МариЭнСб-п;60;20171017;110000;8.58;8.92;8.15;8.9;19;0
МариЭнСб-п;60;20171017;120000;8.87;8.87;8.24;8.86;4;0
МариЭнСб-п;60;20171017;150000;8.69;8.7;8.11;8.31;39;0
МариЭнСб-п;60;20171017;160000;8.24;11.61;8.03;8.4;171;0
МариЭнСб-п;60;20171017;170000;8.4;9.25;8.4;9.25;38;0
МариЭнСб-п;60;20171017;180000;8.42;8.42;8.42;8.42;2;0
МариЭнСб-п;60;20171018;100000;9.26;11.6;9;9.97;23;0
МариЭнСб-п;60;20171018;110000;9.98;10.01;9;9;43;0
МариЭнСб-п;60;20171018;120000;9.01;9.01;9.01;9.01;1;0
МариЭнСб-п;60;20171018;130000;9.35;9.35;9.35;9.35;2;0
МариЭнСб-п;60;20171018;140000;9.35;9.69;9.1;9.1;31;0
МариЭнСб-п;60;20171018;160000;9.67;9.67;9.6;9.6;4;0
МариЭнСб-п;60;20171018;170000;9.65;9.65;9.65;9.65;14;0
МариЭнСб-п;60;20171018;180000;9.6;9.6;9.6;9.6;1;0
МариЭнСб-п;60;20171019;100000;9.09;9.7;9.09;9.7;9;0
МариЭнСб-п;60;20171019;110000;9.37;9.89;9.05;9.89;45;0
МариЭнСб-п;60;20171019;120000;9.5;9.5;9.5;9.5;1;0
МариЭнСб-п;60;20171019;160000;9.52;9.52;9.52;9.52;10;0
МариЭнСб-п;60;20171019;170000;9.52;9.52;9.2;9.2;2;0
МариЭнСб-п;60;20171019;180000;9.14;9.14;9.14;9.14;1;0
МариЭнСб-п;60;20171020;100000;9.01;9.14;8.99;9.14;18;0
МариЭнСб-п;60;20171020;110000;9.15;9.44;9.02;9.44;18;0
МариЭнСб-п;60;20171020;150000;9.44;9.44;9.1;9.1;5;0
МариЭнСб-п;60;20171020;170000;9.05;9.45;9.05;9.45;5;0
МариЭнСб-п;60;20171023;100000;9.04;9.04;9.04;9.04;2;0
МариЭнСб-п;60;20171023;120000;9.25;9.25;9.25;9.25;3;0
МариЭнСб-п;60;20171023;150000;9.33;9.33;9.33;9.33;1;0
МариЭнСб-п;60;20171023;160000;9.25;9.25;9.25;9.25;1;0
МариЭнСб-п;60;20171024;100000;9.05;9.05;9.01;9.01;2;0
МариЭнСб-п;60;20171024;110000;9.12;9.12;9.12;9.12;2;0
МариЭнСб-п;60;20171024;130000;9.08;9.08;9.08;9.08;1;0
МариЭнСб-п;60;20171024;140000;9.05;9.05;9.05;9.05;2;0
МариЭнСб-п;60;20171024;150000;9;9;8.86;8.86;3;0
МариЭнСб-п;60;20171024;160000;8.8;8.8;8.8;8.8;1;0
МариЭнСб-п;60;20171024;170000;8.51;8.51;8.51;8.51;1;0
МариЭнСб-п;60;20171024;180000;9.04;9.04;8.55;8.85;3;0
МариЭнСб-п;60;20171025;100000;8.41;9.05;8.41;9.05;4;0
МариЭнСб-п;60;20171025;120000;9.1;9.1;9.1;9.1;1;0
МариЭнСб-п;60;20171025;130000;9.05;9.05;9.05;9.05;1;0
МариЭнСб-п;60;20171025;140000;9.05;9.62;9.05;9.62;11;0
МариЭнСб-п;60;20171025;180000;9.62;9.62;9.62;9.62;5;0
МариЭнСб-п;60;20171026;100000;9.65;9.65;9.11;9.11;2;0
МариЭнСб-п;60;20171026;130000;9.12;9.12;9.12;9.12;1;0
МариЭнСб-п;60;20171026;140000;9.11;9.11;9.11;9.11;2;0
МариЭнСб-п;60;20171026;180000;9.1;9.1;9.1;9.1;8;0
МариЭнСб-п;60;20171027;100000;8.4;9.2;7.5;9.2;8;0
МариЭнСб-п;60;20171027;130000;9;9;9;9;1;0
МариЭнСб-п;60;20171030;100000;9.57;9.57;9.57;9.57;1;0
МариЭнСб-п;60;20171030;160000;9.1;9.5;9.06;9.5;21;0
МариЭнСб-п;60;20171030;180000;9.1;9.1;9.05;9.05;6;0
МариЭнСб-п;60;20171031;130000;9.2;9.56;9.2;9.56;5;0
МариЭнСб-п;60;20171101;100000;9.2;9.3;9.19;9.19;5;0
МариЭнСб-п;60;20171101;110000;9.18;9.55;9.18;9.55;6;0
МариЭнСб-п;60;20171101;120000;9.1;9.1;9.1;9.1;2;0
МариЭнСб-п;60;20171101;150000;9.3;9.3;9.3;9.3;1;0
МариЭнСб-п;60;20171101;170000;9.3;9.3;9.15;9.15;4;0
МариЭнСб-п;60;20171101;180000;9.15;9.15;9.11;9.11;4;0
МариЭнСб-п;60;20171102;100000;9.1;9.1;9.1;9.1;3;0
МариЭнСб-п;60;20171103;130000;9.42;9.42;9.42;9.42;1;0
МариЭнСб-п;60;20171103;140000;9.44;9.44;9.44;9.44;1;0
МариЭнСб-п;60;20171103;160000;9.42;9.42;9.17;9.17;3;0
МариЭнСб-п;60;20171107;110000;9.17;9.17;9.14;9.14;3;0
МариЭнСб-п;60;20171107;120000;9.09;9.09;9.08;9.08;13;0
МариЭнСб-п;60;20171107;130000;9.08;9.08;9.08;9.08;1;0
МариЭнСб-п;60;20171107;140000;9.15;9.15;9.15;9.15;3;0
МариЭнСб-п;60;20171107;170000;9.3;9.35;9.3;9.35;6;0
МариЭнСб-п;60;20171107;180000;9.44;9.44;9.44;9.44;1;0
МариЭнСб-п;60;20171108;130000;9.3;9.31;9.3;9.31;3;0
МариЭнСб-п;60;20171108;150000;9.3;9.3;9.3;9.3;5;0
МариЭнСб-п;60;20171108;170000;9.19;9.19;9.19;9.19;1;0
МариЭнСб-п;60;20171108;180000;9.16;9.16;9.16;9.16;1;0
МариЭнСб-п;60;20171109;100000;9.14;9.6;9.14;9.6;14;0
МариЭнСб-п;60;20171109;110000;9.7;9.7;9.7;9.7;15;0
МариЭнСб-п;60;20171109;120000;9.41;9.41;9.4;9.4;2;0
МариЭнСб-п;60;20171109;140000;9.41;9.41;9.41;9.41;1;0
МариЭнСб-п;60;20171109;150000;9.8;9.8;9.42;9.42;4;0
МариЭнСб-п;60;20171109;170000;9.41;9.41;9.41;9.41;2;0
МариЭнСб-п;60;20171109;180000;9.41;9.7;9.41;9.61;11;0
МариЭнСб-п;60;20171110;120000;9.64;9.64;9.64;9.64;5;0
МариЭнСб-п;60;20171110;130000;9.7;9.7;9.7;9.7;1;0
МариЭнСб-п;60;20171110;160000;9.7;9.7;9.4;9.7;5;0
МариЭнСб-п;60;20171110;180000;9.9;9.9;9.9;9.9;5;0
МариЭнСб-п;60;20171113;110000;9.62;9.9;9.62;9.9;14;0
МариЭнСб-п;60;20171113;130000;9.51;9.51;9.15;9.15;11;0
МариЭнСб-п;60;20171113;140000;9.46;9.9;9.46;9.9;5;0
МариЭнСб-п;60;20171113;180000;9.45;9.45;9.45;9.45;1;0
МариЭнСб-п;60;20171114;100000;9.83;9.83;9.83;9.83;2;0
МариЭнСб-п;60;20171114;110000;9.25;9.63;9.25;9.63;2;0
МариЭнСб-п;60;20171114;120000;9.27;9.27;9.27;9.27;1;0
МариЭнСб-п;60;20171114;150000;9.3;9.32;9.3;9.32;2;0
МариЭнСб-п;60;20171114;170000;9.33;9.33;9.27;9.27;14;0
МариЭнСб-п;60;20171114;180000;9.27;9.27;9.27;9.27;4;0
МариЭнСб-п;60;20171115;100000;9.68;9.68;9.04;9.05;4;0
МариЭнСб-п;60;20171115;110000;9.07;9.08;9.07;9.08;2;0
МариЭнСб-п;60;20171115;140000;9.06;9.06;9.06;9.06;1;0
МариЭнСб-п;60;20171115;150000;9.01;9.01;9;9;4;0
МариЭнСб-п;60;20171115;160000;8.67;8.69;8.66;8.69;3;0
МариЭнСб-п;60;20171115;170000;8.7;8.7;8.7;8.7;3;0
МариЭнСб-п;60;20171115;180000;8.98;8.98;8.69;8.91;12;0
МариЭнСб-п;60;20171116;100000;8;8;6.15;7.85;5;0
МариЭнСб-п;60;20171116;110000;7.08;7.16;7.08;7.16;5;0
МариЭнСб-п;60;20171116;120000;7.41;7.86;7.41;7.86;7;0
МариЭнСб-п;60;20171116;150000;7.7;7.7;7.7;7.7;1;0
МариЭнСб-п;60;20171116;160000;7.5;7.5;7.03;7.13;8;0
МариЭнСб-п;60;20171116;170000;7.09;7.16;7.09;7.16;8;0
МариЭнСб-п;60;20171116;180000;7.01;7.01;7.01;7.01;4;0
МариЭнСб-п;60;20171117;100000;6.7;6.7;6.7;6.7;10;0
МариЭнСб-п;60;20171117;140000;6.7;6.7;6.7;6.7;2;0
МариЭнСб-п;60;20171117;150000;6.69;6.69;6;6.09;47;0
МариЭнСб-п;60;20171117;160000;5.85;5.98;5.85;5.98;11;0
МариЭнСб-п;60;20171117;170000;6;6;5.81;6;10;0
МариЭнСб-п;60;20171117;180000;5.71;5.99;5.68;5.99;6;0
МариЭнСб-п;60;20171120;100000;6.1;6.1;5.8;5.8;2;0
МариЭнСб-п;60;20171120;110000;5.8;5.8;5.8;5.8;1;0
МариЭнСб-п;60;20171120;120000;5.52;5.7;5.15;5.7;5;0
МариЭнСб-п;60;20171120;130000;5.7;5.7;5.7;5.7;1;0
МариЭнСб-п;60;20171121;110000;5.16;5.6;4.71;5.4;10;0
МариЭнСб-п;60;20171121;120000;5.3;5.31;5.3;5.31;4;0
МариЭнСб-п;60;20171121;180000;5.45;5.45;5.45;5.45;1;0
МариЭнСб-п;60;20171122;100000;5.38;5.38;5.29;5.29;2;0
МариЭнСб-п;60;20171122;140000;5.29;5.29;5.29;5.29;1;0
МариЭнСб-п;60;20171123;130000;5.28;5.28;5.28;5.28;1;0
МариЭнСб-п;60;20171124;150000;5.09;5.27;5.09;5.25;19;0
МариЭнСб-п;60;20171124;160000;5.21;5.21;5.21;5.21;1;0
МариЭнСб-п;60;20171127;150000;5.21;5.21;5.21;5.21;1;0
МариЭнСб-п;60;20171130;130000;4.6;4.99;4.6;4.9;4;0
МариЭнСб-п;60;20171204;100000;5.79;5.8;5;5;11;0
МариЭнСб-п;60;20171204;110000;5.1;5.1;5.1;5.1;1;0
МариЭнСб-п;60;20171204;120000;5.2;5.3;5.2;5.3;2;0
МариЭнСб-п;60;20171205;170000;5.2;5.2;5.2;5.2;2;0
МариЭнСб-п;60;20171206;130000;4.74;5.1;4.74;5.1;2;0
МариЭнСб-п;60;20171206;140000;5.01;5.01;4.73;4.76;8;0
МариЭнСб-п;60;20171206;160000;4.99;4.99;4.99;4.99;1;0
МариЭнСб-п;60;20171206;170000;4.89;4.9;4.89;4.9;2;0
МариЭнСб-п;60;20171206;180000;4.9;4.9;4.9;4.9;1;0
МариЭнСб-п;60;20171207;100000;4.9;4.9;4.9;4.9;1;0
МариЭнСб-п;60;20171207;150000;4.75;4.75;4.68;4.68;2;0
МариЭнСб-п;60;20171208;100000;4.64;4.64;4.64;4.64;1;0
МариЭнСб-п;60;20171208;110000;4.8;4.8;4.8;4.8;1;0
МариЭнСб-п;60;20171208;170000;4.75;4.75;4.74;4.74;2;0
МариЭнСб-п;60;20171208;180000;4.71;4.71;4.71;4.71;3;0
МариЭнСб-п;60;20171211;110000;4.84;4.9;4.84;4.9;3;0
МариЭнСб-п;60;20171211;130000;4.94;4.94;4.94;4.94;1;0
МариЭнСб-п;60;20171211;180000;5.05;5.05;4.95;4.95;2;0
МариЭнСб-п;60;20171212;100000;5.28;5.28;5;5.2;4;0
МариЭнСб-п;60;20171212;120000;4.85;5.1;4.85;5;3;0
МариЭнСб-п;60;20171213;140000;5.29;5.29;5.29;5.29;1;0
МариЭнСб-п;60;20171213;150000;5.08;5.08;5.08;5.08;1;0
МариЭнСб-п;60;20171215;160000;5.08;5.08;5.08;5.08;1;0
МариЭнСб-п;60;20171220;170000;5.39;5.5;5.1;5.5;7;0
МариЭнСб-п;60;20171220;180000;4.88;5.2;4.88;5.1;5;0
МариЭнСб-п;60;20171221;100000;5.3;5.99;5.2;5.9;21;0
МариЭнСб-п;60;20171221;110000;5.55;5.8;5.21;5.31;12;0
МариЭнСб-п;60;20171221;120000;5.31;5.31;5.31;5.31;1;0
МариЭнСб-п;60;20171221;150000;5.86;6.62;5.5;5.8;21;0
МариЭнСб-п;60;20171221;170000;5.8;5.95;5.8;5.95;4;0
МариЭнСб-п;60;20171221;180000;6.14;7.13;6;7.13;40;0
МариЭнСб-п;60;20171222;100000;7.48;7.98;6.7;7.5;18;0
МариЭнСб-п;60;20171222;120000;7.84;7.85;7.84;7.85;2;0
МариЭнСб-п;60;20171222;130000;7.5;7.5;7.4;7.4;3;0
МариЭнСб-п;60;20171222;180000;7.3;9.38;7.3;9.38;20;0
МариЭнСб-п;60;20171225;110000;9.36;9.36;9.36;9.36;1;0
МариЭнСб-п;60;20171225;180000;9.19;10.5;9.19;10.5;36;0
МариЭнСб-п;60;20171226;100000;11.9;13.42;8.5;8.5;55;0
МариЭнСб-п;60;20171226;110000;8.93;8.93;8.9;8.9;12;0
МариЭнСб-п;60;20171226;120000;8.6;8.6;8.6;8.6;1;0
МариЭнСб-п;60;20171226;180000;8.9;8.9;8.9;8.9;1;0
МариЭнСб-п;60;20171227;100000;11;12.45;9.15;9.15;20;0
МариЭнСб-п;60;20171227;110000;9.17;9.17;9.17;9.17;1;0
МариЭнСб-п;60;20171227;120000;9.2;9.2;9.2;9.2;1;0
МариЭнСб-п;60;20171227;150000;9.55;10.18;9.55;10.18;7;0
МариЭнСб-п;60;20171227;170000;9.24;9.24;9.24;9.24;1;0
МариЭнСб-п;60;20171227;180000;9.6;9.65;9.24;9.65;6;0
МариЭнСб-п;60;20171228;120000;9.15;9.15;9.15;9.15;1;0
МариЭнСб-п;60;20171228;150000;9.15;9.15;9.14;9.14;2;0
МариЭнСб-п;60;20171228;170000;8.9;8.9;8.41;8.41;3;0
МариЭнСб-п;60;20171228;180000;8.4;8.4;8.4;8.4;2;0
МариЭнСб-п;60;20171229;160000;9.5;9.5;9.5;9.5;3;0
