<TICKER>;<PER>;<DATE>;<TIME>;<OPEN>;<HIGH>;<LOW>;<CLOSE>;<VOL>;<OPENINT>
МордЭнСб;60;20170124;100000;0.55;0.595;0.55;0.59;164;0
МордЭнСб;60;20170124;110000;0.571;0.576;0.565;0.576;31;0
МордЭнСб;60;20170124;120000;0.575;0.586;0.569;0.586;34;0
МордЭнСб;60;20170124;130000;0.576;0.583;0.564;0.572;49;0
МордЭнСб;60;20170124;140000;0.574;0.585;0.574;0.584;19;0
МордЭнСб;60;20170124;150000;0.579;0.579;0.576;0.577;4;0
МордЭнСб;60;20170124;160000;0.581;0.582;0.574;0.575;11;0
МордЭнСб;60;20170124;170000;0.575;0.581;0.57;0.581;38;0
МордЭнСб;60;20170124;180000;0.58;0.587;0.58;0.584;58;0
МордЭнСб;60;20170125;100000;0.586;0.618;0.581;0.599;99;0
МордЭнСб;60;20170125;110000;0.604;0.616;0.595;0.612;93;0
МордЭнСб;60;20170125;120000;0.604;0.613;0.603;0.613;42;0
МордЭнСб;60;20170125;130000;0.602;0.611;0.6;0.611;22;0
МордЭнСб;60;20170125;140000;0.604;0.61;0.602;0.61;21;0
МордЭнСб;60;20170125;150000;0.609;0.61;0.609;0.61;8;0
МордЭнСб;60;20170125;180000;0.604;0.609;0.602;0.609;8;0
МордЭнСб;60;20170126;100000;0.616;0.631;0.593;0.601;246;0
МордЭнСб;60;20170126;110000;0.605;0.605;0.597;0.599;26;0
МордЭнСб;60;20170126;120000;0.603;0.609;0.601;0.602;18;0
МордЭнСб;60;20170126;130000;0.606;0.613;0.6;0.608;17;0
МордЭнСб;60;20170126;140000;0.614;0.614;0.594;0.607;57;0
МордЭнСб;60;20170126;150000;0.599;0.606;0.587;0.595;131;0
МордЭнСб;60;20170126;160000;0.598;0.6;0.597;0.6;7;0
МордЭнСб;60;20170126;170000;0.596;0.6;0.592;0.6;15;0
МордЭнСб;60;20170126;180000;0.599;0.599;0.593;0.597;12;0
МордЭнСб;60;20170127;100000;0.587;0.591;0.587;0.59;3;0
МордЭнСб;60;20170127;110000;0.592;0.592;0.592;0.592;4;0
МордЭнСб;60;20170127;130000;0.595;0.598;0.595;0.598;9;0
МордЭнСб;60;20170127;140000;0.592;0.592;0.59;0.59;3;0
МордЭнСб;60;20170127;150000;0.589;0.589;0.583;0.583;26;0
МордЭнСб;60;20170127;160000;0.587;0.587;0.587;0.587;2;0
МордЭнСб;60;20170127;170000;0.585;0.585;0.584;0.584;7;0
МордЭнСб;60;20170127;180000;0.585;0.59;0.579;0.59;20;0
МордЭнСб;60;20170130;100000;0.57;0.579;0.57;0.579;12;0
МордЭнСб;60;20170130;110000;0.579;0.589;0.578;0.588;13;0
МордЭнСб;60;20170130;120000;0.581;0.581;0.577;0.58;16;0
МордЭнСб;60;20170130;140000;0.581;0.581;0.581;0.581;4;0
МордЭнСб;60;20170130;150000;0.581;0.581;0.578;0.579;5;0
МордЭнСб;60;20170130;160000;0.579;0.579;0.579;0.579;1;0
МордЭнСб;60;20170130;170000;0.579;0.586;0.579;0.582;5;0
МордЭнСб;60;20170131;100000;0.598;0.598;0.563;0.571;10;0
МордЭнСб;60;20170131;120000;0.568;0.571;0.567;0.568;9;0
МордЭнСб;60;20170131;130000;0.57;0.57;0.565;0.565;10;0
МордЭнСб;60;20170131;140000;0.569;0.569;0.566;0.566;2;0
МордЭнСб;60;20170131;150000;0.567;0.57;0.567;0.568;4;0
МордЭнСб;60;20170131;160000;0.57;0.57;0.57;0.57;5;0
МордЭнСб;60;20170131;180000;0.568;0.579;0.568;0.579;2;0
МордЭнСб;60;20170201;100000;0.571;0.571;0.565;0.565;25;0
МордЭнСб;60;20170201;110000;0.565;0.568;0.564;0.565;25;0
МордЭнСб;60;20170201;120000;0.565;0.568;0.55;0.559;61;0
МордЭнСб;60;20170201;130000;0.559;0.563;0.559;0.56;19;0
МордЭнСб;60;20170201;140000;0.56;0.564;0.556;0.559;31;0
МордЭнСб;60;20170201;150000;0.559;0.568;0.551;0.551;38;0
МордЭнСб;60;20170201;160000;0.557;0.562;0.557;0.562;15;0
МордЭнСб;60;20170201;170000;0.56;0.561;0.559;0.559;12;0
МордЭнСб;60;20170201;180000;0.559;0.578;0.559;0.578;33;0
МордЭнСб;60;20170202;100000;0.58;0.593;0.574;0.579;30;0
МордЭнСб;60;20170202;110000;0.578;0.581;0.577;0.581;9;0
МордЭнСб;60;20170202;120000;0.581;0.581;0.576;0.576;7;0
МордЭнСб;60;20170202;130000;0.577;0.583;0.575;0.58;12;0
МордЭнСб;60;20170202;140000;0.58;0.585;0.579;0.584;25;0
МордЭнСб;60;20170202;150000;0.579;0.599;0.579;0.585;77;0
МордЭнСб;60;20170202;160000;0.588;0.589;0.583;0.583;16;0
МордЭнСб;60;20170202;170000;0.583;0.599;0.572;0.579;248;0
МордЭнСб;60;20170202;180000;0.58;0.582;0.574;0.578;16;0
МордЭнСб;60;20170203;100000;0.585;0.585;0.579;0.58;21;0
МордЭнСб;60;20170203;110000;0.583;0.583;0.579;0.579;2;0
МордЭнСб;60;20170203;130000;0.579;0.579;0.578;0.578;2;0
МордЭнСб;60;20170203;140000;0.577;0.578;0.577;0.578;2;0
МордЭнСб;60;20170203;150000;0.58;0.58;0.58;0.58;1;0
МордЭнСб;60;20170203;160000;0.577;0.577;0.577;0.577;1;0
МордЭнСб;60;20170203;170000;0.576;0.582;0.575;0.582;46;0
МордЭнСб;60;20170203;180000;0.58;0.58;0.58;0.58;1;0
МордЭнСб;60;20170206;100000;0.57;0.58;0.56;0.58;33;0
МордЭнСб;60;20170206;110000;0.565;0.571;0.565;0.571;11;0
МордЭнСб;60;20170206;120000;0.572;0.577;0.572;0.577;12;0
МордЭнСб;60;20170206;130000;0.576;0.576;0.576;0.576;3;0
МордЭнСб;60;20170206;140000;0.57;0.57;0.567;0.567;5;0
МордЭнСб;60;20170206;150000;0.569;0.578;0.569;0.578;18;0
МордЭнСб;60;20170206;160000;0.578;0.588;0.578;0.583;38;0
МордЭнСб;60;20170206;170000;0.581;0.581;0.57;0.572;34;0
МордЭнСб;60;20170206;180000;0.572;0.578;0.572;0.578;8;0
МордЭнСб;60;20170207;100000;0.582;0.589;0.58;0.58;14;0
МордЭнСб;60;20170207;110000;0.578;0.587;0.577;0.587;8;0
МордЭнСб;60;20170207;120000;0.581;0.581;0.579;0.579;4;0
МордЭнСб;60;20170207;130000;0.578;0.58;0.577;0.577;7;0
МордЭнСб;60;20170207;140000;0.581;0.581;0.58;0.58;3;0
МордЭнСб;60;20170207;150000;0.577;0.577;0.577;0.577;1;0
МордЭнСб;60;20170207;170000;0.579;0.584;0.579;0.584;2;0
МордЭнСб;60;20170207;180000;0.579;0.579;0.579;0.579;12;0
МордЭнСб;60;20170208;100000;0.585;0.599;0.578;0.591;54;0
МордЭнСб;60;20170208;110000;0.592;0.592;0.587;0.587;11;0
МордЭнСб;60;20170208;120000;0.591;0.595;0.591;0.591;6;0
МордЭнСб;60;20170208;130000;0.591;0.595;0.587;0.587;39;0
МордЭнСб;60;20170208;140000;0.587;0.59;0.585;0.59;7;0
МордЭнСб;60;20170208;150000;0.585;0.585;0.585;0.585;7;0
МордЭнСб;60;20170208;160000;0.584;0.589;0.584;0.589;2;0
МордЭнСб;60;20170208;170000;0.583;0.583;0.583;0.583;2;0
МордЭнСб;60;20170208;180000;0.581;0.581;0.58;0.58;8;0
МордЭнСб;60;20170209;100000;0.583;0.594;0.572;0.582;66;0
МордЭнСб;60;20170209;110000;0.574;0.581;0.573;0.581;24;0
МордЭнСб;60;20170209;120000;0.574;0.58;0.574;0.58;5;0
МордЭнСб;60;20170209;130000;0.579;0.583;0.574;0.583;17;0
МордЭнСб;60;20170209;140000;0.582;0.584;0.577;0.579;16;0
МордЭнСб;60;20170209;150000;0.579;0.584;0.574;0.584;13;0
МордЭнСб;60;20170209;160000;0.579;0.58;0.577;0.579;11;0
МордЭнСб;60;20170209;170000;0.579;0.579;0.57;0.577;34;0
МордЭнСб;60;20170209;180000;0.575;0.58;0.575;0.58;4;0
МордЭнСб;60;20170210;100000;0.579;0.587;0.574;0.581;13;0
МордЭнСб;60;20170210;110000;0.58;0.58;0.578;0.578;3;0
МордЭнСб;60;20170210;120000;0.578;0.585;0.576;0.579;14;0
МордЭнСб;60;20170210;130000;0.578;0.578;0.578;0.578;1;0
МордЭнСб;60;20170210;140000;0.577;0.578;0.575;0.575;4;0
МордЭнСб;60;20170210;150000;0.574;0.575;0.571;0.575;4;0
МордЭнСб;60;20170210;160000;0.573;0.573;0.573;0.573;2;0
МордЭнСб;60;20170210;170000;0.574;0.576;0.57;0.576;11;0
МордЭнСб;60;20170210;180000;0.57;0.577;0.57;0.577;11;0
МордЭнСб;60;20170213;100000;0.582;0.605;0.578;0.583;34;0
МордЭнСб;60;20170213;110000;0.585;0.585;0.581;0.583;4;0
МордЭнСб;60;20170213;120000;0.579;0.579;0.575;0.575;18;0
МордЭнСб;60;20170213;130000;0.576;0.576;0.575;0.575;6;0
МордЭнСб;60;20170213;140000;0.574;0.581;0.562;0.562;26;0
МордЭнСб;60;20170213;150000;0.565;0.572;0.562;0.562;18;0
МордЭнСб;60;20170213;160000;0.564;0.574;0.564;0.574;4;0
МордЭнСб;60;20170213;180000;0.573;0.574;0.573;0.574;3;0
МордЭнСб;60;20170214;100000;0.565;0.583;0.565;0.566;5;0
МордЭнСб;60;20170214;110000;0.564;0.564;0.56;0.56;11;0
МордЭнСб;60;20170214;120000;0.558;0.57;0.558;0.56;35;0
МордЭнСб;60;20170214;130000;0.559;0.562;0.557;0.557;18;0
МордЭнСб;60;20170214;140000;0.557;0.56;0.557;0.56;7;0
МордЭнСб;60;20170214;150000;0.56;0.561;0.56;0.561;2;0
МордЭнСб;60;20170214;160000;0.56;0.565;0.559;0.56;13;0
МордЭнСб;60;20170214;170000;0.558;0.566;0.556;0.56;38;0
МордЭнСб;60;20170214;180000;0.559;0.559;0.555;0.555;18;0
МордЭнСб;60;20170215;100000;0.559;0.577;0.557;0.557;39;0
МордЭнСб;60;20170215;110000;0.561;0.58;0.56;0.561;104;0
МордЭнСб;60;20170215;120000;0.562;0.569;0.555;0.561;32;0
МордЭнСб;60;20170215;130000;0.561;0.561;0.555;0.56;12;0
МордЭнСб;60;20170215;140000;0.558;0.568;0.558;0.568;4;0
МордЭнСб;60;20170215;150000;0.56;0.561;0.559;0.561;5;0
МордЭнСб;60;20170215;160000;0.562;0.566;0.562;0.566;2;0
МордЭнСб;60;20170215;170000;0.563;0.563;0.563;0.563;2;0
МордЭнСб;60;20170215;180000;0.56;0.571;0.56;0.571;9;0
МордЭнСб;60;20170216;100000;0.562;0.572;0.558;0.572;44;0
МордЭнСб;60;20170216;110000;0.565;0.565;0.559;0.559;9;0
МордЭнСб;60;20170216;120000;0.558;0.56;0.554;0.559;39;0
МордЭнСб;60;20170216;130000;0.554;0.554;0.55;0.551;23;0
МордЭнСб;60;20170216;140000;0.55;0.553;0.549;0.55;9;0
МордЭнСб;60;20170216;150000;0.552;0.565;0.548;0.548;70;0
МордЭнСб;60;20170216;160000;0.548;0.548;0.548;0.548;3;0
МордЭнСб;60;20170216;170000;0.549;0.563;0.549;0.562;15;0
МордЭнСб;60;20170216;180000;0.566;0.566;0.566;0.566;9;0
МордЭнСб;60;20170217;100000;0.566;0.577;0.566;0.576;25;0
МордЭнСб;60;20170217;120000;0.561;0.572;0.561;0.571;12;0
МордЭнСб;60;20170217;130000;0.56;0.569;0.56;0.569;3;0
МордЭнСб;60;20170217;140000;0.56;0.569;0.56;0.569;2;0
МордЭнСб;60;20170217;150000;0.56;0.561;0.54;0.558;64;0
МордЭнСб;60;20170217;160000;0.558;0.564;0.553;0.564;17;0
МордЭнСб;60;20170217;170000;0.557;0.572;0.557;0.572;24;0
МордЭнСб;60;20170217;180000;0.572;0.58;0.565;0.578;38;0
МордЭнСб;60;20170220;090000;0.609;0.609;0.609;0.609;4;0
МордЭнСб;60;20170220;100000;0.583;0.591;0.552;0.572;40;0
МордЭнСб;60;20170220;110000;0.568;0.589;0.568;0.588;36;0
МордЭнСб;60;20170220;120000;0.58;0.58;0.58;0.58;2;0
МордЭнСб;60;20170220;150000;0.578;0.586;0.576;0.576;9;0
МордЭнСб;60;20170220;160000;0.575;0.583;0.575;0.575;4;0
МордЭнСб;60;20170220;170000;0.575;0.58;0.574;0.579;10;0
МордЭнСб;60;20170220;180000;0.579;0.579;0.579;0.579;1;0
МордЭнСб;60;20170221;100000;0.59;0.592;0.567;0.578;37;0
МордЭнСб;60;20170221;110000;0.575;0.578;0.575;0.577;9;0
МордЭнСб;60;20170221;120000;0.578;0.589;0.578;0.579;34;0
МордЭнСб;60;20170221;130000;0.573;0.579;0.569;0.577;25;0
МордЭнСб;60;20170221;140000;0.571;0.574;0.569;0.573;19;0
МордЭнСб;60;20170221;150000;0.575;0.575;0.575;0.575;1;0
МордЭнСб;60;20170221;160000;0.569;0.574;0.567;0.574;6;0
МордЭнСб;60;20170221;170000;0.57;0.574;0.569;0.574;6;0
МордЭнСб;60;20170221;180000;0.569;0.589;0.569;0.589;18;0
МордЭнСб;60;20170222;100000;0.581;0.598;0.572;0.587;56;0
МордЭнСб;60;20170222;120000;0.579;0.587;0.579;0.587;154;0
МордЭнСб;60;20170222;130000;0.58;0.58;0.577;0.577;4;0
МордЭнСб;60;20170222;140000;0.576;0.583;0.575;0.583;9;0
МордЭнСб;60;20170222;150000;0.577;0.577;0.577;0.577;2;0
МордЭнСб;60;20170222;160000;0.577;0.581;0.576;0.58;5;0
МордЭнСб;60;20170222;170000;0.575;0.582;0.575;0.576;6;0
МордЭнСб;60;20170222;180000;0.572;0.584;0.572;0.581;9;0
МордЭнСб;60;20170224;100000;0.57;0.577;0.43;0.562;29;0
МордЭнСб;60;20170224;110000;0.568;0.582;0.567;0.582;21;0
МордЭнСб;60;20170224;120000;0.572;0.572;0.567;0.569;9;0
МордЭнСб;60;20170224;130000;0.569;0.572;0.567;0.567;5;0
МордЭнСб;60;20170224;140000;0.566;0.574;0.566;0.574;3;0
МордЭнСб;60;20170224;150000;0.568;0.568;0.565;0.565;3;0
МордЭнСб;60;20170224;160000;0.568;0.574;0.565;0.565;11;0
МордЭнСб;60;20170224;170000;0.563;0.568;0.562;0.562;5;0
МордЭнСб;60;20170224;180000;0.561;0.577;0.555;0.577;43;0
МордЭнСб;60;20170227;090000;0.585;0.585;0.585;0.585;1;0
МордЭнСб;60;20170227;100000;0.566;0.581;0.54;0.541;20;0
МордЭнСб;60;20170227;110000;0.558;0.57;0.551;0.569;17;0
МордЭнСб;60;20170227;120000;0.561;0.569;0.56;0.569;7;0
МордЭнСб;60;20170227;130000;0.564;0.565;0.563;0.565;4;0
МордЭнСб;60;20170227;140000;0.559;0.563;0.533;0.547;301;0
МордЭнСб;60;20170227;150000;0.541;0.541;0.52;0.52;101;0
МордЭнСб;60;20170227;160000;0.52;0.527;0.491;0.5;196;0
МордЭнСб;60;20170227;170000;0.5;0.512;0.5;0.511;34;0
МордЭнСб;60;20170227;180000;0.511;0.512;0.5;0.5;78;0
МордЭнСб;60;20170228;100000;0.525;0.525;0.493;0.493;18;0
МордЭнСб;60;20170228;110000;0.5;0.509;0.5;0.507;11;0
МордЭнСб;60;20170228;120000;0.503;0.505;0.495;0.501;66;0
МордЭнСб;60;20170228;130000;0.5;0.5;0.498;0.498;2;0
МордЭнСб;60;20170228;140000;0.493;0.503;0.485;0.488;31;0
МордЭнСб;60;20170228;150000;0.488;0.494;0.47;0.494;38;0
МордЭнСб;60;20170228;160000;0.482;0.482;0.478;0.481;16;0
МордЭнСб;60;20170228;170000;0.487;0.491;0.482;0.483;13;0
МордЭнСб;60;20170228;180000;0.481;0.485;0.48;0.483;9;0
МордЭнСб;60;20170301;100000;0.474;0.503;0.451;0.485;72;0
МордЭнСб;60;20170301;110000;0.484;0.489;0.484;0.486;7;0
МордЭнСб;60;20170301;120000;0.486;0.495;0.483;0.495;29;0
МордЭнСб;60;20170301;130000;0.494;0.495;0.489;0.489;16;0
МордЭнСб;60;20170301;140000;0.487;0.49;0.482;0.49;23;0
МордЭнСб;60;20170301;150000;0.487;0.489;0.486;0.489;6;0
МордЭнСб;60;20170301;160000;0.492;0.494;0.492;0.494;5;0
МордЭнСб;60;20170301;170000;0.494;0.497;0.479;0.497;69;0
МордЭнСб;60;20170301;180000;0.49;0.496;0.48;0.496;70;0
МордЭнСб;60;20170302;100000;0.485;0.495;0.485;0.492;14;0
МордЭнСб;60;20170302;110000;0.493;0.493;0.49;0.49;2;0
МордЭнСб;60;20170302;120000;0.491;0.505;0.491;0.505;23;0
МордЭнСб;60;20170302;130000;0.503;0.505;0.503;0.505;5;0
МордЭнСб;60;20170302;140000;0.505;0.505;0.494;0.494;4;0
МордЭнСб;60;20170302;150000;0.499;0.5;0.485;0.488;83;0
МордЭнСб;60;20170302;160000;0.488;0.49;0.485;0.485;16;0
МордЭнСб;60;20170302;170000;0.49;0.49;0.485;0.485;6;0
МордЭнСб;60;20170302;180000;0.485;0.49;0.484;0.488;6;0
МордЭнСб;60;20170303;110000;0.488;0.488;0.488;0.488;3;0
МордЭнСб;60;20170303;130000;0.477;0.486;0.477;0.486;13;0
МордЭнСб;60;20170303;140000;0.482;0.486;0.482;0.486;12;0
МордЭнСб;60;20170303;150000;0.483;0.485;0.483;0.485;4;0
МордЭнСб;60;20170303;160000;0.484;0.484;0.483;0.483;8;0
МордЭнСб;60;20170303;180000;0.485;0.492;0.485;0.492;17;0
МордЭнСб;60;20170306;090000;0.49;0.49;0.49;0.49;4;0
МордЭнСб;60;20170306;100000;0.489;0.489;0.489;0.489;1;0
МордЭнСб;60;20170306;110000;0.491;0.538;0.49;0.51;170;0
МордЭнСб;60;20170306;120000;0.509;0.509;0.508;0.509;7;0
МордЭнСб;60;20170306;140000;0.51;0.524;0.51;0.517;43;0
МордЭнСб;60;20170306;150000;0.517;0.517;0.517;0.517;1;0
МордЭнСб;60;20170306;160000;0.516;0.529;0.513;0.529;22;0
МордЭнСб;60;20170306;170000;0.521;0.529;0.521;0.529;21;0
МордЭнСб;60;20170306;180000;0.521;0.521;0.509;0.51;34;0
МордЭнСб;60;20170307;100000;0.512;0.517;0.51;0.517;8;0
МордЭнСб;60;20170307;110000;0.515;0.523;0.51;0.515;21;0
МордЭнСб;60;20170307;120000;0.505;0.505;0.486;0.497;46;0
МордЭнСб;60;20170307;130000;0.499;0.499;0.499;0.499;1;0
МордЭнСб;60;20170307;140000;0.499;0.5;0.496;0.496;15;0
МордЭнСб;60;20170307;150000;0.495;0.501;0.49;0.491;60;0
МордЭнСб;60;20170307;160000;0.494;0.494;0.491;0.494;6;0
МордЭнСб;60;20170307;170000;0.492;0.492;0.491;0.491;3;0
МордЭнСб;60;20170307;180000;0.49;0.49;0.486;0.49;11;0
МордЭнСб;60;20170309;100000;0.481;0.494;0.446;0.474;28;0
МордЭнСб;60;20170309;110000;0.472;0.49;0.472;0.49;7;0
МордЭнСб;60;20170309;120000;0.485;0.485;0.468;0.485;13;0
МордЭнСб;60;20170309;130000;0.475;0.497;0.47;0.497;16;0
МордЭнСб;60;20170309;140000;0.472;0.477;0.472;0.474;4;0
МордЭнСб;60;20170309;160000;0.472;0.487;0.47;0.487;4;0
МордЭнСб;60;20170309;170000;0.469;0.483;0.452;0.477;28;0
МордЭнСб;60;20170310;100000;0.479;0.48;0.479;0.48;2;0
МордЭнСб;60;20170310;110000;0.478;0.479;0.478;0.478;12;0
МордЭнСб;60;20170310;120000;0.478;0.484;0.478;0.484;10;0
МордЭнСб;60;20170310;130000;0.477;0.477;0.477;0.477;1;0
МордЭнСб;60;20170310;140000;0.481;0.483;0.481;0.483;3;0
МордЭнСб;60;20170310;150000;0.475;0.475;0.475;0.475;3;0
МордЭнСб;60;20170310;160000;0.477;0.482;0.477;0.482;8;0
МордЭнСб;60;20170310;170000;0.482;0.499;0.482;0.494;33;0
МордЭнСб;60;20170310;180000;0.485;0.495;0.484;0.495;10;0
МордЭнСб;60;20170313;100000;0.527;0.528;0.493;0.5;40;0
МордЭнСб;60;20170313;110000;0.502;0.528;0.501;0.52;67;0
МордЭнСб;60;20170313;120000;0.522;0.547;0.52;0.527;244;0
МордЭнСб;60;20170313;130000;0.527;0.536;0.526;0.529;23;0
МордЭнСб;60;20170313;140000;0.529;0.529;0.514;0.519;31;0
МордЭнСб;60;20170313;150000;0.516;0.524;0.509;0.514;26;0
МордЭнСб;60;20170313;160000;0.512;0.518;0.503;0.518;37;0
МордЭнСб;60;20170313;170000;0.517;0.525;0.515;0.516;8;0
МордЭнСб;60;20170313;180000;0.511;0.53;0.508;0.53;17;0
МордЭнСб;60;20170314;100000;0.529;0.538;0.522;0.535;21;0
МордЭнСб;60;20170314;110000;0.536;0.55;0.53;0.54;24;0
МордЭнСб;60;20170314;120000;0.537;0.545;0.536;0.536;16;0
МордЭнСб;60;20170314;130000;0.535;0.539;0.534;0.539;6;0
МордЭнСб;60;20170314;140000;0.534;0.539;0.532;0.532;9;0
МордЭнСб;60;20170314;150000;0.534;0.539;0.529;0.529;11;0
МордЭнСб;60;20170314;160000;0.53;0.532;0.53;0.532;3;0
МордЭнСб;60;20170314;170000;0.528;0.537;0.528;0.537;9;0
МордЭнСб;60;20170314;180000;0.536;0.539;0.53;0.538;8;0
МордЭнСб;60;20170315;090000;0.555;0.555;0.555;0.555;1;0
МордЭнСб;60;20170315;100000;0.548;0.562;0.538;0.562;52;0
МордЭнСб;60;20170315;110000;0.551;0.557;0.544;0.545;35;0
МордЭнСб;60;20170315;120000;0.545;0.546;0.544;0.544;6;0
МордЭнСб;60;20170315;130000;0.542;0.542;0.542;0.542;1;0
МордЭнСб;60;20170315;140000;0.541;0.544;0.541;0.544;2;0
МордЭнСб;60;20170315;150000;0.548;0.548;0.548;0.548;1;0
МордЭнСб;60;20170316;100000;0.55;0.56;0.541;0.547;32;0
МордЭнСб;60;20170316;110000;0.544;0.555;0.544;0.546;18;0
МордЭнСб;60;20170316;120000;0.548;0.548;0.543;0.545;11;0
МордЭнСб;60;20170316;130000;0.547;0.547;0.544;0.545;6;0
МордЭнСб;60;20170316;150000;0.546;0.553;0.541;0.544;13;0
МордЭнСб;60;20170316;160000;0.544;0.553;0.54;0.545;13;0
МордЭнСб;60;20170316;170000;0.543;0.545;0.543;0.545;4;0
МордЭнСб;60;20170316;180000;0.54;0.551;0.54;0.551;13;0
МордЭнСб;60;20170317;100000;0.548;0.58;0.547;0.549;62;0
МордЭнСб;60;20170317;110000;0.548;0.56;0.545;0.548;13;0
МордЭнСб;60;20170317;130000;0.542;0.542;0.531;0.54;20;0
МордЭнСб;60;20170317;140000;0.535;0.543;0.534;0.543;38;0
МордЭнСб;60;20170317;160000;0.547;0.547;0.545;0.545;3;0
МордЭнСб;60;20170317;170000;0.544;0.544;0.544;0.544;1;0
МордЭнСб;60;20170317;180000;0.536;0.54;0.525;0.54;25;0
МордЭнСб;60;20170320;100000;0.557;0.557;0.53;0.53;24;0
МордЭнСб;60;20170320;110000;0.53;0.534;0.53;0.533;12;0
МордЭнСб;60;20170320;120000;0.527;0.527;0.5;0.509;130;0
МордЭнСб;60;20170320;130000;0.505;0.508;0.498;0.498;147;0
МордЭнСб;60;20170320;140000;0.501;0.509;0.497;0.499;33;0
МордЭнСб;60;20170320;150000;0.498;0.498;0.475;0.485;401;0
МордЭнСб;60;20170320;160000;0.485;0.487;0.481;0.484;68;0
МордЭнСб;60;20170320;170000;0.486;0.492;0.486;0.491;25;0
МордЭнСб;60;20170320;180000;0.487;0.493;0.485;0.49;64;0
МордЭнСб;60;20170321;100000;0.495;0.496;0.489;0.49;45;0
МордЭнСб;60;20170321;110000;0.489;0.489;0.48;0.48;35;0
МордЭнСб;60;20170321;120000;0.487;0.487;0.485;0.485;5;0
МордЭнСб;60;20170321;130000;0.483;0.488;0.482;0.488;9;0
МордЭнСб;60;20170321;140000;0.491;0.491;0.491;0.491;3;0
МордЭнСб;60;20170321;150000;0.484;0.484;0.477;0.48;31;0
МордЭнСб;60;20170321;160000;0.481;0.482;0.481;0.482;2;0
МордЭнСб;60;20170321;180000;0.481;0.481;0.48;0.48;12;0
МордЭнСб;60;20170322;100000;0.475;0.481;0.475;0.48;24;0
МордЭнСб;60;20170322;110000;0.478;0.49;0.475;0.476;70;0
МордЭнСб;60;20170322;120000;0.476;0.481;0.468;0.481;26;0
МордЭнСб;60;20170322;130000;0.478;0.478;0.478;0.478;9;0
МордЭнСб;60;20170322;140000;0.48;0.488;0.452;0.452;33;0
МордЭнСб;60;20170322;150000;0.481;0.481;0.477;0.477;3;0
МордЭнСб;60;20170322;170000;0.479;0.48;0.476;0.476;9;0
МордЭнСб;60;20170322;180000;0.479;0.484;0.479;0.483;12;0
МордЭнСб;60;20170323;100000;0.48;0.483;0.47;0.47;14;0
МордЭнСб;60;20170323;110000;0.47;0.471;0.47;0.471;9;0
МордЭнСб;60;20170323;120000;0.479;0.479;0.479;0.479;1;0
МордЭнСб;60;20170323;130000;0.475;0.475;0.472;0.472;3;0
МордЭнСб;60;20170323;140000;0.474;0.474;0.47;0.47;17;0
МордЭнСб;60;20170323;150000;0.473;0.473;0.47;0.47;11;0
МордЭнСб;60;20170323;160000;0.47;0.47;0.47;0.47;4;0
МордЭнСб;60;20170323;170000;0.47;0.47;0.47;0.47;24;0
МордЭнСб;60;20170323;180000;0.475;0.483;0.475;0.483;2;0
МордЭнСб;60;20170324;130000;0.484;0.494;0.484;0.494;6;0
МордЭнСб;60;20170324;150000;0.488;0.488;0.48;0.48;2;0
МордЭнСб;60;20170324;170000;0.487;0.488;0.487;0.488;3;0
МордЭнСб;60;20170327;100000;0.48;0.48;0.478;0.48;6;0
МордЭнСб;60;20170327;110000;0.483;0.483;0.467;0.475;4;0
МордЭнСб;60;20170327;120000;0.471;0.471;0.469;0.469;3;0
МордЭнСб;60;20170327;130000;0.47;0.47;0.468;0.468;4;0
МордЭнСб;60;20170327;140000;0.477;0.48;0.477;0.48;3;0
МордЭнСб;60;20170327;150000;0.47;0.47;0.47;0.47;3;0
МордЭнСб;60;20170327;160000;0.469;0.477;0.467;0.477;6;0
МордЭнСб;60;20170327;180000;0.465;0.468;0.459;0.459;9;0
МордЭнСб;60;20170328;100000;0.459;0.463;0.453;0.459;9;0
МордЭнСб;60;20170328;130000;0.463;0.463;0.459;0.459;7;0
МордЭнСб;60;20170328;140000;0.463;0.464;0.463;0.464;2;0
МордЭнСб;60;20170328;150000;0.464;0.47;0.464;0.47;9;0
МордЭнСб;60;20170328;160000;0.465;0.469;0.465;0.468;5;0
МордЭнСб;60;20170328;180000;0.469;0.469;0.469;0.469;1;0
МордЭнСб;60;20170329;100000;0.472;0.472;0.472;0.472;2;0
МордЭнСб;60;20170329;110000;0.473;0.474;0.473;0.474;10;0
МордЭнСб;60;20170329;120000;0.474;0.475;0.474;0.475;10;0
МордЭнСб;60;20170329;170000;0.467;0.467;0.465;0.465;3;0
МордЭнСб;60;20170329;180000;0.472;0.472;0.467;0.468;4;0
МордЭнСб;60;20170330;130000;0.468;0.468;0.465;0.467;9;0
МордЭнСб;60;20170330;140000;0.467;0.47;0.467;0.47;9;0
МордЭнСб;60;20170330;160000;0.472;0.474;0.472;0.474;3;0
МордЭнСб;60;20170330;170000;0.472;0.472;0.472;0.472;1;0
МордЭнСб;60;20170330;180000;0.473;0.473;0.473;0.473;1;0
МордЭнСб;60;20170331;100000;0.484;0.484;0.484;0.484;4;0
МордЭнСб;60;20170331;110000;0.47;0.47;0.47;0.47;1;0
МордЭнСб;60;20170331;130000;0.475;0.475;0.471;0.472;9;0
МордЭнСб;60;20170331;140000;0.472;0.472;0.465;0.465;4;0
МордЭнСб;60;20170331;150000;0.464;0.464;0.452;0.459;25;0
МордЭнСб;60;20170331;180000;0.467;0.473;0.467;0.473;8;0
МордЭнСб;60;20170403;100000;0.46;0.46;0.46;0.46;2;0
МордЭнСб;60;20170403;110000;0.464;0.464;0.464;0.464;2;0
МордЭнСб;60;20170403;140000;0.471;0.482;0.471;0.482;14;0
МордЭнСб;60;20170404;150000;0.479;0.479;0.47;0.47;2;0
МордЭнСб;60;20170404;160000;0.471;0.471;0.47;0.47;5;0
МордЭнСб;60;20170404;180000;0.479;0.479;0.479;0.479;1;0
МордЭнСб;60;20170405;110000;0.47;0.47;0.47;0.47;1;0
МордЭнСб;60;20170405;120000;0.47;0.47;0.47;0.47;1;0
МордЭнСб;60;20170405;130000;0.47;0.47;0.467;0.467;3;0
МордЭнСб;60;20170405;150000;0.47;0.47;0.461;0.461;16;0
МордЭнСб;60;20170405;160000;0.471;0.471;0.471;0.471;1;0
МордЭнСб;60;20170405;170000;0.47;0.47;0.47;0.47;1;0
МордЭнСб;60;20170406;110000;0.466;0.467;0.465;0.467;12;0
МордЭнСб;60;20170406;120000;0.465;0.465;0.465;0.465;1;0
МордЭнСб;60;20170406;130000;0.465;0.465;0.458;0.458;3;0
МордЭнСб;60;20170406;140000;0.464;0.464;0.464;0.464;5;0
МордЭнСб;60;20170406;150000;0.464;0.464;0.459;0.459;2;0
МордЭнСб;60;20170406;170000;0.46;0.46;0.457;0.457;4;0
МордЭнСб;60;20170406;180000;0.464;0.464;0.464;0.464;1;0
МордЭнСб;60;20170407;100000;0.482;0.482;0.467;0.468;5;0
МордЭнСб;60;20170407;150000;0.455;0.455;0.45;0.45;9;0
МордЭнСб;60;20170407;160000;0.452;0.462;0.44;0.455;15;0
МордЭнСб;60;20170407;170000;0.452;0.452;0.45;0.45;10;0
МордЭнСб;60;20170407;180000;0.45;0.451;0.45;0.45;23;0
МордЭнСб;60;20170410;100000;0.44;0.442;0.44;0.442;8;0
МордЭнСб;60;20170410;110000;0.454;0.454;0.454;0.454;1;0
МордЭнСб;60;20170410;120000;0.448;0.448;0.448;0.448;1;0
МордЭнСб;60;20170410;130000;0.448;0.448;0.448;0.448;2;0
МордЭнСб;60;20170410;160000;0.443;0.443;0.443;0.443;1;0
МордЭнСб;60;20170410;180000;0.441;0.45;0.44;0.45;3;0
МордЭнСб;60;20170411;100000;0.453;0.453;0.453;0.453;2;0
МордЭнСб;60;20170411;110000;0.441;0.441;0.441;0.441;3;0
МордЭнСб;60;20170411;120000;0.442;0.445;0.442;0.445;3;0
МордЭнСб;60;20170411;180000;0.445;0.445;0.444;0.444;2;0
МордЭнСб;60;20170412;120000;0.428;0.428;0.428;0.428;2;0
МордЭнСб;60;20170412;130000;0.43;0.43;0.43;0.43;2;0
МордЭнСб;60;20170412;180000;0.435;0.445;0.434;0.434;23;0
МордЭнСб;60;20170413;100000;0.435;0.435;0.435;0.435;2;0
МордЭнСб;60;20170413;110000;0.434;0.434;0.425;0.425;2;0
МордЭнСб;60;20170413;120000;0.429;0.43;0.429;0.43;3;0
МордЭнСб;60;20170413;170000;0.435;0.435;0.435;0.435;1;0
МордЭнСб;60;20170414;110000;0.431;0.431;0.43;0.43;2;0
МордЭнСб;60;20170414;120000;0.433;0.433;0.433;0.433;1;0
МордЭнСб;60;20170414;140000;0.431;0.431;0.43;0.43;2;0
МордЭнСб;60;20170414;150000;0.427;0.427;0.427;0.427;1;0
МордЭнСб;60;20170414;160000;0.434;0.434;0.434;0.434;1;0
МордЭнСб;60;20170414;170000;0.428;0.428;0.425;0.425;3;0
МордЭнСб;60;20170414;180000;0.433;0.44;0.433;0.44;3;0
МордЭнСб;60;20170417;100000;0.439;0.439;0.439;0.439;1;0
МордЭнСб;60;20170417;120000;0.42;0.421;0.4;0.4;53;0
МордЭнСб;60;20170417;130000;0.4;0.422;0.4;0.414;61;0
МордЭнСб;60;20170417;140000;0.417;0.417;0.417;0.417;5;0
МордЭнСб;60;20170417;150000;0.419;0.421;0.416;0.417;11;0
МордЭнСб;60;20170417;160000;0.421;0.436;0.421;0.436;23;0
МордЭнСб;60;20170417;170000;0.436;0.446;0.427;0.446;13;0
МордЭнСб;60;20170417;180000;0.435;0.444;0.435;0.444;5;0
МордЭнСб;60;20170418;100000;0.44;0.441;0.434;0.436;10;0
МордЭнСб;60;20170418;110000;0.436;0.436;0.434;0.434;9;0
МордЭнСб;60;20170418;120000;0.433;0.433;0.412;0.426;17;0
МордЭнСб;60;20170418;130000;0.42;0.44;0.42;0.44;13;0
МордЭнСб;60;20170418;150000;0.45;0.452;0.433;0.433;10;0
МордЭнСб;60;20170418;160000;0.438;0.438;0.425;0.425;25;0
МордЭнСб;60;20170418;170000;0.432;0.432;0.432;0.432;4;0
МордЭнСб;60;20170418;180000;0.439;0.439;0.439;0.439;1;0
МордЭнСб;60;20170419;140000;0.43;0.433;0.43;0.433;2;0
МордЭнСб;60;20170419;150000;0.433;0.433;0.433;0.433;5;0
МордЭнСб;60;20170419;160000;0.437;0.442;0.437;0.44;13;0
МордЭнСб;60;20170419;180000;0.431;0.431;0.41;0.41;3;0
МордЭнСб;60;20170420;100000;0.412;0.449;0.412;0.43;12;0
МордЭнСб;60;20170420;110000;0.43;0.435;0.43;0.435;23;0
МордЭнСб;60;20170420;140000;0.425;0.427;0.425;0.426;8;0
МордЭнСб;60;20170420;150000;0.425;0.425;0.425;0.425;2;0
МордЭнСб;60;20170420;160000;0.429;0.43;0.429;0.43;4;0
МордЭнСб;60;20170420;180000;0.425;0.434;0.425;0.434;3;0
МордЭнСб;60;20170421;100000;0.431;0.431;0.43;0.43;2;0
МордЭнСб;60;20170421;110000;0.431;0.431;0.418;0.418;39;0
МордЭнСб;60;20170421;120000;0.42;0.439;0.42;0.432;6;0
МордЭнСб;60;20170421;130000;0.429;0.429;0.428;0.428;3;0
МордЭнСб;60;20170421;150000;0.428;0.428;0.422;0.425;6;0
МордЭнСб;60;20170421;160000;0.423;0.427;0.422;0.422;10;0
МордЭнСб;60;20170421;170000;0.428;0.432;0.428;0.432;4;0
МордЭнСб;60;20170421;180000;0.437;0.439;0.423;0.439;4;0
МордЭнСб;60;20170424;100000;0.44;0.44;0.434;0.434;23;0
МордЭнСб;60;20170424;110000;0.434;0.439;0.433;0.439;15;0
МордЭнСб;60;20170424;120000;0.433;0.442;0.433;0.442;7;0
МордЭнСб;60;20170424;140000;0.434;0.434;0.434;0.434;2;0
МордЭнСб;60;20170424;150000;0.434;0.434;0.434;0.434;3;0
МордЭнСб;60;20170424;160000;0.433;0.442;0.433;0.442;3;0
МордЭнСб;60;20170424;170000;0.441;0.441;0.435;0.44;5;0
МордЭнСб;60;20170424;180000;0.442;0.442;0.442;0.442;2;0
МордЭнСб;60;20170425;100000;0.431;0.431;0.431;0.431;1;0
МордЭнСб;60;20170425;120000;0.438;0.438;0.438;0.438;1;0
МордЭнСб;60;20170425;130000;0.433;0.433;0.431;0.431;44;0
МордЭнСб;60;20170425;150000;0.435;0.435;0.435;0.435;1;0
МордЭнСб;60;20170425;170000;0.43;0.43;0.426;0.426;4;0
МордЭнСб;60;20170425;180000;0.432;0.432;0.432;0.432;2;0
МордЭнСб;60;20170426;110000;0.423;0.437;0.423;0.432;8;0
МордЭнСб;60;20170426;120000;0.434;0.435;0.434;0.435;6;0
МордЭнСб;60;20170426;140000;0.431;0.431;0.42;0.42;11;0
МордЭнСб;60;20170426;170000;0.437;0.437;0.437;0.437;1;0
МордЭнСб;60;20170427;100000;0.436;0.437;0.436;0.437;10;0
МордЭнСб;60;20170427;110000;0.44;0.44;0.44;0.44;1;0
МордЭнСб;60;20170427;130000;0.435;0.435;0.435;0.435;5;0
МордЭнСб;60;20170427;160000;0.434;0.434;0.433;0.433;8;0
МордЭнСб;60;20170427;170000;0.435;0.435;0.43;0.43;4;0
МордЭнСб;60;20170427;180000;0.43;0.43;0.43;0.43;12;0
МордЭнСб;60;20170428;100000;0.469;0.489;0.463;0.489;88;0
МордЭнСб;60;20170428;110000;0.48;0.525;0.48;0.49;281;0
МордЭнСб;60;20170428;120000;0.495;0.51;0.483;0.51;61;0
МордЭнСб;60;20170428;130000;0.509;0.513;0.497;0.498;60;0
МордЭнСб;60;20170428;140000;0.509;0.525;0.506;0.52;127;0
МордЭнСб;60;20170428;150000;0.52;0.52;0.499;0.515;75;0
МордЭнСб;60;20170428;160000;0.51;0.515;0.505;0.505;3;0
МордЭнСб;60;20170428;170000;0.511;0.515;0.509;0.509;8;0
МордЭнСб;60;20170428;180000;0.517;0.526;0.508;0.526;42;0
МордЭнСб;60;20170502;100000;0.519;0.542;0.509;0.522;24;0
МордЭнСб;60;20170502;110000;0.52;0.52;0.512;0.512;21;0
МордЭнСб;60;20170502;120000;0.512;0.512;0.512;0.512;4;0
МордЭнСб;60;20170502;130000;0.507;0.508;0.507;0.508;3;0
МордЭнСб;60;20170502;150000;0.511;0.514;0.507;0.514;6;0
МордЭнСб;60;20170502;160000;0.515;0.515;0.515;0.515;2;0
МордЭнСб;60;20170502;170000;0.507;0.507;0.507;0.507;1;0
МордЭнСб;60;20170502;180000;0.512;0.514;0.512;0.514;4;0
МордЭнСб;60;20170503;100000;0.507;0.507;0.5;0.5;21;0
МордЭнСб;60;20170503;110000;0.51;0.51;0.51;0.51;1;0
МордЭнСб;60;20170503;120000;0.508;0.508;0.5;0.5;11;0
МордЭнСб;60;20170503;130000;0.491;0.491;0.488;0.488;9;0
МордЭнСб;60;20170503;150000;0.497;0.497;0.472;0.472;77;0
МордЭнСб;60;20170503;160000;0.484;0.495;0.484;0.489;33;0
МордЭнСб;60;20170503;180000;0.49;0.497;0.483;0.497;23;0
МордЭнСб;60;20170504;090000;0.484;0.484;0.484;0.484;1;0
МордЭнСб;60;20170504;100000;0.481;0.481;0.467;0.478;57;0
МордЭнСб;60;20170504;110000;0.475;0.475;0.47;0.47;10;0
МордЭнСб;60;20170504;120000;0.471;0.471;0.47;0.47;7;0
МордЭнСб;60;20170504;140000;0.467;0.467;0.462;0.467;8;0
МордЭнСб;60;20170504;150000;0.471;0.473;0.471;0.473;5;0
МордЭнСб;60;20170504;160000;0.469;0.474;0.467;0.474;8;0
МордЭнСб;60;20170504;170000;0.467;0.47;0.465;0.465;20;0
МордЭнСб;60;20170505;090000;0.451;0.451;0.451;0.451;2;0
МордЭнСб;60;20170505;100000;0.465;0.465;0.46;0.461;19;0
МордЭнСб;60;20170505;110000;0.46;0.46;0.46;0.46;11;0
МордЭнСб;60;20170505;120000;0.461;0.461;0.457;0.457;5;0
МордЭнСб;60;20170505;130000;0.457;0.457;0.451;0.451;10;0
МордЭнСб;60;20170505;140000;0.46;0.46;0.459;0.459;4;0
МордЭнСб;60;20170505;160000;0.462;0.464;0.462;0.464;2;0
МордЭнСб;60;20170505;180000;0.464;0.467;0.464;0.467;3;0
МордЭнСб;60;20170510;100000;0.481;0.481;0.474;0.48;10;0
МордЭнСб;60;20170510;160000;0.477;0.48;0.477;0.48;4;0
МордЭнСб;60;20170510;180000;0.47;0.479;0.469;0.479;3;0
МордЭнСб;60;20170511;100000;0.481;0.485;0.473;0.485;23;0
МордЭнСб;60;20170511;110000;0.478;0.478;0.475;0.475;5;0
МордЭнСб;60;20170511;140000;0.473;0.473;0.473;0.473;2;0
МордЭнСб;60;20170511;150000;0.471;0.471;0.471;0.471;1;0
МордЭнСб;60;20170511;180000;0.467;0.481;0.462;0.481;6;0
МордЭнСб;60;20170512;150000;0.468;0.468;0.468;0.468;1;0
МордЭнСб;60;20170512;170000;0.467;0.467;0.465;0.465;3;0
МордЭнСб;60;20170515;100000;0.465;0.465;0.465;0.465;1;0
МордЭнСб;60;20170515;110000;0.463;0.463;0.461;0.461;2;0
МордЭнСб;60;20170515;130000;0.47;0.47;0.469;0.469;6;0
МордЭнСб;60;20170515;160000;0.469;0.475;0.469;0.475;7;0
МордЭнСб;60;20170515;170000;0.469;0.47;0.465;0.467;5;0
МордЭнСб;60;20170515;180000;0.47;0.475;0.47;0.475;6;0
МордЭнСб;60;20170516;100000;0.47;0.47;0.469;0.469;2;0
МордЭнСб;60;20170516;110000;0.476;0.477;0.476;0.477;2;0
МордЭнСб;60;20170516;130000;0.471;0.471;0.471;0.471;1;0
МордЭнСб;60;20170516;150000;0.471;0.471;0.47;0.47;3;0
МордЭнСб;60;20170516;170000;0.469;0.469;0.469;0.469;1;0
МордЭнСб;60;20170516;180000;0.466;0.466;0.464;0.465;4;0
МордЭнСб;60;20170517;100000;0.469;0.469;0.463;0.463;9;0
МордЭнСб;60;20170517;110000;0.461;0.461;0.455;0.455;17;0
МордЭнСб;60;20170517;130000;0.455;0.455;0.455;0.455;1;0
МордЭнСб;60;20170517;140000;0.453;0.453;0.453;0.453;14;0
МордЭнСб;60;20170517;150000;0.457;0.458;0.457;0.458;2;0
МордЭнСб;60;20170517;160000;0.455;0.455;0.454;0.454;2;0
МордЭнСб;60;20170517;170000;0.453;0.453;0.451;0.451;4;0
МордЭнСб;60;20170518;110000;0.456;0.456;0.456;0.456;3;0
МордЭнСб;60;20170518;120000;0.455;0.456;0.454;0.456;15;0
МордЭнСб;60;20170518;130000;0.457;0.467;0.457;0.467;25;0
МордЭнСб;60;20170518;140000;0.469;0.469;0.461;0.461;6;0
МордЭнСб;60;20170518;150000;0.46;0.465;0.46;0.465;9;0
МордЭнСб;60;20170518;160000;0.463;0.463;0.463;0.463;1;0
МордЭнСб;60;20170518;170000;0.461;0.463;0.458;0.463;4;0
МордЭнСб;60;20170519;100000;0.46;0.463;0.46;0.463;5;0
МордЭнСб;60;20170519;110000;0.459;0.459;0.455;0.455;31;0
МордЭнСб;60;20170519;130000;0.457;0.457;0.45;0.45;13;0
МордЭнСб;60;20170519;140000;0.451;0.451;0.45;0.45;4;0
МордЭнСб;60;20170519;160000;0.45;0.45;0.45;0.45;1;0
МордЭнСб;60;20170519;170000;0.451;0.452;0.448;0.452;10;0
МордЭнСб;60;20170519;180000;0.452;0.452;0.452;0.452;1;0
МордЭнСб;60;20170522;100000;0.449;0.449;0.449;0.449;2;0
МордЭнСб;60;20170522;110000;0.456;0.468;0.456;0.467;22;0
МордЭнСб;60;20170522;120000;0.467;0.467;0.456;0.456;16;0
МордЭнСб;60;20170522;130000;0.453;0.453;0.45;0.45;41;0
МордЭнСб;60;20170522;150000;0.447;0.457;0.447;0.457;2;0
МордЭнСб;60;20170522;160000;0.451;0.455;0.45;0.45;6;0
МордЭнСб;60;20170522;180000;0.45;0.451;0.446;0.446;7;0
МордЭнСб;60;20170523;100000;0.449;0.455;0.449;0.455;2;0
МордЭнСб;60;20170523;110000;0.455;0.455;0.44;0.449;16;0
МордЭнСб;60;20170523;120000;0.448;0.448;0.448;0.448;5;0
МордЭнСб;60;20170523;140000;0.448;0.448;0.448;0.448;2;0
МордЭнСб;60;20170523;160000;0.453;0.453;0.453;0.453;1;0
МордЭнСб;60;20170524;100000;0.455;0.455;0.455;0.455;1;0
МордЭнСб;60;20170524;120000;0.451;0.451;0.448;0.448;3;0
МордЭнСб;60;20170524;130000;0.448;0.448;0.447;0.447;3;0
МордЭнСб;60;20170524;140000;0.453;0.456;0.453;0.456;3;0
МордЭнСб;60;20170524;150000;0.456;0.457;0.454;0.457;6;0
МордЭнСб;60;20170524;170000;0.458;0.458;0.458;0.458;1;0
МордЭнСб;60;20170524;180000;0.46;0.461;0.46;0.461;2;0
МордЭнСб;60;20170525;100000;0.452;0.454;0.44;0.454;9;0
МордЭнСб;60;20170525;110000;0.459;0.47;0.459;0.46;28;0
МордЭнСб;60;20170525;140000;0.461;0.461;0.449;0.449;15;0
МордЭнСб;60;20170525;150000;0.451;0.451;0.44;0.44;14;0
МордЭнСб;60;20170525;160000;0.448;0.464;0.448;0.464;6;0
МордЭнСб;60;20170525;180000;0.452;0.461;0.452;0.461;2;0
МордЭнСб;60;20170526;140000;0.454;0.454;0.454;0.454;1;0
МордЭнСб;60;20170526;150000;0.454;0.454;0.454;0.454;1;0
МордЭнСб;60;20170526;180000;0.448;0.448;0.447;0.447;3;0
МордЭнСб;60;20170529;100000;0.451;0.452;0.451;0.452;4;0
МордЭнСб;60;20170529;110000;0.461;0.467;0.454;0.467;15;0
МордЭнСб;60;20170529;120000;0.458;0.467;0.458;0.467;8;0
МордЭнСб;60;20170529;130000;0.47;0.473;0.465;0.465;3;0
МордЭнСб;60;20170529;140000;0.47;0.47;0.47;0.47;3;0
МордЭнСб;60;20170529;160000;0.464;0.464;0.45;0.45;34;0
МордЭнСб;60;20170529;170000;0.472;0.472;0.472;0.472;5;0
МордЭнСб;60;20170529;180000;0.473;0.48;0.462;0.462;15;0
МордЭнСб;60;20170530;110000;0.468;0.468;0.468;0.468;1;0
МордЭнСб;60;20170530;120000;0.467;0.469;0.467;0.469;3;0
МордЭнСб;60;20170530;150000;0.469;0.469;0.469;0.469;4;0
МордЭнСб;60;20170530;160000;0.475;0.477;0.475;0.477;2;0
МордЭнСб;60;20170530;180000;0.475;0.475;0.475;0.475;10;0
МордЭнСб;60;20170531;100000;0.451;0.499;0.451;0.459;8;0
МордЭнСб;60;20170531;110000;0.462;0.48;0.462;0.48;3;0
МордЭнСб;60;20170531;140000;0.474;0.474;0.474;0.474;1;0
МордЭнСб;60;20170531;150000;0.474;0.484;0.474;0.475;4;0
МордЭнСб;60;20170531;160000;0.475;0.475;0.471;0.471;9;0
МордЭнСб;60;20170531;180000;0.471;0.471;0.471;0.471;1;0
МордЭнСб;60;20170601;100000;0.492;0.494;0.49;0.494;9;0
МордЭнСб;60;20170601;110000;0.489;0.489;0.489;0.489;5;0
МордЭнСб;60;20170601;120000;0.488;0.488;0.488;0.488;2;0
МордЭнСб;60;20170601;130000;0.483;0.483;0.483;0.483;1;0
МордЭнСб;60;20170601;140000;0.487;0.489;0.483;0.483;12;0
МордЭнСб;60;20170601;150000;0.483;0.488;0.483;0.483;6;0
МордЭнСб;60;20170601;160000;0.484;0.484;0.482;0.482;4;0
МордЭнСб;60;20170601;180000;0.481;0.481;0.477;0.477;5;0
МордЭнСб;60;20170602;100000;0.475;0.48;0.475;0.48;5;0
МордЭнСб;60;20170602;110000;0.486;0.489;0.486;0.489;11;0
МордЭнСб;60;20170602;120000;0.489;0.489;0.484;0.485;13;0
МордЭнСб;60;20170602;130000;0.486;0.489;0.486;0.489;8;0
МордЭнСб;60;20170602;140000;0.492;0.514;0.492;0.514;19;0
МордЭнСб;60;20170602;150000;0.51;0.51;0.5;0.5;6;0
МордЭнСб;60;20170602;160000;0.498;0.505;0.498;0.505;4;0
МордЭнСб;60;20170602;170000;0.494;0.494;0.494;0.494;1;0
МордЭнСб;60;20170602;180000;0.505;0.505;0.505;0.505;1;0
МордЭнСб;60;20170605;100000;0.515;0.52;0.5;0.5;30;0
МордЭнСб;60;20170605;110000;0.5;0.5;0.5;0.5;6;0
МордЭнСб;60;20170605;140000;0.5;0.5;0.5;0.5;2;0
МордЭнСб;60;20170605;160000;0.515;0.519;0.515;0.519;8;0
МордЭнСб;60;20170605;170000;0.518;0.519;0.504;0.504;6;0
МордЭнСб;60;20170605;180000;0.504;0.516;0.504;0.516;3;0
МордЭнСб;60;20170606;100000;0.494;0.494;0.477;0.477;8;0
МордЭнСб;60;20170606;110000;0.51;0.51;0.51;0.51;1;0
МордЭнСб;60;20170606;120000;0.509;0.509;0.509;0.509;1;0
МордЭнСб;60;20170606;160000;0.507;0.507;0.507;0.507;1;0
МордЭнСб;60;20170606;180000;0.497;0.497;0.493;0.493;11;0
МордЭнСб;60;20170607;100000;0.489;0.49;0.489;0.49;8;0
МордЭнСб;60;20170607;160000;0.499;0.499;0.499;0.499;1;0
МордЭнСб;60;20170607;170000;0.486;0.486;0.485;0.485;2;0
МордЭнСб;60;20170607;180000;0.486;0.486;0.485;0.485;2;0
МордЭнСб;60;20170608;100000;0.498;0.498;0.482;0.487;3;0
МордЭнСб;60;20170608;120000;0.487;0.487;0.487;0.487;2;0
МордЭнСб;60;20170608;140000;0.498;0.498;0.498;0.498;1;0
МордЭнСб;60;20170608;160000;0.5;0.5;0.5;0.5;1;0
МордЭнСб;60;20170608;180000;0.499;0.499;0.499;0.499;1;0
МордЭнСб;60;20170609;100000;0.5;0.5;0.5;0.5;1;0
МордЭнСб;60;20170609;130000;0.509;0.55;0.509;0.529;77;0
МордЭнСб;60;20170609;140000;0.525;0.544;0.525;0.544;19;0
МордЭнСб;60;20170609;150000;0.54;0.54;0.54;0.54;1;0
МордЭнСб;60;20170609;160000;0.526;0.526;0.525;0.525;3;0
МордЭнСб;60;20170609;170000;0.52;0.52;0.52;0.52;4;0
МордЭнСб;60;20170609;180000;0.518;0.518;0.514;0.514;3;0
МордЭнСб;60;20170613;100000;0.51;0.51;0.51;0.51;1;0
МордЭнСб;60;20170613;140000;0.51;0.51;0.505;0.505;9;0
МордЭнСб;60;20170613;170000;0.502;0.502;0.501;0.501;2;0
МордЭнСб;60;20170613;180000;0.501;0.501;0.482;0.491;25;0
МордЭнСб;60;20170614;100000;0.487;0.492;0.487;0.492;2;0
МордЭнСб;60;20170614;140000;0.488;0.488;0.488;0.488;1;0
МордЭнСб;60;20170614;160000;0.499;0.499;0.499;0.499;1;0
МордЭнСб;60;20170614;170000;0.499;0.499;0.499;0.499;1;0
МордЭнСб;60;20170615;110000;0.486;0.486;0.486;0.486;1;0
МордЭнСб;60;20170615;120000;0.485;0.515;0.485;0.515;3;0
МордЭнСб;60;20170616;150000;0.516;0.516;0.516;0.516;1;0
МордЭнСб;60;20170619;100000;0.493;0.493;0.493;0.493;1;0
МордЭнСб;60;20170619;120000;0.527;0.527;0.527;0.527;1;0
МордЭнСб;60;20170619;160000;0.506;0.506;0.506;0.506;1;0
МордЭнСб;60;20170619;170000;0.524;0.524;0.524;0.524;1;0
МордЭнСб;60;20170619;180000;0.504;0.504;0.504;0.504;1;0
МордЭнСб;60;20170620;120000;0.529;0.529;0.529;0.529;1;0
МордЭнСб;60;20170620;160000;0.505;0.505;0.505;0.505;1;0
МордЭнСб;60;20170620;170000;0.502;0.502;0.501;0.501;2;0
МордЭнСб;60;20170620;180000;0.519;0.528;0.519;0.528;7;0
МордЭнСб;60;20170621;140000;0.513;0.513;0.513;0.513;1;0
МордЭнСб;60;20170621;170000;0.508;0.508;0.508;0.508;1;0
МордЭнСб;60;20170622;130000;0.527;0.527;0.527;0.527;1;0
МордЭнСб;60;20170622;160000;0.511;0.511;0.489;0.489;33;0
МордЭнСб;60;20170622;180000;0.515;0.529;0.515;0.529;9;0
МордЭнСб;60;20170623;100000;0.53;0.531;0.522;0.522;50;0
МордЭнСб;60;20170623;120000;0.52;0.52;0.519;0.519;3;0
МордЭнСб;60;20170623;150000;0.534;0.534;0.534;0.534;1;0
МордЭнСб;60;20170626;170000;0.514;0.514;0.501;0.501;5;0
МордЭнСб;60;20170626;180000;0.501;0.505;0.5;0.505;19;0
МордЭнСб;60;20170627;180000;0.503;0.503;0.502;0.502;2;0
МордЭнСб;60;20170628;100000;0.49;0.51;0.49;0.51;9;0
МордЭнСб;60;20170628;120000;0.529;0.534;0.529;0.534;3;0
МордЭнСб;60;20170628;140000;0.503;0.503;0.5;0.5;8;0
МордЭнСб;60;20170628;170000;0.505;0.505;0.505;0.505;1;0
МордЭнСб;60;20170628;180000;0.524;0.524;0.505;0.505;2;0
МордЭнСб;60;20170629;100000;0.52;0.52;0.52;0.52;1;0
МордЭнСб;60;20170629;110000;0.505;0.505;0.505;0.505;1;0
МордЭнСб;60;20170629;150000;0.505;0.505;0.504;0.504;5;0
МордЭнСб;60;20170629;160000;0.523;0.523;0.523;0.523;2;0
МордЭнСб;60;20170629;170000;0.516;0.516;0.515;0.515;27;0
МордЭнСб;60;20170630;100000;0.511;0.511;0.511;0.511;1;0
МордЭнСб;60;20170630;110000;0.514;0.514;0.51;0.51;60;0
МордЭнСб;60;20170630;120000;0.511;0.511;0.51;0.51;30;0
МордЭнСб;60;20170630;130000;0.51;0.53;0.51;0.53;2;0
МордЭнСб;60;20170630;180000;0.511;0.511;0.51;0.51;4;0
МордЭнСб;60;20170703;110000;0.512;0.512;0.511;0.511;5;0
МордЭнСб;60;20170703;120000;0.511;0.511;0.51;0.51;52;0
МордЭнСб;60;20170703;150000;0.52;0.52;0.511;0.511;3;0
МордЭнСб;60;20170704;100000;0.528;0.53;0.528;0.53;10;0
МордЭнСб;60;20170704;160000;0.515;0.515;0.515;0.515;10;0
МордЭнСб;60;20170704;170000;0.515;0.515;0.515;0.515;1;0
МордЭнСб;60;20170705;120000;0.511;0.511;0.511;0.511;2;0
МордЭнСб;60;20170705;160000;0.523;0.53;0.523;0.53;21;0
МордЭнСб;60;20170706;120000;0.537;0.537;0.537;0.537;1;0
МордЭнСб;60;20170706;180000;0.535;0.535;0.535;0.535;1;0
МордЭнСб;60;20170707;100000;0.511;0.516;0.511;0.516;2;0
МордЭнСб;60;20170707;110000;0.53;0.53;0.53;0.53;3;0
МордЭнСб;60;20170707;140000;0.53;0.53;0.53;0.53;2;0
МордЭнСб;60;20170707;150000;0.532;0.535;0.532;0.535;9;0
МордЭнСб;60;20170707;160000;0.535;0.535;0.535;0.535;4;0
МордЭнСб;60;20170707;170000;0.542;0.542;0.542;0.542;1;0
МордЭнСб;60;20170707;180000;0.543;0.549;0.521;0.521;14;0
МордЭнСб;60;20170710;100000;0.535;0.535;0.535;0.535;1;0
МордЭнСб;60;20170710;110000;0.53;0.54;0.53;0.54;2;0
МордЭнСб;60;20170710;130000;0.534;0.534;0.534;0.534;1;0
МордЭнСб;60;20170710;170000;0.535;0.55;0.535;0.55;28;0
МордЭнСб;60;20170710;180000;0.537;0.54;0.537;0.54;2;0
МордЭнСб;60;20170711;100000;0.559;0.561;0.55;0.55;25;0
МордЭнСб;60;20170711;140000;0.545;0.545;0.541;0.541;5;0
МордЭнСб;60;20170711;180000;0.557;0.557;0.557;0.557;1;0
МордЭнСб;60;20170712;100000;0.562;0.565;0.562;0.565;4;0
МордЭнСб;60;20170712;110000;0.57;0.571;0.562;0.571;26;0
МордЭнСб;60;20170712;120000;0.571;0.571;0.563;0.563;3;0
МордЭнСб;60;20170712;130000;0.572;0.572;0.572;0.572;1;0
МордЭнСб;60;20170712;150000;0.562;0.562;0.557;0.557;5;0
МордЭнСб;60;20170712;160000;0.553;0.553;0.55;0.55;6;0
МордЭнСб;60;20170712;170000;0.55;0.557;0.55;0.557;40;0
МордЭнСб;60;20170713;150000;0.568;0.568;0.568;0.568;2;0
МордЭнСб;60;20170713;180000;0.565;0.568;0.565;0.568;2;0
МордЭнСб;60;20170714;130000;0.568;0.577;0.567;0.567;13;0
МордЭнСб;60;20170714;150000;0.566;0.566;0.566;0.566;1;0
МордЭнСб;60;20170714;160000;0.57;0.57;0.57;0.57;1;0
МордЭнСб;60;20170714;180000;0.569;0.57;0.569;0.57;5;0
МордЭнСб;60;20170717;120000;0.571;0.571;0.571;0.571;1;0
МордЭнСб;60;20170717;130000;0.571;0.571;0.571;0.571;2;0
МордЭнСб;60;20170717;170000;0.575;0.586;0.575;0.581;7;0
МордЭнСб;60;20170717;180000;0.584;0.585;0.58;0.585;16;0
МордЭнСб;60;20170718;100000;0.572;0.573;0.572;0.573;2;0
МордЭнСб;60;20170718;110000;0.573;0.573;0.555;0.555;35;0
МордЭнСб;60;20170718;120000;0.56;0.568;0.56;0.568;13;0
МордЭнСб;60;20170718;140000;0.57;0.57;0.569;0.569;2;0
МордЭнСб;60;20170718;170000;0.565;0.565;0.565;0.565;1;0
МордЭнСб;60;20170720;100000;0.572;0.572;0.572;0.572;1;0
МордЭнСб;60;20170720;110000;0.571;0.571;0.571;0.571;1;0
МордЭнСб;60;20170720;120000;0.576;0.593;0.576;0.593;17;0
МордЭнСб;60;20170720;130000;0.588;0.588;0.574;0.585;3;0
МордЭнСб;60;20170720;140000;0.576;0.576;0.576;0.576;1;0
МордЭнСб;60;20170720;150000;0.575;0.575;0.575;0.575;1;0
МордЭнСб;60;20170720;160000;0.577;0.577;0.577;0.577;1;0
МордЭнСб;60;20170720;170000;0.578;0.578;0.578;0.578;1;0
МордЭнСб;60;20170721;100000;0.582;0.582;0.582;0.582;9;0
МордЭнСб;60;20170721;110000;0.582;0.582;0.582;0.582;2;0
МордЭнСб;60;20170721;120000;0.582;0.582;0.582;0.582;8;0
МордЭнСб;60;20170721;140000;0.573;0.573;0.573;0.573;1;0
МордЭнСб;60;20170721;150000;0.587;0.587;0.587;0.587;1;0
МордЭнСб;60;20170721;180000;0.575;0.575;0.575;0.575;1;0
МордЭнСб;60;20170724;120000;0.582;0.582;0.58;0.58;2;0
МордЭнСб;60;20170724;130000;0.58;0.58;0.579;0.579;2;0
МордЭнСб;60;20170724;180000;0.577;0.577;0.577;0.577;1;0
МордЭнСб;60;20170725;100000;0.58;0.58;0.58;0.58;1;0
МордЭнСб;60;20170725;110000;0.58;0.58;0.579;0.579;11;0
МордЭнСб;60;20170725;120000;0.579;0.585;0.579;0.585;2;0
МордЭнСб;60;20170725;160000;0.585;0.585;0.573;0.573;3;0
МордЭнСб;60;20170725;180000;0.58;0.58;0.58;0.58;10;0
МордЭнСб;60;20170726;110000;0.58;0.58;0.552;0.552;21;0
МордЭнСб;60;20170726;120000;0.56;0.56;0.56;0.56;9;0
МордЭнСб;60;20170726;130000;0.578;0.578;0.578;0.578;1;0
МордЭнСб;60;20170726;170000;0.563;0.563;0.561;0.561;43;0
МордЭнСб;60;20170727;100000;0.577;0.577;0.573;0.573;2;0
МордЭнСб;60;20170727;110000;0.56;0.56;0.56;0.56;1;0
МордЭнСб;60;20170727;120000;0.561;0.561;0.56;0.56;5;0
МордЭнСб;60;20170727;140000;0.571;0.576;0.571;0.576;7;0
МордЭнСб;60;20170727;160000;0.562;0.577;0.56;0.56;16;0
МордЭнСб;60;20170728;100000;0.573;0.615;0.573;0.615;201;0
МордЭнСб;60;20170728;110000;0.615;0.626;0.605;0.61;184;0
МордЭнСб;60;20170728;120000;0.61;0.616;0.59;0.592;120;0
МордЭнСб;60;20170728;130000;0.59;0.592;0.589;0.591;5;0
МордЭнСб;60;20170728;140000;0.594;0.595;0.591;0.591;8;0
МордЭнСб;60;20170728;150000;0.597;0.604;0.597;0.604;5;0
МордЭнСб;60;20170728;160000;0.6;0.6;0.6;0.6;2;0
МордЭнСб;60;20170728;170000;0.599;0.602;0.588;0.602;30;0
МордЭнСб;60;20170728;180000;0.602;0.604;0.595;0.604;11;0
МордЭнСб;60;20170731;090000;0.608;0.608;0.608;0.608;6;0
МордЭнСб;60;20170731;100000;0.617;0.629;0.61;0.625;184;0
МордЭнСб;60;20170731;110000;0.625;0.66;0.625;0.655;278;0
МордЭнСб;60;20170731;120000;0.64;0.643;0.63;0.643;30;0
МордЭнСб;60;20170731;130000;0.633;0.645;0.628;0.645;26;0
МордЭнСб;60;20170731;140000;0.641;0.649;0.641;0.649;37;0
МордЭнСб;60;20170731;150000;0.641;0.641;0.635;0.635;13;0
МордЭнСб;60;20170731;160000;0.634;0.65;0.634;0.65;11;0
МордЭнСб;60;20170731;170000;0.65;0.65;0.647;0.647;4;0
МордЭнСб;60;20170731;180000;0.649;0.65;0.649;0.65;7;0
МордЭнСб;60;20170801;100000;0.65;0.65;0.634;0.634;4;0
МордЭнСб;60;20170801;120000;0.643;0.644;0.643;0.644;6;0
МордЭнСб;60;20170801;140000;0.644;0.65;0.644;0.65;16;0
МордЭнСб;60;20170801;160000;0.649;0.652;0.649;0.652;6;0
МордЭнСб;60;20170801;170000;0.654;0.654;0.654;0.654;1;0
МордЭнСб;60;20170801;180000;0.653;0.656;0.653;0.656;6;0
МордЭнСб;60;20170802;100000;0.64;0.64;0.631;0.631;10;0
МордЭнСб;60;20170802;110000;0.634;0.64;0.63;0.64;17;0
МордЭнСб;60;20170802;140000;0.632;0.632;0.63;0.63;31;0
МордЭнСб;60;20170802;150000;0.63;0.63;0.63;0.63;3;0
МордЭнСб;60;20170802;160000;0.629;0.63;0.629;0.63;17;0
МордЭнСб;60;20170802;170000;0.63;0.63;0.63;0.63;2;0
МордЭнСб;60;20170802;180000;0.64;0.64;0.64;0.64;5;0
МордЭнСб;60;20170803;100000;0.61;0.648;0.61;0.648;13;0
МордЭнСб;60;20170803;130000;0.627;0.627;0.625;0.625;3;0
МордЭнСб;60;20170803;140000;0.632;0.632;0.612;0.612;11;0
МордЭнСб;60;20170803;160000;0.63;0.63;0.63;0.63;1;0
МордЭнСб;60;20170803;180000;0.62;0.62;0.62;0.62;1;0
МордЭнСб;60;20170804;100000;0.623;0.623;0.623;0.623;1;0
МордЭнСб;60;20170804;110000;0.622;0.622;0.622;0.622;1;0
МордЭнСб;60;20170804;120000;0.623;0.623;0.623;0.623;4;0
МордЭнСб;60;20170804;140000;0.64;0.642;0.64;0.642;2;0
МордЭнСб;60;20170804;150000;0.642;0.65;0.62;0.62;24;0
МордЭнСб;60;20170804;170000;0.624;0.624;0.624;0.624;1;0
МордЭнСб;60;20170807;120000;0.64;0.654;0.637;0.654;15;0
МордЭнСб;60;20170807;140000;0.654;0.655;0.654;0.655;16;0
МордЭнСб;60;20170807;160000;0.655;0.655;0.655;0.655;1;0
МордЭнСб;60;20170807;180000;0.64;0.64;0.64;0.64;1;0
МордЭнСб;60;20170808;100000;0.621;0.626;0.62;0.626;6;0
МордЭнСб;60;20170808;110000;0.647;0.647;0.628;0.628;2;0
МордЭнСб;60;20170808;140000;0.64;0.64;0.64;0.64;1;0
МордЭнСб;60;20170808;160000;0.637;0.637;0.637;0.637;3;0
МордЭнСб;60;20170808;180000;0.637;0.637;0.637;0.637;5;0
МордЭнСб;60;20170809;120000;0.641;0.641;0.641;0.641;1;0
МордЭнСб;60;20170809;130000;0.627;0.627;0.625;0.625;13;0
МордЭнСб;60;20170809;140000;0.634;0.639;0.634;0.639;4;0
МордЭнСб;60;20170809;150000;0.639;0.639;0.639;0.639;4;0
МордЭнСб;60;20170809;160000;0.64;0.641;0.64;0.641;4;0
МордЭнСб;60;20170810;110000;0.623;0.639;0.623;0.639;2;0
МордЭнСб;60;20170810;120000;0.631;0.635;0.621;0.635;7;0
МордЭнСб;60;20170810;130000;0.638;0.65;0.638;0.65;8;0
МордЭнСб;60;20170810;140000;0.632;0.632;0.631;0.631;2;0
МордЭнСб;60;20170810;150000;0.649;0.649;0.635;0.635;2;0
МордЭнСб;60;20170810;170000;0.64;0.64;0.64;0.64;1;0
МордЭнСб;60;20170810;180000;0.64;0.64;0.624;0.624;16;0
МордЭнСб;60;20170811;100000;0.621;0.621;0.621;0.621;2;0
МордЭнСб;60;20170811;130000;0.622;0.622;0.622;0.622;1;0
МордЭнСб;60;20170811;140000;0.621;0.621;0.621;0.621;1;0
МордЭнСб;60;20170811;150000;0.62;0.63;0.62;0.63;5;0
МордЭнСб;60;20170814;120000;0.635;0.635;0.635;0.635;1;0
МордЭнСб;60;20170814;130000;0.622;0.643;0.622;0.64;5;0
МордЭнСб;60;20170814;140000;0.64;0.64;0.64;0.64;9;0
МордЭнСб;60;20170814;150000;0.64;0.64;0.64;0.64;1;0
МордЭнСб;60;20170814;160000;0.643;0.649;0.643;0.649;11;0
МордЭнСб;60;20170814;170000;0.641;0.658;0.641;0.658;6;0
МордЭнСб;60;20170814;180000;0.65;0.65;0.65;0.65;2;0
МордЭнСб;60;20170815;100000;0.648;0.648;0.646;0.646;6;0
МордЭнСб;60;20170815;110000;0.645;0.645;0.645;0.645;3;0
МордЭнСб;60;20170815;120000;0.64;0.64;0.64;0.64;1;0
МордЭнСб;60;20170815;150000;0.634;0.634;0.621;0.621;29;0
МордЭнСб;60;20170815;160000;0.639;0.639;0.639;0.639;1;0
МордЭнСб;60;20170815;180000;0.637;0.637;0.637;0.637;1;0
МордЭнСб;60;20170816;120000;0.634;0.634;0.634;0.634;1;0
МордЭнСб;60;20170816;150000;0.644;0.645;0.644;0.645;3;0
МордЭнСб;60;20170816;160000;0.64;0.64;0.639;0.64;5;0
МордЭнСб;60;20170816;170000;0.64;0.641;0.636;0.636;5;0
МордЭнСб;60;20170817;110000;0.626;0.639;0.6;0.613;31;0
МордЭнСб;60;20170817;120000;0.628;0.628;0.628;0.628;1;0
МордЭнСб;60;20170817;130000;0.631;0.631;0.631;0.631;1;0
МордЭнСб;60;20170817;150000;0.629;0.629;0.629;0.629;1;0
МордЭнСб;60;20170817;180000;0.62;0.62;0.595;0.616;64;0
МордЭнСб;60;20170818;100000;0.61;0.61;0.599;0.599;18;0
МордЭнСб;60;20170818;110000;0.599;0.6;0.598;0.598;8;0
МордЭнСб;60;20170818;120000;0.6;0.6;0.6;0.6;1;0
МордЭнСб;60;20170818;130000;0.602;0.602;0.602;0.602;3;0
МордЭнСб;60;20170818;140000;0.604;0.604;0.6;0.6;4;0
МордЭнСб;60;20170818;150000;0.6;0.6;0.6;0.6;2;0
МордЭнСб;60;20170821;110000;0.6;0.6;0.582;0.582;18;0
МордЭнСб;60;20170821;120000;0.605;0.606;0.605;0.606;2;0
МордЭнСб;60;20170821;150000;0.6;0.6;0.6;0.6;1;0
МордЭнСб;60;20170821;180000;0.6;0.6;0.6;0.6;6;0
МордЭнСб;60;20170822;140000;0.598;0.598;0.598;0.598;1;0
МордЭнСб;60;20170822;150000;0.599;0.599;0.599;0.599;2;0
МордЭнСб;60;20170822;170000;0.599;0.599;0.586;0.586;16;0
МордЭнСб;60;20170822;180000;0.592;0.602;0.592;0.602;2;0
МордЭнСб;60;20170823;120000;0.593;0.593;0.593;0.593;1;0
МордЭнСб;60;20170823;130000;0.597;0.597;0.597;0.597;1;0
МордЭнСб;60;20170823;140000;0.597;0.597;0.595;0.595;5;0
МордЭнСб;60;20170823;150000;0.598;0.598;0.598;0.598;1;0
МордЭнСб;60;20170823;160000;0.596;0.596;0.596;0.596;2;0
МордЭнСб;60;20170823;170000;0.595;0.595;0.586;0.59;14;0
МордЭнСб;60;20170823;180000;0.59;0.592;0.59;0.592;2;0
МордЭнСб;60;20170824;100000;0.585;0.588;0.581;0.581;6;0
МордЭнСб;60;20170824;120000;0.585;0.585;0.585;0.585;1;0
МордЭнСб;60;20170824;140000;0.583;0.587;0.582;0.587;6;0
МордЭнСб;60;20170824;150000;0.581;0.581;0.58;0.581;3;0
МордЭнСб;60;20170824;170000;0.581;0.581;0.578;0.578;14;0
МордЭнСб;60;20170824;180000;0.577;0.577;0.56;0.577;48;0
МордЭнСб;60;20170825;100000;0.557;0.57;0.556;0.57;14;0
МордЭнСб;60;20170825;110000;0.571;0.573;0.571;0.573;4;0
МордЭнСб;60;20170825;120000;0.572;0.572;0.572;0.572;1;0
МордЭнСб;60;20170825;140000;0.57;0.57;0.57;0.57;1;0
МордЭнСб;60;20170825;170000;0.566;0.568;0.555;0.555;62;0
МордЭнСб;60;20170825;180000;0.558;0.599;0.558;0.599;65;0
МордЭнСб;60;20170828;100000;0.581;0.59;0.581;0.583;3;0
МордЭнСб;60;20170828;110000;0.581;0.581;0.57;0.57;16;0
МордЭнСб;60;20170828;120000;0.575;0.575;0.571;0.571;3;0
МордЭнСб;60;20170828;130000;0.577;0.594;0.577;0.594;20;0
МордЭнСб;60;20170828;140000;0.594;0.594;0.593;0.594;8;0
МордЭнСб;60;20170828;150000;0.583;0.583;0.583;0.583;1;0
МордЭнСб;60;20170828;160000;0.584;0.589;0.583;0.588;5;0
МордЭнСб;60;20170828;170000;0.585;0.587;0.584;0.587;4;0
МордЭнСб;60;20170828;180000;0.585;0.593;0.58;0.593;10;0
МордЭнСб;60;20170829;100000;0.588;0.588;0.586;0.586;2;0
МордЭнСб;60;20170829;120000;0.587;0.587;0.587;0.587;5;0
МордЭнСб;60;20170829;130000;0.589;0.595;0.589;0.595;10;0
МордЭнСб;60;20170829;140000;0.582;0.582;0.582;0.582;1;0
МордЭнСб;60;20170829;150000;0.581;0.581;0.58;0.58;3;0
МордЭнСб;60;20170829;180000;0.587;0.587;0.587;0.587;2;0
МордЭнСб;60;20170830;120000;0.583;0.583;0.583;0.583;2;0
МордЭнСб;60;20170830;140000;0.584;0.584;0.58;0.583;4;0
МордЭнСб;60;20170830;160000;0.587;0.588;0.58;0.584;10;0
МордЭнСб;60;20170830;180000;0.587;0.587;0.587;0.587;1;0
МордЭнСб;60;20170831;120000;0.579;0.579;0.578;0.578;2;0
МордЭнСб;60;20170831;130000;0.584;0.584;0.584;0.584;1;0
МордЭнСб;60;20170831;160000;0.584;0.584;0.584;0.584;1;0
МордЭнСб;60;20170901;100000;0.58;0.58;0.58;0.58;8;0
МордЭнСб;60;20170901;130000;0.574;0.574;0.571;0.571;7;0
МордЭнСб;60;20170901;140000;0.571;0.571;0.571;0.571;1;0
МордЭнСб;60;20170901;150000;0.571;0.571;0.568;0.568;3;0
МордЭнСб;60;20170901;160000;0.568;0.568;0.568;0.568;1;0
МордЭнСб;60;20170901;180000;0.581;0.581;0.575;0.575;2;0
МордЭнСб;60;20170904;110000;0.574;0.574;0.574;0.574;5;0
МордЭнСб;60;20170904;140000;0.579;0.579;0.579;0.579;1;0
МордЭнСб;60;20170904;180000;0.572;0.576;0.572;0.576;2;0
МордЭнСб;60;20170905;100000;0.576;0.577;0.57;0.577;5;0
МордЭнСб;60;20170905;110000;0.568;0.574;0.567;0.571;5;0
МордЭнСб;60;20170905;120000;0.575;0.577;0.575;0.575;16;0
МордЭнСб;60;20170905;130000;0.575;0.575;0.575;0.575;10;0
МордЭнСб;60;20170905;140000;0.575;0.575;0.575;0.575;1;0
МордЭнСб;60;20170906;100000;0.571;0.571;0.57;0.571;4;0
МордЭнСб;60;20170906;120000;0.57;0.57;0.57;0.57;1;0
МордЭнСб;60;20170906;140000;0.578;0.58;0.578;0.58;8;0
МордЭнСб;60;20170906;170000;0.575;0.579;0.575;0.579;2;0
МордЭнСб;60;20170906;180000;0.579;0.579;0.579;0.579;1;0
МордЭнСб;60;20170907;100000;0.575;0.577;0.575;0.577;2;0
МордЭнСб;60;20170907;110000;0.574;0.574;0.574;0.574;1;0
МордЭнСб;60;20170907;120000;0.578;0.578;0.578;0.578;1;0
МордЭнСб;60;20170907;160000;0.575;0.575;0.575;0.575;1;0
МордЭнСб;60;20170908;100000;0.575;0.579;0.575;0.579;2;0
МордЭнСб;60;20170908;120000;0.571;0.571;0.571;0.571;1;0
МордЭнСб;60;20170908;150000;0.573;0.574;0.573;0.574;3;0
МордЭнСб;60;20170908;180000;0.573;0.573;0.562;0.562;13;0
МордЭнСб;60;20170911;120000;0.564;0.564;0.545;0.558;27;0
МордЭнСб;60;20170911;130000;0.569;0.569;0.568;0.568;2;0
МордЭнСб;60;20170911;140000;0.569;0.569;0.569;0.569;2;0
МордЭнСб;60;20170911;150000;0.569;0.575;0.569;0.575;7;0
МордЭнСб;60;20170911;170000;0.575;0.706;0.575;0.67;326;0
МордЭнСб;60;20170911;180000;0.664;0.69;0.66;0.682;80;0
МордЭнСб;60;20170912;100000;0.652;0.657;0.635;0.652;75;0
МордЭнСб;60;20170912;110000;0.645;0.645;0.635;0.635;7;0
МордЭнСб;60;20170912;120000;0.637;0.643;0.626;0.643;27;0
МордЭнСб;60;20170912;130000;0.638;0.638;0.624;0.629;48;0
МордЭнСб;60;20170912;140000;0.632;0.638;0.622;0.624;30;0
МордЭнСб;60;20170912;150000;0.628;0.628;0.628;0.628;3;0
МордЭнСб;60;20170912;160000;0.629;0.63;0.627;0.63;5;0
МордЭнСб;60;20170912;170000;0.631;0.643;0.631;0.634;13;0
МордЭнСб;60;20170912;180000;0.633;0.633;0.601;0.626;111;0
МордЭнСб;60;20170913;090000;0.617;0.617;0.617;0.617;1;0
МордЭнСб;60;20170913;130000;0.614;0.614;0.604;0.609;6;0
МордЭнСб;60;20170913;150000;0.61;0.616;0.61;0.616;2;0
МордЭнСб;60;20170913;170000;0.616;0.624;0.616;0.624;6;0
МордЭнСб;60;20170914;100000;0.623;0.625;0.614;0.614;4;0
МордЭнСб;60;20170914;110000;0.606;0.606;0.606;0.606;1;0
МордЭнСб;60;20170914;120000;0.608;0.61;0.605;0.61;25;0
МордЭнСб;60;20170914;130000;0.61;0.61;0.61;0.61;2;0
МордЭнСб;60;20170914;140000;0.611;0.618;0.611;0.618;2;0
МордЭнСб;60;20170914;170000;0.62;0.62;0.62;0.62;5;0
МордЭнСб;60;20170914;180000;0.62;0.624;0.62;0.62;12;0
МордЭнСб;60;20170915;100000;0.63;0.63;0.63;0.63;3;0
МордЭнСб;60;20170915;110000;0.635;0.647;0.627;0.639;40;0
МордЭнСб;60;20170915;120000;0.639;0.64;0.639;0.64;2;0
МордЭнСб;60;20170915;130000;0.64;0.64;0.64;0.64;1;0
МордЭнСб;60;20170915;140000;0.645;0.654;0.645;0.647;35;0
МордЭнСб;60;20170915;150000;0.644;0.644;0.64;0.641;10;0
МордЭнСб;60;20170915;160000;0.649;0.649;0.649;0.649;1;0
МордЭнСб;60;20170915;170000;0.645;0.645;0.645;0.645;2;0
МордЭнСб;60;20170915;180000;0.65;0.65;0.65;0.65;1;0
МордЭнСб;60;20170918;100000;0.654;0.658;0.654;0.658;5;0
МордЭнСб;60;20170918;120000;0.643;0.643;0.642;0.642;2;0
МордЭнСб;60;20170918;130000;0.651;0.651;0.651;0.651;1;0
МордЭнСб;60;20170918;160000;0.641;0.647;0.64;0.647;4;0
МордЭнСб;60;20170918;170000;0.64;0.64;0.64;0.64;1;0
МордЭнСб;60;20170919;100000;0.633;0.633;0.633;0.633;1;0
МордЭнСб;60;20170919;110000;0.632;0.632;0.63;0.63;3;0
МордЭнСб;60;20170919;120000;0.637;0.637;0.637;0.637;1;0
МордЭнСб;60;20170919;150000;0.636;0.64;0.636;0.64;5;0
МордЭнСб;60;20170920;120000;0.644;0.644;0.644;0.644;2;0
МордЭнСб;60;20170920;150000;0.633;0.633;0.633;0.633;1;0
МордЭнСб;60;20170920;180000;0.633;0.638;0.633;0.633;6;0
МордЭнСб;60;20170921;170000;0.644;0.645;0.636;0.64;4;0
МордЭнСб;60;20170922;100000;0.632;0.633;0.632;0.632;5;0
МордЭнСб;60;20170922;120000;0.631;0.631;0.631;0.631;1;0
МордЭнСб;60;20170922;140000;0.635;0.636;0.635;0.636;3;0
МордЭнСб;60;20170922;170000;0.635;0.635;0.635;0.635;1;0
МордЭнСб;60;20170925;100000;0.644;0.648;0.644;0.648;4;0
МордЭнСб;60;20170925;110000;0.64;0.656;0.64;0.641;7;0
МордЭнСб;60;20170925;120000;0.641;0.641;0.64;0.641;7;0
МордЭнСб;60;20170925;130000;0.649;0.665;0.643;0.643;25;0
МордЭнСб;60;20170925;140000;0.654;0.675;0.654;0.675;6;0
МордЭнСб;60;20170925;150000;0.654;0.66;0.65;0.65;27;0
МордЭнСб;60;20170925;160000;0.647;0.647;0.647;0.647;11;0
МордЭнСб;60;20170925;180000;0.648;0.648;0.648;0.648;1;0
МордЭнСб;60;20170926;110000;0.655;0.655;0.652;0.652;3;0
МордЭнСб;60;20170926;120000;0.65;0.65;0.65;0.65;1;0
МордЭнСб;60;20170926;140000;0.652;0.652;0.652;0.652;1;0
МордЭнСб;60;20170926;160000;0.648;0.65;0.648;0.65;34;0
МордЭнСб;60;20170926;170000;0.65;0.65;0.647;0.65;45;0
МордЭнСб;60;20170926;180000;0.65;0.65;0.65;0.65;7;0
МордЭнСб;60;20170927;120000;0.655;0.655;0.655;0.655;8;0
МордЭнСб;60;20170927;130000;0.654;0.655;0.654;0.655;4;0
МордЭнСб;60;20170927;140000;0.656;0.656;0.655;0.655;2;0
МордЭнСб;60;20170927;150000;0.655;0.655;0.655;0.655;1;0
МордЭнСб;60;20170927;160000;0.651;0.651;0.651;0.651;1;0
МордЭнСб;60;20170927;180000;0.649;0.65;0.64;0.649;12;0
МордЭнСб;60;20170928;100000;0.648;0.648;0.64;0.645;5;0
МордЭнСб;60;20170928;110000;0.648;0.649;0.648;0.649;17;0
МордЭнСб;60;20170928;130000;0.651;0.655;0.651;0.655;4;0
МордЭнСб;60;20170928;150000;0.659;0.66;0.659;0.66;4;0
МордЭнСб;60;20170928;160000;0.655;0.655;0.655;0.655;2;0
МордЭнСб;60;20170928;170000;0.655;0.655;0.652;0.652;19;0
МордЭнСб;60;20170928;180000;0.647;0.647;0.647;0.647;1;0
МордЭнСб;60;20170929;100000;0.65;0.65;0.65;0.65;4;0
МордЭнСб;60;20170929;110000;0.647;0.647;0.642;0.642;2;0
МордЭнСб;60;20170929;130000;0.646;0.646;0.646;0.646;1;0
МордЭнСб;60;20170929;150000;0.641;0.645;0.64;0.645;3;0
МордЭнСб;60;20170929;160000;0.645;0.648;0.64;0.64;8;0
МордЭнСб;60;20170929;180000;0.647;0.647;0.647;0.647;2;0
МордЭнСб;60;20171002;100000;0.65;0.655;0.65;0.655;4;0
МордЭнСб;60;20171002;110000;0.653;0.653;0.653;0.653;1;0
МордЭнСб;60;20171002;130000;0.654;0.658;0.654;0.658;4;0
МордЭнСб;60;20171002;150000;0.65;0.65;0.65;0.65;1;0
МордЭнСб;60;20171002;160000;0.655;0.656;0.655;0.656;6;0
МордЭнСб;60;20171002;170000;0.65;0.65;0.65;0.65;2;0
МордЭнСб;60;20171002;180000;0.65;0.656;0.65;0.655;19;0
МордЭнСб;60;20171003;100000;0.655;0.656;0.655;0.656;5;0
МордЭнСб;60;20171003;110000;0.657;0.657;0.657;0.657;2;0
МордЭнСб;60;20171003;130000;0.655;0.655;0.655;0.655;10;0
МордЭнСб;60;20171003;150000;0.659;0.659;0.659;0.659;2;0
МордЭнСб;60;20171003;170000;0.659;0.659;0.656;0.656;3;0
МордЭнСб;60;20171003;180000;0.659;0.665;0.655;0.655;36;0
МордЭнСб;60;20171004;110000;0.656;0.665;0.656;0.665;38;0
МордЭнСб;60;20171004;120000;0.658;0.663;0.658;0.663;2;0
МордЭнСб;60;20171004;130000;0.66;0.663;0.66;0.663;10;0
МордЭнСб;60;20171004;140000;0.663;0.663;0.657;0.657;2;0
МордЭнСб;60;20171004;150000;0.657;0.662;0.652;0.652;10;0
МордЭнСб;60;20171004;160000;0.658;0.659;0.658;0.659;2;0
МордЭнСб;60;20171004;180000;0.659;0.659;0.659;0.659;2;0
МордЭнСб;60;20171005;100000;0.664;0.666;0.664;0.666;4;0
МордЭнСб;60;20171005;110000;0.66;0.66;0.66;0.66;2;0
МордЭнСб;60;20171005;120000;0.661;0.661;0.661;0.661;1;0
МордЭнСб;60;20171005;130000;0.66;0.66;0.66;0.66;15;0
МордЭнСб;60;20171005;150000;0.657;0.657;0.657;0.657;1;0
МордЭнСб;60;20171005;180000;0.66;0.662;0.652;0.662;6;0
МордЭнСб;60;20171006;120000;0.662;0.662;0.662;0.662;1;0
МордЭнСб;60;20171006;140000;0.66;0.66;0.66;0.66;1;0
МордЭнСб;60;20171006;150000;0.655;0.655;0.65;0.65;4;0
МордЭнСб;60;20171006;160000;0.652;0.652;0.652;0.652;1;0
МордЭнСб;60;20171006;170000;0.651;0.651;0.641;0.641;5;0
МордЭнСб;60;20171006;180000;0.644;0.653;0.642;0.653;9;0
МордЭнСб;60;20171009;120000;0.659;0.659;0.659;0.659;15;0
МордЭнСб;60;20171009;130000;0.658;0.658;0.658;0.658;1;0
МордЭнСб;60;20171009;140000;0.65;0.65;0.643;0.643;10;0
МордЭнСб;60;20171009;150000;0.65;0.65;0.65;0.65;3;0
МордЭнСб;60;20171009;160000;0.647;0.647;0.647;0.647;1;0
МордЭнСб;60;20171009;180000;0.651;0.657;0.65;0.657;9;0
МордЭнСб;60;20171010;100000;0.665;0.665;0.664;0.664;2;0
МордЭнСб;60;20171010;110000;0.655;0.655;0.654;0.654;4;0
МордЭнСб;60;20171010;130000;0.654;0.654;0.653;0.653;2;0
МордЭнСб;60;20171010;150000;0.653;0.653;0.653;0.653;3;0
МордЭнСб;60;20171010;170000;0.651;0.651;0.642;0.642;37;0
МордЭнСб;60;20171010;180000;0.641;0.641;0.641;0.641;1;0
МордЭнСб;60;20171011;110000;0.649;0.65;0.649;0.65;11;0
МордЭнСб;60;20171011;120000;0.643;0.643;0.643;0.643;1;0
МордЭнСб;60;20171011;130000;0.646;0.646;0.646;0.646;5;0
МордЭнСб;60;20171011;140000;0.649;0.65;0.649;0.65;20;0
МордЭнСб;60;20171011;160000;0.646;0.653;0.645;0.653;5;0
МордЭнСб;60;20171011;170000;0.65;0.65;0.647;0.647;3;0
МордЭнСб;60;20171011;180000;0.65;0.65;0.65;0.65;2;0
МордЭнСб;60;20171012;100000;0.652;0.652;0.65;0.65;7;0
МордЭнСб;60;20171012;120000;0.647;0.647;0.647;0.647;6;0
МордЭнСб;60;20171012;130000;0.65;0.65;0.65;0.65;2;0
МордЭнСб;60;20171012;140000;0.647;0.647;0.647;0.647;1;0
МордЭнСб;60;20171012;150000;0.65;0.65;0.65;0.65;1;0
МордЭнСб;60;20171012;160000;0.65;0.65;0.65;0.65;3;0
МордЭнСб;60;20171012;170000;0.65;0.65;0.65;0.65;2;0
МордЭнСб;60;20171013;100000;0.646;0.646;0.646;0.646;1;0
МордЭнСб;60;20171013;150000;0.645;0.647;0.612;0.645;31;0
МордЭнСб;60;20171013;160000;0.641;0.644;0.634;0.644;7;0
МордЭнСб;60;20171013;170000;0.641;0.647;0.63;0.647;5;0
МордЭнСб;60;20171013;180000;0.648;0.648;0.648;0.648;1;0
МордЭнСб;60;20171016;100000;0.64;0.65;0.64;0.65;12;0
МордЭнСб;60;20171016;110000;0.65;0.65;0.641;0.646;4;0
МордЭнСб;60;20171016;120000;0.641;0.642;0.641;0.642;2;0
МордЭнСб;60;20171016;140000;0.649;0.649;0.649;0.649;1;0
МордЭнСб;60;20171016;150000;0.649;0.649;0.649;0.649;1;0
МордЭнСб;60;20171016;160000;0.65;0.65;0.645;0.645;8;0
МордЭнСб;60;20171016;170000;0.649;0.659;0.649;0.658;28;0
МордЭнСб;60;20171016;180000;0.655;0.655;0.655;0.655;2;0
МордЭнСб;60;20171017;100000;0.662;0.668;0.662;0.668;7;0
МордЭнСб;60;20171017;110000;0.66;0.661;0.65;0.65;4;0
МордЭнСб;60;20171017;120000;0.657;0.658;0.657;0.658;2;0
МордЭнСб;60;20171017;130000;0.655;0.655;0.655;0.655;1;0
МордЭнСб;60;20171017;140000;0.658;0.66;0.658;0.66;8;0
МордЭнСб;60;20171017;150000;0.657;0.659;0.657;0.659;7;0
МордЭнСб;60;20171017;180000;0.65;0.65;0.65;0.65;1;0
МордЭнСб;60;20171018;100000;0.652;0.666;0.652;0.659;28;0
МордЭнСб;60;20171018;110000;0.663;0.663;0.66;0.66;7;0
МордЭнСб;60;20171018;120000;0.662;0.662;0.658;0.658;12;0
МордЭнСб;60;20171018;130000;0.658;0.66;0.656;0.656;10;0
МордЭнСб;60;20171018;150000;0.659;0.66;0.659;0.66;13;0
МордЭнСб;60;20171018;160000;0.661;0.662;0.658;0.662;5;0
МордЭнСб;60;20171018;170000;0.663;0.664;0.659;0.659;13;0
МордЭнСб;60;20171018;180000;0.662;0.662;0.662;0.662;1;0
МордЭнСб;60;20171019;100000;0.661;0.661;0.661;0.661;1;0
МордЭнСб;60;20171019;110000;0.661;0.662;0.661;0.662;3;0
МордЭнСб;60;20171019;120000;0.662;0.665;0.659;0.659;6;0
МордЭнСб;60;20171019;130000;0.662;0.662;0.66;0.662;4;0
МордЭнСб;60;20171019;140000;0.662;0.662;0.662;0.662;1;0
МордЭнСб;60;20171019;150000;0.663;0.669;0.663;0.669;28;0
МордЭнСб;60;20171019;170000;0.665;0.665;0.66;0.661;8;0
МордЭнСб;60;20171019;180000;0.664;0.664;0.664;0.664;1;0
МордЭнСб;60;20171020;100000;0.665;0.708;0.665;0.681;32;0
МордЭнСб;60;20171020;110000;0.691;0.692;0.685;0.685;6;0
МордЭнСб;60;20171020;120000;0.682;0.682;0.679;0.679;11;0
МордЭнСб;60;20171020;130000;0.68;0.68;0.678;0.678;10;0
МордЭнСб;60;20171020;140000;0.677;0.677;0.677;0.677;3;0
МордЭнСб;60;20171020;150000;0.679;0.687;0.679;0.687;6;0
МордЭнСб;60;20171020;160000;0.689;0.694;0.689;0.694;10;0
МордЭнСб;60;20171020;170000;0.694;0.699;0.694;0.699;21;0
МордЭнСб;60;20171020;180000;0.697;0.698;0.684;0.698;8;0
МордЭнСб;60;20171023;100000;0.693;0.699;0.691;0.699;3;0
МордЭнСб;60;20171023;110000;0.708;0.712;0.697;0.697;6;0
МордЭнСб;60;20171023;120000;0.695;0.705;0.695;0.696;13;0
МордЭнСб;60;20171023;130000;0.708;0.708;0.708;0.708;1;0
МордЭнСб;60;20171023;150000;0.708;0.708;0.701;0.701;8;0
МордЭнСб;60;20171023;160000;0.707;0.717;0.705;0.714;54;0
МордЭнСб;60;20171023;180000;0.711;0.712;0.711;0.712;5;0
МордЭнСб;60;20171024;090000;0.711;0.711;0.711;0.711;1;0
МордЭнСб;60;20171024;100000;0.705;0.705;0.705;0.705;1;0
МордЭнСб;60;20171024;110000;0.705;0.705;0.705;0.705;11;0
МордЭнСб;60;20171024;120000;0.703;0.703;0.702;0.702;4;0
МордЭнСб;60;20171024;130000;0.702;0.702;0.7;0.7;7;0
МордЭнСб;60;20171024;140000;0.7;0.7;0.7;0.7;2;0
МордЭнСб;60;20171024;150000;0.702;0.71;0.702;0.71;13;0
МордЭнСб;60;20171024;160000;0.701;0.701;0.7;0.7;3;0
МордЭнСб;60;20171024;170000;0.709;0.709;0.709;0.709;1;0
МордЭнСб;60;20171024;180000;0.709;0.711;0.709;0.711;16;0
МордЭнСб;60;20171025;110000;0.703;0.72;0.703;0.72;2;0
МордЭнСб;60;20171025;130000;0.725;0.725;0.725;0.725;1;0
МордЭнСб;60;20171025;140000;0.726;0.727;0.726;0.727;2;0
МордЭнСб;60;20171025;150000;0.727;0.727;0.727;0.727;3;0
МордЭнСб;60;20171025;160000;0.726;0.739;0.713;0.739;42;0
МордЭнСб;60;20171025;170000;0.715;0.715;0.715;0.715;1;0
МордЭнСб;60;20171025;180000;0.734;0.734;0.734;0.734;1;0
МордЭнСб;60;20171026;100000;0.764;0.77;0.707;0.709;43;0
МордЭнСб;60;20171026;110000;0.706;0.722;0.706;0.721;8;0
МордЭнСб;60;20171026;120000;0.712;0.719;0.705;0.714;13;0
МордЭнСб;60;20171026;130000;0.714;0.714;0.71;0.71;2;0
МордЭнСб;60;20171026;140000;0.706;0.709;0.7;0.709;8;0
МордЭнСб;60;20171026;150000;0.695;0.705;0.69;0.704;17;0
МордЭнСб;60;20171026;160000;0.708;0.708;0.702;0.705;16;0
МордЭнСб;60;20171026;170000;0.701;0.703;0.695;0.695;8;0
МордЭнСб;60;20171026;180000;0.702;0.702;0.702;0.702;2;0
МордЭнСб;60;20171027;100000;0.72;0.72;0.719;0.719;2;0
МордЭнСб;60;20171027;110000;0.712;0.713;0.7;0.71;17;0
МордЭнСб;60;20171027;120000;0.709;0.709;0.69;0.703;26;0
МордЭнСб;60;20171027;130000;0.702;0.702;0.702;0.702;2;0
МордЭнСб;60;20171027;140000;0.7;0.703;0.699;0.7;10;0
МордЭнСб;60;20171027;150000;0.7;0.701;0.7;0.7;8;0
МордЭнСб;60;20171027;160000;0.7;0.7;0.7;0.7;15;0
МордЭнСб;60;20171027;170000;0.7;0.7;0.7;0.7;1;0
МордЭнСб;60;20171027;180000;0.696;0.696;0.695;0.695;3;0
МордЭнСб;60;20171030;100000;0.691;0.698;0.687;0.687;5;0
МордЭнСб;60;20171030;110000;0.685;0.689;0.681;0.686;12;0
МордЭнСб;60;20171030;120000;0.684;0.684;0.682;0.682;3;0
МордЭнСб;60;20171030;130000;0.685;0.689;0.683;0.689;6;0
МордЭнСб;60;20171030;140000;0.68;0.68;0.679;0.679;10;0
МордЭнСб;60;20171030;150000;0.671;0.671;0.662;0.662;16;0
МордЭнСб;60;20171030;160000;0.665;0.665;0.663;0.663;21;0
МордЭнСб;60;20171030;180000;0.685;0.685;0.679;0.679;2;0
МордЭнСб;60;20171031;100000;0.685;0.685;0.673;0.673;3;0
МордЭнСб;60;20171031;110000;0.667;0.679;0.651;0.678;22;0
МордЭнСб;60;20171031;120000;0.67;0.67;0.67;0.67;2;0
МордЭнСб;60;20171031;130000;0.674;0.681;0.674;0.677;16;0
МордЭнСб;60;20171031;150000;0.661;0.67;0.657;0.657;17;0
МордЭнСб;60;20171031;160000;0.656;0.66;0.65;0.66;26;0
МордЭнСб;60;20171031;170000;0.642;0.65;0.642;0.65;23;0
МордЭнСб;60;20171031;180000;0.65;0.65;0.636;0.639;17;0
МордЭнСб;60;20171101;100000;0.663;0.663;0.649;0.662;56;0
МордЭнСб;60;20171101;110000;0.662;0.666;0.65;0.65;24;0
МордЭнСб;60;20171101;120000;0.66;0.666;0.65;0.65;18;0
МордЭнСб;60;20171101;130000;0.648;0.648;0.642;0.642;5;0
МордЭнСб;60;20171101;150000;0.65;0.65;0.65;0.65;2;0
МордЭнСб;60;20171101;160000;0.65;0.65;0.649;0.65;42;0
МордЭнСб;60;20171102;100000;0.669;0.67;0.646;0.648;7;0
МордЭнСб;60;20171102;110000;0.65;0.65;0.65;0.65;1;0
МордЭнСб;60;20171102;120000;0.65;0.655;0.65;0.65;13;0
МордЭнСб;60;20171102;130000;0.648;0.65;0.648;0.65;5;0
МордЭнСб;60;20171102;140000;0.649;0.65;0.649;0.65;7;0
МордЭнСб;60;20171102;150000;0.65;0.655;0.65;0.654;7;0
МордЭнСб;60;20171102;160000;0.653;0.653;0.653;0.653;1;0
МордЭнСб;60;20171102;170000;0.652;0.653;0.652;0.653;15;0
МордЭнСб;60;20171102;180000;0.657;0.657;0.657;0.657;1;0
МордЭнСб;60;20171103;100000;0.658;0.658;0.658;0.658;1;0
МордЭнСб;60;20171103;110000;0.658;0.658;0.641;0.641;5;0
МордЭнСб;60;20171103;120000;0.64;0.644;0.638;0.644;15;0
МордЭнСб;60;20171103;130000;0.644;0.644;0.643;0.643;2;0
МордЭнСб;60;20171103;140000;0.643;0.643;0.638;0.641;13;0
МордЭнСб;60;20171103;150000;0.642;0.642;0.64;0.64;2;0
МордЭнСб;60;20171103;170000;0.643;0.643;0.643;0.643;2;0
МордЭнСб;60;20171103;180000;0.645;0.651;0.645;0.651;3;0
МордЭнСб;60;20171107;100000;0.681;0.681;0.633;0.633;2;0
МордЭнСб;60;20171107;110000;0.645;0.645;0.645;0.645;1;0
МордЭнСб;60;20171107;120000;0.64;0.64;0.64;0.64;1;0
МордЭнСб;60;20171107;140000;0.642;0.642;0.642;0.642;1;0
МордЭнСб;60;20171107;160000;0.642;0.646;0.642;0.646;2;0
МордЭнСб;60;20171107;170000;0.641;0.648;0.641;0.648;8;0
МордЭнСб;60;20171107;180000;0.649;0.65;0.64;0.65;9;0
МордЭнСб;60;20171108;100000;0.643;0.643;0.643;0.643;1;0
МордЭнСб;60;20171108;120000;0.65;0.65;0.65;0.65;1;0
МордЭнСб;60;20171108;130000;0.645;0.645;0.645;0.645;1;0
МордЭнСб;60;20171108;140000;0.646;0.651;0.646;0.651;2;0
МордЭнСб;60;20171108;150000;0.647;0.65;0.647;0.65;6;0
МордЭнСб;60;20171108;170000;0.649;0.649;0.649;0.649;1;0
МордЭнСб;60;20171108;180000;0.651;0.651;0.651;0.651;1;0
МордЭнСб;60;20171109;100000;0.648;0.648;0.641;0.641;2;0
МордЭнСб;60;20171109;110000;0.647;0.647;0.647;0.647;1;0
МордЭнСб;60;20171109;130000;0.65;0.65;0.65;0.65;4;0
МордЭнСб;60;20171109;140000;0.65;0.65;0.65;0.65;5;0
МордЭнСб;60;20171109;160000;0.645;0.645;0.645;0.645;5;0
МордЭнСб;60;20171109;170000;0.645;0.645;0.641;0.641;5;0
МордЭнСб;60;20171109;180000;0.64;0.647;0.64;0.647;4;0
МордЭнСб;60;20171110;100000;0.635;0.646;0.622;0.627;17;0
МордЭнСб;60;20171110;110000;0.637;0.647;0.637;0.64;4;0
МордЭнСб;60;20171110;120000;0.641;0.641;0.632;0.635;6;0
МордЭнСб;60;20171110;130000;0.632;0.635;0.631;0.635;6;0
МордЭнСб;60;20171110;140000;0.631;0.631;0.63;0.63;20;0
МордЭнСб;60;20171110;150000;0.631;0.631;0.631;0.631;1;0
МордЭнСб;60;20171110;180000;0.627;0.64;0.627;0.64;14;0
МордЭнСб;60;20171113;110000;0.643;0.644;0.643;0.644;2;0
МордЭнСб;60;20171113;120000;0.645;0.645;0.645;0.645;2;0
МордЭнСб;60;20171113;140000;0.645;0.649;0.645;0.649;5;0
МордЭнСб;60;20171113;160000;0.641;0.641;0.64;0.64;4;0
МордЭнСб;60;20171113;170000;0.634;0.634;0.634;0.634;1;0
МордЭнСб;60;20171114;100000;0.633;0.633;0.62;0.622;23;0
МордЭнСб;60;20171114;110000;0.622;0.622;0.62;0.62;5;0
МордЭнСб;60;20171114;120000;0.621;0.633;0.621;0.633;13;0
МордЭнСб;60;20171114;130000;0.625;0.625;0.624;0.624;2;0
МордЭнСб;60;20171114;140000;0.629;0.645;0.629;0.63;13;0
МордЭнСб;60;20171114;150000;0.637;0.643;0.637;0.643;4;0
МордЭнСб;60;20171114;160000;0.64;0.64;0.64;0.64;2;0
МордЭнСб;60;20171114;170000;0.635;0.635;0.63;0.631;4;0
МордЭнСб;60;20171114;180000;0.637;0.637;0.637;0.637;1;0
МордЭнСб;60;20171115;100000;0.622;0.631;0.619;0.629;10;0
МордЭнСб;60;20171115;110000;0.624;0.625;0.624;0.625;5;0
МордЭнСб;60;20171115;120000;0.62;0.62;0.609;0.61;28;0
МордЭнСб;60;20171115;130000;0.61;0.61;0.61;0.61;1;0
МордЭнСб;60;20171115;140000;0.609;0.609;0.607;0.607;10;0
МордЭнСб;60;20171115;150000;0.607;0.607;0.607;0.607;2;0
МордЭнСб;60;20171115;160000;0.607;0.607;0.607;0.607;2;0
МордЭнСб;60;20171115;170000;0.606;0.606;0.6;0.602;32;0
МордЭнСб;60;20171115;180000;0.602;0.605;0.6;0.6;7;0
МордЭнСб;60;20171116;100000;0.599;0.599;0.597;0.597;3;0
МордЭнСб;60;20171116;120000;0.595;0.595;0.592;0.592;4;0
МордЭнСб;60;20171116;130000;0.595;0.595;0.595;0.595;1;0
МордЭнСб;60;20171116;150000;0.591;0.595;0.583;0.59;14;0
МордЭнСб;60;20171116;160000;0.583;0.59;0.583;0.59;3;0
МордЭнСб;60;20171116;170000;0.584;0.584;0.45;0.581;63;0
МордЭнСб;60;20171116;180000;0.584;0.584;0.584;0.584;1;0
МордЭнСб;60;20171117;100000;0.576;0.585;0.57;0.57;13;0
МордЭнСб;60;20171117;110000;0.575;0.581;0.575;0.581;10;0
МордЭнСб;60;20171117;130000;0.581;0.582;0.581;0.582;2;0
МордЭнСб;60;20171117;180000;0.579;0.579;0.572;0.578;10;0
МордЭнСб;60;20171120;100000;0.6;0.6;0.59;0.59;2;0
МордЭнСб;60;20171120;110000;0.583;0.583;0.583;0.583;1;0
МордЭнСб;60;20171120;120000;0.595;0.595;0.595;0.595;1;0
МордЭнСб;60;20171120;170000;0.589;0.589;0.589;0.589;1;0
МордЭнСб;60;20171121;110000;0.566;0.58;0.566;0.58;3;0
МордЭнСб;60;20171121;140000;0.574;0.588;0.571;0.588;6;0
МордЭнСб;60;20171121;180000;0.571;0.587;0.571;0.587;4;0
МордЭнСб;60;20171122;150000;0.58;0.58;0.576;0.576;4;0
МордЭнСб;60;20171122;160000;0.573;0.573;0.573;0.573;1;0
МордЭнСб;60;20171122;170000;0.584;0.584;0.584;0.584;1;0
МордЭнСб;60;20171122;180000;0.572;0.572;0.572;0.572;1;0
МордЭнСб;60;20171123;100000;0.585;0.585;0.585;0.585;1;0
МордЭнСб;60;20171123;110000;0.58;0.58;0.58;0.58;1;0
МордЭнСб;60;20171123;120000;0.571;0.571;0.571;0.571;1;0
МордЭнСб;60;20171123;130000;0.565;0.57;0.556;0.556;11;0
МордЭнСб;60;20171123;140000;0.56;0.56;0.56;0.56;1;0
МордЭнСб;60;20171123;150000;0.558;0.564;0.558;0.564;2;0
МордЭнСб;60;20171123;160000;0.568;0.58;0.568;0.58;10;0
МордЭнСб;60;20171123;170000;0.58;0.58;0.57;0.57;4;0
МордЭнСб;60;20171124;100000;0.577;0.578;0.567;0.57;6;0
МордЭнСб;60;20171124;110000;0.568;0.569;0.561;0.569;26;0
МордЭнСб;60;20171124;140000;0.569;0.57;0.555;0.555;25;0
МордЭнСб;60;20171124;150000;0.561;0.57;0.561;0.57;14;0
МордЭнСб;60;20171124;170000;0.568;0.568;0.568;0.568;1;0
МордЭнСб;60;20171127;110000;0.561;0.561;0.561;0.561;1;0
МордЭнСб;60;20171127;150000;0.568;0.571;0.568;0.571;2;0
МордЭнСб;60;20171127;160000;0.564;0.564;0.564;0.564;1;0
МордЭнСб;60;20171128;100000;0.583;0.583;0.57;0.57;9;0
МордЭнСб;60;20171128;120000;0.559;0.563;0.555;0.563;12;0
МордЭнСб;60;20171128;130000;0.56;0.56;0.56;0.56;3;0
МордЭнСб;60;20171128;180000;0.557;0.56;0.555;0.555;5;0
МордЭнСб;60;20171129;100000;0.55;0.551;0.55;0.551;2;0
МордЭнСб;60;20171129;110000;0.551;0.551;0.551;0.551;6;0
МордЭнСб;60;20171129;120000;0.551;0.551;0.55;0.55;15;0
МордЭнСб;60;20171129;130000;0.55;0.55;0.55;0.55;7;0
МордЭнСб;60;20171129;150000;0.549;0.549;0.549;0.549;1;0
МордЭнСб;60;20171129;160000;0.545;0.568;0.544;0.559;32;0
МордЭнСб;60;20171129;170000;0.55;0.55;0.546;0.549;6;0
МордЭнСб;60;20171129;180000;0.543;0.549;0.543;0.549;3;0
МордЭнСб;60;20171130;100000;0.545;0.545;0.51;0.545;44;0
МордЭнСб;60;20171130;130000;0.532;0.538;0.528;0.532;8;0
МордЭнСб;60;20171130;140000;0.529;0.529;0.529;0.529;1;0
МордЭнСб;60;20171130;150000;0.523;0.524;0.514;0.522;30;0
МордЭнСб;60;20171130;160000;0.521;0.525;0.521;0.525;7;0
МордЭнСб;60;20171130;170000;0.524;0.524;0.524;0.524;2;0
МордЭнСб;60;20171130;180000;0.518;0.525;0.518;0.522;4;0
МордЭнСб;60;20171201;110000;0.528;0.528;0.528;0.528;2;0
МордЭнСб;60;20171201;130000;0.528;0.528;0.528;0.528;2;0
МордЭнСб;60;20171201;140000;0.52;0.521;0.513;0.521;7;0
МордЭнСб;60;20171201;150000;0.521;0.521;0.521;0.521;1;0
МордЭнСб;60;20171201;160000;0.527;0.527;0.527;0.527;1;0
МордЭнСб;60;20171201;180000;0.521;0.521;0.521;0.521;1;0
МордЭнСб;60;20171204;100000;0.517;0.517;0.517;0.517;1;0
МордЭнСб;60;20171204;110000;0.527;0.527;0.527;0.527;1;0
МордЭнСб;60;20171204;140000;0.53;0.53;0.52;0.52;11;0
МордЭнСб;60;20171204;150000;0.525;0.525;0.518;0.524;6;0
МордЭнСб;60;20171204;170000;0.526;0.529;0.524;0.525;5;0
МордЭнСб;60;20171204;180000;0.524;0.524;0.524;0.524;1;0
МордЭнСб;60;20171205;100000;0.544;0.544;0.53;0.53;2;0
МордЭнСб;60;20171205;110000;0.53;0.53;0.53;0.53;10;0
МордЭнСб;60;20171205;120000;0.526;0.526;0.526;0.526;1;0
МордЭнСб;60;20171205;140000;0.519;0.523;0.513;0.523;13;0
МордЭнСб;60;20171205;170000;0.523;0.524;0.523;0.524;2;0
МордЭнСб;60;20171206;100000;0.525;0.525;0.524;0.524;2;0
МордЭнСб;60;20171206;110000;0.524;0.525;0.524;0.525;4;0
МордЭнСб;60;20171206;120000;0.525;0.525;0.525;0.525;2;0
МордЭнСб;60;20171206;160000;0.527;0.528;0.527;0.528;2;0
МордЭнСб;60;20171206;170000;0.523;0.523;0.523;0.523;1;0
МордЭнСб;60;20171207;100000;0.555;0.555;0.526;0.526;4;0
МордЭнСб;60;20171207;110000;0.525;0.525;0.525;0.525;6;0
МордЭнСб;60;20171207;120000;0.525;0.525;0.525;0.525;1;0
МордЭнСб;60;20171207;140000;0.525;0.525;0.523;0.523;2;0
МордЭнСб;60;20171207;150000;0.523;0.523;0.522;0.522;2;0
МордЭнСб;60;20171207;160000;0.514;0.52;0.51;0.517;13;0
МордЭнСб;60;20171207;170000;0.52;0.521;0.52;0.521;2;0
МордЭнСб;60;20171207;180000;0.527;0.527;0.527;0.527;1;0
МордЭнСб;60;20171208;140000;0.523;0.523;0.522;0.522;2;0
МордЭнСб;60;20171208;160000;0.521;0.524;0.521;0.524;2;0
МордЭнСб;60;20171211;100000;0.526;0.538;0.526;0.538;20;0
МордЭнСб;60;20171211;150000;0.53;0.53;0.525;0.525;11;0
МордЭнСб;60;20171211;180000;0.521;0.53;0.52;0.53;9;0
МордЭнСб;60;20171212;110000;0.521;0.522;0.521;0.522;3;0
МордЭнСб;60;20171212;120000;0.52;0.522;0.515;0.522;8;0
МордЭнСб;60;20171212;130000;0.52;0.522;0.52;0.522;6;0
МордЭнСб;60;20171212;180000;0.52;0.524;0.52;0.524;3;0
МордЭнСб;60;20171213;100000;0.516;0.523;0.515;0.523;11;0
МордЭнСб;60;20171213;110000;0.521;0.528;0.521;0.528;4;0
МордЭнСб;60;20171213;120000;0.528;0.528;0.315;0.481;108;0
МордЭнСб;60;20171213;130000;0.494;0.507;0.481;0.504;42;0
МордЭнСб;60;20171213;140000;0.506;0.511;0.499;0.509;12;0
МордЭнСб;60;20171213;150000;0.501;0.507;0.499;0.5;24;0
МордЭнСб;60;20171213;160000;0.5;0.51;0.451;0.49;125;0
МордЭнСб;60;20171213;170000;0.49;0.542;0.49;0.518;133;0
МордЭнСб;60;20171213;180000;0.514;0.515;0.514;0.515;3;0
МордЭнСб;60;20171214;100000;0.54;0.54;0.503;0.517;7;0
МордЭнСб;60;20171214;110000;0.51;0.516;0.51;0.516;2;0
МордЭнСб;60;20171214;140000;0.52;0.521;0.52;0.521;2;0
МордЭнСб;60;20171214;150000;0.518;0.518;0.51;0.51;5;0
МордЭнСб;60;20171214;170000;0.514;0.533;0.514;0.52;6;0
МордЭнСб;60;20171214;180000;0.529;0.529;0.517;0.517;3;0
МордЭнСб;60;20171215;120000;0.519;0.52;0.519;0.52;2;0
МордЭнСб;60;20171215;130000;0.518;0.518;0.517;0.517;2;0
МордЭнСб;60;20171215;180000;0.5;0.5;0.5;0.5;32;0
МордЭнСб;60;20171218;100000;0.505;0.506;0.505;0.506;2;0
МордЭнСб;60;20171218;120000;0.502;0.502;0.502;0.502;1;0
МордЭнСб;60;20171218;130000;0.504;0.504;0.503;0.503;2;0
МордЭнСб;60;20171218;180000;0.497;0.516;0.497;0.51;27;0
МордЭнСб;60;20171219;100000;0.515;0.515;0.515;0.515;5;0
МордЭнСб;60;20171219;110000;0.515;0.515;0.515;0.515;3;0
МордЭнСб;60;20171219;120000;0.515;0.515;0.515;0.515;1;0
МордЭнСб;60;20171219;140000;0.515;0.53;0.515;0.515;8;0
МордЭнСб;60;20171219;150000;0.518;0.518;0.518;0.518;1;0
МордЭнСб;60;20171219;170000;0.505;0.51;0.505;0.51;2;0
МордЭнСб;60;20171219;180000;0.509;0.509;0.504;0.504;22;0
МордЭнСб;60;20171220;100000;0.5;0.515;0.5;0.515;5;0
МордЭнСб;60;20171220;120000;0.501;0.501;0.47;0.498;43;0
МордЭнСб;60;20171220;130000;0.505;0.505;0.49;0.5;4;0
МордЭнСб;60;20171220;160000;0.505;0.505;0.505;0.505;8;0
МордЭнСб;60;20171220;170000;0.505;0.505;0.505;0.505;1;0
МордЭнСб;60;20171220;180000;0.505;0.505;0.505;0.505;1;0
МордЭнСб;60;20171221;100000;0.493;0.493;0.493;0.493;1;0
МордЭнСб;60;20171221;110000;0.495;0.507;0.49;0.49;12;0
МордЭнСб;60;20171221;120000;0.503;0.504;0.503;0.504;6;0
МордЭнСб;60;20171221;130000;0.5;0.501;0.5;0.5;45;0
МордЭнСб;60;20171221;150000;0.5;0.5;0.5;0.5;125;0
МордЭнСб;60;20171221;180000;0.5;0.5;0.5;0.5;3;0
МордЭнСб;60;20171222;110000;0.499;0.502;0.499;0.501;9;0
МордЭнСб;60;20171222;120000;0.501;0.502;0.496;0.497;25;0
МордЭнСб;60;20171222;140000;0.5;0.501;0.5;0.501;2;0
МордЭнСб;60;20171222;160000;0.497;0.497;0.497;0.497;2;0
МордЭнСб;60;20171222;170000;0.496;0.5;0.496;0.5;4;0
МордЭнСб;60;20171222;180000;0.5;0.502;0.5;0.5;5;0
МордЭнСб;60;20171225;100000;0.505;0.505;0.504;0.504;7;0
МордЭнСб;60;20171225;110000;0.503;0.503;0.502;0.502;5;0
МордЭнСб;60;20171225;150000;0.504;0.516;0.504;0.516;30;0
МордЭнСб;60;20171225;160000;0.517;0.519;0.516;0.516;20;0
МордЭнСб;60;20171225;170000;0.512;0.512;0.511;0.511;5;0
МордЭнСб;60;20171225;180000;0.508;0.516;0.508;0.516;6;0
МордЭнСб;60;20171226;100000;0.509;0.509;0.508;0.509;3;0
МордЭнСб;60;20171226;110000;0.508;0.508;0.506;0.506;2;0
МордЭнСб;60;20171226;130000;0.506;0.506;0.5;0.5;12;0
МордЭнСб;60;20171227;150000;0.499;0.5;0.499;0.5;2;0
МордЭнСб;60;20171227;160000;0.5;0.5;0.5;0.5;10;0
МордЭнСб;60;20171227;180000;0.497;0.5;0.497;0.5;9;0
МордЭнСб;60;20171228;120000;0.501;0.501;0.5;0.5;2;0
МордЭнСб;60;20171228;160000;0.5;0.501;0.5;0.501;4;0
МордЭнСб;60;20171228;170000;0.508;0.509;0.508;0.508;3;0
МордЭнСб;60;20171228;180000;0.504;0.504;0.503;0.503;4;0
МордЭнСб;60;20171229;100000;0.501;0.501;0.501;0.501;1;0
МордЭнСб;60;20171229;110000;0.501;0.501;0.5;0.5;7;0
МордЭнСб;60;20171229;120000;0.498;0.501;0.48;0.499;31;0
МордЭнСб;60;20171229;130000;0.499;0.503;0.499;0.502;7;0
МордЭнСб;60;20171229;140000;0.501;0.503;0.501;0.503;5;0
МордЭнСб;60;20171229;180000;0.5;0.501;0.49;0.501;11;0
