<TICKER>;<PER>;<DATE>;<TIME>;<OPEN>;<HIGH>;<LOW>;<CLOSE>;<VOL>;<OPENINT>
Морион ао;60;20170125;110000;6.24;6.24;6.24;6.24;1;0
Морион ао;60;20170125;120000;6.24;6.24;6.23;6.23;2;0
Морион ао;60;20170125;130000;6.23;6.23;6.23;6.23;1;0
Морион ао;60;20170126;180000;6.3;6.35;6.3;6.35;2;0
Морион ао;60;20170127;120000;6.25;6.25;6.25;6.25;1;0
Морион ао;60;20170127;180000;6.38;6.38;6.38;6.38;1;0
Морион ао;60;20170130;100000;6.4;6.49;6.4;6.49;4;0
Морион ао;60;20170130;180000;6.5;6.5;6.5;6.5;1;0
Морион ао;60;20170201;130000;6.5;6.5;6.5;6.5;2;0
Морион ао;60;20170201;180000;6.71;7.15;6.71;7.15;14;0
Морион ао;60;20170202;100000;7.51;9.29;7.17;8.21;58;0
Морион ао;60;20170202;110000;8.09;8.8;7.78;8.41;35;0
Морион ао;60;20170202;120000;8.4;8.4;8.4;8.4;1;0
Морион ао;60;20170202;140000;8.07;8.07;7.87;7.87;4;0
Морион ао;60;20170202;160000;7.6;7.6;7.5;7.5;8;0
Морион ао;60;20170202;170000;7.17;7.64;7.16;7.59;9;0
Морион ао;60;20170202;180000;7.5;7.5;7.5;7.5;2;0
Морион ао;60;20170203;110000;7.21;7.6;7.2;7.6;4;0
Морион ао;60;20170203;130000;7.18;7.18;7.18;7.18;6;0
Морион ао;60;20170203;160000;6.81;6.81;6.61;6.64;9;0
Морион ао;60;20170206;100000;6.76;6.76;6.21;6.21;9;0
Морион ао;60;20170206;110000;6.36;6.36;6.35;6.35;2;0
Морион ао;60;20170206;120000;6.37;6.63;6.35;6.63;6;0
Морион ао;60;20170206;130000;6.5;6.5;6.5;6.5;2;0
Морион ао;60;20170206;140000;6.53;7.24;6.53;6.8;12;0
Морион ао;60;20170206;150000;6.89;7.29;6.89;7.01;5;0
Морион ао;60;20170206;160000;7;7.15;6.87;6.87;3;0
Морион ао;60;20170206;170000;6.78;6.78;6.78;6.78;1;0
Морион ао;60;20170206;180000;6.87;6.92;6.77;6.77;5;0
Морион ао;60;20170207;100000;6.34;6.94;6.34;6.94;2;0
Морион ао;60;20170207;130000;6.74;6.81;6.72;6.76;5;0
Морион ао;60;20170208;130000;6.54;6.54;6.5;6.5;3;0
Морион ао;60;20170208;150000;6.41;6.41;6.41;6.41;1;0
Морион ао;60;20170208;180000;6.41;6.41;6.41;6.41;1;0
Морион ао;60;20170210;100000;6.03;6.3;6.03;6.3;5;0
Морион ао;60;20170210;110000;6.29;6.29;6.29;6.29;1;0
Морион ао;60;20170210;130000;6.29;6.29;6.29;6.29;1;0
Морион ао;60;20170210;170000;6.43;6.43;6.43;6.43;2;0
Морион ао;60;20170213;140000;6.2;6.2;6.2;6.2;1;0
Морион ао;60;20170214;180000;6.5;6.89;6.5;6.89;4;0
Морион ао;60;20170215;110000;6.89;6.9;6.89;6.9;2;0
Морион ао;60;20170215;120000;7.34;7.4;7.34;7.4;5;0
Морион ао;60;20170215;130000;7.77;7.77;7.77;7.77;1;0
Морион ао;60;20170217;180000;6.52;6.52;6.5;6.5;3;0
Морион ао;60;20170220;120000;6.53;6.53;6.53;6.53;2;0
Морион ао;60;20170220;140000;6.53;6.53;6.53;6.53;1;0
Морион ао;60;20170220;150000;6.55;6.55;6.55;6.55;3;0
Морион ао;60;20170220;180000;6.61;6.61;6.61;6.61;1;0
Морион ао;60;20170221;100000;7.01;7.01;7.01;7.01;3;0
Морион ао;60;20170221;150000;7.01;7.01;7.01;7.01;5;0
Морион ао;60;20170224;140000;6.26;6.26;6.26;6.26;1;0
Морион ао;60;20170224;170000;6.98;7.77;6.94;7.77;24;0
Морион ао;60;20170227;170000;7.5;7.5;7.5;7.5;3;0
Морион ао;60;20170228;100000;6.45;6.45;6.41;6.41;2;0
Морион ао;60;20170228;120000;6.44;6.45;6.44;6.45;2;0
Морион ао;60;20170301;100000;7.5;7.5;7.5;7.5;1;0
Морион ао;60;20170301;120000;7.45;7.9;7.45;7.9;3;0
Морион ао;60;20170301;130000;7.28;7.28;7.28;7.28;1;0
Морион ао;60;20170301;170000;7.84;7.88;7.83;7.88;3;0
Морион ао;60;20170301;180000;8;8;7.17;7.17;2;0
Морион ао;60;20170302;160000;6.85;6.85;6.85;6.85;1;0
Морион ао;60;20170302;170000;7.87;7.9;7.87;7.9;3;0
Морион ао;60;20170303;150000;7.31;7.31;7.31;7.31;1;0
Морион ао;60;20170306;150000;7.32;7.32;7.32;7.32;1;0
Морион ао;60;20170306;160000;6.37;6.37;6.37;6.37;1;0
Морион ао;60;20170307;110000;7;7.1;7;7.1;3;0
Морион ао;60;20170307;120000;7;7;7;7;3;0
Морион ао;60;20170307;130000;7.96;8.88;7.94;8.88;16;0
Морион ао;60;20170307;140000;8.85;9;8.85;9;26;0
Морион ао;60;20170307;150000;9;9;9;9;18;0
Морион ао;60;20170307;160000;9;9;9;9;16;0
Морион ао;60;20170307;170000;9;9;9;9;15;0
Морион ао;60;20170307;180000;9;9;9;9;5;0
Морион ао;60;20170309;100000;8.8;11.3;8.45;10.7;58;0
Морион ао;60;20170309;110000;10.01;10.01;9.1;9.1;10;0
Морион ао;60;20170309;120000;9.1;9.1;9.1;9.1;4;0
Морион ао;60;20170309;130000;8.5;8.5;8.5;8.5;1;0
Морион ао;60;20170309;150000;8.4;8.4;8.03;8.36;15;0
Морион ао;60;20170309;160000;8.12;8.3;8.12;8.3;2;0
Морион ао;60;20170309;170000;8.11;8.11;7.8;7.8;9;0
Морион ао;60;20170310;110000;8;8;8;8;1;0
Морион ао;60;20170310;120000;8.24;8.24;8.07;8.07;2;0
Морион ао;60;20170310;160000;7;7;7;7;1;0
Морион ао;60;20170310;180000;8.23;8.23;8.23;8.23;1;0
Морион ао;60;20170313;100000;6.44;6.8;6.43;6.8;3;0
Морион ао;60;20170313;110000;7.69;7.69;7;7;6;0
Морион ао;60;20170313;120000;7.57;7.6;7.12;7.12;4;0
Морион ао;60;20170313;140000;7.66;7.66;7.66;7.66;1;0
Морион ао;60;20170313;150000;7.34;7.6;7.3;7.6;6;0
Морион ао;60;20170313;160000;7.66;7.66;7.66;7.66;1;0
Морион ао;60;20170313;170000;8.25;10.6;8.25;8.9;31;0
Морион ао;60;20170313;180000;8.51;8.7;8.31;8.65;10;0
Морион ао;60;20170314;110000;8.49;8.99;8.49;8.99;3;0
Морион ао;60;20170315;110000;8.66;8.66;8.66;8.66;1;0
Морион ао;60;20170315;130000;8.08;8.08;8.08;8.08;1;0
Морион ао;60;20170315;140000;7.68;8.7;7.56;8.7;12;0
Морион ао;60;20170315;170000;8.05;8.05;8.04;8.04;2;0
Морион ао;60;20170315;180000;8.96;8.98;8.96;8.98;3;0
Морион ао;60;20170317;110000;8.03;9.14;8.02;9.14;6;0
Морион ао;60;20170317;150000;9.49;9.49;9.49;9.49;1;0
Морион ао;60;20170317;170000;8.41;9.45;8.21;9.45;3;0
Морион ао;60;20170320;100000;8.61;8.67;8.6;8.67;3;0
Морион ао;60;20170320;110000;8.44;8.47;8.08;8.08;17;0
Морион ао;60;20170320;120000;8.19;8.2;8.19;8.2;2;0
Морион ао;60;20170320;150000;7.91;7.91;7.9;7.9;2;0
Морион ао;60;20170321;100000;7.37;7.37;7.35;7.35;2;0
Морион ао;60;20170321;110000;7.47;7.47;7.38;7.38;4;0
Морион ао;60;20170321;160000;7.55;7.55;7.55;7.55;1;0
Морион ао;60;20170321;180000;7.5;7.5;7.45;7.45;2;0
Морион ао;60;20170323;100000;7.01;7.01;5;6.1;215;0
Морион ао;60;20170323;110000;6.1;7.09;6.03;6.89;114;0
Морион ао;60;20170323;120000;6.98;7.06;6.98;7.06;11;0
Морион ао;60;20170323;140000;7;7;6.95;6.95;12;0
Морион ао;60;20170323;150000;6.91;6.91;6.52;6.52;16;0
Морион ао;60;20170323;160000;6.68;6.93;6.61;6.92;17;0
Морион ао;60;20170323;170000;6.81;7.1;6.71;7.09;25;0
Морион ао;60;20170323;180000;7.1;7.1;7.08;7.08;7;0
Морион ао;60;20170324;100000;7;7.19;7;7;5;0
Морион ао;60;20170324;110000;7;7;7;7;8;0
Морион ао;60;20170324;120000;7;7;7;7;21;0
Морион ао;60;20170324;130000;7.04;7.04;7;7;7;0
Морион ао;60;20170324;140000;7;7;7;7;1;0
Морион ао;60;20170324;150000;7;7;7;7;14;0
Морион ао;60;20170324;160000;7;7;7;7;6;0
Морион ао;60;20170324;170000;7.04;7.04;7.04;7.04;2;0
Морион ао;60;20170327;100000;7;7;6.16;6.16;3;0
Морион ао;60;20170327;110000;6.57;6.57;6.57;6.57;1;0
Морион ао;60;20170327;120000;6.69;6.7;6.35;6.55;12;0
Морион ао;60;20170327;140000;6.49;6.49;6.49;6.49;1;0
Морион ао;60;20170327;150000;6.72;6.74;6.72;6.74;2;0
Морион ао;60;20170327;170000;6.51;6.65;6.48;6.65;12;0
Морион ао;60;20170327;180000;6.73;6.73;6.51;6.51;4;0
Морион ао;60;20170328;100000;6.01;6.55;6.01;6.55;14;0
Морион ао;60;20170328;110000;6.45;6.45;6.45;6.45;1;0
Морион ао;60;20170328;130000;6.33;6.33;6.33;6.33;1;0
Морион ао;60;20170328;140000;6.45;6.45;6.43;6.43;3;0
Морион ао;60;20170328;180000;6.36;6.4;6.3;6.4;5;0
Морион ао;60;20170329;100000;5.78;6.18;5.77;6.14;19;0
Морион ао;60;20170329;110000;5.91;5.98;5.9;5.98;3;0
Морион ао;60;20170329;120000;5.99;6;5.62;6;11;0
Морион ао;60;20170329;130000;5.9;5.9;5.85;5.85;3;0
Морион ао;60;20170329;140000;5.75;5.75;5.43;5.48;54;0
Морион ао;60;20170329;150000;5.4;5.4;4.95;4.97;487;0
Морион ао;60;20170329;160000;4.97;5.16;4.75;5;199;0
Морион ао;60;20170329;170000;5.02;5.07;5;5.05;7;0
Морион ао;60;20170329;180000;5;5.01;4.99;5;24;0
Морион ао;60;20170330;100000;5.01;5.01;5.01;5.01;1;0
Морион ао;60;20170330;110000;5.01;5.07;5;5;5;0
Морион ао;60;20170330;120000;4.91;4.91;4.32;4.55;55;0
Морион ао;60;20170330;130000;4.34;4.5;4.31;4.5;57;0
Морион ао;60;20170330;140000;4.62;4.77;4.55;4.69;54;0
Морион ао;60;20170330;150000;4.68;4.7;4.68;4.7;14;0
Морион ао;60;20170330;160000;4.66;4.66;4.6;4.6;5;0
Морион ао;60;20170330;170000;4.58;4.71;4.58;4.7;3;0
Морион ао;60;20170330;180000;4.61;4.68;4.58;4.68;6;0
Морион ао;60;20170331;100000;4.55;4.55;4.52;4.52;4;0
Морион ао;60;20170331;110000;4.5;4.5;4.5;4.5;1;0
Морион ао;60;20170331;120000;4.46;4.46;4.4;4.4;8;0
Морион ао;60;20170331;130000;4.4;4.4;4.35;4.35;20;0
Морион ао;60;20170331;140000;4.4;4.4;4.4;4.4;3;0
Морион ао;60;20170331;150000;4.42;4.72;4.42;4.63;26;0
Морион ао;60;20170331;160000;4.67;4.67;4.67;4.67;2;0
Морион ао;60;20170331;170000;4.52;4.52;4.52;4.52;1;0
Морион ао;60;20170331;180000;4.48;4.48;4.36;4.4;12;0
Морион ао;60;20170403;100000;4.32;4.34;4.08;4.34;40;0
Морион ао;60;20170403;110000;4.38;4.55;4.35;4.5;40;0
Морион ао;60;20170403;120000;4.51;4.55;4.32;4.33;17;0
Морион ао;60;20170403;140000;4.33;4.33;4.33;4.33;1;0
Морион ао;60;20170404;100000;4.46;4.49;4.37;4.37;12;0
Морион ао;60;20170404;110000;4.37;4.37;4.36;4.36;6;0
Морион ао;60;20170404;120000;4.4;4.98;4.4;4.83;94;0
Морион ао;60;20170404;130000;4.87;5.01;4.79;4.9;69;0
Морион ао;60;20170404;140000;4.95;5.85;4.95;5.44;66;0
Морион ао;60;20170404;150000;5.23;5.23;5.01;5.01;19;0
Морион ао;60;20170404;160000;5.01;5.11;5.01;5.11;5;0
Морион ао;60;20170404;170000;5.11;5.11;4.92;4.92;10;0
Морион ао;60;20170404;180000;4.86;4.99;4.85;4.99;18;0
Морион ао;60;20170405;100000;4.95;4.95;4.95;4.95;1;0
Морион ао;60;20170405;110000;5.13;5.19;5.1;5.1;8;0
Морион ао;60;20170405;120000;4.97;4.97;4.95;4.95;3;0
Морион ао;60;20170405;140000;4.79;4.95;4.79;4.95;14;0
Морион ао;60;20170405;150000;4.95;4.95;4.95;4.95;3;0
Морион ао;60;20170405;160000;5;5;5;5;1;0
Морион ао;60;20170405;170000;5.02;5.2;5.02;5.2;8;0
Морион ао;60;20170405;180000;5.2;5.2;4.95;4.95;3;0
Морион ао;60;20170406;140000;4.97;4.97;4.97;4.97;2;0
Морион ао;60;20170406;170000;5.09;5.09;5.09;5.09;1;0
Морион ао;60;20170407;160000;4.41;4.85;4.41;4.85;3;0
Морион ао;60;20170407;170000;4.37;4.37;4.37;4.37;1;0
Морион ао;60;20170407;180000;5.06;5.06;5.06;5.06;1;0
Морион ао;60;20170410;130000;4.33;4.34;4.33;4.34;9;0
Морион ао;60;20170410;140000;4.5;4.77;4.5;4.5;6;0
Морион ао;60;20170410;150000;4.5;4.5;4.5;4.5;1;0
Морион ао;60;20170410;170000;4.5;4.5;4.5;4.5;1;0
Морион ао;60;20170410;180000;4.37;4.37;4.37;4.37;1;0
Морион ао;60;20170411;100000;4.38;4.38;4.38;4.38;1;0
Морион ао;60;20170411;130000;4.3;4.3;4.3;4.3;1;0
Морион ао;60;20170411;150000;4.34;4.34;4.34;4.34;1;0
Морион ао;60;20170411;180000;4.34;4.34;4.34;4.34;1;0
Морион ао;60;20170413;100000;4.32;4.32;4.32;4.32;1;0
Морион ао;60;20170413;110000;4.1;4.25;4.08;4.08;7;0
Морион ао;60;20170413;120000;4.1;4.1;4.1;4.1;1;0
Морион ао;60;20170413;130000;4.1;4.2;4.1;4.2;5;0
Морион ао;60;20170413;170000;4.16;4.16;4.15;4.15;7;0
Морион ао;60;20170413;180000;4.12;4.12;4.12;4.12;2;0
Морион ао;60;20170414;160000;4.07;4.15;4.07;4.15;25;0
Морион ао;60;20170414;180000;4.14;4.14;4.14;4.14;1;0
Морион ао;60;20170417;150000;4.16;4.16;4.16;4.16;2;0
Морион ао;60;20170418;100000;4.25;4.25;4.25;4.25;14;0
Морион ао;60;20170418;150000;4.17;4.17;4.15;4.15;21;0
Морион ао;60;20170418;180000;4.15;4.15;4.15;4.15;8;0
Морион ао;60;20170419;120000;4.17;4.17;4.17;4.17;2;0
Морион ао;60;20170419;150000;4.21;4.23;4.2;4.2;5;0
Морион ао;60;20170419;180000;4.2;4.2;4.2;4.2;2;0
Морион ао;60;20170420;100000;4.19;4.19;4.19;4.19;1;0
Морион ао;60;20170420;110000;4.19;4.19;4.18;4.18;20;0
Морион ао;60;20170420;140000;4.22;4.22;4.22;4.22;1;0
Морион ао;60;20170420;180000;4.18;4.2;4.17;4.17;4;0
Морион ао;60;20170421;120000;4.2;4.2;4.2;4.2;11;0
Морион ао;60;20170421;140000;4.2;4.2;4.2;4.2;1;0
Морион ао;60;20170421;150000;4.2;4.2;4.2;4.2;3;0
Морион ао;60;20170421;160000;4.2;4.2;4.2;4.2;1;0
Морион ао;60;20170421;170000;4.2;4.2;4.2;4.2;1;0
Морион ао;60;20170424;120000;4.19;4.19;4.19;4.19;1;0
Морион ао;60;20170424;130000;4.19;4.19;4.18;4.18;7;0
Морион ао;60;20170424;150000;4.23;4.23;4.23;4.23;1;0
Морион ао;60;20170425;120000;4.19;4.19;4.19;4.19;2;0
Морион ао;60;20170425;130000;4.19;4.19;4.19;4.19;3;0
Морион ао;60;20170425;180000;4.21;4.21;4.21;4.21;20;0
Морион ао;60;20170426;110000;4.25;4.25;4.21;4.21;6;0
Морион ао;60;20170426;120000;4.22;4.22;4.22;4.22;1;0
Морион ао;60;20170426;140000;4.22;4.22;4.22;4.22;1;0
Морион ао;60;20170427;120000;4.25;4.25;4.25;4.25;1;0
Морион ао;60;20170428;120000;4.25;4.25;4.22;4.22;5;0
Морион ао;60;20170428;150000;4.22;4.25;4.21;4.25;8;0
Морион ао;60;20170502;120000;4.29;4.3;4.29;4.3;3;0
Морион ао;60;20170502;160000;4.3;4.3;4.3;4.3;10;0
Морион ао;60;20170502;170000;4.3;4.33;4.3;4.33;20;0
Морион ао;60;20170503;170000;4.17;4.17;4.16;4.16;7;0
Морион ао;60;20170503;180000;4.31;4.31;4.31;4.31;1;0
