<TICKER>;<PER>;<DATE>;<TIME>;<OPEN>;<HIGH>;<LOW>;<CLOSE>;<VOL>;<OPENINT>
МРСК СК;60;20170124;100000;22.15;22.3;22.15;22.15;9;0
МРСК СК;60;20170124;110000;22.15;22.15;22.15;22.15;5;0
МРСК СК;60;20170124;120000;22.1;22.1;21.5;21.5;10;0
МРСК СК;60;20170124;130000;21.95;22.8;21.95;22.8;2824;0
МРСК СК;60;20170124;140000;22.75;22.8;22.75;22.8;46;0
МРСК СК;60;20170124;150000;22.8;22.9;22.75;22.9;314;0
МРСК СК;60;20170124;160000;22.8;22.8;22.75;22.75;31;0
МРСК СК;60;20170124;170000;22.75;23;22.75;23;2458;0
МРСК СК;60;20170124;180000;22.95;23.85;22.95;23.8;14861;0
МРСК СК;60;20170125;090000;23.8;23.8;23.8;23.8;21;0
МРСК СК;60;20170125;100000;23.8;24.7;23.8;24.1;3183;0
МРСК СК;60;20170125;110000;23.85;24.1;23.8;24.1;218;0
МРСК СК;60;20170125;120000;23.95;24.25;23.9;24;340;0
МРСК СК;60;20170125;130000;24;24;24;24;44;0
МРСК СК;60;20170125;140000;24;24.4;24;24.1;1168;0
МРСК СК;60;20170125;150000;24.1;24.1;23.6;23.6;256;0
МРСК СК;60;20170125;160000;23.65;23.65;23.5;23.5;208;0
МРСК СК;60;20170125;170000;23.8;24.2;23.8;24.2;98;0
МРСК СК;60;20170125;180000;24.25;24.3;23.9;24.1;414;0
МРСК СК;60;20170126;100000;24;24.1;24;24.1;141;0
МРСК СК;60;20170126;110000;24.1;24.4;23.8;23.8;650;0
МРСК СК;60;20170126;120000;23.85;23.85;23.25;23.35;769;0
МРСК СК;60;20170126;130000;23.35;24;23.25;24;387;0
МРСК СК;60;20170126;140000;24;24;23.25;24;339;0
МРСК СК;60;20170126;150000;24;24.05;23.5;24.05;2441;0
МРСК СК;60;20170126;160000;23.85;24;23.5;24;5223;0
МРСК СК;60;20170126;170000;23.8;24.05;23.55;24.05;325;0
МРСК СК;60;20170126;180000;23.75;24;23.55;24;153;0
МРСК СК;60;20170127;100000;23.8;24.1;23.65;24.1;47;0
МРСК СК;60;20170127;110000;24.1;24.35;24;24.3;223;0
МРСК СК;60;20170127;120000;24.25;24.3;24;24;62;0
МРСК СК;60;20170127;130000;24.2;24.2;24;24.2;60;0
МРСК СК;60;20170127;140000;24.15;24.2;23.55;24;507;0
МРСК СК;60;20170127;150000;23.9;24.05;23.9;24.05;3;0
МРСК СК;60;20170127;160000;24;24.05;23.9;23.9;51;0
МРСК СК;60;20170127;170000;23.9;24;23.8;24;77;0
МРСК СК;60;20170127;180000;24;24;23.85;24;7;0
МРСК СК;60;20170130;100000;23.85;23.85;23.5;23.8;94;0
МРСК СК;60;20170130;110000;23.8;24;23.6;23.6;3546;0
МРСК СК;60;20170130;120000;23.65;23.85;23.6;23.7;101;0
МРСК СК;60;20170130;130000;23.7;23.7;23.55;23.7;138;0
МРСК СК;60;20170130;140000;23.6;23.75;23.55;23.6;863;0
МРСК СК;60;20170130;150000;23.65;23.7;23.65;23.7;49;0
МРСК СК;60;20170130;160000;23.75;24;23.55;23.55;4455;0
МРСК СК;60;20170130;170000;23.65;24;23.65;23.95;410;0
МРСК СК;60;20170130;180000;24;24;23.8;23.95;1011;0
МРСК СК;60;20170131;100000;23.85;23.85;23.55;23.75;540;0
МРСК СК;60;20170131;110000;23.8;23.95;23.55;23.6;2102;0
МРСК СК;60;20170131;120000;23.65;23.75;23.55;23.6;2963;0
МРСК СК;60;20170131;130000;23.6;23.7;23.55;23.65;2549;0
МРСК СК;60;20170131;140000;23.55;23.7;23.55;23.7;8919;0
МРСК СК;60;20170131;150000;23.7;23.85;23.6;23.6;431;0
МРСК СК;60;20170131;160000;23.7;23.7;23.55;23.6;183;0
МРСК СК;60;20170131;170000;23.55;23.65;23.55;23.55;173;0
МРСК СК;60;20170131;180000;23.55;23.7;23.55;23.55;1080;0
МРСК СК;60;20170201;100000;23.6;23.65;23.55;23.65;1729;0
МРСК СК;60;20170201;110000;23.6;24.7;23.55;24.7;14469;0
МРСК СК;60;20170201;120000;24.55;24.7;24.2;24.4;701;0
МРСК СК;60;20170201;130000;24.2;24.2;23.55;23.6;26734;0
МРСК СК;60;20170201;140000;23.65;23.85;23.55;23.55;35977;0
МРСК СК;60;20170201;150000;23.55;23.65;23.4;23.6;457;0
МРСК СК;60;20170201;160000;23.65;23.65;23.55;23.55;181;0
МРСК СК;60;20170201;170000;23.6;23.9;23.55;23.9;277;0
МРСК СК;60;20170201;180000;23.8;23.9;23.6;23.6;148;0
МРСК СК;60;20170202;100000;23.4;23.65;23.4;23.65;106;0
МРСК СК;60;20170202;110000;23.65;23.95;23.6;23.7;266;0
МРСК СК;60;20170202;130000;23.6;23.8;23.6;23.7;37;0
МРСК СК;60;20170202;140000;23.75;23.75;23.65;23.7;97;0
МРСК СК;60;20170202;150000;23.75;23.75;23.75;23.75;2;0
МРСК СК;60;20170202;160000;23.65;24;23.6;23.6;1140;0
МРСК СК;60;20170202;170000;23.65;23.65;23.55;23.65;2502;0
МРСК СК;60;20170202;180000;23.65;23.65;23.55;23.55;351;0
МРСК СК;60;20170203;100000;23.6;23.65;23.6;23.65;4591;0
МРСК СК;60;20170203;110000;23.55;23.85;23.55;23.85;300;0
МРСК СК;60;20170203;120000;23.85;23.85;23.55;23.55;331;0
МРСК СК;60;20170203;130000;23.7;23.7;23.6;23.6;60;0
МРСК СК;60;20170203;140000;23.65;23.85;23.65;23.85;86;0
МРСК СК;60;20170203;150000;23.85;24;23.85;23.9;869;0
МРСК СК;60;20170203;160000;23.9;23.9;23.6;23.65;975;0
МРСК СК;60;20170203;170000;23.65;23.95;23.6;23.7;509;0
МРСК СК;60;20170203;180000;23.6;23.7;23.55;23.7;288;0
МРСК СК;60;20170206;090000;23.7;23.7;23.7;23.7;30;0
МРСК СК;60;20170206;100000;23.65;23.75;23.3;23.65;171;0
МРСК СК;60;20170206;110000;23.6;23.7;23.55;23.7;1004;0
МРСК СК;60;20170206;120000;23.7;23.8;23.7;23.8;152;0
МРСК СК;60;20170206;130000;23.65;23.65;23.65;23.65;1;0
МРСК СК;60;20170206;140000;23.6;23.6;23.6;23.6;22;0
МРСК СК;60;20170206;150000;23.55;23.55;23.55;23.55;1;0
МРСК СК;60;20170206;160000;23.7;23.8;23.55;23.55;719;0
МРСК СК;60;20170206;170000;23.65;23.95;23.55;23.55;237;0
МРСК СК;60;20170206;180000;23.7;23.7;23.7;23.7;1;0
МРСК СК;60;20170207;100000;23.75;23.75;23.5;23.6;310;0
МРСК СК;60;20170207;110000;23.6;23.65;23.55;23.65;134;0
МРСК СК;60;20170207;120000;23.55;23.7;23.55;23.55;122;0
МРСК СК;60;20170207;130000;23.55;23.65;23.55;23.65;310;0
МРСК СК;60;20170207;140000;23.65;23.65;23.55;23.65;8;0
МРСК СК;60;20170207;150000;23.6;23.65;23.6;23.65;227;0
МРСК СК;60;20170207;170000;23.6;23.7;23.6;23.65;44;0
МРСК СК;60;20170207;180000;23.65;23.65;23.55;23.6;117;0
МРСК СК;60;20170208;100000;23.65;23.65;23.5;23.55;41;0
МРСК СК;60;20170208;110000;23.65;23.7;23.55;23.55;616;0
МРСК СК;60;20170208;120000;23.65;23.65;23.5;23.55;4072;0
МРСК СК;60;20170208;130000;23.55;23.6;23.55;23.6;44;0
МРСК СК;60;20170208;140000;23.65;23.65;23.55;23.55;3;0
МРСК СК;60;20170208;150000;23.65;23.65;23.55;23.55;148;0
МРСК СК;60;20170208;160000;23.55;23.6;23.55;23.55;256;0
МРСК СК;60;20170208;170000;23.55;23.6;23.55;23.6;210;0
МРСК СК;60;20170208;180000;23.55;23.55;23.55;23.55;21;0
МРСК СК;60;20170209;100000;23.5;23.55;23.35;23.35;128;0
МРСК СК;60;20170209;110000;23.55;23.55;23.5;23.55;490;0
МРСК СК;60;20170209;120000;23.55;23.6;23.55;23.55;59;0
МРСК СК;60;20170209;130000;23.6;23.65;23.55;23.65;884;0
МРСК СК;60;20170209;140000;23.65;23.8;23.6;23.6;80;0
МРСК СК;60;20170209;160000;23.7;23.7;23.6;23.6;15;0
МРСК СК;60;20170209;170000;23.55;23.55;23.55;23.55;21;0
МРСК СК;60;20170209;180000;23.55;23.7;23.55;23.7;111;0
МРСК СК;60;20170210;100000;23.35;23.65;23.3;23.65;9;0
МРСК СК;60;20170210;110000;23.55;23.55;23.55;23.55;4;0
МРСК СК;60;20170210;120000;23.4;23.55;23.4;23.4;6;0
МРСК СК;60;20170210;130000;23.4;23.5;23.4;23.5;109;0
МРСК СК;60;20170210;140000;23.55;23.55;22.7;23.55;1358;0
МРСК СК;60;20170210;150000;23.6;23.7;23.6;23.7;864;0
МРСК СК;60;20170210;160000;23.7;23.7;23.7;23.7;20;0
МРСК СК;60;20170210;170000;23.7;23.95;23.6;23.65;437;0
МРСК СК;60;20170210;180000;23.7;23.85;23.7;23.8;291;0
МРСК СК;60;20170213;100000;23.85;23.85;23.75;23.85;235;0
МРСК СК;60;20170213;110000;23.8;23.85;23.75;23.75;126;0
МРСК СК;60;20170213;120000;23.75;23.85;23.75;23.75;538;0
МРСК СК;60;20170213;130000;23.8;23.85;23.75;23.85;66;0
МРСК СК;60;20170213;140000;23.9;23.95;23.8;23.8;12;0
МРСК СК;60;20170213;150000;23.85;23.85;23.8;23.8;1503;0
МРСК СК;60;20170213;160000;23.85;24;23.75;23.8;429;0
МРСК СК;60;20170213;170000;23.75;23.75;23.75;23.75;4535;0
МРСК СК;60;20170213;180000;23.75;23.75;23.75;23.75;78;0
МРСК СК;60;20170214;100000;23.75;23.95;23.75;23.75;648;0
МРСК СК;60;20170214;110000;23.75;23.75;23.75;23.75;2946;0
МРСК СК;60;20170214;120000;23.75;23.8;23.75;23.75;39;0
МРСК СК;60;20170214;130000;23.8;23.95;23.8;23.8;572;0
МРСК СК;60;20170214;140000;23.8;23.8;23.75;23.75;25;0
МРСК СК;60;20170214;150000;23.85;23.85;23.75;23.75;320;0
МРСК СК;60;20170214;160000;23.75;23.75;23.75;23.75;50;0
МРСК СК;60;20170214;170000;23.75;23.75;23.75;23.75;530;0
МРСК СК;60;20170214;180000;23.8;23.85;23.8;23.85;40;0
МРСК СК;60;20170215;100000;23.85;24.45;23.75;23.75;14597;0
МРСК СК;60;20170215;110000;23.95;23.95;23.75;23.75;75;0
МРСК СК;60;20170215;120000;23.75;23.75;23.75;23.75;7;0
МРСК СК;60;20170215;130000;23.75;23.75;23.75;23.75;14;0
МРСК СК;60;20170215;150000;23.7;23.7;23.65;23.65;7;0
МРСК СК;60;20170215;170000;23.65;23.65;23.6;23.6;21;0
МРСК СК;60;20170215;180000;23.65;23.7;23.45;23.45;44;0
МРСК СК;60;20170216;100000;23.5;23.5;22.6;22.6;366;0
МРСК СК;60;20170216;110000;22.6;22.85;22.6;22.7;69;0
МРСК СК;60;20170216;120000;22.7;22.95;22.7;22.95;3;0
МРСК СК;60;20170216;130000;22.9;22.95;22.9;22.95;7;0
МРСК СК;60;20170216;140000;22.75;22.75;22.75;22.75;1;0
МРСК СК;60;20170216;150000;22.7;22.8;22.7;22.7;267;0
МРСК СК;60;20170216;160000;22.75;22.85;22.65;22.85;41;0
МРСК СК;60;20170216;170000;22.75;22.75;22.55;22.55;145;0
МРСК СК;60;20170216;180000;22.8;22.8;22.8;22.8;8;0
МРСК СК;60;20170217;090000;22.8;22.8;22.8;22.8;45;0
МРСК СК;60;20170217;100000;22.85;22.85;22.85;22.85;1;0
МРСК СК;60;20170217;110000;22.85;22.85;22.7;22.7;86;0
МРСК СК;60;20170217;120000;22.7;22.7;22.7;22.7;10;0
МРСК СК;60;20170217;130000;22.75;23;22.7;23;139;0
МРСК СК;60;20170217;140000;23.05;23.05;22.5;23;118;0
МРСК СК;60;20170217;150000;22.8;22.8;22.8;22.8;1;0
МРСК СК;60;20170217;160000;22.8;22.95;22.25;22.95;186;0
МРСК СК;60;20170217;170000;23;23;22.9;22.9;21;0
МРСК СК;60;20170217;180000;22.9;22.9;22.85;22.85;29;0
МРСК СК;60;20170220;100000;22.85;23.1;22.75;23.1;25;0
МРСК СК;60;20170220;110000;22.95;22.95;22.9;22.9;10;0
МРСК СК;60;20170220;120000;22.95;23;22.9;23;18286;0
МРСК СК;60;20170220;130000;22.9;22.95;22.65;22.95;210;0
МРСК СК;60;20170220;160000;22.8;22.85;22.8;22.85;2;0
МРСК СК;60;20170220;180000;22.8;22.8;21.9;22.5;180;0
МРСК СК;60;20170221;100000;22.3;22.3;21.9;22.25;70;0
МРСК СК;60;20170221;120000;22.2;22.9;22.2;22.7;168;0
МРСК СК;60;20170221;130000;22.9;22.9;22.1;22.8;52;0
МРСК СК;60;20170221;140000;22.8;22.8;22.8;22.8;5;0
МРСК СК;60;20170221;150000;22.15;22.35;21.15;21.95;323;0
МРСК СК;60;20170221;160000;22.05;22.1;22;22.1;7;0
МРСК СК;60;20170221;170000;22.1;22.1;22.1;22.1;2;0
МРСК СК;60;20170222;090000;22.2;22.2;22.2;22.2;2;0
МРСК СК;60;20170222;100000;22.2;22.2;21.95;21.95;13;0
МРСК СК;60;20170222;110000;21.9;21.9;21.3;21.8;112;0
МРСК СК;60;20170222;120000;21.7;21.9;21.4;21.9;73;0
МРСК СК;60;20170222;140000;21.7;21.7;20.2;21.4;624;0
МРСК СК;60;20170222;150000;21.35;21.35;20;20.8;2067;0
МРСК СК;60;20170222;160000;20.85;20.9;20.45;20.5;222;0
МРСК СК;60;20170222;170000;20.5;20.75;20.5;20.5;298;0
МРСК СК;60;20170222;180000;20.45;20.8;20.35;20.35;143;0
МРСК СК;60;20170224;100000;20.6;20.95;20.6;20.95;88;0
МРСК СК;60;20170224;110000;20.95;20.95;20.9;20.95;4;0
МРСК СК;60;20170224;120000;20.7;20.7;20.2;20.2;23;0
МРСК СК;60;20170224;130000;20.45;20.6;20.45;20.6;2;0
МРСК СК;60;20170224;140000;20.65;20.65;20.6;20.6;15;0
МРСК СК;60;20170224;150000;20.65;20.75;20.1;20.6;89;0
МРСК СК;60;20170224;160000;20.6;20.6;20.6;20.6;7;0
МРСК СК;60;20170224;170000;20.4;20.75;20;20;518;0
МРСК СК;60;20170224;180000;20;20;20;20;723;0
МРСК СК;60;20170227;100000;20.25;20.35;19.7;19.7;129;0
МРСК СК;60;20170227;110000;20.3;20.3;19.5;19.7;123;0
МРСК СК;60;20170227;120000;19.7;19.9;19.5;19.9;296;0
МРСК СК;60;20170227;130000;19.65;20.85;19.2;20.75;2502;0
МРСК СК;60;20170227;140000;20.8;20.8;20.75;20.8;21;0
МРСК СК;60;20170227;150000;20.6;20.75;20.5;20.75;4;0
МРСК СК;60;20170227;160000;20.7;20.9;20.7;20.9;48;0
МРСК СК;60;20170227;170000;20.75;20.75;20.25;20.25;61;0
МРСК СК;60;20170227;180000;20.25;20.3;19.5;19.5;977;0
МРСК СК;60;20170228;100000;19.5;19.5;19;19;634;0
МРСК СК;60;20170228;110000;19.25;19.6;18.75;19.6;1743;0
МРСК СК;60;20170228;120000;19.5;19.55;18.8;19.3;307;0
МРСК СК;60;20170228;130000;19.3;19.55;19.3;19.35;389;0
МРСК СК;60;20170228;140000;19.35;19.35;19.35;19.35;122;0
МРСК СК;60;20170228;150000;19.3;19.5;18.8;19.5;815;0
МРСК СК;60;20170228;160000;19.5;19.6;19.5;19.6;116;0
МРСК СК;60;20170228;170000;19.65;19.8;19.65;19.8;17;0
МРСК СК;60;20170228;180000;19.55;19.8;19.2;19.8;8;0
МРСК СК;60;20170301;100000;19.95;20.05;19.95;19.95;198;0
МРСК СК;60;20170301;110000;20;20;19.35;19.35;55;0
МРСК СК;60;20170301;120000;19.5;19.5;19.1;19.15;287;0
МРСК СК;60;20170301;130000;19.6;19.65;19.4;19.55;241;0
МРСК СК;60;20170301;140000;19.65;19.95;19.65;19.95;363;0
МРСК СК;60;20170301;160000;19.6;19.95;19.6;19.95;211;0
МРСК СК;60;20170301;170000;19.6;19.95;19.6;19.65;8;0
МРСК СК;60;20170301;180000;19.8;20.15;19.5;19.55;200;0
МРСК СК;60;20170302;100000;19.8;20;19.75;20;180;0
МРСК СК;60;20170302;120000;19.95;19.95;19.95;19.95;9;0
МРСК СК;60;20170302;140000;19.7;19.7;19.5;19.5;9;0
МРСК СК;60;20170302;150000;19.9;20;19.9;20;215;0
МРСК СК;60;20170302;160000;19.8;19.8;19.8;19.8;1;0
МРСК СК;60;20170302;170000;19.8;19.8;19.8;19.8;2;0
МРСК СК;60;20170302;180000;20;20.05;20;20.05;2;0
МРСК СК;60;20170303;100000;19.9;19.9;19.5;19.85;17;0
МРСК СК;60;20170303;130000;19.6;19.6;18.9;19.45;510;0
МРСК СК;60;20170303;140000;19.4;19.4;19.25;19.25;6;0
МРСК СК;60;20170303;150000;19.4;19.5;19.4;19.4;109;0
МРСК СК;60;20170303;170000;19.25;19.35;18.95;19.25;150;0
МРСК СК;60;20170303;180000;19.15;19.5;19.15;19.25;474;0
МРСК СК;60;20170306;100000;19.3;19.3;19.25;19.25;22;0
МРСК СК;60;20170306;110000;19.2;19.5;19.2;19.5;17;0
МРСК СК;60;20170306;140000;19.45;19.5;19.45;19.5;8;0
МРСК СК;60;20170306;150000;19.25;19.55;19.25;19.55;6;0
МРСК СК;60;20170306;170000;19.6;19.9;19.55;19.9;257;0
МРСК СК;60;20170306;180000;19.9;19.9;19.7;19.7;100;0
МРСК СК;60;20170307;110000;19.65;19.7;19.2;19.5;258;0
МРСК СК;60;20170307;120000;19.5;19.5;18.7;19;283;0
МРСК СК;60;20170307;130000;19;19;18.4;18.9;436;0
МРСК СК;60;20170307;140000;18.55;18.55;18;18.3;1010;0
МРСК СК;60;20170307;150000;18.35;18.95;18;18.3;1802;0
МРСК СК;60;20170307;160000;18.5;18.6;18.35;18.45;266;0
МРСК СК;60;20170307;170000;18.45;18.5;18.4;18.5;763;0
МРСК СК;60;20170307;180000;18.5;18.5;18.45;18.5;691;0
МРСК СК;60;20170309;100000;18.5;18.55;18.5;18.5;18;0
МРСК СК;60;20170309;120000;18.25;18.45;17.95;17.95;226;0
МРСК СК;60;20170309;130000;18;18;17.75;18;241;0
МРСК СК;60;20170309;140000;17.85;18.05;17.75;17.75;115;0
МРСК СК;60;20170309;150000;18.05;18.05;17.7;18.05;3;0
МРСК СК;60;20170309;160000;17.7;17.85;17.35;17.85;376;0
МРСК СК;60;20170309;170000;17.55;17.8;17.15;17.45;634;0
МРСК СК;60;20170309;180000;17.75;17.8;17.75;17.8;10;0
МРСК СК;60;20170310;090000;18.05;18.05;18.05;18.05;2;0
МРСК СК;60;20170310;100000;18;18;17.3;17.55;354;0
МРСК СК;60;20170310;110000;17.85;17.9;17.6;17.7;26;0
МРСК СК;60;20170310;120000;17.85;17.85;17.85;17.85;3;0
МРСК СК;60;20170310;130000;17.75;17.75;17.7;17.7;36;0
МРСК СК;60;20170310;150000;17.85;17.95;17.85;17.9;49;0
МРСК СК;60;20170310;170000;17.9;18;17.9;18;280;0
МРСК СК;60;20170310;180000;18;18;18;18;250;0
МРСК СК;60;20170313;100000;17.3;17.65;17.25;17.55;43;0
МРСК СК;60;20170313;110000;17.65;18;17.65;18;25;0
МРСК СК;60;20170313;120000;17.8;17.8;17.55;17.6;411;0
МРСК СК;60;20170313;130000;17.6;17.6;17.6;17.6;795;0
МРСК СК;60;20170313;140000;17.85;18.05;17.8;17.8;7;0
МРСК СК;60;20170313;150000;18;18;18;18;12;0
МРСК СК;60;20170313;160000;18;18.05;18;18;14;0
МРСК СК;60;20170313;170000;18;19.05;18;19;1556;0
МРСК СК;60;20170313;180000;18.8;19.05;18.5;18.75;283;0
МРСК СК;60;20170314;090000;19.2;19.2;19.2;19.2;8;0
МРСК СК;60;20170314;100000;18.95;19;18.45;18.6;294;0
МРСК СК;60;20170314;110000;18.75;19;18.75;19;134;0
МРСК СК;60;20170314;120000;19.05;19.05;19.05;19.05;40;0
МРСК СК;60;20170314;130000;18.95;19.05;18.95;19.05;14;0
МРСК СК;60;20170314;140000;18.9;18.9;18.7;18.7;52;0
МРСК СК;60;20170314;150000;18.8;18.8;18.7;18.7;82;0
МРСК СК;60;20170314;160000;18.85;18.85;18.55;18.55;288;0
МРСК СК;60;20170314;170000;18.55;18.9;18.5;18.6;586;0
МРСК СК;60;20170314;180000;18.6;18.7;18.5;18.7;13;0
МРСК СК;60;20170315;100000;18.8;18.9;18.6;18.85;111;0
МРСК СК;60;20170315;110000;18.7;18.7;18.65;18.65;183;0
МРСК СК;60;20170315;120000;18.65;18.85;18.65;18.85;77;0
МРСК СК;60;20170315;130000;18.85;18.9;18.6;18.75;269;0
МРСК СК;60;20170315;140000;18.55;18.7;18.45;18.45;49;0
МРСК СК;60;20170315;150000;18.4;18.4;18.2;18.4;210;0
МРСК СК;60;20170315;160000;18.35;18.75;18.35;18.75;124;0
МРСК СК;60;20170315;170000;18.55;18.55;18.45;18.45;57;0
МРСК СК;60;20170315;180000;18.6;18.7;18.6;18.7;5;0
МРСК СК;60;20170316;100000;18.3;18.65;18.3;18.5;99;0
МРСК СК;60;20170316;110000;18.65;19.45;18.6;19;206;0
МРСК СК;60;20170316;120000;18.9;18.9;18.9;18.9;1;0
МРСК СК;60;20170316;130000;18.9;18.9;18.9;18.9;1;0
МРСК СК;60;20170316;140000;19.05;19.05;18.9;19;239;0
МРСК СК;60;20170316;150000;19;19;19;19;30;0
МРСК СК;60;20170316;160000;18.95;19;18.95;19;70;0
МРСК СК;60;20170316;170000;19;19.25;18.9;18.9;17;0
МРСК СК;60;20170316;180000;19;19.3;19;19.3;18;0
МРСК СК;60;20170317;100000;19.4;19.45;19.05;19.05;69;0
МРСК СК;60;20170317;110000;19;19;18.55;18.9;486;0
МРСК СК;60;20170317;120000;18.95;19.25;18.7;19;887;0
МРСК СК;60;20170317;130000;18.95;19;18.8;19;353;0
МРСК СК;60;20170317;140000;18.8;19.2;18.8;19.05;170;0
МРСК СК;60;20170317;150000;19.1;19.2;18.9;19.05;400;0
МРСК СК;60;20170317;160000;19.15;19.2;18.8;19;231;0
МРСК СК;60;20170317;180000;19.1;19.1;19;19;65;0
МРСК СК;60;20170320;100000;19.05;19.05;18.6;18.75;426;0
МРСК СК;60;20170320;110000;18.75;19.15;18.65;19.15;361;0
МРСК СК;60;20170320;120000;19.15;19.3;18.95;19.1;36;0
МРСК СК;60;20170320;130000;19.15;19.35;19.1;19.35;15;0
МРСК СК;60;20170320;140000;19.35;19.5;18.85;19.15;414;0
МРСК СК;60;20170320;160000;19.15;19.35;19.15;19.35;197;0
МРСК СК;60;20170320;180000;19.35;19.35;19.3;19.35;114;0
МРСК СК;60;20170321;100000;19.3;19.3;19.3;19.3;274;0
МРСК СК;60;20170321;110000;19.05;19.25;19.05;19.25;2;0
МРСК СК;60;20170321;120000;19.15;19.15;19;19;240;0
МРСК СК;60;20170321;130000;19.05;19.2;19.05;19.2;14;0
МРСК СК;60;20170321;140000;19.05;19.3;18.85;19.2;421;0
МРСК СК;60;20170321;150000;19.1;19.1;18.9;18.9;15;0
МРСК СК;60;20170321;160000;19.15;19.2;19.15;19.2;8;0
МРСК СК;60;20170321;170000;19.2;19.2;18.7;18.9;165;0
МРСК СК;60;20170321;180000;18.85;18.95;18.55;18.9;128;0
МРСК СК;60;20170322;100000;18.55;19;18.55;18.75;394;0
МРСК СК;60;20170322;110000;18.8;18.85;18.8;18.8;12;0
МРСК СК;60;20170322;120000;18.8;18.8;18.8;18.8;1;0
МРСК СК;60;20170322;170000;18.65;18.9;18.55;18.9;79;0
МРСК СК;60;20170322;180000;18.95;18.95;18.4;18.85;178;0
МРСК СК;60;20170323;100000;19;19;18.85;18.95;133;0
МРСК СК;60;20170323;110000;18.75;19.15;18.75;19.15;83;0
МРСК СК;60;20170323;120000;19;19;18.95;19;52;0
МРСК СК;60;20170323;130000;19;19;19;19;451;0
МРСК СК;60;20170323;140000;18.9;18.9;18.9;18.9;1;0
МРСК СК;60;20170323;150000;18.9;18.9;18.9;18.9;10;0
МРСК СК;60;20170323;170000;18.75;18.75;18.75;18.75;2;0
МРСК СК;60;20170323;180000;18.75;19;18.75;19;96;0
МРСК СК;60;20170324;090000;18.5;18.5;18.5;18.5;1;0
МРСК СК;60;20170324;100000;18.55;18.95;18.55;18.95;9;0
МРСК СК;60;20170324;110000;18.95;19;18.8;18.8;32;0
МРСК СК;60;20170324;120000;18.8;18.8;18.8;18.8;12;0
МРСК СК;60;20170324;130000;18.8;18.8;18.8;18.8;12;0
МРСК СК;60;20170324;140000;18.85;18.9;18.85;18.9;41;0
МРСК СК;60;20170324;150000;18.85;18.85;18.8;18.8;42;0
МРСК СК;60;20170324;160000;18.8;18.85;18.8;18.85;35;0
МРСК СК;60;20170324;170000;18.8;18.8;18.8;18.8;11;0
МРСК СК;60;20170324;180000;18.8;18.85;18.8;18.85;15;0
МРСК СК;60;20170327;100000;18.95;18.95;18.2;18.3;380;0
МРСК СК;60;20170327;110000;18.35;18.5;18.2;18.5;623;0
МРСК СК;60;20170327;120000;18.5;18.5;18.45;18.45;110;0
МРСК СК;60;20170327;130000;18.45;18.5;18.25;18.4;133;0
МРСК СК;60;20170327;140000;18.4;18.4;18.25;18.3;8;0
МРСК СК;60;20170327;150000;18.35;18.35;18.35;18.35;1;0
МРСК СК;60;20170327;160000;18.35;18.45;18.25;18.35;126;0
МРСК СК;60;20170327;180000;18.35;18.4;18.25;18.4;38;0
МРСК СК;60;20170328;100000;18.3;18.5;18.05;18.05;53;0
МРСК СК;60;20170328;110000;18.15;18.2;18.1;18.2;8;0
МРСК СК;60;20170328;120000;18.2;18.2;18;18.2;247;0
МРСК СК;60;20170328;130000;18.2;18.2;18;18.15;125;0
МРСК СК;60;20170328;140000;18.15;18.2;18.15;18.2;124;0
МРСК СК;60;20170328;150000;18.15;18.15;18;18.1;44;0
МРСК СК;60;20170328;160000;18.2;18.35;18.2;18.35;61;0
МРСК СК;60;20170328;180000;18.35;18.35;18.25;18.35;12;0
МРСК СК;60;20170329;100000;18.35;18.4;18.35;18.4;20;0
МРСК СК;60;20170329;110000;18.4;18.55;18.4;18.55;13;0
МРСК СК;60;20170329;120000;18.45;18.45;18.4;18.4;2;0
МРСК СК;60;20170329;130000;18.45;18.45;18.35;18.35;3;0
МРСК СК;60;20170329;140000;18.3;18.3;17.8;17.9;537;0
МРСК СК;60;20170329;150000;17.95;18.05;17.95;18;4;0
МРСК СК;60;20170329;160000;18.1;18.15;18.1;18.15;14;0
МРСК СК;60;20170329;170000;18.15;18.2;18;18.2;32;0
МРСК СК;60;20170329;180000;18.2;18.2;18.2;18.2;7;0
МРСК СК;60;20170330;100000;18.05;18.4;18.05;18.25;179;0
МРСК СК;60;20170330;110000;18.25;18.25;17.95;18.1;203;0
МРСК СК;60;20170330;120000;18.15;18.15;18.15;18.15;1;0
МРСК СК;60;20170330;130000;18.15;18.2;18.15;18.2;50;0
МРСК СК;60;20170330;140000;18.25;18.3;18.25;18.3;34;0
МРСК СК;60;20170330;170000;18.3;18.7;18.3;18.65;305;0
МРСК СК;60;20170330;180000;18.65;18.7;18.65;18.7;22;0
МРСК СК;60;20170331;100000;18.55;18.6;18.45;18.6;6;0
МРСК СК;60;20170331;110000;18.65;18.75;18.65;18.65;8;0
МРСК СК;60;20170331;120000;18.7;18.7;18.7;18.7;1;0
МРСК СК;60;20170331;140000;18.75;18.8;18.75;18.8;7;0
МРСК СК;60;20170331;150000;18.85;18.95;18.8;18.8;39;0
МРСК СК;60;20170331;170000;18.75;18.75;18.6;18.6;59;0
МРСК СК;60;20170331;180000;18.7;18.85;18.65;18.85;106;0
МРСК СК;60;20170403;100000;18.85;18.85;18.7;18.7;34;0
МРСК СК;60;20170403;110000;18.65;18.65;18.5;18.5;26;0
МРСК СК;60;20170403;120000;18.45;18.45;18.35;18.35;4;0
МРСК СК;60;20170403;130000;18.3;18.5;18.25;18.5;8;0
МРСК СК;60;20170403;150000;18.45;18.45;18.3;18.3;9;0
МРСК СК;60;20170403;160000;18.4;18.6;18.35;18.4;105;0
МРСК СК;60;20170403;170000;18.5;18.5;18.4;18.5;24;0
МРСК СК;60;20170403;180000;18.5;18.5;18.45;18.45;10;0
МРСК СК;60;20170404;120000;18.5;18.5;18.5;18.5;2;0
МРСК СК;60;20170404;130000;18.5;18.5;18.5;18.5;6;0
МРСК СК;60;20170404;140000;18.5;18.55;18.5;18.55;125;0
МРСК СК;60;20170404;150000;18.55;18.55;18.55;18.55;20;0
МРСК СК;60;20170404;160000;18.45;18.5;18.4;18.5;52;0
МРСК СК;60;20170404;170000;18.5;18.5;18.35;18.35;75;0
МРСК СК;60;20170404;180000;18.45;18.5;18.45;18.5;8;0
МРСК СК;60;20170405;100000;18.5;18.5;18.45;18.5;120;0
МРСК СК;60;20170405;110000;18.5;18.55;18.45;18.45;31;0
МРСК СК;60;20170405;120000;18.45;18.65;18.45;18.5;21;0
МРСК СК;60;20170405;130000;18.45;18.55;18.45;18.55;185;0
МРСК СК;60;20170405;140000;18.6;18.7;18.6;18.65;129;0
МРСК СК;60;20170405;150000;18.65;18.7;18.65;18.7;42;0
МРСК СК;60;20170405;160000;18.7;18.7;18.65;18.65;40;0
МРСК СК;60;20170405;170000;18.65;19.15;18.65;19.15;548;0
МРСК СК;60;20170405;180000;19.2;19.3;19.1;19.2;206;0
МРСК СК;60;20170406;100000;19.1;19.2;18.7;19.2;245;0
МРСК СК;60;20170406;110000;19.1;19.1;18.5;18.8;71;0
МРСК СК;60;20170406;120000;18.9;18.9;18.75;18.75;6;0
МРСК СК;60;20170406;130000;18.85;18.95;18.85;18.95;21;0
МРСК СК;60;20170406;140000;19;19;19;19;1;0
МРСК СК;60;20170406;150000;18.85;18.85;18.25;18.55;247;0
МРСК СК;60;20170406;160000;18.5;18.5;18.5;18.5;1;0
МРСК СК;60;20170406;170000;18.6;18.75;18.6;18.75;25;0
МРСК СК;60;20170406;180000;18.65;18.85;18.6;18.85;79;0
МРСК СК;60;20170407;100000;18.75;18.75;18.4;18.55;137;0
МРСК СК;60;20170407;110000;18.55;18.6;18.5;18.6;45;0
МРСК СК;60;20170407;120000;18.65;18.7;18.65;18.7;2;0
МРСК СК;60;20170407;130000;18.6;18.6;18.55;18.6;20;0
МРСК СК;60;20170407;140000;18.6;18.6;18.55;18.6;39;0
МРСК СК;60;20170407;150000;18.65;18.65;18.6;18.6;128;0
МРСК СК;60;20170407;160000;18.55;18.55;18.5;18.5;112;0
МРСК СК;60;20170407;170000;18.5;18.5;18.45;18.45;83;0
МРСК СК;60;20170407;180000;18.45;18.45;18.4;18.4;31;0
МРСК СК;60;20170410;100000;18.4;18.4;18;18;635;0
МРСК СК;60;20170410;110000;18.1;18.1;18.05;18.05;47;0
МРСК СК;60;20170410;120000;18.05;18.05;18;18.05;205;0
МРСК СК;60;20170410;130000;18.1;18.1;18;18;41;0
МРСК СК;60;20170410;140000;18.05;18.05;18.05;18.05;1;0
МРСК СК;60;20170410;150000;18.1;18.1;18.1;18.1;23;0
МРСК СК;60;20170410;160000;18.1;18.15;18.1;18.15;14;0
МРСК СК;60;20170410;170000;18.2;18.2;18.2;18.2;8;0
МРСК СК;60;20170410;180000;18.2;18.2;18.2;18.2;2;0
МРСК СК;60;20170411;100000;18.15;18.15;18.15;18.15;6;0
МРСК СК;60;20170411;110000;18.15;18.15;18.15;18.15;1;0
МРСК СК;60;20170411;140000;18.1;18.1;17;17.75;672;0
МРСК СК;60;20170411;150000;17.65;17.8;17.65;17.75;137;0
МРСК СК;60;20170411;160000;17.85;18;17.85;18;277;0
МРСК СК;60;20170411;170000;17.9;17.9;17.4;17.65;419;0
МРСК СК;60;20170411;180000;17.7;17.75;17.7;17.75;2;0
МРСК СК;60;20170412;100000;17.75;18;17.7;17.7;206;0
МРСК СК;60;20170412;110000;17.65;17.7;17.65;17.7;40;0
МРСК СК;60;20170412;120000;17.7;17.7;17.7;17.7;25;0
МРСК СК;60;20170412;130000;17.65;17.7;17.5;17.5;416;0
МРСК СК;60;20170412;140000;17.5;17.7;17.45;17.7;92;0
МРСК СК;60;20170412;150000;17.7;17.7;17.2;17.5;124;0
МРСК СК;60;20170412;160000;17.55;17.55;17.5;17.5;12;0
МРСК СК;60;20170412;170000;17.5;17.55;17;17.45;732;0
МРСК СК;60;20170412;180000;17.25;17.25;16.75;17.05;409;0
МРСК СК;60;20170413;100000;17.2;17.2;16.8;16.95;592;0
МРСК СК;60;20170413;110000;16.85;16.85;16.6;16.6;182;0
МРСК СК;60;20170413;120000;16.7;16.75;16.6;16.75;70;0
МРСК СК;60;20170413;150000;16.65;16.65;16.6;16.6;50;0
МРСК СК;60;20170413;160000;16.75;16.75;16.5;16.5;159;0
МРСК СК;60;20170413;170000;16.5;16.5;16.45;16.45;186;0
МРСК СК;60;20170413;180000;16.45;16.7;16.3;16.7;488;0
МРСК СК;60;20170414;100000;16.7;16.8;16.7;16.8;3;0
МРСК СК;60;20170414;120000;16.7;17.45;16.7;17.2;111;0
МРСК СК;60;20170414;130000;17.05;17.05;16.95;16.95;3;0
МРСК СК;60;20170414;140000;16.95;17;16.95;17;2;0
МРСК СК;60;20170414;160000;16.75;16.8;16.45;16.7;172;0
МРСК СК;60;20170414;170000;16.5;16.75;16.35;16.7;181;0
МРСК СК;60;20170414;180000;16.55;16.95;16.55;16.95;42;0
МРСК СК;60;20170417;100000;17;17;16.5;17;4;0
МРСК СК;60;20170417;110000;16.9;17.5;16.9;17;178;0
МРСК СК;60;20170417;120000;17.1;17.3;16.8;16.8;52;0
МРСК СК;60;20170417;130000;16.8;16.95;16.8;16.95;41;0
МРСК СК;60;20170417;150000;16.95;16.95;16.85;16.85;25;0
МРСК СК;60;20170417;160000;16.95;17.25;16.95;17.25;55;0
МРСК СК;60;20170417;170000;17.2;17.35;17;17.35;49;0
МРСК СК;60;20170417;180000;17.2;17.3;16.95;17.3;54;0
МРСК СК;60;20170418;100000;17;17.05;17;17;38;0
МРСК СК;60;20170418;110000;17;17;17;17;31;0
МРСК СК;60;20170418;120000;17;17;16.85;16.95;74;0
МРСК СК;60;20170418;130000;16.9;16.9;16.65;16.7;181;0
МРСК СК;60;20170418;140000;16.75;16.85;16.7;16.85;61;0
МРСК СК;60;20170418;150000;16.75;16.9;16.7;16.75;37;0
МРСК СК;60;20170418;160000;16.7;16.7;16.7;16.7;3;0
МРСК СК;60;20170418;170000;16.8;16.95;16.6;16.9;265;0
МРСК СК;60;20170419;100000;16.6;16.65;16.4;16.65;103;0
МРСК СК;60;20170419;120000;16.65;16.75;16.65;16.75;6;0
МРСК СК;60;20170419;130000;16.65;16.65;16.55;16.55;6;0
МРСК СК;60;20170419;140000;16.7;16.75;16.65;16.65;105;0
МРСК СК;60;20170419;150000;16.7;16.7;16.7;16.7;51;0
МРСК СК;60;20170419;160000;16.7;16.85;16.65;16.85;5;0
МРСК СК;60;20170419;180000;16.85;17.05;16.85;17.05;78;0
МРСК СК;60;20170420;110000;16.9;16.9;16.9;16.9;1;0
МРСК СК;60;20170420;120000;16.8;16.8;16.8;16.8;19;0
МРСК СК;60;20170420;130000;16.75;16.75;16.6;16.6;206;0
МРСК СК;60;20170420;140000;16.6;16.65;16.6;16.65;10;0
МРСК СК;60;20170420;150000;16.7;16.8;16.7;16.8;21;0
МРСК СК;60;20170420;160000;16.7;16.75;16.55;16.65;62;0
МРСК СК;60;20170420;170000;16.65;16.65;16.55;16.65;82;0
МРСК СК;60;20170420;180000;16.65;16.9;16.65;16.9;18;0
МРСК СК;60;20170421;100000;16.7;17.1;16.65;16.7;25;0
МРСК СК;60;20170421;110000;16.75;16.75;16.6;16.6;5;0
МРСК СК;60;20170421;120000;16.6;17;16.5;16.75;258;0
МРСК СК;60;20170421;140000;16.65;16.9;16.6;16.9;189;0
МРСК СК;60;20170421;150000;16.8;16.95;16.8;16.95;68;0
МРСК СК;60;20170421;160000;16.9;17.2;16.9;17.15;46;0
МРСК СК;60;20170421;170000;17.15;17.2;17;17;3;0
МРСК СК;60;20170421;180000;16.75;17;16.6;17;54;0
МРСК СК;60;20170424;100000;16.7;16.7;16.7;16.7;19;0
МРСК СК;60;20170424;110000;16.85;17;16.85;16.95;4;0
МРСК СК;60;20170424;130000;16.9;17.2;16.9;16.9;28;0
МРСК СК;60;20170424;140000;16.95;16.95;16.95;16.95;1;0
МРСК СК;60;20170424;150000;16.95;17.2;16.95;17.2;18;0
МРСК СК;60;20170424;160000;17.2;17.25;17.15;17.2;5;0
МРСК СК;60;20170424;170000;17.15;17.15;17.15;17.15;11;0
МРСК СК;60;20170424;180000;17.1;17.2;17;17.15;42;0
МРСК СК;60;20170425;100000;17.2;17.3;17.1;17.2;32;0
МРСК СК;60;20170425;110000;17.2;17.2;17.15;17.15;6;0
МРСК СК;60;20170425;120000;17.2;17.2;17.15;17.15;28;0
МРСК СК;60;20170425;130000;17.1;17.1;16.6;17;513;0
МРСК СК;60;20170425;140000;16.85;16.9;16.55;16.9;181;0
МРСК СК;60;20170425;150000;16.8;16.85;16.8;16.85;20;0
МРСК СК;60;20170425;160000;16.9;16.9;16.9;16.9;1;0
МРСК СК;60;20170425;170000;16.7;16.85;16.6;16.75;256;0
МРСК СК;60;20170425;180000;16.75;17;16.75;17;4;0
МРСК СК;60;20170426;100000;17;17.4;17;17.35;173;0
МРСК СК;60;20170426;110000;17.35;17.4;17.25;17.25;141;0
МРСК СК;60;20170426;120000;17.35;17.35;17.3;17.3;99;0
МРСК СК;60;20170426;130000;17.4;17.45;17.4;17.45;2;0
МРСК СК;60;20170426;150000;17.3;17.45;17.3;17.45;8;0
МРСК СК;60;20170426;160000;17.35;17.35;17.35;17.35;9;0
МРСК СК;60;20170426;170000;17.35;17.45;17.3;17.45;26;0
МРСК СК;60;20170426;180000;17.45;17.6;17.35;17.6;85;0
МРСК СК;60;20170427;090000;17.7;17.7;17.7;17.7;44;0
МРСК СК;60;20170427;100000;17.7;17.7;17.3;17.45;585;0
МРСК СК;60;20170427;110000;17.45;17.45;17.45;17.45;107;0
МРСК СК;60;20170427;120000;17.45;17.45;17.45;17.45;37;0
МРСК СК;60;20170427;130000;17.4;17.4;17.4;17.4;1;0
МРСК СК;60;20170427;140000;17.25;17.4;17.25;17.4;2;0
МРСК СК;60;20170427;150000;17.4;17.4;17.4;17.4;37;0
МРСК СК;60;20170427;160000;17.45;17.45;17.45;17.45;10;0
МРСК СК;60;20170427;170000;17.4;17.4;17.2;17.25;15;0
МРСК СК;60;20170427;180000;17.4;17.65;17.25;17.65;33;0
МРСК СК;60;20170428;110000;17.5;17.5;17.5;17.5;5;0
МРСК СК;60;20170428;120000;17.65;17.65;17.25;17.25;16;0
МРСК СК;60;20170428;130000;17.55;17.55;17.45;17.5;22;0
МРСК СК;60;20170428;140000;17.5;17.6;17.5;17.6;20;0
МРСК СК;60;20170428;150000;17.55;17.6;17.25;17.3;515;0
МРСК СК;60;20170428;160000;17.45;17.5;17.4;17.5;18;0
МРСК СК;60;20170428;170000;17.6;17.65;17.6;17.6;22;0
МРСК СК;60;20170428;180000;17.6;17.6;17.6;17.6;2;0
МРСК СК;60;20170502;110000;17.7;17.7;17.7;17.7;1;0
МРСК СК;60;20170502;120000;17.7;17.7;17.7;17.7;10;0
МРСК СК;60;20170502;130000;17.75;17.75;17.65;17.65;32;0
МРСК СК;60;20170502;140000;17.75;17.75;17;17.05;582;0
МРСК СК;60;20170502;150000;17.05;17.25;16.7;17;154;0
МРСК СК;60;20170502;160000;17.2;17.3;17.2;17.3;30;0
МРСК СК;60;20170502;170000;17.05;17.05;17.05;17.05;2;0
МРСК СК;60;20170502;180000;17.05;17.2;17;17;128;0
МРСК СК;60;20170503;100000;17;18.35;17;17.45;970;0
МРСК СК;60;20170503;110000;17.45;17.45;17.35;17.35;12;0
МРСК СК;60;20170503;120000;17.15;17.45;17.15;17.45;51;0
МРСК СК;60;20170503;130000;17.25;17.25;17.2;17.2;30;0
МРСК СК;60;20170503;140000;17.3;17.3;17.2;17.2;15;0
МРСК СК;60;20170503;160000;17.2;17.3;17.15;17.25;36;0
МРСК СК;60;20170503;170000;17.15;17.15;17.15;17.15;9;0
МРСК СК;60;20170503;180000;17.1;17.6;17.1;17.6;26;0
МРСК СК;60;20170504;100000;17.6;17.6;17.6;17.6;2;0
МРСК СК;60;20170504;110000;17.35;17.65;17.3;17.65;11;0
МРСК СК;60;20170504;120000;17.7;17.7;17.7;17.7;1;0
МРСК СК;60;20170504;150000;17.4;17.4;17.4;17.4;1;0
МРСК СК;60;20170504;160000;17.45;17.45;17.45;17.45;1;0
МРСК СК;60;20170504;180000;17.3;17.45;17.15;17.45;82;0
МРСК СК;60;20170505;110000;17.05;17.45;17.05;17.25;21;0
МРСК СК;60;20170505;160000;17.25;17.25;17.2;17.2;2;0
МРСК СК;60;20170505;170000;17.2;17.2;16.75;16.9;388;0
МРСК СК;60;20170505;180000;16.9;17.2;16.9;17.2;28;0
МРСК СК;60;20170510;100000;16.85;17;16.8;16.95;23;0
МРСК СК;60;20170510;110000;17.05;17.05;17.05;17.05;1;0
МРСК СК;60;20170510;120000;16.9;16.9;16.7;16.7;35;0
МРСК СК;60;20170510;130000;16.8;16.9;16.7;16.9;19;0
МРСК СК;60;20170510;150000;16.8;16.8;16.8;16.8;1;0
МРСК СК;60;20170510;170000;16.95;16.95;16.95;16.95;5;0
МРСК СК;60;20170510;180000;16.95;16.95;16.95;16.95;1;0
МРСК СК;60;20170511;100000;16.8;16.95;16.75;16.75;65;0
МРСК СК;60;20170511;120000;16.9;16.9;16.5;16.7;242;0
МРСК СК;60;20170511;130000;16.65;16.75;16.5;16.5;104;0
МРСК СК;60;20170511;150000;16.6;16.7;16.6;16.7;93;0
МРСК СК;60;20170511;160000;16.7;16.75;16.7;16.75;6;0
МРСК СК;60;20170511;170000;16.65;16.65;16.45;16.55;441;0
МРСК СК;60;20170511;180000;16.6;16.6;16.6;16.6;1;0
МРСК СК;60;20170512;100000;16.45;16.5;16.4;16.5;26;0
МРСК СК;60;20170512;120000;16.5;16.5;16.5;16.5;1;0
МРСК СК;60;20170512;130000;16.55;16.55;16.55;16.55;6;0
МРСК СК;60;20170512;180000;16.6;16.6;16.6;16.6;1;0
МРСК СК;60;20170515;100000;16.6;16.6;16.6;16.6;19;0
МРСК СК;60;20170515;110000;16.65;16.65;16.65;16.65;1;0
МРСК СК;60;20170515;120000;16.65;16.65;16.45;16.45;43;0
МРСК СК;60;20170515;130000;16.45;16.45;16.45;16.45;2;0
МРСК СК;60;20170515;140000;16.55;16.65;16.55;16.6;5;0
МРСК СК;60;20170515;150000;16.5;16.5;16.45;16.45;33;0
МРСК СК;60;20170515;160000;16.55;16.6;16.55;16.6;22;0
МРСК СК;60;20170515;170000;16.55;16.6;16.55;16.6;3;0
МРСК СК;60;20170515;180000;16.5;16.6;16.45;16.6;3;0
МРСК СК;60;20170516;100000;16.7;16.75;16.55;16.65;26;0
МРСК СК;60;20170516;110000;16.55;16.55;16.45;16.5;20;0
МРСК СК;60;20170516;130000;16.5;16.5;16.4;16.5;292;0
МРСК СК;60;20170516;140000;16.5;16.6;16.5;16.6;51;0
МРСК СК;60;20170516;150000;16.6;16.7;16.6;16.7;4;0
МРСК СК;60;20170516;160000;16.7;16.7;16.7;16.7;1;0
МРСК СК;60;20170516;180000;16.55;16.6;16.3;16.4;546;0
МРСК СК;60;20170517;100000;16.55;16.55;16.4;16.5;50;0
МРСК СК;60;20170517;140000;16.5;16.55;16.4;16.4;120;0
МРСК СК;60;20170517;150000;16.4;16.4;16.4;16.4;20;0
МРСК СК;60;20170517;160000;16.6;16.6;16.6;16.6;1;0
МРСК СК;60;20170517;170000;16.55;16.7;16.55;16.7;5;0
МРСК СК;60;20170517;180000;16.6;16.65;16.6;16.6;101;0
МРСК СК;60;20170518;100000;16.6;16.6;16.6;16.6;2;0
МРСК СК;60;20170518;110000;16.5;16.5;16.45;16.45;6;0
МРСК СК;60;20170518;120000;16.45;16.45;16.45;16.45;19;0
МРСК СК;60;20170518;130000;16.5;16.5;16.45;16.45;125;0
МРСК СК;60;20170518;150000;16.45;16.45;16.45;16.45;71;0
МРСК СК;60;20170518;160000;16.4;16.45;16.35;16.45;14;0
МРСК СК;60;20170518;170000;16.45;16.45;16.45;16.45;2;0
МРСК СК;60;20170518;180000;16.4;16.45;16.35;16.45;14;0
МРСК СК;60;20170519;100000;16.4;16.4;16.35;16.4;63;0
МРСК СК;60;20170519;110000;16.4;16.4;16.4;16.4;230;0
МРСК СК;60;20170519;120000;16.4;16.4;16.4;16.4;25;0
МРСК СК;60;20170519;150000;16.35;16.4;16.2;16.4;164;0
МРСК СК;60;20170519;170000;16.35;16.35;16.35;16.35;3;0
МРСК СК;60;20170519;180000;16.3;16.35;16.3;16.35;13;0
МРСК СК;60;20170522;100000;16.35;16.45;15.8;15.9;225;0
МРСК СК;60;20170522;110000;15.9;16.15;15.9;16.15;28;0
МРСК СК;60;20170522;120000;16.2;16.3;16.2;16.3;4;0
МРСК СК;60;20170522;130000;16.1;16.1;16;16;90;0
МРСК СК;60;20170522;140000;15.95;15.95;15.35;15.35;1056;0
МРСК СК;60;20170522;150000;15.4;15.7;15.05;15.5;463;0
МРСК СК;60;20170522;160000;15.5;15.5;15.5;15.5;35;0
МРСК СК;60;20170522;170000;15.5;15.6;15.5;15.5;142;0
МРСК СК;60;20170522;180000;15.45;15.6;15.45;15.45;247;0
МРСК СК;60;20170523;100000;15.5;15.75;15.5;15.5;5;0
МРСК СК;60;20170523;110000;15.6;15.6;15.55;15.55;71;0
МРСК СК;60;20170523;130000;15.6;15.6;15.6;15.6;1;0
МРСК СК;60;20170523;140000;15.6;15.65;15.6;15.65;2;0
МРСК СК;60;20170523;150000;15.65;15.65;15.65;15.65;5;0
МРСК СК;60;20170523;170000;15.6;15.65;15.6;15.6;23;0
МРСК СК;60;20170523;180000;15.6;15.65;15.6;15.65;45;0
МРСК СК;60;20170524;110000;15.65;15.7;15.45;15.65;7;0
МРСК СК;60;20170524;130000;15.55;15.65;15.3;15.55;182;0
МРСК СК;60;20170524;140000;15.5;15.55;15.5;15.55;16;0
МРСК СК;60;20170524;160000;15.5;15.5;15.5;15.5;1;0
МРСК СК;60;20170524;170000;15.45;15.45;15.45;15.45;2;0
МРСК СК;60;20170524;180000;15.5;15.6;15.5;15.6;20;0
МРСК СК;60;20170525;110000;15.6;15.65;15.45;15.45;5;0
МРСК СК;60;20170525;120000;15.5;15.5;15.5;15.5;2;0
МРСК СК;60;20170525;140000;15.5;15.5;15.5;15.5;77;0
МРСК СК;60;20170525;150000;15.5;15.7;15.5;15.7;105;0
МРСК СК;60;20170525;160000;15.7;15.7;15.55;15.55;81;0
МРСК СК;60;20170525;170000;15.65;15.65;15.45;15.45;16;0
МРСК СК;60;20170525;180000;15.45;15.7;15.45;15.7;43;0
МРСК СК;60;20170526;090000;15.6;15.6;15.6;15.6;1;0
МРСК СК;60;20170526;100000;15.6;15.6;15.15;15.25;55;0
МРСК СК;60;20170526;110000;15.35;15.35;15.05;15.15;144;0
МРСК СК;60;20170526;120000;15.05;15.25;15;15.25;276;0
МРСК СК;60;20170526;130000;15.2;15.2;15.2;15.2;1;0
МРСК СК;60;20170526;150000;15.3;15.45;15.3;15.45;46;0
МРСК СК;60;20170526;160000;15.45;15.55;15.45;15.55;28;0
МРСК СК;60;20170526;170000;15.55;15.6;15.5;15.6;21;0
МРСК СК;60;20170526;180000;15.5;15.5;15.35;15.5;36;0
МРСК СК;60;20170529;100000;15.6;15.6;15.5;15.5;11;0
МРСК СК;60;20170529;130000;15.55;15.55;15.55;15.55;7;0
МРСК СК;60;20170529;160000;15.55;15.55;15.3;15.3;249;0
МРСК СК;60;20170529;170000;15.3;15.3;15.3;15.3;252;0
МРСК СК;60;20170529;180000;15.25;15.25;15.2;15.2;144;0
МРСК СК;60;20170530;090000;15.2;15.2;15.2;15.2;1;0
МРСК СК;60;20170530;100000;15.2;15.5;15.2;15.35;1105;0
МРСК СК;60;20170530;110000;15.45;15.45;15.45;15.45;2;0
МРСК СК;60;20170530;120000;15.45;15.45;15.45;15.45;3;0
МРСК СК;60;20170530;130000;15.5;15.6;15.5;15.6;10;0
МРСК СК;60;20170530;140000;15.45;15.75;15.25;15.75;83;0
МРСК СК;60;20170530;150000;15.75;15.95;15.75;15.95;123;0
МРСК СК;60;20170530;160000;15.8;15.95;15.8;15.95;23;0
МРСК СК;60;20170530;170000;15.9;15.95;15.7;15.7;13;0
МРСК СК;60;20170530;180000;15.8;15.8;15.65;15.65;401;0
МРСК СК;60;20170531;100000;15.8;16;15.8;15.95;6;0
МРСК СК;60;20170531;110000;16;16;15.85;15.85;5;0
МРСК СК;60;20170531;150000;15.8;15.8;15.35;15.5;42;0
МРСК СК;60;20170531;160000;15.45;15.5;15.45;15.5;11;0
МРСК СК;60;20170531;170000;15.45;15.5;15.4;15.5;19;0
МРСК СК;60;20170531;180000;15.45;15.85;15.45;15.8;23;0
МРСК СК;60;20170601;100000;15.65;15.65;15.65;15.65;21;0
МРСК СК;60;20170601;110000;15.7;15.7;15.65;15.65;299;0
МРСК СК;60;20170601;120000;15.6;15.6;15.45;15.45;13;0
МРСК СК;60;20170601;130000;15.45;15.45;15.35;15.4;19;0
МРСК СК;60;20170601;140000;15.45;15.55;15.4;15.5;68;0
МРСК СК;60;20170601;150000;15.4;15.4;15.35;15.35;74;0
МРСК СК;60;20170601;160000;15.4;15.6;15.3;15.4;33;0
МРСК СК;60;20170601;170000;15.4;15.45;15.25;15.3;108;0
МРСК СК;60;20170601;180000;15.4;15.6;15.25;15.5;148;0
МРСК СК;60;20170602;100000;15.3;15.35;13.25;15.2;569;0
МРСК СК;60;20170602;110000;15.2;15.2;15.2;15.2;20;0
МРСК СК;60;20170602;120000;15.3;15.4;15.3;15.4;30;0
МРСК СК;60;20170602;130000;15.35;15.4;15.25;15.4;12;0
МРСК СК;60;20170602;150000;15.25;15.25;15.2;15.2;21;0
МРСК СК;60;20170602;160000;15.4;15.4;15.4;15.4;1;0
МРСК СК;60;20170602;170000;15.4;15.45;15.4;15.45;61;0
МРСК СК;60;20170602;180000;15.45;15.5;15.45;15.5;3;0
МРСК СК;60;20170605;100000;15.55;15.55;15.45;15.45;3;0
МРСК СК;60;20170605;110000;15.55;15.55;15.45;15.45;8;0
МРСК СК;60;20170605;120000;15.55;16;15.55;15.9;689;0
МРСК СК;60;20170605;130000;15.85;15.85;15.85;15.85;2;0
МРСК СК;60;20170605;140000;15.9;16;15.9;16;359;0
МРСК СК;60;20170605;150000;15.85;15.85;15.85;15.85;1;0
МРСК СК;60;20170605;160000;15.8;15.8;15.8;15.8;1;0
МРСК СК;60;20170605;170000;15.85;15.85;15.85;15.85;1;0
МРСК СК;60;20170605;180000;15.85;15.85;15.85;15.85;4;0
МРСК СК;60;20170606;120000;15.95;15.95;15.95;15.95;1;0
МРСК СК;60;20170606;130000;15.85;15.85;15.6;15.6;15;0
МРСК СК;60;20170606;170000;15.6;15.6;15.45;15.45;37;0
МРСК СК;60;20170606;180000;15.4;15.45;14.95;15;2054;0
МРСК СК;60;20170607;090000;15.15;15.15;15.15;15.15;1;0
МРСК СК;60;20170607;100000;15.15;15.35;15.15;15.35;36;0
МРСК СК;60;20170607;110000;15.35;15.35;15.35;15.35;3;0
МРСК СК;60;20170607;120000;15.4;15.45;15.4;15.4;6;0
МРСК СК;60;20170607;130000;15.45;15.45;15.45;15.45;1;0
МРСК СК;60;20170607;140000;15.4;15.6;15.4;15.6;41;0
МРСК СК;60;20170607;160000;15.5;15.65;15.5;15.6;20;0
МРСК СК;60;20170607;170000;15.6;15.75;15.6;15.6;66;0
МРСК СК;60;20170607;180000;15.65;15.65;15.3;15.3;1266;0
МРСК СК;60;20170608;100000;15.45;15.7;15.4;15.45;26;0
МРСК СК;60;20170608;110000;15.45;15.5;15.45;15.5;2;0
МРСК СК;60;20170608;130000;15.5;15.5;15.25;15.4;250;0
МРСК СК;60;20170608;140000;15.35;15.35;15.35;15.35;1;0
МРСК СК;60;20170608;150000;15.35;15.35;15.35;15.35;1;0
МРСК СК;60;20170608;160000;15.25;15.25;15.15;15.15;73;0
МРСК СК;60;20170608;170000;15.2;15.35;15.1;15.1;158;0
МРСК СК;60;20170608;180000;15.05;15.15;15;15;232;0
МРСК СК;60;20170609;100000;15.3;15.3;15.15;15.15;2;0
МРСК СК;60;20170609;110000;15.15;15.2;15.15;15.2;12;0
МРСК СК;60;20170609;120000;15.15;16.15;15.15;15.9;1094;0
МРСК СК;60;20170609;130000;15.95;15.95;15;15.05;2878;0
МРСК СК;60;20170609;140000;15.05;15.5;15.05;15.5;124;0
МРСК СК;60;20170609;150000;15.45;15.45;15;15;1388;0
МРСК СК;60;20170609;160000;15.1;15.3;15;15;132;0
МРСК СК;60;20170609;170000;15;15;14.2;14.8;2601;0
МРСК СК;60;20170609;180000;14.8;14.9;14.7;14.9;585;0
МРСК СК;60;20170613;090000;15.15;15.15;15.15;15.15;1;0
МРСК СК;60;20170613;100000;15.2;15.2;15;15.2;3;0
МРСК СК;60;20170613;120000;15.15;15.2;15.15;15.2;126;0
МРСК СК;60;20170613;130000;15.2;15.25;15;15.05;47;0
МРСК СК;60;20170613;140000;15;15.15;14.65;14.7;348;0
МРСК СК;60;20170613;150000;14.7;14.7;14.25;14.7;520;0
МРСК СК;60;20170613;160000;14.75;14.75;14.5;14.75;5016;0
МРСК СК;60;20170613;170000;14.75;14.75;14.75;14.75;18;0
МРСК СК;60;20170613;180000;14.7;15.05;14.7;14.9;408;0
МРСК СК;60;20170614;100000;15;15.15;15;15;8;0
МРСК СК;60;20170614;120000;14.95;14.95;14.95;14.95;1;0
МРСК СК;60;20170614;130000;15.05;15.05;15.05;15.05;1;0
МРСК СК;60;20170614;140000;15.05;15.4;15.05;15.4;389;0
МРСК СК;60;20170614;150000;15.35;15.4;15.2;15.3;63;0
МРСК СК;60;20170614;160000;15.3;15.35;15.15;15.15;27;0
МРСК СК;60;20170614;170000;15.2;15.3;15.2;15.3;3;0
МРСК СК;60;20170614;180000;15.15;15.2;14.95;15.1;96;0
МРСК СК;60;20170615;100000;15;15;14.7;14.7;71;0
МРСК СК;60;20170615;110000;14.8;14.8;14.8;14.8;7;0
МРСК СК;60;20170615;120000;14.7;14.75;14.65;14.75;17;0
МРСК СК;60;20170615;130000;14.7;14.8;14.7;14.8;5;0
МРСК СК;60;20170615;150000;14.8;14.85;14.8;14.85;39;0
МРСК СК;60;20170615;170000;14.85;14.85;14.75;14.75;53;0
МРСК СК;60;20170615;180000;14.75;15.2;14.7;15.2;27;0
МРСК СК;60;20170616;100000;14.9;15.2;14.9;15.2;20;0
МРСК СК;60;20170616;110000;15.2;15.25;15.2;15.2;242;0
МРСК СК;60;20170616;120000;15.2;15.3;15.2;15.3;7;0
МРСК СК;60;20170616;130000;15.3;16.9;15.3;15.65;1459;0
МРСК СК;60;20170616;150000;15.75;15.8;15.5;15.5;183;0
МРСК СК;60;20170616;160000;15.6;15.7;15.15;15.7;53;0
МРСК СК;60;20170616;170000;15.25;15.25;15;15.1;203;0
МРСК СК;60;20170616;180000;15.15;15.15;15;15.05;89;0
МРСК СК;60;20170619;100000;15.15;15.65;15.15;15.65;63;0
МРСК СК;60;20170619;110000;15.55;15.55;15.1;15.1;222;0
МРСК СК;60;20170619;120000;15.1;15.1;15.1;15.1;1;0
МРСК СК;60;20170619;140000;15.05;15.35;15.05;15.35;73;0
МРСК СК;60;20170619;150000;15.25;15.25;15.2;15.2;4;0
МРСК СК;60;20170619;170000;15.15;15.3;15.15;15.2;8;0
МРСК СК;60;20170619;180000;15.15;15.25;15;15.25;103;0
МРСК СК;60;20170620;100000;15.35;15.4;15.35;15.35;102;0
МРСК СК;60;20170620;140000;15.2;15.2;15;15;2;0
МРСК СК;60;20170620;150000;15.15;15.15;15.15;15.15;1;0
МРСК СК;60;20170620;160000;15.3;15.3;15.3;15.3;1;0
МРСК СК;60;20170620;170000;15.1;15.1;15;15;42;0
МРСК СК;60;20170621;100000;15.1;15.4;15.1;15.35;7;0
МРСК СК;60;20170621;170000;15.35;15.35;15.35;15.35;50;0
МРСК СК;60;20170622;100000;15.4;15.4;15.15;15.25;23;0
МРСК СК;60;20170622;110000;15.2;15.25;14.8;14.8;15;0
МРСК СК;60;20170622;120000;15.15;15.2;15.15;15.2;5;0
МРСК СК;60;20170622;130000;15.15;15.2;15.15;15.2;10;0
МРСК СК;60;20170622;140000;15.2;15.2;15.2;15.2;1;0
МРСК СК;60;20170622;150000;15.2;15.45;15.2;15.45;16541;0
МРСК СК;60;20170622;160000;15.5;15.5;15.5;15.5;1;0
МРСК СК;60;20170622;170000;15.5;15.55;15.5;15.55;23;0
МРСК СК;60;20170622;180000;15.6;15.7;15.5;15.55;14;0
МРСК СК;60;20170623;100000;15.6;15.7;15.6;15.65;70;0
МРСК СК;60;20170623;120000;15.65;15.7;15.65;15.7;17;0
МРСК СК;60;20170623;140000;15.65;15.95;15.3;15.6;175;0
МРСК СК;60;20170623;180000;15.7;15.7;15.7;15.7;2;0
МРСК СК;60;20170626;100000;15.75;15.8;15.2;15.7;135;0
МРСК СК;60;20170626;120000;15.7;15.7;15.7;15.7;2;0
МРСК СК;60;20170626;140000;15.7;15.7;15.7;15.7;100;0
МРСК СК;60;20170626;150000;15.6;15.6;15.6;15.6;2;0
МРСК СК;60;20170626;160000;15.6;15.6;15.6;15.6;5;0
МРСК СК;60;20170626;180000;15.65;16.35;15.35;16.1;1147;0
МРСК СК;60;20170627;100000;16.1;16.1;16.1;16.1;3;0
МРСК СК;60;20170627;110000;16.2;16.3;16.2;16.3;5;0
МРСК СК;60;20170627;120000;16.2;16.95;16.2;16.95;591;0
МРСК СК;60;20170627;130000;16.95;17.05;16.8;17.05;571;0
МРСК СК;60;20170627;140000;17.05;17.05;16.95;16.95;3;0
МРСК СК;60;20170627;150000;16.95;16.95;16.95;16.95;6;0
МРСК СК;60;20170627;160000;17;17.6;17;17.6;698;0
МРСК СК;60;20170627;170000;17.5;17.55;17.1;17.55;70;0
МРСК СК;60;20170627;180000;17.2;17.2;17.15;17.15;4;0
МРСК СК;60;20170628;100000;17.5;17.6;16.95;16.95;9;0
МРСК СК;60;20170628;120000;17.1;17.1;17.1;17.1;1;0
МРСК СК;60;20170628;140000;17.05;17.05;17.05;17.05;8;0
МРСК СК;60;20170628;150000;17.15;17.25;17.15;17.25;26;0
МРСК СК;60;20170628;160000;17.2;17.25;17.15;17.15;13;0
МРСК СК;60;20170628;170000;17.2;17.25;17.2;17.25;57;0
МРСК СК;60;20170628;180000;17;17;17;17;2;0
МРСК СК;60;20170629;100000;17.3;17.9;17.3;17.8;469;0
МРСК СК;60;20170629;110000;17.75;18.2;17.15;18.05;890;0
МРСК СК;60;20170629;120000;18;18.1;18;18;183;0
МРСК СК;60;20170629;130000;18;18.2;17.95;18.2;322;0
МРСК СК;60;20170629;140000;18;18;17.6;17.75;26;0
МРСК СК;60;20170629;150000;17.7;17.85;17.65;17.85;15;0
МРСК СК;60;20170629;160000;17.8;18.05;17.8;18.05;15;0
МРСК СК;60;20170629;170000;18.05;18.15;18.05;18.15;275;0
МРСК СК;60;20170629;180000;18.15;18.15;18;18;3;0
МРСК СК;60;20170630;100000;18.1;18.5;17.5;17.5;132;0
МРСК СК;60;20170630;110000;17.5;17.55;17.4;17.4;93;0
МРСК СК;60;20170630;120000;17.4;17.4;17.4;17.4;22;0
МРСК СК;60;20170630;130000;17.35;17.35;17.3;17.3;97;0
МРСК СК;60;20170630;140000;17.45;17.45;17.25;17.25;9;0
МРСК СК;60;20170630;160000;17.3;17.3;17.1;17.1;59;0
МРСК СК;60;20170630;170000;17.25;17.3;17.25;17.3;7;0
МРСК СК;60;20170630;180000;17.35;17.4;17.3;17.4;7;0
МРСК СК;60;20170703;120000;17.05;17.2;16.85;16.85;234;0
МРСК СК;60;20170703;130000;16.85;16.9;16.55;16.75;81;0
МРСК СК;60;20170703;150000;16.75;16.8;16.75;16.8;28;0
МРСК СК;60;20170703;160000;16.6;16.9;16.6;16.65;122;0
МРСК СК;60;20170703;170000;16.85;16.9;16.7;16.9;5;0
МРСК СК;60;20170703;180000;16.9;16.9;16.9;16.9;18;0
МРСК СК;60;20170704;100000;16.6;16.6;16.6;16.6;1;0
МРСК СК;60;20170704;110000;16.95;17;16.95;17;5;0
МРСК СК;60;20170704;160000;16.75;16.75;16.75;16.75;3;0
МРСК СК;60;20170704;170000;16.75;16.75;16.75;16.75;136;0
МРСК СК;60;20170704;180000;16.7;16.7;16.4;16.5;280;0
МРСК СК;60;20170705;100000;16.75;16.75;16.45;16.45;2;0
МРСК СК;60;20170705;110000;16.75;16.8;16.1;16.65;329;0
МРСК СК;60;20170705;130000;16.6;16.7;16.6;16.7;35;0
МРСК СК;60;20170705;140000;16.7;16.7;16.7;16.7;10;0
МРСК СК;60;20170705;150000;16.75;16.75;16.75;16.75;4;0
МРСК СК;60;20170705;170000;16.75;16.75;16.45;16.45;11;0
МРСК СК;60;20170705;180000;16.7;16.75;16.7;16.75;3;0
МРСК СК;60;20170706;100000;17;17;16.75;16.95;63;0
МРСК СК;60;20170706;110000;16.7;16.7;16.7;16.7;1;0
МРСК СК;60;20170706;120000;16.8;16.8;16.65;16.65;4;0
МРСК СК;60;20170706;130000;16.55;16.55;16.55;16.55;7;0
МРСК СК;60;20170706;140000;16.85;16.85;16.85;16.85;8;0
МРСК СК;60;20170706;150000;16.65;16.9;16.65;16.9;3;0
МРСК СК;60;20170706;160000;16.85;16.85;16.85;16.85;10;0
МРСК СК;60;20170706;170000;16.65;16.85;16.65;16.85;4;0
МРСК СК;60;20170706;180000;16.65;16.85;16.65;16.85;4;0
МРСК СК;60;20170707;100000;17;17;16.6;16.8;122;0
МРСК СК;60;20170707;110000;16.75;16.95;15.05;16.4;420;0
МРСК СК;60;20170707;120000;16.35;16.55;16.35;16.55;106;0
МРСК СК;60;20170707;130000;16.65;16.65;16.65;16.65;8;0
МРСК СК;60;20170707;150000;16.6;16.7;16.6;16.7;12;0
МРСК СК;60;20170707;160000;16.9;16.9;16.9;16.9;1;0
МРСК СК;60;20170707;180000;16.55;16.55;16.5;16.5;119;0
МРСК СК;60;20170710;100000;16.85;16.85;16.85;16.85;7;0
МРСК СК;60;20170710;110000;16.45;16.45;16.15;16.45;39;0
МРСК СК;60;20170710;120000;16.65;16.65;16.65;16.65;2;0
МРСК СК;60;20170710;130000;16.65;16.85;16.25;16.85;14;0
МРСК СК;60;20170710;150000;16.45;16.6;16.4;16.4;54;0
МРСК СК;60;20170710;170000;16.65;16.7;16.6;16.7;19;0
МРСК СК;60;20170710;180000;16.5;16.65;16.5;16.65;3;0
МРСК СК;60;20170711;100000;16.7;16.9;16.1;16.4;57;0
МРСК СК;60;20170711;110000;16.35;16.35;16.35;16.35;3;0
МРСК СК;60;20170711;120000;16.35;16.35;16.35;16.35;48;0
МРСК СК;60;20170711;130000;16.25;16.4;16;16;37;0
МРСК СК;60;20170711;140000;16.35;16.8;16.35;16.8;40;0
МРСК СК;60;20170711;170000;16.2;16.75;16.1;16.75;79;0
МРСК СК;60;20170711;180000;16.7;16.8;16.45;16.75;54;0
МРСК СК;60;20170712;100000;16.95;16.95;16.05;16.7;66;0
МРСК СК;60;20170712;110000;16.55;16.7;16.55;16.7;24;0
МРСК СК;60;20170712;120000;16.7;16.7;16.5;16.7;61;0
МРСК СК;60;20170712;140000;16.5;16.5;16;16;300;0
МРСК СК;60;20170712;150000;16.4;16.4;16.4;16.4;1;0
МРСК СК;60;20170712;160000;16.4;16.4;16;16;50;0
МРСК СК;60;20170712;170000;16;16;16;16;33;0
МРСК СК;60;20170712;180000;15.95;16.2;15.85;16.2;827;0
МРСК СК;60;20170713;100000;15.95;16.35;15.95;16;84;0
МРСК СК;60;20170713;110000;16;16.35;16;16.3;283;0
МРСК СК;60;20170713;120000;16.1;16.1;15.9;16;138;0
МРСК СК;60;20170713;130000;16;16;16;16;12;0
МРСК СК;60;20170713;140000;15.9;16;15.85;16;106;0
МРСК СК;60;20170713;170000;16;16;16;16;10;0
МРСК СК;60;20170713;180000;15.9;16;15.9;16;53;0
МРСК СК;60;20170714;100000;16.25;16.25;16;16.25;4;0
МРСК СК;60;20170714;110000;16.25;16.25;16.25;16.25;13;0
МРСК СК;60;20170714;120000;16;16;16;16;11;0
МРСК СК;60;20170714;130000;15.8;15.8;15.8;15.8;4;0
МРСК СК;60;20170714;150000;15.85;15.85;15.85;15.85;1;0
МРСК СК;60;20170714;160000;16;16;16;16;6;0
МРСК СК;60;20170714;170000;15.95;15.95;15.95;15.95;6;0
МРСК СК;60;20170714;180000;15.9;15.9;15.85;15.85;24;0
МРСК СК;60;20170717;100000;16;16;15.9;15.9;3;0
МРСК СК;60;20170717;110000;15.8;15.8;15.8;15.8;20;0
МРСК СК;60;20170717;120000;15.8;16.5;15.8;16.5;717;0
МРСК СК;60;20170717;130000;16.5;16.7;16.5;16.7;18;0
МРСК СК;60;20170717;140000;16.45;16.45;16.05;16.05;22;0
МРСК СК;60;20170717;160000;16.05;16.05;16.05;16.05;9;0
МРСК СК;60;20170717;170000;15.95;15.95;15.95;15.95;4;0
МРСК СК;60;20170717;180000;16;16;16;16;2;0
МРСК СК;60;20170718;100000;16.35;16.7;15.85;16.1;6;0
МРСК СК;60;20170718;120000;16.1;17.25;16.1;16.75;692;0
МРСК СК;60;20170718;130000;16.7;16.8;16.7;16.8;125;0
МРСК СК;60;20170718;140000;16.8;16.8;16.8;16.8;19;0
МРСК СК;60;20170718;170000;16.85;16.85;16.85;16.85;1;0
МРСК СК;60;20170718;180000;16.8;16.8;16.55;16.55;83;0
МРСК СК;60;20170719;100000;16.45;16.6;16.45;16.5;3;0
МРСК СК;60;20170719;140000;16.6;16.6;16.5;16.5;95;0
МРСК СК;60;20170719;150000;16.55;17.3;16.55;17.3;243;0
МРСК СК;60;20170719;160000;17.3;17.35;17.3;17.35;10;0
МРСК СК;60;20170719;180000;17.1;17.1;17.1;17.1;2;0
МРСК СК;60;20170720;110000;17.3;17.75;17;17.05;216;0
МРСК СК;60;20170720;120000;17.05;17.6;17.05;17.6;43;0
МРСК СК;60;20170720;130000;17.6;17.6;17.6;17.6;14;0
МРСК СК;60;20170720;140000;17.55;17.6;17.55;17.6;18;0
МРСК СК;60;20170720;170000;17.5;17.7;17.5;17.7;73;0
МРСК СК;60;20170720;180000;17.45;17.45;17.4;17.4;3;0
МРСК СК;60;20170721;110000;17.35;17.35;17.35;17.35;1;0
МРСК СК;60;20170721;180000;17.35;17.35;16.95;17.2;33;0
МРСК СК;60;20170724;110000;17.05;17.25;17.05;17.25;3;0
МРСК СК;60;20170724;130000;17.1;17.6;17.1;17.55;22;0
МРСК СК;60;20170724;150000;17.55;17.6;17.55;17.6;13;0
МРСК СК;60;20170724;170000;17.55;17.7;17.55;17.7;17;0
МРСК СК;60;20170724;180000;17.65;17.7;17.65;17.7;10;0
МРСК СК;60;20170725;100000;17.75;18.2;17.75;18;227;0
МРСК СК;60;20170725;110000;18;19;18;18.7;590;0
МРСК СК;60;20170725;120000;18.85;18.85;18.4;18.5;68;0
МРСК СК;60;20170725;130000;18.55;18.8;18.45;18.45;101;0
МРСК СК;60;20170725;140000;18.4;18.55;18.4;18.5;669;0
МРСК СК;60;20170725;150000;18.65;18.65;18.4;18.4;19;0
МРСК СК;60;20170725;160000;18.6;18.65;18.4;18.4;110;0
МРСК СК;60;20170725;180000;18.4;18.8;18.4;18.7;349;0
МРСК СК;60;20170726;100000;18.9;18.9;18.8;18.85;578;0
МРСК СК;60;20170726;110000;18.85;18.95;18.85;18.95;12;0
МРСК СК;60;20170726;120000;18.9;19.55;18.9;18.9;6663;0
МРСК СК;60;20170726;130000;19.15;19.15;18.9;19.05;1836;0
МРСК СК;60;20170726;140000;19.05;19.05;19.05;19.05;20;0
МРСК СК;60;20170726;150000;19;19;18.85;18.85;15;0
МРСК СК;60;20170726;160000;18.9;18.9;18.85;18.85;625;0
МРСК СК;60;20170726;170000;18.65;18.65;18.5;18.5;192;0
МРСК СК;60;20170726;180000;18.75;19.1;18.75;19.1;874;0
МРСК СК;60;20170727;090000;18.6;18.6;18.6;18.6;1;0
МРСК СК;60;20170727;100000;18.9;19.45;18.5;19;839;0
МРСК СК;60;20170727;110000;18.9;18.9;18.65;18.65;162;0
МРСК СК;60;20170727;120000;18.95;18.95;18.95;18.95;2;0
МРСК СК;60;20170727;130000;18.95;18.95;18.95;18.95;55;0
МРСК СК;60;20170727;140000;18.95;18.95;18.8;18.8;78;0
МРСК СК;60;20170727;150000;18.75;18.75;18.55;18.6;307;0
МРСК СК;60;20170727;180000;18.8;18.8;18.8;18.8;1;0
МРСК СК;60;20170728;100000;18.5;18.5;18.5;18.5;6;0
МРСК СК;60;20170728;110000;18.35;18.75;18.15;18.4;1045;0
МРСК СК;60;20170728;120000;18.35;18.55;18.35;18.55;400;0
МРСК СК;60;20170728;140000;18.35;18.55;18.35;18.55;22;0
МРСК СК;60;20170728;150000;18.55;18.6;18.55;18.6;27;0
МРСК СК;60;20170728;160000;18.6;18.75;18.35;18.35;51;0
МРСК СК;60;20170728;170000;18.4;18.4;18.35;18.35;51;0
МРСК СК;60;20170728;180000;18.35;18.75;18.35;18.75;44;0
МРСК СК;60;20170731;100000;18.65;18.65;18.65;18.65;5;0
МРСК СК;60;20170731;110000;18.55;18.65;18.55;18.6;225;0
МРСК СК;60;20170731;120000;18.6;18.85;18.6;18.85;14;0
МРСК СК;60;20170731;130000;18.85;18.85;18.8;18.8;3;0
МРСК СК;60;20170731;150000;18.65;18.65;18.65;18.65;6;0
МРСК СК;60;20170731;170000;18.6;18.6;18.55;18.55;3;0
МРСК СК;60;20170731;180000;18.45;18.5;18.45;18.5;6;0
МРСК СК;60;20170801;100000;18.85;19;18.6;19;726;0
МРСК СК;60;20170801;110000;18.7;18.7;18.6;18.6;174;0
МРСК СК;60;20170801;120000;18.75;18.95;18.7;18.7;74;0
МРСК СК;60;20170801;130000;18.7;18.7;18.7;18.7;8;0
МРСК СК;60;20170801;140000;18.65;18.65;18.65;18.65;16;0
МРСК СК;60;20170801;160000;18.65;18.9;18.65;18.9;492;0
МРСК СК;60;20170801;170000;18.9;18.9;18.9;18.9;35;0
МРСК СК;60;20170801;180000;18.7;19.05;18.7;18.75;370;0
МРСК СК;60;20170802;110000;18.7;19.05;18.6;19;822;0
МРСК СК;60;20170802;130000;18.8;18.8;18.8;18.8;33;0
МРСК СК;60;20170802;140000;18.85;18.9;18.85;18.9;25;0
МРСК СК;60;20170802;150000;18.8;18.8;18.6;18.6;297;0
МРСК СК;60;20170802;160000;18.6;18.7;18.55;18.55;392;0
МРСК СК;60;20170802;170000;18.65;18.8;18.65;18.8;1319;0
МРСК СК;60;20170802;180000;18.75;19.05;18.75;19.05;81;0
МРСК СК;60;20170803;100000;19;19;18.3;18.3;105;0
МРСК СК;60;20170803;110000;18.35;18.65;18.3;18.65;55;0
МРСК СК;60;20170803;130000;18.6;18.6;18.6;18.6;1;0
МРСК СК;60;20170803;140000;18.6;18.95;18.6;18.95;56;0
МРСК СК;60;20170803;150000;18.95;18.95;18.95;18.95;28;0
МРСК СК;60;20170803;160000;18.8;19;18.8;19;2481;0
МРСК СК;60;20170803;170000;19.05;19.05;19.05;19.05;12;0
МРСК СК;60;20170803;180000;19;19.05;19;19.05;6;0
МРСК СК;60;20170804;100000;19.2;19.3;19.05;19.3;7;0
МРСК СК;60;20170804;110000;18.95;18.95;18.95;18.95;60;0
МРСК СК;60;20170804;120000;19.2;19.2;19.2;19.2;1;0
МРСК СК;60;20170804;140000;19.1;19.1;19;19.05;278;0
МРСК СК;60;20170804;150000;19.05;19.05;19.05;19.05;74;0
МРСК СК;60;20170804;160000;19.1;19.1;19.1;19.1;7;0
МРСК СК;60;20170804;170000;19.05;19.05;19;19;4964;0
МРСК СК;60;20170804;180000;19;19.1;19;19;3389;0
МРСК СК;60;20170807;100000;19.05;19.2;19.05;19.2;20;0
МРСК СК;60;20170807;120000;19.05;19.05;19.05;19.05;52;0
МРСК СК;60;20170807;130000;19;19;18.9;19;12;0
МРСК СК;60;20170807;150000;18.95;18.95;18.65;18.65;41;0
МРСК СК;60;20170807;160000;18.65;18.9;17.95;18.25;850;0
МРСК СК;60;20170807;170000;18.25;18.3;18.25;18.3;21;0
МРСК СК;60;20170807;180000;18.1;18.25;18;18.2;97;0
МРСК СК;60;20170808;100000;17.75;18.5;17.75;18.35;127;0
МРСК СК;60;20170808;130000;18.35;18.45;18.35;18.45;39;0
МРСК СК;60;20170808;140000;18.25;18.25;17.85;18;188;0
МРСК СК;60;20170808;150000;18.15;18.25;18.15;18.25;50;0
МРСК СК;60;20170808;170000;18.3;18.4;18.3;18.4;75;0
МРСК СК;60;20170808;180000;18.05;18.3;18.05;18.3;2;0
МРСК СК;60;20170809;100000;18.5;18.5;18.5;18.5;1;0
МРСК СК;60;20170809;140000;18;18.3;17.85;18.3;15;0
МРСК СК;60;20170809;160000;18.2;18.35;18.2;18.35;82;0
МРСК СК;60;20170809;180000;18;18.25;17.8;18.2;66;0
МРСК СК;60;20170810;100000;18.25;18.5;17.85;18;63;0
МРСК СК;60;20170810;110000;18.05;18.05;17.85;18;70;0
МРСК СК;60;20170810;130000;18;18;18;18;1;0
МРСК СК;60;20170810;140000;18;18;17.7;17.95;260;0
МРСК СК;60;20170810;150000;17.95;17.95;17.95;17.95;2;0
МРСК СК;60;20170810;160000;17.9;17.9;17.75;17.8;13;0
МРСК СК;60;20170810;170000;17.8;17.85;17.8;17.85;9;0
МРСК СК;60;20170810;180000;17.75;17.85;17.75;17.85;41;0
МРСК СК;60;20170811;100000;17.55;17.6;17.5;17.5;3;0
МРСК СК;60;20170811;110000;17.9;18;17.8;17.8;5;0
МРСК СК;60;20170811;140000;17.8;17.8;17.8;17.8;2;0
МРСК СК;60;20170811;160000;17.7;17.7;17.7;17.7;3;0
МРСК СК;60;20170811;170000;17.75;17.75;17.55;17.6;24;0
МРСК СК;60;20170811;180000;17.6;17.75;17.55;17.75;34;0
МРСК СК;60;20170814;100000;18;18.15;17.8;17.8;26;0
МРСК СК;60;20170814;110000;18;18.05;18;18.05;5;0
МРСК СК;60;20170814;120000;18.05;18.1;18.05;18.1;36;0
МРСК СК;60;20170814;130000;18.3;18.4;18.2;18.2;51;0
МРСК СК;60;20170814;140000;18.3;18.9;18.3;18.9;102;0
МРСК СК;60;20170814;150000;18.5;18.85;18.15;18.85;72;0
МРСК СК;60;20170814;170000;18.8;18.9;18.8;18.9;83;0
МРСК СК;60;20170814;180000;18.5;18.5;17.9;17.9;422;0
МРСК СК;60;20170815;100000;18.25;18.4;18.25;18.4;69;0
МРСК СК;60;20170815;110000;18.35;21;18.35;19.55;3868;0
МРСК СК;60;20170815;120000;19.55;19.6;19.3;19.3;125;0
МРСК СК;60;20170815;130000;19.35;19.5;19;19.5;1734;0
МРСК СК;60;20170815;140000;19.1;19.4;19;19.4;129;0
МРСК СК;60;20170815;150000;19.35;19.4;19.35;19.4;100;0
МРСК СК;60;20170815;160000;19.4;19.4;18.9;18.9;525;0
МРСК СК;60;20170815;170000;18.9;19;18.9;19;120;0
МРСК СК;60;20170815;180000;19;19.2;18.9;19.05;111;0
МРСК СК;60;20170816;100000;19.05;19.8;19.05;19.35;218;0
МРСК СК;60;20170816;110000;19.5;19.75;19.5;19.5;161;0
МРСК СК;60;20170816;120000;19.35;19.5;19.3;19.3;104;0
МРСК СК;60;20170816;130000;19.5;19.5;19.5;19.5;1;0
МРСК СК;60;20170816;140000;19.3;19.3;19.05;19.3;161;0
МРСК СК;60;20170816;150000;19.1;19.3;19.05;19.15;123;0
МРСК СК;60;20170816;160000;19.05;19.15;19.05;19.15;6;0
МРСК СК;60;20170816;170000;19.15;20.5;19.15;19.3;6423;0
МРСК СК;60;20170816;180000;19.9;19.95;19.65;19.65;617;0
МРСК СК;60;20170817;100000;19.6;20.65;19.3;19.8;54;0
МРСК СК;60;20170817;110000;19.95;19.95;19.6;19.6;4;0
МРСК СК;60;20170817;120000;19.55;19.55;19.3;19.55;110;0
МРСК СК;60;20170817;130000;19.6;19.65;19.6;19.65;2;0
МРСК СК;60;20170817;140000;19.6;19.65;19.4;19.65;4;0
МРСК СК;60;20170817;170000;19.5;19.5;19.4;19.4;3;0
МРСК СК;60;20170817;180000;19.45;19.6;19.2;19.35;56;0
МРСК СК;60;20170818;100000;19.15;19.2;18.75;19;304;0
МРСК СК;60;20170818;110000;19;19;17.75;18.25;4056;0
МРСК СК;60;20170818;120000;18.25;18.25;18.2;18.2;178;0
МРСК СК;60;20170818;130000;18.2;18.4;18.2;18.4;320;0
МРСК СК;60;20170818;140000;18.2;18.65;18.2;18.65;158;0
МРСК СК;60;20170818;150000;18.65;18.9;18.45;18.85;529;0
МРСК СК;60;20170818;170000;18.7;18.7;18.7;18.7;6;0
МРСК СК;60;20170818;180000;18.7;18.7;18.5;18.5;106;0
МРСК СК;60;20170821;100000;18.8;18.85;18.5;18.8;1989;0
МРСК СК;60;20170821;110000;18.85;18.85;18.8;18.8;81;0
МРСК СК;60;20170821;120000;18.8;18.8;18.8;18.8;600;0
МРСК СК;60;20170821;130000;18.85;19.15;18.8;19.15;308;0
МРСК СК;60;20170821;140000;19.15;20.85;19.15;19.5;5764;0
МРСК СК;60;20170821;150000;19.4;19.55;18.85;18.85;3169;0
МРСК СК;60;20170821;160000;19;19.5;18.8;18.9;15980;0
МРСК СК;60;20170821;170000;18.9;18.9;18.9;18.9;760;0
МРСК СК;60;20170821;180000;18.9;19.05;18.9;19.05;124;0
МРСК СК;60;20170822;090000;18.9;18.9;18.9;18.9;1;0
МРСК СК;60;20170822;100000;19.8;19.8;18.85;18.9;1798;0
МРСК СК;60;20170822;110000;18.9;19.05;18.85;19.05;828;0
МРСК СК;60;20170822;120000;19.05;19.1;19.05;19.05;39;0
МРСК СК;60;20170822;130000;19.15;19.15;19.15;19.15;6;0
МРСК СК;60;20170822;140000;19.15;19.3;18.85;18.9;1676;0
МРСК СК;60;20170822;150000;18.9;19.05;18.85;18.85;32;0
МРСК СК;60;20170822;160000;19.05;19.2;18.9;18.95;187;0
МРСК СК;60;20170822;170000;19.1;19.95;18.85;19.95;11559;0
МРСК СК;60;20170822;180000;19.95;20.15;19.3;19.4;425;0
МРСК СК;60;20170823;100000;20.1;20.1;19.55;19.95;300;0
МРСК СК;60;20170823;110000;19.95;19.95;19.7;19.7;87;0
МРСК СК;60;20170823;120000;19.65;19.65;19;19;229;0
МРСК СК;60;20170823;130000;19.05;19.1;18.95;18.95;41;0
МРСК СК;60;20170823;140000;18.95;19.1;18.85;19.1;89;0
МРСК СК;60;20170823;150000;18.95;19.3;18.25;19.2;2274;0
МРСК СК;60;20170823;160000;19;19.05;18.7;18.7;31;0
МРСК СК;60;20170823;170000;18.7;19.05;18.5;19;237;0
МРСК СК;60;20170823;180000;19;19;18.7;18.75;334;0
МРСК СК;60;20170824;100000;19.15;19.2;19;19.2;181;0
МРСК СК;60;20170824;110000;19.2;19.8;19.2;19.4;995;0
МРСК СК;60;20170824;120000;19.1;19.1;18.7;18.95;604;0
МРСК СК;60;20170824;130000;19;19.2;19;19.2;3;0
МРСК СК;60;20170824;140000;19.2;19.4;19.2;19.4;157;0
МРСК СК;60;20170824;150000;19.3;19.35;19.3;19.35;28;0
МРСК СК;60;20170824;160000;19.35;19.55;19.35;19.55;103;0
МРСК СК;60;20170824;170000;19.2;19.2;19.2;19.2;1;0
МРСК СК;60;20170824;180000;19.1;19.5;18.8;19.5;291;0
МРСК СК;60;20170825;090000;19.4;19.4;19.4;19.4;12;0
МРСК СК;60;20170825;100000;19.4;19.5;19.4;19.45;499;0
МРСК СК;60;20170825;110000;19.15;19.35;18.85;18.9;455;0
МРСК СК;60;20170825;120000;19;19;18.75;19;440;0
МРСК СК;60;20170825;130000;19;19.25;19;19.25;1676;0
МРСК СК;60;20170825;140000;19.15;19.15;19;19;326;0
МРСК СК;60;20170825;150000;19;19.1;18.85;19.1;94;0
МРСК СК;60;20170825;160000;18.85;18.85;18.6;18.6;456;0
МРСК СК;60;20170825;170000;18.8;18.8;18.8;18.8;4;0
МРСК СК;60;20170825;180000;18.85;18.85;18.85;18.85;15;0
МРСК СК;60;20170828;100000;19;19.05;18.95;19.05;10;0
МРСК СК;60;20170828;110000;19;19.05;18.2;18.8;338;0
МРСК СК;60;20170828;120000;18.65;18.65;18.5;18.5;329;0
МРСК СК;60;20170828;130000;18.5;18.5;18.5;18.5;29;0
МРСК СК;60;20170828;150000;18.4;18.5;18.4;18.5;40;0
МРСК СК;60;20170828;160000;18.5;18.8;18.4;18.8;6906;0
МРСК СК;60;20170828;170000;18.8;18.8;18.75;18.75;8;0
МРСК СК;60;20170828;180000;18.6;18.75;18.6;18.7;42;0
МРСК СК;60;20170829;100000;18.9;18.9;18.9;18.9;2;0
МРСК СК;60;20170829;120000;18.85;18.85;18.7;18.7;3;0
МРСК СК;60;20170829;130000;18.85;18.85;18.85;18.85;7;0
МРСК СК;60;20170829;170000;18.75;18.85;18.5;18.6;408;0
МРСК СК;60;20170829;180000;18.45;18.95;18.45;18.9;1224;0
МРСК СК;60;20170830;100000;18.95;19.2;18.95;19;141;0
МРСК СК;60;20170830;110000;19;19;19;19;23;0
МРСК СК;60;20170830;120000;19.1;19.15;19.1;19.15;14;0
МРСК СК;60;20170830;130000;19;19.15;18.95;19.15;88;0
МРСК СК;60;20170830;140000;18.95;18.95;18.5;18.65;985;0
МРСК СК;60;20170830;150000;18.9;18.95;18.9;18.95;2;0
МРСК СК;60;20170830;160000;18.65;18.65;18.65;18.65;1;0
МРСК СК;60;20170830;170000;18.65;19.2;18.55;19.2;364;0
МРСК СК;60;20170830;180000;18.85;19.1;18.65;19.1;118;0
МРСК СК;60;20170831;110000;19.15;19.7;19;19.3;1819;0
МРСК СК;60;20170831;120000;19.35;19.55;19.35;19.55;18;0
МРСК СК;60;20170831;130000;19.55;19.55;19.25;19.25;210;0
МРСК СК;60;20170831;150000;19.35;19.35;19.05;19.05;125;0
МРСК СК;60;20170831;160000;19.15;19.15;19.15;19.15;1;0
МРСК СК;60;20170831;170000;19.1;19.15;18.85;19.15;101;0
МРСК СК;60;20170901;100000;19.25;19.4;19.15;19.15;5;0
МРСК СК;60;20170901;110000;19.25;19.25;18;18.5;2514;0
МРСК СК;60;20170901;120000;18.65;18.75;18.5;18.65;279;0
МРСК СК;60;20170901;130000;18.65;18.7;18.65;18.7;13;0
МРСК СК;60;20170901;140000;18.65;18.8;18.65;18.8;333;0
МРСК СК;60;20170901;150000;18.85;18.85;18.8;18.8;22;0
МРСК СК;60;20170901;160000;18.8;18.85;18.8;18.85;13;0
МРСК СК;60;20170901;170000;18.8;18.9;18.8;18.8;186;0
МРСК СК;60;20170901;180000;18.85;19.15;18.65;18.8;393;0
МРСК СК;60;20170904;100000;18.85;18.85;18.45;18.5;145;0
МРСК СК;60;20170904;110000;18.75;18.8;18.75;18.8;6;0
МРСК СК;60;20170904;120000;18.75;18.75;18.75;18.75;1;0
МРСК СК;60;20170904;130000;18.7;19;18.6;18.85;66;0
МРСК СК;60;20170904;140000;18.7;18.7;18.55;18.55;206;0
МРСК СК;60;20170904;150000;18.65;18.65;18.65;18.65;2;0
МРСК СК;60;20170904;160000;18.6;18.65;18.6;18.65;2;0
МРСК СК;60;20170904;170000;18.6;18.6;18.55;18.55;151;0
МРСК СК;60;20170904;180000;18.55;18.65;18.55;18.65;11;0
МРСК СК;60;20170905;100000;18.8;18.9;18.8;18.9;38;0
МРСК СК;60;20170905;110000;18.65;18.65;18.5;18.5;887;0
МРСК СК;60;20170905;120000;18.8;18.8;18.65;18.65;3;0
МРСК СК;60;20170905;130000;18.6;18.6;18.4;18.4;5042;0
МРСК СК;60;20170905;140000;18.35;18.5;18.35;18.5;15;0
МРСК СК;60;20170905;150000;18.35;18.35;18;18;584;0
МРСК СК;60;20170905;160000;18;18.2;17.3;18.1;1291;0
МРСК СК;60;20170905;170000;18.1;18.15;18.1;18.15;1318;0
МРСК СК;60;20170905;180000;18.15;18.4;18.05;18.35;2056;0
МРСК СК;60;20170906;100000;18.25;18.35;18.05;18.35;90;0
МРСК СК;60;20170906;110000;18.25;18.25;18.25;18.25;1;0
МРСК СК;60;20170906;120000;18.3;18.35;18.3;18.35;232;0
МРСК СК;60;20170906;130000;18.4;18.6;18.4;18.6;9;0
МРСК СК;60;20170906;140000;18.55;18.55;18.55;18.55;1;0
МРСК СК;60;20170906;150000;18.55;18.55;18.55;18.55;1;0
МРСК СК;60;20170906;160000;18.45;18.85;18.35;18.65;901;0
МРСК СК;60;20170906;170000;18.65;18.75;18.65;18.75;45;0
МРСК СК;60;20170906;180000;18.6;18.7;18.6;18.7;5004;0
МРСК СК;60;20170907;100000;18.1;18.85;18.1;18.7;231;0
МРСК СК;60;20170907;110000;18.75;18.75;18.5;18.5;18;0
МРСК СК;60;20170907;120000;18.5;18.5;18.5;18.5;5007;0
МРСК СК;60;20170907;130000;18.65;18.8;18.65;18.8;2152;0
МРСК СК;60;20170907;140000;18.8;18.9;18.8;18.9;55;0
МРСК СК;60;20170907;160000;18.75;18.85;18.7;18.85;1817;0
МРСК СК;60;20170907;170000;18.8;18.85;18.45;18.45;2672;0
МРСК СК;60;20170907;180000;18.5;18.55;18.5;18.55;21;0
МРСК СК;60;20170908;100000;18.9;19.15;18.5;18.65;10194;0
МРСК СК;60;20170908;120000;18.7;18.75;18.7;18.75;7;0
МРСК СК;60;20170908;130000;18.75;18.8;18.75;18.8;146;0
МРСК СК;60;20170908;170000;18.8;18.85;18.8;18.85;162;0
МРСК СК;60;20170908;180000;18.7;18.7;18.5;18.6;202;0
МРСК СК;60;20170911;100000;19.2;19.2;18.75;18.75;5051;0
МРСК СК;60;20170911;110000;19.15;19.15;19.1;19.1;6;0
МРСК СК;60;20170911;120000;19.1;19.15;18.45;18.55;68;0
МРСК СК;60;20170911;130000;18.95;19.15;18.75;18.75;54;0
МРСК СК;60;20170911;140000;18.7;18.7;18.4;18.65;429;0
МРСК СК;60;20170911;150000;18.6;18.7;18.6;18.7;17;0
МРСК СК;60;20170911;160000;18.65;18.7;18.5;18.65;14;0
МРСК СК;60;20170911;170000;18.5;18.5;18.5;18.5;24;0
МРСК СК;60;20170911;180000;18.65;18.65;18.5;18.5;55;0
МРСК СК;60;20170912;100000;18.85;18.85;18.1;18.5;18;0
МРСК СК;60;20170912;110000;18.75;18.8;18.55;18.8;4;0
МРСК СК;60;20170912;120000;18.55;18.55;18.5;18.5;200;0
МРСК СК;60;20170912;130000;18.65;18.7;18.65;18.7;2098;0
МРСК СК;60;20170912;140000;18.8;19.1;18.75;19.05;631;0
МРСК СК;60;20170912;160000;18.9;19.25;18.9;19.25;184;0
МРСК СК;60;20170912;170000;19.3;19.3;19.3;19.3;1;0
МРСК СК;60;20170912;180000;19.1;19.1;19.05;19.05;120;0
МРСК СК;60;20170913;100000;19.25;19.25;19;19.1;12;0
МРСК СК;60;20170913;110000;19.1;20.25;19.1;20;1042;0
МРСК СК;60;20170913;120000;19.65;19.9;19.6;19.6;147;0
МРСК СК;60;20170913;130000;19.75;19.75;19.55;19.75;192;0
МРСК СК;60;20170913;140000;19.55;19.65;19.5;19.6;195;0
МРСК СК;60;20170913;150000;19.6;19.7;19.6;19.65;131;0
МРСК СК;60;20170913;160000;19.6;19.6;19.6;19.6;46;0
МРСК СК;60;20170913;170000;19.6;19.6;19.35;19.55;5819;0
МРСК СК;60;20170913;180000;19.35;19.4;19.35;19.4;6;0
МРСК СК;60;20170914;100000;19.8;19.9;19.55;19.7;1189;0
МРСК СК;60;20170914;110000;19.75;19.75;19.65;19.65;769;0
МРСК СК;60;20170914;120000;19.6;19.6;19.6;19.6;1;0
МРСК СК;60;20170914;130000;19.45;19.45;18.9;19.15;100;0
МРСК СК;60;20170914;140000;18.85;19.4;18.55;19.25;401;0
МРСК СК;60;20170914;150000;19.2;19.3;19.15;19.3;137;0
МРСК СК;60;20170914;160000;19.3;19.5;19.3;19.5;23;0
МРСК СК;60;20170914;170000;19.45;19.65;19.15;19.15;235;0
МРСК СК;60;20170914;180000;19.2;19.5;19.15;19.35;20;0
МРСК СК;60;20170915;110000;19.4;19.45;19.3;19.3;3;0
МРСК СК;60;20170915;130000;19.25;19.5;19.25;19.35;12;0
МРСК СК;60;20170915;140000;19.45;19.55;19.3;19.45;74;0
МРСК СК;60;20170915;160000;19.4;19.45;19.4;19.45;5;0
МРСК СК;60;20170915;170000;19.45;19.5;19.45;19.5;29;0
МРСК СК;60;20170915;180000;19.35;19.5;19.3;19.5;5;0
МРСК СК;60;20170918;100000;19.6;19.6;18.85;19.6;12;0
МРСК СК;60;20170918;110000;19.5;19.5;19.5;19.5;11;0
МРСК СК;60;20170918;120000;19.45;19.5;19.45;19.5;99;0
МРСК СК;60;20170918;150000;19.3;19.4;18.55;19.4;71;0
МРСК СК;60;20170918;160000;19.3;19.3;19.3;19.3;1;0
МРСК СК;60;20170918;170000;19.05;19.05;19;19;10;0
МРСК СК;60;20170918;180000;19;19.3;19;19;171;0
МРСК СК;60;20170919;090000;19.3;19.3;19.3;19.3;5;0
МРСК СК;60;20170919;100000;19.65;19.7;19.65;19.7;3;0
МРСК СК;60;20170919;110000;19.35;19.35;19.15;19.35;81;0
МРСК СК;60;20170919;130000;19.35;19.45;19.2;19.4;109;0
МРСК СК;60;20170919;140000;19.4;20.1;19.4;19.75;992;0
МРСК СК;60;20170919;150000;20.05;20.1;19.7;19.95;10;0
МРСК СК;60;20170919;160000;19.7;19.9;19.5;19.75;22;0
МРСК СК;60;20170919;170000;19.6;19.85;19.35;19.5;190;0
МРСК СК;60;20170919;180000;19.3;19.35;19.05;19.3;228;0
МРСК СК;60;20170920;100000;19.15;19.4;19.05;19.4;17;0
МРСК СК;60;20170920;110000;19.35;19.35;19.1;19.1;2;0
МРСК СК;60;20170920;120000;19.35;19.35;19;19.3;53;0
МРСК СК;60;20170920;130000;19.4;19.4;19.4;19.4;10;0
МРСК СК;60;20170920;140000;19.4;19.6;19.25;19.6;1003;0
МРСК СК;60;20170920;150000;19.35;19.45;19.3;19.45;4;0
МРСК СК;60;20170920;160000;19.5;20.05;19.5;20;676;0
МРСК СК;60;20170920;170000;19.8;19.8;19.3;19.5;835;0
МРСК СК;60;20170920;180000;19.5;19.8;19.5;19.8;117;0
МРСК СК;60;20170921;100000;19.85;20.05;19.6;20;1499;0
МРСК СК;60;20170921;110000;20;20.15;19.7;19.7;237;0
МРСК СК;60;20170921;120000;20;20.2;20;20.2;94;0
МРСК СК;60;20170921;130000;20.1;20.1;20.1;20.1;87;0
МРСК СК;60;20170921;140000;20.1;20.25;20.1;20.15;47;0
МРСК СК;60;20170921;150000;20.15;20.15;20.15;20.15;82;0
МРСК СК;60;20170921;160000;20.15;20.25;20.15;20.25;13;0
МРСК СК;60;20170921;170000;20.2;20.2;20.1;20.2;6;0
МРСК СК;60;20170921;180000;20.2;20.75;20.15;20.7;763;0
МРСК СК;60;20170922;100000;19.7;20.5;17.4;19.85;498;0
МРСК СК;60;20170922;110000;20;20.2;20;20.2;10;0
МРСК СК;60;20170922;120000;20.15;20.2;20.15;20.15;3;0
МРСК СК;60;20170922;130000;20.15;20.3;20.15;20.3;3;0
МРСК СК;60;20170922;140000;20.2;20.2;20.2;20.2;71;0
МРСК СК;60;20170922;150000;20.2;20.4;20.2;20.4;44;0
МРСК СК;60;20170922;160000;20.4;20.55;20.4;20.55;194;0
МРСК СК;60;20170922;170000;20.5;21;20.4;20.95;2876;0
МРСК СК;60;20170922;180000;20.9;20.95;20.5;20.95;327;0
МРСК СК;60;20170925;090000;20.2;20.2;20.2;20.2;1;0
МРСК СК;60;20170925;100000;20.95;21;20.55;20.9;5;0
МРСК СК;60;20170925;110000;20.55;20.95;20.55;20.95;80;0
МРСК СК;60;20170925;120000;20.95;21.15;20.95;21.15;818;0
МРСК СК;60;20170925;130000;21.15;21.2;21.15;21.15;986;0
МРСК СК;60;20170925;140000;21.2;22.2;21.15;22.1;4048;0
МРСК СК;60;20170925;150000;22.05;22.1;21.85;21.85;106;0
МРСК СК;60;20170925;160000;21.9;21.9;21.85;21.85;100;0
МРСК СК;60;20170925;170000;21.85;22.4;21.85;22.35;740;0
МРСК СК;60;20170925;180000;22.35;22.45;22.3;22.45;665;0
МРСК СК;60;20170926;100000;22.45;22.75;21;22.7;1470;0
МРСК СК;60;20170926;110000;22.7;22.75;21.7;22.65;1654;0
МРСК СК;60;20170926;120000;22.65;22.75;22.65;22.75;41;0
МРСК СК;60;20170926;130000;22.75;22.85;22.75;22.85;80;0
МРСК СК;60;20170926;140000;22.8;22.9;22.65;22.65;176;0
МРСК СК;60;20170926;150000;22.85;22.85;22.85;22.85;1;0
МРСК СК;60;20170926;160000;22.65;22.7;22.65;22.65;101;0
МРСК СК;60;20170926;170000;22.8;22.8;22.65;22.65;551;0
МРСК СК;60;20170926;180000;22.65;22.65;21.1;22.55;546;0
МРСК СК;60;20170927;100000;21.8;22.3;21.35;22;185;0
МРСК СК;60;20170927;110000;22.2;22.25;22.2;22.25;8;0
МРСК СК;60;20170927;120000;21.95;21.95;21.9;21.9;2;0
МРСК СК;60;20170927;130000;21.85;21.85;21.85;21.85;1;0
МРСК СК;60;20170927;140000;21.8;21.85;21.8;21.8;461;0
МРСК СК;60;20170927;150000;22;23.2;21.95;22.65;2338;0
МРСК СК;60;20170927;160000;22.9;22.9;22.9;22.9;1;0
МРСК СК;60;20170927;170000;22.65;22.9;22.25;22.9;580;0
МРСК СК;60;20170927;180000;22.6;22.65;22.15;22.15;269;0
МРСК СК;60;20170928;100000;22.7;22.7;22.15;22.15;8;0
МРСК СК;60;20170928;110000;22.1;22.1;22.1;22.1;389;0
МРСК СК;60;20170928;120000;22.25;23.15;22.25;22.8;705;0
МРСК СК;60;20170928;130000;22.45;22.6;22.45;22.6;2;0
МРСК СК;60;20170928;150000;22.4;22.5;22.2;22.5;94;0
МРСК СК;60;20170928;160000;22.35;22.35;22.3;22.3;4;0
МРСК СК;60;20170928;170000;22.2;22.3;22.2;22.2;36;0
МРСК СК;60;20170928;180000;22.2;22.6;22.1;22.35;1239;0
МРСК СК;60;20170929;100000;22.3;22.3;22.3;22.3;5;0
МРСК СК;60;20170929;110000;21.8;22.05;21;21.65;611;0
МРСК СК;60;20170929;120000;21.45;21.7;21.45;21.7;9;0
МРСК СК;60;20170929;130000;21.4;21.75;21.4;21.75;118;0
МРСК СК;60;20170929;140000;21.75;21.85;21.45;21.45;118;0
МРСК СК;60;20170929;150000;21.5;21.75;21;21.7;153;0
МРСК СК;60;20170929;160000;21.3;21.35;20.95;21.25;198;0
МРСК СК;60;20170929;170000;21;21.25;20.75;21.25;113;0
МРСК СК;60;20170929;180000;21.25;21.35;21.25;21.35;222;0
МРСК СК;60;20171002;100000;22.95;22.95;20.65;21.35;18;0
МРСК СК;60;20171002;110000;21.15;21.3;20.65;20.65;38;0
МРСК СК;60;20171002;120000;20.95;21.05;20.95;21.05;16;0
МРСК СК;60;20171002;130000;20.8;21;20.75;21;19;0
МРСК СК;60;20171002;140000;21;21.05;21;21.05;13;0
МРСК СК;60;20171002;150000;21;21;21;21;34;0
МРСК СК;60;20171002;160000;21;21.35;21;21.35;130;0
МРСК СК;60;20171002;180000;21.35;21.35;21.15;21.35;5;0
МРСК СК;60;20171003;100000;21;21;21;21;134;0
МРСК СК;60;20171003;110000;21;21;21;21;287;0
МРСК СК;60;20171003;120000;21;21;21;21;27;0
МРСК СК;60;20171003;130000;21.2;21.2;21.2;21.2;2;0
МРСК СК;60;20171003;140000;21.2;21.2;20.55;20.65;502;0
МРСК СК;60;20171003;150000;20.65;20.65;20.5;20.6;37;0
МРСК СК;60;20171003;160000;20.65;20.65;20.1;20.45;102;0
МРСК СК;60;20171003;170000;20.4;20.8;20.4;20.8;20;0
МРСК СК;60;20171003;180000;20.8;21;20.7;21;102;0
МРСК СК;60;20171004;100000;21;21.2;21;21.2;39;0
МРСК СК;60;20171004;130000;20.95;20.95;20.95;20.95;6;0
МРСК СК;60;20171004;140000;21.05;21.05;20.65;21;36;0
МРСК СК;60;20171004;150000;20.9;21;20.9;21;8;0
МРСК СК;60;20171004;160000;21;21;21;21;10;0
МРСК СК;60;20171004;170000;21;21;20.8;21;16;0
МРСК СК;60;20171004;180000;21;21;21;21;115;0
МРСК СК;60;20171005;110000;21;21.15;21;21.15;2;0
МРСК СК;60;20171005;120000;21.15;21.15;21.15;21.15;2;0
МРСК СК;60;20171005;150000;21.15;21.15;21.15;21.15;2;0
МРСК СК;60;20171005;160000;21.15;21.15;21.15;21.15;10;0
МРСК СК;60;20171005;170000;20.95;20.95;20.95;20.95;10;0
МРСК СК;60;20171005;180000;20.8;21.15;20.8;21.15;153;0
МРСК СК;60;20171006;110000;21.15;21.15;20.5;20.5;6;0
МРСК СК;60;20171006;120000;21.15;21.55;21.15;21.5;63;0
МРСК СК;60;20171006;130000;21.65;22;21.5;21.9;1549;0
МРСК СК;60;20171006;140000;21.9;21.9;20.7;21.6;120;0
МРСК СК;60;20171006;150000;21.4;21.45;21.05;21.4;11;0
МРСК СК;60;20171006;160000;21.4;21.4;21.3;21.3;4;0
МРСК СК;60;20171006;180000;21.3;21.45;21.2;21.45;3;0
МРСК СК;60;20171009;100000;21.4;21.75;21.05;21.75;41;0
МРСК СК;60;20171009;110000;21.75;22;21.75;22;5;0
МРСК СК;60;20171009;120000;22;22;22;22;2;0
МРСК СК;60;20171009;130000;21.35;21.65;21.35;21.65;8;0
МРСК СК;60;20171009;140000;21.7;21.75;21.7;21.75;5;0
МРСК СК;60;20171009;150000;21.8;21.9;21.6;21.6;404;0
МРСК СК;60;20171009;160000;21.75;21.75;21.75;21.75;1;0
МРСК СК;60;20171009;170000;21.6;21.6;21.6;21.6;1;0
МРСК СК;60;20171009;180000;21.55;21.55;21.25;21.3;54;0
МРСК СК;60;20171010;100000;21.6;21.65;21.6;21.65;2;0
МРСК СК;60;20171010;110000;21.6;21.85;21.6;21.85;50;0
МРСК СК;60;20171010;120000;21.6;21.6;21.55;21.55;3;0
МРСК СК;60;20171010;130000;21.7;21.8;21.55;21.55;7;0
МРСК СК;60;20171010;140000;21.6;21.75;21.6;21.75;2;0
МРСК СК;60;20171010;160000;21.7;21.7;21.55;21.55;10;0
МРСК СК;60;20171010;170000;21.55;21.55;21.55;21.55;43;0
МРСК СК;60;20171010;180000;21.7;21.7;21.5;21.5;4;0
МРСК СК;60;20171011;100000;21.8;21.8;21.8;21.8;1;0
МРСК СК;60;20171011;120000;21.75;21.8;21.75;21.8;8;0
МРСК СК;60;20171011;150000;21.75;21.75;21.75;21.75;1;0
МРСК СК;60;20171011;160000;21.7;21.7;21.7;21.7;24;0
МРСК СК;60;20171011;180000;21.7;21.8;21.05;21.8;166;0
МРСК СК;60;20171012;110000;21.7;21.7;21.7;21.7;1;0
МРСК СК;60;20171012;130000;21.35;21.6;21.35;21.6;7;0
МРСК СК;60;20171012;150000;21.6;21.75;21.6;21.75;100;0
МРСК СК;60;20171012;170000;21.45;21.45;21.45;21.45;9;0
МРСК СК;60;20171012;180000;21.35;21.7;21.25;21.7;72;0
МРСК СК;60;20171013;110000;21.45;21.75;21.45;21.75;21;0
МРСК СК;60;20171013;140000;21.15;21.75;21.15;21.75;2;0
МРСК СК;60;20171013;170000;21.4;21.4;21.4;21.4;1;0
МРСК СК;60;20171013;180000;21.35;21.35;21.2;21.2;46;0
МРСК СК;60;20171016;100000;21.75;21.75;21.75;21.75;18;0
МРСК СК;60;20171016;110000;21.05;21.75;21.05;21.75;6;0
МРСК СК;60;20171016;120000;21.75;21.75;20.85;21.65;91;0
МРСК СК;60;20171016;130000;21.05;21.05;21.05;21.05;16;0
МРСК СК;60;20171016;140000;21.6;21.6;21.6;21.6;1;0
МРСК СК;60;20171016;150000;21.55;21.55;21.55;21.55;2;0
МРСК СК;60;20171016;160000;21.5;21.5;21.5;21.5;2;0
МРСК СК;60;20171016;180000;21;21.35;21;21.35;4;0
МРСК СК;60;20171017;110000;21.35;21.35;20.65;21.35;4;0
МРСК СК;60;20171017;120000;21.05;21.1;21.05;21.1;11;0
МРСК СК;60;20171017;140000;21;21;20.7;20.7;10;0
МРСК СК;60;20171017;150000;20.7;20.7;20.7;20.7;30;0
МРСК СК;60;20171017;160000;20.7;20.7;20.55;20.55;19;0
МРСК СК;60;20171017;170000;20.65;20.65;20.05;20.5;514;0
МРСК СК;60;20171017;180000;20.45;20.45;20.25;20.25;56;0
МРСК СК;60;20171018;100000;20.05;20.05;19.8;19.8;202;0
МРСК СК;60;20171018;110000;19.95;20;19.8;20;138;0
МРСК СК;60;20171018;120000;19.85;20;19.7;20;41;0
МРСК СК;60;20171018;130000;20;20;19.65;19.7;97;0
МРСК СК;60;20171018;140000;19.65;19.7;19.6;19.7;29;0
МРСК СК;60;20171018;150000;19.7;19.7;19.7;19.7;545;0
МРСК СК;60;20171018;160000;19.75;19.95;19.75;19.95;181;0
МРСК СК;60;20171018;170000;19.95;20;19.3;19.7;370;0
МРСК СК;60;20171018;180000;19.65;19.65;19.6;19.6;152;0
МРСК СК;60;20171019;100000;19.6;19.6;19.4;19.45;74;0
МРСК СК;60;20171019;110000;19.45;19.45;19;19;131;0
МРСК СК;60;20171019;120000;19.2;19.4;19.2;19.4;149;0
МРСК СК;60;20171019;130000;19.1;19.35;19.1;19.35;56;0
МРСК СК;60;20171019;140000;19.4;19.4;19.4;19.4;8;0
МРСК СК;60;20171019;150000;19.2;19.2;18.9;18.9;200;0
МРСК СК;60;20171019;160000;18.95;19.25;18.9;19;833;0
МРСК СК;60;20171019;170000;19.15;19.15;18.95;18.95;57;0
МРСК СК;60;20171019;180000;18.95;18.95;18.9;18.9;188;0
МРСК СК;60;20171020;100000;18.9;19.15;18.9;19.15;183;0
МРСК СК;60;20171020;110000;19.15;19.15;18.9;18.9;22;0
МРСК СК;60;20171020;120000;19;19;19;19;2;0
МРСК СК;60;20171020;130000;19.15;19.15;19;19.15;58;0
МРСК СК;60;20171020;140000;19.25;19.25;19.1;19.1;7;0
МРСК СК;60;20171020;150000;19.25;19.25;19.25;19.25;1;0
МРСК СК;60;20171020;160000;19.25;19.25;19.25;19.25;5;0
МРСК СК;60;20171020;170000;19.35;19.35;18.8;19.3;370;0
МРСК СК;60;20171020;180000;18.85;19.1;18.8;19.1;133;0
МРСК СК;60;20171023;110000;19.1;19.15;19.1;19.15;3;0
МРСК СК;60;20171023;130000;18.9;18.9;18.45;18.7;417;0
МРСК СК;60;20171023;140000;18.65;18.75;18.65;18.75;49;0
МРСК СК;60;20171023;150000;18.55;18.7;18.5;18.7;117;0
МРСК СК;60;20171023;170000;18.5;18.5;18.45;18.45;95;0
МРСК СК;60;20171023;180000;18.45;18.7;18.45;18.7;358;0
МРСК СК;60;20171024;100000;18.7;18.9;18.7;18.9;15;0
МРСК СК;60;20171024;110000;18.7;18.95;18.3;18.95;119;0
МРСК СК;60;20171024;120000;18.9;18.9;18.9;18.9;30;0
МРСК СК;60;20171024;130000;18.95;19.1;18.6;18.75;63;0
МРСК СК;60;20171024;140000;18.4;18.7;18.05;18.7;501;0
МРСК СК;60;20171024;160000;18.45;18.45;18.3;18.45;19;0
МРСК СК;60;20171024;180000;18.35;18.6;18.35;18.6;4;0
МРСК СК;60;20171025;100000;18.55;18.75;18.55;18.7;58;0
МРСК СК;60;20171025;120000;18.65;18.7;18.65;18.7;209;0
МРСК СК;60;20171025;140000;18.7;18.7;18.7;18.7;33;0
МРСК СК;60;20171025;150000;18.7;18.7;18.7;18.7;1;0
МРСК СК;60;20171025;160000;18.7;18.75;18.7;18.75;92;0
МРСК СК;60;20171025;170000;18.65;18.75;18.4;18.7;23;0
МРСК СК;60;20171025;180000;18.75;18.75;18.7;18.7;11;0
МРСК СК;60;20171026;100000;18.9;18.9;18.3;18.75;23;0
МРСК СК;60;20171026;110000;18.75;18.75;18.7;18.7;5;0
МРСК СК;60;20171026;120000;18.7;18.7;18.4;18.65;4;0
МРСК СК;60;20171026;130000;18.7;18.8;18.7;18.8;6;0
МРСК СК;60;20171026;150000;18.4;18.65;18.4;18.65;3;0
МРСК СК;60;20171026;160000;18.6;18.8;18.6;18.8;1019;0
МРСК СК;60;20171026;170000;18.8;19.15;18.8;19.15;142;0
МРСК СК;60;20171026;180000;19.1;19.25;18.8;19.2;179;0
МРСК СК;60;20171027;090000;19.35;19.35;19.35;19.35;10;0
МРСК СК;60;20171027;100000;19.05;19.35;18.3;19.15;219;0
МРСК СК;60;20171027;120000;19.1;19.1;18.85;18.95;44;0
МРСК СК;60;20171027;130000;18.85;19.1;18.85;19.05;66;0
МРСК СК;60;20171027;140000;19.1;19.1;19.1;19.1;1;0
МРСК СК;60;20171027;170000;19;19.15;19;19.15;18;0
МРСК СК;60;20171027;180000;19.1;19.1;18.95;18.95;402;0
МРСК СК;60;20171030;100000;19.5;19.5;19.5;19.5;1;0
МРСК СК;60;20171030;110000;18.8;19.25;18.3;18.85;368;0
МРСК СК;60;20171030;120000;18.85;18.85;18.85;18.85;1;0
МРСК СК;60;20171030;130000;18.5;18.95;18.35;18.95;81;0
МРСК СК;60;20171030;150000;18.75;18.85;18.75;18.85;21;0
МРСК СК;60;20171030;160000;18.75;18.9;18.75;18.9;150;0
МРСК СК;60;20171030;170000;18.85;18.85;18.85;18.85;7;0
МРСК СК;60;20171030;180000;18.85;19.1;18.85;19.1;56;0
МРСК СК;60;20171031;100000;19.15;19.2;19;19.15;11;0
МРСК СК;60;20171031;110000;19.15;19.15;19.15;19.15;1;0
МРСК СК;60;20171031;120000;19.15;19.15;19.15;19.15;1;0
МРСК СК;60;20171031;130000;18.9;18.95;18.9;18.95;53;0
МРСК СК;60;20171031;140000;18.9;18.9;18.9;18.9;27;0
МРСК СК;60;20171031;150000;18.9;18.9;18.6;18.6;19;0
МРСК СК;60;20171031;160000;18.8;18.8;18.55;18.8;8;0
МРСК СК;60;20171031;170000;18.65;18.8;18.4;18.8;150;0
МРСК СК;60;20171031;180000;18.75;18.8;18.75;18.8;4;0
МРСК СК;60;20171101;100000;18.55;18.55;18.5;18.5;83;0
МРСК СК;60;20171101;110000;18.55;18.55;18.45;18.45;14;0
МРСК СК;60;20171101;120000;18.5;18.5;18.25;18.25;67;0
МРСК СК;60;20171101;130000;18.45;18.6;18;18.55;320;0
МРСК СК;60;20171101;140000;18.45;18.45;18.45;18.45;1;0
МРСК СК;60;20171101;150000;18.45;18.45;18.2;18.4;166;0
МРСК СК;60;20171101;160000;18.25;18.35;18.2;18.35;39;0
МРСК СК;60;20171101;170000;18.2;18.4;18.2;18.4;7;0
МРСК СК;60;20171101;180000;18.4;18.4;18.4;18.4;1;0
МРСК СК;60;20171102;100000;18.95;18.95;17.8;18.15;207;0
МРСК СК;60;20171102;120000;18;18.15;18;18.15;10;0
МРСК СК;60;20171102;130000;18.15;18.2;18;18.2;126;0
МРСК СК;60;20171102;140000;18;18.05;18;18;9;0
МРСК СК;60;20171102;150000;18;18;17.8;18;129;0
МРСК СК;60;20171102;160000;17.85;17.95;17.65;17.95;779;0
МРСК СК;60;20171102;170000;17.7;17.95;17.7;17.95;9;0
МРСК СК;60;20171102;180000;17.7;17.95;17.7;17.95;49;0
МРСК СК;60;20171103;110000;18;18;18;18;22;0
МРСК СК;60;20171103;120000;18;18.4;18;18.4;127;0
МРСК СК;60;20171103;130000;18.4;18.45;18.4;18.45;100;0
МРСК СК;60;20171103;140000;18.45;18.85;18.45;18.85;646;0
МРСК СК;60;20171103;150000;18.4;19;18.4;18.9;114;0
МРСК СК;60;20171103;160000;18.9;18.9;18.9;18.9;2;0
МРСК СК;60;20171103;170000;18.85;18.85;18.5;18.7;223;0
МРСК СК;60;20171103;180000;18.85;18.85;18.5;18.75;10;0
МРСК СК;60;20171107;090000;18.2;18.2;18.2;18.2;15;0
МРСК СК;60;20171107;100000;18.9;18.9;18;18.7;1214;0
МРСК СК;60;20171107;110000;18.35;18.35;18.05;18.35;60;0
МРСК СК;60;20171107;120000;18.35;18.5;18.35;18.5;51;0
МРСК СК;60;20171107;130000;18.5;18.5;18.5;18.5;1;0
МРСК СК;60;20171107;140000;18.5;18.5;18.5;18.5;5;0
МРСК СК;60;20171107;150000;18.5;18.6;18.3;18.5;1017;0
МРСК СК;60;20171107;160000;18.2;18.5;18.2;18.5;22;0
МРСК СК;60;20171107;170000;18.2;18.45;18.2;18.45;51;0
МРСК СК;60;20171107;180000;18.2;18.6;18.2;18.6;946;0
МРСК СК;60;20171108;100000;18.85;18.85;18.15;18.25;7;0
МРСК СК;60;20171108;110000;18.4;18.6;18.4;18.4;22;0
МРСК СК;60;20171108;130000;18.3;18.45;18.3;18.45;6;0
МРСК СК;60;20171108;150000;18.4;18.5;18.25;18.5;534;0
МРСК СК;60;20171108;160000;18.6;18.6;18.35;18.45;11;0
МРСК СК;60;20171108;170000;18.45;18.5;18.3;18.5;7;0
МРСК СК;60;20171108;180000;18.45;18.5;18.45;18.5;74;0
МРСК СК;60;20171109;100000;18.75;18.75;18.45;18.45;117;0
МРСК СК;60;20171109;110000;18.45;18.6;18.45;18.6;6;0
МРСК СК;60;20171109;120000;18.6;18.6;18.6;18.6;1;0
МРСК СК;60;20171109;130000;18.55;18.65;18.55;18.65;31;0
МРСК СК;60;20171109;150000;18.65;18.7;18.65;18.7;10;0
МРСК СК;60;20171110;100000;18.35;18.45;18;18.45;662;0
МРСК СК;60;20171110;110000;18.15;18.35;18.1;18.35;77;0
МРСК СК;60;20171110;120000;18.4;18.4;18.4;18.4;13;0
МРСК СК;60;20171110;130000;18.4;18.45;18.25;18.45;63;0
МРСК СК;60;20171110;140000;18.25;18.25;18;18.15;1101;0
МРСК СК;60;20171110;150000;18.2;18.4;18.2;18.35;116;0
МРСК СК;60;20171110;160000;18.35;18.35;18.15;18.25;33;0
МРСК СК;60;20171110;170000;18.25;18.4;18.15;18.4;83;0
МРСК СК;60;20171110;180000;18.35;18.6;18.3;18.6;1082;0
МРСК СК;60;20171113;100000;18.35;18.6;18.35;18.6;31;0
МРСК СК;60;20171113;110000;18.25;18.25;18;18;199;0
МРСК СК;60;20171113;120000;18.1;18.3;18;18.3;101;0
МРСК СК;60;20171113;130000;18.25;18.4;18.1;18.4;92;0
МРСК СК;60;20171113;140000;18.2;18.2;18.2;18.2;30;0
МРСК СК;60;20171113;150000;18.3;18.4;18.2;18.2;107;0
МРСК СК;60;20171113;160000;18.35;18.4;18.15;18.15;349;0
МРСК СК;60;20171113;170000;18.25;18.3;18.15;18.3;15;0
МРСК СК;60;20171113;180000;18.3;18.4;18.3;18.4;135;0
МРСК СК;60;20171114;110000;18.5;18.5;18.2;18.2;54;0
МРСК СК;60;20171114;120000;18.2;18.45;18.2;18.45;181;0
МРСК СК;60;20171114;150000;18.3;18.4;18.3;18.4;2;0
МРСК СК;60;20171114;170000;18.35;18.35;18.35;18.35;37;0
МРСК СК;60;20171115;100000;18.2;18.2;18;18;246;0
МРСК СК;60;20171115;120000;18.25;18.25;18.25;18.25;75;0
МРСК СК;60;20171115;140000;18.3;18.3;18.05;18.05;2;0
МРСК СК;60;20171115;150000;18.25;18.5;18.25;18.45;270;0
МРСК СК;60;20171115;160000;18.3;18.4;18.3;18.3;283;0
МРСК СК;60;20171115;170000;18.3;18.45;18.3;18.45;873;0
МРСК СК;60;20171115;180000;18.3;18.4;18.3;18.35;2109;0
МРСК СК;60;20171116;100000;18.65;19;18.25;18.25;154;0
МРСК СК;60;20171116;110000;18.75;18.85;18.75;18.85;50;0
МРСК СК;60;20171116;120000;18.5;18.7;18.35;18.35;348;0
МРСК СК;60;20171116;130000;18.45;18.65;18.3;18.6;110;0
МРСК СК;60;20171116;150000;18.35;18.35;18.35;18.35;18;0
МРСК СК;60;20171116;160000;18.6;18.6;18.6;18.6;1;0
МРСК СК;60;20171116;180000;18.35;18.5;18.35;18.5;4;0
МРСК СК;60;20171117;130000;18.6;18.6;18.6;18.6;3;0
МРСК СК;60;20171117;170000;18.45;18.55;18.4;18.4;116;0
МРСК СК;60;20171117;180000;18.4;18.4;18.4;18.4;3;0
МРСК СК;60;20171120;110000;18.3;18.3;18.3;18.3;4;0
МРСК СК;60;20171120;140000;18.3;18.3;18.3;18.3;1;0
МРСК СК;60;20171120;160000;18.25;18.3;18.25;18.3;3;0
МРСК СК;60;20171120;170000;18.3;18.3;18.3;18.3;1;0
МРСК СК;60;20171120;180000;18.25;18.3;18.25;18.3;31;0
МРСК СК;60;20171121;100000;18.3;18.3;18;18;313;0
МРСК СК;60;20171121;110000;18;18;17.95;18;54;0
МРСК СК;60;20171121;140000;17.95;18;17.7;18;201;0
МРСК СК;60;20171121;170000;17.8;18;17.75;17.75;8;0
МРСК СК;60;20171121;180000;17.9;17.95;17.9;17.95;10;0
МРСК СК;60;20171122;120000;17.85;17.85;17.85;17.85;55;0
МРСК СК;60;20171122;130000;17.85;17.9;17.85;17.9;2;0
МРСК СК;60;20171122;140000;17.85;17.85;17.85;17.85;17;0
МРСК СК;60;20171122;150000;17.9;17.9;17.9;17.9;1;0
МРСК СК;60;20171122;160000;17.9;17.9;17.9;17.9;134;0
МРСК СК;60;20171123;110000;17.85;17.85;17.6;17.7;353;0
МРСК СК;60;20171123;120000;17.6;17.7;17.6;17.7;32;0
МРСК СК;60;20171123;140000;17.7;17.7;17.65;17.65;154;0
МРСК СК;60;20171123;150000;17.7;17.7;17.7;17.7;55;0
МРСК СК;60;20171123;160000;17.7;17.7;17.7;17.7;4;0
МРСК СК;60;20171123;170000;17.7;17.7;17.7;17.7;56;0
МРСК СК;60;20171123;180000;17.7;17.7;17.35;17.65;971;0
МРСК СК;60;20171124;100000;17.75;17.95;17.55;17.6;361;0
МРСК СК;60;20171124;110000;17.6;17.75;17.55;17.75;50;0
МРСК СК;60;20171124;150000;17.6;17.65;17.5;17.65;58;0
МРСК СК;60;20171124;160000;17.65;17.65;17.65;17.65;21;0
МРСК СК;60;20171124;170000;17.7;17.7;17.7;17.7;1;0
МРСК СК;60;20171124;180000;17.65;17.7;17.6;17.7;49;0
МРСК СК;60;20171127;100000;17.95;17.95;17.75;17.75;7;0
МРСК СК;60;20171127;110000;17.7;17.7;17.2;17.35;324;0
МРСК СК;60;20171127;120000;17.35;17.35;17.05;17.3;252;0
МРСК СК;60;20171127;130000;17.3;17.35;17.3;17.35;89;0
МРСК СК;60;20171127;140000;17.3;17.3;17.1;17.1;50;0
МРСК СК;60;20171127;150000;17.3;17.35;17.05;17.3;215;0
МРСК СК;60;20171127;160000;17.25;17.25;16.8;16.9;1098;0
МРСК СК;60;20171127;170000;16.95;17.05;16.95;17;165;0
МРСК СК;60;20171127;180000;17.05;17.05;17.05;17.05;31;0
МРСК СК;60;20171128;100000;17.1;17.1;17;17;13;0
МРСК СК;60;20171128;120000;16.95;16.95;16.2;16.6;825;0
МРСК СК;60;20171128;130000;16.6;16.65;16.5;16.6;226;0
МРСК СК;60;20171128;140000;16.65;16.65;16.65;16.65;1045;0
МРСК СК;60;20171128;150000;16.55;16.65;16.55;16.65;4;0
МРСК СК;60;20171128;160000;16.6;16.65;16.55;16.65;12;0
МРСК СК;60;20171128;170000;16.65;16.65;16.65;16.65;2;0
МРСК СК;60;20171128;180000;16.65;16.65;16.65;16.65;1;0
МРСК СК;60;20171129;090000;16.75;16.75;16.75;16.75;2;0
МРСК СК;60;20171129;100000;16.7;16.7;16.2;16.45;391;0
МРСК СК;60;20171129;110000;16.4;16.6;16.4;16.55;25;0
МРСК СК;60;20171129;130000;16.55;16.55;16.55;16.55;45;0
МРСК СК;60;20171129;140000;16.5;16.5;16.5;16.5;3;0
МРСК СК;60;20171129;150000;16.5;16.5;16.5;16.5;1;0
МРСК СК;60;20171129;160000;16.45;16.8;16.45;16.8;810;0
МРСК СК;60;20171129;170000;16.8;17.05;16.8;17.05;40;0
МРСК СК;60;20171129;180000;17;17.05;16.9;17.05;5;0
МРСК СК;60;20171130;120000;16.9;17.25;16.9;17.25;666;0
МРСК СК;60;20171130;140000;17.25;17.45;17.25;17.45;28;0
МРСК СК;60;20171130;150000;17.2;17.75;17.2;17.55;1012;0
МРСК СК;60;20171130;160000;17.55;17.55;17.5;17.5;2;0
МРСК СК;60;20171130;170000;17.45;17.45;17.25;17.4;33;0
МРСК СК;60;20171130;180000;17.4;17.5;17.3;17.5;27;0
МРСК СК;60;20171201;100000;17.5;17.7;17.5;17.7;6;0
МРСК СК;60;20171201;110000;17.7;17.7;17.7;17.7;3;0
МРСК СК;60;20171201;130000;17.65;17.65;17.65;17.65;13;0
МРСК СК;60;20171201;140000;17.65;17.65;17.65;17.65;1;0
МРСК СК;60;20171204;100000;17.5;17.5;17.25;17.25;21;0
МРСК СК;60;20171204;140000;17.35;17.35;17.35;17.35;1;0
МРСК СК;60;20171204;150000;17.3;17.45;17.25;17.45;127;0
МРСК СК;60;20171204;180000;17.3;17.5;17.25;17.5;53;0
МРСК СК;60;20171205;110000;17.25;17.25;17.1;17.1;70;0
МРСК СК;60;20171205;140000;17.25;17.25;17.25;17.25;23;0
МРСК СК;60;20171205;150000;17.25;17.4;17.25;17.4;34;0
МРСК СК;60;20171205;160000;17.4;17.4;17.4;17.4;7;0
МРСК СК;60;20171205;180000;17.2;17.4;17;17.4;47;0
МРСК СК;60;20171206;120000;17.2;17.25;17.2;17.2;3;0
МРСК СК;60;20171206;130000;17.15;17.3;17.1;17.1;6;0
МРСК СК;60;20171206;140000;17.3;17.3;17.1;17.1;2;0
МРСК СК;60;20171206;150000;17.3;17.3;17.3;17.3;1;0
МРСК СК;60;20171206;160000;17.1;17.25;17.05;17.25;120;0
МРСК СК;60;20171206;170000;17.25;17.3;17.1;17.25;4;0
МРСК СК;60;20171207;110000;17.25;17.25;17.25;17.25;21;0
МРСК СК;60;20171207;140000;17.05;17.05;16.75;16.75;734;0
МРСК СК;60;20171207;150000;16.75;16.75;16.7;16.7;53;0
МРСК СК;60;20171207;160000;16.65;16.75;16.5;16.75;160;0
МРСК СК;60;20171207;180000;16.75;17.2;16.75;17.2;2567;0
МРСК СК;60;20171208;120000;17.25;17.25;17.25;17.25;6;0
МРСК СК;60;20171208;130000;17.15;17.2;17.1;17.2;11;0
МРСК СК;60;20171208;150000;17.1;17.1;16.95;16.95;20;0
МРСК СК;60;20171208;160000;17.15;17.15;17.15;17.15;1;0
МРСК СК;60;20171211;100000;17.2;17.2;17.2;17.2;12;0
МРСК СК;60;20171211;110000;17.2;17.25;17.2;17.25;13;0
МРСК СК;60;20171211;130000;17.25;17.25;17.25;17.25;14;0
МРСК СК;60;20171211;160000;17.15;17.2;17;17.2;52;0
МРСК СК;60;20171211;180000;17.1;17.1;17.1;17.1;1;0
МРСК СК;60;20171212;100000;17.2;17.25;17.2;17.25;5;0
МРСК СК;60;20171212;110000;17.2;17.7;17.1;17.7;327;0
МРСК СК;60;20171212;120000;17.5;17.6;17.5;17.6;7;0
МРСК СК;60;20171212;130000;17.6;17.6;17.3;17.6;202;0
МРСК СК;60;20171212;140000;17.6;18.1;17.6;18.1;1123;0
МРСК СК;60;20171212;150000;18.1;18.15;17.9;17.9;57;0
МРСК СК;60;20171212;160000;17.9;19.5;17.85;19.15;1456;0
МРСК СК;60;20171212;170000;19.15;19.3;18.2;18.8;305;0
МРСК СК;60;20171212;180000;18.8;19.25;18.65;18.95;233;0
МРСК СК;60;20171213;100000;19;19.4;19;19.4;131;0
МРСК СК;60;20171213;110000;19.2;19.2;18.95;18.95;45;0
МРСК СК;60;20171213;120000;18.95;19;18.95;19;4;0
МРСК СК;60;20171213;130000;18.9;18.9;18.85;18.9;9;0
МРСК СК;60;20171213;140000;19;19;19;19;1;0
МРСК СК;60;20171213;150000;19;19;18.9;18.9;91;0
МРСК СК;60;20171213;160000;18.85;18.85;18.8;18.8;13;0
МРСК СК;60;20171213;170000;18.8;18.8;18.7;18.7;10;0
МРСК СК;60;20171213;180000;18.65;18.65;18.25;18.5;106;0
МРСК СК;60;20171214;100000;18.4;18.4;18.4;18.4;5;0
МРСК СК;60;20171214;120000;18.4;18.55;18.4;18.55;32;0
МРСК СК;60;20171214;130000;18.55;19;18.55;18.55;487;0
МРСК СК;60;20171214;140000;18.7;18.85;18.45;18.45;114;0
МРСК СК;60;20171214;150000;18.55;18.65;18.4;18.5;106;0
МРСК СК;60;20171214;170000;18.45;18.45;18.45;18.45;1;0
МРСК СК;60;20171214;180000;18.55;18.65;18.55;18.65;3;0
МРСК СК;60;20171215;100000;18.5;18.5;18.05;18.05;174;0
МРСК СК;60;20171215;110000;18.2;18.25;18.2;18.2;19;0
МРСК СК;60;20171215;130000;18.25;18.3;18.25;18.3;5;0
МРСК СК;60;20171215;140000;18.3;18.5;18.3;18.5;34;0
МРСК СК;60;20171215;170000;18.3;18.35;18.15;18.35;34;0
МРСК СК;60;20171215;180000;18.35;18.5;18.35;18.5;39;0
МРСК СК;60;20171218;100000;18.45;19.4;18.45;18.9;113;0
МРСК СК;60;20171218;110000;18.65;18.8;18.5;18.8;99;0
МРСК СК;60;20171218;130000;18.6;18.6;18.45;18.45;31;0
МРСК СК;60;20171218;150000;18.55;18.55;18.55;18.55;1;0
МРСК СК;60;20171218;180000;18.5;18.55;18.45;18.55;3;0
МРСК СК;60;20171219;100000;18.6;18.6;18.45;18.6;29;0
МРСК СК;60;20171219;110000;18.45;18.45;15.15;18;1103;0
МРСК СК;60;20171219;120000;17.8;18.25;17.8;18.25;301;0
МРСК СК;60;20171219;130000;18.05;18.35;17.6;18;367;0
МРСК СК;60;20171219;140000;18;18;17.95;17.95;4;0
МРСК СК;60;20171219;160000;17.9;17.9;17.5;17.9;61;0
МРСК СК;60;20171219;170000;17.8;17.85;17.8;17.85;21;0
МРСК СК;60;20171219;180000;17.7;17.75;17.6;17.75;31;0
МРСК СК;60;20171220;100000;17.7;17.7;17.7;17.7;84;0
МРСК СК;60;20171220;110000;17.65;17.65;17.6;17.6;6;0
МРСК СК;60;20171220;120000;17.8;18;17.8;18;979;0
МРСК СК;60;20171220;130000;17.95;18.05;17.85;18.05;34;0
МРСК СК;60;20171220;140000;17.95;17.95;17.95;17.95;700;0
МРСК СК;60;20171220;150000;18.05;18.1;18;18.1;70;0
МРСК СК;60;20171220;160000;18;18.15;18;18;111;0
МРСК СК;60;20171220;170000;18;18.2;18;18.2;300;0
МРСК СК;60;20171221;100000;18.2;18.4;17.6;17.85;99;0
МРСК СК;60;20171221;120000;17.9;18.1;17.9;18.1;4;0
МРСК СК;60;20171221;140000;18.05;18.25;18.05;18.25;467;0
МРСК СК;60;20171221;150000;18.3;18.35;17.5;18.15;402;0
МРСК СК;60;20171221;160000;18.15;18.25;18.15;18.25;3;0
МРСК СК;60;20171221;170000;18.25;18.25;18.25;18.25;5;0
МРСК СК;60;20171221;180000;18.05;18.05;16.95;17.6;918;0
МРСК СК;60;20171222;100000;17.6;17.6;17.5;17.6;39;0
МРСК СК;60;20171222;110000;17.5;17.5;17.5;17.5;5;0
МРСК СК;60;20171222;120000;17.5;17.7;17.5;17.7;28;0
МРСК СК;60;20171222;130000;17.65;17.65;17.3;17.6;31;0
МРСК СК;60;20171222;140000;17.45;17.45;17.2;17.35;51;0
МРСК СК;60;20171222;150000;17.35;17.4;17.2;17.2;18;0
МРСК СК;60;20171222;160000;17.35;18.35;17.35;18.1;627;0
МРСК СК;60;20171222;170000;18.05;18.35;18.05;18.35;473;0
МРСК СК;60;20171222;180000;18.15;18.35;18.05;18.35;18;0
МРСК СК;60;20171225;100000;18.35;18.65;18.35;18.65;39;0
МРСК СК;60;20171225;110000;18.65;18.75;18.65;18.75;10;0
МРСК СК;60;20171225;120000;18.55;18.55;18.55;18.55;5;0
МРСК СК;60;20171225;130000;18.6;18.75;18.55;18.75;76;0
МРСК СК;60;20171225;140000;18.7;19.05;18.7;18.95;546;0
МРСК СК;60;20171225;150000;18.95;18.95;18.9;18.95;11;0
МРСК СК;60;20171225;160000;18.8;18.95;18.8;18.95;7;0
МРСК СК;60;20171225;170000;18.95;19.1;18.95;19.1;856;0
МРСК СК;60;20171225;180000;18.9;19.05;18.6;19.05;152;0
МРСК СК;60;20171226;100000;18.8;18.8;18.5;18.5;71;0
МРСК СК;60;20171226;110000;18.45;18.5;18.45;18.5;11;0
МРСК СК;60;20171226;120000;18.65;19.3;18.65;19.2;938;0
МРСК СК;60;20171226;130000;19;19.25;19;19.2;18;0
МРСК СК;60;20171226;140000;19;19.3;19;19.25;362;0
МРСК СК;60;20171226;150000;19.25;19.4;18.85;19.1;116;0
МРСК СК;60;20171226;160000;18.9;18.9;18.5;18.75;101;0
МРСК СК;60;20171226;170000;18.6;18.6;18.4;18.4;75;0
МРСК СК;60;20171226;180000;18.65;18.7;18.65;18.7;4;0
МРСК СК;60;20171227;100000;18.55;18.95;18.1;18.95;368;0
МРСК СК;60;20171227;110000;18.85;18.85;18.8;18.8;4;0
МРСК СК;60;20171227;130000;18.75;18.75;18.6;18.75;24;0
МРСК СК;60;20171227;140000;18.75;18.75;18.75;18.75;1;0
МРСК СК;60;20171227;150000;18.55;18.55;18.55;18.55;2;0
МРСК СК;60;20171227;160000;18.7;18.7;18.7;18.7;1;0
МРСК СК;60;20171227;170000;18.55;18.55;18.55;18.55;1;0
МРСК СК;60;20171227;180000;18.55;18.55;18.15;18.35;251;0
МРСК СК;60;20171228;100000;18.35;18.35;18.35;18.35;2;0
МРСК СК;60;20171228;110000;18.3;18.3;18.3;18.3;1;0
МРСК СК;60;20171228;130000;18.2;18.2;18.1;18.1;20;0
МРСК СК;60;20171228;140000;18.1;18.25;18.1;18.25;5;0
МРСК СК;60;20171228;160000;18.25;18.25;18.25;18.25;2;0
МРСК СК;60;20171228;170000;18.25;18.25;18.25;18.25;7;0
МРСК СК;60;20171228;180000;18.35;18.35;18.35;18.35;6;0
МРСК СК;60;20171229;100000;18.35;18.35;18.35;18.35;2;0
МРСК СК;60;20171229;110000;18.15;18.15;17.55;17.8;377;0
МРСК СК;60;20171229;120000;18;18.05;17.85;18.05;4;0
МРСК СК;60;20171229;130000;18;18;18;18;1;0
МРСК СК;60;20171229;140000;18;18.1;17.95;18.1;104;0
МРСК СК;60;20171229;150000;18.1;18.1;18.1;18.1;4;0
МРСК СК;60;20171229;160000;18.1;18.1;18.1;18.1;4;0
МРСК СК;60;20171229;170000;18.1;18.2;18.1;18.2;4;0
МРСК СК;60;20171229;180000;18.25;19.2;18.25;19.2;941;0
