<TICKER>;<PER>;<DATE>;<TIME>;<OPEN>;<HIGH>;<LOW>;<CLOSE>;<VOL>;<OPENINT>
МРСКСиб;60;20170124;100000;0.0929;0.095;0.092;0.095;14;0
МРСКСиб;60;20170124;110000;0.0939;0.0939;0.0939;0.0939;5;0
МРСКСиб;60;20170124;120000;0.0891;0.0935;0.089;0.0911;9;0
МРСКСиб;60;20170124;130000;0.0911;0.0911;0.091;0.091;5;0
МРСКСиб;60;20170124;140000;0.091;0.091;0.0889;0.0889;218;0
МРСКСиб;60;20170124;150000;0.089;0.089;0.0889;0.0889;3;0
МРСКСиб;60;20170124;160000;0.089;0.089;0.089;0.089;4;0
МРСКСиб;60;20170124;170000;0.088;0.0881;0.0844;0.088;35;0
МРСКСиб;60;20170125;100000;0.086;0.0916;0.0842;0.0884;84;0
МРСКСиб;60;20170125;110000;0.0884;0.0884;0.0847;0.0879;6;0
МРСКСиб;60;20170125;120000;0.0862;0.0862;0.0862;0.0862;8;0
МРСКСиб;60;20170125;130000;0.0859;0.0878;0.0859;0.0878;11;0
МРСКСиб;60;20170125;150000;0.0851;0.0851;0.0851;0.0851;1;0
МРСКСиб;60;20170125;160000;0.0856;0.0856;0.085;0.085;52;0
МРСКСиб;60;20170125;170000;0.0869;0.0869;0.0869;0.0869;1;0
МРСКСиб;60;20170125;180000;0.0876;0.0876;0.0876;0.0876;1;0
МРСКСиб;60;20170126;100000;0.0861;0.0861;0.0861;0.0861;1;0
МРСКСиб;60;20170126;110000;0.0863;0.0863;0.0862;0.0862;77;0
МРСКСиб;60;20170126;130000;0.0862;0.0862;0.0862;0.0862;10;0
МРСКСиб;60;20170126;150000;0.0863;0.0863;0.0863;0.0863;14;0
МРСКСиб;60;20170126;160000;0.0865;0.0865;0.0865;0.0865;1;0
МРСКСиб;60;20170126;170000;0.0875;0.0878;0.0875;0.0878;5;0
МРСКСиб;60;20170126;180000;0.0878;0.0885;0.0834;0.0885;111;0
МРСКСиб;60;20170127;100000;0.0831;0.0857;0.0831;0.0854;12;0
МРСКСиб;60;20170127;110000;0.0854;0.0886;0.0854;0.0859;15;0
МРСКСиб;60;20170127;120000;0.086;0.086;0.086;0.086;2;0
МРСКСиб;60;20170127;130000;0.088;0.088;0.088;0.088;19;0
МРСКСиб;60;20170127;140000;0.088;0.088;0.088;0.088;1;0
МРСКСиб;60;20170127;180000;0.0859;0.0859;0.0859;0.0859;30;0
МРСКСиб;60;20170130;110000;0.0859;0.0859;0.0859;0.0859;81;0
МРСКСиб;60;20170130;120000;0.086;0.086;0.0859;0.0859;31;0
МРСКСиб;60;20170130;130000;0.0841;0.0885;0.0841;0.0885;10;0
МРСКСиб;60;20170130;170000;0.0873;0.0873;0.0825;0.0867;55;0
МРСКСиб;60;20170130;180000;0.0845;0.0845;0.0844;0.0844;2;0
МРСКСиб;60;20170131;100000;0.0859;0.0867;0.0859;0.0867;8;0
МРСКСиб;60;20170131;110000;0.0858;0.0858;0.0858;0.0858;1;0
МРСКСиб;60;20170131;120000;0.0855;0.0855;0.0855;0.0855;1;0
МРСКСиб;60;20170201;100000;0.0839;0.0842;0.0839;0.0842;3;0
МРСКСиб;60;20170201;130000;0.0844;0.0844;0.075;0.079;2209;0
МРСКСиб;60;20170201;140000;0.079;0.0803;0.0787;0.0787;279;0
МРСКСиб;60;20170201;150000;0.08;0.0803;0.079;0.0799;377;0
МРСКСиб;60;20170201;160000;0.0799;0.0802;0.0789;0.0799;157;0
МРСКСиб;60;20170201;170000;0.0794;0.081;0.0793;0.081;218;0
МРСКСиб;60;20170201;180000;0.0796;0.08;0.0791;0.0794;286;0
МРСКСиб;60;20170202;090000;0.079;0.079;0.079;0.079;1;0
МРСКСиб;60;20170202;100000;0.0796;0.0807;0.0793;0.0793;29;0
МРСКСиб;60;20170202;110000;0.0793;0.0801;0.0793;0.0801;2;0
МРСКСиб;60;20170202;120000;0.0794;0.0799;0.0794;0.0796;53;0
МРСКСиб;60;20170202;130000;0.0796;0.0806;0.0796;0.0806;108;0
МРСКСиб;60;20170202;140000;0.0806;0.0806;0.0806;0.0806;2;0
МРСКСиб;60;20170202;150000;0.0806;0.0806;0.0806;0.0806;5;0
МРСКСиб;60;20170202;180000;0.0799;0.0805;0.0799;0.0805;2;0
МРСКСиб;60;20170203;100000;0.0808;0.082;0.0808;0.082;48;0
МРСКСиб;60;20170203;110000;0.0834;0.0834;0.0834;0.0834;2;0
МРСКСиб;60;20170203;120000;0.0829;0.0829;0.0821;0.0821;45;0
МРСКСиб;60;20170203;130000;0.0822;0.0822;0.082;0.082;243;0
МРСКСиб;60;20170203;180000;0.0821;0.0821;0.082;0.082;195;0
МРСКСиб;60;20170206;100000;0.0825;0.0825;0.0825;0.0825;5;0
МРСКСиб;60;20170206;110000;0.0808;0.0808;0.0805;0.0805;70;0
МРСКСиб;60;20170206;180000;0.0817;0.0817;0.0817;0.0817;2;0
МРСКСиб;60;20170207;100000;0.0798;0.0813;0.0798;0.0812;20;0
МРСКСиб;60;20170207;120000;0.0812;0.0812;0.0812;0.0812;1;0
МРСКСиб;60;20170207;140000;0.0803;0.0803;0.0801;0.0801;3;0
МРСКСиб;60;20170207;160000;0.0803;0.0803;0.0803;0.0803;1;0
МРСКСиб;60;20170207;170000;0.0804;0.0804;0.0804;0.0804;1;0
МРСКСиб;60;20170207;180000;0.0804;0.0809;0.0804;0.0808;52;0
МРСКСиб;60;20170208;090000;0.0805;0.0805;0.0805;0.0805;14;0
МРСКСиб;60;20170208;100000;0.0806;0.0812;0.0805;0.0805;3;0
МРСКСиб;60;20170208;120000;0.0806;0.0806;0.0797;0.0798;39;0
МРСКСиб;60;20170208;130000;0.0797;0.0797;0.0775;0.0775;206;0
МРСКСиб;60;20170208;140000;0.0785;0.0785;0.0785;0.0785;35;0
МРСКСиб;60;20170208;150000;0.0789;0.0789;0.0785;0.0789;68;0
МРСКСиб;60;20170208;160000;0.0788;0.0788;0.0788;0.0788;55;0
МРСКСиб;60;20170208;170000;0.0788;0.0789;0.0788;0.0789;5;0
МРСКСиб;60;20170208;180000;0.0789;0.0789;0.0774;0.0783;309;0
МРСКСиб;60;20170209;100000;0.0783;0.0789;0.0759;0.0773;161;0
МРСКСиб;60;20170209;120000;0.0781;0.0783;0.0774;0.0775;60;0
МРСКСиб;60;20170209;130000;0.0774;0.0785;0.0774;0.0785;66;0
МРСКСиб;60;20170209;140000;0.0775;0.0775;0.0774;0.0774;29;0
МРСКСиб;60;20170209;150000;0.0774;0.0774;0.0774;0.0774;2;0
МРСКСиб;60;20170209;160000;0.0775;0.078;0.0774;0.0774;34;0
МРСКСиб;60;20170209;170000;0.0774;0.0774;0.0771;0.0771;147;0
МРСКСиб;60;20170209;180000;0.0776;0.0789;0.0776;0.0789;15;0
МРСКСиб;60;20170210;100000;0.0783;0.0783;0.0783;0.0783;2;0
МРСКСиб;60;20170210;130000;0.0782;0.0782;0.0782;0.0782;1;0
МРСКСиб;60;20170210;140000;0.0782;0.0782;0.0771;0.0782;32;0
МРСКСиб;60;20170210;160000;0.0773;0.0781;0.0772;0.0781;11;0
МРСКСиб;60;20170210;170000;0.0779;0.078;0.0779;0.078;41;0
МРСКСиб;60;20170210;180000;0.078;0.078;0.078;0.078;55;0
МРСКСиб;60;20170213;100000;0.0773;0.0773;0.0771;0.0771;41;0
МРСКСиб;60;20170213;110000;0.0773;0.0773;0.077;0.077;152;0
МРСКСиб;60;20170213;150000;0.0767;0.0767;0.0763;0.0763;8;0
МРСКСиб;60;20170213;170000;0.0764;0.077;0.0763;0.077;65;0
МРСКСиб;60;20170213;180000;0.0779;0.0784;0.0779;0.0784;5;0
МРСКСиб;60;20170214;090000;0.0796;0.0796;0.0796;0.0796;1;0
МРСКСиб;60;20170214;150000;0.0773;0.0778;0.0771;0.0778;18;0
МРСКСиб;60;20170214;180000;0.0771;0.0779;0.0771;0.0779;4;0
МРСКСиб;60;20170215;090000;0.0799;0.0799;0.0799;0.0799;1;0
МРСКСиб;60;20170215;100000;0.0809;0.081;0.0761;0.0779;57;0
МРСКСиб;60;20170215;120000;0.0761;0.0774;0.0761;0.0774;11;0
МРСКСиб;60;20170215;140000;0.0774;0.0774;0.077;0.077;3;0
МРСКСиб;60;20170215;150000;0.0769;0.077;0.0769;0.077;10;0
МРСКСиб;60;20170215;160000;0.077;0.077;0.077;0.077;3;0
МРСКСиб;60;20170215;170000;0.0765;0.077;0.0765;0.077;16;0
МРСКСиб;60;20170215;180000;0.0768;0.077;0.076;0.077;77;0
МРСКСиб;60;20170216;090000;0.0788;0.0788;0.0788;0.0788;1;0
МРСКСиб;60;20170216;100000;0.0762;0.0763;0.074;0.0755;122;0
МРСКСиб;60;20170216;110000;0.0749;0.075;0.074;0.074;59;0
МРСКСиб;60;20170216;120000;0.075;0.075;0.0748;0.0748;2;0
МРСКСиб;60;20170216;130000;0.0741;0.0745;0.073;0.0735;142;0
МРСКСиб;60;20170216;140000;0.0731;0.0739;0.0731;0.0739;38;0
МРСКСиб;60;20170216;150000;0.074;0.0741;0.074;0.0741;6;0
МРСКСиб;60;20170216;160000;0.0741;0.0747;0.0736;0.0747;56;0
МРСКСиб;60;20170216;170000;0.0736;0.0736;0.073;0.073;40;0
МРСКСиб;60;20170216;180000;0.0735;0.0747;0.0735;0.0747;76;0
МРСКСиб;60;20170217;100000;0.0748;0.0753;0.0741;0.075;5;0
МРСКСиб;60;20170217;110000;0.0754;0.0777;0.0754;0.076;31;0
МРСКСиб;60;20170217;120000;0.0742;0.075;0.0741;0.0741;17;0
МРСКСиб;60;20170217;130000;0.0742;0.075;0.0742;0.075;72;0
МРСКСиб;60;20170217;150000;0.076;0.0761;0.076;0.0761;29;0
МРСКСиб;60;20170217;160000;0.0768;0.077;0.0768;0.0769;39;0
МРСКСиб;60;20170217;170000;0.0762;0.077;0.0761;0.077;77;0
МРСКСиб;60;20170217;180000;0.076;0.076;0.076;0.076;3;0
МРСКСиб;60;20170220;100000;0.0753;0.0753;0.0753;0.0753;2;0
МРСКСиб;60;20170220;150000;0.0761;0.0761;0.0743;0.0751;29;0
МРСКСиб;60;20170220;160000;0.075;0.075;0.0742;0.0742;49;0
МРСКСиб;60;20170220;170000;0.077;0.077;0.077;0.077;3;0
МРСКСиб;60;20170220;180000;0.0745;0.0746;0.074;0.0742;71;0
МРСКСиб;60;20170221;100000;0.0742;0.0742;0.0742;0.0742;9;0
МРСКСиб;60;20170221;120000;0.074;0.074;0.074;0.074;8;0
МРСКСиб;60;20170221;130000;0.074;0.0745;0.074;0.0745;4;0
МРСКСиб;60;20170221;140000;0.0738;0.0738;0.0725;0.0726;120;0
МРСКСиб;60;20170221;150000;0.0727;0.0727;0.0726;0.0726;21;0
МРСКСиб;60;20170221;170000;0.0736;0.0736;0.0722;0.0733;32;0
МРСКСиб;60;20170221;180000;0.0721;0.0729;0.072;0.0729;106;0
МРСКСиб;60;20170222;090000;0.0745;0.0745;0.0745;0.0745;1;0
МРСКСиб;60;20170222;110000;0.0729;0.0733;0.0729;0.0731;100;0
МРСКСиб;60;20170222;120000;0.0726;0.0726;0.0722;0.0722;20;0
МРСКСиб;60;20170222;130000;0.073;0.073;0.073;0.073;2;0
МРСКСиб;60;20170222;140000;0.073;0.073;0.073;0.073;1;0
МРСКСиб;60;20170222;150000;0.073;0.0733;0.073;0.0733;28;0
МРСКСиб;60;20170222;160000;0.0723;0.0723;0.0711;0.0718;188;0
МРСКСиб;60;20170222;180000;0.0718;0.0718;0.0718;0.0718;2;0
МРСКСиб;60;20170224;100000;0.0711;0.0711;0.0711;0.0711;1;0
МРСКСиб;60;20170224;130000;0.0711;0.0711;0.071;0.071;28;0
МРСКСиб;60;20170224;150000;0.0708;0.0745;0.069;0.0745;569;0
МРСКСиб;60;20170224;160000;0.0731;0.0731;0.0706;0.071;45;0
МРСКСиб;60;20170227;090000;0.07;0.07;0.07;0.07;2;0
МРСКСиб;60;20170227;100000;0.07;0.0716;0.0698;0.0716;52;0
МРСКСиб;60;20170227;110000;0.0694;0.0709;0.0692;0.0709;10;0
МРСКСиб;60;20170227;140000;0.0706;0.0707;0.0706;0.0707;14;0
МРСКСиб;60;20170227;150000;0.0693;0.0705;0.069;0.0699;102;0
МРСКСиб;60;20170227;170000;0.0697;0.0697;0.0697;0.0697;1;0
МРСКСиб;60;20170227;180000;0.0693;0.0693;0.067;0.068;360;0
МРСКСиб;60;20170228;090000;0.0686;0.0686;0.0686;0.0686;1;0
МРСКСиб;60;20170228;100000;0.0671;0.068;0.066;0.066;382;0
МРСКСиб;60;20170228;110000;0.0677;0.0677;0.0653;0.0655;82;0
МРСКСиб;60;20170228;120000;0.0661;0.0662;0.066;0.0661;57;0
МРСКСиб;60;20170228;130000;0.0662;0.0662;0.0662;0.0662;108;0
МРСКСиб;60;20170228;140000;0.0662;0.0662;0.0662;0.0662;1;0
МРСКСиб;60;20170228;150000;0.0662;0.0665;0.0662;0.0665;172;0
МРСКСиб;60;20170228;160000;0.067;0.068;0.067;0.068;136;0
МРСКСиб;60;20170228;170000;0.068;0.068;0.068;0.068;50;0
МРСКСиб;60;20170228;180000;0.0686;0.0686;0.0686;0.0686;1;0
МРСКСиб;60;20170301;100000;0.0689;0.0689;0.0689;0.0689;5;0
МРСКСиб;60;20170301;110000;0.069;0.069;0.069;0.069;1;0
МРСКСиб;60;20170301;170000;0.0667;0.0678;0.0667;0.0678;101;0
МРСКСиб;60;20170301;180000;0.0678;0.0679;0.067;0.067;9;0
МРСКСиб;60;20170302;100000;0.0663;0.0671;0.0661;0.0671;23;0
МРСКСиб;60;20170302;110000;0.0671;0.0671;0.0671;0.0671;91;0
МРСКСиб;60;20170302;140000;0.067;0.067;0.067;0.067;2;0
МРСКСиб;60;20170302;160000;0.0678;0.0678;0.0669;0.0669;5;0
МРСКСиб;60;20170302;170000;0.0669;0.0679;0.0667;0.0667;14;0
МРСКСиб;60;20170303;100000;0.0663;0.0663;0.0661;0.0661;96;0
МРСКСиб;60;20170303;120000;0.0663;0.0663;0.0663;0.0663;1;0
МРСКСиб;60;20170303;170000;0.0681;0.069;0.0679;0.0679;55;0
МРСКСиб;60;20170303;180000;0.068;0.068;0.068;0.068;2;0
МРСКСиб;60;20170306;100000;0.0667;0.0747;0.0665;0.073;386;0
МРСКСиб;60;20170306;110000;0.0723;0.0735;0.0723;0.0723;335;0
МРСКСиб;60;20170306;120000;0.0724;0.0724;0.0723;0.0723;189;0
МРСКСиб;60;20170306;170000;0.0717;0.0718;0.0717;0.0718;3;0
МРСКСиб;60;20170306;180000;0.071;0.071;0.0706;0.0706;10;0
МРСКСиб;60;20170307;100000;0.072;0.0735;0.0715;0.072;6;0
МРСКСиб;60;20170307;110000;0.0703;0.0703;0.0691;0.0691;28;0
МРСКСиб;60;20170307;120000;0.0691;0.0691;0.067;0.067;145;0
МРСКСиб;60;20170307;130000;0.0663;0.0663;0.0635;0.0656;175;0
МРСКСиб;60;20170307;140000;0.0657;0.0665;0.0657;0.0665;6;0
МРСКСиб;60;20170307;150000;0.0652;0.0661;0.065;0.066;117;0
МРСКСиб;60;20170307;160000;0.0661;0.0672;0.066;0.0669;16;0
МРСКСиб;60;20170307;170000;0.0666;0.069;0.0666;0.069;111;0
МРСКСиб;60;20170307;180000;0.067;0.0679;0.0663;0.0679;26;0
МРСКСиб;60;20170309;090000;0.066;0.066;0.066;0.066;1;0
МРСКСиб;60;20170309;100000;0.0646;0.0654;0.0646;0.065;333;0
МРСКСиб;60;20170309;110000;0.0646;0.0648;0.063;0.0631;296;0
МРСКСиб;60;20170309;120000;0.063;0.064;0.0622;0.064;144;0
МРСКСиб;60;20170309;130000;0.064;0.0645;0.063;0.064;35;0
МРСКСиб;60;20170309;140000;0.063;0.0639;0.062;0.062;141;0
МРСКСиб;60;20170309;150000;0.0634;0.0639;0.0628;0.0628;60;0
МРСКСиб;60;20170309;160000;0.0637;0.0638;0.0628;0.0638;64;0
МРСКСиб;60;20170309;170000;0.0628;0.0628;0.062;0.062;100;0
МРСКСиб;60;20170309;180000;0.0639;0.0639;0.0621;0.0621;11;0
МРСКСиб;60;20170310;100000;0.0617;0.0635;0.0609;0.0617;117;0
МРСКСиб;60;20170310;120000;0.063;0.0638;0.063;0.0638;13;0
МРСКСиб;60;20170310;150000;0.0625;0.0625;0.0622;0.0622;5;0
МРСКСиб;60;20170310;160000;0.0623;0.0638;0.0622;0.0638;21;0
МРСКСиб;60;20170310;180000;0.0638;0.0638;0.0638;0.0638;21;0
МРСКСиб;60;20170313;100000;0.0626;0.0632;0.0613;0.0632;18;0
МРСКСиб;60;20170313;110000;0.0632;0.0632;0.0632;0.0632;5;0
МРСКСиб;60;20170313;120000;0.0629;0.063;0.0629;0.063;5;0
МРСКСиб;60;20170313;130000;0.0633;0.0633;0.0633;0.0633;3;0
МРСКСиб;60;20170313;150000;0.0634;0.0648;0.0634;0.0648;37;0
МРСКСиб;60;20170313;160000;0.0648;0.0649;0.0648;0.0649;52;0
МРСКСиб;60;20170313;170000;0.0657;0.0658;0.0638;0.0649;181;0
МРСКСиб;60;20170313;180000;0.0647;0.0647;0.0647;0.0647;1;0
МРСКСиб;60;20170314;100000;0.0652;0.0655;0.0652;0.0655;50;0
МРСКСиб;60;20170314;110000;0.0648;0.0658;0.0648;0.0655;21;0
МРСКСиб;60;20170314;120000;0.0647;0.0652;0.0625;0.065;37;0
МРСКСиб;60;20170314;140000;0.065;0.065;0.0645;0.0645;16;0
МРСКСиб;60;20170314;170000;0.0645;0.0645;0.0645;0.0645;1;0
МРСКСиб;60;20170314;180000;0.0642;0.0642;0.0621;0.0631;179;0
МРСКСиб;60;20170315;100000;0.0631;0.0644;0.0631;0.0644;8;0
МРСКСиб;60;20170315;110000;0.064;0.065;0.064;0.065;17;0
МРСКСиб;60;20170315;140000;0.064;0.0649;0.064;0.0649;35;0
МРСКСиб;60;20170315;150000;0.0639;0.0641;0.0634;0.0634;82;0
МРСКСиб;60;20170315;160000;0.0634;0.0634;0.0633;0.0633;21;0
МРСКСиб;60;20170316;130000;0.0644;0.066;0.0644;0.066;117;0
МРСКСиб;60;20170316;140000;0.0661;0.0682;0.0661;0.0661;74;0
МРСКСиб;60;20170316;150000;0.0654;0.066;0.064;0.064;77;0
МРСКСиб;60;20170316;170000;0.0641;0.0641;0.064;0.064;15;0
МРСКСиб;60;20170316;180000;0.0638;0.064;0.0634;0.0634;86;0
МРСКСиб;60;20170317;110000;0.0638;0.064;0.0635;0.064;248;0
МРСКСиб;60;20170317;120000;0.064;0.064;0.064;0.064;20;0
МРСКСиб;60;20170317;130000;0.064;0.064;0.064;0.064;52;0
МРСКСиб;60;20170317;140000;0.064;0.065;0.064;0.065;189;0
МРСКСиб;60;20170317;150000;0.065;0.0664;0.065;0.0664;53;0
МРСКСиб;60;20170317;160000;0.0663;0.0663;0.0655;0.0663;23;0
МРСКСиб;60;20170317;170000;0.0651;0.066;0.0642;0.0645;34;0
МРСКСиб;60;20170317;180000;0.0649;0.0649;0.0643;0.0643;4;0
МРСКСиб;60;20170320;090000;0.0632;0.0632;0.0632;0.0632;1;0
МРСКСиб;60;20170320;100000;0.0636;0.0644;0.0633;0.0644;9;0
МРСКСиб;60;20170320;110000;0.0654;0.0655;0.0654;0.0655;28;0
МРСКСиб;60;20170320;120000;0.0655;0.0655;0.0655;0.0655;13;0
МРСКСиб;60;20170320;130000;0.0651;0.0651;0.065;0.065;27;0
МРСКСиб;60;20170320;150000;0.0646;0.0646;0.0646;0.0646;2;0
МРСКСиб;60;20170320;180000;0.0657;0.0657;0.0657;0.0657;3;0
МРСКСиб;60;20170321;100000;0.0657;0.0668;0.0657;0.0667;97;0
МРСКСиб;60;20170321;110000;0.0667;0.067;0.0667;0.067;65;0
МРСКСиб;60;20170321;120000;0.0679;0.068;0.067;0.067;29;0
МРСКСиб;60;20170321;130000;0.0679;0.068;0.0679;0.0679;58;0
МРСКСиб;60;20170321;140000;0.0687;0.0687;0.0686;0.0686;61;0
МРСКСиб;60;20170321;150000;0.0686;0.0694;0.0686;0.069;269;0
МРСКСиб;60;20170321;160000;0.069;0.0695;0.069;0.0695;90;0
МРСКСиб;60;20170321;170000;0.0695;0.07;0.069;0.07;150;0
МРСКСиб;60;20170321;180000;0.07;0.07;0.069;0.069;64;0
МРСКСиб;60;20170322;100000;0.0682;0.0682;0.068;0.068;38;0
МРСКСиб;60;20170322;110000;0.068;0.07;0.068;0.069;23;0
МРСКСиб;60;20170322;130000;0.0689;0.0694;0.0689;0.0694;10;0
МРСКСиб;60;20170322;140000;0.07;0.0708;0.07;0.0708;94;0
МРСКСиб;60;20170322;150000;0.0698;0.0709;0.0698;0.0709;9;0
МРСКСиб;60;20170322;160000;0.07;0.07;0.07;0.07;1;0
МРСКСиб;60;20170322;170000;0.0699;0.0709;0.0699;0.0709;45;0
МРСКСиб;60;20170322;180000;0.0699;0.0709;0.0695;0.0707;17;0
МРСКСиб;60;20170323;100000;0.069;0.0714;0.0682;0.0714;119;0
МРСКСиб;60;20170323;110000;0.07;0.0714;0.07;0.0709;122;0
МРСКСиб;60;20170323;140000;0.0707;0.0709;0.0707;0.0709;46;0
МРСКСиб;60;20170323;170000;0.0714;0.0714;0.0714;0.0714;14;0
МРСКСиб;60;20170323;180000;0.0716;0.0717;0.0716;0.0716;23;0
МРСКСиб;60;20170324;100000;0.0729;0.0729;0.0729;0.0729;1;0
МРСКСиб;60;20170324;120000;0.0711;0.0711;0.0711;0.0711;20;0
МРСКСиб;60;20170324;130000;0.071;0.071;0.071;0.071;20;0
МРСКСиб;60;20170324;170000;0.0705;0.0705;0.0705;0.0705;1;0
МРСКСиб;60;20170327;100000;0.0684;0.07;0.0655;0.0693;47;0
МРСКСиб;60;20170327;110000;0.0693;0.0693;0.0692;0.0693;7;0
МРСКСиб;60;20170327;120000;0.0692;0.0692;0.0681;0.0681;8;0
МРСКСиб;60;20170327;130000;0.0681;0.0681;0.068;0.068;8;0
МРСКСиб;60;20170327;180000;0.0672;0.0672;0.0672;0.0672;13;0
МРСКСиб;60;20170328;100000;0.0681;0.0681;0.0679;0.0679;12;0
МРСКСиб;60;20170328;120000;0.0678;0.0678;0.0671;0.0671;15;0
МРСКСиб;60;20170328;150000;0.0672;0.0672;0.067;0.067;8;0
МРСКСиб;60;20170328;160000;0.0678;0.0678;0.0678;0.0678;10;0
МРСКСиб;60;20170328;170000;0.0672;0.0672;0.0672;0.0672;1;0
МРСКСиб;60;20170329;100000;0.0682;0.0683;0.0682;0.0683;10;0
МРСКСиб;60;20170329;110000;0.0667;0.0667;0.0666;0.0666;10;0
МРСКСиб;60;20170329;130000;0.0677;0.0677;0.0677;0.0677;1;0
МРСКСиб;60;20170329;170000;0.0677;0.068;0.0665;0.068;11;0
МРСКСиб;60;20170330;100000;0.0679;0.068;0.0679;0.068;8;0
МРСКСиб;60;20170330;110000;0.068;0.068;0.068;0.068;1;0
МРСКСиб;60;20170330;170000;0.0689;0.0689;0.0689;0.0689;1;0
МРСКСиб;60;20170330;180000;0.069;0.0694;0.069;0.0694;37;0
МРСКСиб;60;20170331;110000;0.069;0.069;0.069;0.069;6;0
МРСКСиб;60;20170331;120000;0.069;0.069;0.069;0.069;2;0
МРСКСиб;60;20170331;130000;0.0689;0.069;0.0689;0.069;60;0
МРСКСиб;60;20170331;140000;0.07;0.07;0.07;0.07;229;0
МРСКСиб;60;20170331;160000;0.0701;0.0701;0.07;0.07;76;0
МРСКСиб;60;20170331;170000;0.07;0.07;0.07;0.07;54;0
МРСКСиб;60;20170331;180000;0.07;0.07;0.07;0.07;40;0
МРСКСиб;60;20170403;100000;0.0676;0.07;0.066;0.0665;463;0
МРСКСиб;60;20170403;110000;0.0671;0.0671;0.067;0.067;21;0
МРСКСиб;60;20170403;120000;0.068;0.068;0.067;0.067;26;0
МРСКСиб;60;20170403;140000;0.0668;0.0668;0.0666;0.0666;31;0
МРСКСиб;60;20170403;150000;0.0667;0.0667;0.0662;0.0662;168;0
МРСКСиб;60;20170403;160000;0.0663;0.0663;0.0661;0.0661;108;0
МРСКСиб;60;20170403;170000;0.067;0.067;0.0665;0.0669;12;0
МРСКСиб;60;20170403;180000;0.0669;0.0669;0.0669;0.0669;3;0
МРСКСиб;60;20170404;110000;0.0668;0.0669;0.0668;0.0669;4;0
МРСКСиб;60;20170404;120000;0.0664;0.0664;0.0664;0.0664;7;0
МРСКСиб;60;20170404;150000;0.0664;0.0664;0.0664;0.0664;13;0
МРСКСиб;60;20170404;180000;0.0664;0.0668;0.0664;0.0668;14;0
МРСКСиб;60;20170405;090000;0.0672;0.0672;0.0672;0.0672;1;0
МРСКСиб;60;20170405;100000;0.0664;0.0669;0.0663;0.0669;12;0
МРСКСиб;60;20170405;120000;0.0664;0.0673;0.0661;0.0671;111;0
МРСКСиб;60;20170405;140000;0.0671;0.0672;0.0671;0.0672;80;0
МРСКСиб;60;20170405;170000;0.0669;0.0687;0.0669;0.0687;116;0
МРСКСиб;60;20170405;180000;0.0671;0.0671;0.0671;0.0671;1;0
МРСКСиб;60;20170406;100000;0.0666;0.0667;0.0666;0.0666;20;0
МРСКСиб;60;20170406;180000;0.0677;0.0677;0.0677;0.0677;3;0
МРСКСиб;60;20170407;100000;0.0665;0.0665;0.0632;0.0654;94;0
МРСКСиб;60;20170407;110000;0.0652;0.0652;0.0652;0.0652;11;0
МРСКСиб;60;20170407;130000;0.0651;0.0663;0.0645;0.0646;146;0
МРСКСиб;60;20170407;140000;0.0663;0.0663;0.0647;0.0647;23;0
МРСКСиб;60;20170407;160000;0.0655;0.0656;0.0643;0.0643;35;0
МРСКСиб;60;20170407;170000;0.0654;0.0654;0.065;0.065;21;0
МРСКСиб;60;20170407;180000;0.0654;0.0654;0.0653;0.0653;36;0
МРСКСиб;60;20170410;100000;0.064;0.064;0.064;0.064;3;0
МРСКСиб;60;20170410;110000;0.0644;0.0644;0.0639;0.0639;41;0
МРСКСиб;60;20170410;120000;0.0639;0.0639;0.0639;0.0639;7;0
МРСКСиб;60;20170410;130000;0.0649;0.0649;0.0634;0.0634;45;0
МРСКСиб;60;20170410;140000;0.0649;0.065;0.0649;0.065;12;0
МРСКСиб;60;20170410;150000;0.0643;0.0649;0.0643;0.0649;4;0
МРСКСиб;60;20170410;160000;0.0647;0.065;0.0647;0.065;21;0
МРСКСиб;60;20170411;110000;0.066;0.066;0.066;0.066;5;0
МРСКСиб;60;20170411;140000;0.0655;0.0655;0.0655;0.0655;50;0
МРСКСиб;60;20170411;150000;0.0647;0.0647;0.0646;0.0646;100;0
МРСКСиб;60;20170411;170000;0.0654;0.0654;0.0654;0.0654;1;0
МРСКСиб;60;20170411;180000;0.0654;0.0655;0.0654;0.0655;80;0
МРСКСиб;60;20170412;110000;0.0633;0.065;0.063;0.065;112;0
МРСКСиб;60;20170412;120000;0.0641;0.0641;0.064;0.064;27;0
МРСКСиб;60;20170412;130000;0.0659;0.066;0.063;0.063;33;0
МРСКСиб;60;20170412;140000;0.0628;0.0645;0.0625;0.0625;47;0
МРСКСиб;60;20170412;150000;0.0641;0.0641;0.0641;0.0641;1;0
МРСКСиб;60;20170412;160000;0.0626;0.0637;0.0625;0.0637;23;0
МРСКСиб;60;20170412;170000;0.0624;0.0629;0.0624;0.0626;38;0
МРСКСиб;60;20170412;180000;0.0626;0.0626;0.0616;0.0616;131;0
МРСКСиб;60;20170413;100000;0.0633;0.0634;0.063;0.0632;34;0
МРСКСиб;60;20170413;110000;0.0629;0.0629;0.0629;0.0629;3;0
МРСКСиб;60;20170413;140000;0.0618;0.0628;0.0614;0.0628;36;0
МРСКСиб;60;20170413;150000;0.0614;0.0614;0.0614;0.0614;5;0
МРСКСиб;60;20170413;160000;0.0613;0.0613;0.0603;0.061;246;0
МРСКСиб;60;20170413;170000;0.0614;0.0614;0.061;0.0613;16;0
МРСКСиб;60;20170413;180000;0.0613;0.0614;0.061;0.0614;64;0
МРСКСиб;60;20170414;110000;0.062;0.062;0.0602;0.0602;19;0
МРСКСиб;60;20170414;130000;0.0619;0.0619;0.0619;0.0619;27;0
МРСКСиб;60;20170414;150000;0.0614;0.0614;0.0614;0.0614;1;0
МРСКСиб;60;20170414;160000;0.0611;0.0619;0.0605;0.0619;105;0
МРСКСиб;60;20170414;170000;0.061;0.061;0.0605;0.0605;22;0
МРСКСиб;60;20170414;180000;0.0606;0.061;0.0606;0.0606;4;0
МРСКСиб;60;20170417;100000;0.0612;0.0612;0.0601;0.0601;50;0
МРСКСиб;60;20170417;140000;0.0615;0.0615;0.0611;0.0611;26;0
МРСКСиб;60;20170417;150000;0.0613;0.0613;0.061;0.061;4;0
МРСКСиб;60;20170417;160000;0.061;0.061;0.061;0.061;9;0
МРСКСиб;60;20170417;170000;0.0609;0.0618;0.0609;0.0618;22;0
МРСКСиб;60;20170417;180000;0.0618;0.0618;0.0618;0.0618;1;0
МРСКСиб;60;20170418;110000;0.0608;0.0625;0.06;0.0624;154;0
МРСКСиб;60;20170418;170000;0.0611;0.0616;0.0611;0.0616;20;0
МРСКСиб;60;20170419;120000;0.0604;0.0613;0.0604;0.0613;48;0
МРСКСиб;60;20170419;140000;0.0614;0.0614;0.0614;0.0614;1;0
МРСКСиб;60;20170419;170000;0.0611;0.0611;0.0603;0.0603;44;0
МРСКСиб;60;20170420;100000;0.0602;0.0602;0.0585;0.0593;116;0
МРСКСиб;60;20170420;140000;0.0605;0.0605;0.0605;0.0605;1;0
МРСКСиб;60;20170420;160000;0.0605;0.0605;0.0595;0.0604;73;0
МРСКСиб;60;20170420;170000;0.0605;0.0605;0.0605;0.0605;5;0
МРСКСиб;60;20170420;180000;0.0605;0.0608;0.0605;0.0608;12;0
МРСКСиб;60;20170421;100000;0.0617;0.0617;0.061;0.061;22;0
МРСКСиб;60;20170421;120000;0.062;0.062;0.0618;0.0618;15;0
МРСКСиб;60;20170421;130000;0.0618;0.0618;0.0618;0.0618;4;0
МРСКСиб;60;20170421;180000;0.0618;0.0619;0.0618;0.0619;48;0
МРСКСиб;60;20170424;100000;0.0626;0.0626;0.0609;0.0609;28;0
МРСКСиб;60;20170424;110000;0.0625;0.0626;0.0625;0.0626;25;0
МРСКСиб;60;20170424;120000;0.0626;0.0627;0.0626;0.0627;5;0
МРСКСиб;60;20170424;150000;0.0626;0.0626;0.0626;0.0626;13;0
МРСКСиб;60;20170424;160000;0.0625;0.0635;0.0625;0.063;101;0
МРСКСиб;60;20170424;170000;0.063;0.063;0.063;0.063;1;0
МРСКСиб;60;20170424;180000;0.0634;0.0634;0.0634;0.0634;4;0
МРСКСиб;60;20170425;100000;0.064;0.066;0.0626;0.0626;38;0
МРСКСиб;60;20170425;110000;0.0638;0.0639;0.0638;0.0639;10;0
МРСКСиб;60;20170425;140000;0.0639;0.0645;0.0639;0.0645;72;0
МРСКСиб;60;20170425;150000;0.065;0.065;0.065;0.065;1;0
МРСКСиб;60;20170425;160000;0.0649;0.066;0.0649;0.066;100;0
МРСКСиб;60;20170426;110000;0.0659;0.0724;0.0659;0.0694;312;0
МРСКСиб;60;20170426;120000;0.0695;0.0695;0.0673;0.0673;24;0
МРСКСиб;60;20170426;130000;0.0674;0.069;0.0673;0.069;145;0
МРСКСиб;60;20170426;140000;0.0691;0.0698;0.0685;0.0698;200;0
МРСКСиб;60;20170426;150000;0.0691;0.0691;0.0689;0.0689;20;0
МРСКСиб;60;20170426;170000;0.0695;0.0695;0.069;0.069;12;0
МРСКСиб;60;20170426;180000;0.0695;0.0695;0.0695;0.0695;16;0
МРСКСиб;60;20170427;100000;0.0694;0.0705;0.069;0.0705;161;0
МРСКСиб;60;20170427;110000;0.0704;0.0709;0.07;0.0709;236;0
МРСКСиб;60;20170427;120000;0.0709;0.0725;0.0706;0.0725;210;0
МРСКСиб;60;20170427;130000;0.0725;0.0726;0.0712;0.0725;206;0
МРСКСиб;60;20170427;140000;0.0726;0.073;0.0721;0.0724;82;0
МРСКСиб;60;20170427;150000;0.0728;0.0748;0.0728;0.0731;152;0
МРСКСиб;60;20170427;160000;0.0732;0.074;0.0732;0.074;158;0
МРСКСиб;60;20170427;170000;0.0731;0.0749;0.0729;0.073;70;0
МРСКСиб;60;20170427;180000;0.0728;0.0728;0.0727;0.0727;33;0
МРСКСиб;60;20170428;100000;0.0728;0.0759;0.0728;0.0742;43;0
МРСКСиб;60;20170428;110000;0.0749;0.0749;0.074;0.074;8;0
МРСКСиб;60;20170428;120000;0.0733;0.0733;0.0715;0.072;176;0
МРСКСиб;60;20170428;130000;0.0729;0.0729;0.0729;0.0729;77;0
МРСКСиб;60;20170428;170000;0.073;0.073;0.0722;0.073;44;0
МРСКСиб;60;20170428;180000;0.0722;0.073;0.0722;0.073;20;0
МРСКСиб;60;20170502;110000;0.0726;0.0726;0.0726;0.0726;1;0
МРСКСиб;60;20170502;120000;0.0733;0.0734;0.0733;0.0734;2;0
МРСКСиб;60;20170502;140000;0.0733;0.0734;0.0733;0.0734;13;0
МРСКСиб;60;20170502;170000;0.0733;0.0739;0.0733;0.0739;20;0
МРСКСиб;60;20170502;180000;0.0729;0.0738;0.0725;0.0738;178;0
МРСКСиб;60;20170503;100000;0.0741;0.075;0.074;0.0749;45;0
МРСКСиб;60;20170503;120000;0.0749;0.0749;0.0749;0.0749;2;0
МРСКСиб;60;20170503;170000;0.0734;0.0734;0.0734;0.0734;23;0
МРСКСиб;60;20170504;100000;0.0744;0.0746;0.0723;0.0734;256;0
МРСКСиб;60;20170504;110000;0.0735;0.0735;0.0735;0.0735;5;0
МРСКСиб;60;20170504;130000;0.0737;0.0737;0.0735;0.0735;100;0
МРСКСиб;60;20170504;140000;0.0735;0.0735;0.0735;0.0735;30;0
МРСКСиб;60;20170504;160000;0.074;0.074;0.074;0.074;25;0
МРСКСиб;60;20170504;170000;0.0741;0.0744;0.074;0.0744;27;0
МРСКСиб;60;20170504;180000;0.0748;0.0748;0.0748;0.0748;1;0
МРСКСиб;60;20170505;100000;0.0728;0.0745;0.0721;0.0721;86;0
МРСКСиб;60;20170505;110000;0.072;0.0739;0.072;0.0739;60;0
МРСКСиб;60;20170505;160000;0.0739;0.074;0.0728;0.074;36;0
МРСКСиб;60;20170505;180000;0.0741;0.0746;0.0741;0.0746;22;0
МРСКСиб;60;20170510;140000;0.0752;0.0752;0.075;0.0752;16;0
МРСКСиб;60;20170510;150000;0.0755;0.0755;0.0755;0.0755;3;0
МРСКСиб;60;20170510;160000;0.0755;0.0757;0.0755;0.0757;5;0
МРСКСиб;60;20170510;180000;0.0757;0.0757;0.0757;0.0757;1;0
МРСКСиб;60;20170511;110000;0.0757;0.0757;0.0757;0.0757;3;0
МРСКСиб;60;20170511;120000;0.0757;0.0757;0.0757;0.0757;5;0
МРСКСиб;60;20170511;170000;0.0745;0.0745;0.0716;0.072;72;0
МРСКСиб;60;20170511;180000;0.073;0.0735;0.073;0.0735;87;0
МРСКСиб;60;20170512;100000;0.0721;0.0721;0.072;0.0721;21;0
МРСКСиб;60;20170512;110000;0.0725;0.0725;0.0711;0.0711;31;0
МРСКСиб;60;20170512;120000;0.0722;0.0722;0.072;0.072;125;0
МРСКСиб;60;20170512;140000;0.0738;0.0739;0.0729;0.0729;50;0
МРСКСиб;60;20170515;100000;0.0722;0.0722;0.0722;0.0722;1;0
МРСКСиб;60;20170515;120000;0.074;0.074;0.074;0.074;1;0
МРСКСиб;60;20170515;130000;0.0724;0.0729;0.0724;0.0729;3;0
МРСКСиб;60;20170516;100000;0.0721;0.0721;0.0721;0.0721;1;0
МРСКСиб;60;20170516;140000;0.074;0.074;0.0729;0.073;6;0
МРСКСиб;60;20170516;170000;0.0717;0.0717;0.0717;0.0717;1;0
МРСКСиб;60;20170516;180000;0.0721;0.0724;0.0705;0.0705;293;0
МРСКСиб;60;20170517;100000;0.071;0.071;0.0709;0.0709;12;0
МРСКСиб;60;20170517;110000;0.0706;0.0706;0.07;0.07;63;0
МРСКСиб;60;20170517;160000;0.0702;0.0702;0.07;0.07;4;0
МРСКСиб;60;20170517;170000;0.071;0.071;0.0673;0.068;406;0
МРСКСиб;60;20170517;180000;0.0688;0.0688;0.0681;0.0687;59;0
МРСКСиб;60;20170518;110000;0.067;0.069;0.0668;0.069;36;0
МРСКСиб;60;20170518;130000;0.068;0.068;0.068;0.068;1;0
МРСКСиб;60;20170518;160000;0.0671;0.0686;0.0671;0.0686;2;0
МРСКСиб;60;20170518;170000;0.067;0.0679;0.0665;0.0668;9;0
МРСКСиб;60;20170518;180000;0.0675;0.0675;0.0675;0.0675;1;0
МРСКСиб;60;20170519;100000;0.0664;0.0664;0.0661;0.0661;76;0
МРСКСиб;60;20170519;110000;0.0662;0.0678;0.066;0.0678;869;0
МРСКСиб;60;20170519;120000;0.0661;0.0674;0.0653;0.0669;146;0
МРСКСиб;60;20170519;130000;0.0659;0.0659;0.0657;0.0657;2;0
МРСКСиб;60;20170519;140000;0.0658;0.0669;0.0658;0.0669;5;0
МРСКСиб;60;20170519;160000;0.0657;0.0657;0.0651;0.0651;83;0
МРСКСиб;60;20170519;170000;0.0652;0.0652;0.0652;0.0652;2;0
МРСКСиб;60;20170522;100000;0.0651;0.0651;0.0651;0.0651;2;0
МРСКСиб;60;20170522;130000;0.0668;0.0668;0.0668;0.0668;1;0
МРСКСиб;60;20170522;140000;0.0651;0.0668;0.0651;0.0668;2;0
МРСКСиб;60;20170522;150000;0.0666;0.0666;0.0666;0.0666;19;0
МРСКСиб;60;20170522;160000;0.065;0.0655;0.065;0.0655;4;0
МРСКСиб;60;20170522;170000;0.0664;0.0664;0.0664;0.0664;1;0
МРСКСиб;60;20170522;180000;0.065;0.065;0.0637;0.0637;33;0
МРСКСиб;60;20170523;100000;0.0642;0.0644;0.064;0.064;23;0
МРСКСиб;60;20170523;120000;0.0641;0.0645;0.0617;0.0623;120;0
МРСКСиб;60;20170523;130000;0.0635;0.0635;0.0635;0.0635;1;0
МРСКСиб;60;20170523;140000;0.0642;0.0642;0.0639;0.0639;41;0
МРСКСиб;60;20170523;150000;0.0639;0.0639;0.0639;0.0639;2;0
МРСКСиб;60;20170523;180000;0.0633;0.0633;0.0633;0.0633;2;0
МРСКСиб;60;20170524;120000;0.0636;0.0651;0.0636;0.0651;59;0
МРСКСиб;60;20170524;180000;0.0645;0.0645;0.0645;0.0645;10;0
МРСКСиб;60;20170525;090000;0.0669;0.0669;0.0669;0.0669;11;0
МРСКСиб;60;20170525;100000;0.0669;0.0674;0.0652;0.066;255;0
МРСКСиб;60;20170525;110000;0.0668;0.084;0.0668;0.0835;961;0
МРСКСиб;60;20170525;120000;0.0823;0.0825;0.07;0.0706;431;0
МРСКСиб;60;20170525;130000;0.0706;0.0718;0.07;0.07;253;0
МРСКСиб;60;20170525;140000;0.07;0.0714;0.0695;0.0695;115;0
МРСКСиб;60;20170525;150000;0.0704;0.0704;0.0704;0.0704;1;0
МРСКСиб;60;20170525;160000;0.0698;0.0698;0.0698;0.0698;1;0
МРСКСиб;60;20170525;170000;0.0695;0.0695;0.0684;0.069;58;0
МРСКСиб;60;20170525;180000;0.0684;0.0685;0.0677;0.0685;20;0
МРСКСиб;60;20170526;090000;0.0684;0.0684;0.0684;0.0684;4;0
МРСКСиб;60;20170526;100000;0.0677;0.0684;0.0677;0.068;38;0
МРСКСиб;60;20170526;110000;0.0676;0.0676;0.0654;0.066;58;0
МРСКСиб;60;20170526;120000;0.0665;0.0667;0.0653;0.0653;52;0
МРСКСиб;60;20170526;130000;0.0668;0.0678;0.0664;0.0678;191;0
МРСКСиб;60;20170526;140000;0.0658;0.0658;0.0658;0.0658;4;0
МРСКСиб;60;20170526;150000;0.0677;0.0677;0.0677;0.0677;2;0
МРСКСиб;60;20170526;160000;0.0677;0.0677;0.0677;0.0677;1;0
МРСКСиб;60;20170526;170000;0.0666;0.0668;0.0666;0.0668;2;0
МРСКСиб;60;20170526;180000;0.0661;0.0669;0.0661;0.0669;12;0
МРСКСиб;60;20170529;100000;0.0669;0.0669;0.0669;0.0669;1;0
МРСКСиб;60;20170529;110000;0.0658;0.0658;0.0658;0.0658;10;0
МРСКСиб;60;20170529;120000;0.066;0.066;0.066;0.066;1;0
МРСКСиб;60;20170529;150000;0.0667;0.0711;0.0667;0.071;304;0
МРСКСиб;60;20170529;160000;0.0711;0.0716;0.07;0.0716;117;0
МРСКСиб;60;20170529;170000;0.0717;0.0764;0.0714;0.0714;508;0
МРСКСиб;60;20170529;180000;0.0711;0.0711;0.0708;0.0708;14;0
МРСКСиб;60;20170530;100000;0.0711;0.0711;0.07;0.07;24;0
МРСКСиб;60;20170530;110000;0.0699;0.0699;0.068;0.068;32;0
МРСКСиб;60;20170530;120000;0.068;0.0694;0.068;0.0694;123;0
МРСКСиб;60;20170530;130000;0.0696;0.07;0.0691;0.0691;59;0
МРСКСиб;60;20170530;140000;0.069;0.07;0.0689;0.07;115;0
МРСКСиб;60;20170530;150000;0.0701;0.0705;0.0701;0.0705;3;0
МРСКСиб;60;20170531;100000;0.0706;0.0706;0.0706;0.0706;105;0
МРСКСиб;60;20170531;130000;0.0696;0.0696;0.0684;0.0694;10;0
МРСКСиб;60;20170531;140000;0.0695;0.0695;0.0695;0.0695;3;0
МРСКСиб;60;20170531;180000;0.0691;0.0691;0.0691;0.0691;7;0
МРСКСиб;60;20170601;110000;0.0685;0.0685;0.0685;0.0685;1;0
МРСКСиб;60;20170601;140000;0.0694;0.0695;0.0694;0.0695;5;0
МРСКСиб;60;20170601;170000;0.069;0.069;0.069;0.069;1;0
МРСКСиб;60;20170602;110000;0.0695;0.0695;0.0695;0.0695;5;0
МРСКСиб;60;20170602;160000;0.069;0.069;0.069;0.069;1;0
МРСКСиб;60;20170602;170000;0.0685;0.069;0.0685;0.069;4;0
МРСКСиб;60;20170602;180000;0.0689;0.07;0.0668;0.0668;148;0
МРСКСиб;60;20170605;100000;0.069;0.069;0.069;0.069;1;0
МРСКСиб;60;20170605;110000;0.0669;0.0669;0.0669;0.0669;1;0
МРСКСиб;60;20170605;120000;0.0689;0.0689;0.0689;0.0689;1;0
МРСКСиб;60;20170605;130000;0.0689;0.0689;0.0689;0.0689;50;0
МРСКСиб;60;20170605;160000;0.0688;0.0688;0.0671;0.0671;7;0
МРСКСиб;60;20170605;170000;0.0688;0.0689;0.0688;0.0689;5;0
МРСКСиб;60;20170606;100000;0.0699;0.0724;0.0699;0.0709;848;0
МРСКСиб;60;20170606;110000;0.0709;0.0727;0.0709;0.0724;11;0
МРСКСиб;60;20170606;130000;0.071;0.071;0.071;0.071;2;0
МРСКСиб;60;20170606;150000;0.0691;0.07;0.0686;0.07;74;0
МРСКСиб;60;20170606;160000;0.0697;0.07;0.0697;0.07;16;0
МРСКСиб;60;20170606;170000;0.07;0.0703;0.07;0.0703;10;0
МРСКСиб;60;20170606;180000;0.0702;0.0702;0.07;0.07;40;0
МРСКСиб;60;20170607;100000;0.0725;0.0725;0.071;0.071;2;0
МРСКСиб;60;20170607;110000;0.0692;0.0692;0.0692;0.0692;2;0
МРСКСиб;60;20170607;120000;0.07;0.07;0.0691;0.0692;33;0
МРСКСиб;60;20170607;130000;0.0691;0.0691;0.0653;0.0671;235;0
МРСКСиб;60;20170607;140000;0.0671;0.0671;0.0671;0.0671;1;0
МРСКСиб;60;20170607;150000;0.0675;0.0675;0.0675;0.0675;1;0
МРСКСиб;60;20170607;170000;0.0675;0.0675;0.0675;0.0675;1;0
МРСКСиб;60;20170607;180000;0.0676;0.0677;0.0669;0.0677;17;0
МРСКСиб;60;20170608;100000;0.0687;0.0688;0.0687;0.0688;14;0
МРСКСиб;60;20170608;120000;0.0663;0.0663;0.0661;0.0661;70;0
МРСКСиб;60;20170608;130000;0.0679;0.0679;0.0679;0.0679;1;0
МРСКСиб;60;20170608;150000;0.0662;0.0674;0.0655;0.0674;101;0
МРСКСиб;60;20170608;160000;0.0654;0.0654;0.0652;0.0652;11;0
МРСКСиб;60;20170608;180000;0.0658;0.0661;0.0652;0.0661;17;0
МРСКСиб;60;20170609;100000;0.0656;0.0667;0.0656;0.0667;16;0
МРСКСиб;60;20170609;110000;0.0667;0.0679;0.0667;0.067;29;0
МРСКСиб;60;20170609;130000;0.0678;0.0679;0.0678;0.0679;7;0
МРСКСиб;60;20170609;140000;0.0679;0.0688;0.0679;0.0688;2;0
МРСКСиб;60;20170609;150000;0.0666;0.0666;0.0655;0.0655;160;0
МРСКСиб;60;20170609;160000;0.0655;0.0655;0.0654;0.0655;46;0
МРСКСиб;60;20170609;170000;0.0653;0.0653;0.062;0.0639;391;0
МРСКСиб;60;20170609;180000;0.0636;0.0638;0.0634;0.0635;42;0
МРСКСиб;60;20170613;090000;0.064;0.064;0.064;0.064;1;0
МРСКСиб;60;20170613;100000;0.0636;0.064;0.0634;0.0634;34;0
МРСКСиб;60;20170613;120000;0.0635;0.0635;0.0635;0.0635;26;0
МРСКСиб;60;20170613;140000;0.0635;0.0636;0.0627;0.0636;23;0
МРСКСиб;60;20170613;150000;0.0638;0.0642;0.0635;0.0635;77;0
МРСКСиб;60;20170613;160000;0.0635;0.0647;0.0635;0.0647;5;0
МРСКСиб;60;20170614;100000;0.0646;0.0646;0.0619;0.0625;219;0
МРСКСиб;60;20170614;110000;0.0624;0.0625;0.0618;0.0618;97;0
МРСКСиб;60;20170614;130000;0.0624;0.0624;0.0624;0.0624;1;0
МРСКСиб;60;20170614;140000;0.0624;0.0624;0.0615;0.0621;207;0
МРСКСиб;60;20170614;150000;0.0621;0.063;0.0615;0.0626;273;0
МРСКСиб;60;20170614;170000;0.0617;0.0637;0.0615;0.063;69;0
МРСКСиб;60;20170614;180000;0.0625;0.0629;0.0625;0.0629;18;0
МРСКСиб;60;20170615;100000;0.0629;0.0629;0.0629;0.0629;9;0
МРСКСиб;60;20170615;110000;0.0628;0.0628;0.0598;0.061;93;0
МРСКСиб;60;20170615;120000;0.0614;0.0614;0.0607;0.0607;21;0
МРСКСиб;60;20170615;130000;0.0614;0.0614;0.0614;0.0614;1;0
МРСКСиб;60;20170615;150000;0.0613;0.0613;0.061;0.061;5;0
МРСКСиб;60;20170615;180000;0.061;0.0615;0.0581;0.0611;185;0
МРСКСиб;60;20170616;100000;0.0605;0.0626;0.0605;0.0618;52;0
МРСКСиб;60;20170616;110000;0.0619;0.0622;0.0619;0.0622;4;0
МРСКСиб;60;20170616;160000;0.0613;0.0613;0.0613;0.0613;4;0
МРСКСиб;60;20170616;180000;0.0614;0.0614;0.0614;0.0614;4;0
МРСКСиб;60;20170619;100000;0.0619;0.062;0.0619;0.062;8;0
МРСКСиб;60;20170619;120000;0.0619;0.0619;0.0615;0.0615;4;0
МРСКСиб;60;20170619;150000;0.0619;0.0619;0.0619;0.0619;1;0
МРСКСиб;60;20170619;170000;0.0619;0.0619;0.0614;0.0619;14;0
МРСКСиб;60;20170619;180000;0.0611;0.0618;0.0611;0.0618;2;0
МРСКСиб;60;20170620;100000;0.062;0.063;0.062;0.063;72;0
МРСКСиб;60;20170620;110000;0.063;0.0639;0.0622;0.0639;38;0
МРСКСиб;60;20170620;120000;0.0639;0.0639;0.0639;0.0639;1;0
МРСКСиб;60;20170620;130000;0.0638;0.064;0.0638;0.064;24;0
МРСКСиб;60;20170620;140000;0.064;0.0646;0.0617;0.0631;71;0
МРСКСиб;60;20170620;150000;0.0618;0.0629;0.0617;0.0618;13;0
МРСКСиб;60;20170620;160000;0.0617;0.0627;0.0609;0.0627;57;0
МРСКСиб;60;20170620;180000;0.0611;0.062;0.0608;0.062;28;0
МРСКСиб;60;20170621;100000;0.0621;0.0621;0.062;0.062;2;0
МРСКСиб;60;20170621;140000;0.0617;0.0617;0.0613;0.0613;3;0
МРСКСиб;60;20170621;150000;0.0613;0.062;0.061;0.062;38;0
МРСКСиб;60;20170621;160000;0.062;0.062;0.062;0.062;1;0
МРСКСиб;60;20170621;170000;0.062;0.062;0.062;0.062;1;0
МРСКСиб;60;20170621;180000;0.0619;0.0619;0.0619;0.0619;6;0
МРСКСиб;60;20170622;110000;0.0621;0.0621;0.0621;0.0621;1;0
МРСКСиб;60;20170622;120000;0.0621;0.0621;0.0621;0.0621;1;0
МРСКСиб;60;20170622;130000;0.0621;0.0621;0.0621;0.0621;1;0
МРСКСиб;60;20170622;140000;0.0621;0.0621;0.0614;0.062;32;0
МРСКСиб;60;20170622;150000;0.062;0.0631;0.062;0.0631;31;0
МРСКСиб;60;20170622;170000;0.063;0.0635;0.0622;0.0627;46;0
МРСКСиб;60;20170623;100000;0.0625;0.0628;0.0625;0.0628;14;0
МРСКСиб;60;20170623;140000;0.0631;0.0631;0.0612;0.0625;110;0
МРСКСиб;60;20170623;150000;0.0619;0.0624;0.0618;0.0624;7;0
МРСКСиб;60;20170623;160000;0.0627;0.0627;0.0627;0.0627;1;0
МРСКСиб;60;20170623;170000;0.0625;0.0625;0.0625;0.0625;1;0
МРСКСиб;60;20170623;180000;0.0621;0.0621;0.0621;0.0621;26;0
МРСКСиб;60;20170626;100000;0.0624;0.0633;0.0624;0.0631;15;0
МРСКСиб;60;20170626;120000;0.0632;0.0634;0.0632;0.0634;21;0
МРСКСиб;60;20170626;130000;0.0634;0.064;0.0634;0.064;112;0
МРСКСиб;60;20170626;140000;0.0639;0.0652;0.0639;0.0652;286;0
МРСКСиб;60;20170626;150000;0.0655;0.066;0.0655;0.066;2;0
МРСКСиб;60;20170626;160000;0.0655;0.0664;0.0655;0.0664;61;0
МРСКСиб;60;20170626;170000;0.0655;0.066;0.0652;0.066;14;0
МРСКСиб;60;20170626;180000;0.0659;0.0662;0.065;0.0662;93;0
МРСКСиб;60;20170627;100000;0.0663;0.0664;0.0663;0.0664;19;0
МРСКСиб;60;20170627;180000;0.066;0.069;0.066;0.067;124;0
МРСКСиб;60;20170628;100000;0.068;0.068;0.067;0.067;13;0
МРСКСиб;60;20170628;140000;0.067;0.0671;0.067;0.067;10;0
МРСКСиб;60;20170628;160000;0.068;0.068;0.068;0.068;1;0
МРСКСиб;60;20170628;180000;0.0679;0.0679;0.0679;0.0679;5;0
МРСКСиб;60;20170629;170000;0.0679;0.0679;0.0679;0.0679;2;0
МРСКСиб;60;20170629;180000;0.0668;0.0674;0.0663;0.0674;9;0
МРСКСиб;60;20170630;100000;0.0676;0.0676;0.0676;0.0676;1;0
МРСКСиб;60;20170630;170000;0.0667;0.0667;0.0667;0.0667;3;0
МРСКСиб;60;20170703;100000;0.0677;0.0677;0.0677;0.0677;1;0
МРСКСиб;60;20170703;160000;0.0671;0.0677;0.0671;0.0677;2;0
МРСКСиб;60;20170703;170000;0.0672;0.0672;0.067;0.067;24;0
МРСКСиб;60;20170704;110000;0.0677;0.0677;0.0677;0.0677;3;0
МРСКСиб;60;20170704;120000;0.0672;0.0672;0.0672;0.0672;4;0
МРСКСиб;60;20170704;150000;0.0671;0.0671;0.0656;0.0656;85;0
МРСКСиб;60;20170704;160000;0.0656;0.0656;0.0654;0.0656;7;0
МРСКСиб;60;20170704;170000;0.0656;0.0656;0.0656;0.0656;135;0
МРСКСиб;60;20170704;180000;0.0663;0.0664;0.0663;0.0664;137;0
МРСКСиб;60;20170705;100000;0.0666;0.0675;0.0666;0.0675;18;0
МРСКСиб;60;20170705;110000;0.0674;0.068;0.0674;0.068;36;0
МРСКСиб;60;20170705;120000;0.0679;0.068;0.067;0.067;9;0
МРСКСиб;60;20170705;140000;0.0679;0.0679;0.0679;0.0679;1;0
МРСКСиб;60;20170705;180000;0.0673;0.0673;0.0671;0.0671;72;0
МРСКСиб;60;20170706;100000;0.0679;0.0679;0.0679;0.0679;1;0
МРСКСиб;60;20170706;170000;0.0679;0.0685;0.0679;0.0685;28;0
МРСКСиб;60;20170706;180000;0.0685;0.0685;0.0676;0.0676;9;0
МРСКСиб;60;20170707;100000;0.0677;0.0685;0.0677;0.0685;2;0
МРСКСиб;60;20170707;110000;0.0679;0.0679;0.0668;0.0671;51;0
МРСКСиб;60;20170707;120000;0.067;0.067;0.067;0.067;1;0
МРСКСиб;60;20170707;170000;0.0669;0.0669;0.0669;0.0669;7;0
МРСКСиб;60;20170710;100000;0.0678;0.0678;0.0678;0.0678;1;0
МРСКСиб;60;20170710;170000;0.0678;0.068;0.0678;0.068;10;0
МРСКСиб;60;20170710;180000;0.068;0.068;0.068;0.068;2;0
МРСКСиб;60;20170711;100000;0.0682;0.0682;0.0682;0.0682;1;0
МРСКСиб;60;20170711;130000;0.068;0.0683;0.068;0.0683;49;0
МРСКСиб;60;20170711;160000;0.068;0.0682;0.068;0.0682;20;0
МРСКСиб;60;20170712;100000;0.0684;0.0684;0.0684;0.0684;1;0
МРСКСиб;60;20170712;110000;0.0682;0.0682;0.0682;0.0682;50;0
МРСКСиб;60;20170712;170000;0.0675;0.0675;0.0674;0.0674;2;0
МРСКСиб;60;20170712;180000;0.0672;0.0672;0.0672;0.0672;36;0
МРСКСиб;60;20170713;100000;0.0681;0.0681;0.0681;0.0681;3;0
МРСКСиб;60;20170714;130000;0.067;0.067;0.067;0.067;11;0
МРСКСиб;60;20170717;100000;0.0664;0.0664;0.0664;0.0664;9;0
МРСКСиб;60;20170717;110000;0.0664;0.0664;0.0664;0.0664;5;0
МРСКСиб;60;20170717;120000;0.0681;0.0681;0.0681;0.0681;12;0
МРСКСиб;60;20170717;140000;0.0676;0.0676;0.0669;0.0669;11;0
МРСКСиб;60;20170718;100000;0.0677;0.0681;0.0675;0.0681;128;0
МРСКСиб;60;20170718;110000;0.0681;0.0722;0.0681;0.0722;347;0
МРСКСиб;60;20170718;120000;0.0724;0.0738;0.0722;0.0734;26;0
МРСКСиб;60;20170718;130000;0.0734;0.076;0.0734;0.0743;706;0
МРСКСиб;60;20170718;140000;0.075;0.0753;0.075;0.0752;32;0
МРСКСиб;60;20170718;150000;0.074;0.0752;0.0735;0.075;85;0
МРСКСиб;60;20170718;160000;0.0751;0.0751;0.0733;0.075;23;0
МРСКСиб;60;20170718;170000;0.0736;0.075;0.0732;0.075;43;0
МРСКСиб;60;20170718;180000;0.0749;0.075;0.0737;0.075;45;0
МРСКСиб;60;20170719;100000;0.0751;0.082;0.0751;0.0791;150;0
МРСКСиб;60;20170719;110000;0.079;0.079;0.0769;0.0769;106;0
МРСКСиб;60;20170719;120000;0.0769;0.0769;0.0751;0.0751;45;0
МРСКСиб;60;20170719;130000;0.0761;0.0761;0.0759;0.0759;28;0
МРСКСиб;60;20170719;140000;0.0761;0.0795;0.075;0.075;262;0
МРСКСиб;60;20170719;150000;0.0751;0.0761;0.0751;0.0761;2;0
МРСКСиб;60;20170719;160000;0.0762;0.0766;0.0762;0.0766;2;0
МРСКСиб;60;20170719;170000;0.0762;0.0766;0.0762;0.0766;3;0
МРСКСиб;60;20170719;180000;0.0766;0.0766;0.0766;0.0766;1;0
МРСКСиб;60;20170720;100000;0.077;0.0792;0.077;0.0778;17;0
МРСКСиб;60;20170720;110000;0.0787;0.0787;0.075;0.075;102;0
МРСКСиб;60;20170720;120000;0.075;0.075;0.075;0.075;21;0
МРСКСиб;60;20170720;130000;0.0761;0.077;0.0751;0.0751;57;0
МРСКСиб;60;20170720;140000;0.0762;0.0781;0.0762;0.078;50;0
МРСКСиб;60;20170720;150000;0.0781;0.079;0.0781;0.079;8;0
МРСКСиб;60;20170720;160000;0.0788;0.0788;0.0788;0.0788;10;0
МРСКСиб;60;20170720;170000;0.0788;0.0789;0.0788;0.0789;8;0
МРСКСиб;60;20170720;180000;0.0787;0.0789;0.0787;0.0789;358;0
МРСКСиб;60;20170721;100000;0.0793;0.0797;0.078;0.078;3;0
МРСКСиб;60;20170721;120000;0.0788;0.08;0.0788;0.08;481;0
МРСКСиб;60;20170721;140000;0.08;0.08;0.08;0.08;1;0
МРСКСиб;60;20170721;160000;0.0787;0.0787;0.0784;0.0784;4;0
МРСКСиб;60;20170721;170000;0.0784;0.0784;0.0784;0.0784;20;0
МРСКСиб;60;20170721;180000;0.0782;0.0783;0.0774;0.0783;22;0
МРСКСиб;60;20170724;100000;0.0784;0.0789;0.0771;0.0789;23;0
МРСКСиб;60;20170724;140000;0.0793;0.08;0.0793;0.08;103;0
МРСКСиб;60;20170724;180000;0.079;0.083;0.079;0.0825;569;0
МРСКСиб;60;20170725;100000;0.0824;0.0885;0.0824;0.087;737;0
МРСКСиб;60;20170725;110000;0.087;0.0884;0.0855;0.0868;388;0
МРСКСиб;60;20170725;120000;0.087;0.0885;0.087;0.0885;553;0
МРСКСиб;60;20170725;130000;0.0885;0.0895;0.0874;0.0875;166;0
МРСКСиб;60;20170725;140000;0.0874;0.0874;0.0868;0.0868;101;0
МРСКСиб;60;20170725;150000;0.0868;0.0868;0.0865;0.0865;53;0
МРСКСиб;60;20170725;170000;0.0864;0.0879;0.0864;0.0879;118;0
МРСКСиб;60;20170725;180000;0.0878;0.091;0.0878;0.0895;1591;0
МРСКСиб;60;20170726;100000;0.0908;0.093;0.0892;0.0907;599;0
МРСКСиб;60;20170726;110000;0.0908;0.0924;0.0896;0.0924;220;0
МРСКСиб;60;20170726;120000;0.0924;0.0925;0.0905;0.0917;81;0
МРСКСиб;60;20170726;130000;0.0925;0.094;0.0913;0.0936;897;0
МРСКСиб;60;20170726;140000;0.0939;0.0949;0.0939;0.0941;71;0
МРСКСиб;60;20170726;150000;0.0945;0.0945;0.0932;0.0932;9;0
МРСКСиб;60;20170726;160000;0.0943;0.0943;0.0931;0.0931;3;0
МРСКСиб;60;20170726;170000;0.0927;0.0927;0.0918;0.0918;3;0
МРСКСиб;60;20170726;180000;0.092;0.095;0.0918;0.095;700;0
МРСКСиб;60;20170727;100000;0.095;0.0953;0.0908;0.0943;123;0
МРСКСиб;60;20170727;110000;0.0935;0.0947;0.0932;0.0947;58;0
МРСКСиб;60;20170727;120000;0.0946;0.0946;0.0946;0.0946;9;0
МРСКСиб;60;20170727;130000;0.0932;0.0932;0.0932;0.0932;10;0
МРСКСиб;60;20170727;140000;0.0932;0.0932;0.0919;0.0921;13;0
МРСКСиб;60;20170727;150000;0.092;0.092;0.092;0.092;2;0
МРСКСиб;60;20170727;160000;0.092;0.092;0.092;0.092;1;0
МРСКСиб;60;20170727;170000;0.0927;0.0947;0.0927;0.0947;41;0
МРСКСиб;60;20170727;180000;0.0932;0.0945;0.0931;0.0945;16;0
МРСКСиб;60;20170728;100000;0.0928;0.0928;0.0922;0.0922;11;0
МРСКСиб;60;20170728;120000;0.0919;0.0932;0.089;0.089;414;0
МРСКСиб;60;20170728;130000;0.0891;0.09;0.0891;0.09;15;0
МРСКСиб;60;20170728;140000;0.089;0.0928;0.089;0.0917;242;0
МРСКСиб;60;20170728;150000;0.0917;0.0919;0.0913;0.0919;12;0
МРСКСиб;60;20170728;160000;0.091;0.091;0.087;0.0881;590;0
МРСКСиб;60;20170728;170000;0.0895;0.0895;0.0891;0.0891;3;0
МРСКСиб;60;20170728;180000;0.0898;0.0898;0.0886;0.0886;3;0
МРСКСиб;60;20170731;100000;0.0898;0.0898;0.0847;0.0847;151;0
МРСКСиб;60;20170731;110000;0.0859;0.0864;0.0859;0.0864;2;0
МРСКСиб;60;20170731;130000;0.0852;0.0858;0.0844;0.0858;52;0
МРСКСиб;60;20170731;140000;0.0858;0.0859;0.0858;0.0859;54;0
МРСКСиб;60;20170731;150000;0.0859;0.0859;0.0859;0.0859;45;0
МРСКСиб;60;20170731;160000;0.0864;0.0864;0.0864;0.0864;1;0
МРСКСиб;60;20170731;170000;0.0868;0.0872;0.0868;0.0872;2;0
МРСКСиб;60;20170731;180000;0.0871;0.0881;0.0871;0.0881;100;0
МРСКСиб;60;20170801;100000;0.0885;0.0885;0.0885;0.0885;1;0
МРСКСиб;60;20170801;110000;0.0869;0.0869;0.0868;0.0868;41;0
МРСКСиб;60;20170801;120000;0.087;0.0878;0.087;0.0878;46;0
МРСКСиб;60;20170801;130000;0.0868;0.0895;0.0868;0.0895;15;0
МРСКСиб;60;20170801;160000;0.0882;0.0882;0.0882;0.0882;1;0
МРСКСиб;60;20170801;170000;0.089;0.089;0.089;0.089;9;0
МРСКСиб;60;20170801;180000;0.0895;0.0902;0.0895;0.09;28;0
МРСКСиб;60;20170802;100000;0.0904;0.0904;0.0904;0.0904;1;0
МРСКСиб;60;20170802;110000;0.09;0.0913;0.09;0.0913;3;0
МРСКСиб;60;20170802;120000;0.0913;0.0913;0.0913;0.0913;16;0
МРСКСиб;60;20170802;130000;0.0913;0.0921;0.0913;0.0921;8;0
МРСКСиб;60;20170802;150000;0.0918;0.0919;0.0918;0.0919;12;0
МРСКСиб;60;20170802;170000;0.0913;0.0919;0.0913;0.0919;18;0
МРСКСиб;60;20170802;180000;0.0918;0.092;0.0918;0.092;58;0
МРСКСиб;60;20170803;100000;0.0919;0.0919;0.09;0.09;10;0
МРСКСиб;60;20170803;120000;0.0901;0.0901;0.0874;0.0895;63;0
МРСКСиб;60;20170803;130000;0.0899;0.0917;0.0899;0.0917;8;0
МРСКСиб;60;20170803;140000;0.0917;0.093;0.0917;0.092;510;0
МРСКСиб;60;20170803;150000;0.092;0.0932;0.092;0.0932;44;0
МРСКСиб;60;20170803;170000;0.0931;0.0934;0.092;0.092;8;0
МРСКСиб;60;20170803;180000;0.092;0.092;0.092;0.092;52;0
МРСКСиб;60;20170804;090000;0.0953;0.0953;0.0953;0.0953;4;0
МРСКСиб;60;20170804;100000;0.0953;0.0953;0.0932;0.0937;174;0
МРСКСиб;60;20170804;110000;0.0937;0.0937;0.0922;0.0922;6;0
МРСКСиб;60;20170804;120000;0.0918;0.0921;0.0891;0.0891;50;0
МРСКСиб;60;20170804;130000;0.0891;0.0891;0.0888;0.0888;67;0
МРСКСиб;60;20170804;140000;0.0899;0.0924;0.0895;0.0895;27;0
МРСКСиб;60;20170804;150000;0.0904;0.0904;0.0904;0.0904;1;0
МРСКСиб;60;20170804;160000;0.0903;0.0904;0.0903;0.0904;15;0
МРСКСиб;60;20170804;170000;0.0893;0.091;0.0893;0.091;719;0
МРСКСиб;60;20170804;180000;0.091;0.091;0.0891;0.0902;37;0
МРСКСиб;60;20170807;100000;0.0908;0.0908;0.0881;0.0885;1099;0
МРСКСиб;60;20170807;110000;0.0895;0.0899;0.0885;0.0886;780;0
МРСКСиб;60;20170807;130000;0.0886;0.0886;0.0885;0.0885;258;0
МРСКСиб;60;20170807;140000;0.0892;0.0892;0.0885;0.0885;8;0
МРСКСиб;60;20170807;150000;0.0898;0.0898;0.0885;0.0885;62;0
МРСКСиб;60;20170808;100000;0.0889;0.0896;0.0889;0.0896;40;0
МРСКСиб;60;20170808;110000;0.0898;0.0903;0.0818;0.0841;783;0
МРСКСиб;60;20170808;120000;0.0855;0.0872;0.0841;0.0851;26;0
МРСКСиб;60;20170808;130000;0.0865;0.0865;0.0844;0.0844;477;0
МРСКСиб;60;20170808;140000;0.0858;0.0886;0.0858;0.0879;30;0
МРСКСиб;60;20170808;160000;0.088;0.088;0.088;0.088;1;0
МРСКСиб;60;20170808;170000;0.0889;0.089;0.0883;0.0883;54;0
МРСКСиб;60;20170808;180000;0.089;0.089;0.089;0.089;1;0
МРСКСиб;60;20170809;100000;0.0893;0.0893;0.0875;0.0875;48;0
МРСКСиб;60;20170809;110000;0.0876;0.0876;0.0876;0.0876;1;0
МРСКСиб;60;20170809;130000;0.0876;0.0876;0.0875;0.0875;80;0
МРСКСиб;60;20170809;160000;0.0888;0.0888;0.0887;0.0888;17;0
МРСКСиб;60;20170809;180000;0.0888;0.0893;0.0888;0.0893;40;0
МРСКСиб;60;20170810;100000;0.0877;0.0895;0.0873;0.0895;5;0
МРСКСиб;60;20170810;140000;0.0899;0.0909;0.0898;0.09;56;0
МРСКСиб;60;20170810;150000;0.0895;0.0895;0.0895;0.0895;1;0
МРСКСиб;60;20170810;160000;0.09;0.091;0.09;0.091;80;0
МРСКСиб;60;20170810;180000;0.0895;0.0895;0.0891;0.0891;2;0
МРСКСиб;60;20170811;110000;0.089;0.09;0.0868;0.0868;12;0
МРСКСиб;60;20170811;120000;0.0881;0.0881;0.0881;0.0881;1;0
МРСКСиб;60;20170811;140000;0.088;0.088;0.0866;0.0866;16;0
МРСКСиб;60;20170811;170000;0.0865;0.0865;0.0865;0.0865;1;0
МРСКСиб;60;20170811;180000;0.0877;0.0879;0.0877;0.0879;3;0
МРСКСиб;60;20170814;100000;0.0881;0.093;0.0881;0.0911;131;0
МРСКСиб;60;20170814;110000;0.0911;0.092;0.0911;0.092;31;0
МРСКСиб;60;20170814;120000;0.092;0.101;0.092;0.0962;1031;0
МРСКСиб;60;20170814;130000;0.0961;0.1068;0.095;0.1039;2270;0
МРСКСиб;60;20170814;140000;0.1038;0.1038;0.1006;0.1023;79;0
МРСКСиб;60;20170814;150000;0.1011;0.1044;0.1007;0.1014;126;0
МРСКСиб;60;20170814;160000;0.1024;0.1024;0.1016;0.102;18;0
МРСКСиб;60;20170814;170000;0.102;0.102;0.0989;0.1007;556;0
МРСКСиб;60;20170814;180000;0.1007;0.1029;0.1001;0.1025;250;0
МРСКСиб;60;20170815;100000;0.103;0.14;0.1009;0.1271;1095;0
МРСКСиб;60;20170815;110000;0.1269;0.1399;0.1269;0.1344;1775;0
МРСКСиб;60;20170815;120000;0.1345;0.1388;0.1323;0.1345;695;0
МРСКСиб;60;20170815;130000;0.134;0.1345;0.1199;0.12;884;0
МРСКСиб;60;20170815;140000;0.1228;0.128;0.1228;0.1245;285;0
МРСКСиб;60;20170815;150000;0.1246;0.1264;0.1245;0.1264;214;0
МРСКСиб;60;20170815;160000;0.1241;0.1254;0.1227;0.1227;80;0
МРСКСиб;60;20170815;170000;0.1242;0.1242;0.1192;0.1224;361;0
МРСКСиб;60;20170815;180000;0.1219;0.1219;0.12;0.12;164;0
МРСКСиб;60;20170816;090000;0.1288;0.1288;0.1288;0.1288;30;0
МРСКСиб;60;20170816;100000;0.1258;0.1275;0.1102;0.1128;1686;0
МРСКСиб;60;20170816;110000;0.1128;0.1168;0.1127;0.1159;317;0
МРСКСиб;60;20170816;120000;0.1156;0.1159;0.1138;0.1138;139;0
МРСКСиб;60;20170816;130000;0.1138;0.1149;0.1127;0.1127;92;0
МРСКСиб;60;20170816;140000;0.1133;0.1148;0.1133;0.1148;2;0
МРСКСиб;60;20170816;150000;0.1134;0.1157;0.1118;0.113;295;0
МРСКСиб;60;20170816;170000;0.1146;0.1147;0.112;0.1139;48;0
МРСКСиб;60;20170816;180000;0.1139;0.1145;0.1121;0.1121;65;0
МРСКСиб;60;20170817;100000;0.1139;0.1139;0.11;0.1116;217;0
МРСКСиб;60;20170817;110000;0.1105;0.1108;0.108;0.1105;205;0
МРСКСиб;60;20170817;120000;0.1095;0.112;0.1095;0.112;309;0
МРСКСиб;60;20170817;130000;0.1139;0.1139;0.1082;0.1098;133;0
МРСКСиб;60;20170817;140000;0.1082;0.1095;0.1082;0.1095;55;0
МРСКСиб;60;20170817;150000;0.1087;0.1087;0.1087;0.1087;9;0
МРСКСиб;60;20170817;160000;0.1087;0.1123;0.1087;0.1123;117;0
МРСКСиб;60;20170817;170000;0.1123;0.1159;0.111;0.113;398;0
МРСКСиб;60;20170817;180000;0.1129;0.1144;0.111;0.1138;66;0
МРСКСиб;60;20170818;100000;0.1159;0.1165;0.1144;0.115;29;0
МРСКСиб;60;20170818;110000;0.1148;0.115;0.1148;0.115;38;0
МРСКСиб;60;20170818;120000;0.115;0.115;0.115;0.115;1;0
МРСКСиб;60;20170818;130000;0.114;0.114;0.1111;0.1111;5;0
МРСКСиб;60;20170818;140000;0.1157;0.1158;0.115;0.1157;9;0
МРСКСиб;60;20170818;150000;0.1157;0.1165;0.1157;0.1165;19;0
МРСКСиб;60;20170818;160000;0.115;0.1165;0.115;0.1159;41;0
МРСКСиб;60;20170818;170000;0.1164;0.1165;0.1144;0.1145;15;0
МРСКСиб;60;20170818;180000;0.112;0.1144;0.1119;0.1144;26;0
МРСКСиб;60;20170821;100000;0.113;0.118;0.113;0.1175;37;0
МРСКСиб;60;20170821;110000;0.1173;0.1174;0.115;0.1165;7;0
МРСКСиб;60;20170821;120000;0.1171;0.1171;0.1171;0.1171;2;0
МРСКСиб;60;20170821;130000;0.1171;0.1179;0.1161;0.1161;76;0
МРСКСиб;60;20170821;140000;0.1168;0.1168;0.1168;0.1168;5;0
МРСКСиб;60;20170821;150000;0.1168;0.1168;0.1168;0.1168;5;0
МРСКСиб;60;20170821;160000;0.1169;0.1169;0.1169;0.1169;1;0
МРСКСиб;60;20170821;170000;0.1169;0.1169;0.1169;0.1169;10;0
МРСКСиб;60;20170821;180000;0.1155;0.1155;0.115;0.115;13;0
МРСКСиб;60;20170822;100000;0.1149;0.117;0.1144;0.116;465;0
МРСКСиб;60;20170822;110000;0.1159;0.116;0.1159;0.116;28;0
МРСКСиб;60;20170822;120000;0.1164;0.126;0.1164;0.1197;220;0
МРСКСиб;60;20170822;130000;0.1184;0.1209;0.117;0.117;209;0
МРСКСиб;60;20170822;140000;0.117;0.117;0.1165;0.1165;54;0
МРСКСиб;60;20170822;150000;0.1163;0.122;0.116;0.122;1030;0
МРСКСиб;60;20170822;160000;0.1204;0.1239;0.1204;0.123;563;0
МРСКСиб;60;20170822;170000;0.1221;0.1249;0.12;0.1248;341;0
МРСКСиб;60;20170822;180000;0.1248;0.1248;0.1228;0.1248;257;0
МРСКСиб;60;20170823;090000;0.1273;0.1273;0.1273;0.1273;9;0
МРСКСиб;60;20170823;100000;0.1273;0.157;0.1273;0.1457;3196;0
МРСКСиб;60;20170823;110000;0.1433;0.1438;0.14;0.14;597;0
МРСКСиб;60;20170823;120000;0.14;0.143;0.14;0.14;228;0
МРСКСиб;60;20170823;130000;0.1401;0.1482;0.14;0.1434;374;0
МРСКСиб;60;20170823;140000;0.1433;0.144;0.1398;0.144;79;0
МРСКСиб;60;20170823;150000;0.1438;0.1458;0.143;0.1458;134;0
МРСКСиб;60;20170823;160000;0.1457;0.1458;0.1426;0.1426;67;0
МРСКСиб;60;20170823;170000;0.1442;0.1457;0.1442;0.1457;8;0
МРСКСиб;60;20170823;180000;0.1455;0.1458;0.141;0.1412;784;0
МРСКСиб;60;20170824;100000;0.1412;0.1519;0.1372;0.1427;890;0
МРСКСиб;60;20170824;110000;0.1427;0.146;0.1427;0.1459;462;0
МРСКСиб;60;20170824;120000;0.1436;0.146;0.1436;0.146;303;0
МРСКСиб;60;20170824;130000;0.1467;0.1555;0.145;0.1552;751;0
МРСКСиб;60;20170824;140000;0.1554;0.1555;0.145;0.1501;266;0
МРСКСиб;60;20170824;150000;0.1527;0.158;0.147;0.147;1625;0
МРСКСиб;60;20170824;160000;0.147;0.1472;0.1441;0.1466;923;0
МРСКСиб;60;20170824;170000;0.1467;0.148;0.1452;0.147;109;0
МРСКСиб;60;20170824;180000;0.1458;0.1478;0.1451;0.1471;209;0
МРСКСиб;60;20170825;100000;0.15;0.1579;0.147;0.1546;1939;0
МРСКСиб;60;20170825;110000;0.1545;0.156;0.15;0.1533;881;0
МРСКСиб;60;20170825;120000;0.1532;0.1532;0.1489;0.15;275;0
МРСКСиб;60;20170825;130000;0.151;0.153;0.149;0.153;331;0
МРСКСиб;60;20170825;140000;0.151;0.1528;0.1481;0.15;1122;0
МРСКСиб;60;20170825;150000;0.1499;0.1499;0.1481;0.1481;149;0
МРСКСиб;60;20170825;160000;0.1481;0.1498;0.148;0.148;214;0
МРСКСиб;60;20170825;170000;0.148;0.1497;0.1462;0.1497;648;0
МРСКСиб;60;20170825;180000;0.1498;0.1498;0.1477;0.1477;165;0
МРСКСиб;60;20170828;100000;0.1519;0.155;0.1499;0.15;1323;0
МРСКСиб;60;20170828;110000;0.15;0.15;0.1462;0.1495;186;0
МРСКСиб;60;20170828;120000;0.1494;0.1495;0.1491;0.1491;4;0
МРСКСиб;60;20170828;130000;0.1492;0.1493;0.1463;0.1492;36;0
МРСКСиб;60;20170828;140000;0.1493;0.1496;0.1493;0.1496;7;0
МРСКСиб;60;20170828;150000;0.1476;0.1495;0.1475;0.1495;60;0
МРСКСиб;60;20170828;160000;0.1477;0.1477;0.1475;0.1475;99;0
МРСКСиб;60;20170828;170000;0.1467;0.1467;0.1462;0.1462;68;0
МРСКСиб;60;20170828;180000;0.1462;0.1485;0.1462;0.1462;8;0
МРСКСиб;60;20170829;100000;0.1524;0.1554;0.1415;0.1476;327;0
МРСКСиб;60;20170829;110000;0.1462;0.1474;0.1432;0.1474;90;0
МРСКСиб;60;20170829;120000;0.1455;0.1455;0.143;0.143;42;0
МРСКСиб;60;20170829;130000;0.143;0.1449;0.1412;0.1412;154;0
МРСКСиб;60;20170829;140000;0.141;0.1418;0.1401;0.141;117;0
МРСКСиб;60;20170829;150000;0.1405;0.1405;0.1359;0.1399;365;0
МРСКСиб;60;20170829;160000;0.1396;0.1396;0.1378;0.1378;2;0
МРСКСиб;60;20170829;170000;0.1396;0.14;0.1396;0.14;62;0
МРСКСиб;60;20170829;180000;0.14;0.1409;0.14;0.1409;74;0
МРСКСиб;60;20170830;090000;0.1449;0.1449;0.1449;0.1449;10;0
МРСКСиб;60;20170830;100000;0.1441;0.1449;0.1426;0.1449;88;0
МРСКСиб;60;20170830;110000;0.1428;0.1428;0.14;0.14;134;0
МРСКСиб;60;20170830;120000;0.1398;0.14;0.1301;0.1359;97;0
МРСКСиб;60;20170830;130000;0.136;0.1397;0.136;0.1397;7;0
МРСКСиб;60;20170830;140000;0.1399;0.1399;0.132;0.132;25;0
МРСКСиб;60;20170830;150000;0.1395;0.1395;0.1392;0.1394;18;0
МРСКСиб;60;20170830;160000;0.1394;0.1399;0.1394;0.1399;25;0
МРСКСиб;60;20170830;170000;0.1399;0.1443;0.1399;0.1443;117;0
МРСКСиб;60;20170830;180000;0.1442;0.1442;0.1442;0.1442;13;0
МРСКСиб;60;20170831;100000;0.1443;0.1457;0.14;0.14;151;0
МРСКСиб;60;20170831;110000;0.1423;0.1458;0.1399;0.1455;177;0
МРСКСиб;60;20170831;120000;0.1434;0.1434;0.1419;0.1419;17;0
МРСКСиб;60;20170831;130000;0.1444;0.145;0.1414;0.1414;91;0
МРСКСиб;60;20170831;140000;0.1444;0.1452;0.1433;0.1433;9;0
МРСКСиб;60;20170831;150000;0.1451;0.1457;0.1451;0.1457;65;0
МРСКСиб;60;20170831;160000;0.1455;0.1465;0.1413;0.1413;229;0
МРСКСиб;60;20170831;180000;0.1415;0.1452;0.141;0.1452;75;0
МРСКСиб;60;20170901;100000;0.1451;0.1452;0.1451;0.1452;5;0
МРСКСиб;60;20170901;110000;0.1447;0.1448;0.1426;0.1426;8;0
МРСКСиб;60;20170901;130000;0.142;0.142;0.142;0.142;124;0
МРСКСиб;60;20170901;140000;0.1406;0.1446;0.1392;0.1445;54;0
МРСКСиб;60;20170901;150000;0.1406;0.1406;0.1393;0.1393;19;0
МРСКСиб;60;20170901;160000;0.142;0.142;0.142;0.142;1;0
МРСКСиб;60;20170901;170000;0.1422;0.1422;0.1422;0.1422;3;0
МРСКСиб;60;20170901;180000;0.1422;0.1422;0.1401;0.1401;9;0
МРСКСиб;60;20170904;100000;0.1397;0.1398;0.1397;0.1398;44;0
МРСКСиб;60;20170904;110000;0.1404;0.1404;0.1391;0.1392;202;0
МРСКСиб;60;20170904;120000;0.1398;0.1398;0.1394;0.1394;135;0
МРСКСиб;60;20170904;130000;0.14;0.14;0.1389;0.1389;29;0
МРСКСиб;60;20170904;140000;0.1385;0.1385;0.1352;0.1385;123;0
МРСКСиб;60;20170904;150000;0.1386;0.1386;0.1385;0.1385;81;0
МРСКСиб;60;20170904;170000;0.1385;0.1385;0.1385;0.1385;85;0
МРСКСиб;60;20170904;180000;0.1381;0.1381;0.1381;0.1381;10;0
МРСКСиб;60;20170905;100000;0.1393;0.1469;0.1393;0.14;212;0
МРСКСиб;60;20170905;110000;0.1423;0.1423;0.1423;0.1423;1;0
МРСКСиб;60;20170905;120000;0.1406;0.1406;0.14;0.14;50;0
МРСКСиб;60;20170905;130000;0.1421;0.1422;0.1421;0.1422;2;0
МРСКСиб;60;20170905;140000;0.1403;0.1403;0.14;0.14;121;0
МРСКСиб;60;20170905;160000;0.1386;0.1386;0.1336;0.1385;75;0
МРСКСиб;60;20170905;180000;0.1381;0.14;0.1381;0.14;940;0
МРСКСиб;60;20170906;100000;0.1358;0.143;0.1358;0.1429;110;0
МРСКСиб;60;20170906;110000;0.1374;0.1374;0.1372;0.1372;10;0
МРСКСиб;60;20170906;120000;0.1408;0.1408;0.1395;0.1395;4;0
МРСКСиб;60;20170906;130000;0.1374;0.1399;0.135;0.137;250;0
МРСКСиб;60;20170906;140000;0.1351;0.1351;0.1351;0.1351;19;0
МРСКСиб;60;20170906;150000;0.1351;0.1391;0.1351;0.1391;38;0
МРСКСиб;60;20170906;160000;0.1366;0.1387;0.1351;0.1351;120;0
МРСКСиб;60;20170906;170000;0.1355;0.1377;0.1352;0.1352;93;0
МРСКСиб;60;20170906;180000;0.1372;0.1375;0.1364;0.1375;57;0
МРСКСиб;60;20170907;100000;0.1406;0.1406;0.1332;0.1396;96;0
МРСКСиб;60;20170907;120000;0.1341;0.135;0.13;0.1334;778;0
МРСКСиб;60;20170907;130000;0.1334;0.1346;0.1334;0.1346;23;0
МРСКСиб;60;20170907;140000;0.1322;0.1328;0.13;0.1328;107;0
МРСКСиб;60;20170907;150000;0.1327;0.1327;0.131;0.131;27;0
МРСКСиб;60;20170907;160000;0.131;0.133;0.1305;0.1329;120;0
МРСКСиб;60;20170907;170000;0.1308;0.1325;0.13;0.1313;572;0
МРСКСиб;60;20170907;180000;0.1304;0.1318;0.1294;0.1318;290;0
МРСКСиб;60;20170908;100000;0.1334;0.1399;0.1275;0.1349;461;0
МРСКСиб;60;20170908;110000;0.1343;0.135;0.1271;0.1324;337;0
МРСКСиб;60;20170908;120000;0.1306;0.1318;0.1305;0.1315;5;0
МРСКСиб;60;20170908;130000;0.131;0.1323;0.131;0.1323;5;0
МРСКСиб;60;20170908;140000;0.131;0.1311;0.131;0.1311;4;0
МРСКСиб;60;20170908;150000;0.1305;0.1325;0.1285;0.1325;104;0
МРСКСиб;60;20170911;100000;0.1267;0.1345;0.1267;0.1338;158;0
МРСКСиб;60;20170911;110000;0.1325;0.1338;0.1313;0.1333;12;0
МРСКСиб;60;20170911;130000;0.1333;0.1333;0.1333;0.1333;20;0
МРСКСиб;60;20170911;140000;0.1321;0.1337;0.1321;0.1337;9;0
МРСКСиб;60;20170911;150000;0.1321;0.1344;0.1321;0.1344;9;0
МРСКСиб;60;20170911;160000;0.1327;0.133;0.13;0.133;47;0
МРСКСиб;60;20170911;170000;0.132;0.133;0.132;0.133;3;0
МРСКСиб;60;20170911;180000;0.133;0.133;0.133;0.133;1;0
МРСКСиб;60;20170912;100000;0.1334;0.1416;0.1334;0.137;71;0
МРСКСиб;60;20170912;110000;0.137;0.137;0.135;0.1352;19;0
МРСКСиб;60;20170912;120000;0.1368;0.137;0.1368;0.137;16;0
МРСКСиб;60;20170912;130000;0.1369;0.1369;0.135;0.1368;9;0
МРСКСиб;60;20170912;140000;0.1354;0.1354;0.13;0.1311;164;0
МРСКСиб;60;20170912;150000;0.1329;0.1329;0.1329;0.1329;1;0
МРСКСиб;60;20170912;160000;0.1328;0.1328;0.1308;0.1308;8;0
МРСКСиб;60;20170912;170000;0.1328;0.1329;0.1308;0.1326;26;0
МРСКСиб;60;20170912;180000;0.1322;0.1329;0.1322;0.1328;11;0
МРСКСиб;60;20170913;090000;0.1328;0.1328;0.1328;0.1328;15;0
МРСКСиб;60;20170913;100000;0.1334;0.1349;0.1334;0.1349;3;0
МРСКСиб;60;20170913;110000;0.1349;0.1349;0.1349;0.1349;1;0
МРСКСиб;60;20170913;130000;0.1321;0.1321;0.1302;0.1302;13;0
МРСКСиб;60;20170913;140000;0.1333;0.1333;0.1333;0.1333;1;0
МРСКСиб;60;20170913;150000;0.1313;0.1313;0.1304;0.1313;34;0
МРСКСиб;60;20170913;160000;0.1312;0.1312;0.1312;0.1312;10;0
МРСКСиб;60;20170913;170000;0.1308;0.1309;0.1308;0.1309;29;0
МРСКСиб;60;20170913;180000;0.1312;0.1312;0.1312;0.1312;21;0
МРСКСиб;60;20170914;100000;0.1334;0.1345;0.1317;0.1318;77;0
МРСКСиб;60;20170914;110000;0.1316;0.1316;0.127;0.13;87;0
МРСКСиб;60;20170914;130000;0.1291;0.1291;0.1289;0.1289;95;0
МРСКСиб;60;20170914;140000;0.1289;0.1289;0.1249;0.1281;313;0
МРСКСиб;60;20170914;150000;0.1293;0.1296;0.1286;0.1296;4;0
МРСКСиб;60;20170914;170000;0.128;0.128;0.127;0.127;37;0
МРСКСиб;60;20170914;180000;0.1282;0.1287;0.1282;0.1287;46;0
МРСКСиб;60;20170915;100000;0.1323;0.1323;0.1319;0.1319;11;0
МРСКСиб;60;20170915;110000;0.13;0.1319;0.1271;0.1301;67;0
МРСКСиб;60;20170915;120000;0.1301;0.1301;0.13;0.13;2;0
МРСКСиб;60;20170915;140000;0.13;0.1307;0.1255;0.1296;138;0
МРСКСиб;60;20170915;160000;0.129;0.1295;0.1285;0.1285;17;0
МРСКСиб;60;20170918;100000;0.1298;0.1327;0.1293;0.1293;76;0
МРСКСиб;60;20170918;110000;0.1322;0.1322;0.1322;0.1322;1;0
МРСКСиб;60;20170918;120000;0.1318;0.1318;0.1318;0.1318;1;0
МРСКСиб;60;20170918;130000;0.1301;0.1301;0.13;0.13;28;0
МРСКСиб;60;20170918;140000;0.1301;0.1301;0.13;0.1301;5;0
МРСКСиб;60;20170918;150000;0.1294;0.1294;0.1294;0.1294;1;0
МРСКСиб;60;20170918;160000;0.13;0.1316;0.13;0.1316;11;0
МРСКСиб;60;20170918;170000;0.1317;0.132;0.1317;0.132;75;0
МРСКСиб;60;20170918;180000;0.1324;0.1324;0.1324;0.1324;1;0
МРСКСиб;60;20170919;100000;0.133;0.133;0.13;0.13;13;0
МРСКСиб;60;20170919;110000;0.1295;0.13;0.1294;0.13;24;0
МРСКСиб;60;20170919;120000;0.1297;0.13;0.1294;0.1294;141;0
МРСКСиб;60;20170919;130000;0.1294;0.1294;0.1294;0.1294;109;0
МРСКСиб;60;20170919;140000;0.1299;0.1299;0.1299;0.1299;16;0
МРСКСиб;60;20170919;150000;0.1294;0.1294;0.129;0.129;196;0
МРСКСиб;60;20170919;160000;0.129;0.129;0.1289;0.129;25;0
МРСКСиб;60;20170919;170000;0.129;0.129;0.129;0.129;159;0
МРСКСиб;60;20170920;100000;0.1334;0.1384;0.13;0.1364;415;0
МРСКСиб;60;20170920;110000;0.136;0.137;0.136;0.137;62;0
МРСКСиб;60;20170920;120000;0.137;0.137;0.1337;0.1337;5;0
МРСКСиб;60;20170920;130000;0.1337;0.1337;0.1337;0.1337;3;0
МРСКСиб;60;20170920;140000;0.1337;0.1337;0.1337;0.1337;1;0
МРСКСиб;60;20170920;160000;0.1336;0.1336;0.1336;0.1336;1;0
МРСКСиб;60;20170920;180000;0.1336;0.1337;0.1317;0.1317;13;0
МРСКСиб;60;20170921;100000;0.1354;0.138;0.1354;0.138;12;0
МРСКСиб;60;20170921;140000;0.1328;0.1328;0.1328;0.1328;1;0
МРСКСиб;60;20170921;150000;0.1365;0.1365;0.136;0.136;2;0
МРСКСиб;60;20170921;180000;0.1369;0.137;0.134;0.137;17;0
МРСКСиб;60;20170922;100000;0.137;0.137;0.1337;0.1369;60;0
МРСКСиб;60;20170922;110000;0.1341;0.1341;0.1341;0.1341;1;0
МРСКСиб;60;20170922;120000;0.1367;0.1367;0.1341;0.1341;5;0
МРСКСиб;60;20170922;130000;0.134;0.134;0.1336;0.1336;2;0
МРСКСиб;60;20170922;140000;0.1329;0.1329;0.1201;0.1305;130;0
МРСКСиб;60;20170922;150000;0.1313;0.1318;0.1313;0.1318;10;0
МРСКСиб;60;20170922;160000;0.1319;0.1319;0.1317;0.1317;80;0
МРСКСиб;60;20170922;170000;0.1317;0.1318;0.1317;0.1318;25;0
МРСКСиб;60;20170922;180000;0.1318;0.1318;0.1318;0.1318;6;0
МРСКСиб;60;20170925;100000;0.1334;0.137;0.1334;0.1336;6;0
МРСКСиб;60;20170925;110000;0.1317;0.1333;0.1304;0.1333;14;0
МРСКСиб;60;20170925;120000;0.1331;0.1332;0.1331;0.1332;5;0
МРСКСиб;60;20170925;130000;0.1305;0.1305;0.1304;0.1304;3;0
МРСКСиб;60;20170925;140000;0.1304;0.1304;0.1304;0.1304;32;0
МРСКСиб;60;20170925;150000;0.1303;0.1303;0.1303;0.1303;4;0
МРСКСиб;60;20170925;160000;0.1314;0.1314;0.1301;0.1301;19;0
МРСКСиб;60;20170925;170000;0.1301;0.1301;0.1287;0.1287;27;0
МРСКСиб;60;20170925;180000;0.1288;0.1302;0.1286;0.1299;19;0
МРСКСиб;60;20170926;100000;0.1329;0.1353;0.1307;0.131;31;0
МРСКСиб;60;20170926;110000;0.1295;0.132;0.1295;0.132;191;0
МРСКСиб;60;20170926;130000;0.1319;0.132;0.1319;0.132;60;0
МРСКСиб;60;20170926;140000;0.1304;0.1304;0.1303;0.1303;2;0
МРСКСиб;60;20170926;150000;0.1301;0.1301;0.13;0.13;7;0
МРСКСиб;60;20170926;160000;0.1298;0.1319;0.1297;0.1303;20;0
МРСКСиб;60;20170926;180000;0.1303;0.1303;0.1303;0.1303;8;0
МРСКСиб;60;20170927;100000;0.1299;0.1299;0.1299;0.1299;5;0
МРСКСиб;60;20170927;110000;0.1297;0.1297;0.1264;0.1265;137;0
МРСКСиб;60;20170927;120000;0.1267;0.1267;0.1249;0.1249;423;0
МРСКСиб;60;20170927;130000;0.1264;0.1265;0.1263;0.1265;27;0
МРСКСиб;60;20170927;140000;0.127;0.127;0.127;0.127;10;0
МРСКСиб;60;20170927;150000;0.1268;0.1268;0.1268;0.1268;1;0
МРСКСиб;60;20170927;160000;0.1266;0.1267;0.1263;0.1263;129;0
МРСКСиб;60;20170927;170000;0.1263;0.1263;0.1255;0.1255;45;0
МРСКСиб;60;20170927;180000;0.126;0.126;0.126;0.126;1;0
МРСКСиб;60;20170928;100000;0.1243;0.1243;0.1243;0.1243;2;0
МРСКСиб;60;20170928;120000;0.1272;0.1272;0.1272;0.1272;1;0
МРСКСиб;60;20170928;150000;0.1268;0.1268;0.1268;0.1268;1;0
МРСКСиб;60;20170928;170000;0.1268;0.1269;0.1268;0.1269;13;0
МРСКСиб;60;20170928;180000;0.1259;0.1277;0.1259;0.1277;6;0
МРСКСиб;60;20170929;110000;0.1255;0.128;0.1245;0.1278;34;0
МРСКСиб;60;20170929;120000;0.1261;0.1261;0.1261;0.1261;4;0
МРСКСиб;60;20170929;130000;0.126;0.126;0.125;0.125;167;0
МРСКСиб;60;20170929;150000;0.1274;0.1279;0.1253;0.1253;15;0
МРСКСиб;60;20170929;160000;0.1252;0.1268;0.1251;0.1268;16;0
МРСКСиб;60;20170929;170000;0.126;0.126;0.126;0.126;2;0
МРСКСиб;60;20170929;180000;0.1252;0.1262;0.1251;0.1251;19;0
МРСКСиб;60;20171002;100000;0.124;0.1279;0.124;0.1269;192;0
МРСКСиб;60;20171002;110000;0.125;0.1277;0.125;0.1277;13;0
МРСКСиб;60;20171002;120000;0.1274;0.1347;0.1274;0.1285;402;0
МРСКСиб;60;20171002;140000;0.1274;0.1274;0.127;0.127;11;0
МРСКСиб;60;20171002;170000;0.128;0.128;0.128;0.128;1;0
МРСКСиб;60;20171002;180000;0.1294;0.13;0.1294;0.13;22;0
МРСКСиб;60;20171003;100000;0.1272;0.1272;0.1271;0.1271;4;0
МРСКСиб;60;20171003;110000;0.1278;0.1278;0.1278;0.1278;5;0
МРСКСиб;60;20171003;120000;0.131;0.1321;0.1305;0.1321;16;0
МРСКСиб;60;20171003;130000;0.1308;0.1308;0.1308;0.1308;1;0
МРСКСиб;60;20171003;150000;0.1309;0.1309;0.1308;0.1308;40;0
МРСКСиб;60;20171003;160000;0.1308;0.1327;0.1307;0.1327;43;0
МРСКСиб;60;20171003;170000;0.1301;0.1301;0.129;0.129;9;0
МРСКСиб;60;20171003;180000;0.13;0.13;0.13;0.13;1;0
МРСКСиб;60;20171004;100000;0.1299;0.1385;0.1277;0.13;539;0
МРСКСиб;60;20171004;120000;0.1301;0.1376;0.1297;0.1301;459;0
МРСКСиб;60;20171004;150000;0.1302;0.1302;0.1301;0.1301;11;0
МРСКСиб;60;20171004;160000;0.1319;0.132;0.1319;0.132;35;0
МРСКСиб;60;20171004;170000;0.1334;0.1345;0.1317;0.1317;3;0
МРСКСиб;60;20171004;180000;0.1334;0.14;0.1334;0.1361;1074;0
МРСКСиб;60;20171005;100000;0.1397;0.1399;0.135;0.1399;60;0
МРСКСиб;60;20171005;110000;0.139;0.1398;0.1337;0.1337;181;0
МРСКСиб;60;20171005;120000;0.1368;0.1368;0.1367;0.1367;4;0
МРСКСиб;60;20171005;130000;0.1341;0.1341;0.1331;0.1331;23;0
МРСКСиб;60;20171005;140000;0.1332;0.1332;0.1331;0.1331;59;0
МРСКСиб;60;20171005;160000;0.1349;0.135;0.1349;0.135;13;0
МРСКСиб;60;20171005;170000;0.1336;0.1336;0.1331;0.1331;24;0
МРСКСиб;60;20171005;180000;0.1353;0.1353;0.1353;0.1353;3;0
МРСКСиб;60;20171006;100000;0.1317;0.1317;0.1317;0.1317;1;0
МРСКСиб;60;20171006;110000;0.1349;0.135;0.1347;0.1347;51;0
МРСКСиб;60;20171006;120000;0.1345;0.135;0.1324;0.1324;331;0
МРСКСиб;60;20171006;130000;0.1324;0.1324;0.1324;0.1324;1;0
МРСКСиб;60;20171006;140000;0.1349;0.135;0.1349;0.135;423;0
МРСКСиб;60;20171006;150000;0.135;0.135;0.135;0.135;76;0
МРСКСиб;60;20171006;160000;0.135;0.135;0.135;0.135;10;0
МРСКСиб;60;20171006;180000;0.1326;0.1345;0.1326;0.1345;2;0
МРСКСиб;60;20171009;100000;0.1354;0.136;0.1337;0.136;875;0
МРСКСиб;60;20171009;110000;0.1359;0.136;0.1355;0.1355;403;0
МРСКСиб;60;20171009;120000;0.1355;0.1355;0.1355;0.1355;35;0
МРСКСиб;60;20171009;130000;0.136;0.136;0.136;0.136;200;0
МРСКСиб;60;20171009;140000;0.136;0.136;0.136;0.136;141;0
МРСКСиб;60;20171009;160000;0.1358;0.1359;0.1358;0.1359;20;0
МРСКСиб;60;20171009;170000;0.1355;0.1355;0.1355;0.1355;2;0
МРСКСиб;60;20171009;180000;0.1359;0.136;0.1359;0.136;43;0
МРСКСиб;60;20171010;100000;0.1395;0.1395;0.136;0.138;7;0
МРСКСиб;60;20171010;110000;0.138;0.138;0.138;0.138;38;0
МРСКСиб;60;20171010;120000;0.1374;0.1375;0.1374;0.1375;3;0
МРСКСиб;60;20171010;160000;0.1368;0.137;0.1368;0.137;603;0
МРСКСиб;60;20171010;170000;0.136;0.136;0.1358;0.1358;18;0
МРСКСиб;60;20171011;100000;0.1369;0.1369;0.1369;0.1369;1;0
МРСКСиб;60;20171011;110000;0.1339;0.1339;0.1337;0.1338;25;0
МРСКСиб;60;20171011;120000;0.1338;0.1338;0.1338;0.1338;1;0
МРСКСиб;60;20171011;140000;0.1351;0.1359;0.1351;0.1359;21;0
МРСКСиб;60;20171011;160000;0.1338;0.1349;0.1338;0.1349;126;0
МРСКСиб;60;20171011;170000;0.1349;0.135;0.1338;0.1349;79;0
МРСКСиб;60;20171012;100000;0.1337;0.135;0.12;0.1314;730;0
МРСКСиб;60;20171012;110000;0.1315;0.1315;0.1315;0.1315;1;0
МРСКСиб;60;20171012;120000;0.132;0.133;0.132;0.133;119;0
МРСКСиб;60;20171012;170000;0.133;0.133;0.133;0.133;1;0
МРСКСиб;60;20171012;180000;0.1333;0.1334;0.1332;0.1332;71;0
МРСКСиб;60;20171013;150000;0.1345;0.1345;0.1345;0.1345;6;0
МРСКСиб;60;20171013;170000;0.134;0.136;0.134;0.136;230;0
МРСКСиб;60;20171013;180000;0.1337;0.1337;0.1336;0.1336;115;0
МРСКСиб;60;20171016;100000;0.1364;0.1383;0.1359;0.1383;29;0
МРСКСиб;60;20171016;110000;0.1366;0.1366;0.1366;0.1366;3;0
МРСКСиб;60;20171016;140000;0.1365;0.1365;0.1345;0.1345;11;0
МРСКСиб;60;20171016;160000;0.1372;0.1373;0.1372;0.1373;6;0
МРСКСиб;60;20171017;100000;0.1378;0.1378;0.1377;0.1377;8;0
МРСКСиб;60;20171017;110000;0.1385;0.1385;0.1385;0.1385;7;0
МРСКСиб;60;20171017;120000;0.1385;0.1385;0.1342;0.1342;14;0
МРСКСиб;60;20171017;130000;0.1342;0.1342;0.1303;0.1321;402;0
МРСКСиб;60;20171017;140000;0.1332;0.134;0.1332;0.134;247;0
МРСКСиб;60;20171017;160000;0.134;0.134;0.134;0.134;16;0
МРСКСиб;60;20171017;170000;0.1323;0.1331;0.122;0.1277;2089;0
МРСКСиб;60;20171017;180000;0.1278;0.1284;0.1277;0.1278;451;0
МРСКСиб;60;20171018;090000;0.1278;0.1278;0.1278;0.1278;6;0
МРСКСиб;60;20171018;100000;0.1293;0.1294;0.1179;0.1199;915;0
МРСКСиб;60;20171018;110000;0.1199;0.1237;0.1191;0.1228;737;0
МРСКСиб;60;20171018;120000;0.1205;0.1219;0.1195;0.1218;18;0
МРСКСиб;60;20171018;130000;0.1218;0.1229;0.1202;0.1202;392;0
МРСКСиб;60;20171018;140000;0.1201;0.1234;0.1201;0.1234;87;0
МРСКСиб;60;20171018;150000;0.1234;0.1241;0.12;0.12;183;0
МРСКСиб;60;20171018;160000;0.1201;0.122;0.1198;0.1198;72;0
МРСКСиб;60;20171018;170000;0.1213;0.1213;0.1212;0.1213;23;0
МРСКСиб;60;20171018;180000;0.1211;0.1237;0.1198;0.123;1896;0
МРСКСиб;60;20171019;100000;0.123;0.1247;0.123;0.124;27;0
МРСКСиб;60;20171019;110000;0.1233;0.1233;0.1201;0.122;31;0
МРСКСиб;60;20171019;150000;0.1196;0.12;0.1196;0.12;3;0
МРСКСиб;60;20171019;160000;0.1195;0.1195;0.1171;0.1176;291;0
МРСКСиб;60;20171019;170000;0.1177;0.1184;0.1171;0.1171;63;0
МРСКСиб;60;20171019;180000;0.118;0.1202;0.1175;0.1189;141;0
МРСКСиб;60;20171020;100000;0.119;0.1197;0.119;0.119;29;0
МРСКСиб;60;20171020;110000;0.12;0.12;0.1182;0.1183;56;0
МРСКСиб;60;20171020;120000;0.1179;0.1179;0.1161;0.1176;121;0
МРСКСиб;60;20171020;140000;0.1179;0.118;0.1167;0.118;13;0
МРСКСиб;60;20171020;150000;0.118;0.118;0.118;0.118;1;0
МРСКСиб;60;20171020;160000;0.1183;0.1183;0.1183;0.1183;1;0
МРСКСиб;60;20171020;180000;0.1186;0.1219;0.1186;0.1191;209;0
МРСКСиб;60;20171023;100000;0.1208;0.1221;0.1208;0.1219;88;0
МРСКСиб;60;20171023;110000;0.1219;0.1219;0.12;0.12;29;0
МРСКСиб;60;20171023;120000;0.12;0.12;0.1185;0.1185;31;0
МРСКСиб;60;20171023;130000;0.1188;0.1189;0.1188;0.1189;205;0
МРСКСиб;60;20171023;160000;0.1199;0.1199;0.1199;0.1199;3;0
МРСКСиб;60;20171023;170000;0.119;0.119;0.119;0.119;1;0
МРСКСиб;60;20171023;180000;0.1189;0.1189;0.1189;0.1189;1;0
МРСКСиб;60;20171024;100000;0.1189;0.1189;0.1183;0.1183;10;0
МРСКСиб;60;20171024;110000;0.1183;0.1183;0.1183;0.1183;1;0
МРСКСиб;60;20171024;120000;0.1197;0.1199;0.1182;0.1182;43;0
МРСКСиб;60;20171024;140000;0.1178;0.1189;0.1159;0.1189;144;0
МРСКСиб;60;20171024;170000;0.1171;0.1171;0.1161;0.1161;4;0
МРСКСиб;60;20171024;180000;0.1176;0.1239;0.1176;0.1229;254;0
МРСКСиб;60;20171025;100000;0.124;0.1298;0.124;0.1244;134;0
МРСКСиб;60;20171025;110000;0.1241;0.1241;0.1232;0.1232;7;0
МРСКСиб;60;20171025;120000;0.1229;0.1229;0.122;0.122;155;0
МРСКСиб;60;20171025;130000;0.1221;0.1221;0.1218;0.1218;10;0
МРСКСиб;60;20171025;140000;0.1223;0.1223;0.1223;0.1223;15;0
МРСКСиб;60;20171025;150000;0.1223;0.1223;0.1223;0.1223;10;0
МРСКСиб;60;20171025;160000;0.1215;0.1215;0.1215;0.1215;5;0
МРСКСиб;60;20171025;170000;0.1216;0.1216;0.1214;0.1214;38;0
МРСКСиб;60;20171026;100000;0.1239;0.1239;0.1239;0.1239;4;0
МРСКСиб;60;20171026;110000;0.1199;0.1226;0.1161;0.1226;130;0
МРСКСиб;60;20171026;140000;0.1173;0.119;0.1173;0.119;31;0
МРСКСиб;60;20171026;150000;0.118;0.119;0.1179;0.119;58;0
МРСКСиб;60;20171026;160000;0.1193;0.1229;0.1193;0.1229;59;0
МРСКСиб;60;20171026;170000;0.1228;0.124;0.1228;0.124;293;0
МРСКСиб;60;20171026;180000;0.1257;0.1295;0.1257;0.1295;535;0
МРСКСиб;60;20171027;100000;0.129;0.14;0.129;0.1341;858;0
МРСКСиб;60;20171027;110000;0.134;0.137;0.134;0.137;149;0
МРСКСиб;60;20171027;130000;0.135;0.135;0.134;0.134;27;0
МРСКСиб;60;20171027;140000;0.1345;0.135;0.134;0.134;44;0
МРСКСиб;60;20171027;150000;0.135;0.136;0.135;0.136;15;0
МРСКСиб;60;20171027;160000;0.134;0.134;0.1301;0.132;101;0
МРСКСиб;60;20171027;170000;0.1324;0.1325;0.1324;0.1325;8;0
МРСКСиб;60;20171027;180000;0.1315;0.1322;0.1306;0.1322;53;0
МРСКСиб;60;20171030;100000;0.1328;0.1368;0.1261;0.1364;165;0
МРСКСиб;60;20171030;110000;0.133;0.134;0.1287;0.132;24;0
МРСКСиб;60;20171030;120000;0.134;0.143;0.1339;0.1366;927;0
МРСКСиб;60;20171030;130000;0.137;0.14;0.136;0.14;771;0
МРСКСиб;60;20171030;140000;0.138;0.14;0.138;0.14;41;0
МРСКСиб;60;20171030;150000;0.1398;0.1398;0.1398;0.1398;3;0
МРСКСиб;60;20171030;160000;0.139;0.139;0.136;0.136;254;0
МРСКСиб;60;20171030;170000;0.136;0.1394;0.136;0.1394;252;0
МРСКСиб;60;20171030;180000;0.1388;0.1388;0.1388;0.1388;50;0
МРСКСиб;60;20171031;100000;0.138;0.1388;0.1335;0.1387;6;0
МРСКСиб;60;20171031;110000;0.1341;0.1379;0.1341;0.1379;6;0
МРСКСиб;60;20171031;130000;0.1369;0.139;0.1369;0.139;250;0
МРСКСиб;60;20171031;150000;0.1361;0.1387;0.1311;0.1353;99;0
МРСКСиб;60;20171031;170000;0.1334;0.135;0.133;0.135;47;0
МРСКСиб;60;20171031;180000;0.1346;0.1346;0.1346;0.1346;5;0
МРСКСиб;60;20171101;100000;0.1345;0.1345;0.1345;0.1345;1;0
МРСКСиб;60;20171101;120000;0.1325;0.1325;0.1325;0.1325;12;0
МРСКСиб;60;20171101;130000;0.1325;0.1325;0.1315;0.1315;31;0
МРСКСиб;60;20171101;140000;0.132;0.132;0.132;0.132;1;0
МРСКСиб;60;20171101;150000;0.1315;0.1315;0.131;0.131;3;0
МРСКСиб;60;20171101;160000;0.1295;0.1305;0.1295;0.1305;47;0
МРСКСиб;60;20171101;170000;0.1305;0.1305;0.1305;0.1305;1;0
МРСКСиб;60;20171101;180000;0.1305;0.1325;0.1305;0.1325;63;0
МРСКСиб;60;20171102;110000;0.129;0.13;0.129;0.129;14;0
МРСКСиб;60;20171102;120000;0.129;0.1315;0.125;0.131;367;0
МРСКСиб;60;20171102;130000;0.129;0.129;0.127;0.127;14;0
МРСКСиб;60;20171102;140000;0.127;0.127;0.127;0.127;5;0
МРСКСиб;60;20171102;150000;0.1275;0.1285;0.1275;0.1285;133;0
МРСКСиб;60;20171102;160000;0.1265;0.128;0.125;0.128;27;0
МРСКСиб;60;20171102;170000;0.1265;0.1265;0.1265;0.1265;1;0
МРСКСиб;60;20171102;180000;0.128;0.13;0.128;0.13;11;0
МРСКСиб;60;20171103;110000;0.1325;0.1325;0.1265;0.1265;24;0
МРСКСиб;60;20171103;120000;0.1295;0.1295;0.1295;0.1295;1;0
МРСКСиб;60;20171103;130000;0.1285;0.129;0.1285;0.129;50;0
МРСКСиб;60;20171103;140000;0.1275;0.1275;0.1275;0.1275;12;0
МРСКСиб;60;20171103;150000;0.127;0.13;0.127;0.13;14;0
МРСКСиб;60;20171103;160000;0.131;0.131;0.131;0.131;1;0
МРСКСиб;60;20171107;100000;0.1325;0.1345;0.1325;0.1335;60;0
МРСКСиб;60;20171107;110000;0.1285;0.1295;0.1285;0.1295;2;0
МРСКСиб;60;20171107;120000;0.1285;0.1285;0.1285;0.1285;16;0
МРСКСиб;60;20171107;130000;0.128;0.128;0.128;0.128;7;0
МРСКСиб;60;20171107;150000;0.1295;0.1295;0.1295;0.1295;3;0
МРСКСиб;60;20171107;160000;0.1285;0.1295;0.122;0.129;158;0
МРСКСиб;60;20171107;170000;0.128;0.128;0.121;0.1265;231;0
МРСКСиб;60;20171107;180000;0.1265;0.127;0.126;0.127;122;0
МРСКСиб;60;20171108;100000;0.1275;0.1275;0.126;0.126;4;0
МРСКСиб;60;20171108;110000;0.126;0.126;0.124;0.124;117;0
МРСКСиб;60;20171108;120000;0.126;0.126;0.126;0.126;2;0
МРСКСиб;60;20171108;140000;0.126;0.1265;0.1255;0.1265;115;0
МРСКСиб;60;20171108;160000;0.126;0.1265;0.124;0.1265;33;0
МРСКСиб;60;20171108;170000;0.126;0.126;0.126;0.126;2;0
МРСКСиб;60;20171109;100000;0.1225;0.125;0.121;0.125;65;0
МРСКСиб;60;20171109;110000;0.1245;0.127;0.1245;0.1255;28;0
МРСКСиб;60;20171109;120000;0.125;0.1275;0.125;0.1275;9;0
МРСКСиб;60;20171109;170000;0.125;0.125;0.125;0.125;6;0
МРСКСиб;60;20171109;180000;0.125;0.126;0.125;0.126;4;0
МРСКСиб;60;20171110;100000;0.1265;0.1265;0.1265;0.1265;2;0
МРСКСиб;60;20171110;120000;0.1265;0.1265;0.1265;0.1265;1;0
МРСКСиб;60;20171110;130000;0.1265;0.1265;0.1265;0.1265;8;0
МРСКСиб;60;20171110;160000;0.126;0.126;0.126;0.126;1;0
МРСКСиб;60;20171110;180000;0.1245;0.126;0.1245;0.126;8;0
МРСКСиб;60;20171113;100000;0.128;0.128;0.128;0.128;1;0
МРСКСиб;60;20171113;130000;0.124;0.124;0.124;0.124;5;0
МРСКСиб;60;20171113;140000;0.1235;0.1235;0.1235;0.1235;13;0
МРСКСиб;60;20171113;150000;0.1235;0.127;0.1235;0.127;23;0
МРСКСиб;60;20171113;160000;0.125;0.128;0.125;0.128;203;0
МРСКСиб;60;20171113;170000;0.1255;0.1255;0.1255;0.1255;9;0
МРСКСиб;60;20171113;180000;0.126;0.1265;0.124;0.1265;41;0
МРСКСиб;60;20171114;100000;0.1285;0.129;0.1285;0.129;2;0
МРСКСиб;60;20171114;110000;0.126;0.126;0.1255;0.1255;101;0
МРСКСиб;60;20171114;120000;0.126;0.126;0.126;0.126;5;0
МРСКСиб;60;20171114;130000;0.126;0.127;0.126;0.127;23;0
МРСКСиб;60;20171114;140000;0.1245;0.1265;0.123;0.126;62;0
МРСКСиб;60;20171115;100000;0.128;0.1285;0.123;0.123;61;0
МРСКСиб;60;20171115;110000;0.1225;0.123;0.1215;0.1215;200;0
МРСКСиб;60;20171115;120000;0.122;0.1235;0.122;0.1235;5;0
МРСКСиб;60;20171115;130000;0.122;0.122;0.122;0.122;9;0
МРСКСиб;60;20171115;140000;0.1225;0.1225;0.1225;0.1225;8;0
МРСКСиб;60;20171115;150000;0.1235;0.126;0.1235;0.124;75;0
МРСКСиб;60;20171115;160000;0.1235;0.1235;0.1235;0.1235;10;0
МРСКСиб;60;20171115;170000;0.125;0.125;0.1235;0.1235;54;0
МРСКСиб;60;20171115;180000;0.1235;0.1235;0.121;0.122;526;0
МРСКСиб;60;20171116;100000;0.119;0.1215;0.118;0.12;207;0
МРСКСиб;60;20171116;110000;0.12;0.1215;0.12;0.1215;14;0
МРСКСиб;60;20171116;120000;0.12;0.121;0.1195;0.1195;39;0
МРСКСиб;60;20171116;130000;0.1195;0.1195;0.1195;0.1195;10;0
МРСКСиб;60;20171116;140000;0.119;0.12;0.116;0.12;248;0
МРСКСиб;60;20171116;150000;0.12;0.12;0.12;0.12;1;0
МРСКСиб;60;20171116;170000;0.12;0.12;0.12;0.12;144;0
МРСКСиб;60;20171116;180000;0.1195;0.1195;0.1195;0.1195;1;0
МРСКСиб;60;20171117;090000;0.118;0.118;0.118;0.118;3;0
МРСКСиб;60;20171117;100000;0.1205;0.1245;0.1205;0.1205;79;0
МРСКСиб;60;20171117;110000;0.1205;0.1215;0.12;0.12;28;0
МРСКСиб;60;20171117;130000;0.12;0.12;0.12;0.12;1;0
МРСКСиб;60;20171117;160000;0.12;0.12;0.12;0.12;9;0
МРСКСиб;60;20171117;180000;0.122;0.122;0.122;0.122;2;0
МРСКСиб;60;20171120;100000;0.124;0.124;0.124;0.124;3;0
МРСКСиб;60;20171120;110000;0.1235;0.1235;0.1235;0.1235;1;0
МРСКСиб;60;20171120;120000;0.122;0.122;0.121;0.121;2;0
МРСКСиб;60;20171120;130000;0.1215;0.122;0.1215;0.122;2;0
МРСКСиб;60;20171120;140000;0.122;0.122;0.122;0.122;1;0
МРСКСиб;60;20171120;150000;0.1215;0.122;0.1215;0.122;104;0
МРСКСиб;60;20171120;180000;0.122;0.122;0.122;0.122;7;0
МРСКСиб;60;20171121;100000;0.1185;0.1245;0.1185;0.1245;54;0
МРСКСиб;60;20171121;120000;0.1215;0.123;0.115;0.12;346;0
МРСКСиб;60;20171121;130000;0.1215;0.1215;0.1195;0.1195;2;0
МРСКСиб;60;20171121;140000;0.12;0.1215;0.12;0.1215;10;0
МРСКСиб;60;20171121;150000;0.1195;0.1195;0.1195;0.1195;1;0
МРСКСиб;60;20171121;160000;0.119;0.12;0.119;0.12;2;0
МРСКСиб;60;20171121;180000;0.12;0.12;0.118;0.118;45;0
МРСКСиб;60;20171122;100000;0.1205;0.121;0.1205;0.121;3;0
МРСКСиб;60;20171122;110000;0.1205;0.1205;0.119;0.119;59;0
МРСКСиб;60;20171122;120000;0.118;0.119;0.1175;0.119;47;0
МРСКСиб;60;20171122;130000;0.117;0.1185;0.117;0.1185;69;0
МРСКСиб;60;20171122;150000;0.1185;0.1195;0.1185;0.1195;67;0
МРСКСиб;60;20171123;090000;0.1235;0.1235;0.1235;0.1235;2;0
МРСКСиб;60;20171123;100000;0.1235;0.1235;0.12;0.1215;96;0
МРСКСиб;60;20171123;110000;0.123;0.1235;0.119;0.119;46;0
МРСКСиб;60;20171123;120000;0.1195;0.1195;0.119;0.119;57;0
МРСКСиб;60;20171123;130000;0.1195;0.1195;0.119;0.119;57;0
МРСКСиб;60;20171123;160000;0.1185;0.1185;0.1155;0.1175;334;0
МРСКСиб;60;20171123;170000;0.1175;0.118;0.1175;0.118;79;0
МРСКСиб;60;20171123;180000;0.1185;0.119;0.118;0.119;96;0
МРСКСиб;60;20171124;100000;0.1225;0.1225;0.1225;0.1225;4;0
МРСКСиб;60;20171124;110000;0.1185;0.119;0.1185;0.119;20;0
МРСКСиб;60;20171124;120000;0.119;0.1215;0.119;0.12;458;0
МРСКСиб;60;20171124;130000;0.121;0.127;0.121;0.1235;1517;0
МРСКСиб;60;20171124;140000;0.1235;0.1235;0.118;0.119;578;0
МРСКСиб;60;20171124;150000;0.118;0.122;0.118;0.1205;176;0
МРСКСиб;60;20171124;160000;0.12;0.121;0.118;0.12;272;0
МРСКСиб;60;20171124;170000;0.119;0.1205;0.119;0.12;53;0
МРСКСиб;60;20171124;180000;0.119;0.12;0.119;0.12;42;0
МРСКСиб;60;20171127;100000;0.1205;0.1215;0.1175;0.1215;336;0
МРСКСиб;60;20171127;110000;0.1215;0.124;0.121;0.1225;103;0
МРСКСиб;60;20171127;120000;0.1215;0.122;0.12;0.121;692;0
МРСКСиб;60;20171127;130000;0.1195;0.1215;0.1195;0.1215;25;0
МРСКСиб;60;20171127;170000;0.1205;0.1205;0.12;0.12;2;0
МРСКСиб;60;20171127;180000;0.12;0.12;0.118;0.12;117;0
МРСКСиб;60;20171128;100000;0.1195;0.123;0.1195;0.121;105;0
МРСКСиб;60;20171128;110000;0.1195;0.12;0.118;0.118;71;0
МРСКСиб;60;20171128;120000;0.1185;0.119;0.1175;0.119;100;0
МРСКСиб;60;20171128;130000;0.1195;0.12;0.1195;0.12;53;0
МРСКСиб;60;20171128;160000;0.119;0.119;0.117;0.1185;216;0
МРСКСиб;60;20171128;170000;0.1185;0.1185;0.1185;0.1185;1;0
МРСКСиб;60;20171128;180000;0.118;0.1185;0.118;0.1185;11;0
МРСКСиб;60;20171129;100000;0.117;0.1185;0.117;0.1185;102;0
МРСКСиб;60;20171129;110000;0.118;0.118;0.118;0.118;5;0
МРСКСиб;60;20171129;120000;0.117;0.117;0.117;0.117;4;0
МРСКСиб;60;20171129;140000;0.117;0.1185;0.117;0.1185;115;0
МРСКСиб;60;20171129;150000;0.1185;0.1185;0.1185;0.1185;1;0
МРСКСиб;60;20171129;160000;0.117;0.117;0.117;0.117;1;0
МРСКСиб;60;20171129;180000;0.1185;0.1185;0.1185;0.1185;1;0
МРСКСиб;60;20171130;100000;0.118;0.118;0.117;0.117;2;0
МРСКСиб;60;20171130;120000;0.117;0.117;0.1155;0.117;56;0
МРСКСиб;60;20171130;130000;0.1165;0.1165;0.1165;0.1165;11;0
МРСКСиб;60;20171130;140000;0.1165;0.1165;0.1165;0.1165;11;0
МРСКСиб;60;20171130;150000;0.116;0.1165;0.115;0.1165;101;0
МРСКСиб;60;20171130;160000;0.115;0.116;0.115;0.116;19;0
МРСКСиб;60;20171130;170000;0.1165;0.1185;0.1165;0.1165;151;0
МРСКСиб;60;20171130;180000;0.1175;0.1175;0.1175;0.1175;1;0
МРСКСиб;60;20171201;090000;0.1185;0.1185;0.1185;0.1185;4;0
МРСКСиб;60;20171201;100000;0.118;0.12;0.1175;0.1175;51;0
МРСКСиб;60;20171201;110000;0.118;0.118;0.117;0.117;11;0
МРСКСиб;60;20171201;140000;0.1185;0.1185;0.117;0.117;2;0
МРСКСиб;60;20171201;150000;0.1185;0.119;0.1185;0.119;18;0
МРСКСиб;60;20171201;160000;0.119;0.119;0.1175;0.1175;2;0
МРСКСиб;60;20171201;170000;0.119;0.1195;0.119;0.1195;35;0
МРСКСиб;60;20171201;180000;0.12;0.12;0.1185;0.1185;54;0
МРСКСиб;60;20171204;100000;0.123;0.123;0.119;0.119;18;0
МРСКСиб;60;20171204;120000;0.119;0.119;0.1175;0.1175;43;0
МРСКСиб;60;20171204;130000;0.1175;0.1175;0.116;0.116;24;0
МРСКСиб;60;20171204;140000;0.1155;0.1155;0.115;0.115;3;0
МРСКСиб;60;20171204;150000;0.116;0.1165;0.115;0.1165;99;0
МРСКСиб;60;20171204;160000;0.1165;0.1165;0.1165;0.1165;27;0
МРСКСиб;60;20171204;170000;0.1155;0.1155;0.1155;0.1155;1;0
МРСКСиб;60;20171204;180000;0.1165;0.1165;0.1165;0.1165;13;0
МРСКСиб;60;20171205;100000;0.116;0.116;0.116;0.116;2;0
МРСКСиб;60;20171205;110000;0.116;0.116;0.116;0.116;3;0
МРСКСиб;60;20171205;120000;0.115;0.115;0.114;0.1145;31;0
МРСКСиб;60;20171205;130000;0.1155;0.1155;0.1145;0.1145;2;0
МРСКСиб;60;20171205;170000;0.1155;0.1155;0.1155;0.1155;2;0
МРСКСиб;60;20171206;100000;0.115;0.115;0.115;0.115;3;0
МРСКСиб;60;20171206;120000;0.1155;0.1155;0.1155;0.1155;9;0
МРСКСиб;60;20171206;140000;0.1155;0.1155;0.1155;0.1155;5;0
МРСКСиб;60;20171206;150000;0.1155;0.1165;0.1145;0.1165;38;0
МРСКСиб;60;20171206;160000;0.1165;0.1165;0.1155;0.1155;21;0
МРСКСиб;60;20171206;170000;0.1165;0.1165;0.1165;0.1165;9;0
МРСКСиб;60;20171206;180000;0.116;0.1165;0.115;0.115;36;0
МРСКСиб;60;20171207;100000;0.1165;0.117;0.1165;0.117;2;0
МРСКСиб;60;20171207;140000;0.1155;0.1155;0.1155;0.1155;1;0
МРСКСиб;60;20171207;160000;0.115;0.115;0.1135;0.1135;45;0
МРСКСиб;60;20171207;180000;0.1145;0.115;0.1145;0.115;8;0
МРСКСиб;60;20171208;100000;0.1135;0.1165;0.1135;0.115;67;0
МРСКСиб;60;20171208;110000;0.1145;0.115;0.1135;0.115;23;0
МРСКСиб;60;20171208;120000;0.114;0.114;0.1135;0.1135;7;0
МРСКСиб;60;20171208;130000;0.1135;0.115;0.1135;0.115;32;0
МРСКСиб;60;20171208;140000;0.1135;0.115;0.1135;0.115;2;0
МРСКСиб;60;20171208;160000;0.1145;0.115;0.1085;0.1095;436;0
МРСКСиб;60;20171208;170000;0.1095;0.11;0.1095;0.11;178;0
МРСКСиб;60;20171208;180000;0.1095;0.11;0.108;0.11;133;0
МРСКСиб;60;20171211;090000;0.108;0.108;0.108;0.108;1;0
МРСКСиб;60;20171211;100000;0.109;0.11;0.109;0.11;689;0
МРСКСиб;60;20171211;120000;0.11;0.11;0.108;0.11;318;0
МРСКСиб;60;20171211;130000;0.11;0.1105;0.11;0.1105;781;0
МРСКСиб;60;20171211;140000;0.1105;0.112;0.102;0.107;302;0
МРСКСиб;60;20171211;150000;0.1085;0.1135;0.1085;0.1125;294;0
МРСКСиб;60;20171211;160000;0.1125;0.1125;0.111;0.111;12;0
МРСКСиб;60;20171211;170000;0.1105;0.112;0.11;0.1115;131;0
МРСКСиб;60;20171211;180000;0.112;0.112;0.111;0.1115;386;0
МРСКСиб;60;20171212;100000;0.1115;0.1125;0.1105;0.112;113;0
МРСКСиб;60;20171212;110000;0.1105;0.112;0.1105;0.112;2;0
МРСКСиб;60;20171212;130000;0.1115;0.112;0.1105;0.112;19;0
МРСКСиб;60;20171212;150000;0.112;0.115;0.112;0.1145;270;0
МРСКСиб;60;20171212;160000;0.1145;0.117;0.1145;0.117;93;0
МРСКСиб;60;20171212;170000;0.117;0.1175;0.117;0.1175;6;0
МРСКСиб;60;20171213;100000;0.1175;0.1175;0.1175;0.1175;314;0
МРСКСиб;60;20171213;110000;0.1165;0.1165;0.1165;0.1165;2;0
МРСКСиб;60;20171213;120000;0.1165;0.1165;0.1165;0.1165;2;0
МРСКСиб;60;20171213;130000;0.1165;0.1165;0.1155;0.1155;4;0
МРСКСиб;60;20171213;150000;0.117;0.1175;0.117;0.1175;3;0
МРСКСиб;60;20171213;170000;0.117;0.1175;0.117;0.1175;2;0
МРСКСиб;60;20171214;100000;0.1175;0.118;0.1175;0.118;7;0
МРСКСиб;60;20171214;130000;0.1175;0.1175;0.1175;0.1175;16;0
МРСКСиб;60;20171214;140000;0.116;0.116;0.115;0.115;4;0
МРСКСиб;60;20171214;160000;0.1165;0.117;0.1165;0.117;2;0
МРСКСиб;60;20171214;170000;0.1155;0.117;0.1155;0.117;6;0
МРСКСиб;60;20171214;180000;0.117;0.1175;0.117;0.1175;2;0
МРСКСиб;60;20171215;090000;0.118;0.118;0.118;0.118;10;0
МРСКСиб;60;20171215;100000;0.1155;0.1175;0.1115;0.117;28;0
МРСКСиб;60;20171215;110000;0.116;0.116;0.116;0.116;1;0
МРСКСиб;60;20171215;120000;0.116;0.116;0.116;0.116;9;0
МРСКСиб;60;20171215;130000;0.116;0.116;0.116;0.116;12;0
МРСКСиб;60;20171215;160000;0.116;0.1175;0.116;0.1175;10;0
МРСКСиб;60;20171215;170000;0.1165;0.1165;0.116;0.1165;4;0
МРСКСиб;60;20171218;100000;0.1155;0.1155;0.1155;0.1155;1;0
МРСКСиб;60;20171218;130000;0.116;0.116;0.116;0.116;27;0
МРСКСиб;60;20171218;160000;0.116;0.116;0.116;0.116;1;0
МРСКСиб;60;20171218;170000;0.116;0.118;0.1155;0.116;123;0
МРСКСиб;60;20171218;180000;0.116;0.116;0.116;0.116;1;0
МРСКСиб;60;20171219;090000;0.1115;0.1115;0.1115;0.1115;1;0
МРСКСиб;60;20171219;100000;0.115;0.118;0.114;0.118;21;0
МРСКСиб;60;20171219;120000;0.116;0.116;0.114;0.114;15;0
МРСКСиб;60;20171219;130000;0.1135;0.1135;0.111;0.113;105;0
МРСКСиб;60;20171219;150000;0.112;0.1165;0.112;0.116;43;0
МРСКСиб;60;20171219;160000;0.115;0.115;0.115;0.115;1;0
МРСКСиб;60;20171219;180000;0.116;0.116;0.116;0.116;1;0
МРСКСиб;60;20171220;100000;0.115;0.115;0.1095;0.112;191;0
МРСКСиб;60;20171220;110000;0.112;0.1135;0.1085;0.1115;334;0
МРСКСиб;60;20171220;120000;0.112;0.112;0.1105;0.111;18;0
МРСКСиб;60;20171220;130000;0.111;0.112;0.111;0.112;64;0
МРСКСиб;60;20171220;140000;0.1105;0.1105;0.11;0.11;15;0
МРСКСиб;60;20171220;150000;0.1115;0.112;0.1115;0.112;15;0
МРСКСиб;60;20171220;160000;0.1115;0.1115;0.1115;0.1115;8;0
МРСКСиб;60;20171220;170000;0.112;0.112;0.112;0.112;2;0
МРСКСиб;60;20171221;100000;0.111;0.1115;0.11;0.111;14;0
МРСКСиб;60;20171221;140000;0.111;0.111;0.111;0.111;99;0
МРСКСиб;60;20171221;150000;0.1115;0.1115;0.1115;0.1115;1;0
МРСКСиб;60;20171221;160000;0.111;0.111;0.111;0.111;1;0
МРСКСиб;60;20171221;180000;0.1105;0.1115;0.1095;0.1115;9;0
МРСКСиб;60;20171222;100000;0.111;0.1115;0.111;0.111;13;0
МРСКСиб;60;20171222;110000;0.11;0.111;0.1085;0.111;82;0
МРСКСиб;60;20171222;120000;0.1095;0.1105;0.109;0.1105;15;0
МРСКСиб;60;20171222;130000;0.111;0.114;0.11;0.1125;345;0
МРСКСиб;60;20171222;140000;0.1125;0.1135;0.1105;0.1135;80;0
МРСКСиб;60;20171222;150000;0.112;0.1135;0.112;0.112;66;0
МРСКСиб;60;20171222;160000;0.1135;0.1135;0.112;0.112;2;0
МРСКСиб;60;20171222;180000;0.112;0.113;0.1115;0.1115;8;0
МРСКСиб;60;20171225;100000;0.111;0.114;0.111;0.1115;53;0
МРСКСиб;60;20171225;110000;0.112;0.112;0.1115;0.1115;20;0
МРСКСиб;60;20171225;120000;0.113;0.1135;0.113;0.1135;18;0
МРСКСиб;60;20171225;140000;0.1135;0.1135;0.1135;0.1135;15;0
МРСКСиб;60;20171225;150000;0.1125;0.1125;0.1125;0.1125;1;0
МРСКСиб;60;20171225;160000;0.112;0.1135;0.112;0.1135;4;0
МРСКСиб;60;20171225;170000;0.113;0.1135;0.113;0.1135;2;0
МРСКСиб;60;20171225;180000;0.1135;0.1135;0.1135;0.1135;1;0
МРСКСиб;60;20171226;100000;0.1115;0.112;0.111;0.111;49;0
МРСКСиб;60;20171226;110000;0.1115;0.1115;0.1115;0.1115;10;0
МРСКСиб;60;20171226;120000;0.1115;0.112;0.111;0.112;94;0
МРСКСиб;60;20171226;140000;0.112;0.1125;0.112;0.1125;24;0
МРСКСиб;60;20171226;150000;0.1125;0.1125;0.1125;0.1125;11;0
МРСКСиб;60;20171226;160000;0.1125;0.1125;0.1125;0.1125;1;0
МРСКСиб;60;20171226;170000;0.112;0.112;0.11;0.11;70;0
МРСКСиб;60;20171226;180000;0.11;0.111;0.1085;0.111;224;0
МРСКСиб;60;20171227;100000;0.1125;0.1125;0.109;0.1115;35;0
МРСКСиб;60;20171227;110000;0.112;0.1135;0.111;0.1125;32;0
МРСКСиб;60;20171227;120000;0.111;0.111;0.1095;0.11;27;0
МРСКСиб;60;20171227;140000;0.1105;0.111;0.1105;0.111;7;0
МРСКСиб;60;20171227;150000;0.11;0.1105;0.11;0.1105;3;0
МРСКСиб;60;20171227;160000;0.11;0.1105;0.11;0.11;7;0
МРСКСиб;60;20171227;170000;0.1105;0.1105;0.1085;0.1105;82;0
МРСКСиб;60;20171227;180000;0.11;0.111;0.11;0.111;14;0
МРСКСиб;60;20171228;100000;0.109;0.1135;0.109;0.1115;57;0
МРСКСиб;60;20171228;110000;0.113;0.113;0.1115;0.1115;8;0
МРСКСиб;60;20171228;120000;0.112;0.112;0.112;0.112;1;0
МРСКСиб;60;20171228;170000;0.1115;0.1115;0.1115;0.1115;1;0
МРСКСиб;60;20171228;180000;0.1125;0.1125;0.1125;0.1125;1;0
МРСКСиб;60;20171229;100000;0.112;0.1125;0.1115;0.1115;100;0
МРСКСиб;60;20171229;110000;0.1125;0.1125;0.1125;0.1125;1;0
МРСКСиб;60;20171229;130000;0.111;0.112;0.111;0.112;6;0
МРСКСиб;60;20171229;140000;0.111;0.1125;0.11;0.1125;109;0
МРСКСиб;60;20171229;160000;0.1125;0.1135;0.1125;0.1135;36;0
МРСКСиб;60;20171229;180000;0.113;0.119;0.1125;0.1145;288;0
