<TICKER>;<PER>;<DATE>;<TIME>;<OPEN>;<HIGH>;<LOW>;<CLOSE>;<VOL>;<OPENINT>
Нижкамшина;60;20170124;160000;10.7;10.7;10.65;10.65;5;0
Нижкамшина;60;20170125;140000;11;11;11;11;1;0
Нижкамшина;60;20170125;150000;11;11;11;11;4;0
Нижкамшина;60;20170126;100000;10.7;10.7;10.65;10.65;9;0
Нижкамшина;60;20170127;120000;11.55;11.55;11.2;11.2;9;0
Нижкамшина;60;20170127;140000;11.2;11.2;11.2;11.2;7;0
Нижкамшина;60;20170131;110000;10.9;11;10.9;11;2;0
Нижкамшина;60;20170131;140000;11;11;11;11;20;0
Нижкамшина;60;20170201;170000;11.1;11.1;11;11;52;0
Нижкамшина;60;20170202;140000;11.8;11.8;11.8;11.8;1;0
Нижкамшина;60;20170202;160000;11.2;11.4;11.2;11.4;2;0
Нижкамшина;60;20170203;150000;11.1;12.2;11;12;495;0
Нижкамшина;60;20170203;160000;11.8;14.65;11.8;13.6;827;0
Нижкамшина;60;20170203;170000;13.55;14.3;12;13;262;0
Нижкамшина;60;20170203;180000;12.8;13.7;12.45;12.8;390;0
Нижкамшина;60;20170206;100000;12.65;12.85;12.15;12.6;92;0
Нижкамшина;60;20170206;110000;12.45;12.55;11.6;12.4;41;0
Нижкамшина;60;20170206;120000;12.05;12.1;12.05;12.1;11;0
Нижкамшина;60;20170206;140000;12.1;12.4;11.6;12.1;57;0
Нижкамшина;60;20170206;150000;12.2;12.2;11.4;11.5;208;0
Нижкамшина;60;20170206;160000;11.8;12.95;11.6;11.85;28;0
Нижкамшина;60;20170206;170000;12;12.6;12;12.6;44;0
Нижкамшина;60;20170206;180000;12.45;12.65;12;12.55;71;0
Нижкамшина;60;20170207;100000;12.2;12.5;11.95;12.5;8;0
Нижкамшина;60;20170207;110000;12.4;12.5;12.4;12.5;202;0
Нижкамшина;60;20170207;120000;12.65;12.7;12.55;12.55;16;0
Нижкамшина;60;20170207;130000;12.25;12.25;12;12;16;0
Нижкамшина;60;20170207;140000;12;12;11.9;11.9;22;0
Нижкамшина;60;20170207;150000;12.1;12.15;12.1;12.15;2;0
Нижкамшина;60;20170207;160000;12.35;12.5;12.2;12.2;6;0
Нижкамшина;60;20170207;180000;12.2;12.2;12.2;12.2;1;0
Нижкамшина;60;20170208;100000;12.2;12.2;12.2;12.2;7;0
Нижкамшина;60;20170208;110000;12.2;12.2;12.2;12.2;3;0
Нижкамшина;60;20170208;150000;12.1;12.1;12.1;12.1;3;0
Нижкамшина;60;20170208;160000;12.1;12.1;12.05;12.05;29;0
Нижкамшина;60;20170208;170000;12.05;12.1;12.05;12.1;54;0
Нижкамшина;60;20170209;100000;12;12;12;12;11;0
Нижкамшина;60;20170209;110000;12.05;12.05;12.05;12.05;5;0
Нижкамшина;60;20170209;120000;12.2;12.25;12.2;12.25;5;0
Нижкамшина;60;20170209;130000;12.15;12.15;12.15;12.15;1;0
Нижкамшина;60;20170209;150000;12.15;12.15;12.15;12.15;2;0
Нижкамшина;60;20170209;160000;12.15;12.15;12.15;12.15;16;0
Нижкамшина;60;20170209;170000;12.25;12.5;12.25;12.5;12;0
Нижкамшина;60;20170209;180000;12.5;14.95;12.5;13.8;268;0
Нижкамшина;60;20170210;100000;14.8;14.8;13.25;13.25;189;0
Нижкамшина;60;20170210;110000;12.95;12.95;12.95;12.95;2;0
Нижкамшина;60;20170210;130000;13.2;13.2;12.95;13;10;0
Нижкамшина;60;20170210;140000;13.1;13.1;13.1;13.1;1;0
Нижкамшина;60;20170213;180000;12.95;12.95;12.95;12.95;2;0
Нижкамшина;60;20170215;120000;12.7;12.7;12.7;12.7;6;0
Нижкамшина;60;20170215;140000;12.85;12.85;12.85;12.85;2;0
Нижкамшина;60;20170215;150000;12.8;12.8;12.65;12.65;3;0
Нижкамшина;60;20170216;150000;12.05;12.6;12.05;12.6;2;0
Нижкамшина;60;20170216;160000;12.4;12.4;12.4;12.4;1;0
Нижкамшина;60;20170217;100000;12.1;12.2;12.1;12.2;3;0
Нижкамшина;60;20170217;110000;12.1;12.25;12.1;12.25;2;0
Нижкамшина;60;20170217;120000;12.5;12.75;12.3;12.75;12;0
Нижкамшина;60;20170217;140000;12.95;12.95;12.95;12.95;3;0
Нижкамшина;60;20170217;160000;13.05;13.05;13.05;13.05;4;0
Нижкамшина;60;20170217;170000;13;13.05;13;13.05;5;0
Нижкамшина;60;20170217;180000;13;13;13;13;4;0
Нижкамшина;60;20170220;170000;12.95;12.95;12.95;12.95;1;0
Нижкамшина;60;20170220;180000;13;13;13;13;1;0
Нижкамшина;60;20170222;100000;12.75;12.75;12.75;12.75;3;0
Нижкамшина;60;20170222;110000;12.6;12.6;12.6;12.6;2;0
Нижкамшина;60;20170222;120000;12.55;13.5;12.55;12.65;5;0
Нижкамшина;60;20170222;160000;12.3;12.3;12.3;12.3;2;0
Нижкамшина;60;20170222;170000;12.4;12.4;12.4;12.4;1;0
Нижкамшина;60;20170222;180000;12.35;12.35;12.35;12.35;3;0
Нижкамшина;60;20170228;100000;12.05;12.2;11.9;11.9;7;0
Нижкамшина;60;20170301;100000;12;12.7;12;12.2;10;0
Нижкамшина;60;20170301;180000;11.9;12;11.9;12;2;0
Нижкамшина;60;20170302;100000;11.95;12;11.95;12;2;0
Нижкамшина;60;20170303;100000;11.6;11.8;11.6;11.8;3;0
Нижкамшина;60;20170306;120000;12.7;13;11.95;12;5;0
Нижкамшина;60;20170306;130000;12.15;13.4;12.15;13.2;16;0
Нижкамшина;60;20170306;150000;12.25;13.35;12.25;13.35;13;0
Нижкамшина;60;20170306;170000;12.8;12.95;12.8;12.95;2;0
Нижкамшина;60;20170307;100000;12.05;12.6;12.05;12.05;6;0
Нижкамшина;60;20170307;120000;12;12;12;12;1;0
Нижкамшина;60;20170307;140000;12.3;12.3;12.05;12.05;2;0
Нижкамшина;60;20170307;150000;12.05;12.05;12.05;12.05;5;0
Нижкамшина;60;20170307;160000;12.05;12.05;12;12;22;0
Нижкамшина;60;20170307;180000;12.3;12.3;12.3;12.3;1;0
Нижкамшина;60;20170309;170000;11.35;11.8;11.35;11.4;106;0
Нижкамшина;60;20170313;100000;11.45;11.45;11.3;11.3;8;0
Нижкамшина;60;20170313;110000;12.3;12.3;11.6;11.6;2;0
Нижкамшина;60;20170313;180000;11.8;11.8;11.8;11.8;1;0
Нижкамшина;60;20170314;160000;11.85;11.85;11.85;11.85;5;0
Нижкамшина;60;20170316;170000;11.2;11.2;11.2;11.2;1;0
Нижкамшина;60;20170316;180000;12.45;12.45;11.8;11.8;2;0
Нижкамшина;60;20170317;150000;11.3;12;11.3;11.8;8;0
Нижкамшина;60;20170317;180000;11.55;11.95;11.55;11.8;4;0
Нижкамшина;60;20170320;100000;12.4;12.8;11.7;12;4;0
Нижкамшина;60;20170322;120000;11.9;11.9;11.9;11.9;1;0
Нижкамшина;60;20170322;130000;11.9;11.9;11.9;11.9;1;0
Нижкамшина;60;20170322;140000;11.85;11.85;11.85;11.85;1;0
Нижкамшина;60;20170322;170000;11.8;11.8;11.8;11.8;3;0
Нижкамшина;60;20170323;110000;11.75;11.75;11.75;11.75;1;0
Нижкамшина;60;20170324;140000;11.8;12.15;11.8;11.95;7;0
Нижкамшина;60;20170324;150000;11.9;11.9;11.7;11.7;11;0
Нижкамшина;60;20170327;140000;11.65;11.65;11.6;11.6;2;0
Нижкамшина;60;20170327;170000;11.6;11.6;11.55;11.55;2;0
Нижкамшина;60;20170328;100000;11.5;11.5;11.4;11.4;3;0
Нижкамшина;60;20170331;130000;11.65;11.65;11.65;11.65;1;0
Нижкамшина;60;20170331;150000;11.55;11.55;11.55;11.55;1;0
Нижкамшина;60;20170404;110000;11.5;11.5;10.15;11.4;19;0
Нижкамшина;60;20170405;120000;11.35;11.35;11.35;11.35;1;0
Нижкамшина;60;20170405;150000;11.3;11.7;10.15;11.55;104;0
Нижкамшина;60;20170405;160000;11.5;11.5;11.25;11.25;8;0
Нижкамшина;60;20170410;100000;11.25;11.25;11.25;11.25;1;0
Нижкамшина;60;20170410;170000;11.2;11.2;11.2;11.2;1;0
Нижкамшина;60;20170411;100000;11.15;11.2;11.15;11.2;3;0
Нижкамшина;60;20170411;170000;11.05;11.05;11.05;11.05;1;0
Нижкамшина;60;20170412;170000;11;11;11;11;2;0
Нижкамшина;60;20170413;100000;10.85;10.85;10.4;10.4;2;0
Нижкамшина;60;20170413;110000;11.15;11.15;11.15;11.15;1;0
Нижкамшина;60;20170413;130000;11;11;11;11;1;0
Нижкамшина;60;20170413;160000;10.95;10.95;10.8;10.8;2;0
Нижкамшина;60;20170414;120000;10.9;10.9;10.8;10.8;3;0
Нижкамшина;60;20170414;150000;10.95;10.95;10.95;10.95;1;0
Нижкамшина;60;20170414;170000;10.8;10.8;10.8;10.8;1;0
Нижкамшина;60;20170418;100000;10.95;11;10.95;11;2;0
Нижкамшина;60;20170418;130000;11;11;11;11;1;0
Нижкамшина;60;20170418;170000;11;11.05;11;11.05;2;0
Нижкамшина;60;20170418;180000;11.1;11.7;11.1;11.5;229;0
Нижкамшина;60;20170419;110000;11.5;11.7;11.5;11.7;8;0
Нижкамшина;60;20170419;120000;11.75;11.75;11.6;11.6;6;0
Нижкамшина;60;20170419;170000;11.6;11.6;11.6;11.6;6;0
Нижкамшина;60;20170420;180000;11.55;11.55;11.45;11.45;2;0
Нижкамшина;60;20170421;100000;11.6;13.05;11.6;12.65;57;0
Нижкамшина;60;20170421;110000;12.5;14;12.5;12.9;126;0
Нижкамшина;60;20170421;120000;12.85;12.85;12.85;12.85;30;0
Нижкамшина;60;20170421;130000;12.8;12.8;11.3;12.45;53;0
Нижкамшина;60;20170421;150000;12.5;12.5;12.5;12.5;3;0
Нижкамшина;60;20170421;160000;12.5;12.5;12.4;12.4;3;0
Нижкамшина;60;20170424;110000;12.4;12.4;12.4;12.4;1;0
Нижкамшина;60;20170424;140000;12.3;12.3;10.7;11.2;210;0
Нижкамшина;60;20170424;150000;11.2;11.2;11.2;11.2;1;0
Нижкамшина;60;20170424;160000;11.35;11.85;11.3;11.65;92;0
Нижкамшина;60;20170424;170000;11.55;11.8;11.55;11.8;7;0
Нижкамшина;60;20170424;180000;11.7;11.7;11.7;11.7;3;0
Нижкамшина;60;20170425;100000;11.65;11.65;9.6;10;822;0
Нижкамшина;60;20170425;110000;9.9;10.55;9.85;10.55;362;0
Нижкамшина;60;20170425;120000;10.5;10.5;10.4;10.5;24;0
Нижкамшина;60;20170425;130000;10.55;10.65;10.55;10.65;5;0
Нижкамшина;60;20170425;140000;10.7;10.7;10.7;10.7;1;0
Нижкамшина;60;20170425;150000;10.65;10.65;10.5;10.5;32;0
Нижкамшина;60;20170425;160000;10.6;10.7;10.6;10.7;2;0
Нижкамшина;60;20170425;170000;10.7;11;10.7;11;92;0
Нижкамшина;60;20170425;180000;10.9;10.9;10.9;10.9;5;0
Нижкамшина;60;20170426;100000;10.85;10.95;10.05;10.95;20;0
Нижкамшина;60;20170426;110000;11;11;10.7;10.8;17;0
Нижкамшина;60;20170426;120000;10.95;11;10.95;11;5;0
Нижкамшина;60;20170426;130000;10.9;11.2;10.9;11.2;20;0
Нижкамшина;60;20170426;180000;11.15;11.2;11.15;11.2;10;0
Нижкамшина;60;20170427;120000;11.05;11.05;11;11;2;0
Нижкамшина;60;20170427;150000;11;11;10.9;10.9;6;0
Нижкамшина;60;20170427;170000;10.85;10.85;10.8;10.8;2;0
Нижкамшина;60;20170428;100000;10.9;10.95;10.8;10.8;7;0
Нижкамшина;60;20170428;170000;10.8;10.8;10.7;10.7;11;0
Нижкамшина;60;20170428;180000;10.65;10.65;10.6;10.6;4;0
Нижкамшина;60;20170502;090000;10.6;10.6;10.6;10.6;1;0
Нижкамшина;60;20170502;100000;10.7;10.95;10.7;10.95;19;0
Нижкамшина;60;20170502;110000;11;11.5;11;11.5;36;0
Нижкамшина;60;20170502;120000;11.35;11.35;11.25;11.25;12;0
Нижкамшина;60;20170502;160000;11.2;11.2;11.2;11.2;3;0
Нижкамшина;60;20170502;180000;11.2;11.2;11.2;11.2;2;0
Нижкамшина;60;20170503;100000;11.2;11.2;11.2;11.2;1;0
Нижкамшина;60;20170503;110000;11.15;11.15;11.15;11.15;3;0
Нижкамшина;60;20170503;140000;11.15;11.25;11.1;11.25;117;0
Нижкамшина;60;20170505;140000;11.1;11.1;11.05;11.05;3;0
Нижкамшина;60;20170505;170000;11.2;11.2;11.2;11.2;2;0
Нижкамшина;60;20170510;170000;11.25;11.3;11.25;11.3;4;0
Нижкамшина;60;20170511;110000;11.15;11.15;11.15;11.15;1;0
Нижкамшина;60;20170511;140000;11.3;11.35;11.3;11.35;5;0
Нижкамшина;60;20170511;170000;11.25;11.25;11.25;11.25;7;0
Нижкамшина;60;20170512;140000;11.4;11.5;11.4;11.5;14;0
Нижкамшина;60;20170515;100000;11.35;11.35;11.35;11.35;1;0
Нижкамшина;60;20170516;130000;11.3;11.3;11.3;11.3;1;0
Нижкамшина;60;20170516;180000;11.3;11.3;11.3;11.3;1;0
Нижкамшина;60;20170517;130000;11.25;11.4;10.4;11.2;11;0
Нижкамшина;60;20170517;160000;11.2;11.2;11.2;11.2;1;0
Нижкамшина;60;20170517;170000;11.35;11.35;11.2;11.2;2;0
Нижкамшина;60;20170518;170000;11.15;11.15;10.45;11.1;5;0
Нижкамшина;60;20170518;180000;11.1;11.1;11.1;11.1;1;0
Нижкамшина;60;20170519;130000;11.05;11.05;11.05;11.05;1;0
Нижкамшина;60;20170519;170000;11.05;11.05;11.05;11.05;1;0
Нижкамшина;60;20170522;130000;11;11;10.95;10.95;3;0
Нижкамшина;60;20170522;140000;10.95;11.1;10.15;10.45;40;0
Нижкамшина;60;20170522;180000;10.85;10.85;10.8;10.8;2;0
Нижкамшина;60;20170524;150000;11;11;10.45;10.8;6;0
Нижкамшина;60;20170524;180000;10.8;10.85;10.8;10.85;2;0
Нижкамшина;60;20170525;120000;10.95;11;10.8;10.8;11;0
Нижкамшина;60;20170525;130000;11;11.1;11;11.1;8;0
Нижкамшина;60;20170525;140000;10.95;10.95;10.95;10.95;1;0
Нижкамшина;60;20170525;150000;10.9;10.9;10.1;10.8;33;0
Нижкамшина;60;20170525;160000;10.75;11.05;10.75;11.05;14;0
Нижкамшина;60;20170526;140000;11.05;11.05;10.9;10.9;2;0
Нижкамшина;60;20170529;140000;10.85;10.85;10.4;10.8;9;0
Нижкамшина;60;20170529;180000;10.75;10.75;10.7;10.7;2;0
Нижкамшина;60;20170530;100000;10.7;10.7;10.7;10.7;1;0
Нижкамшина;60;20170530;110000;10.8;11;10.8;11;10;0
Нижкамшина;60;20170530;140000;11;11;11;11;3;0
Нижкамшина;60;20170531;100000;10.75;10.75;10.75;10.75;1;0
Нижкамшина;60;20170531;120000;10.9;10.9;10.9;10.9;1;0
Нижкамшина;60;20170531;160000;11.05;11.05;11.05;11.05;1;0
Нижкамшина;60;20170601;150000;10.85;10.85;10.4;10.75;17;0
Нижкамшина;60;20170601;180000;10.7;11.05;10.7;11;7;0
Нижкамшина;60;20170602;180000;11.15;11.45;11.15;11.4;22;0
Нижкамшина;60;20170605;100000;11.3;11.3;11.3;11.3;1;0
Нижкамшина;60;20170605;120000;11.45;11.55;11.4;11.4;13;0
Нижкамшина;60;20170606;100000;11.4;11.4;11.4;11.4;1;0
Нижкамшина;60;20170606;150000;11.35;11.35;11.35;11.35;1;0
Нижкамшина;60;20170606;170000;11.3;11.3;11.25;11.25;2;0
Нижкамшина;60;20170614;180000;11.15;11.2;11.15;11.2;2;0
Нижкамшина;60;20170615;120000;11.05;11.05;10;10.4;69;0
Нижкамшина;60;20170615;130000;10.5;10.5;10.5;10.5;17;0
Нижкамшина;60;20170615;160000;10.5;10.5;10.5;10.5;2;0
Нижкамшина;60;20170615;170000;10.5;10.6;10.5;10.6;26;0
Нижкамшина;60;20170622;140000;10.3;10.3;10.25;10.25;3;0
Нижкамшина;60;20170622;160000;10.25;10.25;10.15;10.15;7;0
Нижкамшина;60;20170622;170000;10.3;10.35;10.3;10.35;2;0
Нижкамшина;60;20170622;180000;10.4;10.4;10.4;10.4;2;0
Нижкамшина;60;20170623;130000;10.45;11;10.45;10.6;31;0
Нижкамшина;60;20170626;170000;10.7;10.7;10.6;10.6;4;0
Нижкамшина;60;20170629;160000;10.55;10.55;10.55;10.55;1;0
Нижкамшина;60;20170629;170000;10.5;10.5;10.5;10.5;23;0
Нижкамшина;60;20170629;180000;10.45;10.45;10.45;10.45;1;0
Нижкамшина;60;20170630;170000;10.45;10.45;10.45;10.45;1;0
Нижкамшина;60;20170703;100000;10.45;10.45;10;10.2;40;0
Нижкамшина;60;20170703;120000;10.2;10.2;10.1;10.1;12;0
Нижкамшина;60;20170703;130000;10.05;10.05;9.8;9.9;28;0
Нижкамшина;60;20170703;140000;10;10;10;10;2;0
Нижкамшина;60;20170703;150000;9.9;9.9;9.85;9.85;9;0
Нижкамшина;60;20170703;180000;10;10;9.85;9.85;8;0
Нижкамшина;60;20170705;160000;10;10;10;10;1;0
Нижкамшина;60;20170706;180000;10.05;10.1;10.05;10.1;3;0
Нижкамшина;60;20170711;160000;9.95;9.95;9.95;9.95;1;0
Нижкамшина;60;20170712;120000;10.15;10.15;10.15;10.15;1;0
Нижкамшина;60;20170712;180000;10.2;10.2;10.2;10.2;2;0
Нижкамшина;60;20170713;150000;10.2;10.85;10.2;10.4;24;0
Нижкамшина;60;20170713;180000;10.6;10.6;10.6;10.6;1;0
Нижкамшина;60;20170717;170000;10.4;10.4;10.4;10.4;2;0
Нижкамшина;60;20170720;130000;10.4;10.4;10.4;10.4;2;0
Нижкамшина;60;20170724;110000;10.35;10.35;10.35;10.35;1;0
Нижкамшина;60;20170725;180000;10.35;10.35;10.35;10.35;1;0
Нижкамшина;60;20170727;100000;10.55;10.75;10.55;10.75;20;0
Нижкамшина;60;20170727;130000;10.75;10.85;10.75;10.85;12;0
Нижкамшина;60;20170728;160000;10.85;11;10.85;11;15;0
Нижкамшина;60;20170731;180000;11;11.2;11;11.1;19;0
Нижкамшина;60;20170801;110000;11.25;12.45;11.25;12.35;254;0
Нижкамшина;60;20170801;120000;12.35;12.7;11.8;12.55;550;0
Нижкамшина;60;20170801;130000;12.5;12.7;12.15;12.55;1001;0
Нижкамшина;60;20170801;140000;12.2;13;11.65;12.65;134;0
Нижкамшина;60;20170801;150000;12.55;12.6;12.4;12.4;6;0
Нижкамшина;60;20170801;160000;12.65;13.75;12.6;13;81;0
Нижкамшина;60;20170801;170000;13;13.5;12.6;12.6;21;0
Нижкамшина;60;20170801;180000;12.8;12.8;12.4;12.5;10;0
Нижкамшина;60;20170802;110000;12.7;12.95;12.7;12.8;3;0
Нижкамшина;60;20170802;120000;12.65;12.75;12.1;12.5;55;0
Нижкамшина;60;20170802;130000;12.45;12.45;12.2;12.4;9;0
Нижкамшина;60;20170802;140000;12.55;13;12.55;12.55;14;0
Нижкамшина;60;20170802;150000;12.55;12.55;12.55;12.55;1;0
Нижкамшина;60;20170802;160000;12.5;12.5;12.5;12.5;1;0
Нижкамшина;60;20170802;170000;12.4;12.4;12.35;12.35;4;0
Нижкамшина;60;20170803;120000;12.25;12.25;12.25;12.25;1;0
Нижкамшина;60;20170803;130000;12.2;12.2;12.2;12.2;1;0
Нижкамшина;60;20170803;150000;12.45;12.45;12.25;12.25;2;0
Нижкамшина;60;20170803;160000;12.45;13.45;12.45;12.8;14;0
Нижкамшина;60;20170803;170000;12.8;12.8;12.6;12.6;3;0
Нижкамшина;60;20170803;180000;12.7;12.7;12.7;12.7;1;0
Нижкамшина;60;20170804;110000;12.75;12.75;12.75;12.75;1;0
Нижкамшина;60;20170807;100000;12.65;12.85;12.3;12.85;33;0
Нижкамшина;60;20170807;110000;12.9;13.15;12.9;13;10;0
Нижкамшина;60;20170807;120000;13.05;13.05;12.7;12.7;11;0
Нижкамшина;60;20170807;150000;12.85;13.2;12.85;13;62;0
Нижкамшина;60;20170807;160000;13.15;13.2;13.15;13.2;3;0
Нижкамшина;60;20170807;180000;13.05;13.3;13;13.3;36;0
Нижкамшина;60;20170808;100000;13.2;13.4;13.2;13.4;2;0
Нижкамшина;60;20170808;110000;13.15;13.15;13.15;13.15;2;0
Нижкамшина;60;20170808;120000;13.05;13.05;13.05;13.05;1;0
Нижкамшина;60;20170808;130000;13;13;12.1;12.1;9;0
Нижкамшина;60;20170808;140000;13.1;13.1;13.1;13.1;1;0
Нижкамшина;60;20170809;140000;12.85;12.85;12.85;12.85;1;0
Нижкамшина;60;20170811;130000;12.8;12.8;12.8;12.8;1;0
Нижкамшина;60;20170811;180000;12.8;12.8;12.8;12.8;1;0
Нижкамшина;60;20170814;110000;12.75;12.75;12.75;12.75;1;0
Нижкамшина;60;20170815;170000;12.65;12.65;12.65;12.65;1;0
Нижкамшина;60;20170818;160000;12.45;12.6;12.2;12.2;7;0
Нижкамшина;60;20170818;170000;12.2;12.2;12.2;12.2;1;0
Нижкамшина;60;20170822;100000;12.35;12.85;12.35;12.5;31;0
Нижкамшина;60;20170822;110000;12.65;12.65;12.65;12.65;1;0
Нижкамшина;60;20170822;160000;12.75;13.05;12.75;13;6;0
Нижкамшина;60;20170822;170000;13.15;13.2;13;13.15;4;0
Нижкамшина;60;20170822;180000;13.15;13.2;13.15;13.2;3;0
Нижкамшина;60;20170823;100000;13.25;13.65;13.25;13.5;10;0
Нижкамшина;60;20170823;110000;13.5;13.5;13.5;13.5;1;0
Нижкамшина;60;20170823;130000;13.35;13.4;13.35;13.4;2;0
Нижкамшина;60;20170823;140000;13.45;13.55;13.45;13.55;11;0
Нижкамшина;60;20170823;150000;13.55;13.55;13.55;13.55;1;0
Нижкамшина;60;20170823;170000;13.7;13.75;13.6;13.6;6;0
Нижкамшина;60;20170824;120000;13.6;13.6;11.65;13.1;15;0
Нижкамшина;60;20170824;130000;13.25;13.25;13.25;13.25;1;0
Нижкамшина;60;20170824;160000;12.95;12.95;12.95;12.95;1;0
Нижкамшина;60;20170825;160000;12.95;13;12.85;13;3;0
Нижкамшина;60;20170828;120000;13;13;13;13;1;0
Нижкамшина;60;20170828;170000;12.95;13.5;12.95;13.45;30;0
Нижкамшина;60;20170828;180000;13.7;13.7;13.6;13.6;2;0
Нижкамшина;60;20170829;180000;13.55;14;13.55;14;21;0
Нижкамшина;60;20170830;110000;14;14;14;14;5;0
Нижкамшина;60;20170830;120000;14.1;14.1;14;14;23;0
Нижкамшина;60;20170830;140000;13.9;13.9;13.9;13.9;1;0
Нижкамшина;60;20170830;160000;13.9;14;13.9;14;2;0
Нижкамшина;60;20170831;100000;13.85;13.85;13.85;13.85;1;0
Нижкамшина;60;20170831;110000;13.8;13.8;12.75;13.75;9;0
Нижкамшина;60;20170831;130000;13.9;13.95;13.9;13.95;4;0
Нижкамшина;60;20170831;160000;14.1;14.2;14;14.2;7;0
Нижкамшина;60;20170904;140000;13.9;14;13.9;14;2;0
Нижкамшина;60;20170904;160000;14.15;14.2;14.15;14.2;30;0
Нижкамшина;60;20170905;100000;14;14;14;14;2;0
Нижкамшина;60;20170905;150000;14.3;14.45;14.25;14.25;60;0
Нижкамшина;60;20170905;170000;14.25;14.55;14.25;14.3;95;0
Нижкамшина;60;20170905;180000;14.4;15;12.4;14.9;292;0
Нижкамшина;60;20170906;110000;15;15.1;14.75;15.1;106;0
Нижкамшина;60;20170906;120000;14.75;15.1;13.6;14.85;207;0
Нижкамшина;60;20170906;130000;14.75;14.75;14.75;14.75;17;0
Нижкамшина;60;20170907;100000;15.1;19.95;14.85;14.85;14;0
Нижкамшина;60;20170908;110000;15;15.45;15;15.2;54;0
Нижкамшина;60;20170908;120000;15.4;15.95;15.4;15.95;7;0
Нижкамшина;60;20170908;130000;15.4;15.6;15.3;15.6;4;0
Нижкамшина;60;20170908;150000;15.15;15.2;15.15;15.2;2;0
Нижкамшина;60;20170911;150000;15.1;15.25;15.1;15.2;11;0
Нижкамшина;60;20170911;170000;15.25;15.25;15.25;15.25;6;0
Нижкамшина;60;20170911;180000;15.45;15.45;15.45;15.45;5;0
Нижкамшина;60;20170912;140000;15.15;15.45;15;15.45;9;0
Нижкамшина;60;20170912;170000;15.15;15.4;15.15;15.4;4;0
Нижкамшина;60;20170913;130000;15.5;15.5;15.5;15.5;1;0
Нижкамшина;60;20170913;150000;15.1;15.1;15.1;15.1;1;0
Нижкамшина;60;20170914;150000;15.4;15.4;15.4;15.4;1;0
Нижкамшина;60;20170915;140000;15.05;15.2;15.05;15.2;2;0
Нижкамшина;60;20170919;170000;15;15;15;15;3;0
Нижкамшина;60;20170920;170000;14.8;14.8;14.8;14.8;1;0
Нижкамшина;60;20170921;100000;15.1;15.35;15.1;15.35;5;0
Нижкамшина;60;20170921;130000;15;15;13.55;14.6;46;0
Нижкамшина;60;20170921;140000;14.7;15.35;14.7;15.35;21;0
Нижкамшина;60;20170921;150000;14.95;15.4;14.95;15.4;5;0
Нижкамшина;60;20170921;160000;15.55;15.55;15.55;15.55;1;0
Нижкамшина;60;20170921;170000;15.2;15.2;15.2;15.2;1;0
Нижкамшина;60;20170921;180000;15.2;15.95;15.2;15.95;55;0
Нижкамшина;60;20170922;110000;15.5;15.6;14.4;15.4;8;0
Нижкамшина;60;20170922;120000;15.2;15.55;14.8;15.25;10;0
Нижкамшина;60;20170922;170000;15.35;15.95;15.35;15.95;18;0
Нижкамшина;60;20170925;140000;15.95;15.95;15;15.8;11;0
Нижкамшина;60;20170925;150000;15.55;15.75;15.55;15.75;4;0
Нижкамшина;60;20170925;160000;15.85;15.85;15.8;15.8;2;0
Нижкамшина;60;20170925;180000;15.55;15.75;15.55;15.75;2;0
Нижкамшина;60;20170926;100000;15.55;16;15.5;15.55;7;0
Нижкамшина;60;20170926;120000;15.45;15.45;15.4;15.4;2;0
Нижкамшина;60;20170926;130000;15.7;15.75;15.7;15.75;11;0
Нижкамшина;60;20170926;170000;15.7;15.7;15.7;15.7;1;0
Нижкамшина;60;20170927;100000;15.85;15.85;13.9;15.15;117;0
Нижкамшина;60;20170927;110000;15.15;15.2;15.15;15.2;2;0
Нижкамшина;60;20170927;130000;15.25;15.25;15.15;15.15;2;0
Нижкамшина;60;20170927;150000;15.3;15.7;15.3;15.6;6;0
Нижкамшина;60;20170927;160000;15.85;15.95;15.85;15.95;13;0
Нижкамшина;60;20170927;180000;15.7;15.9;15.7;15.9;2;0
Нижкамшина;60;20170928;110000;15.6;15.6;14.7;15.4;6;0
Нижкамшина;60;20170928;120000;15.4;15.4;14.85;15.25;16;0
Нижкамшина;60;20170928;130000;15.35;15.35;15.35;15.35;2;0
Нижкамшина;60;20170928;160000;15.65;15.7;15.4;15.6;6;0
Нижкамшина;60;20170928;170000;15.4;15.4;15.4;15.4;1;0
Нижкамшина;60;20170928;180000;15.4;15.4;15.35;15.35;41;0
Нижкамшина;60;20170929;120000;15.7;15.7;15.7;15.7;1;0
Нижкамшина;60;20170929;140000;15.6;15.6;15.6;15.6;1;0
Нижкамшина;60;20170929;160000;15.6;15.6;15.6;15.6;1;0
Нижкамшина;60;20171002;100000;15.75;15.9;15.75;15.9;2;0
Нижкамшина;60;20171003;170000;15.95;15.95;15.95;15.95;4;0
Нижкамшина;60;20171003;180000;16.05;16.05;16.05;16.05;1;0
Нижкамшина;60;20171004;110000;15.7;15.7;15.65;15.65;2;0
Нижкамшина;60;20171004;120000;15.9;16.1;15.9;16.1;3;0
Нижкамшина;60;20171004;170000;16;16;16;16;6;0
Нижкамшина;60;20171004;180000;16;16.15;16;16.15;10;0
Нижкамшина;60;20171006;130000;15.95;15.95;15.9;15.9;33;0
Нижкамшина;60;20171006;150000;15.75;15.8;15.65;15.8;4;0
Нижкамшина;60;20171009;100000;15.6;15.6;15.55;15.6;4;0
Нижкамшина;60;20171010;160000;15.45;15.45;15.45;15.45;3;0
Нижкамшина;60;20171011;150000;15.55;15.6;15.55;15.6;12;0
Нижкамшина;60;20171012;170000;15.15;15.35;15.15;15.35;4;0
Нижкамшина;60;20171013;140000;15.7;15.7;15.7;15.7;1;0
Нижкамшина;60;20171013;160000;15.4;15.4;15.4;15.4;1;0
Нижкамшина;60;20171016;110000;15.85;15.85;15.6;15.6;2;0
Нижкамшина;60;20171016;120000;15.55;15.55;15.55;15.55;1;0
Нижкамшина;60;20171017;170000;15.45;15.45;15.45;15.45;1;0
Нижкамшина;60;20171019;130000;15.3;15.4;14.7;14.8;13;0
Нижкамшина;60;20171020;150000;14.55;14.55;14.3;14.3;6;0
Нижкамшина;60;20171020;160000;14.6;14.6;14.6;14.6;1;0
Нижкамшина;60;20171023;110000;14.8;14.8;14.8;14.8;1;0
Нижкамшина;60;20171027;110000;14.45;14.45;14;14;2;0
Нижкамшина;60;20171030;100000;14.65;14.65;14.65;14.65;1;0
Нижкамшина;60;20171030;110000;14.3;14.5;14.3;14.5;2;0
Нижкамшина;60;20171030;160000;14.9;15.9;14.75;15;14;0
Нижкамшина;60;20171031;110000;14.9;14.9;14.5;14.5;2;0
Нижкамшина;60;20171103;100000;14.6;14.8;14.6;14.8;2;0
Нижкамшина;60;20171110;180000;15;15;14.4;14.4;15;0
Нижкамшина;60;20171117;160000;14.25;14.25;13.65;13.65;2;0
Нижкамшина;60;20171120;150000;14.45;14.45;14.45;14.45;1;0
Нижкамшина;60;20171121;150000;14.7;14.75;14.6;14.6;3;0
Нижкамшина;60;20171122;150000;14.85;14.85;14.8;14.8;3;0
Нижкамшина;60;20171123;110000;15.15;16.15;15;15.4;84;0
Нижкамшина;60;20171123;120000;15.5;15.95;15.5;15.95;120;0
Нижкамшина;60;20171123;130000;15.6;15.6;15.55;15.55;2;0
Нижкамшина;60;20171123;140000;15.45;15.45;15.4;15.4;10;0
Нижкамшина;60;20171123;150000;15.45;15.45;15.45;15.45;5;0
Нижкамшина;60;20171123;160000;15.4;15.6;15.2;15.2;39;0
Нижкамшина;60;20171123;170000;15.25;15.5;15.2;15.5;30;0
Нижкамшина;60;20171123;180000;15.6;15.7;15.3;15.7;49;0
Нижкамшина;60;20171124;100000;15.75;15.75;15.75;15.75;18;0
Нижкамшина;60;20171124;170000;15.65;15.65;15.65;15.65;1;0
Нижкамшина;60;20171124;180000;15.65;15.65;15.65;15.65;10;0
Нижкамшина;60;20171127;180000;15.8;15.8;15.8;15.8;1;0
Нижкамшина;60;20171128;150000;15.4;15.4;15.4;15.4;1;0
Нижкамшина;60;20171129;100000;15.2;15.4;15.2;15.4;7;0
Нижкамшина;60;20171129;150000;15.3;15.3;15.3;15.3;1;0
Нижкамшина;60;20171130;100000;15.15;15.2;14.95;14.95;3;0
Нижкамшина;60;20171130;110000;15;15;15;15;1;0
Нижкамшина;60;20171204;100000;14.8;14.8;14.8;14.8;1;0
Нижкамшина;60;20171204;130000;14.8;14.8;14.8;14.8;1;0
Нижкамшина;60;20171204;170000;14.6;14.6;14.6;14.6;2;0
Нижкамшина;60;20171204;180000;15;15.65;15;15.65;9;0
Нижкамшина;60;20171205;150000;15.65;15.65;15.65;15.65;1;0
Нижкамшина;60;20171205;170000;15.25;16.1;15.25;16;60;0
Нижкамшина;60;20171205;180000;16;16.95;16;16.95;14;0
Нижкамшина;60;20171206;100000;16.4;16.4;16.4;16.4;10;0
Нижкамшина;60;20171206;170000;16.4;16.4;16.4;16.4;20;0
Нижкамшина;60;20171207;100000;17.65;17.65;16.6;16.6;3;0
Нижкамшина;60;20171207;110000;16.8;17.4;16.8;17.4;14;0
Нижкамшина;60;20171207;120000;16.8;16.8;16.55;16.55;4;0
Нижкамшина;60;20171207;140000;16.15;16.4;16.15;16.4;2;0
Нижкамшина;60;20171207;150000;16.2;16.2;15.9;16;4;0
Нижкамшина;60;20171208;130000;15.7;15.7;15;15.4;11;0
Нижкамшина;60;20171211;100000;15.2;15.2;15.2;15.2;2;0
Нижкамшина;60;20171211;120000;14.95;14.95;14.95;14.95;1;0
Нижкамшина;60;20171211;130000;15;15;14.8;14.8;7;0
Нижкамшина;60;20171211;140000;14.75;14.75;14.7;14.7;2;0
Нижкамшина;60;20171211;150000;14.6;14.6;14.4;14.4;9;0
Нижкамшина;60;20171211;180000;14.6;14.6;14.6;14.6;1;0
Нижкамшина;60;20171212;110000;14.55;14.55;14.4;14.4;3;0
Нижкамшина;60;20171212;120000;14.7;14.7;14;14.15;18;0
Нижкамшина;60;20171212;130000;14.3;14.3;14.3;14.3;1;0
Нижкамшина;60;20171212;140000;14.25;14.3;14.25;14.3;2;0
Нижкамшина;60;20171212;150000;14.4;14.4;14.35;14.35;3;0
Нижкамшина;60;20171212;160000;14.4;14.4;14.4;14.4;3;0
Нижкамшина;60;20171212;170000;14.45;14.45;14.4;14.4;3;0
Нижкамшина;60;20171215;170000;14.55;14.55;14.55;14.55;1;0
Нижкамшина;60;20171219;170000;14.75;14.75;14.6;14.6;33;0
Нижкамшина;60;20171220;160000;14.55;14.55;14.55;14.55;1;0
Нижкамшина;60;20171220;170000;14.55;14.55;14.55;14.55;1;0
Нижкамшина;60;20171222;140000;14.75;14.75;14.75;14.75;2;0
Нижкамшина;60;20171222;160000;14.8;15.05;14.8;15.05;22;0
Нижкамшина;60;20171222;170000;15.05;15.05;15.05;15.05;12;0
Нижкамшина;60;20171225;130000;15.15;15.15;15.15;15.15;8;0
Нижкамшина;60;20171226;100000;15;15;14.55;14.55;14;0
Нижкамшина;60;20171226;120000;14.75;14.75;14.75;14.75;1;0
Нижкамшина;60;20171227;100000;14.6;14.6;14.6;14.6;2;0
Нижкамшина;60;20171229;130000;14.75;14.75;14.75;14.75;1;0
Нижкамшина;60;20171229;170000;14.7;14.7;14.7;14.7;1;0
