<TICKER>;<PER>;<DATE>;<TIME>;<OPEN>;<HIGH>;<LOW>;<CLOSE>;<VOL>;<OPENINT>
НКНХ ао;60;20170124;130000;73;73;73;73;1;0
НКНХ ао;60;20170124;140000;73;73;73;73;1;0
НКНХ ао;60;20170124;160000;73.2;73.3;73;73;9;0
НКНХ ао;60;20170124;170000;73;73;73;73;3;0
НКНХ ао;60;20170124;180000;73;73;72.8;72.8;10;0
НКНХ ао;60;20170125;100000;72.8;72.8;72.8;72.8;1;0
НКНХ ао;60;20170125;120000;72.6;72.9;72.5;72.5;15;0
НКНХ ао;60;20170125;150000;72.8;73;72.8;73;103;0
НКНХ ао;60;20170125;170000;73;73.1;73;73.1;14;0
НКНХ ао;60;20170126;130000;73.1;73.1;72.9;72.9;17;0
НКНХ ао;60;20170126;150000;72.8;72.8;72.8;72.8;1;0
НКНХ ао;60;20170126;160000;72.8;72.8;72.8;72.8;5;0
НКНХ ао;60;20170127;100000;72.7;72.7;72.4;72.4;14;0
НКНХ ао;60;20170127;110000;72.6;72.6;72.6;72.6;4;0
НКНХ ао;60;20170127;130000;72.6;72.6;72.6;72.6;10;0
НКНХ ао;60;20170127;140000;72.6;72.6;72.6;72.6;1;0
НКНХ ао;60;20170127;150000;72.8;72.8;72.8;72.8;1;0
НКНХ ао;60;20170127;160000;72.7;72.9;72.7;72.9;14;0
НКНХ ао;60;20170127;170000;72.6;72.8;72.5;72.6;16;0
НКНХ ао;60;20170127;180000;72.5;72.5;72.5;72.5;15;0
НКНХ ао;60;20170130;120000;72.8;72.8;72.8;72.8;2;0
НКНХ ао;60;20170130;140000;72.8;72.9;72.5;72.8;18;0
НКНХ ао;60;20170130;150000;72.8;72.8;72.8;72.8;12;0
НКНХ ао;60;20170130;160000;72.8;72.8;72.8;72.8;5;0
НКНХ ао;60;20170130;170000;72.8;72.8;72.8;72.8;17;0
НКНХ ао;60;20170131;100000;73;73;72.9;72.9;2;0
НКНХ ао;60;20170131;110000;72.9;72.9;72.9;72.9;6;0
НКНХ ао;60;20170131;120000;73;73;73;73;1;0
НКНХ ао;60;20170131;130000;72.9;73;72.9;72.9;24;0
НКНХ ао;60;20170131;140000;73;73.4;73;73.4;2;0
НКНХ ао;60;20170131;160000;72.9;73;72.9;73;3;0
НКНХ ао;60;20170131;170000;72.9;72.9;72.9;72.9;2;0
НКНХ ао;60;20170131;180000;72.9;72.9;72.9;72.9;3;0
НКНХ ао;60;20170201;100000;73.5;73.6;73;73;5;0
НКНХ ао;60;20170201;110000;72.9;72.9;72.9;72.9;4;0
НКНХ ао;60;20170201;120000;72.8;72.8;72.8;72.8;1;0
НКНХ ао;60;20170201;130000;72.9;72.9;72.9;72.9;5;0
НКНХ ао;60;20170201;140000;72.8;72.8;72.5;72.5;30;0
НКНХ ао;60;20170201;150000;72.5;72.7;72.5;72.7;28;0
НКНХ ао;60;20170201;160000;72.7;72.7;72.7;72.7;20;0
НКНХ ао;60;20170201;170000;72.7;72.7;72.7;72.7;10;0
НКНХ ао;60;20170201;180000;72.6;72.7;72.6;72.7;5;0
НКНХ ао;60;20170202;100000;72.7;72.7;72.7;72.7;20;0
НКНХ ао;60;20170202;110000;72.7;72.9;72.7;72.9;20;0
НКНХ ао;60;20170202;120000;73;73;73;73;1;0
НКНХ ао;60;20170202;130000;72.8;73;72.7;73;21;0
НКНХ ао;60;20170202;140000;72.7;72.7;72.7;72.7;19;0
НКНХ ао;60;20170202;160000;72.7;72.7;72.7;72.7;1;0
НКНХ ао;60;20170202;170000;72.6;72.7;72.5;72.7;13;0
НКНХ ао;60;20170202;180000;72.7;72.7;72.7;72.7;13;0
НКНХ ао;60;20170203;110000;72.7;72.7;72.2;72.3;52;0
НКНХ ао;60;20170203;130000;72.6;72.6;72.3;72.3;9;0
НКНХ ао;60;20170203;140000;72.5;72.5;72.5;72.5;1;0
НКНХ ао;60;20170203;150000;72.5;72.6;72.5;72.6;20;0
НКНХ ао;60;20170203;160000;72.3;72.3;72.3;72.3;1;0
НКНХ ао;60;20170203;170000;72.4;72.6;72.4;72.6;23;0
НКНХ ао;60;20170203;180000;72.6;72.6;72.6;72.6;20;0
НКНХ ао;60;20170206;100000;72.3;72.3;70.7;71.4;48;0
НКНХ ао;60;20170206;110000;71.9;72.3;71.9;72.3;17;0
НКНХ ао;60;20170206;120000;72;72.1;72;72.1;5;0
НКНХ ао;60;20170206;130000;72.1;72.1;72.1;72.1;1;0
НКНХ ао;60;20170206;140000;72.1;72.2;72;72.2;24;0
НКНХ ао;60;20170206;150000;72.2;72.2;72;72;28;0
НКНХ ао;60;20170206;160000;72.1;72.1;72.1;72.1;3;0
НКНХ ао;60;20170206;170000;72.2;72.2;71.8;71.8;36;0
НКНХ ао;60;20170206;180000;71.8;71.9;71.8;71.9;34;0
НКНХ ао;60;20170207;100000;71.3;71.9;71.3;71.9;8;0
НКНХ ао;60;20170207;110000;71.9;71.9;71.9;71.9;1;0
НКНХ ао;60;20170207;130000;71.9;71.9;71.9;71.9;1;0
НКНХ ао;60;20170207;140000;71.9;71.9;71.9;71.9;2;0
НКНХ ао;60;20170207;150000;71.9;72.1;71.7;72.1;8;0
НКНХ ао;60;20170207;160000;71.9;72;71.9;72;8;0
НКНХ ао;60;20170208;100000;71.2;71.3;71.2;71.3;9;0
НКНХ ао;60;20170208;130000;71.6;71.6;71.5;71.6;7;0
НКНХ ао;60;20170208;140000;71.8;71.8;71.5;71.5;6;0
НКНХ ао;60;20170208;150000;71.5;71.7;71.4;71.7;22;0
НКНХ ао;60;20170208;160000;71.6;71.6;71.4;71.4;35;0
НКНХ ао;60;20170208;170000;71.6;72;71.6;72;11;0
НКНХ ао;60;20170208;180000;72.2;72.2;72.2;72.2;1;0
НКНХ ао;60;20170209;100000;72.3;72.3;72.3;72.3;2;0
НКНХ ао;60;20170209;110000;72.3;72.3;72;72;78;0
НКНХ ао;60;20170209;130000;71.7;71.9;71.7;71.9;2;0
НКНХ ао;60;20170209;140000;71.7;72;71.7;72;2;0
НКНХ ао;60;20170209;150000;71.8;71.8;71.7;71.7;8;0
НКНХ ао;60;20170209;160000;71.9;72;71.9;72;14;0
НКНХ ао;60;20170209;170000;72;72.3;72;72.3;4;0
НКНХ ао;60;20170210;100000;72.3;73;72.3;73;43;0
НКНХ ао;60;20170210;130000;72.9;72.9;72.9;72.9;1;0
НКНХ ао;60;20170210;140000;72.7;72.7;72.7;72.7;1;0
НКНХ ао;60;20170210;160000;72.6;72.7;72.6;72.7;3;0
НКНХ ао;60;20170210;170000;72.6;72.6;72.5;72.6;45;0
НКНХ ао;60;20170210;180000;72.7;72.7;72.7;72.7;3;0
НКНХ ао;60;20170213;110000;72.9;72.9;72;72.5;64;0
НКНХ ао;60;20170213;120000;71.9;71.9;71.9;71.9;1;0
НКНХ ао;60;20170213;130000;72;72;72;72;1;0
НКНХ ао;60;20170213;140000;72;72;72;72;5;0
НКНХ ао;60;20170213;150000;72;72;72;72;1;0
НКНХ ао;60;20170213;170000;72;72;72;72;1;0
НКНХ ао;60;20170214;100000;72.1;72.1;71.1;71.1;78;0
НКНХ ао;60;20170214;110000;71.2;71.6;70.7;71.6;12;0
НКНХ ао;60;20170214;120000;71.7;71.7;71;71;42;0
НКНХ ао;60;20170214;130000;71.8;71.9;71.8;71.9;7;0
НКНХ ао;60;20170214;170000;71.5;71.5;71.5;71.5;1;0
НКНХ ао;60;20170214;180000;71.8;72;71.8;72;10;0
НКНХ ао;60;20170215;100000;71.8;72;71.8;72;12;0
НКНХ ао;60;20170215;110000;70.8;70.8;70.8;70.8;1;0
НКНХ ао;60;20170215;130000;71.2;71.2;71;71;2;0
НКНХ ао;60;20170215;170000;71.8;71.8;71.8;71.8;20;0
НКНХ ао;60;20170215;180000;71.1;71.1;71.1;71.1;6;0
НКНХ ао;60;20170216;100000;71.1;71.1;71.1;71.1;1;0
НКНХ ао;60;20170216;130000;70.8;71.1;70.8;71.1;27;0
НКНХ ао;60;20170216;140000;71.2;71.2;71.2;71.2;4;0
НКНХ ао;60;20170216;150000;71.1;71.1;71.1;71.1;4;0
НКНХ ао;60;20170216;160000;71.2;71.2;71.1;71.1;10;0
НКНХ ао;60;20170216;170000;71.2;71.2;69.2;70;140;0
НКНХ ао;60;20170216;180000;70;70.8;69.9;70.8;23;0
НКНХ ао;60;20170217;100000;69.9;71;69.9;70.9;11;0
НКНХ ао;60;20170217;110000;70.9;70.9;70.9;70.9;13;0
НКНХ ао;60;20170217;120000;70.9;70.9;70;70;34;0
НКНХ ао;60;20170217;130000;70.7;70.7;70.7;70.7;1;0
НКНХ ао;60;20170217;150000;70.7;70.7;70.7;70.7;1;0
НКНХ ао;60;20170217;160000;70.8;70.8;70.8;70.8;2;0
НКНХ ао;60;20170220;100000;69.8;69.8;67.4;68.9;30;0
НКНХ ао;60;20170220;110000;69.7;69.9;69.5;69.9;13;0
НКНХ ао;60;20170220;120000;69.9;69.9;69.8;69.8;11;0
НКНХ ао;60;20170220;130000;69.8;69.8;69;69;24;0
НКНХ ао;60;20170220;140000;69.6;69.6;69.6;69.6;1;0
НКНХ ао;60;20170220;150000;69.8;69.8;69.8;69.8;1;0
НКНХ ао;60;20170220;170000;69.8;69.8;69.8;69.8;3;0
НКНХ ао;60;20170220;180000;69.9;70;69.6;70;25;0
НКНХ ао;60;20170221;130000;70.2;70.2;70.2;70.2;5;0
НКНХ ао;60;20170221;160000;69.8;69.9;69.8;69.9;19;0
НКНХ ао;60;20170221;180000;69.8;69.8;69.8;69.8;4;0
НКНХ ао;60;20170222;130000;69;69.3;69;69.3;3;0
НКНХ ао;60;20170222;140000;69.3;69.3;69.3;69.3;2;0
НКНХ ао;60;20170222;150000;69.4;69.7;69.4;69.7;20;0
НКНХ ао;60;20170222;160000;69.3;69.7;69.1;69.7;3;0
НКНХ ао;60;20170224;120000;69.7;69.7;69.7;69.7;1;0
НКНХ ао;60;20170224;140000;69.9;69.9;69.9;69.9;2;0
НКНХ ао;60;20170224;150000;69.8;69.8;69.7;69.7;4;0
НКНХ ао;60;20170224;160000;70;70.4;70;70.4;32;0
НКНХ ао;60;20170224;180000;70.4;71;70.4;71;57;0
НКНХ ао;60;20170227;110000;71;71.4;71;71.4;4;0
НКНХ ао;60;20170227;120000;72.2;72.2;72.2;72.2;1;0
НКНХ ао;60;20170227;130000;71.1;71.2;71;71;3;0
НКНХ ао;60;20170227;140000;71.1;71.5;71.1;71.5;5;0
НКНХ ао;60;20170227;160000;71.6;71.6;71.5;71.5;208;0
НКНХ ао;60;20170227;170000;71.5;71.5;71.2;71.5;71;0
НКНХ ао;60;20170227;180000;71;71;70.9;71;6;0
НКНХ ао;60;20170228;100000;70.8;70.8;70.1;70.1;25;0
НКНХ ао;60;20170228;110000;70;70;70;70;2;0
НКНХ ао;60;20170228;120000;70;70;70;70;3;0
НКНХ ао;60;20170228;140000;70.1;70.1;70.1;70.1;1;0
НКНХ ао;60;20170228;160000;70;70;69.9;69.9;9;0
НКНХ ао;60;20170228;170000;69.9;69.9;69.7;69.7;2;0
НКНХ ао;60;20170301;100000;69.2;69.2;68.9;68.9;31;0
НКНХ ао;60;20170301;110000;68.6;68.6;67.9;68;24;0
НКНХ ао;60;20170301;120000;68.3;68.3;68.3;68.3;2;0
НКНХ ао;60;20170301;130000;68.2;68.2;68;68;30;0
НКНХ ао;60;20170301;150000;68.2;68.2;68.2;68.2;3;0
НКНХ ао;60;20170301;160000;68;68.2;68;68.2;42;0
НКНХ ао;60;20170301;170000;68.1;68.1;68.1;68.1;1;0
НКНХ ао;60;20170301;180000;68;68;68;68;3;0
НКНХ ао;60;20170302;100000;68.2;68.7;68.2;68.7;23;0
НКНХ ао;60;20170302;110000;68.5;68.5;68.5;68.5;3;0
НКНХ ао;60;20170302;120000;68.6;68.6;68.5;68.5;3;0
НКНХ ао;60;20170302;140000;68.5;68.5;68.5;68.5;2;0
НКНХ ао;60;20170302;150000;68.1;68.1;68;68;2;0
НКНХ ао;60;20170302;160000;67.9;67.9;66.3;66.3;35;0
НКНХ ао;60;20170302;170000;66.5;67.4;65.2;67.4;18;0
НКНХ ао;60;20170303;100000;67;67;66.3;66.3;11;0
НКНХ ао;60;20170303;110000;65.3;66.3;65.3;66.3;13;0
НКНХ ао;60;20170303;130000;66.3;66.3;66.3;66.3;11;0
НКНХ ао;60;20170303;160000;66.3;66.3;66.3;66.3;1;0
НКНХ ао;60;20170303;170000;66.6;66.6;66.6;66.6;4;0
НКНХ ао;60;20170303;180000;66.4;66.4;66.3;66.3;49;0
НКНХ ао;60;20170306;100000;66.5;67.1;66.5;67;28;0
НКНХ ао;60;20170306;110000;66.8;66.8;66.6;66.6;6;0
НКНХ ао;60;20170306;120000;66.9;66.9;66.9;66.9;1;0
НКНХ ао;60;20170306;130000;66.6;66.6;66.5;66.5;3;0
НКНХ ао;60;20170306;140000;66.5;66.5;66.4;66.5;18;0
НКНХ ао;60;20170306;150000;66.9;67.2;66.9;67;22;0
НКНХ ао;60;20170306;180000;67;67;67;67;2;0
НКНХ ао;60;20170307;100000;67.8;67.8;67.8;67.8;1;0
НКНХ ао;60;20170307;110000;67.1;67.1;67.1;67.1;1;0
НКНХ ао;60;20170307;120000;67;67.4;67;67.4;2;0
НКНХ ао;60;20170307;130000;66.9;66.9;66.9;66.9;1;0
НКНХ ао;60;20170307;140000;66.9;66.9;66.9;66.9;2;0
НКНХ ао;60;20170307;150000;67;67;67;67;1;0
НКНХ ао;60;20170307;160000;67;67;67;67;5;0
НКНХ ао;60;20170309;090000;65;65;65;65;2;0
НКНХ ао;60;20170309;100000;64.7;64.7;58.1;61.3;129;0
НКНХ ао;60;20170309;110000;61.2;62;60.2;60.5;46;0
НКНХ ао;60;20170309;120000;61.2;61.2;61.1;61.1;8;0
НКНХ ао;60;20170309;130000;61;61;60.1;60.8;26;0
НКНХ ао;60;20170309;140000;60.8;62;60.1;62;46;0
НКНХ ао;60;20170309;150000;61.9;62;61.8;61.8;83;0
НКНХ ао;60;20170309;160000;61.4;61.4;61.4;61.4;1;0
НКНХ ао;60;20170309;170000;61.7;61.8;61.7;61.8;3;0
НКНХ ао;60;20170309;180000;61.4;61.4;60.6;60.7;35;0
НКНХ ао;60;20170310;100000;60.2;61.2;58.6;61.2;10;0
НКНХ ао;60;20170310;110000;60.6;60.6;60.6;60.6;2;0
НКНХ ао;60;20170310;120000;60.7;60.7;60.7;60.7;1;0
НКНХ ао;60;20170310;130000;60;60;59;59;4;0
НКНХ ао;60;20170310;140000;60.4;61.8;60.4;61.8;22;0
НКНХ ао;60;20170310;160000;61.7;61.7;61.7;61.7;2;0
НКНХ ао;60;20170310;180000;61.8;62;61.8;62;21;0
НКНХ ао;60;20170313;100000;62.3;62.9;62;62.9;9;0
НКНХ ао;60;20170313;110000;61.6;61.6;61.6;61.6;1;0
НКНХ ао;60;20170313;120000;62.7;62.8;62.7;62.8;2;0
НКНХ ао;60;20170313;150000;61.8;61.8;61;61.7;53;0
НКНХ ао;60;20170313;160000;62;62;62;62;1;0
НКНХ ао;60;20170313;180000;61.9;61.9;61.9;61.9;1;0
НКНХ ао;60;20170314;110000;61.1;61.9;61.1;61.9;43;0
НКНХ ао;60;20170314;130000;61.7;61.8;61.7;61.8;23;0
НКНХ ао;60;20170314;150000;61.8;62;61.8;62;30;0
НКНХ ао;60;20170314;170000;61.7;61.7;61.7;61.7;1;0
НКНХ ао;60;20170315;100000;61.9;62.3;61.9;62.2;10;0
НКНХ ао;60;20170315;120000;61.9;61.9;61.8;61.8;62;0
НКНХ ао;60;20170315;130000;61.6;61.6;61.6;61.6;50;0
НКНХ ао;60;20170315;160000;61.7;61.9;61.7;61.9;17;0
НКНХ ао;60;20170316;100000;62.1;62.2;61.8;61.8;138;0
НКНХ ао;60;20170316;110000;62;62;62;62;1;0
НКНХ ао;60;20170316;120000;61.9;61.9;61.9;61.9;10;0
НКНХ ао;60;20170316;130000;62;62;61.8;61.8;2;0
НКНХ ао;60;20170316;140000;61.9;61.9;61.9;61.9;1;0
НКНХ ао;60;20170316;160000;61.8;61.8;61.8;61.8;5;0
НКНХ ао;60;20170316;180000;61.9;61.9;61.9;61.9;1;0
НКНХ ао;60;20170317;100000;61.9;62.3;61.7;62.3;116;0
НКНХ ао;60;20170317;120000;62.2;62.2;62;62.2;8;0
НКНХ ао;60;20170317;130000;62.2;62.2;61.5;61.5;40;0
НКНХ ао;60;20170317;140000;61.5;61.5;61.5;61.5;8;0
НКНХ ао;60;20170317;150000;61.5;61.5;60.9;60.9;15;0
НКНХ ао;60;20170317;160000;60.9;60.9;59.9;60;39;0
НКНХ ао;60;20170317;170000;60.7;61.6;59.8;60;87;0
НКНХ ао;60;20170317;180000;59.4;61.1;59.2;60;67;0
НКНХ ао;60;20170320;100000;60.1;60.1;60.1;60.1;1;0
НКНХ ао;60;20170320;120000;59.8;60.4;59.1;59.1;8;0
НКНХ ао;60;20170320;130000;59.3;60;59.1;60;15;0
НКНХ ао;60;20170320;140000;59.8;59.8;59.2;59.2;21;0
НКНХ ао;60;20170320;150000;59.7;59.9;59.7;59.9;6;0
НКНХ ао;60;20170320;170000;59.7;59.7;59.7;59.7;1;0
НКНХ ао;60;20170320;180000;59.9;59.9;59.9;59.9;1;0
НКНХ ао;60;20170321;100000;60;60;58.8;59;58;0
НКНХ ао;60;20170321;110000;59;59;59;59;120;0
НКНХ ао;60;20170321;120000;59;59.6;59;59.6;40;0
НКНХ ао;60;20170321;130000;58.7;58.9;58.4;58.9;57;0
НКНХ ао;60;20170321;140000;58.9;58.9;58.9;58.9;2;0
НКНХ ао;60;20170321;150000;58.9;59.3;58.9;58.9;5;0
НКНХ ао;60;20170321;160000;59;59;58.9;58.9;7;0
НКНХ ао;60;20170321;170000;59.1;59.8;59.1;59.8;17;0
НКНХ ао;60;20170321;180000;59.4;59.4;59.4;59.4;23;0
НКНХ ао;60;20170322;100000;59.6;59.6;59.6;59.6;33;0
НКНХ ао;60;20170322;130000;59.7;59.7;59.7;59.7;1;0
НКНХ ао;60;20170322;150000;59.6;59.6;59.6;59.6;1;0
НКНХ ао;60;20170322;160000;59.1;59.1;59.1;59.1;1;0
НКНХ ао;60;20170322;180000;59.2;59.2;59.2;59.2;5;0
НКНХ ао;60;20170323;100000;59.5;59.5;59.4;59.4;12;0
НКНХ ао;60;20170323;110000;59.1;59.1;59.1;59.1;1;0
НКНХ ао;60;20170323;120000;59.3;59.3;59.3;59.3;36;0
НКНХ ао;60;20170323;130000;59.3;59.3;59.3;59.3;1;0
НКНХ ао;60;20170323;170000;59.1;59.1;59;59;21;0
НКНХ ао;60;20170323;180000;58.6;58.8;58;58.4;15;0
НКНХ ао;60;20170324;100000;58.5;58.5;58.5;58.5;1;0
НКНХ ао;60;20170324;110000;58.5;58.6;58.5;58.6;25;0
НКНХ ао;60;20170324;120000;58;58;57.6;58;29;0
НКНХ ао;60;20170324;140000;57.3;57.3;56.5;56.5;17;0
НКНХ ао;60;20170324;150000;56.5;56.6;56.5;56.5;8;0
НКНХ ао;60;20170324;180000;56.6;56.8;56.5;56.8;5;0
НКНХ ао;60;20170327;100000;57.2;57.2;55.1;55.3;24;0
НКНХ ао;60;20170327;110000;55.4;55.4;55;55.2;12;0
НКНХ ао;60;20170327;120000;55;55;55;55;2;0
НКНХ ао;60;20170327;130000;55;55;54.7;54.9;65;0
НКНХ ао;60;20170327;140000;55;55;54.5;54.5;2;0
НКНХ ао;60;20170327;150000;55;55;55;55;3;0
НКНХ ао;60;20170327;170000;55;55;54.3;54.4;3;0
НКНХ ао;60;20170327;180000;54.6;54.6;54.6;54.6;2;0
НКНХ ао;60;20170328;100000;55;55.6;55;55.6;10;0
НКНХ ао;60;20170328;120000;55.4;55.4;55.4;55.4;2;0
НКНХ ао;60;20170328;130000;55.4;55.4;54.7;54.7;6;0
НКНХ ао;60;20170328;140000;55.3;55.3;55.3;55.3;1;0
НКНХ ао;60;20170328;160000;54.7;54.7;54.7;54.7;1;0
НКНХ ао;60;20170328;180000;55.2;55.4;55.2;55.4;9;0
НКНХ ао;60;20170329;100000;55.5;55.8;53.7;54.4;19;0
НКНХ ао;60;20170329;110000;55.1;55.2;55.1;55.2;2;0
НКНХ ао;60;20170329;120000;55.1;55.5;54;55.5;84;0
НКНХ ао;60;20170329;140000;55.4;55.4;55.4;55.4;1;0
НКНХ ао;60;20170329;150000;55.4;55.4;55.4;55.4;1;0
НКНХ ао;60;20170329;160000;54.6;55;53.9;53.9;71;0
НКНХ ао;60;20170329;170000;53.9;53.9;53.7;53.7;10;0
НКНХ ао;60;20170329;180000;54;54.2;54;54.2;4;0
НКНХ ао;60;20170330;100000;53.5;53.8;53.5;53.8;2;0
НКНХ ао;60;20170330;110000;53.9;53.9;50;52.5;94;0
НКНХ ао;60;20170330;120000;52.2;52.6;51;51;45;0
НКНХ ао;60;20170330;130000;51.7;52.8;51.1;52.6;133;0
НКНХ ао;60;20170330;140000;52.8;52.8;52.8;52.8;1;0
НКНХ ао;60;20170330;150000;52.8;52.9;52.8;52.9;10;0
НКНХ ао;60;20170330;160000;52.9;53.3;52.1;52.1;221;0
НКНХ ао;60;20170330;170000;52.1;52.9;52.1;52.9;4;0
НКНХ ао;60;20170330;180000;53;53;52.3;52.3;3;0
НКНХ ао;60;20170331;100000;52;53.3;52;52.9;19;0
НКНХ ао;60;20170331;110000;53.1;53.4;53;53;10;0
НКНХ ао;60;20170331;120000;53.1;53.1;53.1;53.1;20;0
НКНХ ао;60;20170331;130000;53.1;54.1;53.1;54;146;0
НКНХ ао;60;20170331;140000;53.7;53.7;53.6;53.6;3;0
НКНХ ао;60;20170331;170000;54.2;54.2;54.2;54.2;1;0
НКНХ ао;60;20170331;180000;53.6;53.6;53.6;53.6;3;0
НКНХ ао;60;20170403;110000;53.9;54.5;53.9;54.5;31;0
НКНХ ао;60;20170403;140000;53.2;53.2;52.1;52.1;22;0
НКНХ ао;60;20170403;150000;53;53;53;53;1;0
НКНХ ао;60;20170403;160000;53.3;54.8;53.3;54;46;0
НКНХ ао;60;20170403;170000;54.8;55;54.8;55;4;0
НКНХ ао;60;20170403;180000;54.9;54.9;54.9;54.9;1;0
НКНХ ао;60;20170404;100000;54.4;55;54.4;54.9;3;0
НКНХ ао;60;20170404;130000;54.9;58;54.9;56.3;41;0
НКНХ ао;60;20170404;140000;56.4;57;56.4;57;2;0
НКНХ ао;60;20170404;160000;56.1;57;56.1;57;79;0
НКНХ ао;60;20170404;170000;56.6;57.3;56.6;57.3;7;0
НКНХ ао;60;20170404;180000;56.7;57;56.6;56.8;4;0
НКНХ ао;60;20170405;100000;56.2;58.2;56.2;58.2;41;0
НКНХ ао;60;20170405;110000;58;58;58;58;1;0
НКНХ ао;60;20170405;120000;57.5;58.3;57.5;58.3;2;0
НКНХ ао;60;20170405;130000;58.4;64;58.4;60.3;331;0
НКНХ ао;60;20170405;140000;59.5;59.9;58.8;59.7;26;0
НКНХ ао;60;20170405;150000;59.7;62.3;58.7;60;38;0
НКНХ ао;60;20170405;160000;59.7;59.7;59.7;59.7;6;0
НКНХ ао;60;20170405;170000;59.6;59.6;59.6;59.6;1;0
НКНХ ао;60;20170405;180000;59.6;59.7;59.6;59.6;19;0
НКНХ ао;60;20170406;100000;59.3;59.8;59.3;59.6;5;0
НКНХ ао;60;20170406;110000;59.6;61.4;59.6;61.4;33;0
НКНХ ао;60;20170406;120000;62.2;62.9;61.5;61.5;28;0
НКНХ ао;60;20170406;130000;61.6;61.6;61.5;61.5;2;0
НКНХ ао;60;20170406;140000;60.8;61;60.8;61;2;0
НКНХ ао;60;20170406;150000;61.5;61.6;61.5;61.6;21;0
НКНХ ао;60;20170406;160000;61.7;62.1;60.9;61.5;50;0
НКНХ ао;60;20170406;170000;61.1;61.1;59.1;60;51;0
НКНХ ао;60;20170406;180000;60.8;60.8;59.8;59.8;3;0
НКНХ ао;60;20170407;100000;60.2;62.9;60;61.4;116;0
НКНХ ао;60;20170407;110000;61;61;59.6;59.6;32;0
НКНХ ао;60;20170407;120000;59.9;60.1;59;59;29;0
НКНХ ао;60;20170407;130000;58.9;60.2;58.4;59.4;50;0
НКНХ ао;60;20170407;150000;59.5;59.5;59.5;59.5;1;0
НКНХ ао;60;20170407;160000;59.3;59.5;59;59;8;0
НКНХ ао;60;20170410;110000;57.8;58.1;57;57;16;0
НКНХ ао;60;20170410;120000;57.7;57.7;57;57;9;0
НКНХ ао;60;20170410;140000;57.1;57.1;57;57;2;0
НКНХ ао;60;20170411;100000;57.2;57.3;56.8;57;5;0
НКНХ ао;60;20170411;110000;56.6;56.6;56.6;56.6;2;0
НКНХ ао;60;20170411;130000;56.6;56.6;56.6;56.6;12;0
НКНХ ао;60;20170411;140000;56.6;56.6;56.5;56.5;8;0
НКНХ ао;60;20170411;150000;56.6;56.6;56.5;56.5;28;0
НКНХ ао;60;20170411;160000;56.9;56.9;56.8;56.8;16;0
НКНХ ао;60;20170411;180000;56.8;56.8;56.7;56.7;9;0
НКНХ ао;60;20170412;110000;57.2;57.2;57.2;57.2;1;0
НКНХ ао;60;20170412;130000;57;57.1;57;57.1;14;0
НКНХ ао;60;20170412;140000;57.1;57.5;57.1;57.5;20;0
НКНХ ао;60;20170412;150000;58;58;57.9;57.9;35;0
НКНХ ао;60;20170412;170000;57.6;58.2;57.6;58.2;4;0
НКНХ ао;60;20170412;180000;58.1;58.1;58.1;58.1;24;0
НКНХ ао;60;20170413;100000;57.2;59;57.1;59;43;0
НКНХ ао;60;20170413;110000;58.8;59;58.8;59;5;0
НКНХ ао;60;20170413;150000;57.6;57.6;57.2;57.2;5;0
НКНХ ао;60;20170413;160000;56.8;56.8;56.8;56.8;2;0
НКНХ ао;60;20170413;170000;56.8;56.8;56.8;56.8;2;0
НКНХ ао;60;20170413;180000;56.7;56.8;56.4;56.4;4;0
НКНХ ао;60;20170414;110000;57.9;57.9;57.9;57.9;2;0
НКНХ ао;60;20170414;160000;56.4;57.4;56.4;57.4;2;0
НКНХ ао;60;20170414;170000;56.3;56.3;56.3;56.3;1;0
НКНХ ао;60;20170417;100000;55.7;56.1;55.7;56;102;0
НКНХ ао;60;20170417;110000;56;56;55.9;55.9;13;0
НКНХ ао;60;20170417;120000;56;56;55.6;55.6;92;0
НКНХ ао;60;20170417;130000;55.5;55.5;55.4;55.4;15;0
НКНХ ао;60;20170417;140000;56.9;56.9;56;56;2;0
НКНХ ао;60;20170417;150000;56;56;56;56;9;0
НКНХ ао;60;20170417;160000;56.5;56.5;56;56;3;0
НКНХ ао;60;20170417;170000;56.4;56.4;56.4;56.4;5;0
НКНХ ао;60;20170417;180000;55.9;56.4;55.9;56;62;0
НКНХ ао;60;20170418;100000;52.4;55.1;52.4;54.9;6;0
НКНХ ао;60;20170418;110000;54.9;55;54.9;55;20;0
НКНХ ао;60;20170418;120000;55.4;55.4;55.4;55.4;3;0
НКНХ ао;60;20170418;180000;55.2;55.5;55.2;55.5;26;0
НКНХ ао;60;20170419;100000;54.6;54.6;54.6;54.6;1;0
НКНХ ао;60;20170419;130000;54.6;55.3;51.9;55.3;26;0
НКНХ ао;60;20170419;140000;55;55;55;55;1;0
НКНХ ао;60;20170420;110000;53.7;55.2;51;54.1;29;0
НКНХ ао;60;20170420;130000;54.1;54.2;54.1;54.2;3;0
НКНХ ао;60;20170420;140000;54.2;54.2;54.2;54.2;3;0
НКНХ ао;60;20170420;160000;54.4;54.4;54.4;54.4;1;0
НКНХ ао;60;20170420;170000;54.5;54.8;54.5;54.8;18;0
НКНХ ао;60;20170420;180000;54;54;53.1;53.1;4;0
НКНХ ао;60;20170421;100000;53.6;57;53.6;56.1;36;0
НКНХ ао;60;20170421;110000;56;56;56;56;2;0
НКНХ ао;60;20170421;120000;56.1;56.1;55.9;56;7;0
НКНХ ао;60;20170421;130000;55.1;55.1;55;55;3;0
НКНХ ао;60;20170421;160000;54.9;55;54.9;55;100;0
НКНХ ао;60;20170421;180000;54.8;54.8;54.8;54.8;1;0
НКНХ ао;60;20170424;100000;55.8;56;55.8;56;3;0
НКНХ ао;60;20170424;110000;55.9;55.9;55.9;55.9;1;0
НКНХ ао;60;20170424;120000;55.9;55.9;55.8;55.8;3;0
НКНХ ао;60;20170424;130000;55.9;56;55.9;56;53;0
НКНХ ао;60;20170424;160000;55.7;55.7;55.5;55.5;14;0
НКНХ ао;60;20170424;170000;55.4;55.4;55.4;55.4;1;0
НКНХ ао;60;20170424;180000;55.4;55.4;55.4;55.4;1;0
НКНХ ао;60;20170425;100000;55.4;55.4;55.2;55.2;2;0
НКНХ ао;60;20170425;120000;55.2;55.9;55.2;55.9;30;0
НКНХ ао;60;20170425;140000;55.9;55.9;55.9;55.9;58;0
НКНХ ао;60;20170425;150000;55.9;55.9;55.9;55.9;1;0
НКНХ ао;60;20170425;160000;55.9;55.9;55.9;55.9;6;0
НКНХ ао;60;20170425;170000;55.9;55.9;55.9;55.9;5;0
НКНХ ао;60;20170425;180000;55.9;55.9;54.2;54.2;18;0
НКНХ ао;60;20170426;100000;55.7;56;55.7;56;41;0
НКНХ ао;60;20170426;110000;55.3;55.3;55;55;7;0
НКНХ ао;60;20170426;120000;55;55;54.9;55;4;0
НКНХ ао;60;20170426;130000;55;55;55;55;2;0
НКНХ ао;60;20170426;150000;54.9;55;54.9;55;28;0
НКНХ ао;60;20170426;170000;55.8;55.8;55.2;55.4;8;0
НКНХ ао;60;20170426;180000;55.2;55.2;55.2;55.2;1;0
НКНХ ао;60;20170427;100000;55.2;55.5;53.3;55.5;25;0
НКНХ ао;60;20170427;130000;55.3;55.3;55.3;55.3;9;0
НКНХ ао;60;20170427;140000;55.3;55.3;55.3;55.3;4;0
НКНХ ао;60;20170427;150000;54.5;54.5;54.4;54.4;4;0
НКНХ ао;60;20170428;100000;54.6;54.6;53.2;54;21;0
НКНХ ао;60;20170428;110000;55.2;55.2;53.9;53.9;3;0
НКНХ ао;60;20170428;120000;53.9;53.9;53;53.8;15;0
НКНХ ао;60;20170428;130000;53.5;53.6;53.5;53.6;52;0
НКНХ ао;60;20170428;140000;53.7;53.7;53.5;53.7;7;0
НКНХ ао;60;20170428;160000;53.8;53.8;52.9;53.1;31;0
НКНХ ао;60;20170502;100000;52.3;52.3;52.3;52.3;1;0
НКНХ ао;60;20170502;110000;52.3;52.3;52.3;52.3;1;0
НКНХ ао;60;20170502;120000;52.7;52.7;52.7;52.7;1;0
НКНХ ао;60;20170502;140000;53.7;53.9;53.7;53.9;18;0
НКНХ ао;60;20170502;180000;53.9;53.9;53;53.5;16;0
НКНХ ао;60;20170503;100000;52.3;52.3;51.4;51.5;13;0
НКНХ ао;60;20170503;110000;51.6;52.4;51.6;52.4;3;0
НКНХ ао;60;20170503;120000;52.4;52.4;52.4;52.4;1;0
НКНХ ао;60;20170503;130000;52.3;52.4;52;52;6;0
НКНХ ао;60;20170503;150000;52.1;52.1;52.1;52.1;2;0
НКНХ ао;60;20170503;170000;52.5;53.3;52.5;53;5;0
НКНХ ао;60;20170503;180000;53;53;53;53;1;0
НКНХ ао;60;20170504;100000;53.9;54.5;53.8;53.8;17;0
НКНХ ао;60;20170504;140000;54.6;54.6;54.6;54.6;1;0
НКНХ ао;60;20170504;170000;54;54;52.1;53.5;13;0
НКНХ ао;60;20170504;180000;52.5;52.5;52.5;52.5;1;0
НКНХ ао;60;20170505;160000;53.3;53.8;53.3;53.8;8;0
НКНХ ао;60;20170505;170000;53.8;53.8;53;53;6;0
НКНХ ао;60;20170510;110000;52.3;52.3;50;52;76;0
НКНХ ао;60;20170510;120000;51.1;51.1;51.1;51.1;1;0
НКНХ ао;60;20170510;130000;51;51.1;50.6;51.1;21;0
НКНХ ао;60;20170510;140000;51.2;51.2;51;51.2;12;0
НКНХ ао;60;20170510;150000;51;51;50.3;50.7;26;0
НКНХ ао;60;20170510;160000;50.6;50.7;50.6;50.7;10;0
НКНХ ао;60;20170510;170000;50.7;51.6;50.6;51.6;40;0
НКНХ ао;60;20170510;180000;50.8;51.3;50.8;51.3;5;0
НКНХ ао;60;20170511;090000;51.3;51.3;51.3;51.3;20;0
НКНХ ао;60;20170511;120000;51.1;51.1;51;51;7;0
НКНХ ао;60;20170511;130000;51.2;51.2;51;51;3;0
НКНХ ао;60;20170511;140000;51.1;51.1;51.1;51.1;2;0
НКНХ ао;60;20170511;150000;51.3;51.3;51;51;13;0
НКНХ ао;60;20170511;160000;51.3;51.3;51.3;51.3;1;0
НКНХ ао;60;20170511;170000;51;51;50.8;50.8;29;0
НКНХ ао;60;20170511;180000;50.7;50.7;50.7;50.7;1;0
НКНХ ао;60;20170512;100000;50.9;52;50.9;52;15;0
НКНХ ао;60;20170512;130000;51.4;51.9;51.3;51.9;4;0
НКНХ ао;60;20170512;150000;51.9;51.9;51.9;51.9;5;0
НКНХ ао;60;20170512;160000;52;52.2;51.3;52;130;0
НКНХ ао;60;20170512;170000;52;52;51.4;51.4;44;0
НКНХ ао;60;20170515;100000;51.7;51.7;51.1;51.1;18;0
НКНХ ао;60;20170515;130000;51.2;51.2;51.2;51.2;5;0
НКНХ ао;60;20170515;140000;51.2;51.2;51.2;51.2;5;0
НКНХ ао;60;20170515;150000;51.2;51.8;51.2;51.8;18;0
НКНХ ао;60;20170515;160000;51.5;51.5;50.9;50.9;27;0
НКНХ ао;60;20170515;170000;50.9;51.5;50.9;51.5;30;0
НКНХ ао;60;20170515;180000;51.6;51.7;51.6;51.6;15;0
НКНХ ао;60;20170516;100000;51.2;51.8;51.2;51.3;52;0
НКНХ ао;60;20170516;110000;51.2;51.5;50.8;51.5;14;0
НКНХ ао;60;20170516;120000;51.2;51.2;51.1;51.1;7;0
НКНХ ао;60;20170516;140000;51.4;52;51.4;52;21;0
НКНХ ао;60;20170516;160000;52;52.2;52;52.1;4;0
НКНХ ао;60;20170516;170000;52;52;52;52;4;0
НКНХ ао;60;20170516;180000;52;52.2;52;52.2;5;0
НКНХ ао;60;20170517;100000;52.1;52.1;51.6;51.6;5;0
НКНХ ао;60;20170517;110000;51.6;51.6;51.6;51.6;9;0
НКНХ ао;60;20170517;120000;52;52;52;52;1;0
НКНХ ао;60;20170517;130000;52;52;52;52;10;0
НКНХ ао;60;20170517;140000;52;52;51.5;51.5;27;0
НКНХ ао;60;20170517;150000;51.3;51.3;51.3;51.3;1;0
НКНХ ао;60;20170517;180000;51.5;52;51.5;52;9;0
НКНХ ао;60;20170518;090000;50.7;50.7;50.7;50.7;1;0
НКНХ ао;60;20170518;100000;51.4;52.5;51.4;52.4;10;0
НКНХ ао;60;20170518;110000;52.4;52.4;52.4;52.4;3;0
НКНХ ао;60;20170518;120000;53.2;53.2;53.2;53.2;1;0
НКНХ ао;60;20170518;150000;52.6;52.6;52.4;52.4;2;0
НКНХ ао;60;20170519;170000;52.7;52.7;52.7;52.7;5;0
НКНХ ао;60;20170522;110000;52.3;52.3;52.3;52.3;2;0
НКНХ ао;60;20170522;130000;52.8;53.3;52.8;53.3;14;0
НКНХ ао;60;20170522;140000;52.6;52.6;52.5;52.5;3;0
НКНХ ао;60;20170522;150000;52.4;52.4;52.4;52.4;1;0
НКНХ ао;60;20170522;160000;52.5;52.5;52.5;52.5;2;0
НКНХ ао;60;20170522;170000;52.5;52.5;52.5;52.5;3;0
НКНХ ао;60;20170522;180000;52.4;52.4;52.4;52.4;1;0
НКНХ ао;60;20170523;100000;52.6;53;50.8;52.3;25;0
НКНХ ао;60;20170523;110000;52.5;52.7;52.3;52.4;35;0
НКНХ ао;60;20170523;130000;52.9;52.9;52.9;52.9;1;0
НКНХ ао;60;20170523;140000;52.5;52.5;52.5;52.5;2;0
НКНХ ао;60;20170523;150000;52.8;52.9;52.8;52.9;5;0
НКНХ ао;60;20170523;160000;52.8;52.9;52.8;52.9;18;0
НКНХ ао;60;20170523;170000;52.9;52.9;52.9;52.9;2;0
НКНХ ао;60;20170524;100000;53.4;53.5;53.3;53.5;10;0
НКНХ ао;60;20170524;110000;53.3;53.3;53.3;53.3;1;0
НКНХ ао;60;20170524;140000;52.4;52.4;52.4;52.4;1;0
НКНХ ао;60;20170524;150000;52.3;52.3;51.9;51.9;6;0
НКНХ ао;60;20170524;170000;52.8;52.9;52.8;52.9;2;0
НКНХ ао;60;20170524;180000;52.9;52.9;52;52;50;0
НКНХ ао;60;20170525;100000;53.2;53.2;53.2;53.2;2;0
НКНХ ао;60;20170525;140000;52.3;52.3;52.3;52.3;1;0
НКНХ ао;60;20170525;150000;52.2;52.2;52.2;52.2;1;0
НКНХ ао;60;20170525;160000;52.2;53;52.2;53;35;0
НКНХ ао;60;20170526;100000;52.9;52.9;52.9;52.9;1;0
НКНХ ао;60;20170526;120000;52;52;52;52;1;0
НКНХ ао;60;20170526;130000;52.9;52.9;51.4;51.4;24;0
НКНХ ао;60;20170526;140000;51.8;51.8;51.8;51.8;2;0
НКНХ ао;60;20170526;180000;51.9;51.9;51.9;51.9;5;0
НКНХ ао;60;20170529;100000;50.6;52.3;50.6;52.3;9;0
НКНХ ао;60;20170529;140000;51.2;51.2;51.2;51.2;1;0
НКНХ ао;60;20170529;160000;52.2;52.3;52.2;52.3;4;0
НКНХ ао;60;20170529;180000;51.9;51.9;51.9;51.9;2;0
НКНХ ао;60;20170530;100000;51;51;51;51;1;0
НКНХ ао;60;20170530;130000;51.9;51.9;51;51;52;0
НКНХ ао;60;20170530;140000;51.9;52;51.9;52;35;0
НКНХ ао;60;20170530;150000;51.1;51.7;50.7;51.7;15;0
НКНХ ао;60;20170530;160000;51.6;52;51.6;52;23;0
НКНХ ао;60;20170531;120000;50.6;50.6;50;50;40;0
НКНХ ао;60;20170531;160000;51.6;51.6;51.1;51.1;2;0
НКНХ ао;60;20170531;170000;51;51;51;51;2;0
НКНХ ао;60;20170531;180000;51;51;51;51;5;0
НКНХ ао;60;20170601;100000;50.2;51.4;50.1;51.4;3;0
НКНХ ао;60;20170601;120000;50.7;50.8;50.7;50.8;2;0
НКНХ ао;60;20170602;100000;50.4;50.4;50.1;50.1;10;0
НКНХ ао;60;20170602;110000;50.1;50.7;50.1;50.7;3;0
НКНХ ао;60;20170602;120000;50.4;50.7;50.4;50.7;2;0
НКНХ ао;60;20170602;130000;50.7;50.7;50.6;50.6;2;0
НКНХ ао;60;20170602;140000;50.4;50.4;50.4;50.4;1;0
НКНХ ао;60;20170602;150000;50.4;50.4;50.4;50.4;1;0
НКНХ ао;60;20170602;160000;50.5;50.5;50.5;50.5;9;0
НКНХ ао;60;20170602;180000;50.3;50.4;50.3;50.4;43;0
НКНХ ао;60;20170605;100000;50.9;50.9;50.9;50.9;1;0
НКНХ ао;60;20170605;110000;50.4;50.4;49;50;43;0
НКНХ ао;60;20170605;120000;49.9;50;49.9;50;20;0
НКНХ ао;60;20170605;130000;49.4;49.4;49.4;49.4;1;0
НКНХ ао;60;20170605;140000;49.4;49.4;49;49;18;0
НКНХ ао;60;20170605;150000;48.9;48.9;47.8;48;12;0
НКНХ ао;60;20170605;160000;47.2;48.4;46;48.4;130;0
НКНХ ао;60;20170605;180000;48.2;49;48.2;49;2;0
НКНХ ао;60;20170606;100000;49.2;49.2;48.7;48.7;4;0
НКНХ ао;60;20170606;110000;49;49;48.9;48.9;16;0
НКНХ ао;60;20170606;120000;48.1;49;48.1;49;2;0
НКНХ ао;60;20170606;140000;49.1;49.2;49.1;49.2;12;0
НКНХ ао;60;20170606;180000;49.2;49.2;49.2;49.2;1;0
НКНХ ао;60;20170607;100000;48.1;48.1;48.1;48.1;1;0
НКНХ ао;60;20170607;120000;48.8;48.8;48.2;48.2;2;0
НКНХ ао;60;20170607;140000;48.8;49.9;48.5;48.6;79;0
НКНХ ао;60;20170608;100000;48.1;49.8;47.9;47.9;6;0
НКНХ ао;60;20170608;120000;48.2;49.5;48.2;49.5;3;0
НКНХ ао;60;20170608;140000;48.9;48.9;48.9;48.9;2;0
НКНХ ао;60;20170609;120000;49;49;49;49;1;0
НКНХ ао;60;20170609;160000;49.6;49.6;49.5;49.5;2;0
НКНХ ао;60;20170609;180000;48.6;48.6;48.6;48.6;1;0
НКНХ ао;60;20170613;100000;48.6;48.6;48.6;48.6;1;0
НКНХ ао;60;20170613;120000;48.8;48.8;48.8;48.8;3;0
НКНХ ао;60;20170613;130000;48.6;48.8;48.6;48.8;2;0
НКНХ ао;60;20170613;140000;48.8;48.8;48.8;48.8;1;0
НКНХ ао;60;20170613;150000;48.8;48.8;48.7;48.7;2;0
НКНХ ао;60;20170613;160000;48.8;48.8;48.8;48.8;1;0
НКНХ ао;60;20170613;170000;48.8;48.8;48.6;48.6;39;0
НКНХ ао;60;20170613;180000;48.5;48.5;48.5;48.5;3;0
НКНХ ао;60;20170614;110000;48.8;48.9;48.8;48.9;2;0
НКНХ ао;60;20170614;130000;48.9;48.9;48.4;48.8;62;0
НКНХ ао;60;20170614;150000;48.9;48.9;48.8;48.8;61;0
НКНХ ао;60;20170614;160000;49;49.7;49;49.7;3;0
НКНХ ао;60;20170614;170000;49.6;49.7;49.6;49.7;2;0
НКНХ ао;60;20170614;180000;49.7;49.7;48.9;48.9;2;0
НКНХ ао;60;20170615;100000;49.1;49.1;49;49;7;0
НКНХ ао;60;20170615;110000;49;49;48.5;48.5;2;0
НКНХ ао;60;20170615;120000;48.5;48.5;48.5;48.5;1;0
НКНХ ао;60;20170615;130000;48.9;48.9;48.9;48.9;3;0
НКНХ ао;60;20170615;160000;49;49;49;49;2;0
НКНХ ао;60;20170615;170000;48.9;48.9;48.9;48.9;2;0
НКНХ ао;60;20170616;100000;48.9;48.9;48;48;16;0
НКНХ ао;60;20170616;130000;47.9;47.9;47.9;47.9;1;0
НКНХ ао;60;20170616;150000;47.9;47.9;47.9;47.9;1;0
НКНХ ао;60;20170616;160000;47.9;47.9;47.9;47.9;1;0
НКНХ ао;60;20170616;170000;48;48;48;48;2;0
НКНХ ао;60;20170619;100000;48.2;48.2;48.2;48.2;25;0
НКНХ ао;60;20170619;120000;47.9;47.9;47.9;47.9;2;0
НКНХ ао;60;20170619;150000;47.9;47.9;47.5;47.5;6;0
НКНХ ао;60;20170619;160000;48.6;48.6;48.6;48.6;2;0
НКНХ ао;60;20170619;180000;48.5;48.5;48.5;48.5;1;0
НКНХ ао;60;20170620;110000;47.5;48.4;45;45;163;0
НКНХ ао;60;20170620;120000;46.7;47.1;46;47.1;12;0
НКНХ ао;60;20170620;140000;47.1;47.3;47.1;47.3;9;0
НКНХ ао;60;20170620;150000;46.6;47.2;46.6;47.1;3;0
НКНХ ао;60;20170620;160000;47.3;47.5;47;47.5;26;0
НКНХ ао;60;20170620;170000;47.6;47.6;47.6;47.6;1;0
НКНХ ао;60;20170620;180000;47.6;47.6;47.6;47.6;1;0
НКНХ ао;60;20170621;100000;47.1;48;46.8;47.8;14;0
НКНХ ао;60;20170621;110000;47.8;47.8;46.6;47.4;27;0
НКНХ ао;60;20170621;140000;47.4;47.4;47.4;47.4;1;0
НКНХ ао;60;20170621;160000;47.2;47.2;47.2;47.2;1;0
НКНХ ао;60;20170621;170000;46.6;46.6;46.2;46.2;5;0
НКНХ ао;60;20170622;100000;46.3;46.3;46.3;46.3;1;0
НКНХ ао;60;20170622;110000;45.8;46;45.5;46;18;0
НКНХ ао;60;20170622;120000;45.9;45.9;45.9;45.9;2;0
НКНХ ао;60;20170622;130000;45.9;45.9;45.9;45.9;4;0
НКНХ ао;60;20170622;140000;45.9;45.9;45.9;45.9;3;0
НКНХ ао;60;20170622;150000;45.8;45.8;45.8;45.8;1;0
НКНХ ао;60;20170622;160000;45.8;45.8;45.8;45.8;2;0
НКНХ ао;60;20170622;170000;45.9;45.9;45.9;45.9;1;0
НКНХ ао;60;20170622;180000;45.9;45.9;45.9;45.9;1;0
НКНХ ао;60;20170623;100000;45.7;45.7;45.7;45.7;1;0
НКНХ ао;60;20170623;110000;45.8;45.8;45;45;11;0
НКНХ ао;60;20170623;120000;45.2;45.9;45.2;45.9;4;0
НКНХ ао;60;20170623;130000;46;46;46;46;2;0
НКНХ ао;60;20170623;140000;46;46.3;46;46.3;3;0
НКНХ ао;60;20170623;150000;46.3;47.8;46.3;47.8;54;0
НКНХ ао;60;20170623;160000;47;47.2;47;47.2;2;0
НКНХ ао;60;20170623;170000;46.8;46.8;46.8;46.8;1;0
НКНХ ао;60;20170626;100000;46.8;47;46;47;5;0
НКНХ ао;60;20170626;110000;46.5;46.8;46.5;46.8;4;0
НКНХ ао;60;20170626;130000;46.5;46.5;46.5;46.5;1;0
НКНХ ао;60;20170626;150000;46.6;46.6;46.6;46.6;2;0
НКНХ ао;60;20170626;170000;46.5;46.5;46.5;46.5;33;0
НКНХ ао;60;20170627;110000;46.7;46.7;46.7;46.7;1;0
НКНХ ао;60;20170627;170000;46.5;46.5;46;46;7;0
НКНХ ао;60;20170628;100000;46.9;46.9;46.3;46.3;4;0
НКНХ ао;60;20170628;110000;46.2;46.3;46.2;46.2;12;0
НКНХ ао;60;20170628;120000;46.2;46.2;46.2;46.2;22;0
НКНХ ао;60;20170628;140000;46.1;46.1;46.1;46.1;3;0
НКНХ ао;60;20170628;150000;46.2;46.2;46.2;46.2;7;0
НКНХ ао;60;20170628;160000;46.2;46.2;45.8;45.8;48;0
НКНХ ао;60;20170629;100000;45.8;47.1;45.7;45.7;16;0
НКНХ ао;60;20170629;130000;45.6;45.6;45.6;45.6;1;0
НКНХ ао;60;20170629;140000;45.6;45.6;45.5;45.6;14;0
НКНХ ао;60;20170629;150000;45.8;45.8;45.5;45.5;38;0
НКНХ ао;60;20170629;170000;45.5;45.9;45.5;45.9;4;0
НКНХ ао;60;20170630;100000;45.9;46;45.9;46;7;0
НКНХ ао;60;20170630;120000;45.6;45.6;44.8;44.8;20;0
НКНХ ао;60;20170630;130000;45.7;45.7;44.1;44.3;53;0
НКНХ ао;60;20170630;140000;45.1;45.1;44;45.1;48;0
НКНХ ао;60;20170630;150000;45;45;45;45;2;0
НКНХ ао;60;20170630;160000;44.2;44.6;44;44.6;156;0
НКНХ ао;60;20170630;170000;44.6;45;44.6;45;8;0
НКНХ ао;60;20170630;180000;44.6;44.8;44;44.8;60;0
НКНХ ао;60;20170703;100000;45;45;45;45;1;0
НКНХ ао;60;20170703;110000;44.5;44.9;44.5;44.9;2;0
НКНХ ао;60;20170703;120000;44.8;44.8;44.8;44.8;1;0
НКНХ ао;60;20170703;130000;44.5;44.5;44;44;20;0
НКНХ ао;60;20170703;140000;44.1;44.1;44.1;44.1;1;0
НКНХ ао;60;20170703;170000;44.8;44.8;44.6;44.6;7;0
НКНХ ао;60;20170703;180000;44.5;44.7;44.5;44.7;4;0
НКНХ ао;60;20170704;100000;44.1;44.7;44.1;44.7;3;0
НКНХ ао;60;20170704;110000;44.4;44.4;44.4;44.4;2;0
НКНХ ао;60;20170704;130000;44.2;44.2;44.2;44.2;2;0
НКНХ ао;60;20170704;140000;44.4;44.4;44.4;44.4;1;0
НКНХ ао;60;20170704;150000;44.4;44.4;44.4;44.4;2;0
НКНХ ао;60;20170704;160000;44.4;44.5;44.4;44.5;59;0
НКНХ ао;60;20170704;180000;44.5;44.5;44.4;44.4;31;0
НКНХ ао;60;20170705;100000;44.4;44.7;44.4;44.7;6;0
НКНХ ао;60;20170705;110000;44.7;44.7;44.7;44.7;1;0
НКНХ ао;60;20170705;120000;44.6;44.7;44.6;44.7;23;0
НКНХ ао;60;20170705;130000;44.7;44.7;44.7;44.7;5;0
НКНХ ао;60;20170705;140000;44.7;44.7;44.7;44.7;2;0
НКНХ ао;60;20170705;150000;44.7;44.7;44.7;44.7;6;0
НКНХ ао;60;20170705;160000;44.7;44.7;44.7;44.7;1;0
НКНХ ао;60;20170705;170000;44.8;44.8;44.8;44.8;2;0
НКНХ ао;60;20170706;100000;45.2;45.2;45.2;45.2;3;0
НКНХ ао;60;20170706;110000;45;45.2;45;45.2;3;0
НКНХ ао;60;20170706;120000;45;45;44.8;44.8;4;0
НКНХ ао;60;20170706;130000;44.8;44.8;44.8;44.8;14;0
НКНХ ао;60;20170706;140000;44.8;44.8;44.7;44.7;4;0
НКНХ ао;60;20170706;160000;44.8;45.1;44.8;45;18;0
НКНХ ао;60;20170706;180000;45;45.3;45;45.3;16;0
НКНХ ао;60;20170707;100000;45.4;45.5;44.9;44.9;45;0
НКНХ ао;60;20170707;110000;44.9;44.9;44.9;44.9;26;0
НКНХ ао;60;20170707;120000;44.9;45.5;44.9;45.5;79;0
НКНХ ао;60;20170707;130000;45.5;45.5;45.5;45.5;1;0
НКНХ ао;60;20170707;150000;45.8;45.8;45.7;45.7;2;0
НКНХ ао;60;20170707;170000;45.8;45.8;45.3;45.5;8;0
НКНХ ао;60;20170707;180000;45.8;45.8;45.7;45.7;31;0
НКНХ ао;60;20170710;100000;45.1;45.8;45.1;45.5;8;0
НКНХ ао;60;20170710;110000;45.5;45.5;45.5;45.5;7;0
НКНХ ао;60;20170710;120000;45.5;45.8;45.5;45.8;27;0
НКНХ ао;60;20170710;130000;45.8;45.8;45.4;45.4;31;0
НКНХ ао;60;20170710;150000;45.5;46;45.5;46;28;0
НКНХ ао;60;20170710;160000;45.9;45.9;45.9;45.9;1;0
НКНХ ао;60;20170710;170000;45.9;45.9;45.9;45.9;4;0
НКНХ ао;60;20170711;100000;46.9;46.9;45.9;45.9;21;0
НКНХ ао;60;20170711;110000;46;46;46;46;4;0
НКНХ ао;60;20170711;130000;45.8;45.8;45.2;45.2;45;0
НКНХ ао;60;20170711;150000;45.7;45.9;45.4;45.9;38;0
НКНХ ао;60;20170711;160000;45.9;45.9;45.9;45.9;3;0
НКНХ ао;60;20170711;170000;45.9;45.9;45.5;45.8;20;0
НКНХ ао;60;20170711;180000;45.9;46;45.9;46;25;0
НКНХ ао;60;20170712;100000;45.8;45.8;45.6;45.8;30;0
НКНХ ао;60;20170712;110000;45.6;45.6;45.3;45.3;24;0
НКНХ ао;60;20170712;130000;45.8;45.9;45.8;45.9;5;0
НКНХ ао;60;20170712;140000;45.9;46;45.9;46;4;0
НКНХ ао;60;20170712;150000;46;46;46;46;17;0
НКНХ ао;60;20170712;180000;46.1;46.1;46;46;54;0
НКНХ ао;60;20170713;100000;46;46;46;46;1;0
НКНХ ао;60;20170713;150000;46;46.1;46;46.1;7;0
НКНХ ао;60;20170713;160000;46.1;46.1;46.1;46.1;4;0
НКНХ ао;60;20170713;170000;46.1;46.1;46.1;46.1;4;0
НКНХ ао;60;20170713;180000;46;46;45.9;45.9;22;0
НКНХ ао;60;20170714;110000;46.8;47.4;46.8;46.9;5;0
НКНХ ао;60;20170714;120000;46.9;46.9;46.9;46.9;1;0
НКНХ ао;60;20170714;140000;46.8;46.8;46.6;46.6;13;0
НКНХ ао;60;20170714;150000;46.7;46.7;46.7;46.7;2;0
НКНХ ао;60;20170714;170000;46.7;46.8;46.7;46.8;9;0
НКНХ ао;60;20170717;100000;47.8;48.1;47.8;48;37;0
НКНХ ао;60;20170717;110000;47.8;48.3;47.8;48.3;55;0
НКНХ ао;60;20170717;120000;48.3;48.3;48.3;48.3;1;0
НКНХ ао;60;20170717;130000;48;48;47.9;47.9;2;0
НКНХ ао;60;20170717;140000;48.3;49.2;48.3;48.3;14;0
НКНХ ао;60;20170717;160000;48.9;48.9;48.4;48.4;8;0
НКНХ ао;60;20170717;170000;48.2;48.2;48;48;5;0
НКНХ ао;60;20170717;180000;48.1;48.1;48.1;48.1;1;0
НКНХ ао;60;20170718;100000;49.3;49.8;48.8;48.8;37;0
НКНХ ао;60;20170718;110000;48.1;48.1;48.1;48.1;2;0
НКНХ ао;60;20170718;120000;48.1;48.1;47.7;47.7;19;0
НКНХ ао;60;20170718;130000;48.5;48.5;48.5;48.5;2;0
НКНХ ао;60;20170718;140000;48.1;48.3;47.5;48.2;37;0
НКНХ ао;60;20170718;180000;48.2;48.2;48.2;48.2;3;0
НКНХ ао;60;20170719;100000;47.7;47.7;46;46;20;0
НКНХ ао;60;20170719;110000;47.5;47.5;47;47;6;0
НКНХ ао;60;20170719;120000;48.2;48.2;48.2;48.2;1;0
НКНХ ао;60;20170719;130000;47.9;48;47.9;48;2;0
НКНХ ао;60;20170719;150000;48.4;48.4;48.4;48.4;1;0
НКНХ ао;60;20170719;160000;47.9;47.9;47.9;47.9;7;0
НКНХ ао;60;20170719;180000;47.9;47.9;47.9;47.9;4;0
НКНХ ао;60;20170720;100000;48.3;48.3;48.3;48.3;2;0
НКНХ ао;60;20170720;110000;48.3;49.8;48.3;49;44;0
НКНХ ао;60;20170720;120000;48.8;48.8;48.8;48.8;28;0
НКНХ ао;60;20170720;130000;48.7;48.7;48.3;48.3;23;0
НКНХ ао;60;20170720;140000;48.3;51.6;48.3;50.5;206;0
НКНХ ао;60;20170720;150000;51.4;51.4;50;50.3;69;0
НКНХ ао;60;20170720;160000;50.1;50.1;50;50;12;0
НКНХ ао;60;20170720;170000;50.1;50.2;50.1;50.1;66;0
НКНХ ао;60;20170720;180000;50.1;50.1;50;50;10;0
НКНХ ао;60;20170721;100000;50;50;50;50;7;0
НКНХ ао;60;20170721;110000;50.3;50.6;49.5;49.9;13;0
НКНХ ао;60;20170721;120000;49.1;49.6;47.9;49.6;101;0
НКНХ ао;60;20170721;150000;48.6;49.3;48.5;49.1;10;0
НКНХ ао;60;20170721;170000;48.1;49;47.9;48.9;67;0
НКНХ ао;60;20170721;180000;48.4;49;48.4;49;11;0
НКНХ ао;60;20170724;100000;49.2;49.2;48.5;49.2;9;0
НКНХ ао;60;20170724;110000;49.4;49.4;49.4;49.4;7;0
НКНХ ао;60;20170724;120000;49.9;49.9;49.4;49.4;62;0
НКНХ ао;60;20170724;130000;51;51;51;51;1;0
НКНХ ао;60;20170724;150000;49.6;49.6;47.9;47.9;56;0
НКНХ ао;60;20170725;100000;49.4;50.1;49.4;50;22;0
НКНХ ао;60;20170725;120000;49.3;49.5;49.3;49.4;3;0
НКНХ ао;60;20170725;130000;49.2;49.2;48.5;48.5;16;0
НКНХ ао;60;20170725;140000;48.3;48.3;48.1;48.1;4;0
НКНХ ао;60;20170725;160000;48.5;48.5;48;48.3;22;0
НКНХ ао;60;20170725;180000;48;48;48;48;1;0
НКНХ ао;60;20170726;120000;48.8;49;48.5;49;7;0
НКНХ ао;60;20170726;130000;49;49;48.8;48.8;3;0
НКНХ ао;60;20170726;140000;49.2;49.2;48.9;48.9;3;0
НКНХ ао;60;20170726;150000;49.1;50.9;49.1;49.1;15;0
НКНХ ао;60;20170726;160000;49.1;49.5;49.1;49.5;8;0
НКНХ ао;60;20170726;170000;49.5;50;49.5;49.9;24;0
НКНХ ао;60;20170726;180000;49.9;51.1;49.9;50.5;41;0
НКНХ ао;60;20170727;100000;51.4;51.4;51;51;12;0
НКНХ ао;60;20170727;110000;50.6;50.6;50.6;50.6;2;0
НКНХ ао;60;20170727;130000;50.4;50.4;50;50;18;0
НКНХ ао;60;20170727;140000;49.6;50;49.6;50;4;0
НКНХ ао;60;20170727;160000;50.6;50.7;50;50;54;0
НКНХ ао;60;20170727;170000;50.5;50.5;50.5;50.5;1;0
НКНХ ао;60;20170728;110000;50.4;50.4;50.1;50.1;9;0
НКНХ ао;60;20170728;120000;50;50;50;50;2;0
НКНХ ао;60;20170728;130000;50.3;50.3;50.3;50.3;1;0
НКНХ ао;60;20170728;140000;50.3;50.3;50.3;50.3;1;0
НКНХ ао;60;20170728;160000;50;50.2;50;50.2;24;0
НКНХ ао;60;20170728;180000;50.1;50.3;49.5;49.5;35;0
НКНХ ао;60;20170731;100000;50.2;50.6;50.2;50.4;12;0
НКНХ ао;60;20170731;110000;50.2;50.2;50.2;50.2;1;0
НКНХ ао;60;20170731;120000;50.3;50.3;50.3;50.3;5;0
НКНХ ао;60;20170731;130000;50.1;52.9;50.1;52.9;53;0
НКНХ ао;60;20170731;140000;52.7;52.9;51.9;51.9;151;0
НКНХ ао;60;20170731;150000;51.9;51.9;50.1;50.7;71;0
НКНХ ао;60;20170731;160000;50.3;50.3;49.7;49.9;83;0
НКНХ ао;60;20170731;170000;50;50;49.4;49.4;6;0
НКНХ ао;60;20170731;180000;49.7;50.2;49.7;50.2;18;0
НКНХ ао;60;20170801;100000;50.9;50.9;50.9;50.9;1;0
НКНХ ао;60;20170801;130000;50;50;49.8;49.8;3;0
НКНХ ао;60;20170801;150000;50.4;50.8;50.4;50.8;27;0
НКНХ ао;60;20170801;180000;50.8;50.8;50.8;50.8;1;0
НКНХ ао;60;20170802;110000;50.8;50.8;50.7;50.7;12;0
НКНХ ао;60;20170802;120000;51;51;51;51;2;0
НКНХ ао;60;20170802;130000;51;51;51;51;1;0
НКНХ ао;60;20170802;160000;51.1;51.1;51.1;51.1;4;0
НКНХ ао;60;20170802;170000;51.7;51.8;50.9;50.9;11;0
НКНХ ао;60;20170803;110000;51.7;52;50.3;51.1;19;0
НКНХ ао;60;20170803;120000;51;51;51;51;5;0
НКНХ ао;60;20170803;130000;51.4;51.4;51.4;51.4;2;0
НКНХ ао;60;20170803;140000;51.4;51.7;51.4;51.7;10;0
НКНХ ао;60;20170803;150000;51.8;51.8;51.8;51.8;2;0
НКНХ ао;60;20170803;160000;51.4;51.5;51.4;51.5;2;0
НКНХ ао;60;20170803;170000;51.5;51.5;51.4;51.4;37;0
НКНХ ао;60;20170804;110000;51.4;51.4;51;51;6;0
НКНХ ао;60;20170804;120000;50.7;50.8;50.7;50.8;4;0
НКНХ ао;60;20170804;130000;50.8;50.8;50.8;50.8;1;0
НКНХ ао;60;20170804;150000;50.9;50.9;50.9;50.9;1;0
НКНХ ао;60;20170804;160000;50.8;50.8;50.8;50.8;1;0
НКНХ ао;60;20170804;180000;50.8;50.8;50.8;50.8;2;0
НКНХ ао;60;20170807;100000;51.7;51.7;51.1;51.1;4;0
НКНХ ао;60;20170807;140000;51.1;51.1;50.8;50.9;6;0
НКНХ ао;60;20170807;150000;50.9;50.9;50.9;50.9;2;0
НКНХ ао;60;20170807;170000;50.8;51.2;50.8;51.2;11;0
НКНХ ао;60;20170807;180000;51.2;51.2;51;51;7;0
НКНХ ао;60;20170808;100000;51.5;51.5;51.3;51.3;4;0
НКНХ ао;60;20170808;110000;51.3;51.3;51.3;51.3;2;0
НКНХ ао;60;20170808;120000;51;51;49;50;70;0
НКНХ ао;60;20170808;130000;50.2;50.4;50.2;50.4;6;0
НКНХ ао;60;20170808;140000;50.6;50.6;50.6;50.6;2;0
НКНХ ао;60;20170808;150000;50.5;50.5;50.5;50.5;5;0
НКНХ ао;60;20170808;160000;50.4;50.4;50.1;50.1;12;0
НКНХ ао;60;20170808;170000;50.7;50.7;49.8;49.8;8;0
НКНХ ао;60;20170808;180000;50;50;50;50;1;0
НКНХ ао;60;20170809;100000;50.1;51.4;50.1;50.8;23;0
НКНХ ао;60;20170809;110000;50.6;50.6;50.2;50.5;7;0
НКНХ ао;60;20170809;120000;50.5;50.5;50.5;50.5;3;0
НКНХ ао;60;20170809;130000;50.6;50.7;50.6;50.7;4;0
НКНХ ао;60;20170809;140000;50.6;50.7;50.6;50.6;13;0
НКНХ ао;60;20170809;150000;50.7;50.7;50.7;50.7;4;0
НКНХ ао;60;20170809;160000;50.6;50.9;50.6;50.9;14;0
НКНХ ао;60;20170809;170000;50.9;50.9;50.9;50.9;4;0
НКНХ ао;60;20170810;100000;50.9;50.9;50.9;50.9;1;0
НКНХ ао;60;20170810;110000;50.4;50.4;50.4;50.4;1;0
НКНХ ао;60;20170810;130000;51;51.4;51;51.4;42;0
НКНХ ао;60;20170810;150000;51.4;51.5;51.4;51.5;10;0
НКНХ ао;60;20170810;160000;51.1;51.1;51;51;20;0
НКНХ ао;60;20170810;180000;51.3;51.3;51.3;51.3;2;0
НКНХ ао;60;20170811;100000;51.5;51.5;51.3;51.3;10;0
НКНХ ао;60;20170811;110000;51;51;51;51;2;0
НКНХ ао;60;20170811;130000;51.4;51.4;51.4;51.4;1;0
НКНХ ао;60;20170811;140000;51.4;51.4;51.4;51.4;6;0
НКНХ ао;60;20170811;160000;51.2;51.2;50.7;50.9;16;0
НКНХ ао;60;20170814;100000;51.2;51.2;51.2;51.2;1;0
НКНХ ао;60;20170814;120000;51.1;51.1;51.1;51.1;1;0
НКНХ ао;60;20170814;140000;51.2;52;51.2;51.5;11;0
НКНХ ао;60;20170814;150000;51.5;51.5;51.5;51.5;3;0
НКНХ ао;60;20170814;160000;51.5;51.5;51.5;51.5;5;0
НКНХ ао;60;20170814;170000;51.5;51.6;51.3;51.6;5;0
НКНХ ао;60;20170815;110000;50.8;51.3;50.7;51.3;9;0
НКНХ ао;60;20170815;150000;51.4;51.4;51.4;51.4;1;0
НКНХ ао;60;20170815;160000;51.4;51.5;51.4;51.5;6;0
НКНХ ао;60;20170815;170000;51.4;51.4;51;51;11;0
НКНХ ао;60;20170815;180000;51.1;51.1;51.1;51.1;1;0
НКНХ ао;60;20170816;100000;51.6;51.6;51.6;51.6;2;0
НКНХ ао;60;20170816;110000;51.5;51.5;51.4;51.5;3;0
НКНХ ао;60;20170816;120000;51.1;51.1;51;51;2;0
НКНХ ао;60;20170816;130000;51.4;51.6;51.4;51.6;3;0
НКНХ ао;60;20170816;140000;51.5;51.5;51.5;51.5;3;0
НКНХ ао;60;20170816;150000;51.5;51.5;51.5;51.5;1;0
НКНХ ао;60;20170816;160000;51.4;51.4;50.9;51.1;49;0
НКНХ ао;60;20170816;170000;51.2;51.2;51.1;51.1;3;0
НКНХ ао;60;20170817;100000;51.7;51.8;51.7;51.8;3;0
НКНХ ао;60;20170817;110000;51.8;53;51.7;51.7;32;0
НКНХ ао;60;20170817;120000;51.7;51.7;51.7;51.7;2;0
НКНХ ао;60;20170817;130000;51.7;51.7;51.7;51.7;6;0
НКНХ ао;60;20170818;110000;51.6;51.6;51.4;51.5;41;0
НКНХ ао;60;20170818;140000;51.5;51.5;50.7;51.3;55;0
НКНХ ао;60;20170818;150000;51.3;51.3;50;50.8;36;0
НКНХ ао;60;20170818;160000;50.1;50.8;50.1;50.8;27;0
НКНХ ао;60;20170818;170000;50.8;50.9;50.8;50.9;4;0
НКНХ ао;60;20170818;180000;51.1;51.1;51.1;51.1;1;0
НКНХ ао;60;20170821;100000;52.1;52.1;52.1;52.1;1;0
НКНХ ао;60;20170821;110000;51.4;51.4;49;50.1;137;0
НКНХ ао;60;20170821;130000;50.7;50.8;50.7;50.8;6;0
НКНХ ао;60;20170821;140000;51.1;51.1;51.1;51.1;2;0
НКНХ ао;60;20170821;160000;50.8;50.8;50.7;50.7;14;0
НКНХ ао;60;20170821;170000;50.7;50.7;50.7;50.7;18;0
НКНХ ао;60;20170821;180000;51;51;51;51;2;0
НКНХ ао;60;20170822;100000;50.5;51;50.5;51;3;0
НКНХ ао;60;20170822;110000;51.1;51.4;51.1;51.4;12;0
НКНХ ао;60;20170822;120000;51.4;51.4;51.2;51.2;13;0
НКНХ ао;60;20170822;130000;51.2;51.2;51.2;51.2;1;0
НКНХ ао;60;20170822;140000;51.1;51.2;51;51.1;24;0
НКНХ ао;60;20170822;150000;51.1;51.1;51.1;51.1;1;0
НКНХ ао;60;20170822;160000;51.1;51.1;51.1;51.1;3;0
НКНХ ао;60;20170822;170000;51;51.1;51;51.1;2;0
НКНХ ао;60;20170822;180000;51;51;50.6;50.6;83;0
НКНХ ао;60;20170823;100000;50.8;50.8;50.4;50.4;7;0
НКНХ ао;60;20170823;130000;50.4;50.4;50.4;50.4;30;0
НКНХ ао;60;20170823;140000;50.9;50.9;50.9;50.9;4;0
НКНХ ао;60;20170823;150000;50.9;50.9;50.9;50.9;5;0
НКНХ ао;60;20170823;160000;50.8;50.8;50.8;50.8;8;0
НКНХ ао;60;20170823;170000;51;51;51;51;1;0
НКНХ ао;60;20170824;100000;51;51;50.4;50.4;12;0
НКНХ ао;60;20170824;110000;50.7;50.8;50.7;50.8;3;0
НКНХ ао;60;20170824;130000;50.8;50.8;50.6;50.6;5;0
НКНХ ао;60;20170824;140000;50.4;50.6;50.4;50.6;6;0
НКНХ ао;60;20170824;150000;50.1;50.1;49;49.5;173;0
НКНХ ао;60;20170824;160000;50;50.1;49.5;49.5;10;0
НКНХ ао;60;20170824;170000;49.9;50.1;49.9;50.1;3;0
НКНХ ао;60;20170824;180000;50.2;50.3;50.1;50.3;7;0
НКНХ ао;60;20170825;100000;50.5;50.6;50.5;50.5;5;0
НКНХ ао;60;20170825;110000;50.7;50.7;50.7;50.7;4;0
НКНХ ао;60;20170825;120000;50.5;50.5;50.4;50.4;60;0
НКНХ ао;60;20170825;150000;50.1;50.1;50.1;50.1;7;0
НКНХ ао;60;20170825;160000;49.9;49.9;49.7;49.7;6;0
НКНХ ао;60;20170825;170000;49.7;49.9;49.5;49.9;41;0
НКНХ ао;60;20170825;180000;49.7;49.7;49.5;49.5;2;0
НКНХ ао;60;20170828;090000;50;50;50;50;3;0
НКНХ ао;60;20170828;100000;50;50;49.1;49.6;7;0
НКНХ ао;60;20170828;110000;49.9;50;49.9;50;5;0
НКНХ ао;60;20170828;130000;49.9;49.9;49.7;49.7;8;0
НКНХ ао;60;20170828;140000;49.6;49.6;49.6;49.6;8;0
НКНХ ао;60;20170828;150000;49.7;49.7;49.4;49.4;9;0
НКНХ ао;60;20170828;170000;49.6;49.6;49.6;49.6;25;0
НКНХ ао;60;20170828;180000;49.7;49.7;49.7;49.7;4;0
НКНХ ао;60;20170829;090000;50;50;50;50;4;0
НКНХ ао;60;20170829;100000;49.7;49.7;49.1;49.2;39;0
НКНХ ао;60;20170829;110000;49.1;49.1;49.1;49.1;2;0
НКНХ ао;60;20170829;130000;49.4;49.5;49.1;49.1;7;0
НКНХ ао;60;20170829;140000;49.2;49.2;48.9;48.9;48;0
НКНХ ао;60;20170829;150000;48.9;49;48.9;49;6;0
НКНХ ао;60;20170829;160000;48.9;48.9;48.8;48.8;24;0
НКНХ ао;60;20170829;170000;48.8;48.8;48.2;48.6;38;0
НКНХ ао;60;20170829;180000;48.6;48.6;48.6;48.6;4;0
НКНХ ао;60;20170830;100000;47.7;48.6;47.7;48.5;7;0
НКНХ ао;60;20170830;110000;48.7;49;48.7;49;72;0
НКНХ ао;60;20170830;120000;48.8;49;48.8;48.9;10;0
НКНХ ао;60;20170830;130000;48.7;48.7;48.4;48.4;34;0
НКНХ ао;60;20170830;150000;48.1;48.4;48.1;48.4;8;0
НКНХ ао;60;20170830;160000;48.4;49.1;48.4;49.1;127;0
НКНХ ао;60;20170830;170000;49.1;49.1;47.5;48.2;125;0
НКНХ ао;60;20170830;180000;48.5;48.5;48.5;48.5;3;0
НКНХ ао;60;20170831;100000;48.2;49.2;48.1;49;55;0
НКНХ ао;60;20170831;110000;49;49.4;49;49.4;83;0
НКНХ ао;60;20170831;130000;49;49;49;49;7;0
НКНХ ао;60;20170831;140000;48.9;52.7;48.9;50.4;173;0
НКНХ ао;60;20170831;150000;50.5;50.5;50.3;50.5;36;0
НКНХ ао;60;20170831;160000;50.9;51;50.9;51;36;0
НКНХ ао;60;20170831;170000;50.5;50.5;49.6;49.6;25;0
НКНХ ао;60;20170831;180000;49.6;49.6;49.6;49.6;2;0
НКНХ ао;60;20170901;100000;50.9;51;50.9;51;3;0
НКНХ ао;60;20170901;110000;50.9;51;50.9;51;9;0
НКНХ ао;60;20170901;120000;49.9;49.9;49.9;49.9;1;0
НКНХ ао;60;20170901;130000;49.8;49.8;49.3;49.3;8;0
НКНХ ао;60;20170901;140000;49.8;49.8;49.8;49.8;2;0
НКНХ ао;60;20170901;150000;49.3;49.3;49.3;49.3;1;0
НКНХ ао;60;20170901;170000;49.5;49.5;49.4;49.4;3;0
НКНХ ао;60;20170901;180000;49.4;49.5;49.4;49.5;4;0
НКНХ ао;60;20170904;110000;49.4;49.6;49;49;19;0
НКНХ ао;60;20170904;130000;49.4;49.4;49.4;49.4;22;0
НКНХ ао;60;20170904;140000;49.4;49.4;49.4;49.4;2;0
НКНХ ао;60;20170904;150000;49.4;49.4;49.4;49.4;1;0
НКНХ ао;60;20170904;160000;49.5;49.5;49.5;49.5;37;0
НКНХ ао;60;20170904;170000;49.5;49.5;49.5;49.5;53;0
НКНХ ао;60;20170905;100000;50.6;50.6;50.1;50.2;20;0
НКНХ ао;60;20170905;110000;50.2;50.2;50.2;50.2;3;0
НКНХ ао;60;20170905;120000;49.5;49.5;49.5;49.5;6;0
НКНХ ао;60;20170905;140000;49.8;49.8;49.1;49.1;10;0
НКНХ ао;60;20170905;150000;49.8;49.9;49.8;49.9;17;0
НКНХ ао;60;20170905;160000;49.9;50;49.8;50;220;0
НКНХ ао;60;20170905;170000;49.9;49.9;49.9;49.9;3;0
НКНХ ао;60;20170905;180000;49.9;50;49.8;50;94;0
НКНХ ао;60;20170906;100000;50;50;49.8;49.8;4;0
НКНХ ао;60;20170906;110000;49.2;49.8;49.2;49.8;29;0
НКНХ ао;60;20170906;130000;49.8;49.8;49.2;49.8;15;0
НКНХ ао;60;20170906;150000;49.2;49.4;48.9;49.4;121;0
НКНХ ао;60;20170906;160000;49.4;49.4;49.4;49.4;5;0
НКНХ ао;60;20170906;170000;49.3;49.4;49;49.4;84;0
НКНХ ао;60;20170906;180000;49.4;49.4;49.3;49.3;16;0
НКНХ ао;60;20170907;100000;50;50;48.9;49.6;54;0
НКНХ ао;60;20170907;110000;49.7;49.8;49.6;49.8;20;0
НКНХ ао;60;20170907;160000;49.6;49.6;49.6;49.6;5;0
НКНХ ао;60;20170908;100000;49.7;49.7;49.3;49.3;21;0
НКНХ ао;60;20170908;110000;49.3;49.3;49.2;49.2;22;0
НКНХ ао;60;20170908;120000;49.3;49.4;49.3;49.4;30;0
НКНХ ао;60;20170908;130000;49.8;49.8;49.5;49.5;3;0
НКНХ ао;60;20170908;140000;49.4;49.5;49.4;49.5;45;0
НКНХ ао;60;20170908;150000;49.6;49.6;49.4;49.4;15;0
НКНХ ао;60;20170908;160000;49.4;49.4;49.4;49.4;1;0
НКНХ ао;60;20170908;180000;49.5;49.5;49.5;49.5;3;0
НКНХ ао;60;20170911;100000;49.8;49.8;49.4;49.4;4;0
НКНХ ао;60;20170911;110000;49.4;49.4;49.2;49.4;93;0
НКНХ ао;60;20170911;120000;49.4;49.4;49.2;49.2;3;0
НКНХ ао;60;20170911;130000;49.5;49.5;49.5;49.5;52;0
НКНХ ао;60;20170911;140000;49.5;49.5;49.5;49.5;30;0
НКНХ ао;60;20170911;150000;49.5;49.5;49.3;49.3;42;0
НКНХ ао;60;20170911;160000;49.4;49.6;49.4;49.5;15;0
НКНХ ао;60;20170911;170000;49.5;49.5;49.5;49.5;28;0
НКНХ ао;60;20170912;100000;49.9;49.9;49.9;49.9;1;0
НКНХ ао;60;20170912;110000;49.6;49.6;49.3;49.3;25;0
НКНХ ао;60;20170912;120000;49.4;49.6;49.4;49.6;42;0
НКНХ ао;60;20170912;130000;49.8;49.9;49.8;49.9;2;0
НКНХ ао;60;20170912;140000;49.6;49.7;49.6;49.7;12;0
НКНХ ао;60;20170912;150000;49.6;49.6;49.4;49.4;40;0
НКНХ ао;60;20170912;160000;49.5;49.5;49.5;49.5;1;0
НКНХ ао;60;20170912;170000;49.5;49.5;49.5;49.5;30;0
НКНХ ао;60;20170912;180000;49.3;49.5;49.1;49.5;40;0
НКНХ ао;60;20170913;100000;49.7;49.7;49.7;49.7;2;0
НКНХ ао;60;20170913;130000;49.5;49.5;49.5;49.5;6;0
НКНХ ао;60;20170913;140000;49.6;49.6;49.5;49.5;48;0
НКНХ ао;60;20170913;150000;49.6;49.6;49.5;49.5;6;0
НКНХ ао;60;20170913;170000;49.5;49.5;49.5;49.5;2;0
НКНХ ао;60;20170913;180000;49.6;49.7;49.6;49.7;30;0
НКНХ ао;60;20170914;100000;49.4;49.4;49.3;49.4;11;0
НКНХ ао;60;20170914;110000;49.3;49.3;49.3;49.3;2;0
НКНХ ао;60;20170914;130000;49.4;49.4;49.4;49.4;1;0
НКНХ ао;60;20170914;140000;49.3;49.3;49.1;49.1;61;0
НКНХ ао;60;20170914;150000;49.2;49.2;49;49;32;0
НКНХ ао;60;20170914;170000;49.3;49.3;49.3;49.3;4;0
НКНХ ао;60;20170915;110000;49.1;49.5;49.1;49.5;12;0
НКНХ ао;60;20170915;120000;49.3;49.3;49.3;49.3;7;0
НКНХ ао;60;20170915;140000;49.3;49.3;49.3;49.3;23;0
НКНХ ао;60;20170915;150000;49.4;49.4;49.4;49.4;1;0
НКНХ ао;60;20170915;170000;49.4;49.4;49.3;49.3;14;0
НКНХ ао;60;20170915;180000;49.3;49.3;49.2;49.2;36;0
НКНХ ао;60;20170918;100000;48.8;49;48.2;49;158;0
НКНХ ао;60;20170918;110000;49;49.2;49;49.2;56;0
НКНХ ао;60;20170918;120000;49.3;49.3;49.3;49.3;1;0
НКНХ ао;60;20170918;130000;49.3;49.8;49.2;49.2;102;0
НКНХ ао;60;20170918;150000;49.4;49.8;49.4;49.8;2;0
НКНХ ао;60;20170918;160000;49.8;49.8;49.8;49.8;4;0
НКНХ ао;60;20170918;180000;49.1;49.1;49.1;49.1;2;0
НКНХ ао;60;20170919;110000;49.3;49.6;49.1;49.6;31;0
НКНХ ао;60;20170919;130000;50;50.7;49.4;49.4;21;0
НКНХ ао;60;20170919;150000;49.5;50.2;49.5;49.9;10;0
НКНХ ао;60;20170919;170000;49.9;49.9;49.9;49.9;1;0
НКНХ ао;60;20170919;180000;49.8;49.8;49.7;49.7;5;0
НКНХ ао;60;20170920;100000;49.5;49.6;49.1;49.1;50;0
НКНХ ао;60;20170920;110000;49.4;49.5;49.4;49.5;2;0
НКНХ ао;60;20170920;130000;49.4;49.4;49.3;49.3;2;0
НКНХ ао;60;20170920;140000;49.4;49.4;49.4;49.4;31;0
НКНХ ао;60;20170920;160000;49.2;50.1;49.2;49.4;5;0
НКНХ ао;60;20170920;170000;49.3;49.4;49.3;49.4;4;0
НКНХ ао;60;20170920;180000;49.3;49.4;48.7;49.4;138;0
НКНХ ао;60;20170921;100000;48.6;49.5;48.6;49.5;39;0
НКНХ ао;60;20170921;130000;49.5;49.6;49.5;49.6;5;0
НКНХ ао;60;20170921;140000;49.8;49.8;49.8;49.8;1;0
НКНХ ао;60;20170921;150000;49.9;49.9;49.4;49.5;43;0
НКНХ ао;60;20170921;180000;49.5;49.5;49.5;49.5;16;0
НКНХ ао;60;20170922;100000;49.7;49.7;49.7;49.7;1;0
НКНХ ао;60;20170922;110000;49.5;49.7;49.2;49.7;14;0
НКНХ ао;60;20170922;120000;49.4;49.9;49.3;49.8;13;0
НКНХ ао;60;20170922;160000;49.4;49.4;49.2;49.2;12;0
НКНХ ао;60;20170922;170000;49.2;49.3;48.1;49;44;0
НКНХ ао;60;20170922;180000;48.7;48.7;48.7;48.7;2;0
НКНХ ао;60;20170925;100000;48.4;48.8;48.4;48.8;11;0
НКНХ ао;60;20170925;110000;48.9;49.5;48.8;49.4;34;0
НКНХ ао;60;20170925;120000;49;49;49;49;1;0
НКНХ ао;60;20170925;130000;49;49.3;49;49.3;17;0
НКНХ ао;60;20170925;150000;49.4;49.4;49.4;49.4;1;0
НКНХ ао;60;20170925;160000;49.4;49.4;48.6;48.7;67;0
НКНХ ао;60;20170925;170000;49.2;49.4;49.2;49.4;15;0
НКНХ ао;60;20170926;100000;50;50.4;49.1;49.9;15;0
НКНХ ао;60;20170926;110000;49.5;49.7;49.3;49.3;39;0
НКНХ ао;60;20170926;120000;49.2;49.3;49.2;49.3;6;0
НКНХ ао;60;20170926;130000;49.3;49.3;49.3;49.3;13;0
НКНХ ао;60;20170926;160000;49.5;49.5;49.5;49.5;1;0
НКНХ ао;60;20170926;170000;49.5;49.5;49.4;49.4;31;0
НКНХ ао;60;20170926;180000;49.5;49.6;49.5;49.6;20;0
НКНХ ао;60;20170927;110000;49.7;49.7;49.5;49.5;41;0
НКНХ ао;60;20170927;130000;49.5;49.5;49.5;49.5;30;0
НКНХ ао;60;20170927;140000;49.5;49.7;49.5;49.7;42;0
НКНХ ао;60;20170927;150000;49.5;49.6;49.5;49.6;16;0
НКНХ ао;60;20170927;160000;49.5;49.5;49.4;49.4;8;0
НКНХ ао;60;20170927;170000;49.4;49.5;49.4;49.5;6;0
НКНХ ао;60;20170927;180000;49.5;49.5;49.5;49.5;31;0
НКНХ ао;60;20170928;100000;50.4;52.4;48.4;48.4;79;0
НКНХ ао;60;20170928;110000;49;49.5;48.9;49.5;45;0
НКНХ ао;60;20170928;120000;49.5;49.5;49.5;49.5;10;0
НКНХ ао;60;20170928;130000;49.5;49.5;49.5;49.5;1;0
НКНХ ао;60;20170928;140000;49.5;49.5;49.5;49.5;5;0
НКНХ ао;60;20170928;160000;49.4;49.4;49.4;49.4;1;0
НКНХ ао;60;20170928;170000;49.5;49.5;49.5;49.5;27;0
НКНХ ао;60;20170929;100000;49.5;49.5;49.4;49.4;21;0
НКНХ ао;60;20170929;120000;49.5;49.5;49.5;49.5;1;0
НКНХ ао;60;20170929;130000;49.5;49.5;49.3;49.3;18;0
НКНХ ао;60;20170929;140000;49.4;49.5;49.4;49.5;3;0
НКНХ ао;60;20170929;160000;49.4;49.4;49.4;49.4;1;0
НКНХ ао;60;20170929;180000;49.3;49.3;49.3;49.3;1;0
НКНХ ао;60;20171002;100000;49.3;49.6;49.3;49.6;6;0
НКНХ ао;60;20171002;120000;49.3;49.6;49.3;49.3;7;0
НКНХ ао;60;20171002;130000;49.3;49.3;48.7;48.9;28;0
НКНХ ао;60;20171002;140000;49.3;49.4;49.3;49.4;9;0
НКНХ ао;60;20171002;150000;49.3;49.3;49;49.2;59;0
НКНХ ао;60;20171002;160000;49.2;49.2;49.2;49.2;52;0
НКНХ ао;60;20171002;170000;49.4;49.6;49.4;49.6;5;0
НКНХ ао;60;20171002;180000;49.4;49.6;49.4;49.4;19;0
НКНХ ао;60;20171003;100000;49.6;49.8;49.3;49.3;10;0
НКНХ ао;60;20171003;110000;49.4;49.4;49.4;49.4;4;0
НКНХ ао;60;20171003;140000;49.4;49.4;49.4;49.4;4;0
НКНХ ао;60;20171003;150000;49.2;49.2;49.2;49.2;1;0
НКНХ ао;60;20171003;160000;49.2;49.2;49.1;49.1;3;0
НКНХ ао;60;20171003;170000;49.1;49.1;49;49;20;0
НКНХ ао;60;20171004;100000;49;49;49;49;32;0
НКНХ ао;60;20171004;110000;48.9;48.9;48.7;48.9;3;0
НКНХ ао;60;20171004;140000;48.9;49;48.9;49;16;0
НКНХ ао;60;20171004;150000;49;49;49;49;14;0
НКНХ ао;60;20171004;160000;49.3;49.3;49.3;49.3;1;0
НКНХ ао;60;20171004;170000;49;49;48.9;48.9;2;0
НКНХ ао;60;20171004;180000;49.2;49.3;49.2;49.3;2;0
НКНХ ао;60;20171005;110000;49;49;49;49;9;0
НКНХ ао;60;20171005;170000;49.1;49.1;48.9;48.9;4;0
НКНХ ао;60;20171006;100000;49;49;48.6;48.6;2;0
НКНХ ао;60;20171006;110000;48.7;49;48.7;49;9;0
НКНХ ао;60;20171006;130000;49;49;49;49;1;0
НКНХ ао;60;20171006;140000;49.1;49.1;49.1;49.1;30;0
НКНХ ао;60;20171006;150000;49.2;49.2;49;49;4;0
НКНХ ао;60;20171006;160000;49;49;49;49;2;0
НКНХ ао;60;20171006;180000;48.9;49;48.9;49;13;0
НКНХ ао;60;20171009;110000;49.1;49.1;49;49;4;0
НКНХ ао;60;20171009;150000;49;49;48.9;48.9;10;0
НКНХ ао;60;20171009;160000;49;49;48.8;48.8;26;0
НКНХ ао;60;20171009;170000;49.2;49.2;49.1;49.1;2;0
НКНХ ао;60;20171009;180000;48.9;48.9;48.9;48.9;1;0
НКНХ ао;60;20171010;110000;49.1;49.1;49.1;49.1;2;0
НКНХ ао;60;20171010;150000;49.1;49.1;49;49;4;0
НКНХ ао;60;20171010;160000;49;49.5;48.8;49.5;90;0
НКНХ ао;60;20171010;170000;49;49.3;49;49.3;16;0
НКНХ ао;60;20171010;180000;49.3;49.3;49.3;49.3;1;0
НКНХ ао;60;20171011;100000;49.3;50.3;49.3;49.6;23;0
НКНХ ао;60;20171011;110000;49.4;49.4;49.4;49.4;1;0
НКНХ ао;60;20171011;160000;49;49;49;49;2;0
НКНХ ао;60;20171012;100000;50;50;49.2;49.2;4;0
НКНХ ао;60;20171012;110000;49.1;49.1;48.9;49;14;0
НКНХ ао;60;20171012;120000;49.2;49.2;49.2;49.2;1;0
НКНХ ао;60;20171012;130000;49.2;49.2;49;49;3;0
НКНХ ао;60;20171012;160000;49.2;49.2;49.2;49.2;3;0
НКНХ ао;60;20171012;180000;48.9;48.9;48.9;48.9;4;0
НКНХ ао;60;20171013;110000;49.3;49.3;48.8;48.8;12;0
НКНХ ао;60;20171013;150000;49.1;49.1;49.1;49.1;2;0
НКНХ ао;60;20171016;090000;50.3;50.3;50.3;50.3;2;0
НКНХ ао;60;20171016;100000;49.2;49.2;49;49.2;54;0
НКНХ ао;60;20171016;110000;49.2;49.2;49;49;45;0
НКНХ ао;60;20171016;120000;49;49.3;49;49.3;6;0
НКНХ ао;60;20171016;130000;49.3;49.3;49.3;49.3;7;0
НКНХ ао;60;20171016;140000;49.4;49.4;49.1;49.1;32;0
НКНХ ао;60;20171016;150000;49.1;49.3;49.1;49.3;9;0
НКНХ ао;60;20171016;170000;49.3;49.3;49.3;49.3;1;0
НКНХ ао;60;20171016;180000;49.2;49.2;49.2;49.2;1;0
НКНХ ао;60;20171017;100000;49.3;49.3;49;49;11;0
НКНХ ао;60;20171017;110000;49.4;49.4;49.4;49.4;3;0
НКНХ ао;60;20171017;120000;49.4;49.4;49.4;49.4;42;0
НКНХ ао;60;20171017;130000;49.3;49.3;49.3;49.3;2;0
НКНХ ао;60;20171017;140000;49.4;49.4;49.4;49.4;2;0
НКНХ ао;60;20171017;160000;49.4;49.4;49.4;49.4;7;0
НКНХ ао;60;20171017;170000;49.2;49.3;49.1;49.3;7;0
НКНХ ао;60;20171017;180000;49.1;49.1;49.1;49.1;1;0
НКНХ ао;60;20171018;100000;49.9;49.9;48.5;48.9;81;0
НКНХ ао;60;20171018;110000;48.9;48.9;48.7;48.9;44;0
НКНХ ао;60;20171018;120000;48.5;48.8;48.5;48.8;110;0
НКНХ ао;60;20171018;130000;48.8;48.8;48.5;48.8;87;0
НКНХ ао;60;20171018;140000;48.7;48.7;48.7;48.7;1;0
НКНХ ао;60;20171018;150000;48.9;49;48.9;49;32;0
НКНХ ао;60;20171018;160000;48.9;48.9;48.9;48.9;2;0
НКНХ ао;60;20171018;170000;48.9;48.9;48.9;48.9;3;0
НКНХ ао;60;20171018;180000;49;49;49;49;55;0
НКНХ ао;60;20171019;100000;49;49;49;49;42;0
НКНХ ао;60;20171019;120000;48.7;48.7;48.7;48.7;1;0
НКНХ ао;60;20171019;130000;48.8;48.9;48.5;48.8;28;0
НКНХ ао;60;20171019;140000;48.8;48.8;48.8;48.8;29;0
НКНХ ао;60;20171019;150000;48.9;49;48.9;49;36;0
НКНХ ао;60;20171019;160000;48.9;49;48.9;49;2;0
НКНХ ао;60;20171019;170000;48.9;48.9;48.6;48.6;8;0
НКНХ ао;60;20171019;180000;48.5;48.5;48.4;48.4;2;0
НКНХ ао;60;20171020;100000;48.7;48.8;48.1;48.8;25;0
НКНХ ао;60;20171020;110000;48.8;48.8;48.8;48.8;8;0
НКНХ ао;60;20171020;120000;49.1;49.1;48.9;48.9;11;0
НКНХ ао;60;20171020;140000;48.9;48.9;48.7;48.7;3;0
НКНХ ао;60;20171020;180000;48.7;48.7;48.1;48.1;54;0
НКНХ ао;60;20171023;100000;48.5;48.7;48.5;48.5;8;0
НКНХ ао;60;20171023;110000;48.5;48.7;48.5;48.7;16;0
НКНХ ао;60;20171023;120000;48.7;48.8;48.7;48.8;12;0
НКНХ ао;60;20171023;130000;48.6;48.6;48.6;48.6;1;0
НКНХ ао;60;20171023;140000;48.5;48.5;48.5;48.5;1;0
НКНХ ао;60;20171023;180000;48.5;48.5;48.5;48.5;2;0
НКНХ ао;60;20171024;100000;49;49.1;49;49.1;7;0
НКНХ ао;60;20171024;110000;49;49;48.8;48.9;11;0
НКНХ ао;60;20171024;120000;49;49;49;49;1;0
НКНХ ао;60;20171024;130000;49;49;49;49;1;0
НКНХ ао;60;20171024;140000;48.9;48.9;48.9;48.9;1;0
НКНХ ао;60;20171024;160000;48.9;49;48.9;49;16;0
НКНХ ао;60;20171024;180000;49;49;49;49;1;0
НКНХ ао;60;20171025;100000;48.9;48.9;48.5;48.5;21;0
НКНХ ао;60;20171025;110000;48.6;48.6;48.4;48.4;14;0
НКНХ ао;60;20171025;120000;48.4;48.4;48.4;48.4;2;0
НКНХ ао;60;20171025;130000;48.6;48.7;48.6;48.6;15;0
НКНХ ао;60;20171025;150000;48.8;48.9;48.8;48.9;14;0
НКНХ ао;60;20171025;160000;48.9;48.9;48.9;48.9;54;0
НКНХ ао;60;20171026;100000;48.9;49;48.9;48.9;3;0
НКНХ ао;60;20171026;110000;48.9;48.9;48.9;48.9;12;0
НКНХ ао;60;20171026;120000;49;49;48.9;49;4;0
НКНХ ао;60;20171026;130000;49;49;48.9;48.9;16;0
НКНХ ао;60;20171026;140000;48.7;48.7;48.6;48.6;4;0
НКНХ ао;60;20171026;150000;48.6;48.6;48.6;48.6;10;0
НКНХ ао;60;20171026;160000;48.4;48.6;48.3;48.6;11;0
НКНХ ао;60;20171026;170000;48.7;48.7;48.7;48.7;1;0
НКНХ ао;60;20171026;180000;48.7;48.7;48.6;48.6;5;0
НКНХ ао;60;20171027;090000;50.4;50.4;50.4;50.4;10;0
НКНХ ао;60;20171027;100000;49.3;49.3;49;49;9;0
НКНХ ао;60;20171027;150000;48.5;48.5;48.4;48.4;4;0
НКНХ ао;60;20171027;170000;48.7;48.7;48.7;48.7;1;0
НКНХ ао;60;20171027;180000;48.7;48.7;48.7;48.7;1;0
НКНХ ао;60;20171030;100000;48.8;48.8;48.8;48.8;1;0
НКНХ ао;60;20171030;110000;48.5;48.5;48.4;48.4;2;0
НКНХ ао;60;20171030;120000;48.5;48.5;48.4;48.4;2;0
НКНХ ао;60;20171030;130000;48.6;48.6;48.6;48.6;25;0
НКНХ ао;60;20171030;180000;48.7;49.5;48.7;48.8;60;0
НКНХ ао;60;20171031;100000;48.8;48.8;48.8;48.8;3;0
НКНХ ао;60;20171031;160000;48.8;48.8;48.8;48.8;2;0
НКНХ ао;60;20171031;180000;48.8;48.8;48.7;48.7;32;0
НКНХ ао;60;20171101;100000;48.8;48.8;48.5;48.5;49;0
НКНХ ао;60;20171101;110000;48.4;48.5;48.4;48.5;48;0
НКНХ ао;60;20171101;120000;48.7;48.7;48.3;48.6;29;0
НКНХ ао;60;20171101;140000;48.7;48.7;48.7;48.7;56;0
НКНХ ао;60;20171101;150000;48.7;48.7;48.7;48.7;26;0
НКНХ ао;60;20171102;120000;49;49;49;49;2;0
НКНХ ао;60;20171102;130000;48.5;48.5;48.2;48.2;20;0
НКНХ ао;60;20171102;140000;48.3;48.3;48.2;48.2;3;0
НКНХ ао;60;20171102;150000;48.6;48.6;48.6;48.6;1;0
НКНХ ао;60;20171102;170000;48.5;48.5;48.5;48.5;1;0
НКНХ ао;60;20171102;180000;48.3;48.3;48.2;48.2;10;0
НКНХ ао;60;20171103;160000;48.2;48.2;48.1;48.1;20;0
НКНХ ао;60;20171107;100000;47.5;48.7;47.5;48.7;60;0
НКНХ ао;60;20171107;110000;48.3;48.3;48.2;48.2;7;0
НКНХ ао;60;20171107;120000;48.2;48.7;48.1;48.7;5;0
НКНХ ао;60;20171107;140000;48.2;48.2;48.2;48.2;5;0
НКНХ ао;60;20171107;150000;48.5;48.7;48.5;48.7;3;0
НКНХ ао;60;20171107;160000;48.2;48.2;48.2;48.2;3;0
НКНХ ао;60;20171107;170000;48.2;48.2;48.2;48.2;6;0
НКНХ ао;60;20171107;180000;48.2;48.6;48.1;48.1;8;0
НКНХ ао;60;20171108;100000;48.5;48.5;48.3;48.3;4;0
НКНХ ао;60;20171108;110000;48.3;48.5;48.3;48.5;3;0
НКНХ ао;60;20171108;130000;48.4;48.5;48.4;48.5;7;0
НКНХ ао;60;20171108;140000;48.3;48.6;48.3;48.6;6;0
НКНХ ао;60;20171108;150000;48.6;48.6;48.6;48.6;1;0
НКНХ ао;60;20171108;160000;48.6;48.7;48.6;48.7;4;0
НКНХ ао;60;20171109;100000;48.1;48.1;47.9;48.1;26;0
НКНХ ао;60;20171109;110000;48.2;48.6;48.2;48.6;71;0
НКНХ ао;60;20171109;120000;48.6;48.6;48.6;48.6;1;0
НКНХ ао;60;20171109;130000;48.2;48.2;48.1;48.1;30;0
НКНХ ао;60;20171109;140000;48.6;48.7;48.6;48.7;3;0
НКНХ ао;60;20171109;150000;48.7;48.7;48.4;48.5;16;0
НКНХ ао;60;20171109;160000;48.4;48.4;48.4;48.4;3;0
НКНХ ао;60;20171109;170000;48.3;48.7;47.8;47.8;34;0
НКНХ ао;60;20171109;180000;47.9;47.9;47.9;47.9;6;0
НКНХ ао;60;20171110;100000;48.3;48.3;47.6;48.2;17;0
НКНХ ао;60;20171110;110000;48;48.2;48;48.2;2;0
НКНХ ао;60;20171110;120000;48.2;48.2;48.2;48.2;7;0
НКНХ ао;60;20171110;130000;48.3;48.4;48.3;48.4;17;0
НКНХ ао;60;20171110;140000;48.3;48.4;48.1;48.1;16;0
НКНХ ао;60;20171110;160000;48.3;48.3;48.3;48.3;1;0
НКНХ ао;60;20171110;180000;48.4;48.4;48.1;48.3;4;0
НКНХ ао;60;20171113;120000;48.1;48.7;48;48.7;55;0
НКНХ ао;60;20171113;130000;48.3;48.3;48.1;48.1;8;0
НКНХ ао;60;20171113;140000;48.2;48.2;48.2;48.2;6;0
НКНХ ао;60;20171113;160000;48.1;48.1;48.1;48.1;56;0
НКНХ ао;60;20171113;170000;48.6;48.6;48.6;48.6;3;0
НКНХ ао;60;20171113;180000;48.5;48.5;48.5;48.5;2;0
НКНХ ао;60;20171114;100000;48.2;48.2;48.1;48.2;9;0
НКНХ ао;60;20171114;110000;48.1;48.1;48;48.1;124;0
НКНХ ао;60;20171114;120000;48.1;48.4;48.1;48.4;39;0
НКНХ ао;60;20171114;140000;48;48;48;48;30;0
НКНХ ао;60;20171114;150000;48.1;48.1;48.1;48.1;2;0
НКНХ ао;60;20171114;160000;48.1;48.1;48.1;48.1;4;0
НКНХ ао;60;20171114;180000;48;48.1;48;48.1;12;0
НКНХ ао;60;20171115;100000;48.3;48.4;48.3;48.3;28;0
НКНХ ао;60;20171115;110000;48.2;48.2;48.2;48.2;8;0
НКНХ ао;60;20171115;120000;48.3;50.5;48.3;49.5;124;0
НКНХ ао;60;20171115;130000;49.5;55.5;48.1;48.2;144;0
НКНХ ао;60;20171115;140000;48.6;48.9;48.6;48.8;109;0
НКНХ ао;60;20171115;150000;48.9;49.7;48.8;49.4;146;0
НКНХ ао;60;20171115;160000;49.3;49.4;48.8;49;78;0
НКНХ ао;60;20171115;170000;48.9;49.8;48.9;49.6;24;0
НКНХ ао;60;20171115;180000;49.1;49.6;48.7;48.7;62;0
НКНХ ао;60;20171116;100000;48.5;48.5;48.3;48.4;35;0
НКНХ ао;60;20171116;110000;48.3;49.1;48.3;49.1;52;0
НКНХ ао;60;20171116;120000;50;50;49.1;49.1;13;0
НКНХ ао;60;20171116;130000;49.1;49.1;49;49.1;54;0
НКНХ ао;60;20171116;140000;49.1;50.9;49;50;131;0
НКНХ ао;60;20171116;150000;50.7;50.8;50.7;50.8;6;0
НКНХ ао;60;20171116;160000;50.2;50.2;49.9;49.9;2;0
НКНХ ао;60;20171116;170000;49.9;49.9;49.7;49.9;34;0
НКНХ ао;60;20171116;180000;49.9;49.9;49.8;49.8;20;0
НКНХ ао;60;20171117;110000;50.6;54.3;50.4;51.7;76;0
НКНХ ао;60;20171117;120000;51.5;51.5;51.4;51.4;4;0
НКНХ ао;60;20171117;130000;51.9;51.9;50.3;51;43;0
НКНХ ао;60;20171117;140000;50.2;50.2;50;50;8;0
НКНХ ао;60;20171117;150000;50;50;50;50;1;0
НКНХ ао;60;20171117;160000;49.9;50;49.9;50;3;0
НКНХ ао;60;20171117;170000;49.9;50.1;49.8;50.1;58;0
НКНХ ао;60;20171117;180000;49.6;49.6;49.6;49.6;2;0
НКНХ ао;60;20171120;100000;50.8;51.1;50.8;50.8;14;0
НКНХ ао;60;20171120;110000;50.2;50.8;50.2;50.8;5;0
НКНХ ао;60;20171120;120000;50.9;50.9;49.9;50;4;0
НКНХ ао;60;20171120;130000;50.2;50.2;49.7;50.2;3;0
НКНХ ао;60;20171120;140000;50.1;50.1;50;50;3;0
НКНХ ао;60;20171120;150000;50.2;50.3;50.2;50.3;16;0
НКНХ ао;60;20171120;160000;50.2;50.2;50.2;50.2;1;0
НКНХ ао;60;20171120;170000;50.1;50.1;50.1;50.1;1;0
НКНХ ао;60;20171120;180000;50.1;50.1;50.1;50.1;19;0
НКНХ ао;60;20171121;100000;49.9;50;49.9;50;10;0
НКНХ ао;60;20171121;110000;50;50;50;50;9;0
НКНХ ао;60;20171121;120000;50.1;50.1;50.1;50.1;2;0
НКНХ ао;60;20171121;130000;50.1;50.1;50.1;50.1;3;0
НКНХ ао;60;20171121;140000;50;50;50;50;3;0
НКНХ ао;60;20171121;150000;50;50.1;50;50.1;12;0
НКНХ ао;60;20171121;160000;50;50;49.9;49.9;9;0
НКНХ ао;60;20171121;180000;50.1;50.1;50.1;50.1;5;0
НКНХ ао;60;20171122;100000;50.6;52.3;50.6;51;22;0
НКНХ ао;60;20171122;110000;51.2;51.9;51.1;51.7;62;0
НКНХ ао;60;20171122;120000;51.1;51.1;51;51;19;0
НКНХ ао;60;20171122;150000;50.3;50.3;50.3;50.3;18;0
НКНХ ао;60;20171122;170000;50.3;50.5;50.3;50.5;18;0
НКНХ ао;60;20171123;100000;50.4;52.1;50.4;51.6;7;0
НКНХ ао;60;20171123;110000;51.2;51.2;50.8;50.8;10;0
НКНХ ао;60;20171123;120000;50.6;50.6;50.5;50.5;9;0
НКНХ ао;60;20171123;130000;50.4;51.2;50.4;51.2;165;0
НКНХ ао;60;20171123;140000;50.6;50.6;50.5;50.5;2;0
НКНХ ао;60;20171123;150000;50.4;50.4;50.3;50.3;6;0
НКНХ ао;60;20171123;170000;50.2;50.7;48.4;50.7;109;0
НКНХ ао;60;20171123;180000;50.5;52.4;50.5;52;173;0
НКНХ ао;60;20171124;100000;51.5;51.5;51;51;2;0
НКНХ ао;60;20171124;110000;51.9;52.6;51.9;52.4;496;0
НКНХ ао;60;20171124;130000;52.3;52.3;52;52;2;0
НКНХ ао;60;20171124;160000;51.2;51.2;51.2;51.2;5;0
НКНХ ао;60;20171124;170000;51.4;51.5;51.4;51.5;18;0
НКНХ ао;60;20171127;100000;51.7;52.4;51.6;52.4;37;0
НКНХ ао;60;20171127;110000;52.8;52.8;52.3;52.5;542;0
НКНХ ао;60;20171127;120000;52.5;52.5;52.3;52.3;23;0
НКНХ ао;60;20171127;130000;52.3;52.3;52.3;52.3;61;0
НКНХ ао;60;20171127;140000;52.3;52.4;52.3;52.4;3;0
НКНХ ао;60;20171127;150000;52.5;52.5;52.4;52.4;14;0
НКНХ ао;60;20171127;160000;52.5;52.5;52.5;52.5;100;0
НКНХ ао;60;20171127;170000;52.5;52.5;52.4;52.4;17;0
НКНХ ао;60;20171127;180000;52.3;52.4;52.3;52.4;27;0
НКНХ ао;60;20171128;100000;52.3;52.4;52.3;52.4;2;0
НКНХ ао;60;20171128;110000;52.6;52.6;52.6;52.6;4;0
НКНХ ао;60;20171128;120000;52.5;52.6;52.5;52.6;6;0
НКНХ ао;60;20171128;130000;52.4;52.4;52;52;39;0
НКНХ ао;60;20171128;140000;51.9;51.9;51.9;51.9;1;0
НКНХ ао;60;20171128;150000;51.9;52;51.9;52;394;0
НКНХ ао;60;20171128;170000;51.8;51.8;51.8;51.8;3;0
НКНХ ао;60;20171128;180000;51.8;51.8;51.4;51.4;19;0
НКНХ ао;60;20171129;100000;51.5;51.5;51;51;5;0
НКНХ ао;60;20171129;110000;50.9;50.9;49.8;50.4;69;0
НКНХ ао;60;20171129;120000;50.6;50.6;50.6;50.6;2;0
НКНХ ао;60;20171129;160000;50.6;50.6;50.4;50.4;6;0
НКНХ ао;60;20171129;170000;50.4;50.5;50.4;50.5;4;0
НКНХ ао;60;20171129;180000;50.5;50.5;50.4;50.5;18;0
НКНХ ао;60;20171130;090000;51;51;51;51;2;0
НКНХ ао;60;20171130;100000;49.8;50;49.5;50;42;0
НКНХ ао;60;20171130;110000;49.9;50.3;49.9;50.3;23;0
НКНХ ао;60;20171130;120000;50.9;50.9;50.9;50.9;1;0
НКНХ ао;60;20171130;130000;50.9;51;50.9;51;71;0
НКНХ ао;60;20171130;140000;51;51;50.3;50.3;21;0
НКНХ ао;60;20171130;150000;50.8;51;50.8;51;50;0
НКНХ ао;60;20171130;170000;50.9;50.9;50.5;50.5;6;0
НКНХ ао;60;20171130;180000;50.4;50.9;50.4;50.9;10;0
НКНХ ао;60;20171201;110000;50.1;50.1;50;50;2;0
НКНХ ао;60;20171201;130000;50.8;50.9;50.8;50.9;2;0
НКНХ ао;60;20171201;150000;50.4;50.6;49.9;50.6;21;0
НКНХ ао;60;20171201;160000;49.9;50.2;48.6;49;60;0
НКНХ ао;60;20171201;170000;49.1;50.5;49;50.2;85;0
НКНХ ао;60;20171201;180000;50;50.4;49.7;49.8;15;0
НКНХ ао;60;20171204;100000;49.2;49.9;48.2;49.6;186;0
НКНХ ао;60;20171204;110000;48.7;50.1;48.6;50.1;68;0
НКНХ ао;60;20171204;140000;50;50;50;50;1;0
НКНХ ао;60;20171204;150000;50.1;50.1;50.1;50.1;5;0
НКНХ ао;60;20171204;180000;50.1;50.1;50.1;50.1;1;0
НКНХ ао;60;20171205;140000;49.8;50.1;48.7;50.1;24;0
НКНХ ао;60;20171205;150000;49.9;49.9;49.9;49.9;2;0
НКНХ ао;60;20171205;160000;50;50;49.9;49.9;2;0
НКНХ ао;60;20171205;170000;50;50;50;50;1;0
НКНХ ао;60;20171205;180000;49.9;50;49.2;49.9;26;0
НКНХ ао;60;20171206;100000;49.5;49.9;49.5;49.9;2;0
НКНХ ао;60;20171206;110000;50.1;50.1;50.1;50.1;5;0
НКНХ ао;60;20171206;130000;49.9;50.1;49.9;50;12;0
НКНХ ао;60;20171206;150000;50.2;50.2;50.2;50.2;2;0
НКНХ ао;60;20171206;170000;50.1;51;50.1;51;42;0
НКНХ ао;60;20171206;180000;50.5;50.5;50.4;50.4;31;0
НКНХ ао;60;20171207;110000;50.4;50.4;50.4;50.4;20;0
НКНХ ао;60;20171207;130000;50.3;50.3;50.3;50.3;150;0
НКНХ ао;60;20171207;140000;50.4;50.4;50.4;50.4;4;0
НКНХ ао;60;20171207;150000;50.3;50.3;50.3;50.3;5;0
НКНХ ао;60;20171207;160000;50.4;50.4;50.3;50.3;50;0
НКНХ ао;60;20171207;180000;50.3;50.3;50.3;50.3;3;0
НКНХ ао;60;20171208;100000;49.9;50.4;49.9;50.4;53;0
НКНХ ао;60;20171208;110000;50.4;50.4;50.4;50.4;30;0
НКНХ ао;60;20171208;130000;50.4;50.4;50.4;50.4;1;0
НКНХ ао;60;20171208;140000;50.8;52;50.8;51.9;43;0
НКНХ ао;60;20171208;150000;52;52.2;51.2;51.2;79;0
НКНХ ао;60;20171208;160000;51.9;51.9;51.9;51.9;3;0
НКНХ ао;60;20171208;170000;51.4;51.4;51.4;51.4;30;0
НКНХ ао;60;20171208;180000;51.2;51.2;51;51;7;0
НКНХ ао;60;20171211;100000;50.9;51.3;50.7;51.2;5;0
НКНХ ао;60;20171211;110000;51.3;51.4;51.3;51.4;76;0
НКНХ ао;60;20171211;120000;51.7;51.7;51.3;51.3;11;0
НКНХ ао;60;20171211;130000;51.4;51.6;51.4;51.4;8;0
НКНХ ао;60;20171211;140000;51.3;51.8;51.3;51.8;3;0
НКНХ ао;60;20171211;150000;51.3;52.2;51.3;51.7;415;0
НКНХ ао;60;20171211;170000;51.7;51.7;51.7;51.7;2;0
НКНХ ао;60;20171211;180000;51.8;51.8;51.8;51.8;1;0
НКНХ ао;60;20171212;100000;51.5;51.5;51.5;51.5;1;0
НКНХ ао;60;20171212;120000;51.5;51.5;51.4;51.4;10;0
НКНХ ао;60;20171212;140000;51.4;51.4;51.4;51.4;1;0
НКНХ ао;60;20171212;150000;51.5;51.8;50.7;51.4;88;0
НКНХ ао;60;20171212;160000;51.6;52.1;51.6;52.1;40;0
НКНХ ао;60;20171212;180000;51.5;51.5;51.3;51.3;19;0
НКНХ ао;60;20171213;100000;51;51;50.8;51;4;0
НКНХ ао;60;20171213;120000;50.8;51;50.8;51;16;0
НКНХ ао;60;20171213;140000;50.9;51.1;50.9;51;36;0
НКНХ ао;60;20171213;150000;50.8;50.8;50.8;50.8;2;0
НКНХ ао;60;20171213;160000;50.7;51.2;50.4;51.2;118;0
НКНХ ао;60;20171213;170000;51.3;51.8;51;51;33;0
НКНХ ао;60;20171213;180000;51.2;51.2;51.2;51.2;1;0
НКНХ ао;60;20171214;140000;51.1;51.1;51;51;31;0
НКНХ ао;60;20171214;180000;51.1;51.1;51.1;51.1;1;0
НКНХ ао;60;20171215;110000;51.7;51.8;51.7;51.8;4;0
НКНХ ао;60;20171215;120000;52.2;52.2;52.2;52.2;1;0
НКНХ ао;60;20171215;150000;52;52.2;52;52.1;32;0
НКНХ ао;60;20171215;170000;52.1;52.1;52.1;52.1;5;0
НКНХ ао;60;20171218;110000;51.8;51.8;51.1;51.7;25;0
НКНХ ао;60;20171218;120000;51.6;51.6;51.3;51.3;7;0
НКНХ ао;60;20171218;170000;51.5;51.5;51.5;51.5;2;0
НКНХ ао;60;20171218;180000;51.6;51.6;51.6;51.6;6;0
НКНХ ао;60;20171219;130000;51.5;51.5;51.5;51.5;7;0
НКНХ ао;60;20171219;140000;51.5;51.5;51.5;51.5;3;0
НКНХ ао;60;20171219;170000;51.5;51.5;51.5;51.5;1;0
НКНХ ао;60;20171219;180000;51.5;51.5;51.5;51.5;15;0
НКНХ ао;60;20171220;110000;51.1;51.1;51;51;12;0
НКНХ ао;60;20171220;120000;51.5;52;51.5;51.8;39;0
НКНХ ао;60;20171220;140000;51.5;51.5;51.4;51.5;3;0
НКНХ ао;60;20171220;150000;51.9;52;51.6;51.6;10;0
НКНХ ао;60;20171220;160000;51.6;51.6;51.6;51.6;2;0
НКНХ ао;60;20171220;170000;51.6;51.6;51.6;51.6;3;0
НКНХ ао;60;20171220;180000;51.9;52;51.9;52;6;0
НКНХ ао;60;20171221;100000;52;52;52;52;50;0
НКНХ ао;60;20171221;110000;52.1;52.1;52;52;18;0
НКНХ ао;60;20171221;120000;52;52;51.7;51.7;18;0
НКНХ ао;60;20171221;130000;52.1;52.1;52.1;52.1;2;0
НКНХ ао;60;20171221;180000;51.4;51.9;51.3;51.9;12;0
НКНХ ао;60;20171222;150000;51.9;52.2;51.9;52.2;57;0
НКНХ ао;60;20171222;160000;52.4;53;52.1;52.2;181;0
НКНХ ао;60;20171222;180000;52.2;52.2;52.1;52.1;14;0
НКНХ ао;60;20171225;100000;52.5;54.4;52.5;53.9;12;0
НКНХ ао;60;20171225;110000;53.7;54;52.5;52.5;74;0
НКНХ ао;60;20171225;120000;53.2;53.2;52.6;52.8;11;0
НКНХ ао;60;20171225;130000;53.2;53.4;52.5;52.5;34;0
НКНХ ао;60;20171225;140000;52.6;52.6;51.4;52.4;48;0
НКНХ ао;60;20171225;150000;52.3;52.3;52.3;52.3;1;0
НКНХ ао;60;20171225;160000;52.3;52.3;52.3;52.3;2;0
НКНХ ао;60;20171225;180000;52.3;52.3;52.3;52.3;2;0
НКНХ ао;60;20171226;100000;51.6;52;51.5;51.5;7;0
НКНХ ао;60;20171226;110000;52;52;52;52;5;0
НКНХ ао;60;20171226;120000;51.9;52;51.9;52;4;0
НКНХ ао;60;20171226;130000;52;52.1;52;52;4;0
НКНХ ао;60;20171226;150000;52.3;52.3;51.5;51.5;23;0
НКНХ ао;60;20171226;160000;52;52.1;52;52.1;11;0
НКНХ ао;60;20171226;170000;52.1;52.1;52.1;52.1;2;0
НКНХ ао;60;20171226;180000;52.1;52.1;51.5;51.5;20;0
НКНХ ао;60;20171227;110000;52.4;52.4;52.4;52.4;1;0
НКНХ ао;60;20171227;120000;52.3;52.3;52.3;52.3;1;0
НКНХ ао;60;20171227;140000;52.8;53;52.8;53;15;0
НКНХ ао;60;20171227;150000;53;53;53;53;1;0
НКНХ ао;60;20171227;160000;53;53;53;53;4;0
НКНХ ао;60;20171227;170000;53.1;53.8;53.1;53.8;3;0
НКНХ ао;60;20171227;180000;53.2;53.2;53;53;5;0
НКНХ ао;60;20171228;100000;53.8;55.2;52.4;52.5;44;0
НКНХ ао;60;20171228;110000;52.5;52.5;52.5;52.5;2;0
НКНХ ао;60;20171228;120000;52.7;52.7;52.7;52.7;2;0
НКНХ ао;60;20171228;130000;52.7;52.7;51.9;51.9;42;0
НКНХ ао;60;20171228;140000;52.3;52.3;51.9;51.9;55;0
НКНХ ао;60;20171228;150000;51.9;52;51.9;51.9;29;0
НКНХ ао;60;20171228;160000;52.1;52.1;51.4;51.4;7;0
НКНХ ао;60;20171228;170000;51.6;51.6;51.5;51.5;7;0
НКНХ ао;60;20171229;090000;52;52;52;52;12;0
НКНХ ао;60;20171229;100000;52.7;52.8;51.2;52.2;92;0
НКНХ ао;60;20171229;110000;52.2;52.2;52.2;52.2;3;0
НКНХ ао;60;20171229;130000;52;52;52;52;1;0
НКНХ ао;60;20171229;140000;51.9;51.9;51.9;51.9;4;0
НКНХ ао;60;20171229;150000;51.7;52;51.7;51.8;12;0
НКНХ ао;60;20171229;160000;51.6;51.9;51.4;51.9;20;0
НКНХ ао;60;20171229;170000;52;52;51.5;51.5;11;0
НКНХ ао;60;20171229;180000;51.9;52;51.4;51.4;27;0
