<TICKER>;<PER>;<DATE>;<TIME>;<OPEN>;<HIGH>;<LOW>;<CLOSE>;<VOL>;<OPENINT>
НКХП ао;60;20170124;120000;217;217;211;211;1611;0
НКХП ао;60;20170124;130000;212;212;205;210;217;0
НКХП ао;60;20170124;140000;210;210;208;210;20;0
НКХП ао;60;20170124;160000;210;214;210;210;35;0
НКХП ао;60;20170124;170000;209;211;209;211;13;0
НКХП ао;60;20170124;180000;211;211;211;211;1;0
НКХП ао;60;20170125;100000;210;211;210;211;3;0
НКХП ао;60;20170125;110000;212;212;212;212;50;0
НКХП ао;60;20170125;130000;212;212;211;211;2;0
НКХП ао;60;20170125;170000;212;212;212;212;1;0
НКХП ао;60;20170126;100000;213;213;213;213;1;0
НКХП ао;60;20170126;110000;213;213;208;213;25;0
НКХП ао;60;20170126;120000;211;211;211;211;1;0
НКХП ао;60;20170126;140000;212;213;212;213;4;0
НКХП ао;60;20170126;160000;213;213;213;213;1;0
НКХП ао;60;20170126;170000;212;212;212;212;2;0
НКХП ао;60;20170126;180000;212;212;212;212;8;0
НКХП ао;60;20170127;100000;211;211;211;211;2;0
НКХП ао;60;20170127;120000;212;212;212;212;2;0
НКХП ао;60;20170127;150000;211;211;211;211;2;0
НКХП ао;60;20170127;160000;211;211;209;211;9;0
НКХП ао;60;20170127;170000;211;211;211;211;1;0
НКХП ао;60;20170130;110000;215;215;214;214;11;0
НКХП ао;60;20170130;120000;214;214;213;213;9;0
НКХП ао;60;20170130;140000;212;212;211;211;3;0
НКХП ао;60;20170130;150000;214;215;214;215;5;0
НКХП ао;60;20170130;180000;212;212;212;212;2;0
НКХП ао;60;20170131;120000;214;214;214;214;211;0
НКХП ао;60;20170131;140000;214;215;213;213;4;0
НКХП ао;60;20170131;150000;213;215;213;215;11;0
НКХП ао;60;20170131;160000;216;218;211;211;438;0
НКХП ао;60;20170131;170000;211;211;211;211;2;0
НКХП ао;60;20170131;180000;211;211;210;210;79;0
НКХП ао;60;20170201;100000;210;210;210;210;10;0
НКХП ао;60;20170201;110000;212;212;212;212;180;0
НКХП ао;60;20170201;120000;210;210;209;209;3;0
НКХП ао;60;20170201;140000;212;212;210;210;15;0
НКХП ао;60;20170201;160000;210;210;210;210;2;0
НКХП ао;60;20170201;180000;209;209;209;209;3;0
НКХП ао;60;20170202;100000;211;240;210;210;57;0
НКХП ао;60;20170202;110000;212;212;210;210;63;0
НКХП ао;60;20170202;130000;212;212;212;212;1;0
НКХП ао;60;20170202;150000;212;212;212;212;2;0
НКХП ао;60;20170202;160000;211;211;211;211;3;0
НКХП ао;60;20170202;180000;215;216;213;213;5;0
НКХП ао;60;20170203;100000;212;212;212;212;1;0
НКХП ао;60;20170203;110000;212;212;212;212;2;0
НКХП ао;60;20170203;120000;212;212;212;212;6;0
НКХП ао;60;20170203;140000;210;210;209;209;5;0
НКХП ао;60;20170203;150000;209;209;209;209;5;0
НКХП ао;60;20170203;180000;211;213;210;210;6;0
НКХП ао;60;20170206;110000;210;210;210;210;1;0
НКХП ао;60;20170206;170000;212;212;212;212;12;0
НКХП ао;60;20170206;180000;211;211;211;211;3;0
НКХП ао;60;20170207;110000;210;210;203;208;815;0
НКХП ао;60;20170207;120000;208;208;203;203;803;0
НКХП ао;60;20170207;130000;204;204;204;204;25;0
НКХП ао;60;20170207;140000;204;204;204;204;27;0
НКХП ао;60;20170207;150000;204;204;204;204;40;0
НКХП ао;60;20170207;160000;204;204;203;203;7;0
НКХП ао;60;20170207;170000;205;206;205;206;2;0
НКХП ао;60;20170207;180000;205;205;205;205;6;0
НКХП ао;60;20170208;110000;206;206;206;206;2;0
НКХП ао;60;20170208;130000;205;205;202;205;41;0
НКХП ао;60;20170208;140000;206;206;206;206;8;0
НКХП ао;60;20170208;150000;205;205;205;205;2;0
НКХП ао;60;20170209;100000;205;205;204;204;3;0
НКХП ао;60;20170209;110000;205;205;205;205;2;0
НКХП ао;60;20170209;150000;205;205;205;205;3;0
НКХП ао;60;20170209;160000;205;205;205;205;6;0
НКХП ао;60;20170209;170000;204;204;204;204;6;0
НКХП ао;60;20170209;180000;205;205;205;205;5;0
НКХП ао;60;20170210;100000;205;205;205;205;1;0
НКХП ао;60;20170210;110000;205;205;205;205;31;0
НКХП ао;60;20170210;170000;205;205;201;204;93;0
НКХП ао;60;20170210;180000;205;205;205;205;5;0
НКХП ао;60;20170213;100000;200;203;200;203;5;0
НКХП ао;60;20170213;110000;204;204;203;203;6;0
НКХП ао;60;20170213;120000;204;204;204;204;6;0
НКХП ао;60;20170213;130000;202;204;199;204;235;0
НКХП ао;60;20170213;140000;204;204;204;204;4;0
НКХП ао;60;20170214;100000;201;202;199;202;108;0
НКХП ао;60;20170214;110000;201;201;200;200;3;0
НКХП ао;60;20170214;130000;200;200;197;198;297;0
НКХП ао;60;20170214;150000;201;201;199;200;7;0
НКХП ао;60;20170214;160000;200;200;199;199;5;0
НКХП ао;60;20170214;170000;200;200;200;200;2;0
НКХП ао;60;20170214;180000;200;200;200;200;18;0
НКХП ао;60;20170215;100000;198;201;198;198;8;0
НКХП ао;60;20170215;120000;200;200;200;200;12;0
НКХП ао;60;20170215;140000;200;200;200;200;1;0
НКХП ао;60;20170215;160000;199;199;199;199;1;0
НКХП ао;60;20170215;180000;200;200;200;200;2;0
НКХП ао;60;20170216;090000;202;202;202;202;1;0
НКХП ао;60;20170216;100000;202;203;200;200;27;0
НКХП ао;60;20170216;110000;200;200;200;200;1;0
НКХП ао;60;20170216;120000;200;200;200;200;1;0
НКХП ао;60;20170216;130000;200;200;197;197;11;0
НКХП ао;60;20170216;140000;199;200;199;200;28;0
НКХП ао;60;20170217;120000;200;200;200;200;6;0
НКХП ао;60;20170217;130000;197;199;197;199;2;0
НКХП ао;60;20170217;140000;197;197;197;197;10;0
НКХП ао;60;20170217;160000;200;200;200;200;203;0
НКХП ао;60;20170220;100000;200;200;200;200;16;0
НКХП ао;60;20170220;110000;200;200;200;200;1;0
НКХП ао;60;20170220;120000;200;200;193;198;44;0
НКХП ао;60;20170220;130000;198;200;198;200;4;0
НКХП ао;60;20170220;180000;200;200;197;200;4;0
НКХП ао;60;20170221;110000;199;199;199;199;1;0
НКХП ао;60;20170221;120000;199;199;199;199;2;0
НКХП ао;60;20170221;140000;197;197;192;195;839;0
НКХП ао;60;20170221;150000;195;195;192;193;12;0
НКХП ао;60;20170221;160000;192;193;192;193;17;0
НКХП ао;60;20170221;170000;193;193;192;192;6;0
НКХП ао;60;20170221;180000;193;193;191;191;8;0
НКХП ао;60;20170222;100000;194;198;194;195;27;0
НКХП ао;60;20170222;150000;194;194;194;194;2;0
НКХП ао;60;20170222;160000;194;194;193;193;42;0
НКХП ао;60;20170222;170000;194;194;194;194;3;0
НКХП ао;60;20170222;180000;194;194;194;194;10;0
НКХП ао;60;20170224;100000;192;192;192;192;1;0
НКХП ао;60;20170224;110000;191;191;190;190;10;0
НКХП ао;60;20170224;120000;190;190;188;188;17;0
НКХП ао;60;20170224;140000;193;194;193;194;3;0
НКХП ао;60;20170224;150000;192;192;190;190;15;0
НКХП ао;60;20170224;160000;189;189;187;187;113;0
НКХП ао;60;20170224;180000;190;190;190;190;1;0
НКХП ао;60;20170227;090000;192;192;192;192;1;0
НКХП ао;60;20170227;100000;194;194;190;190;3;0
НКХП ао;60;20170227;110000;190;190;190;190;1;0
НКХП ао;60;20170227;120000;192;192;192;192;5;0
НКХП ао;60;20170227;130000;193;194;191;191;5;0
НКХП ао;60;20170227;140000;191;191;190;190;32;0
НКХП ао;60;20170227;170000;190;190;190;190;30;0
НКХП ао;60;20170227;180000;189;189;189;189;2;0
НКХП ао;60;20170228;100000;187;187;183;183;21;0
НКХП ао;60;20170228;110000;183;188;182;187;13;0
НКХП ао;60;20170228;120000;183;187;182;187;7;0
НКХП ао;60;20170228;130000;187;189;187;189;11;0
НКХП ао;60;20170228;180000;186;186;182;182;11;0
НКХП ао;60;20170301;120000;186;186;186;186;1;0
НКХП ао;60;20170301;150000;188;189;188;189;3;0
НКХП ао;60;20170301;160000;188;189;187;187;115;0
НКХП ао;60;20170301;170000;188;189;188;189;5;0
НКХП ао;60;20170301;180000;190;191;190;191;2;0
НКХП ао;60;20170302;100000;191;191;182;188;9;0
НКХП ао;60;20170302;110000;189;189;189;189;26;0
НКХП ао;60;20170302;120000;189;189;189;189;1;0
НКХП ао;60;20170302;130000;188;188;182;185;28;0
НКХП ао;60;20170302;140000;185;185;185;185;1;0
НКХП ао;60;20170302;150000;185;185;185;185;1;0
НКХП ао;60;20170302;170000;184;184;184;184;2;0
НКХП ао;60;20170302;180000;185;186;185;186;3;0
НКХП ао;60;20170303;120000;185;185;185;185;1;0
НКХП ао;60;20170303;140000;185;185;181;181;6;0
НКХП ао;60;20170303;150000;185;187;185;187;3;0
НКХП ао;60;20170303;160000;183;185;182;185;4;0
НКХП ао;60;20170306;110000;186;187;186;187;2;0
НКХП ао;60;20170307;100000;188;188;188;188;1;0
НКХП ао;60;20170307;110000;188;188;182;185;7;0
НКХП ао;60;20170307;120000;184;185;184;185;3;0
НКХП ао;60;20170307;130000;183;183;182;182;3;0
НКХП ао;60;20170307;140000;182;184;181;183;11;0
НКХП ао;60;20170307;170000;181;181;180;180;31;0
НКХП ао;60;20170307;180000;181;181;181;181;25;0
НКХП ао;60;20170309;100000;183;185;183;185;3;0
НКХП ао;60;20170309;110000;182;184;177;178;16;0
НКХП ао;60;20170309;120000;180;180;180;180;1;0
НКХП ао;60;20170309;140000;177;177;177;177;9;0
НКХП ао;60;20170309;150000;179;179;179;179;1;0
НКХП ао;60;20170309;170000;177;177;175;175;27;0
НКХП ао;60;20170309;180000;176;176;176;176;1;0
НКХП ао;60;20170310;100000;177;177;170;177;96;0
НКХП ао;60;20170310;110000;175;175;175;175;1;0
НКХП ао;60;20170310;120000;176;176;171;171;4;0
НКХП ао;60;20170310;130000;176;177;176;177;5;0
НКХП ао;60;20170310;140000;177;177;177;177;6;0
НКХП ао;60;20170310;170000;176;176;176;176;1;0
НКХП ао;60;20170313;100000;176;176;176;176;1;0
НКХП ао;60;20170313;120000;176;176;176;176;2;0
НКХП ао;60;20170313;130000;176;177;176;177;2;0
НКХП ао;60;20170313;150000;177;177;177;177;1;0
НКХП ао;60;20170313;180000;175;175;175;175;2;0
НКХП ао;60;20170314;100000;177;177;175;175;3;0
НКХП ао;60;20170314;140000;175;175;175;175;10;0
НКХП ао;60;20170314;180000;175;175;175;175;10;0
НКХП ао;60;20170315;130000;177;177;175;175;17;0
НКХП ао;60;20170315;140000;175;175;175;175;10;0
НКХП ао;60;20170316;100000;175;175;175;175;13;0
НКХП ао;60;20170316;120000;175;175;173;173;4;0
НКХП ао;60;20170316;130000;175;175;175;175;3;0
НКХП ао;60;20170316;140000;175;175;175;175;3;0
НКХП ао;60;20170316;160000;175;175;173;173;3;0
НКХП ао;60;20170316;170000;175;177;175;177;230;0
НКХП ао;60;20170316;180000;178;178;178;178;4;0
НКХП ао;60;20170317;100000;179;185;178;179;28;0
НКХП ао;60;20170317;110000;178;178;178;178;1;0
НКХП ао;60;20170317;130000;177;178;175;176;8;0
НКХП ао;60;20170317;160000;177;177;175;176;16;0
НКХП ао;60;20170320;100000;175;175;175;175;2;0
НКХП ао;60;20170320;110000;175;177;175;175;15;0
НКХП ао;60;20170320;120000;174;174;174;174;1;0
НКХП ао;60;20170320;130000;174;175;174;175;5;0
НКХП ао;60;20170320;160000;175;175;175;175;2;0
НКХП ао;60;20170320;180000;175;175;175;175;5;0
НКХП ао;60;20170321;100000;174;174;174;174;1;0
НКХП ао;60;20170321;110000;175;175;175;175;1;0
НКХП ао;60;20170321;120000;174;175;174;175;26;0
НКХП ао;60;20170321;150000;175;175;175;175;5;0
НКХП ао;60;20170321;160000;174;175;174;175;4;0
НКХП ао;60;20170321;170000;175;175;174;174;4;0
НКХП ао;60;20170322;100000;174;174;174;174;2;0
НКХП ао;60;20170322;110000;174;174;174;174;4;0
НКХП ао;60;20170322;140000;173;173;172;172;2;0
НКХП ао;60;20170322;170000;173;174;173;174;2;0
НКХП ао;60;20170322;180000;174;174;174;174;9;0
НКХП ао;60;20170323;100000;175;175;175;175;1;0
НКХП ао;60;20170323;130000;175;175;175;175;3;0
НКХП ао;60;20170324;160000;174;174;170;173;22;0
НКХП ао;60;20170324;170000;173;173;173;173;3;0
НКХП ао;60;20170327;100000;174;175;174;175;97;0
НКХП ао;60;20170327;110000;173;173;173;173;1;0
НКХП ао;60;20170327;130000;174;175;174;175;8;0
НКХП ао;60;20170327;150000;174;174;174;174;1;0
НКХП ао;60;20170327;180000;175;175;175;175;5;0
НКХП ао;60;20170328;110000;172;172;172;172;1;0
НКХП ао;60;20170328;150000;173;173;173;173;1;0
НКХП ао;60;20170328;170000;173;173;173;173;1;0
НКХП ао;60;20170329;100000;175;186;172;172;442;0
НКХП ао;60;20170329;110000;175;175;169;169;202;0
НКХП ао;60;20170329;120000;171;172;171;172;3;0
НКХП ао;60;20170330;130000;172;173;172;173;3;0
НКХП ао;60;20170330;140000;173;173;173;173;1;0
НКХП ао;60;20170331;100000;169;169;169;169;9;0
НКХП ао;60;20170331;180000;170;170;170;170;1;0
НКХП ао;60;20170403;100000;168;168;168;168;1;0
НКХП ао;60;20170403;110000;171;171;171;171;1;0
НКХП ао;60;20170403;140000;172;172;172;172;11;0
НКХП ао;60;20170403;180000;170;170;170;170;1;0
НКХП ао;60;20170404;100000;175;175;175;175;1;0
НКХП ао;60;20170405;100000;175;175;174;174;2;0
НКХП ао;60;20170405;110000;173;173;172;172;4;0
НКХП ао;60;20170405;130000;174;174;174;174;1;0
НКХП ао;60;20170405;160000;174;174;174;174;1;0
НКХП ао;60;20170406;100000;174;174;173;174;128;0
НКХП ао;60;20170406;110000;175;176;175;175;1303;0
НКХП ао;60;20170406;120000;175;175;175;175;242;0
НКХП ао;60;20170406;150000;175;175;175;175;5;0
НКХП ао;60;20170406;170000;175;176;175;176;91;0
НКХП ао;60;20170406;180000;176;176;176;176;148;0
НКХП ао;60;20170407;100000;172;175;172;175;38;0
НКХП ао;60;20170407;110000;175;175;175;175;1;0
НКХП ао;60;20170407;120000;175;175;175;175;2;0
НКХП ао;60;20170407;140000;173;173;173;173;1;0
НКХП ао;60;20170407;150000;172;173;171;173;31;0
НКХП ао;60;20170407;170000;173;175;173;175;42;0
НКХП ао;60;20170407;180000;175;175;175;175;5;0
НКХП ао;60;20170410;110000;171;171;170;170;61;0
НКХП ао;60;20170410;120000;173;174;173;174;6;0
НКХП ао;60;20170411;100000;173;174;173;174;184;0
НКХП ао;60;20170411;110000;171;171;171;171;1;0
НКХП ао;60;20170412;110000;173;174;173;174;2;0
НКХП ао;60;20170412;130000;170;170;170;170;2;0
НКХП ао;60;20170412;140000;169;169;168;168;2;0
НКХП ао;60;20170412;180000;171;171;171;171;1;0
НКХП ао;60;20170413;180000;171;174;169;169;10;0
НКХП ао;60;20170414;120000;172;172;172;172;1;0
НКХП ао;60;20170414;150000;171;171;171;171;1;0
НКХП ао;60;20170414;160000;169;169;169;169;4;0
НКХП ао;60;20170414;170000;171;171;171;171;1;0
НКХП ао;60;20170414;180000;168;168;168;168;6;0
НКХП ао;60;20170417;110000;168;168;168;168;1;0
НКХП ао;60;20170417;130000;168;168;168;168;1;0
НКХП ао;60;20170417;140000;168;170;168;170;46;0
НКХП ао;60;20170419;120000;170;170;170;170;1;0
НКХП ао;60;20170420;100000;172;172;168;168;12;0
НКХП ао;60;20170420;110000;168;168;168;168;1;0
НКХП ао;60;20170420;160000;170;170;170;170;2;0
НКХП ао;60;20170420;180000;170;172;168;172;51;0
НКХП ао;60;20170421;100000;174;195;166;174;104;0
НКХП ао;60;20170421;120000;174;174;174;174;1;0
НКХП ао;60;20170421;140000;171;171;171;171;1;0
НКХП ао;60;20170421;180000;173;173;173;173;10;0
НКХП ао;60;20170424;100000;178;181;175;175;124;0
НКХП ао;60;20170424;110000;175;177;175;177;22;0
НКХП ао;60;20170424;120000;177;177;177;177;28;0
НКХП ао;60;20170424;130000;177;177;177;177;197;0
НКХП ао;60;20170424;140000;177;177;177;177;3;0
НКХП ао;60;20170424;160000;175;175;173;173;15;0
НКХП ао;60;20170424;170000;176;177;175;175;205;0
НКХП ао;60;20170424;180000;178;181;178;181;20;0
НКХП ао;60;20170425;100000;173;185;150;185;42;0
НКХП ао;60;20170425;110000;181;181;181;181;14;0
НКХП ао;60;20170425;120000;180;180;180;180;1;0
НКХП ао;60;20170425;130000;180;180;180;180;2;0
НКХП ао;60;20170425;150000;180;180;180;180;1;0
НКХП ао;60;20170425;170000;181;181;181;181;8;0
НКХП ао;60;20170425;180000;181;185;181;185;244;0
НКХП ао;60;20170426;100000;185;190;184;184;33;0
НКХП ао;60;20170426;120000;184;184;184;184;560;0
НКХП ао;60;20170426;130000;182;182;182;182;1;0
НКХП ао;60;20170426;140000;181;181;179;181;198;0
НКХП ао;60;20170426;160000;179;179;177;177;5;0
НКХП ао;60;20170426;170000;180;182;180;182;2;0
НКХП ао;60;20170426;180000;177;177;171;174;11;0
НКХП ао;60;20170427;100000;172;175;172;175;6;0
НКХП ао;60;20170427;110000;179;180;179;180;4;0
НКХП ао;60;20170427;120000;177;177;177;177;1;0
НКХП ао;60;20170427;180000;174;176;174;176;2;0
НКХП ао;60;20170428;150000;178;178;178;178;5;0
НКХП ао;60;20170428;170000;176;176;176;176;1;0
НКХП ао;60;20170428;180000;174;174;174;174;2;0
НКХП ао;60;20170502;100000;179.5;186.5;179;179;7;0
НКХП ао;60;20170502;110000;178;178;178;178;415;0
НКХП ао;60;20170502;120000;178;178;178;178;17;0
НКХП ао;60;20170502;130000;178;178;178;178;3;0
НКХП ао;60;20170502;160000;178;178;178;178;10;0
НКХП ао;60;20170502;180000;178;178;178;178;48;0
НКХП ао;60;20170503;100000;179;185;179;185;280;0
НКХП ао;60;20170503;110000;178.5;178.5;178.5;178.5;1;0
НКХП ао;60;20170503;160000;178;178.5;178;178;11;0
НКХП ао;60;20170503;170000;178;178;178;178;1;0
НКХП ао;60;20170503;180000;178;178;178;178;2;0
НКХП ао;60;20170504;100000;176;179;176;179;13;0
НКХП ао;60;20170504;110000;178;186.5;178;183;1274;0
НКХП ао;60;20170504;120000;185.5;186;185.5;186;217;0
НКХП ао;60;20170504;130000;183.5;183.5;183;183;103;0
НКХП ао;60;20170504;140000;183;183;183;183;3;0
НКХП ао;60;20170504;150000;183;183;183;183;4;0
НКХП ао;60;20170504;160000;184.5;184.5;184.5;184.5;1;0
НКХП ао;60;20170504;170000;185;185.5;185;185.5;3;0
НКХП ао;60;20170504;180000;183;183;183;183;8;0
НКХП ао;60;20170505;100000;184;184;184;184;205;0
НКХП ао;60;20170505;110000;183.5;184;183.5;184;15;0
НКХП ао;60;20170505;140000;183;184;183;184;6;0
НКХП ао;60;20170505;170000;183.5;184;183.5;184;15;0
НКХП ао;60;20170505;180000;183.5;184;183.5;183.5;34;0
НКХП ао;60;20170510;110000;185.5;188;185.5;188;170;0
НКХП ао;60;20170510;120000;186;186;183;185.5;87;0
НКХП ао;60;20170511;100000;189;191.5;186.5;186.5;1626;0
НКХП ао;60;20170511;110000;190;193;190;193;5;0
НКХП ао;60;20170511;120000;192.5;193;192.5;193;4;0
НКХП ао;60;20170511;150000;192.5;192.5;192.5;192.5;6;0
НКХП ао;60;20170511;170000;192.5;193;192.5;193;28;0
НКХП ао;60;20170512;100000;189.5;192.5;189.5;192.5;1219;0
НКХП ао;60;20170512;110000;192.5;192.5;192.5;192.5;400;0
НКХП ао;60;20170512;130000;192.5;192.5;192.5;192.5;1;0
НКХП ао;60;20170512;150000;192;192;192;192;10;0
НКХП ао;60;20170512;160000;192;195;192;195;28;0
НКХП ао;60;20170512;170000;195;195;195;195;2;0
НКХП ао;60;20170512;180000;192.5;192.5;192.5;192.5;1;0
НКХП ао;60;20170515;100000;190;192.5;190;192.5;801;0
НКХП ао;60;20170515;110000;194;195.5;194;195.5;16;0
НКХП ао;60;20170515;130000;195.5;199.5;191;199.5;607;0
НКХП ао;60;20170515;150000;198.5;201;198.5;200;9;0
НКХП ао;60;20170515;160000;201;207;201;207;21;0
НКХП ао;60;20170515;170000;205.5;205.5;203;203.5;162;0
НКХП ао;60;20170515;180000;203.5;203.5;203.5;203.5;2;0
НКХП ао;60;20170516;100000;189;204.5;185;195.5;19;0
НКХП ао;60;20170516;140000;201;201;201;201;1;0
НКХП ао;60;20170517;140000;199.5;203;199.5;203;107;0
НКХП ао;60;20170517;180000;203.5;204;201;201;4;0
НКХП ао;60;20170518;100000;203;209;203;209;12;0
НКХП ао;60;20170518;110000;206;206;205.5;205.5;4;0
НКХП ао;60;20170518;120000;205;205.5;205;205.5;100;0
НКХП ао;60;20170518;130000;205.5;205.5;205;205;10;0
НКХП ао;60;20170518;140000;205;205;202;202;613;0
НКХП ао;60;20170518;160000;204.5;204.5;204.5;204.5;1;0
НКХП ао;60;20170518;170000;203.5;203.5;203;203;412;0
НКХП ао;60;20170518;180000;204;205;203;203;26;0
НКХП ао;60;20170519;110000;206;206.5;200.5;200.5;31;0
НКХП ао;60;20170519;150000;200;200;197.5;197.5;39;0
НКХП ао;60;20170519;160000;200;200;200;200;1;0
НКХП ао;60;20170522;110000;197.5;197.5;197.5;197.5;5;0
НКХП ао;60;20170523;140000;197;197;196.5;196.5;30;0
НКХП ао;60;20170523;150000;196.5;196.5;196.5;196.5;1;0
НКХП ао;60;20170523;180000;200.5;200.5;200.5;200.5;1;0
НКХП ао;60;20170524;100000;197;197;197;197;2;0
НКХП ао;60;20170524;110000;199.5;205.5;199.5;205.5;408;0
НКХП ао;60;20170524;120000;205;207.5;205;207;412;0
НКХП ао;60;20170524;160000;203;203;203;203;21;0
НКХП ао;60;20170525;130000;202.5;202.5;202;202;5;0
НКХП ао;60;20170525;180000;205.5;205.5;205.5;205.5;1;0
НКХП ао;60;20170526;100000;200.5;200.5;199.5;199.5;6;0
НКХП ао;60;20170526;110000;205;205.5;205;205.5;2;0
НКХП ао;60;20170526;140000;202.5;202.5;202.5;202.5;1;0
НКХП ао;60;20170526;150000;202.5;202.5;202.5;202.5;1;0
НКХП ао;60;20170526;180000;205.5;205.5;205.5;205.5;3;0
НКХП ао;60;20170529;100000;207.5;207.5;207.5;207.5;3;0
НКХП ао;60;20170529;120000;200;200;199.5;199.5;116;0
НКХП ао;60;20170529;130000;199.5;204.5;199;204.5;11;0
НКХП ао;60;20170530;100000;201;201;201;201;20;0
НКХП ао;60;20170530;110000;197;199.5;196;199.5;603;0
НКХП ао;60;20170530;150000;193.5;195.5;190;195.5;17;0
НКХП ао;60;20170530;170000;196;196;196;196;1;0
НКХП ао;60;20170530;180000;196;196;188;189;17;0
НКХП ао;60;20170531;100000;199.5;204;190.5;190.5;408;0
НКХП ао;60;20170531;110000;190;191;190;191;100;0
НКХП ао;60;20170531;150000;186;186;186;186;1;0
НКХП ао;60;20170531;180000;185.5;189.5;185.5;189.5;3;0
НКХП ао;60;20170601;090000;171;171;171;171;1;0
НКХП ао;60;20170601;100000;153;187;153;187;134;0
НКХП ао;60;20170601;120000;185;185;180;180;30;0
НКХП ао;60;20170601;130000;182.5;182.5;182.5;182.5;1;0
НКХП ао;60;20170601;150000;182.5;182.5;180;180;81;0
НКХП ао;60;20170601;160000;182.5;182.5;180;180;6;0
НКХП ао;60;20170601;170000;180;180;180;180;201;0
НКХП ао;60;20170602;100000;176.5;177;173;173;204;0
НКХП ао;60;20170602;110000;175;175;173;173;25;0
НКХП ао;60;20170602;120000;176.5;176.5;176.5;176.5;1;0
НКХП ао;60;20170602;140000;177;177;177;177;1;0
НКХП ао;60;20170602;150000;177;177;177;177;10;0
НКХП ао;60;20170602;160000;177;177;177;177;5;0
НКХП ао;60;20170605;100000;169.5;177;169;177;617;0
НКХП ао;60;20170605;110000;175;175;175;175;5;0
НКХП ао;60;20170605;120000;175;175;175;175;1;0
НКХП ао;60;20170605;160000;177.5;181.5;177.5;181.5;601;0
НКХП ао;60;20170605;170000;178.5;178.5;176.5;176.5;4;0
НКХП ао;60;20170605;180000;180;185;180;185;61;0
НКХП ао;60;20170606;100000;174;180;172;180;204;0
НКХП ао;60;20170606;120000;181.5;183;180;180;602;0
НКХП ао;60;20170606;130000;186;189.5;186;189.5;200;0
НКХП ао;60;20170606;160000;186;186;183.5;183.5;1000;0
НКХП ао;60;20170606;170000;184.5;184.5;184.5;184.5;20;0
НКХП ао;60;20170607;130000;184;184;184;184;1;0
НКХП ао;60;20170607;140000;184.5;184.5;184.5;184.5;1;0
НКХП ао;60;20170607;170000;181.5;181.5;181.5;181.5;1;0
НКХП ао;60;20170607;180000;184;186;184;186;9;0
НКХП ао;60;20170608;120000;184;184;184;184;1;0
НКХП ао;60;20170608;140000;181;181;180;180;406;0
НКХП ао;60;20170608;170000;180;180;179.5;180;23;0
НКХП ао;60;20170609;130000;175.5;175.5;175.5;175.5;1;0
НКХП ао;60;20170609;140000;179.5;180;173;180;626;0
НКХП ао;60;20170609;150000;182;182;178.5;178.5;5;0
НКХП ао;60;20170613;100000;175.5;175.5;175.5;175.5;2;0
НКХП ао;60;20170613;110000;175.5;175.5;173;173;77;0
НКХП ао;60;20170613;120000;172.5;175;172;175;27;0
НКХП ао;60;20170613;130000;177.5;177.5;177.5;177.5;1;0
НКХП ао;60;20170613;160000;175.5;175.5;175;175;2;0
НКХП ао;60;20170613;180000;175;175;175;175;9;0
НКХП ао;60;20170614;110000;177.5;178;177.5;177.5;3;0
НКХП ао;60;20170614;120000;175.5;175.5;175.5;175.5;2;0
НКХП ао;60;20170614;130000;175;176.5;175;175;4;0
НКХП ао;60;20170614;140000;177.5;178;177.5;178;14;0
НКХП ао;60;20170614;150000;179;181;179;181;736;0
НКХП ао;60;20170614;180000;176.5;176.5;176.5;176.5;2;0
НКХП ао;60;20170615;150000;174;174;173;173;8;0
НКХП ао;60;20170616;100000;172;172;172;172;1;0
НКХП ао;60;20170616;110000;172;172;171.5;171.5;5;0
НКХП ао;60;20170616;130000;175.5;176;175.5;176;3;0
НКХП ао;60;20170616;140000;176.5;178;176.5;178;23;0
НКХП ао;60;20170616;150000;178;185;178;185;552;0
НКХП ао;60;20170616;160000;180;180;180;180;1;0
НКХП ао;60;20170619;100000;176;176;176;176;4;0
НКХП ао;60;20170619;110000;175.5;175.5;174.5;174.5;20;0
НКХП ао;60;20170619;150000;177.5;181;177.5;181;102;0
НКХП ао;60;20170619;160000;181;181;181;181;1;0
НКХП ао;60;20170619;170000;178;178;178;178;2;0
НКХП ао;60;20170620;100000;180.5;187;179;179;520;0
НКХП ао;60;20170620;110000;180;180;180;180;1;0
НКХП ао;60;20170620;120000;181.5;181.5;180;180;5;0
НКХП ао;60;20170620;130000;181.5;185;180;185;703;0
НКХП ао;60;20170621;110000;180;180;180;180;100;0
НКХП ао;60;20170622;110000;184;184.5;184;184.5;5;0
НКХП ао;60;20170626;120000;180.5;180.5;180.5;180.5;1;0
НКХП ао;60;20170626;130000;179;179;179;179;2;0
НКХП ао;60;20170626;180000;179;179;179;179;1;0
НКХП ао;60;20170627;100000;189.5;189.5;176;184;406;0
НКХП ао;60;20170627;110000;182.5;182.5;178.5;178.5;2;0
НКХП ао;60;20170627;130000;179.5;179.5;179.5;179.5;1;0
НКХП ао;60;20170627;180000;183;183.5;183;183.5;5;0
НКХП ао;60;20170629;100000;180;180;172.5;172.5;723;0
НКХП ао;60;20170629;110000;172;172.5;166;166;1649;0
НКХП ао;60;20170629;120000;167;167;160.5;164.5;1491;0
НКХП ао;60;20170629;130000;162;166;161;165.5;189;0
НКХП ао;60;20170629;140000;165.5;166;165.5;166;2;0
НКХП ао;60;20170629;150000;167;168;167;168;12;0
НКХП ао;60;20170629;170000;168;169;168;169;6;0
НКХП ао;60;20170629;180000;169.5;169.5;169;169;16;0
НКХП ао;60;20170630;110000;169.5;170;168;168;18;0
НКХП ао;60;20170630;120000;168;168;168;168;2;0
НКХП ао;60;20170630;150000;169;170;169;170;20;0
НКХП ао;60;20170630;180000;169;169.5;165.5;169.5;7;0
НКХП ао;60;20170703;100000;170;170;165.5;168;122;0
НКХП ао;60;20170703;110000;168;168;168;168;3;0
НКХП ао;60;20170703;150000;166.5;166.5;166.5;166.5;2;0
НКХП ао;60;20170703;170000;167.5;169;167.5;169;3;0
НКХП ао;60;20170703;180000;169.5;170;169.5;170;2;0
НКХП ао;60;20170704;100000;170;170;170;170;20;0
НКХП ао;60;20170704;140000;166.5;166.5;165;165;18;0
НКХП ао;60;20170704;150000;167;167.5;167;167.5;2;0
НКХП ао;60;20170704;160000;169.5;169.5;169.5;169.5;2;0
НКХП ао;60;20170704;170000;167.5;167.5;167.5;167.5;1;0
НКХП ао;60;20170705;100000;171.5;171.5;171.5;171.5;155;0
НКХП ао;60;20170705;110000;171.5;171.5;171.5;171.5;3;0
НКХП ао;60;20170705;120000;172;172;172;172;1;0
НКХП ао;60;20170705;140000;171.5;171.5;171.5;171.5;1;0
НКХП ао;60;20170705;160000;170;176;170;176;313;0
НКХП ао;60;20170705;170000;177;178;174.5;174.5;6;0
НКХП ао;60;20170705;180000;174.5;174.5;174.5;174.5;1;0
НКХП ао;60;20170706;170000;176;176;176;176;1;0
НКХП ао;60;20170707;100000;175;175;175;175;2;0
НКХП ао;60;20170707;110000;174.5;175;174.5;175;23;0
НКХП ао;60;20170707;130000;174;174.5;174;174.5;4;0
НКХП ао;60;20170707;150000;174;174;174;174;1;0
НКХП ао;60;20170707;170000;173.5;173.5;173.5;173.5;23;0
НКХП ао;60;20170707;180000;174;174;174;174;6;0
НКХП ао;60;20170710;100000;174;174;174;174;1;0
НКХП ао;60;20170710;120000;174;174;174;174;1;0
НКХП ао;60;20170710;130000;170.5;170.5;169.5;169.5;4;0
НКХП ао;60;20170711;120000;172;174;172;174;4;0
НКХП ао;60;20170711;170000;172;172.5;170.5;170.5;33;0
НКХП ао;60;20170712;120000;173;173;173;173;3;0
НКХП ао;60;20170712;140000;173;173;173;173;3;0
НКХП ао;60;20170712;160000;171;171;171;171;1;0
НКХП ао;60;20170712;170000;173;173;173;173;2;0
НКХП ао;60;20170713;110000;169.5;169.5;167.5;167.5;14;0
НКХП ао;60;20170713;130000;171;174;167.5;174;604;0
НКХП ао;60;20170713;140000;174;174;174;174;1;0
НКХП ао;60;20170713;150000;170;170;170;170;1;0
НКХП ао;60;20170713;160000;170.5;173.5;170.5;173.5;2;0
НКХП ао;60;20170713;170000;174.5;174.5;174.5;174.5;1;0
НКХП ао;60;20170714;110000;170.5;170.5;167.5;167.5;5;0
НКХП ао;60;20170714;120000;172.5;174.5;172.5;174.5;5;0
НКХП ао;60;20170714;180000;172;172;172;172;1;0
НКХП ао;60;20170717;150000;173.5;173.5;173.5;173.5;1;0
НКХП ао;60;20170717;160000;174;174;174;174;7;0
НКХП ао;60;20170717;170000;175;175;175;175;3;0
НКХП ао;60;20170718;140000;175;179;171;175;817;0
НКХП ао;60;20170718;150000;172;172;171;171;785;0
НКХП ао;60;20170718;170000;170;170;168;168;53;0
НКХП ао;60;20170719;100000;167.5;167.5;167.5;167.5;3;0
НКХП ао;60;20170719;170000;173.5;173.5;173.5;173.5;1;0
НКХП ао;60;20170720;110000;171.5;171.5;169.5;169.5;60;0
НКХП ао;60;20170720;130000;170;170;169.5;169.5;7;0
НКХП ао;60;20170720;140000;174;174.5;173.5;173.5;16;0
НКХП ао;60;20170720;160000;174;174;174;174;1;0
НКХП ао;60;20170720;180000;174;174;174;174;1;0
НКХП ао;60;20170721;100000;175;175;175;175;170;0
НКХП ао;60;20170721;110000;171.5;171.5;170;170;35;0
НКХП ао;60;20170721;150000;174;174;174;174;1;0
НКХП ао;60;20170721;170000;174;174;174;174;1;0
НКХП ао;60;20170724;100000;175;177;175;177;33;0
НКХП ао;60;20170724;110000;175;176.5;175;176.5;5;0
НКХП ао;60;20170724;130000;175.5;176.5;175;176.5;81;0
НКХП ао;60;20170725;110000;177;177;177;177;10;0
НКХП ао;60;20170725;120000;174;174;174;174;1;0
НКХП ао;60;20170725;130000;175;175;175;175;1;0
НКХП ао;60;20170725;140000;176;176;176;176;2;0
НКХП ао;60;20170725;150000;176.5;176.5;176.5;176.5;5;0
НКХП ао;60;20170725;160000;175.5;175.5;174;174;23;0
НКХП ао;60;20170726;120000;175;176;175;176;10;0
НКХП ао;60;20170726;130000;176;176;176;176;2;0
НКХП ао;60;20170726;140000;176;176;175;176;190;0
НКХП ао;60;20170726;150000;175.5;176.5;175;176.5;142;0
НКХП ао;60;20170726;160000;176;176;176;176;21;0
НКХП ао;60;20170726;170000;176;177;176;176.5;65;0
НКХП ао;60;20170726;180000;177;177;176;177;21;0
НКХП ао;60;20170727;100000;177.5;178;177.5;178;401;0
НКХП ао;60;20170727;110000;178.5;181;178.5;180.5;272;0
НКХП ао;60;20170727;130000;180;180;180;180;18;0
НКХП ао;60;20170727;140000;180;180;180;180;15;0
НКХП ао;60;20170727;150000;180;180;180;180;102;0
НКХП ао;60;20170727;160000;180;180;180;180;4;0
НКХП ао;60;20170727;170000;180;180;180;180;44;0
НКХП ао;60;20170727;180000;180;180;180;180;43;0
НКХП ао;60;20170728;100000;181;181;180;180;15;0
НКХП ао;60;20170728;110000;179;180;179;179;178;0
НКХП ао;60;20170728;120000;178;178;178;178;12;0
НКХП ао;60;20170728;130000;177.5;177.5;174.5;174.5;73;0
НКХП ао;60;20170728;140000;174.5;177;172;177;594;0
НКХП ао;60;20170728;150000;176.5;176.5;176.5;176.5;1;0
НКХП ао;60;20170728;160000;176.5;176.5;176.5;176.5;7;0
НКХП ао;60;20170728;170000;176.5;176.5;173.5;173.5;25;0
НКХП ао;60;20170728;180000;176.5;176.5;176.5;176.5;10;0
НКХП ао;60;20170731;100000;176;176;175.5;175.5;4;0
НКХП ао;60;20170731;110000;177;177;177;177;30;0
НКХП ао;60;20170731;120000;177.5;177.5;177.5;177.5;9;0
НКХП ао;60;20170731;150000;177;177;176.5;177;3;0
НКХП ао;60;20170731;160000;177;177;177;177;5;0
НКХП ао;60;20170731;170000;177;178.5;177;178;34;0
НКХП ао;60;20170731;180000;182.5;183.5;181.5;181.5;22;0
НКХП ао;60;20170801;100000;179.5;180;179.5;180;75;0
НКХП ао;60;20170801;110000;180;180;179;179.5;26;0
НКХП ао;60;20170801;120000;179;179;177.5;177.5;10;0
НКХП ао;60;20170801;130000;180;180;179.5;180;5;0
НКХП ао;60;20170801;140000;179;180;177.5;180;40;0
НКХП ао;60;20170801;150000;180;180;180;180;9;0
НКХП ао;60;20170801;160000;180;180;180;180;6;0
НКХП ао;60;20170801;170000;180;180.5;180;180.5;40;0
НКХП ао;60;20170801;180000;180.5;181.5;180.5;181.5;2;0
НКХП ао;60;20170802;100000;181;182;181;182;11;0
НКХП ао;60;20170802;110000;182;182;182;182;25;0
НКХП ао;60;20170802;130000;181;181;181;181;1;0
НКХП ао;60;20170802;140000;180;180;180;180;1;0
НКХП ао;60;20170802;150000;180;180;169.5;174;4313;0
НКХП ао;60;20170802;160000;175;179;174;176.5;928;0
НКХП ао;60;20170802;170000;177;177;175;177;128;0
НКХП ао;60;20170802;180000;177;177;177;177;198;0
НКХП ао;60;20170803;100000;179;181;178;179;796;0
НКХП ао;60;20170803;110000;180;180;180;180;10;0
НКХП ао;60;20170803;120000;180;180.5;179;179;108;0
НКХП ао;60;20170803;140000;180;180;180;180;1;0
НКХП ао;60;20170803;150000;180;180;179;179;201;0
НКХП ао;60;20170803;160000;179.5;180.5;179;180.5;60;0
НКХП ао;60;20170803;170000;180;180;180;180;12;0
НКХП ао;60;20170803;180000;180;181;180;181;197;0
НКХП ао;60;20170804;100000;181.5;182;181.5;182;84;0
НКХП ао;60;20170804;110000;182;183.5;182;183.5;81;0
НКХП ао;60;20170804;120000;183.5;183.5;181.5;181.5;43;0
НКХП ао;60;20170804;130000;181.5;181.5;180;181;21;0
НКХП ао;60;20170804;140000;181;182;180.5;182;218;0
НКХП ао;60;20170804;150000;182;184;182;184;281;0
НКХП ао;60;20170804;160000;183;183;183;183;16;0
НКХП ао;60;20170804;170000;183.5;183.5;182.5;182.5;81;0
НКХП ао;60;20170804;180000;183.5;183.5;183.5;183.5;1;0
НКХП ао;60;20170807;100000;180;187;180;186.5;643;0
НКХП ао;60;20170807;110000;185;186.5;183.5;185.5;406;0
НКХП ао;60;20170807;120000;186.5;187;185;185;82;0
НКХП ао;60;20170807;130000;184;185;176;181.5;2551;0
НКХП ао;60;20170807;140000;182;185;182;185;813;0
НКХП ао;60;20170807;150000;185;185;184.5;185;31;0
НКХП ао;60;20170807;160000;185;185;185;185;1;0
НКХП ао;60;20170807;170000;184.5;184.5;184.5;184.5;1;0
НКХП ао;60;20170807;180000;185;185;185;185;2;0
НКХП ао;60;20170808;110000;184.5;185;184.5;185;119;0
НКХП ао;60;20170808;120000;185;185.5;184.5;184.5;331;0
НКХП ао;60;20170808;130000;185;185;184.5;185;756;0
НКХП ао;60;20170808;140000;185.5;186;185.5;186;112;0
НКХП ао;60;20170808;150000;185.5;186.5;185.5;186.5;392;0
НКХП ао;60;20170808;160000;186.5;187;186.5;187;48;0
НКХП ао;60;20170808;170000;187;190.5;187;190.5;572;0
НКХП ао;60;20170808;180000;189.5;189.5;187.5;188.5;300;0
НКХП ао;60;20170809;100000;188;190;188;189.5;152;0
НКХП ао;60;20170809;110000;190;190;189.5;190;60;0
НКХП ао;60;20170809;120000;190;190;189.5;189.5;94;0
НКХП ао;60;20170809;130000;190;190.5;190;190.5;233;0
НКХП ао;60;20170809;140000;191;195.5;190.5;195.5;1515;0
НКХП ао;60;20170809;150000;194;196;190.5;190.5;634;0
НКХП ао;60;20170809;160000;191;192;189.5;192;568;0
НКХП ао;60;20170809;170000;192;192.5;191;192.5;23;0
НКХП ао;60;20170809;180000;192.5;192.5;189.5;191;247;0
НКХП ао;60;20170810;100000;192;193;191;191;48;0
НКХП ао;60;20170810;110000;192;192;191;191;30;0
НКХП ао;60;20170810;130000;191.5;191.5;191;191;32;0
НКХП ао;60;20170810;140000;191;191;189.5;189.5;40;0
НКХП ао;60;20170810;150000;191.5;192;187.5;188;64;0
НКХП ао;60;20170810;160000;188;188;188;188;1;0
НКХП ао;60;20170810;170000;189;190;189;190;2;0
НКХП ао;60;20170810;180000;188.5;188.5;188.5;188.5;15;0
НКХП ао;60;20170811;100000;188.5;188.5;187.5;187.5;28;0
НКХП ао;60;20170811;110000;187.5;189.5;185.5;188;171;0
НКХП ао;60;20170811;140000;188;188;188;188;50;0
НКХП ао;60;20170811;150000;188;189.5;188;189.5;14;0
НКХП ао;60;20170811;160000;190;193;190;193;643;0
НКХП ао;60;20170811;170000;193;194.5;192;193.5;515;0
НКХП ао;60;20170811;180000;193;193;189.5;190.5;676;0
НКХП ао;60;20170814;100000;190.5;190.5;190.5;190.5;2;0
НКХП ао;60;20170814;110000;190.5;195;190.5;195;64;0
НКХП ао;60;20170814;120000;191.5;191.5;191.5;191.5;5;0
НКХП ао;60;20170814;130000;191.5;191.5;191;191;17;0
НКХП ао;60;20170814;140000;191.5;192;191.5;192;3;0
НКХП ао;60;20170814;150000;192;192;192;192;19;0
НКХП ао;60;20170814;160000;193;193;193;193;6;0
НКХП ао;60;20170814;170000;193;196;193;195.5;258;0
НКХП ао;60;20170814;180000;196;200.5;196;200.5;91;0
НКХП ао;60;20170815;100000;202.5;204;202.5;203.5;222;0
НКХП ао;60;20170815;110000;203.5;203.5;201.5;201.5;19;0
НКХП ао;60;20170815;120000;201.5;201.5;201.5;201.5;8;0
НКХП ао;60;20170815;130000;202.5;203.5;199;200.5;548;0
НКХП ао;60;20170815;140000;200;200;195;198.5;222;0
НКХП ао;60;20170815;150000;199;200;199;200;61;0
НКХП ао;60;20170815;160000;198.5;200.5;198.5;200;478;0
НКХП ао;60;20170815;170000;200;200;200;200;54;0
НКХП ао;60;20170815;180000;201;203.5;198;198;55;0
НКХП ао;60;20170816;100000;200;200;198;199;743;0
НКХП ао;60;20170816;110000;199;199.5;199;199.5;6;0
НКХП ао;60;20170816;120000;199.5;200;199.5;200;492;0
НКХП ао;60;20170816;130000;200.5;200.5;200;200;188;0
НКХП ао;60;20170816;140000;199;199;193.5;197.5;1020;0
НКХП ао;60;20170816;150000;197;197;197;197;2;0
НКХП ао;60;20170816;160000;197.5;197.5;197.5;197.5;131;0
НКХП ао;60;20170816;170000;197.5;197.5;197.5;197.5;5;0
НКХП ао;60;20170816;180000;197.5;199.5;196.5;198.5;111;0
НКХП ао;60;20170817;100000;200.5;200.5;200;200;129;0
НКХП ао;60;20170817;110000;200;201.5;200;200;12;0
НКХП ао;60;20170817;120000;200;200;198;198;58;0
НКХП ао;60;20170817;130000;199.5;200;199.5;200;3;0
НКХП ао;60;20170817;140000;199.5;200;199.5;200;22;0
НКХП ао;60;20170817;150000;200;200;200;200;7;0
НКХП ао;60;20170817;160000;198.5;198.5;198.5;198.5;3;0
НКХП ао;60;20170817;170000;199;200;199;200;27;0
НКХП ао;60;20170817;180000;200;201.5;200;201.5;54;0
НКХП ао;60;20170818;100000;202;202;202;202;17;0
НКХП ао;60;20170818;120000;200;201.5;200;201.5;2;0
НКХП ао;60;20170818;130000;200.5;200.5;200.5;200.5;2;0
НКХП ао;60;20170818;150000;200;200;200;200;6;0
НКХП ао;60;20170818;180000;201.5;201.5;200;200;5;0
НКХП ао;60;20170821;100000;201;201.5;199;199;84;0
НКХП ао;60;20170821;110000;199;200;199;200;104;0
НКХП ао;60;20170821;120000;200;200;200;200;264;0
НКХП ао;60;20170821;130000;200;200;200;200;1;0
НКХП ао;60;20170821;140000;197.5;199.5;192.5;199.5;828;0
НКХП ао;60;20170821;150000;197;197.5;197;197;641;0
НКХП ао;60;20170821;160000;196.5;197.5;196.5;196.5;204;0
НКХП ао;60;20170821;170000;197;197;196.5;196.5;102;0
НКХП ао;60;20170821;180000;195.5;197;195.5;197;8;0
НКХП ао;60;20170822;100000;198.5;198.5;198.5;198.5;3;0
НКХП ао;60;20170822;120000;198;199;198;199;296;0
НКХП ао;60;20170822;130000;198.5;198.5;198.5;198.5;1;0
НКХП ао;60;20170822;140000;199;199;199;199;1;0
НКХП ао;60;20170822;160000;199.5;199.5;199.5;199.5;2;0
НКХП ао;60;20170822;170000;199;199;199;199;10;0
НКХП ао;60;20170822;180000;199;199;199;199;16;0
НКХП ао;60;20170823;100000;199;199;199;199;1;0
НКХП ао;60;20170823;110000;197;197;193.5;196.5;138;0
НКХП ао;60;20170823;120000;197;197;196.5;196.5;21;0
НКХП ао;60;20170823;140000;197;197.5;197;197.5;4;0
НКХП ао;60;20170823;160000;197.5;198;195;195;28;0
НКХП ао;60;20170823;170000;195.5;197.5;195;197.5;22;0
НКХП ао;60;20170823;180000;197;198;196.5;198;31;0
НКХП ао;60;20170824;140000;199.5;199.5;198;198;2;0
НКХП ао;60;20170824;160000;197;197;194.5;194.5;191;0
НКХП ао;60;20170824;170000;198;198;198;198;1;0
НКХП ао;60;20170824;180000;197;197;195.5;195.5;3;0
НКХП ао;60;20170825;100000;197;197;196;196;60;0
НКХП ао;60;20170825;110000;195;195;193.5;195;309;0
НКХП ао;60;20170825;140000;196.5;197;196.5;197;5;0
НКХП ао;60;20170825;150000;197;197.5;197;197;57;0
НКХП ао;60;20170825;160000;197;197;197;197;1;0
НКХП ао;60;20170825;170000;196;196;196;196;6;0
НКХП ао;60;20170825;180000;197.5;198;197.5;198;2;0
НКХП ао;60;20170828;100000;198;198;198;198;41;0
НКХП ао;60;20170828;110000;198;198;198;198;2;0
НКХП ао;60;20170828;120000;198;198;198;198;13;0
НКХП ао;60;20170828;130000;198;198;198;198;1;0
НКХП ао;60;20170828;140000;196.5;198;196;196;37;0
НКХП ао;60;20170828;150000;196;197.5;196;196;14;0
НКХП ао;60;20170828;160000;197.5;198.5;196;196;50;0
НКХП ао;60;20170828;170000;198;198.5;198;198.5;15;0
НКХП ао;60;20170828;180000;198.5;202;198.5;202;612;0
НКХП ао;60;20170829;100000;202.5;202.5;197.5;200;311;0
НКХП ао;60;20170829;110000;199.5;199.5;198;198;7;0
НКХП ао;60;20170829;120000;200;200;199;200;75;0
НКХП ао;60;20170829;130000;200;200;197;199.5;431;0
НКХП ао;60;20170829;140000;197.5;197.5;197.5;197.5;2;0
НКХП ао;60;20170829;150000;199;199;199;199;1;0
НКХП ао;60;20170829;160000;197.5;197.5;197;197.5;32;0
НКХП ао;60;20170829;170000;197.5;200;197.5;200;262;0
НКХП ао;60;20170829;180000;199.5;199.5;199.5;199.5;1;0
НКХП ао;60;20170830;100000;200;200;200;200;2;0
НКХП ао;60;20170830;110000;200;200;198;199.5;124;0
НКХП ао;60;20170830;140000;200;200;200;200;21;0
НКХП ао;60;20170830;150000;199;200;198;199.5;884;0
НКХП ао;60;20170830;160000;200;200;200;200;2;0
НКХП ао;60;20170830;170000;200;200;194;198;885;0
НКХП ао;60;20170830;180000;198;199;197.5;199;27;0
НКХП ао;60;20170831;100000;199;199;199;199;61;0
НКХП ао;60;20170831;110000;198;198;193;196;2054;0
НКХП ао;60;20170831;120000;196;197.5;196;197.5;107;0
НКХП ао;60;20170831;130000;197.5;198.5;197.5;198.5;77;0
НКХП ао;60;20170831;140000;196.5;198;196.5;198;58;0
НКХП ао;60;20170831;150000;198;198;197;197;31;0
НКХП ао;60;20170831;160000;198;198;197.5;197.5;11;0
НКХП ао;60;20170831;170000;198;198;198;198;13;0
НКХП ао;60;20170831;180000;198;199;198;198;60;0
НКХП ао;60;20170901;100000;199.5;200;199;199;43;0
НКХП ао;60;20170901;110000;199.5;199.5;199.5;199.5;21;0
НКХП ао;60;20170901;120000;199.5;200;199;199;753;0
НКХП ао;60;20170901;130000;199;199;199;199;2;0
НКХП ао;60;20170901;140000;199.5;199.5;199;199.5;29;0
НКХП ао;60;20170901;150000;199;199;199;199;11;0
НКХП ао;60;20170901;160000;199.5;199.5;199.5;199.5;1;0
НКХП ао;60;20170901;170000;199;199;194;199;198;0
НКХП ао;60;20170901;180000;196.5;199;195.5;198.5;54;0
НКХП ао;60;20170904;100000;200;200;198.5;198.5;88;0
НКХП ао;60;20170904;110000;199.5;199.5;198.5;198.5;10;0
НКХП ао;60;20170904;120000;199;200;199;200;21;0
НКХП ао;60;20170904;130000;199;200;198;198.5;124;0
НКХП ао;60;20170904;140000;198.5;198.5;197.5;197.5;31;0
НКХП ао;60;20170904;150000;198;199.5;197.5;197.5;264;0
НКХП ао;60;20170904;160000;199;199;199;199;4;0
НКХП ао;60;20170904;170000;199;199.5;199;199.5;25;0
НКХП ао;60;20170904;180000;198.5;199.5;198;199.5;162;0
НКХП ао;60;20170905;100000;200;203;200;200;130;0
НКХП ао;60;20170905;110000;200.5;203;200.5;203;154;0
НКХП ао;60;20170905;120000;203;203.5;203;203;61;0
НКХП ао;60;20170905;130000;202.5;203;202.5;202.5;7;0
НКХП ао;60;20170905;140000;202.5;202.5;202;202;19;0
НКХП ао;60;20170905;150000;201.5;201.5;200;200;597;0
НКХП ао;60;20170905;160000;200;200;200;200;58;0
НКХП ао;60;20170905;170000;200;200;200;200;26;0
НКХП ао;60;20170905;180000;201;202.5;200.5;202.5;119;0
НКХП ао;60;20170906;100000;205;205.5;200;204;122;0
НКХП ао;60;20170906;110000;204;204;202.5;203;336;0
НКХП ао;60;20170906;120000;203;203.5;202;202;246;0
НКХП ао;60;20170906;130000;203;203;203;203;8;0
НКХП ао;60;20170906;140000;203.5;203.5;202;202.5;51;0
НКХП ао;60;20170906;160000;203;203;202;202;141;0
НКХП ао;60;20170906;170000;203;204;202.5;204;587;0
НКХП ао;60;20170906;180000;204;206;203.5;206;1049;0
НКХП ао;60;20170907;090000;198;198;198;198;37;0
НКХП ао;60;20170907;100000;198.5;199;196;198;620;0
НКХП ао;60;20170907;110000;197.5;198.5;196;198.5;209;0
НКХП ао;60;20170907;120000;198;198;196;197;51;0
НКХП ао;60;20170907;130000;197;198;197;198;68;0
НКХП ао;60;20170907;140000;197;198.5;197;198.5;23;0
НКХП ао;60;20170907;150000;198.5;198.5;198.5;198.5;37;0
НКХП ао;60;20170907;160000;199;199;198;198.5;54;0
НКХП ао;60;20170907;170000;198;198.5;195.5;198.5;338;0
НКХП ао;60;20170907;180000;196;196;196;196;4;0
НКХП ао;60;20170908;100000;197.5;200;193;195.5;178;0
НКХП ао;60;20170908;120000;197.5;199;197.5;198.5;29;0
НКХП ао;60;20170908;130000;195.5;198;195.5;198;3;0
НКХП ао;60;20170908;140000;195.5;195.5;195.5;195.5;1;0
НКХП ао;60;20170908;150000;196;197;196;196;20;0
НКХП ао;60;20170908;160000;196;196;196;196;30;0
НКХП ао;60;20170908;170000;196.5;196.5;196.5;196.5;3;0
НКХП ао;60;20170908;180000;196;196;196;196;1;0
НКХП ао;60;20170911;100000;198.5;200;196.5;196.5;287;0
НКХП ао;60;20170911;110000;198.5;199;198.5;199;16;0
НКХП ао;60;20170911;130000;197.5;197.5;197.5;197.5;3;0
НКХП ао;60;20170911;140000;196.5;196.5;196.5;196.5;1;0
НКХП ао;60;20170911;150000;198;198.5;198;198.5;26;0
НКХП ао;60;20170911;160000;197.5;197.5;196.5;196.5;35;0
НКХП ао;60;20170912;100000;197.5;199;197;197;99;0
НКХП ао;60;20170912;110000;197;197;197;197;38;0
НКХП ао;60;20170912;120000;198.5;198.5;198.5;198.5;1;0
НКХП ао;60;20170912;140000;198;198;198;198;2;0
НКХП ао;60;20170912;150000;198.5;198.5;197.5;197.5;8;0
НКХП ао;60;20170912;160000;197;197.5;197;197.5;12;0
НКХП ао;60;20170912;170000;197.5;197.5;197.5;197.5;5;0
НКХП ао;60;20170912;180000;197;197;196;196;51;0
НКХП ао;60;20170913;100000;198.5;198.5;198;198;34;0
НКХП ао;60;20170913;110000;198.5;198.5;195.5;195.5;55;0
НКХП ао;60;20170913;120000;196;196;196;196;9;0
НКХП ао;60;20170913;130000;196.5;197.5;196;197;20;0
НКХП ао;60;20170913;140000;197;197;197;197;22;0
НКХП ао;60;20170913;150000;197.5;198.5;197.5;198.5;8;0
НКХП ао;60;20170913;160000;198.5;199;198.5;199;90;0
НКХП ао;60;20170913;170000;199;199;199;199;2;0
НКХП ао;60;20170913;180000;199;199.5;198.5;198.5;24;0
НКХП ао;60;20170914;100000;201.5;202;200;201.5;15;0
НКХП ао;60;20170914;110000;201;201;199;201;32;0
НКХП ао;60;20170914;120000;201;201;201;201;3;0
НКХП ао;60;20170914;130000;200.5;200.5;200;200;8;0
НКХП ао;60;20170914;150000;200;201;200;201;2;0
НКХП ао;60;20170914;160000;200.5;200.5;200;200;30;0
НКХП ао;60;20170914;170000;200;200.5;199;200.5;198;0
НКХП ао;60;20170914;180000;200.5;200.5;200.5;200.5;2;0
НКХП ао;60;20170915;100000;199.5;202;199.5;202;28;0
НКХП ао;60;20170915;110000;200.5;201;200.5;201;4;0
НКХП ао;60;20170915;130000;200.5;200.5;200.5;200.5;11;0
НКХП ао;60;20170915;140000;201;201;200.5;200.5;37;0
НКХП ао;60;20170915;150000;201;201;200.5;200.5;161;0
НКХП ао;60;20170915;160000;200;200.5;200;200.5;179;0
НКХП ао;60;20170915;170000;200;200;200;200;6;0
НКХП ао;60;20170918;100000;202.5;208.5;200;200;3945;0
НКХП ао;60;20170918;110000;201;205;201;204;431;0
НКХП ао;60;20170918;120000;203;207;203;207;405;0
НКХП ао;60;20170918;130000;206.5;208;204;208;914;0
НКХП ао;60;20170918;140000;208.5;208.5;200;205.5;2145;0
НКХП ао;60;20170918;150000;205;205.5;204.5;205.5;356;0
НКХП ао;60;20170918;160000;205;205;204;205;3;0
НКХП ао;60;20170918;170000;205.5;206.5;205;205;81;0
НКХП ао;60;20170918;180000;205;205;199.5;202;7297;0
НКХП ао;60;20170919;100000;202;203.5;201;202.5;136;0
НКХП ао;60;20170919;110000;202.5;203;202.5;203;202;0
НКХП ао;60;20170919;120000;203.5;203.5;201.5;201.5;29;0
НКХП ао;60;20170919;130000;202.5;203;200.5;200.5;363;0
НКХП ао;60;20170919;140000;201;201;201;201;100;0
НКХП ао;60;20170919;150000;202;202;202;202;2;0
НКХП ао;60;20170919;160000;202;203;202;203;81;0
НКХП ао;60;20170919;170000;202;202;202;202;62;0
НКХП ао;60;20170919;180000;201.5;202.5;200.5;202.5;486195;0
НКХП ао;60;20170920;090000;204.5;204.5;204.5;204.5;1;0
НКХП ао;60;20170920;100000;203;203;201;201;129;0
НКХП ао;60;20170920;110000;201.5;202;200;202;529;0
НКХП ао;60;20170920;120000;202;202.5;202;202.5;84;0
НКХП ао;60;20170920;130000;201.5;202;201.5;202;2;0
НКХП ао;60;20170920;140000;202;202;202;202;25;0
НКХП ао;60;20170920;150000;202;202;202;202;3;0
НКХП ао;60;20170920;160000;201.5;201.5;200;200;195;0
НКХП ао;60;20170920;170000;201.5;202;201.5;202;33;0
НКХП ао;60;20170921;090000;202;202;202;202;1;0
НКХП ао;60;20170921;100000;201.5;201.5;200;201;62;0
НКХП ао;60;20170921;110000;200.5;200.5;200;200;443;0
НКХП ао;60;20170921;120000;200.5;201.5;200.5;201.5;52;0
НКХП ао;60;20170921;130000;201.5;202;201.5;201.5;374;0
НКХП ао;60;20170921;140000;202.5;203;202;202;201;0
НКХП ао;60;20170921;150000;202.5;202.5;202.5;202.5;14;0
НКХП ао;60;20170921;160000;202.5;203;201.5;201.5;159;0
НКХП ао;60;20170921;170000;201.5;202;201.5;202;225;0
НКХП ао;60;20170921;180000;202;202;201;201.5;12;0
НКХП ао;60;20170922;100000;201.5;201.5;200.5;201.5;36;0
НКХП ао;60;20170922;120000;201.5;201.5;201;201;5;0
НКХП ао;60;20170922;130000;200.5;201;200.5;201;7;0
НКХП ао;60;20170922;140000;201;201;201;201;6;0
НКХП ао;60;20170922;150000;201;201;200;200;42;0
НКХП ао;60;20170922;160000;200.5;200.5;200.5;200.5;681;0
НКХП ао;60;20170922;170000;200.5;201;200.5;201;151;0
НКХП ао;60;20170922;180000;201;201;201;201;164;0
НКХП ао;60;20170925;100000;201;201;200;201;183;0
НКХП ао;60;20170925;110000;200.5;202;200.5;202;213;0
НКХП ао;60;20170925;120000;201.5;201.5;201.5;201.5;5;0
НКХП ао;60;20170925;130000;201;201;200.5;200.5;4;0
НКХП ао;60;20170925;140000;201;201;201;201;6;0
НКХП ао;60;20170925;150000;201;201;201;201;28;0
НКХП ао;60;20170925;160000;201;201.5;201;201.5;216;0
НКХП ао;60;20170925;170000;201;201.5;201;201.5;136;0
НКХП ао;60;20170925;180000;201;201;201;201;20;0
НКХП ао;60;20170926;090000;201.5;201.5;201.5;201.5;3;0
НКХП ао;60;20170926;100000;201.5;201.5;201;201.5;26;0
НКХП ао;60;20170926;110000;201.5;201.5;201;201.5;568;0
НКХП ао;60;20170926;120000;201.5;201.5;201.5;201.5;15;0
НКХП ао;60;20170926;130000;201.5;202;201.5;201.5;69;0
НКХП ао;60;20170926;140000;201;201.5;201;201.5;8;0
НКХП ао;60;20170926;150000;202;202;202;202;150;0
НКХП ао;60;20170926;160000;202;203;202;203;492;0
НКХП ао;60;20170926;170000;203;203;203;203;93;0
НКХП ао;60;20170926;180000;202.5;202.5;202.5;202.5;22;0
НКХП ао;60;20170927;100000;201;203;201;202.5;1371;0
НКХП ао;60;20170927;110000;202.5;202.5;201.5;202;1377;0
НКХП ао;60;20170927;120000;202;202.5;200;201.5;2507;0
НКХП ао;60;20170927;130000;201.5;201.5;201.5;201.5;6;0
НКХП ао;60;20170927;140000;201;202;201;202;33;0
НКХП ао;60;20170927;150000;202;202;201;202;787;0
НКХП ао;60;20170927;160000;202;202;202;202;4;0
НКХП ао;60;20170927;170000;202;202;201.5;202;65;0
НКХП ао;60;20170927;180000;202;202;202;202;8;0
НКХП ао;60;20170928;090000;201.5;201.5;201.5;201.5;1;0
НКХП ао;60;20170928;100000;201;201.5;201;201.5;105;0
НКХП ао;60;20170928;110000;201.5;202;201.5;202;63;0
НКХП ао;60;20170928;120000;202;202;201.5;201.5;21;0
НКХП ао;60;20170928;130000;202;202;201.5;201.5;132;0
НКХП ао;60;20170928;140000;201.5;201.5;201.5;201.5;60;0
НКХП ао;60;20170928;150000;201;201.5;201;201.5;20;0
НКХП ао;60;20170928;160000;201;201;201;201;1009;0
НКХП ао;60;20170928;170000;200.5;201;200.5;200.5;313;0
НКХП ао;60;20170928;180000;201;201;201;201;155;0
НКХП ао;60;20170929;090000;201;201;201;201;5;0
НКХП ао;60;20170929;100000;201;201.5;201;201.5;846;0
НКХП ао;60;20170929;110000;201.5;201.5;201.5;201.5;145;0
НКХП ао;60;20170929;120000;201;201;201;201;35;0
НКХП ао;60;20170929;130000;201;201.5;201;201.5;37;0
НКХП ао;60;20170929;140000;201.5;201.5;201.5;201.5;50;0
НКХП ао;60;20170929;150000;201.5;201.5;201.5;201.5;1683;0
НКХП ао;60;20170929;160000;201.5;202;201.5;202;275;0
НКХП ао;60;20170929;170000;202;202;202;202;161;0
НКХП ао;60;20170929;180000;202;202;201.5;202;462;0
НКХП ао;60;20171002;090000;202;202;202;202;216;0
НКХП ао;60;20171002;100000;202;202;201;201;1904;0
НКХП ао;60;20171002;110000;201.5;202;200;201.5;3678;0
НКХП ао;60;20171002;120000;201;202;201;201.5;625;0
НКХП ао;60;20171002;130000;201.5;202;201;201;332;0
НКХП ао;60;20171002;140000;201.5;202;201.5;201.5;76;0
НКХП ао;60;20171002;150000;201.5;202;201.5;201.5;159;0
НКХП ао;60;20171002;160000;201.5;201.5;201;201.5;68;0
НКХП ао;60;20171002;170000;201.5;202;201;202;109;0
НКХП ао;60;20171002;180000;202;202;201.5;201.5;31;0
НКХП ао;60;20171003;090000;200;200;200;200;80;0
НКХП ао;60;20171003;100000;200;202;200;201;147;0
НКХП ао;60;20171003;110000;201.5;202;201;201.5;338;0
НКХП ао;60;20171003;120000;201.5;201.5;201;201.5;13;0
НКХП ао;60;20171003;130000;201.5;201.5;201.5;201.5;14;0
НКХП ао;60;20171003;140000;201.5;201.5;200.5;200.5;79;0
НКХП ао;60;20171003;150000;201;201;201;201;176;0
НКХП ао;60;20171003;160000;201.5;201.5;201;201;141;0
НКХП ао;60;20171003;170000;201;201.5;201;201;658;0
НКХП ао;60;20171003;180000;201.5;201.5;201;201.5;200;0
НКХП ао;60;20171004;100000;202;203;200;200;1692;0
НКХП ао;60;20171004;110000;199.5;201;198;201;473;0
НКХП ао;60;20171004;120000;201;201;201;201;13;0
НКХП ао;60;20171004;130000;200;201;200;201;157;0
НКХП ао;60;20171004;140000;200.5;201;200;201;135;0
НКХП ао;60;20171004;160000;200.5;200.5;200;200;36;0
НКХП ао;60;20171004;170000;200.5;200.5;199;200.5;212;0
НКХП ао;60;20171004;180000;200;200.5;199.5;200.5;31;0
НКХП ао;60;20171005;100000;200.5;200.5;200.5;200.5;28;0
НКХП ао;60;20171005;120000;200.5;200.5;200.5;200.5;50;0
НКХП ао;60;20171005;130000;200;200.5;200;200.5;113;0
НКХП ао;60;20171005;140000;200.5;200.5;200;200.5;247;0
НКХП ао;60;20171005;150000;200;200;200;200;15;0
НКХП ао;60;20171005;160000;201;201;201;201;311;0
НКХП ао;60;20171005;170000;201;201;201;201;8;0
НКХП ао;60;20171005;180000;201;201;201;201;10;0
НКХП ао;60;20171006;100000;201;201;201;201;525;0
НКХП ао;60;20171006;110000;200.5;201;200;200.5;991;0
НКХП ао;60;20171006;120000;200.5;201;200;201;523;0
НКХП ао;60;20171006;130000;201;201;201;201;2;0
НКХП ао;60;20171006;140000;200.5;201;200;201;371;0
НКХП ао;60;20171006;150000;201;201;200;200;809;0
НКХП ао;60;20171006;160000;201;201;201;201;1;0
НКХП ао;60;20171006;170000;201.5;201.5;201.5;201.5;109;0
НКХП ао;60;20171006;180000;201;201;200.5;200.5;10;0
НКХП ао;60;20171009;100000;201;216;201;214;6556;0
НКХП ао;60;20171009;110000;213;214;205;205.5;1430;0
НКХП ао;60;20171009;120000;205.5;206;205;205;1331;0
НКХП ао;60;20171009;130000;205;205;204;204;524;0
НКХП ао;60;20171009;140000;203.5;204;200;201;3646;0
НКХП ао;60;20171009;150000;201.5;203.5;201.5;203.5;561;0
НКХП ао;60;20171009;160000;203.5;203.5;202;203;35;0
НКХП ао;60;20171009;170000;203;203.5;200;201.5;5916;0
НКХП ао;60;20171009;180000;201.5;202;201;201;20232;0
НКХП ао;60;20171010;100000;202;203.5;202;203;448;0
НКХП ао;60;20171010;110000;203;203;203;203;78;0
НКХП ао;60;20171010;120000;203;203;203;203;42;0
НКХП ао;60;20171010;130000;203;203;202.5;202.5;30;0
НКХП ао;60;20171010;140000;202;203;202;203;28;0
НКХП ао;60;20171010;150000;203;203;202;203;52;0
НКХП ао;60;20171010;160000;203;203;201;201.5;10515;0
НКХП ао;60;20171010;170000;201.5;201.5;201.5;201.5;69;0
НКХП ао;60;20171010;180000;201;202;201;202;4907;0
НКХП ао;60;20171011;100000;201.5;202;201.5;202;357;0
НКХП ао;60;20171011;110000;203;203;202.5;203;54;0
НКХП ао;60;20171011;120000;203;203;202;203;89;0
НКХП ао;60;20171011;130000;203;203;202.5;203;511;0
НКХП ао;60;20171011;140000;203;203;202;203;196;0
НКХП ао;60;20171011;150000;202.5;202.5;202;202;175;0
НКХП ао;60;20171011;160000;201.5;202;201.5;202;180;0
НКХП ао;60;20171011;170000;202;204.5;202;204.5;113;0
НКХП ао;60;20171011;180000;203.5;204.5;203;204.5;152;0
НКХП ао;60;20171012;100000;204.5;206.5;204.5;206.5;124;0
НКХП ао;60;20171012;110000;206.5;209.5;203;205;344;0
НКХП ао;60;20171012;120000;207;215;207;213;2073;0
НКХП ао;60;20171012;130000;213;214.5;212;214;612;0
НКХП ао;60;20171012;140000;214;218.5;214;216.5;1314;0
НКХП ао;60;20171012;150000;218.5;222;217;222;1387;0
НКХП ао;60;20171012;160000;222.5;224;221;223.5;654;0
НКХП ао;60;20171012;170000;223.5;223.5;221;222;85;0
НКХП ао;60;20171012;180000;222;225;222;224.5;250;0
НКХП ао;60;20171013;090000;225;225;225;225;1;0
НКХП ао;60;20171013;100000;225;250;225;234;2673;0
НКХП ао;60;20171013;110000;235;240;225;225;1989;0
НКХП ао;60;20171013;120000;234.5;235;231.5;231.5;131;0
НКХП ао;60;20171013;130000;234.5;235;234;234.5;5;0
НКХП ао;60;20171013;140000;234.5;234.5;231.5;231.5;23;0
НКХП ао;60;20171013;150000;231.5;233.5;230;233.5;31;0
НКХП ао;60;20171013;160000;233;234.5;233;234.5;93;0
НКХП ао;60;20171013;170000;234.5;237.5;233;237.5;107;0
НКХП ао;60;20171013;180000;237;238;235;238;333;0
НКХП ао;60;20171016;100000;236.5;237;229.5;236;1144;0
НКХП ао;60;20171016;110000;235.5;237;235;235.5;159;0
НКХП ао;60;20171016;120000;235;237;232.5;237;210;0
НКХП ао;60;20171016;130000;235;236;231;231;412;0
НКХП ао;60;20171016;140000;232.5;235.5;231;233.5;390;0
НКХП ао;60;20171016;160000;233.5;233.5;230;230;100;0
НКХП ао;60;20171016;180000;230.5;233;227.5;233;345;0
НКХП ао;60;20171017;090000;233;233;233;233;2;0
НКХП ао;60;20171017;100000;226;234.5;226;233;618;0
НКХП ао;60;20171017;110000;233;236;233;235;65;0
НКХП ао;60;20171017;120000;235;235;234;234;105;0
НКХП ао;60;20171017;130000;234;235;233.5;233.5;101;0
НКХП ао;60;20171017;140000;233;233;230;230;38;0
НКХП ао;60;20171017;150000;231;231;230;230;38;0
НКХП ао;60;20171017;160000;231.5;233;226;226;263;0
НКХП ао;60;20171017;170000;226.5;230;225;225;165;0
НКХП ао;60;20171017;180000;226;228;226;228;20;0
НКХП ао;60;20171018;100000;225.5;227.5;220;223.5;851;0
НКХП ао;60;20171018;110000;221.5;221.5;221;221.5;16;0
НКХП ао;60;20171018;120000;222;224;221;221;67;0
НКХП ао;60;20171018;130000;221.5;237;221;234;3232;0
НКХП ао;60;20171018;140000;233;236.5;232;235;490;0
НКХП ао;60;20171018;150000;236;236;234.5;234.5;45;0
НКХП ао;60;20171018;160000;234;236;233.5;233.5;59;0
НКХП ао;60;20171018;170000;234.5;235;234.5;235;27;0
НКХП ао;60;20171018;180000;235;235.5;235;235;54;0
НКХП ао;60;20171019;100000;234;235;228.5;233.5;433;0
НКХП ао;60;20171019;110000;230;232.5;228;231;23;0
НКХП ао;60;20171019;120000;228;230.5;226;230.5;163;0
НКХП ао;60;20171019;130000;230.5;231;230;230;107;0
НКХП ао;60;20171019;140000;230.5;232;230.5;232;16;0
НКХП ао;60;20171019;150000;231;232;230;230;112;0
НКХП ао;60;20171019;160000;231;231;228;228;34;0
НКХП ао;60;20171019;170000;228;230;225.5;225.5;838;0
НКХП ао;60;20171019;180000;227;227.5;225;227.5;173;0
НКХП ао;60;20171020;100000;226.5;227.5;225;227;105;0
НКХП ао;60;20171020;110000;226;228;226;226;23;0
НКХП ао;60;20171020;120000;226.5;226.5;224.5;225.5;206;0
НКХП ао;60;20171020;130000;225.5;225.5;225.5;225.5;16;0
НКХП ао;60;20171020;140000;225.5;225.5;220.5;225;832;0
НКХП ао;60;20171020;150000;225;225;222.5;224.5;11;0
НКХП ао;60;20171020;160000;225;225.5;225;225.5;5;0
НКХП ао;60;20171020;170000;225.5;225.5;221;225;169;0
НКХП ао;60;20171020;180000;224;226.5;220;226.5;186;0
НКХП ао;60;20171023;100000;223.5;227.5;213.5;224.5;510;0
НКХП ао;60;20171023;110000;224;224.5;223;224.5;15;0
НКХП ао;60;20171023;120000;224.5;224.5;224.5;224.5;2;0
НКХП ао;60;20171023;130000;224.5;224.5;224.5;224.5;2;0
НКХП ао;60;20171023;140000;224.5;230;224.5;229.5;833;0
НКХП ао;60;20171023;150000;230;230;224.5;224.5;84;0
НКХП ао;60;20171023;160000;225.5;229.5;225.5;226.5;16;0
НКХП ао;60;20171023;170000;227;227;225;225;9;0
НКХП ао;60;20171023;180000;227.5;227.5;223.5;223.5;69;0
НКХП ао;60;20171024;100000;220.5;222;220.5;222;53;0
НКХП ао;60;20171024;110000;222;222;221;221;104;0
НКХП ао;60;20171024;120000;223.5;223.5;219.5;220;275;0
НКХП ао;60;20171024;130000;221.5;221.5;219.5;220;37;0
НКХП ао;60;20171024;140000;219.5;221;217;221;321;0
НКХП ао;60;20171024;150000;221.5;221.5;219.5;219.5;7;0
НКХП ао;60;20171024;160000;219;219;217.5;217.5;281;0
НКХП ао;60;20171024;170000;217.5;219;217.5;217.5;222;0
НКХП ао;60;20171024;180000;218.5;219;218;219;13;0
НКХП ао;60;20171025;100000;217.5;223;217.5;223;31;0
НКХП ао;60;20171025;110000;222;222.5;221;222;20;0
НКХП ао;60;20171025;120000;222;224;221;223.5;68;0
НКХП ао;60;20171025;130000;223.5;223.5;223.5;223.5;1;0
НКХП ао;60;20171025;140000;223.5;225;221.5;225;243;0
НКХП ао;60;20171025;150000;225;225;222.5;222.5;84;0
НКХП ао;60;20171025;160000;222.5;222.5;222;222;114;0
НКХП ао;60;20171025;170000;221.5;221.5;221;221;5;0
НКХП ао;60;20171025;180000;220.5;222;220.5;222;99;0
НКХП ао;60;20171026;100000;220.5;222.5;220;220;59;0
НКХП ао;60;20171026;110000;220.5;220.5;220;220;8;0
НКХП ао;60;20171026;120000;220;220;219.5;219.5;91;0
НКХП ао;60;20171026;130000;220;221;220;221;7;0
НКХП ао;60;20171026;140000;220;220;220;220;9;0
НКХП ао;60;20171026;150000;221;221;221;221;5;0
НКХП ао;60;20171026;160000;220;222.5;217.5;222.5;223;0
НКХП ао;60;20171026;170000;218;221.5;218;220;10;0
НКХП ао;60;20171026;180000;220;220;218;218;31;0
НКХП ао;60;20171027;100000;219.5;219.5;217.5;217.5;14;0
НКХП ао;60;20171027;110000;218;220;218;220;2;0
НКХП ао;60;20171027;130000;219.5;225;219.5;225;131;0
НКХП ао;60;20171027;140000;225;225;225;225;6;0
НКХП ао;60;20171027;150000;225;225;222;222;24;0
НКХП ао;60;20171027;160000;222;225;221;222;226;0
НКХП ао;60;20171027;170000;222;222;220;220;163;0
НКХП ао;60;20171027;180000;222.5;222.5;222.5;222.5;1;0
НКХП ао;60;20171030;110000;220;220;219;220;163;0
НКХП ао;60;20171030;120000;220;220;220;220;391;0
НКХП ао;60;20171030;130000;220;220;220;220;427;0
НКХП ао;60;20171030;140000;221;222.5;220.5;222.5;15;0
НКХП ао;60;20171030;150000;221.5;221.5;220.5;220.5;6;0
НКХП ао;60;20171030;160000;221.5;222.5;221.5;222.5;5;0
НКХП ао;60;20171030;170000;223;223;217.5;217.5;596;0
НКХП ао;60;20171030;180000;218;219;217.5;217.5;187;0
НКХП ао;60;20171031;100000;219.5;225;219.5;222;111;0
НКХП ао;60;20171031;110000;222;225;222;223.5;157;0
НКХП ао;60;20171031;120000;224.5;225;222.5;223.5;35;0
НКХП ао;60;20171031;130000;223.5;225;223;225;219;0
НКХП ао;60;20171031;140000;225;227;223;227;1075;0
НКХП ао;60;20171031;150000;227.5;228;225;226;186;0
НКХП ао;60;20171031;160000;225.5;226;224.5;225;105;0
НКХП ао;60;20171031;170000;224.5;225;224;224;75;0
НКХП ао;60;20171031;180000;225;225;223.5;225;116;0
НКХП ао;60;20171101;100000;225.5;228;224.5;227;169;0
НКХП ао;60;20171101;110000;227;227;226;226;159;0
НКХП ао;60;20171101;120000;225.5;226;225.5;225.5;64;0
НКХП ао;60;20171101;130000;225.5;226;222.5;222.5;221;0
НКХП ао;60;20171101;140000;224;229;224;229;530;0
НКХП ао;60;20171101;150000;229;229;228;229;144;0
НКХП ао;60;20171101;160000;229;234;229;234;1211;0
НКХП ао;60;20171101;170000;232;234;231;231;33;0
НКХП ао;60;20171101;180000;230;230.5;229.5;230.5;224;0
НКХП ао;60;20171102;100000;232;232;229.5;230;456;0
НКХП ао;60;20171102;110000;230;232;229.5;231.5;134;0
НКХП ао;60;20171102;120000;230.5;232;225;232;426;0
НКХП ао;60;20171102;130000;231.5;231.5;231.5;231.5;3;0
НКХП ао;60;20171102;140000;231.5;232;229;231.5;384;0
НКХП ао;60;20171102;150000;230.5;230.5;229;230;28;0
НКХП ао;60;20171102;160000;228.5;229;227;229;28;0
НКХП ао;60;20171102;170000;229;230;229;230;59;0
НКХП ао;60;20171102;180000;229;229;225.5;226;537;0
НКХП ао;60;20171103;100000;230;231.5;228;228;333;0
НКХП ао;60;20171103;110000;228;229.5;228;229.5;158;0
НКХП ао;60;20171103;130000;229.5;230;229.5;229.5;73;0
НКХП ао;60;20171103;140000;229.5;229.5;229.5;229.5;21;0
НКХП ао;60;20171103;150000;229.5;229.5;228.5;228.5;164;0
НКХП ао;60;20171103;160000;228.5;229.5;228;229;175;0
НКХП ао;60;20171103;170000;229.5;230;229;229;129;0
НКХП ао;60;20171103;180000;229.5;230;229;229.5;21;0
НКХП ао;60;20171107;100000;231.5;234;230;232.5;208;0
НКХП ао;60;20171107;110000;230.5;232.5;230.5;231;58;0
НКХП ао;60;20171107;120000;232;232;230;230;61;0
НКХП ао;60;20171107;130000;230.5;231.5;230;230.5;96;0
НКХП ао;60;20171107;140000;231.5;232;231.5;232;37;0
НКХП ао;60;20171107;150000;232;233;232;232;114;0
НКХП ао;60;20171107;160000;233;233;231.5;231.5;7;0
НКХП ао;60;20171107;170000;231.5;231.5;231.5;231.5;44;0
НКХП ао;60;20171107;180000;231.5;233.5;231.5;233.5;83;0
НКХП ао;60;20171108;100000;233;233.5;231.5;232;20;0
НКХП ао;60;20171108;110000;233.5;233.5;232.5;232.5;154;0
НКХП ао;60;20171108;120000;232.5;232.5;232.5;232.5;4;0
НКХП ао;60;20171108;130000;232.5;232.5;232;232;21;0
НКХП ао;60;20171108;140000;232;233.5;232;233;67;0
НКХП ао;60;20171108;150000;233;233.5;233;233.5;53;0
НКХП ао;60;20171108;160000;232;233.5;232;233.5;107;0
НКХП ао;60;20171108;170000;232;232;232;232;3;0
НКХП ао;60;20171108;180000;231.5;232.5;231.5;232.5;270;0
НКХП ао;60;20171109;100000;231;231.5;230.5;231.5;33;0
НКХП ао;60;20171109;110000;231.5;231.5;230.5;230.5;40;0
НКХП ао;60;20171109;120000;230;232;230;232;56;0
НКХП ао;60;20171109;130000;230.5;231.5;230.5;230.5;43;0
НКХП ао;60;20171109;140000;230.5;231.5;230.5;231.5;58;0
НКХП ао;60;20171109;150000;230.5;231;230;230.5;33;0
НКХП ао;60;20171109;160000;231.5;231.5;229.5;229.5;1059;0
НКХП ао;60;20171109;170000;229.5;230.5;229.5;230.5;33;0
НКХП ао;60;20171109;180000;230.5;230.5;230.5;230.5;2;0
НКХП ао;60;20171110;100000;229;230;226.5;230;234;0
НКХП ао;60;20171110;110000;230;230;229.5;229.5;57;0
НКХП ао;60;20171110;120000;229.5;230;228;228;168;0
НКХП ао;60;20171110;130000;228;229;228;229;55;0
НКХП ао;60;20171110;140000;228;229;228;229;14;0
НКХП ао;60;20171110;150000;228.5;228.5;228.5;228.5;9;0
НКХП ао;60;20171110;160000;229.5;229.5;228.5;228.5;5;0
НКХП ао;60;20171110;170000;228.5;228.5;227.5;228.5;176;0
НКХП ао;60;20171110;180000;228.5;228.5;227;227;47;0
НКХП ао;60;20171113;100000;228;228;228;228;13;0
НКХП ао;60;20171113;110000;228;228;227.5;227.5;20;0
НКХП ао;60;20171113;120000;227.5;227.5;224.5;225;539;0
НКХП ао;60;20171113;130000;225;226.5;225;225.5;50;0
НКХП ао;60;20171113;140000;227;227;227;227;11;0
НКХП ао;60;20171113;150000;225.5;226.5;225.5;226.5;46;0
НКХП ао;60;20171113;160000;226.5;226.5;226.5;226.5;10;0
НКХП ао;60;20171113;170000;226;226;225;225;53;0
НКХП ао;60;20171113;180000;225.5;226;221.5;225;734;0
НКХП ао;60;20171114;100000;222;225;222;223.5;91;0
НКХП ао;60;20171114;110000;225.5;225.5;225.5;225.5;200;0
НКХП ао;60;20171114;120000;225.5;225.5;225.5;225.5;32;0
НКХП ао;60;20171114;140000;225;225.5;225;225.5;6;0
НКХП ао;60;20171114;150000;225.5;225.5;225.5;225.5;6;0
НКХП ао;60;20171114;160000;225;225;224.5;224.5;40;0
НКХП ао;60;20171114;170000;225.5;225.5;225;225;76;0
НКХП ао;60;20171114;180000;224.5;225.5;224.5;225;46;0
НКХП ао;60;20171115;100000;225.5;226;224;224;28;0
НКХП ао;60;20171115;110000;224;226;224;226;126;0
НКХП ао;60;20171115;120000;225;225;225;225;19;0
НКХП ао;60;20171115;130000;224;226.5;222;226.5;384;0
НКХП ао;60;20171115;140000;225;226;225;225;50;0
НКХП ао;60;20171115;150000;226;226.5;226;226.5;5;0
НКХП ао;60;20171115;160000;225;225.5;225;225.5;101;0
НКХП ао;60;20171115;170000;225;225;225;225;10;0
НКХП ао;60;20171115;180000;225;225;223;225;40;0
НКХП ао;60;20171116;100000;225.5;225.5;223;224;48;0
НКХП ао;60;20171116;110000;225.5;225.5;224;225.5;58;0
НКХП ао;60;20171116;120000;225;226;222.5;224.5;216;0
НКХП ао;60;20171116;130000;223;224.5;222.5;224.5;40;0
НКХП ао;60;20171116;140000;225;225;225;225;6;0
НКХП ао;60;20171116;150000;224.5;225;224.5;225;86;0
НКХП ао;60;20171116;160000;225;225;222.5;222.5;49;0
НКХП ао;60;20171116;170000;223;225.5;222.5;223;335;0
НКХП ао;60;20171116;180000;224.5;224.5;224.5;224.5;5;0
НКХП ао;60;20171117;100000;225;225;224;224;5;0
НКХП ао;60;20171117;110000;225;225;222;222;136;0
НКХП ао;60;20171117;120000;223;224.5;222;222.5;84;0
НКХП ао;60;20171117;130000;223;223.5;223;223.5;3;0
НКХП ао;60;20171117;140000;223.5;224;223.5;224;21;0
НКХП ао;60;20171117;150000;224;224;224;224;1;0
НКХП ао;60;20171117;160000;224.5;224.5;224.5;224.5;1;0
НКХП ао;60;20171117;170000;225;225;225;225;5;0
НКХП ао;60;20171117;180000;225;225;224;224;32;0
НКХП ао;60;20171120;100000;225.5;225.5;225;225;2;0
НКХП ао;60;20171120;110000;226;226;226;226;39;0
НКХП ао;60;20171120;120000;225;225;224.5;224.5;39;0
НКХП ао;60;20171120;130000;224;224;224;224;20;0
НКХП ао;60;20171120;140000;224;226;224;226;174;0
НКХП ао;60;20171120;150000;224;225.5;224;225.5;4;0
НКХП ао;60;20171120;160000;225;225;225;225;7;0
НКХП ао;60;20171120;170000;225;225;224.5;224.5;259;0
НКХП ао;60;20171120;180000;224.5;224.5;223.5;223.5;11;0
НКХП ао;60;20171121;100000;224.5;224.5;224.5;224.5;45;0
НКХП ао;60;20171121;110000;224.5;224.5;223.5;223.5;99;0
НКХП ао;60;20171121;130000;223.5;223.5;220;220;1603;0
НКХП ао;60;20171121;140000;222;223;220;220;2574;0
НКХП ао;60;20171121;150000;220;220;219.5;220;891;0
НКХП ао;60;20171121;160000;220;221.5;220;221.5;341;0
НКХП ао;60;20171121;170000;221.5;222;220;220;225;0
НКХП ао;60;20171121;180000;220;220;218.5;220;184;0
НКХП ао;60;20171122;100000;220.5;222.5;220.5;222.5;184;0
НКХП ао;60;20171122;110000;222;222;219;220;148;0
НКХП ао;60;20171122;120000;220.5;221;220;221;7;0
НКХП ао;60;20171122;130000;220.5;220.5;220.5;220.5;39;0
НКХП ао;60;20171122;140000;220.5;220.5;220;220;331;0
НКХП ао;60;20171122;150000;220;220;219.5;219.5;108;0
НКХП ао;60;20171122;160000;220;220;219.5;219.5;42;0
НКХП ао;60;20171122;170000;220;220;219.5;220;126;0
НКХП ао;60;20171122;180000;220;220;220;220;6;0
НКХП ао;60;20171123;100000;220.5;221;218;221;42;0
НКХП ао;60;20171123;110000;221;221;220.5;220.5;33;0
НКХП ао;60;20171123;120000;220.5;220.5;220.5;220.5;1;0
НКХП ао;60;20171123;130000;220;220;220;220;3;0
НКХП ао;60;20171123;140000;219.5;219.5;219.5;219.5;1;0
НКХП ао;60;20171123;150000;219;219;218;218;128;0
НКХП ао;60;20171123;160000;217.5;221;217.5;221;714;0
НКХП ао;60;20171123;170000;221.5;221.5;221;221.5;120;0
НКХП ао;60;20171123;180000;221.5;222;221;222;1913;0
НКХП ао;60;20171124;100000;223;224.5;222.5;224.5;1126;0
НКХП ао;60;20171124;110000;225;226.5;225;226.5;897;0
НКХП ао;60;20171124;120000;227;227;227;227;3;0
НКХП ао;60;20171124;130000;226;228;226;227.5;109;0
НКХП ао;60;20171124;140000;227;227.5;226.5;226.5;10;0
НКХП ао;60;20171124;150000;227.5;227.5;226.5;227.5;55;0
НКХП ао;60;20171124;160000;227.5;227.5;226.5;226.5;45;0
НКХП ао;60;20171124;170000;227;227;226.5;226.5;109;0
НКХП ао;60;20171124;180000;226;226;224.5;224.5;533;0
НКХП ао;60;20171127;090000;225;225;225;225;60;0
НКХП ао;60;20171127;100000;223.5;224.5;222;224.5;11;0
НКХП ао;60;20171127;110000;224.5;224.5;224.5;224.5;113;0
НКХП ао;60;20171127;120000;223;223;220;220.5;417;0
НКХП ао;60;20171127;130000;220.5;221.5;220.5;221.5;22;0
НКХП ао;60;20171127;140000;221.5;221.5;221.5;221.5;2;0
НКХП ао;60;20171127;150000;220.5;220.5;219;219;422;0
НКХП ао;60;20171127;160000;220.5;221;220;221;9;0
НКХП ао;60;20171127;170000;221;221.5;220;221.5;125;0
НКХП ао;60;20171127;180000;220.5;221.5;220;221.5;70;0
НКХП ао;60;20171128;100000;221;221;221;221;3;0
НКХП ао;60;20171128;120000;220.5;221;220.5;221;36;0
НКХП ао;60;20171128;130000;221;221.5;221;221.5;5;0
НКХП ао;60;20171128;140000;220.5;223;220;221;178;0
НКХП ао;60;20171128;150000;221;221;220;220;222;0
НКХП ао;60;20171128;160000;220.5;222.5;220;222.5;56;0
НКХП ао;60;20171128;170000;221;221.5;220;220;214;0
НКХП ао;60;20171129;100000;223;223.5;220.5;220.5;19;0
НКХП ао;60;20171129;120000;220;220;220;220;56;0
НКХП ао;60;20171129;130000;219;219;219;219;19;0
НКХП ао;60;20171129;140000;220.5;220.5;219;219;36;0
НКХП ао;60;20171129;150000;220.5;222;219;219;46;0
НКХП ао;60;20171129;160000;219.5;225;218;225;1720;0
НКХП ао;60;20171129;170000;225.5;250;225;237;9811;0
НКХП ао;60;20171129;180000;237;263.5;235;263.5;6482;0
НКХП ао;60;20171130;090000;255;255;255;255;41;0
НКХП ао;60;20171130;100000;251;251;239;239.5;2227;0
НКХП ао;60;20171130;110000;238.5;240;237.5;239.5;292;0
НКХП ао;60;20171130;120000;239.5;240;237.5;237.5;511;0
НКХП ао;60;20171130;130000;236;240;236;240;515;0
НКХП ао;60;20171130;140000;240;240;238;238;14;0
НКХП ао;60;20171130;150000;237.5;237.5;237;237;3;0
НКХП ао;60;20171130;160000;239;239;236.5;239;10;0
НКХП ао;60;20171130;170000;237;237;235.5;235.5;200;0
НКХП ао;60;20171130;180000;236;236;234;234;278;0
НКХП ао;60;20171201;100000;239.5;239.5;235;237;72;0
НКХП ао;60;20171201;110000;235.5;236.5;234.5;236.5;49;0
НКХП ао;60;20171201;120000;236;236;236;236;5;0
НКХП ао;60;20171201;130000;236;236;234.5;235;516;0
НКХП ао;60;20171201;140000;235;235;235;235;145;0
НКХП ао;60;20171201;150000;235;235;234;234;4;0
НКХП ао;60;20171201;160000;234;234;234;234;1;0
НКХП ао;60;20171201;180000;235;235;235;235;11;0
НКХП ао;60;20171204;100000;235;236;233.5;233.5;200;0
НКХП ао;60;20171204;110000;233.5;233.5;230.5;231.5;320;0
НКХП ао;60;20171204;120000;231;232;230.5;232;63;0
НКХП ао;60;20171204;130000;232.5;233;232.5;233;20;0
НКХП ао;60;20171204;140000;234.5;234.5;234.5;234.5;14;0
НКХП ао;60;20171204;150000;234.5;238;234.5;237;539;0
НКХП ао;60;20171204;160000;237;238;237;238;284;0
НКХП ао;60;20171204;170000;238;238;238;238;59;0
НКХП ао;60;20171204;180000;238;238;236;238;146;0
НКХП ао;60;20171205;100000;238.5;240;236.5;236.5;215;0
НКХП ао;60;20171205;110000;237;237.5;235;235;390;0
НКХП ао;60;20171205;120000;235;237.5;235;237.5;237;0
НКХП ао;60;20171205;130000;237.5;238;237.5;238;106;0
НКХП ао;60;20171205;140000;238.5;239;234;234;170;0
НКХП ао;60;20171205;150000;238;238;237.5;237.5;4;0
НКХП ао;60;20171205;160000;237.5;238;237.5;238;13;0
НКХП ао;60;20171205;170000;238;238.5;237.5;237.5;22;0
НКХП ао;60;20171205;180000;239;239;238;238;320;0
НКХП ао;60;20171206;090000;239;239;239;239;11;0
НКХП ао;60;20171206;100000;239;240;239;240;200;0
НКХП ао;60;20171206;110000;240.5;249;237.5;237.5;587;0
НКХП ао;60;20171206;120000;240;247.5;239.5;240;100;0
НКХП ао;60;20171206;130000;244;244;240;240;72;0
НКХП ао;60;20171206;140000;241.5;242;237.5;237.5;177;0
НКХП ао;60;20171206;150000;239.5;240;239.5;240;33;0
НКХП ао;60;20171206;160000;241.5;242;241.5;242;12;0
НКХП ао;60;20171206;170000;242;242;242;242;51;0
НКХП ао;60;20171206;180000;242;242;240;242;82;0
НКХП ао;60;20171207;100000;241.5;242;241;242;46;0
НКХП ао;60;20171207;110000;242;242;242;242;6;0
НКХП ао;60;20171207;120000;240;240;240;240;1;0
НКХП ао;60;20171207;130000;240.5;240.5;240.5;240.5;1;0
НКХП ао;60;20171207;140000;240.5;242.5;240.5;242.5;21;0
НКХП ао;60;20171207;150000;243;243.5;242;242;15;0
НКХП ао;60;20171207;160000;243.5;245;243.5;245;52;0
НКХП ао;60;20171207;170000;245;246.5;245;246.5;17;0
НКХП ао;60;20171207;180000;246.5;249;246.5;247.5;231;0
НКХП ао;60;20171208;100000;243;254.5;243;253.5;283;0
НКХП ао;60;20171208;110000;253.5;254.5;250;251;190;0
НКХП ао;60;20171208;120000;253;253;250;252;43;0
НКХП ао;60;20171208;130000;252;253;252;252;116;0
НКХП ао;60;20171208;140000;249;250;247;250;54;0
НКХП ао;60;20171208;150000;250;251;250;251;14;0
НКХП ао;60;20171208;160000;250.5;251;250;250;98;0
НКХП ао;60;20171208;170000;250;250;250;250;29;0
НКХП ао;60;20171208;180000;247.5;248.5;247.5;248.5;26;0
НКХП ао;60;20171211;100000;244;254;244;246;55;0
НКХП ао;60;20171211;110000;246;251.5;245;251.5;48;0
НКХП ао;60;20171211;120000;251.5;251.5;246;246;131;0
НКХП ао;60;20171211;130000;246;246;246;246;66;0
НКХП ао;60;20171211;140000;246;246;246;246;10;0
НКХП ао;60;20171211;150000;248.5;250;247;250;79;0
НКХП ао;60;20171211;160000;246.5;247;246;246.5;43;0
НКХП ао;60;20171211;170000;246;250;245.5;248.5;130;0
НКХП ао;60;20171211;180000;246;249;246;246;37;0
НКХП ао;60;20171212;100000;249;251;240.5;251;175;0
НКХП ао;60;20171212;110000;248.5;248.5;244;248;332;0
НКХП ао;60;20171212;120000;245.5;245.5;244.5;244.5;16;0
НКХП ао;60;20171212;130000;246;246;245;245;51;0
НКХП ао;60;20171212;140000;244.5;246;244.5;246;87;0
НКХП ао;60;20171212;150000;247;247;244.5;246;85;0
НКХП ао;60;20171212;160000;244.5;246.5;244;245;60;0
НКХП ао;60;20171212;170000;246.5;247;245;245;38;0
НКХП ао;60;20171212;180000;245;245.5;245;245.5;50;0
НКХП ао;60;20171213;100000;250;250;245;245.5;89;0
НКХП ао;60;20171213;110000;247.5;247.5;246;246;57;0
НКХП ао;60;20171213;120000;246;246;245;245;90;0
НКХП ао;60;20171213;130000;245;245;245;245;110;0
НКХП ао;60;20171213;140000;244;245;244;245;48;0
НКХП ао;60;20171213;150000;244;245;242;242;222;0
НКХП ао;60;20171213;160000;244;244.5;240;242;504;0
НКХП ао;60;20171213;170000;242;244;240;241.5;107;0
НКХП ао;60;20171213;180000;242;243.5;239;242;218;0
НКХП ао;60;20171214;090000;236.5;236.5;236.5;236.5;1;0
НКХП ао;60;20171214;100000;236.5;240.5;232;239.5;410;0
НКХП ао;60;20171214;110000;239.5;239.5;236;237.5;45;0
НКХП ао;60;20171214;120000;236;238.5;235.5;237;137;0
НКХП ао;60;20171214;130000;235.5;236;235.5;236;85;0
НКХП ао;60;20171214;140000;237;237;237;237;5;0
НКХП ао;60;20171214;150000;237;237;237;237;9;0
НКХП ао;60;20171214;160000;238;239.5;238;239;22;0
НКХП ао;60;20171214;170000;239;244.5;239;244.5;244;0
НКХП ао;60;20171214;180000;243.5;244.5;243.5;244.5;73;0
НКХП ао;60;20171215;100000;245.5;245.5;241;244;120;0
НКХП ао;60;20171215;110000;243;245;242;245;176;0
НКХП ао;60;20171215;120000;245;245;245;245;122;0
НКХП ао;60;20171215;130000;242.5;244;241;244;55;0
НКХП ао;60;20171215;140000;242.5;244;242.5;244;2;0
НКХП ао;60;20171215;150000;244;245;242.5;245;114;0
НКХП ао;60;20171215;160000;245;246.5;243.5;243.5;8;0
НКХП ао;60;20171215;170000;246.5;247;246.5;247;13;0
НКХП ао;60;20171215;180000;247;247;244.5;247;9;0
НКХП ао;60;20171218;100000;246.5;246.5;246.5;246.5;7;0
НКХП ао;60;20171218;120000;245;245;244;244;26;0
НКХП ао;60;20171218;130000;243.5;243.5;243.5;243.5;40;0
НКХП ао;60;20171218;140000;243.5;245.5;243.5;243.5;64;0
НКХП ао;60;20171218;150000;243;245;243;243;23;0
НКХП ао;60;20171218;160000;242.5;244.5;242.5;244.5;46;0
НКХП ао;60;20171218;170000;244.5;244.5;241.5;241.5;63;0
НКХП ао;60;20171218;180000;241.5;243.5;237;239.5;176;0
НКХП ао;60;20171219;100000;243;243;237;237;42;0
НКХП ао;60;20171219;110000;238.5;239;235;239;568;0
НКХП ао;60;20171219;120000;240;240;240;240;10;0
НКХП ао;60;20171219;130000;239.5;239.5;239.5;239.5;1;0
НКХП ао;60;20171219;140000;239.5;239.5;236.5;237;33;0
НКХП ао;60;20171219;150000;237;238.5;237;238.5;6;0
НКХП ао;60;20171219;160000;238.5;239;238.5;239;20;0
НКХП ао;60;20171219;170000;239.5;240;238.5;240;38;0
НКХП ао;60;20171219;180000;239.5;239.5;239.5;239.5;1;0
НКХП ао;60;20171220;100000;237.5;240;233;233;2161;0
НКХП ао;60;20171220;110000;232.5;237.5;230;236;134;0
НКХП ао;60;20171220;120000;233;236;230;234;831;0
НКХП ао;60;20171220;130000;234;235;231.5;235;44;0
НКХП ао;60;20171220;140000;235;235;230;230;66;0
НКХП ао;60;20171220;150000;232;233;230.5;232;37;0
НКХП ао;60;20171220;160000;230.5;233.5;230;233.5;73;0
НКХП ао;60;20171220;170000;231.5;232.5;230.5;232.5;12;0
НКХП ао;60;20171220;180000;233;234.5;233;234;29;0
НКХП ао;60;20171221;100000;235;235;231.5;234.5;8;0
НКХП ао;60;20171221;110000;234.5;237;234.5;237;38;0
НКХП ао;60;20171221;120000;234.5;234.5;231;232;20;0
НКХП ао;60;20171221;130000;232;232;232;232;19;0
НКХП ао;60;20171221;140000;232;232;231.5;232;38;0
НКХП ао;60;20171221;150000;234.5;234.5;234.5;234.5;1;0
НКХП ао;60;20171221;160000;234.5;235;232;232;87;0
НКХП ао;60;20171221;180000;234;234;234;234;1;0
НКХП ао;60;20171222;100000;236;236;234.5;234.5;7;0
НКХП ао;60;20171222;110000;234.5;234.5;234.5;234.5;4;0
НКХП ао;60;20171222;120000;232.5;232.5;231;232.5;87;0
НКХП ао;60;20171222;130000;232.5;233;230.5;233;17;0
НКХП ао;60;20171222;140000;233;233;232;232;22;0
НКХП ао;60;20171222;150000;232.5;233.5;232.5;233.5;13;0
НКХП ао;60;20171222;160000;233.5;234.5;233.5;234.5;9;0
НКХП ао;60;20171222;170000;234.5;237;234.5;237;25;0
НКХП ао;60;20171222;180000;237;238;235;238;66;0
НКХП ао;60;20171225;100000;235.5;239.5;235.5;239.5;30;0
НКХП ао;60;20171225;110000;238;239;235.5;236;51;0
НКХП ао;60;20171225;120000;236;236;235;236;5;0
НКХП ао;60;20171225;130000;236;237;236;237;44;0
НКХП ао;60;20171225;140000;236.5;239.5;236.5;237.5;89;0
НКХП ао;60;20171225;150000;239.5;239.5;239;239;16;0
НКХП ао;60;20171225;160000;237.5;239;237.5;238.5;15;0
НКХП ао;60;20171225;180000;237;239;235.5;239;52;0
НКХП ао;60;20171226;100000;239;239;239;239;2;0
НКХП ао;60;20171226;130000;236.5;236.5;236;236;7;0
НКХП ао;60;20171226;140000;236.5;236.5;234.5;234.5;101;0
НКХП ао;60;20171226;160000;235;235;231;235;105;0
НКХП ао;60;20171226;170000;233.5;236;233.5;236;9;0
НКХП ао;60;20171226;180000;236;236;232.5;236;39;0
НКХП ао;60;20171227;100000;233;233;231.5;232;26;0
НКХП ао;60;20171227;110000;232;234.5;232;234.5;86;0
НКХП ао;60;20171227;120000;235;235.5;235;235.5;23;0
НКХП ао;60;20171227;130000;235.5;236;235.5;236;11;0
НКХП ао;60;20171227;140000;234.5;236;234.5;236;23;0
НКХП ао;60;20171227;150000;236;236;234;234;25;0
НКХП ао;60;20171227;160000;234.5;235.5;226;232.5;829;0
НКХП ао;60;20171227;170000;231.5;231.5;231;231;65;0
НКХП ао;60;20171227;180000;231;232.5;231;232.5;29;0
НКХП ао;60;20171228;100000;232;236.5;231.5;233.5;165;0
НКХП ао;60;20171228;110000;234;234.5;234;234.5;20;0
НКХП ао;60;20171228;120000;234.5;234.5;232.5;232.5;14;0
НКХП ао;60;20171228;140000;233.5;234;233.5;234;10;0
НКХП ао;60;20171228;150000;234;234;234;234;1;0
НКХП ао;60;20171228;160000;234;234;234;234;4;0
НКХП ао;60;20171228;170000;234;234;231;234;114;0
НКХП ао;60;20171228;180000;234.5;235.5;234.5;235.5;4;0
НКХП ао;60;20171229;100000;235.5;236.5;235.5;236;13;0
НКХП ао;60;20171229;110000;233.5;236;230.5;232.5;106;0
НКХП ао;60;20171229;120000;232.5;233.5;232.5;233.5;18;0
НКХП ао;60;20171229;130000;233;233;233;233;1;0
НКХП ао;60;20171229;140000;233;233.5;232.5;232.5;20;0
НКХП ао;60;20171229;160000;234;235.5;234;235.5;21;0
НКХП ао;60;20171229;170000;233.5;235.5;233.5;235.5;10;0
НКХП ао;60;20171229;180000;234.5;235;234.5;234.5;13;0
