<TICKER>;<PER>;<DATE>;<TIME>;<OPEN>;<HIGH>;<LOW>;<CLOSE>;<VOL>;<OPENINT>
ОМПК ао;60;20170124;110000;54;54;54;54;2;0
ОМПК ао;60;20170124;120000;53.5;53.5;52.5;52.5;14;0
ОМПК ао;60;20170124;160000;52.5;52.5;52.5;52.5;4;0
ОМПК ао;60;20170124;170000;52.5;52.5;52.5;52.5;6;0
ОМПК ао;60;20170124;180000;53.9;53.9;53.9;53.9;1;0
ОМПК ао;60;20170125;100000;50;52.5;50;52.5;2;0
ОМПК ао;60;20170125;120000;52.5;52.5;52.5;52.5;6;0
ОМПК ао;60;20170125;180000;50.3;50.3;50.3;50.3;1;0
ОМПК ао;60;20170126;100000;50;51.8;50;51.8;2;0
ОМПК ао;60;20170126;160000;50.3;50.3;49.1;49.1;8;0
ОМПК ао;60;20170126;170000;49;49;45;45;70;0
ОМПК ао;60;20170126;180000;45;50;45;50;36;0
ОМПК ао;60;20170127;160000;51.3;51.5;51.3;51.5;3;0
ОМПК ао;60;20170127;170000;51.8;51.8;51.8;51.8;1;0
ОМПК ао;60;20170130;150000;51;51;51;51;1;0
ОМПК ао;60;20170201;100000;52.4;53;52.4;53;2;0
ОМПК ао;60;20170201;110000;52;52;52;52;3;0
ОМПК ао;60;20170201;180000;52;53.4;52;53.4;2;0
ОМПК ао;60;20170203;110000;52.9;52.9;52.9;52.9;1;0
ОМПК ао;60;20170203;130000;53;53;53;53;1;0
ОМПК ао;60;20170206;090000;58.3;58.3;58.3;58.3;14;0
ОМПК ао;60;20170206;100000;65;74;65;72.2;153;0
ОМПК ао;60;20170206;110000;73.9;74.1;72.4;74.1;116;0
ОМПК ао;60;20170206;130000;74.1;74.1;74.1;74.1;1;0
ОМПК ао;60;20170206;140000;74.1;74.1;74.1;74.1;5;0
ОМПК ао;60;20170206;180000;74.1;74.1;74.1;74.1;2;0
ОМПК ао;60;20170207;090000;81.5;81.5;81.5;81.5;13;0
ОМПК ао;60;20170207;100000;81.5;90;72;72;193;0
ОМПК ао;60;20170207;110000;71.6;72.9;70;72.9;38;0
ОМПК ао;60;20170207;120000;71;72.5;65;69.5;88;0
ОМПК ао;60;20170207;130000;69.5;70.2;69.5;70.2;4;0
ОМПК ао;60;20170207;140000;70.5;73;70.5;71;20;0
ОМПК ао;60;20170207;160000;71;71;69.3;69.3;2;0
ОМПК ао;60;20170207;170000;69.2;69.2;67.2;67.5;37;0
ОМПК ао;60;20170207;180000;69;70;69;69;19;0
ОМПК ао;60;20170208;100000;69.1;69.9;68.5;69.9;6;0
ОМПК ао;60;20170208;110000;71.5;73;71.5;73;7;0
ОМПК ао;60;20170208;130000;71.1;71.1;70.9;71;9;0
ОМПК ао;60;20170208;140000;70.3;70.3;70.3;70.3;1;0
ОМПК ао;60;20170208;180000;70;72.5;70;72.5;3;0
ОМПК ао;60;20170209;100000;70.8;70.8;70.6;70.6;3;0
ОМПК ао;60;20170209;170000;70.4;70.4;70;70;3;0
ОМПК ао;60;20170210;100000;71.8;82;71.8;73.5;59;0
ОМПК ао;60;20170210;110000;72.4;78.8;72.4;78.8;4;0
ОМПК ао;60;20170210;120000;74.9;74.9;73.8;73.8;8;0
ОМПК ао;60;20170210;130000;74.1;74.1;74.1;74.1;1;0
ОМПК ао;60;20170210;140000;73.9;73.9;73.9;73.9;1;0
ОМПК ао;60;20170210;150000;73.8;73.8;73.8;73.8;1;0
ОМПК ао;60;20170210;170000;74;74;74;74;2;0
ОМПК ао;60;20170210;180000;74.1;74.5;74.1;74.5;12;0
ОМПК ао;60;20170213;100000;70.7;73.5;70.6;72.5;9;0
ОМПК ао;60;20170213;110000;72.4;72.4;70.6;70.6;10;0
ОМПК ао;60;20170213;120000;70.5;72.5;70.5;71;17;0
ОМПК ао;60;20170213;140000;71;71;71;71;2;0
ОМПК ао;60;20170213;180000;71.9;71.9;71.9;71.9;1;0
ОМПК ао;60;20170214;110000;72.8;72.8;72.8;72.8;1;0
ОМПК ао;60;20170214;120000;72.9;73;72.9;73;3;0
ОМПК ао;60;20170214;160000;73;74.5;73;74.5;18;0
ОМПК ао;60;20170214;170000;74.4;74.5;73;73;5;0
ОМПК ао;60;20170214;180000;72.2;74.4;72.1;74.4;6;0
ОМПК ао;60;20170215;100000;72.5;72.5;69;69;18;0
ОМПК ао;60;20170215;110000;69.6;72;69.6;72;6;0
ОМПК ао;60;20170215;120000;72;72.1;71.9;72;13;0
ОМПК ао;60;20170215;150000;72.1;72.1;71.1;71.1;2;0
ОМПК ао;60;20170216;100000;71.4;71.4;71.3;71.3;6;0
ОМПК ао;60;20170216;120000;71.5;71.5;71.2;71.2;10;0
ОМПК ао;60;20170217;120000;71.2;71.2;71.1;71.1;6;0
ОМПК ао;60;20170220;130000;71.1;71.1;71.1;71.1;1;0
ОМПК ао;60;20170220;170000;71.1;71.1;71.1;71.1;1;0
ОМПК ао;60;20170221;100000;72;72.1;72;72.1;4;0
ОМПК ао;60;20170221;110000;71.3;71.3;71;71;8;0
ОМПК ао;60;20170221;150000;71.1;71.1;71;71;14;0
ОМПК ао;60;20170221;170000;71;71;71;71;1;0
ОМПК ао;60;20170221;180000;71.1;73.5;71;73.5;16;0
ОМПК ао;60;20170222;100000;73.3;73.4;73.3;73.4;2;0
ОМПК ао;60;20170222;110000;71.1;71.1;71.1;71.1;1;0
ОМПК ао;60;20170222;160000;71.2;71.2;71.2;71.2;1;0
ОМПК ао;60;20170224;130000;71.1;71.1;71;71;21;0
ОМПК ао;60;20170224;160000;71.2;71.2;71.2;71.2;10;0
ОМПК ао;60;20170227;100000;71;71;71;71;1;0
ОМПК ао;60;20170227;130000;71.3;71.3;71.3;71.3;1;0
ОМПК ао;60;20170227;150000;71;71;71;71;49;0
ОМПК ао;60;20170227;170000;70.9;71;70.9;71;2;0
ОМПК ао;60;20170227;180000;71;71;71;71;21;0
ОМПК ао;60;20170228;160000;70;70;70;70;1;0
ОМПК ао;60;20170228;170000;70;70;70;70;7;0
ОМПК ао;60;20170228;180000;70;70;70;70;3;0
ОМПК ао;60;20170301;150000;70.1;70.1;70.1;70.1;1;0
ОМПК ао;60;20170301;180000;70.1;70.1;70.1;70.1;1;0
ОМПК ао;60;20170303;100000;69.8;70;69.8;70;3;0
ОМПК ао;60;20170303;110000;69.8;69.8;55.6;64.5;214;0
ОМПК ао;60;20170303;120000;64.6;67.9;64.6;67.9;17;0
ОМПК ао;60;20170303;140000;67.8;68;67.8;68;5;0
ОМПК ао;60;20170303;170000;68;68;68;68;15;0
ОМПК ао;60;20170303;180000;70.1;70.1;70.1;70.1;3;0
ОМПК ао;60;20170307;110000;69.7;69.7;69.7;69.7;1;0
ОМПК ао;60;20170309;100000;69.5;69.5;69.5;69.5;37;0
ОМПК ао;60;20170309;110000;69.5;69.5;69.5;69.5;13;0
ОМПК ао;60;20170309;160000;67;67;67;67;3;0
ОМПК ао;60;20170310;140000;65.8;65.8;65.5;65.5;6;0
ОМПК ао;60;20170310;150000;65.5;65.5;65.5;65.5;1;0
ОМПК ао;60;20170315;110000;65.7;65.7;65.7;65.7;1;0
ОМПК ао;60;20170320;100000;65.6;65.6;65.6;65.6;1;0
ОМПК ао;60;20170322;100000;65.6;65.6;65.6;65.6;1;0
ОМПК ао;60;20170322;120000;65.7;65.7;65.7;65.7;1;0
ОМПК ао;60;20170322;180000;67.7;67.7;67.7;67.7;1;0
ОМПК ао;60;20170324;130000;65.6;65.6;65;65;61;0
ОМПК ао;60;20170324;140000;65;65;65;65;3;0
ОМПК ао;60;20170327;110000;65;65;65;65;1;0
ОМПК ао;60;20170327;120000;65;65;65;65;1;0
ОМПК ао;60;20170327;180000;65;65;65;65;1;0
ОМПК ао;60;20170328;100000;65;65;65;65;1;0
ОМПК ао;60;20170328;110000;65;65;65;65;1;0
ОМПК ао;60;20170329;130000;65;65;65;65;2;0
ОМПК ао;60;20170329;160000;64.1;64.1;62;62;15;0
ОМПК ао;60;20170329;170000;62;62.1;62;62.1;8;0
ОМПК ао;60;20170330;100000;62.1;62.1;62.1;62.1;1;0
ОМПК ао;60;20170330;110000;62.7;63;62.7;63;50;0
ОМПК ао;60;20170330;130000;62;62;62;62;32;0
ОМПК ао;60;20170330;140000;62;62;62;62;8;0
ОМПК ао;60;20170330;150000;62.1;62.1;62;62;3;0
ОМПК ао;60;20170330;160000;62;62;62;62;9;0
ОМПК ао;60;20170330;170000;62;62;62;62;8;0
ОМПК ао;60;20170330;180000;62.3;62.3;62.3;62.3;13;0
ОМПК ао;60;20170331;100000;58.7;60;58.7;60;32;0
ОМПК ао;60;20170331;130000;56.3;59.9;56;57.4;19;0
ОМПК ао;60;20170331;150000;59.7;59.7;56.5;57.8;13;0
ОМПК ао;60;20170331;180000;59.3;59.3;59.3;59.3;1;0
ОМПК ао;60;20170403;110000;57;57;57;57;5;0
ОМПК ао;60;20170403;130000;54.5;54.5;51.4;52.4;5;0
ОМПК ао;60;20170403;140000;54.9;54.9;54.9;54.9;1;0
ОМПК ао;60;20170403;150000;51.1;53;51.1;53;5;0
ОМПК ао;60;20170403;170000;53.5;53.5;53.5;53.5;7;0
ОМПК ао;60;20170403;180000;53.5;53.5;53;53;21;0
ОМПК ао;60;20170404;110000;50.6;54.9;50.6;51.8;35;0
ОМПК ао;60;20170404;140000;52.2;52.2;51.9;52;14;0
ОМПК ао;60;20170405;100000;52.9;52.9;52.9;52.9;1;0
ОМПК ао;60;20170405;120000;52;52;51.7;51.7;5;0
ОМПК ао;60;20170405;150000;52;52;52;52;20;0
ОМПК ао;60;20170405;160000;51.1;52.5;51;52.5;85;0
ОМПК ао;60;20170407;120000;52.5;52.8;52.5;52.8;2;0
ОМПК ао;60;20170410;170000;52.6;52.6;52.6;52.6;1;0
ОМПК ао;60;20170411;180000;51.3;51.3;51;51;13;0
ОМПК ао;60;20170413;110000;51;51;51;51;20;0
ОМПК ао;60;20170413;160000;51;51;51;51;1;0
ОМПК ао;60;20170413;170000;51;51;51;51;25;0
ОМПК ао;60;20170414;130000;47.2;47.2;47.2;47.2;1;0
ОМПК ао;60;20170414;180000;54.5;54.5;54.5;54.5;1;0
ОМПК ао;60;20170417;150000;50;50;50;50;3;0
ОМПК ао;60;20170418;140000;52;52;52;52;1;0
ОМПК ао;60;20170418;170000;54;55;54;54;67;0
ОМПК ао;60;20170418;180000;54;55.8;54;55.8;25;0
ОМПК ао;60;20170419;100000;51.7;57;51.7;57;5;0
ОМПК ао;60;20170419;110000;52.7;52.7;52.7;52.7;1;0
ОМПК ао;60;20170419;120000;53.2;53.2;53.2;53.2;3;0
ОМПК ао;60;20170420;100000;57;57;50;50;5;0
ОМПК ао;60;20170420;110000;53.9;54.1;53.9;54.1;4;0
ОМПК ао;60;20170420;150000;54.6;54.6;54.6;54.6;1;0
ОМПК ао;60;20170421;100000;55;55;55;55;2;0
ОМПК ао;60;20170421;160000;55;55;55;55;8;0
ОМПК ао;60;20170424;140000;54.6;54.6;52.9;52.9;3;0
ОМПК ао;60;20170424;160000;51.8;51.8;51;51;3;0
ОМПК ао;60;20170424;180000;52.3;52.3;52.3;52.3;1;0
ОМПК ао;60;20170425;090000;52.4;52.4;52.4;52.4;1;0
ОМПК ао;60;20170425;140000;56.9;56.9;56.9;56.9;1;0
ОМПК ао;60;20170425;160000;54.1;54.1;52.5;52.5;13;0
ОМПК ао;60;20170426;160000;55.9;56;52.4;52.4;5;0
ОМПК ао;60;20170427;120000;52.5;52.5;52.5;52.5;1;0
ОМПК ао;60;20170502;120000;53.9;53.9;53.9;53.9;1;0
ОМПК ао;60;20170502;140000;54.8;59;54.8;59;44;0
ОМПК ао;60;20170502;150000;57.5;57.5;52.5;52.5;11;0
ОМПК ао;60;20170503;150000;54.7;54.7;53.1;53.1;2;0
ОМПК ао;60;20170503;170000;55.4;55.4;55.4;55.4;1;0
ОМПК ао;60;20170504;100000;53.5;53.5;47.2;49.4;9;0
ОМПК ао;60;20170504;110000;53.5;54.4;53.5;54.4;4;0
ОМПК ао;60;20170504;120000;54.4;54.4;54.4;54.4;8;0
ОМПК ао;60;20170504;160000;55;55;55;55;1;0
ОМПК ао;60;20170505;100000;57;57;57;57;30;0
ОМПК ао;60;20170505;110000;57;57;57;57;2;0
ОМПК ао;60;20170505;120000;58.4;60;58.4;60;11;0
ОМПК ао;60;20170505;130000;60;60;57.5;57.5;40;0
ОМПК ао;60;20170505;140000;57.6;57.6;57.6;57.6;1;0
ОМПК ао;60;20170505;160000;57;57;57;57;2;0
ОМПК ао;60;20170505;180000;57;57;57;57;1;0
ОМПК ао;60;20170510;110000;52.5;53.4;52.4;52.4;3;0
ОМПК ао;60;20170510;120000;51.6;51.6;51.6;51.6;1;0
ОМПК ао;60;20170510;140000;52.4;53.9;52.4;53.9;40;0
ОМПК ао;60;20170511;180000;55;55;55;55;1;0
ОМПК ао;60;20170512;100000;53;53;53;53;2;0
ОМПК ао;60;20170512;160000;55;55;55;55;2;0
ОМПК ао;60;20170512;170000;55;55;55;55;18;0
ОМПК ао;60;20170516;110000;53;53;51;51.9;14;0
ОМПК ао;60;20170517;130000;52.1;52.1;52;52;9;0
ОМПК ао;60;20170517;140000;53.5;53.5;53;53;17;0
ОМПК ао;60;20170517;150000;53;53;53;53;8;0
ОМПК ао;60;20170518;140000;51.4;51.4;51.3;51.3;2;0
ОМПК ао;60;20170519;160000;52;52;52;52;1;0
ОМПК ао;60;20170519;170000;52;52;52;52;1;0
ОМПК ао;60;20170522;140000;48.7;49.4;48.5;49.4;5;0
ОМПК ао;60;20170522;180000;48.8;48.8;48.8;48.8;1;0
ОМПК ао;60;20170525;100000;47.1;47.1;47;47;51;0
ОМПК ао;60;20170525;160000;48;48;47.7;47.7;11;0
ОМПК ао;60;20170525;170000;51.7;52.4;45;46.4;94;0
ОМПК ао;60;20170525;180000;46.4;46.4;45.6;45.6;24;0
ОМПК ао;60;20170529;100000;42.2;47;40;43.4;434;0
ОМПК ао;60;20170529;110000;46.6;47.9;42.8;42.8;11;0
ОМПК ао;60;20170529;130000;44;50;42.1;43.5;140;0
ОМПК ао;60;20170529;140000;45;45;44.3;44.6;3;0
ОМПК ао;60;20170529;180000;45.2;45.2;45.1;45.1;2;0
ОМПК ао;60;20170530;130000;45.6;48.4;45.6;48.4;3;0
ОМПК ао;60;20170530;150000;45.6;45.6;45.5;45.5;4;0
ОМПК ао;60;20170530;180000;47.9;49;45.7;46;29;0
ОМПК ао;60;20170531;180000;46;46;46;46;15;0
ОМПК ао;60;20170601;100000;46.9;46.9;43.1;46.7;3;0
ОМПК ао;60;20170601;150000;43.9;43.9;43.9;43.9;1;0
ОМПК ао;60;20170601;160000;48.8;49.8;43.9;43.9;6;0
ОМПК ао;60;20170602;100000;48.9;49.8;48.9;49.8;3;0
ОМПК ао;60;20170602;110000;43.6;43.6;43.6;43.6;1;0
ОМПК ао;60;20170605;130000;48.9;48.9;48.9;48.9;1;0
ОМПК ао;60;20170605;170000;49;50;49;50;3;0
ОМПК ао;60;20170613;110000;51;51.9;40.9;46;10;0
ОМПК ао;60;20170613;120000;46;46;45.8;46;38;0
ОМПК ао;60;20170613;150000;52.8;54.9;52.8;54.9;8;0
ОМПК ао;60;20170613;160000;45.1;45.1;45.1;45.1;1;0
ОМПК ао;60;20170614;100000;54.6;54.6;54.6;54.6;1;0
ОМПК ао;60;20170614;110000;54.2;54.2;44;44;6;0
ОМПК ао;60;20170614;130000;53.5;53.7;53.5;53.7;3;0
ОМПК ао;60;20170614;140000;47.5;47.5;47.5;47.5;1;0
ОМПК ао;60;20170615;120000;52;52;48;48;7;0
ОМПК ао;60;20170615;150000;53.4;53.4;53.4;53.4;2;0
ОМПК ао;60;20170615;160000;53.6;53.6;53.6;53.6;1;0
ОМПК ао;60;20170621;170000;53.3;53.3;53.3;53.3;2;0
ОМПК ао;60;20170622;100000;45.5;45.5;45.5;45.5;1;0
ОМПК ао;60;20170622;110000;48.4;48.4;48.4;48.4;1;0
ОМПК ао;60;20170622;130000;48.5;48.5;48.5;48.5;1;0
ОМПК ао;60;20170622;140000;49.1;49.1;49.1;49.1;1;0
ОМПК ао;60;20170622;180000;50;53.6;50;53.6;2;0
ОМПК ао;60;20170623;180000;53.7;53.9;53.7;53.9;5;0
ОМПК ао;60;20170626;140000;53.9;53.9;53.9;53.9;1;0
ОМПК ао;60;20170626;170000;51;51.1;51;51;5;0
ОМПК ао;60;20170626;180000;53.8;62.9;51;62.9;104;0
ОМПК ао;60;20170627;120000;58;58;58;58;1;0
ОМПК ао;60;20170627;170000;57.7;58;53.4;57.1;30;0
ОМПК ао;60;20170628;100000;53.8;57.4;53.7;57;10;0
ОМПК ао;60;20170628;110000;57;57;56;56;8;0
ОМПК ао;60;20170628;120000;56;56;56;56;1;0
ОМПК ао;60;20170628;130000;55;55;55;55;1;0
ОМПК ао;60;20170628;140000;55.6;55.6;53.8;55;9;0
ОМПК ао;60;20170628;160000;53.8;53.8;53.5;53.5;319;0
ОМПК ао;60;20170628;170000;53.9;53.9;53.9;53.9;1;0
ОМПК ао;60;20170628;180000;53.9;54;53.9;54;16;0
ОМПК ао;60;20170629;110000;54;54;54;54;7;0
ОМПК ао;60;20170629;160000;55;55;55;55;1;0
ОМПК ао;60;20170630;100000;54.3;54.4;54.3;54.4;12;0
ОМПК ао;60;20170630;110000;55;56.1;55;56.1;4;0
ОМПК ао;60;20170630;120000;55.3;55.3;55.3;55.3;212;0
ОМПК ао;60;20170630;130000;55.1;55.1;55.1;55.1;1;0
ОМПК ао;60;20170630;140000;55.3;58;55.3;58;11;0
ОМПК ао;60;20170630;170000;59.9;59.9;59.9;59.9;1;0
ОМПК ао;60;20170703;110000;55;55;55;55;10;0
ОМПК ао;60;20170703;160000;55.1;55.1;55.1;55.1;2;0
ОМПК ао;60;20170703;180000;55.3;55.3;55.3;55.3;2;0
ОМПК ао;60;20170704;100000;54.3;54.3;54;54.1;112;0
ОМПК ао;60;20170704;140000;54;54;54;54;17;0
ОМПК ао;60;20170704;180000;56.2;56.7;56.2;56.7;20;0
ОМПК ао;60;20170706;110000;54.2;54.2;54;54;30;0
ОМПК ао;60;20170706;120000;54;54;54;54;5;0
ОМПК ао;60;20170706;180000;54;54;54;54;2;0
ОМПК ао;60;20170711;110000;54;54;54;54;7;0
ОМПК ао;60;20170711;150000;54.2;54.2;54.2;54.2;8;0
ОМПК ао;60;20170712;100000;54;54.7;54;54.7;2;0
ОМПК ао;60;20170712;130000;55.4;55.4;55.4;55.4;1;0
ОМПК ао;60;20170712;140000;55.9;56;55.9;56;4;0
ОМПК ао;60;20170712;160000;55;55;55;55;3;0
ОМПК ао;60;20170713;110000;54.6;54.6;54.6;54.6;2;0
ОМПК ао;60;20170713;150000;54.6;54.6;54.6;54.6;1;0
ОМПК ао;60;20170713;160000;54.6;54.7;54.6;54.6;33;0
ОМПК ао;60;20170713;170000;54.5;54.6;54.5;54.6;33;0
ОМПК ао;60;20170713;180000;54.8;54.8;54.7;54.7;16;0
ОМПК ао;60;20170714;100000;54.8;54.8;54.7;54.7;4;0
ОМПК ао;60;20170714;110000;54.7;54.7;54.7;54.7;13;0
ОМПК ао;60;20170714;150000;54.7;54.7;54.7;54.7;4;0
ОМПК ао;60;20170717;100000;54;54;54;54;1;0
ОМПК ао;60;20170718;110000;54.7;54.7;54.7;54.7;2;0
ОМПК ао;60;20170719;130000;54.7;54.7;54.7;54.7;53;0
ОМПК ао;60;20170719;140000;54.7;54.7;54.7;54.7;1;0
ОМПК ао;60;20170720;180000;54.9;54.9;54.9;54.9;1;0
ОМПК ао;60;20170721;100000;59.9;59.9;59.9;59.9;2;0
ОМПК ао;60;20170725;100000;54.8;54.8;54.7;54.7;23;0
ОМПК ао;60;20170726;130000;54.7;54.7;54.7;54.7;27;0
ОМПК ао;60;20170727;110000;56.9;56.9;56.9;56.9;1;0
ОМПК ао;60;20170731;100000;54.6;54.6;54.6;54.6;27;0
ОМПК ао;60;20170731;130000;54.8;54.8;54.8;54.8;30;0
ОМПК ао;60;20170731;140000;54.7;54.7;54.7;54.7;30;0
ОМПК ао;60;20170801;100000;54.7;54.7;54.7;54.7;69;0
ОМПК ао;60;20170801;110000;54.7;54.7;54.7;54.7;20;0
ОМПК ао;60;20170802;110000;55.5;55.5;55.5;55.5;1;0
ОМПК ао;60;20170802;120000;54.7;54.7;54.7;54.7;5;0
ОМПК ао;60;20170802;180000;57;57;57;57;1;0
ОМПК ао;60;20170804;150000;55;55;55;55;1;0
ОМПК ао;60;20170808;100000;54.7;54.7;54.7;54.7;30;0
ОМПК ао;60;20170808;170000;54.8;54.8;54.8;54.8;1;0
ОМПК ао;60;20170809;130000;54.7;54.7;54.7;54.7;30;0
ОМПК ао;60;20170809;170000;55.1;55.1;55.1;55.1;1;0
ОМПК ао;60;20170810;130000;54.8;54.8;54.8;54.8;5;0
ОМПК ао;60;20170811;170000;55;55;55;55;1;0
ОМПК ао;60;20170815;100000;54.7;56.4;54.7;54.8;9;0
ОМПК ао;60;20170815;130000;55;55;54.7;54.7;6;0
ОМПК ао;60;20170815;170000;54.7;54.7;54.7;54.7;26;0
ОМПК ао;60;20170821;160000;55;55;55;55;1;0
ОМПК ао;60;20170821;170000;54.7;54.7;54.7;54.7;60;0
ОМПК ао;60;20170823;100000;54.7;54.7;54.7;54.7;1;0
ОМПК ао;60;20170824;130000;54.7;54.7;54.7;54.7;13;0
ОМПК ао;60;20170824;160000;54.7;54.7;54.7;54.7;1;0
ОМПК ао;60;20170824;180000;54.7;54.7;54.7;54.7;2;0
ОМПК ао;60;20170825;150000;54.7;54.7;54.7;54.7;1;0
ОМПК ао;60;20170828;110000;55;55;55;55;1;0
ОМПК ао;60;20170829;130000;54.7;54.7;54.7;54.7;67;0
ОМПК ао;60;20170829;160000;54.7;54.7;54.7;54.7;27;0
ОМПК ао;60;20170901;120000;54.7;54.7;54.7;54.7;40;0
ОМПК ао;60;20170904;100000;54.7;54.7;54.7;54.7;10;0
ОМПК ао;60;20170904;150000;54.7;54.7;54.7;54.7;1;0
ОМПК ао;60;20170905;180000;55.5;55.5;55.5;55.5;1;0
ОМПК ао;60;20170908;150000;54.7;54.7;54.7;54.7;2;0
ОМПК ао;60;20170908;180000;54.8;54.8;54.8;54.8;1;0
ОМПК ао;60;20170911;140000;54.7;54.7;54.7;54.7;2;0
ОМПК ао;60;20170912;120000;54.7;54.7;54.7;54.7;106;0
ОМПК ао;60;20170912;180000;54.7;54.7;54.7;54.7;6;0
ОМПК ао;60;20170913;170000;55.1;55.1;55.1;55.1;1;0
ОМПК ао;60;20170922;160000;54.7;54.7;54.7;54.7;113;0
ОМПК ао;60;20170922;170000;54.7;55.9;54.7;54.7;127;0
ОМПК ао;60;20170925;170000;54.7;54.7;54.7;54.7;1;0
ОМПК ао;60;20171006;180000;54.7;54.7;54.7;54.7;1;0
ОМПК ао;60;20171012;100000;54.7;54.7;54.7;54.7;24;0
ОМПК ао;60;20171013;160000;55.1;55.1;55.1;55.1;1;0
ОМПК ао;60;20171016;100000;61.8;61.8;61.8;61.8;1;0
ОМПК ао;60;20171017;180000;55.9;55.9;54.8;54.8;11;0
ОМПК ао;60;20171018;110000;54.8;54.8;54.7;54.7;14;0
ОМПК ао;60;20171020;100000;54.7;54.7;54.7;54.7;1;0
ОМПК ао;60;20171031;170000;55;55;55;55;1;0
ОМПК ао;60;20171102;130000;55;55;55;55;1;0
ОМПК ао;60;20171103;180000;54.7;54.7;54.7;54.7;1;0
ОМПК ао;60;20171114;090000;54;54;54;54;1;0
ОМПК ао;60;20171115;170000;55;55;55;55;1;0
ОМПК ао;60;20171116;150000;58.7;58.7;58.7;58.7;2;0
ОМПК ао;60;20171122;100000;58;58;58;58;1;0
ОМПК ао;60;20171124;170000;58;58;58;58;12;0
ОМПК ао;60;20171130;160000;57;57;54.8;54.8;5;0
ОМПК ао;60;20171130;170000;54.8;54.8;54.8;54.8;1;0
ОМПК ао;60;20171204;120000;54.7;54.7;54.7;54.7;2;0
ОМПК ао;60;20171205;120000;55.9;55.9;55.9;55.9;1;0
ОМПК ао;60;20171215;150000;55.9;55.9;55.9;55.9;2;0
ОМПК ао;60;20171218;100000;54.7;54.7;54.7;54.7;2;0
ОМПК ао;60;20171220;150000;54.7;54.7;53.9;53.9;32;0
ОМПК ао;60;20171220;160000;53.9;54.7;53.9;54.7;97;0
ОМПК ао;60;20171222;100000;56;56;56;56;1;0
ОМПК ао;60;20171222;180000;54.7;54.7;54.7;54.7;14;0
