<TICKER>;<PER>;<DATE>;<TIME>;<OPEN>;<HIGH>;<LOW>;<CLOSE>;<VOL>;<OPENINT>
Омскшина;60;20170124;100000;440;440;440;440;1;0
Омскшина;60;20170124;130000;440;440;440;440;1;0
Омскшина;60;20170124;150000;446;457;446;457;11;0
Омскшина;60;20170126;110000;458;458;458;458;1;0
Омскшина;60;20170126;140000;461;461;444;444;13;0
Омскшина;60;20170131;140000;440;440;440;440;1;0
Омскшина;60;20170131;180000;445;445;445;445;1;0
Омскшина;60;20170201;130000;443;443;443;443;2;0
Омскшина;60;20170201;150000;442;442;442;442;1;0
Омскшина;60;20170201;170000;441;445;441;445;3;0
Омскшина;60;20170202;120000;445;447;426;426;26;0
Омскшина;60;20170202;130000;440;440;439;439;2;0
Омскшина;60;20170203;110000;445;448;445;448;4;0
Омскшина;60;20170203;120000;456;537;456;480;91;0
Омскшина;60;20170203;130000;481;510;480;500;104;0
Омскшина;60;20170203;140000;499;505;499;499;21;0
Омскшина;60;20170203;150000;495;604;494;604;105;0
Омскшина;60;20170203;160000;608;612;585;594;43;0
Омскшина;60;20170203;170000;590;611;589;611;15;0
Омскшина;60;20170203;180000;588;607;568;607;10;0
Омскшина;60;20170206;100000;557;562;510;536;29;0
Омскшина;60;20170206;110000;525;529;521;529;13;0
Омскшина;60;20170206;120000;544;544;544;544;1;0
Омскшина;60;20170206;130000;527;537;526;530;10;0
Омскшина;60;20170206;140000;524;535;521;522;29;0
Омскшина;60;20170206;150000;530;535;521;521;19;0
Омскшина;60;20170206;160000;526;533;526;533;4;0
Омскшина;60;20170206;170000;526;610;526;601;116;0
Омскшина;60;20170206;180000;601;601;601;601;13;0
Омскшина;60;20170207;100000;568;609;528;603;207;0
Омскшина;60;20170207;110000;603;645;603;645;491;0
Омскшина;60;20170207;120000;649;649;648;649;10;0
Омскшина;60;20170207;130000;572;600;557;600;4;0
Омскшина;60;20170208;100000;562;562;562;562;1;0
Омскшина;60;20170209;100000;561;566;561;566;3;0
Омскшина;60;20170209;130000;564;565;564;565;2;0
Омскшина;60;20170209;180000;568;599;568;599;8;0
Омскшина;60;20170210;100000;554;554;541;541;5;0
Омскшина;60;20170210;110000;549;561;549;556;5;0
Омскшина;60;20170210;130000;547;555;547;555;3;0
Омскшина;60;20170210;140000;548;554;540;541;6;0
Омскшина;60;20170213;110000;554;554;553;553;2;0
Омскшина;60;20170213;150000;553;553;553;553;1;0
Омскшина;60;20170213;180000;551;551;551;551;1;0
Омскшина;60;20170214;150000;541;541;535;535;2;0
Омскшина;60;20170214;170000;528;528;528;528;1;0
Омскшина;60;20170214;180000;518;518;517;517;2;0
Омскшина;60;20170215;110000;516;516;516;516;2;0
Омскшина;60;20170215;150000;529;529;529;529;1;0
Омскшина;60;20170217;120000;546;546;546;546;1;0
Омскшина;60;20170217;180000;515;515;515;515;1;0
Омскшина;60;20170220;100000;514;517;514;517;2;0
Омскшина;60;20170221;160000;513;513;513;513;1;0
Омскшина;60;20170222;100000;521;521;521;521;1;0
Омскшина;60;20170224;160000;511;511;497;498;6;0
Омскшина;60;20170227;110000;513;513;513;513;1;0
Омскшина;60;20170227;120000;504;504;504;504;2;0
Омскшина;60;20170227;130000;513;513;498;511;14;0
Омскшина;60;20170227;150000;491;524;491;524;4;0
Омскшина;60;20170227;160000;511;511;510;510;2;0
Омскшина;60;20170302;150000;503;503;503;503;1;0
Омскшина;60;20170302;160000;500;500;500;500;1;0
Омскшина;60;20170302;170000;489;489;489;489;1;0
Омскшина;60;20170310;100000;471;479;450;479;19;0
Омскшина;60;20170310;110000;472;474;472;474;2;0
Омскшина;60;20170310;120000;473;473;472;472;6;0
Омскшина;60;20170313;100000;453;460;453;460;12;0
Омскшина;60;20170314;140000;470;470;470;470;1;0
Омскшина;60;20170315;120000;464;464;464;464;1;0
Омскшина;60;20170316;120000;463;463;463;463;5;0
Омскшина;60;20170316;130000;463;463;463;463;2;0
Омскшина;60;20170316;140000;463;463;463;463;1;0
Омскшина;60;20170316;150000;463;463;463;463;1;0
Омскшина;60;20170316;170000;463;463;463;463;2;0
Омскшина;60;20170316;180000;463;463;463;463;1;0
Омскшина;60;20170317;100000;475;475;475;475;2;0
Омскшина;60;20170321;110000;467;467;467;467;1;0
Омскшина;60;20170323;150000;469;470;469;470;26;0
Омскшина;60;20170403;120000;470;470;470;470;31;0
Омскшина;60;20170405;180000;466;466;465;465;4;0
Омскшина;60;20170410;100000;465;465;465;465;1;0
Омскшина;60;20170410;120000;465;465;465;465;1;0
Омскшина;60;20170411;130000;465;465;465;465;5;0
Омскшина;60;20170412;150000;465;465;465;465;4;0
Омскшина;60;20170413;120000;465;465;465;465;10;0
Омскшина;60;20170413;170000;455;455;455;455;1;0
Омскшина;60;20170414;150000;472;472;472;472;1;0
Омскшина;60;20170417;140000;465;465;465;465;1;0
Омскшина;60;20170418;110000;470;470;470;470;2;0
Омскшина;60;20170419;100000;474;480;474;480;6;0
Омскшина;60;20170420;100000;476;476;476;476;1;0
Омскшина;60;20170421;100000;483;483;483;483;1;0
Омскшина;60;20170421;110000;484;518;484;499;12;0
Омскшина;60;20170424;100000;489;491;489;490;3;0
Омскшина;60;20170424;170000;497;497;497;497;1;0
Омскшина;60;20170425;120000;479;479;479;479;1;0
Омскшина;60;20170428;180000;490;490;490;490;1;0
Омскшина;60;20170502;120000;481;481;480;480;3;0
Омскшина;60;20170503;100000;460;460;460;460;1;0
Омскшина;60;20170503;180000;479;479;479;479;2;0
Омскшина;60;20170504;170000;470;470;470;470;1;0
Омскшина;60;20170504;180000;479;479;479;479;1;0
Омскшина;60;20170518;180000;472;472;472;472;1;0
Омскшина;60;20170529;100000;456;456;456;456;1;0
Омскшина;60;20170529;110000;463;464;463;464;2;0
Омскшина;60;20170529;120000;465;465;465;465;3;0
Омскшина;60;20170531;150000;480;485;480;485;4;0
Омскшина;60;20170531;160000;494;508;494;508;2;0
Омскшина;60;20170531;170000;491;491;491;491;1;0
Омскшина;60;20170601;100000;504;530;504;530;3;0
Омскшина;60;20170601;110000;541;542;533;542;11;0
Омскшина;60;20170601;140000;500;544;500;544;8;0
Омскшина;60;20170601;160000;501;501;501;501;1;0
Омскшина;60;20170602;100000;501;501;500;500;2;0
Омскшина;60;20170602;110000;473;499;472;499;5;0
Омскшина;60;20170605;100000;481;481;455;455;25;0
Омскшина;60;20170605;150000;473;473;473;473;1;0
Омскшина;60;20170607;130000;466;466;466;466;1;0
Омскшина;60;20170607;160000;471;471;470;470;3;0
Омскшина;60;20170615;140000;466;466;466;466;1;0
Омскшина;60;20170616;130000;476;476;476;476;5;0
Омскшина;60;20170623;160000;462;462;462;462;1;0
Омскшина;60;20170623;170000;462;462;462;462;3;0
Омскшина;60;20170623;180000;462;465;462;465;3;0
Омскшина;60;20170707;160000;465;465;465;465;1;0
Омскшина;60;20170710;120000;474;475;474;475;4;0
Омскшина;60;20170711;100000;468;468;468;468;1;0
Омскшина;60;20170712;180000;468;468;468;468;2;0
Омскшина;60;20170721;170000;471;471;470;470;2;0
Омскшина;60;20170724;180000;469;469;465;465;3;0
Омскшина;60;20170728;180000;476;476;476;476;4;0
Омскшина;60;20170802;160000;481;533;481;533;10;0
Омскшина;60;20170802;170000;507;507;496;496;2;0
Омскшина;60;20170803;120000;500;500;500;500;1;0
Омскшина;60;20170808;140000;513;513;513;513;1;0
Омскшина;60;20170809;100000;492;492;492;492;1;0
Омскшина;60;20170815;100000;485;485;455;455;2;0
Омскшина;60;20170816;110000;480;480;480;480;1;0
Омскшина;60;20170816;120000;488;488;488;488;1;0
Омскшина;60;20170821;100000;482;482;482;482;1;0
Омскшина;60;20170825;100000;483;483;483;483;2;0
Омскшина;60;20170825;120000;482;482;482;482;1;0
Омскшина;60;20170831;110000;475;475;465;465;2;0
Омскшина;60;20170831;120000;466;466;466;466;1;0
Омскшина;60;20170831;140000;485;486;485;486;2;0
Омскшина;60;20170831;170000;487;487;487;487;1;0
Омскшина;60;20170831;180000;488;488;488;488;1;0
Омскшина;60;20170905;170000;487;487;487;487;3;0
Омскшина;60;20170906;100000;478;478;478;478;1;0
Омскшина;60;20170908;110000;487;487;487;487;1;0
Омскшина;60;20170908;120000;498;555;498;555;33;0
Омскшина;60;20170908;130000;518;518;515;515;3;0
Омскшина;60;20170908;150000;506;506;506;506;1;0
Омскшина;60;20170911;150000;508;508;507;507;2;0
Омскшина;60;20170913;100000;503;503;503;503;2;0
Омскшина;60;20170913;110000;504;504;504;504;3;0
Омскшина;60;20170913;120000;504;504;504;504;2;0
Омскшина;60;20170914;100000;506;506;497;497;3;0
Омскшина;60;20170914;120000;493;493;491;491;2;0
Омскшина;60;20170915;100000;499;499;499;499;1;0
Омскшина;60;20170921;100000;501;501;480;482;18;0
Омскшина;60;20170921;110000;483;483;483;483;2;0
Омскшина;60;20170921;120000;483;483;483;483;1;0
Омскшина;60;20170922;100000;511;511;511;511;1;0
Омскшина;60;20170922;110000;500;500;500;500;30;0
Омскшина;60;20170925;100000;492;492;490;490;4;0
Омскшина;60;20170925;130000;490;490;490;490;2;0
Омскшина;60;20170925;140000;490;490;490;490;1;0
Омскшина;60;20170925;180000;489;489;489;489;1;0
Омскшина;60;20170926;120000;489;490;489;490;5;0
Омскшина;60;20170926;130000;490;490;490;490;3;0
Омскшина;60;20170926;140000;490;490;490;490;2;0
Омскшина;60;20170926;150000;490;490;490;490;2;0
Омскшина;60;20170928;180000;490;500;490;500;55;0
Омскшина;60;20170929;120000;500;500;500;500;1;0
Омскшина;60;20171004;100000;499;499;499;499;4;0
Омскшина;60;20171004;130000;499;499;499;499;3;0
Омскшина;60;20171004;140000;498;504;498;504;11;0
Омскшина;60;20171006;100000;490;490;490;490;1;0
Омскшина;60;20171006;180000;482;482;482;482;1;0
Омскшина;60;20171010;170000;481;492;480;492;17;0
Омскшина;60;20171011;100000;474;474;473;473;3;0
Омскшина;60;20171012;100000;481;481;481;481;1;0
Омскшина;60;20171018;180000;484;484;484;484;1;0
Омскшина;60;20171023;100000;475;475;471;471;4;0
Омскшина;60;20171023;120000;477;479;473;473;6;0
Омскшина;60;20171023;150000;473;473;471;471;5;0
Омскшина;60;20171023;160000;471;484;471;484;5;0
Омскшина;60;20171023;170000;484;484;484;484;6;0
Омскшина;60;20171023;180000;475;475;475;475;1;0
Омскшина;60;20171024;100000;473;473;472;472;3;0
Омскшина;60;20171024;140000;475;475;475;475;1;0
Омскшина;60;20171024;170000;475;475;475;475;1;0
Омскшина;60;20171024;180000;478;478;470;470;3;0
Омскшина;60;20171025;100000;462;462;462;462;2;0
Омскшина;60;20171025;170000;475;477;466;477;3;0
Омскшина;60;20171026;150000;467;467;466;466;2;0
Омскшина;60;20171026;170000;466;466;466;466;1;0
Омскшина;60;20171027;100000;470;470;470;470;1;0
Омскшина;60;20171027;110000;465;465;465;465;2;0
Омскшина;60;20171027;150000;465;465;465;465;1;0
Омскшина;60;20171027;160000;471;475;471;475;11;0
Омскшина;60;20171027;170000;468;468;466;466;2;0
Омскшина;60;20171101;100000;477;477;477;477;1;0
Омскшина;60;20171107;120000;473;474;462;462;10;0
Омскшина;60;20171107;160000;468;468;468;468;1;0
Омскшина;60;20171107;170000;469;469;469;469;1;0
Омскшина;60;20171107;180000;465;465;465;465;2;0
Омскшина;60;20171108;100000;471;471;470;470;2;0
Омскшина;60;20171108;120000;469;470;469;470;9;0
Омскшина;60;20171108;140000;467;467;467;467;1;0
Омскшина;60;20171108;150000;468;468;468;468;5;0
Омскшина;60;20171109;130000;475;504;475;504;10;0
Омскшина;60;20171109;160000;480;483;480;483;4;0
Омскшина;60;20171109;180000;480;483;480;483;3;0
Омскшина;60;20171113;100000;476;476;476;476;1;0
Омскшина;60;20171113;120000;475;475;475;475;1;0
Омскшина;60;20171113;150000;475;475;475;475;2;0
Омскшина;60;20171116;170000;467;467;467;467;1;0
Омскшина;60;20171116;180000;470;470;470;470;1;0
Омскшина;60;20171120;170000;473;473;473;473;2;0
Омскшина;60;20171121;120000;466;466;450;450;12;0
Омскшина;60;20171121;160000;455;455;455;455;2;0
Омскшина;60;20171121;180000;457;457;457;457;1;0
Омскшина;60;20171123;110000;474;560;460;538;49;0
Омскшина;60;20171123;120000;538;538;538;538;7;0
Омскшина;60;20171123;130000;535;540;535;540;3;0
Омскшина;60;20171123;140000;522;530;510;510;66;0
Омскшина;60;20171123;160000;490;500;485;500;31;0
Омскшина;60;20171123;170000;491;491;485;485;3;0
Омскшина;60;20171123;180000;510;510;510;510;1;0
Омскшина;60;20171127;100000;496;496;495;495;2;0
Омскшина;60;20171128;160000;475;481;475;480;4;0
Омскшина;60;20171128;170000;480;480;480;480;1;0
Омскшина;60;20171129;110000;484;484;484;484;2;0
Омскшина;60;20171129;140000;476;476;475;475;2;0
Омскшина;60;20171129;150000;473;473;472;472;3;0
Омскшина;60;20171130;110000;480;480;480;480;1;0
Омскшина;60;20171204;160000;470;470;470;470;2;0
Омскшина;60;20171206;110000;478;478;478;478;3;0
Омскшина;60;20171207;100000;484;498;468;468;10;0
Омскшина;60;20171207;110000;472;490;472;490;15;0
Омскшина;60;20171207;160000;487;487;487;487;1;0
Омскшина;60;20171208;130000;476;476;476;476;1;0
Омскшина;60;20171208;180000;481;481;480;480;2;0
Омскшина;60;20171212;150000;474;474;474;474;1;0
Омскшина;60;20171212;160000;474;474;474;474;3;0
Омскшина;60;20171218;110000;494;494;494;494;1;0
Омскшина;60;20171219;130000;478;478;465;477;19;0
Омскшина;60;20171220;120000;465;465;465;465;2;0
Омскшина;60;20171220;130000;461;461;460;460;3;0
Омскшина;60;20171220;140000;461;461;461;461;1;0
Омскшина;60;20171220;150000;468;468;468;468;1;0
Омскшина;60;20171220;160000;463;463;462;462;2;0
Омскшина;60;20171221;150000;458;458;449;449;21;0
Омскшина;60;20171221;170000;450;450;450;450;1;0
Омскшина;60;20171222;130000;464;464;460;460;2;0
Омскшина;60;20171222;160000;453;453;440;440;21;0
Омскшина;60;20171225;170000;461;461;450;450;2;0
Омскшина;60;20171226;120000;446;446;446;446;1;0
Омскшина;60;20171226;130000;454;454;454;454;1;0
Омскшина;60;20171227;170000;450;450;449;449;8;0
Омскшина;60;20171227;180000;447;447;446;446;2;0
