<TICKER>;<PER>;<DATE>;<TIME>;<OPEN>;<HIGH>;<LOW>;<CLOSE>;<VOL>;<OPENINT>
ОР ао;60;20171020;110000;180;180;141.03;144;615;0
ОР ао;60;20171020;120000;143;144.6;143;143;730;0
ОР ао;60;20171020;130000;143;143.4;143;143.4;162;0
ОР ао;60;20171020;140000;143.1;143.1;141;141;212;0
ОР ао;60;20171020;150000;140.52;141.79;140.5;141;1308;0
ОР ао;60;20171020;160000;141;141;141;141;124;0
ОР ао;60;20171020;170000;141;143.93;141;143.92;998;0
ОР ао;60;20171020;180000;143.93;143.93;143.92;143.93;53;0
ОР ао;60;20171023;100000;141.01;142.5;141;142.5;482;0
ОР ао;60;20171023;110000;142.99;142.99;142.99;142.99;5;0
ОР ао;60;20171023;120000;142.98;143;142.98;142.98;29;0
ОР ао;60;20171023;130000;142.71;143;141;141;494;0
ОР ао;60;20171023;140000;141.01;141.01;141;141;356;0
ОР ао;60;20171023;160000;141.01;141.01;141;141;70;0
ОР ао;60;20171023;170000;141.01;141.2;141;141;534;0
ОР ао;60;20171023;180000;141.3;141.3;141.05;141.05;3;0
ОР ао;60;20171024;100000;142;142;140;140;291;0
ОР ао;60;20171024;110000;140.5;140.5;140.5;140.5;6;0
ОР ао;60;20171024;120000;140.02;140.02;140;140;335;0
ОР ао;60;20171024;130000;140;140;139;139;940;0
ОР ао;60;20171024;140000;139.9;139.9;139;139;29;0
ОР ао;60;20171024;160000;139;139;139;139;35;0
ОР ао;60;20171024;170000;139;139;139;139;40;0
ОР ао;60;20171024;180000;139.89;139.9;139;139;122;0
ОР ао;60;20171025;100000;139.1;139.1;139.1;139.1;19;0
ОР ао;60;20171025;110000;139.05;139.05;139;139.05;4423;0
ОР ао;60;20171025;120000;139;139;139;139;300;0
ОР ао;60;20171025;130000;139;139.01;139;139;614;0
ОР ао;60;20171025;140000;139;139.02;139;139;3195;0
ОР ао;60;20171025;150000;139;139.01;139;139;1702;0
ОР ао;60;20171025;170000;139;139;139;139;2;0
ОР ао;60;20171025;180000;138.5;139;138;139;493;0
ОР ао;60;20171026;100000;138;138;137;137;10041;0
ОР ао;60;20171026;110000;137;137;137;137;664;0
ОР ао;60;20171026;120000;137;137;136;136;22524;0
ОР ао;60;20171026;130000;136;137.79;136;137;5830;0
ОР ао;60;20171026;140000;137;137;137;137;264;0
ОР ао;60;20171026;150000;136.11;137;136;136;1088;0
ОР ао;60;20171026;160000;136;136;136;136;1;0
ОР ао;60;20171026;170000;135.7;135.7;135.7;135.7;160;0
ОР ао;60;20171026;180000;137;137;137;137;430;0
ОР ао;60;20171027;100000;140;140;137;137;103;0
ОР ао;60;20171027;120000;136.5;136.5;136.5;136.5;2;0
ОР ао;60;20171027;130000;136;136;136;136;10014;0
ОР ао;60;20171027;140000;136;136;135.12;135.12;18;0
ОР ао;60;20171027;150000;135.12;135.12;135.12;135.12;1;0
ОР ао;60;20171027;160000;135;135;135;135;11037;0
ОР ао;60;20171027;170000;134.03;134.03;134;134;164;0
ОР ао;60;20171027;180000;135;135.9;135;135;3095;0
ОР ао;60;20171030;100000;135.01;135.01;135;135;8;0
ОР ао;60;20171030;110000;135;135;135;135;79;0
ОР ао;60;20171030;120000;135.69;135.7;135;135;71;0
ОР ао;60;20171030;130000;135;135;135;135;19;0
ОР ао;60;20171030;140000;135;135;135;135;30;0
ОР ао;60;20171030;150000;135;135;135;135;3;0
ОР ао;60;20171030;170000;135.54;135.7;135;135;236;0
ОР ао;60;20171031;100000;139.49;139.8;137.2;137.2;29;0
ОР ао;60;20171031;110000;137.2;138;137.2;138;86;0
ОР ао;60;20171031;120000;137.99;139;137.2;139;609;0
ОР ао;60;20171031;140000;138;138;138;138;6;0
ОР ао;60;20171031;150000;138;138.75;137.2;138.75;705;0
ОР ао;60;20171031;160000;138;139.5;138;139;6444;0
ОР ао;60;20171031;170000;140;140;138.99;139;6388;0
ОР ао;60;20171101;100000;142.42;142.42;142.42;142.42;1;0
ОР ао;60;20171101;110000;139.01;139.01;139;139.01;121;0
ОР ао;60;20171101;120000;139;139;139;139;143;0
ОР ао;60;20171101;130000;139.01;139.01;139;139;41;0
ОР ао;60;20171101;140000;139;139;139;139;6;0
ОР ао;60;20171101;150000;139;139;139;139;23;0
ОР ао;60;20171101;160000;139.01;141;139.01;140;2301;0
ОР ао;60;20171101;170000;140;141;140;140;2383;0
ОР ао;60;20171101;180000;140;140;140;140;1010;0
ОР ао;60;20171102;100000;141;141;141;141;3;0
ОР ао;60;20171102;110000;140.01;140.01;140;140;199;0
ОР ао;60;20171102;120000;140;140;140;140;197;0
ОР ао;60;20171102;130000;140.74;140.75;140;140;289;0
ОР ао;60;20171102;140000;140;140;140;140;1283;0
ОР ао;60;20171102;150000;140;140.74;140;140;3;0
ОР ао;60;20171102;160000;140.01;140.01;140;140;1000;0
ОР ао;60;20171102;170000;140;140;140;140;30;0
ОР ао;60;20171103;110000;140;140;140;140;150;0
ОР ао;60;20171103;120000;140;140;140;140;175;0
ОР ао;60;20171103;130000;140;140;140;140;100;0
ОР ао;60;20171103;150000;140.25;140.25;140;140;215;0
ОР ао;60;20171107;110000;139;139;139;139;1;0
ОР ао;60;20171107;140000;139;140;139;140;10000;0
ОР ао;60;20171107;150000;140;140;140;140;10135;0
ОР ао;60;20171107;160000;140.01;140.01;140;140;9866;0
ОР ао;60;20171107;170000;139.99;140;139.99;140;4;0
ОР ао;60;20171108;100000;138.01;138.01;137;137;100;0
ОР ао;60;20171108;110000;139.99;140;139.5;140;4178;0
ОР ао;60;20171108;130000;139.51;139.51;139.5;139.5;38;0
ОР ао;60;20171109;100000;138.5;138.5;137.05;137.05;12;0
ОР ао;60;20171109;110000;139.98;139.98;139.98;139.98;1;0
ОР ао;60;20171109;120000;138.11;138.11;138.1;138.1;8;0
ОР ао;60;20171109;130000;138.1;138.1;138;138.1;10120;0
ОР ао;60;20171109;140000;138;138;138;138;1;0
ОР ао;60;20171109;160000;138;138.1;138;138;21550;0
ОР ао;60;20171109;170000;137.52;138.01;137.52;138;1726;0
ОР ао;60;20171109;180000;138;138.01;137;137;4785;0
ОР ао;60;20171110;110000;138;138;138;138;773;0
ОР ао;60;20171110;120000;137.99;138.01;137.99;138;1128;0
ОР ао;60;20171110;170000;137.99;138;137.99;138;10;0
ОР ао;60;20171110;180000;137.31;137.31;136.9;136.9;9;0
ОР ао;60;20171113;110000;139.97;139.97;139.97;139.97;1;0
ОР ао;60;20171113;130000;138.8;138.8;138.8;138.8;1;0
ОР ао;60;20171113;150000;138.8;138.8;138.8;138.8;1;0
ОР ао;60;20171113;180000;139;139;139;139;12;0
ОР ао;60;20171114;120000;139.74;139.74;139.74;139.74;1;0
ОР ао;60;20171114;140000;137.11;137.11;137.09;137.09;10;0
ОР ао;60;20171114;150000;137.09;137.09;137;137;10029;0
ОР ао;60;20171114;160000;136.1;136.1;136.1;136.1;3;0
ОР ао;60;20171114;170000;136.99;137;136.99;137;10000;0
ОР ао;60;20171114;180000;137.11;137.11;136;136.5;62;0
ОР ао;60;20171115;100000;137.01;138.54;137;137.01;124;0
ОР ао;60;20171115;110000;137;137;137;137;9882;0
ОР ао;60;20171115;120000;137;137;137;137;1;0
ОР ао;60;20171115;140000;136.5;136.5;136;136;102;0
ОР ао;60;20171115;160000;136;136;136;136;9913;0
ОР ао;60;20171115;170000;136;136;136;136;10000;0
ОР ао;60;20171115;180000;136.99;136.99;135.5;135.5;54;0
ОР ао;60;20171116;100000;137.01;137.01;134.79;135;301;0
ОР ао;60;20171116;110000;135.1;136.99;135.1;136.99;2;0
ОР ао;60;20171116;130000;136;136;136;136;1;0
ОР ао;60;20171116;140000;135.11;135.11;135.1;135.1;5;0
ОР ао;60;20171116;160000;135.1;135.1;135.1;135.1;2;0
ОР ао;60;20171117;100000;135;135;135;135;14;0
ОР ао;60;20171117;110000;135;136.5;135;135.5;122;0
ОР ао;60;20171117;120000;135.51;136;135.51;136;8;0
ОР ао;60;20171117;150000;135.99;135.99;135.5;135.5;8;0
ОР ао;60;20171117;160000;135.2;136;135.2;136;3;0
ОР ао;60;20171117;180000;135.2;135.2;135;135;41;0
ОР ао;60;20171120;100000;135;135.02;135;135;8;0
ОР ао;60;20171120;110000;135;135;135;135;4;0
ОР ао;60;20171120;120000;135;135;135;135;1;0
ОР ао;60;20171120;130000;134.9;134.9;134.88;134.88;5;0
ОР ао;60;20171120;140000;134.19;134.19;134.19;134.19;1;0
ОР ао;60;20171120;150000;134.19;134.19;134.01;134.01;27;0
ОР ао;60;20171120;170000;134.02;134.02;134;134;21;0
ОР ао;60;20171120;180000;134.99;134.99;134.99;134.99;5;0
ОР ао;60;20171121;100000;135;135;135;135;10;0
ОР ао;60;20171121;110000;135;135.01;135;135;32;0
ОР ао;60;20171121;150000;133.75;133.75;133.75;133.75;3;0
ОР ао;60;20171121;170000;134.89;134.89;134.89;134.89;1;0
ОР ао;60;20171121;180000;134.88;134.88;134.88;134.88;3;0
ОР ао;60;20171122;100000;131.51;134.87;131.5;134.81;15;0
ОР ао;60;20171122;110000;131.01;131.3;130.25;130.25;232;0
ОР ао;60;20171122;120000;133.98;133.98;130;130;50;0
ОР ао;60;20171122;130000;130;132.93;130;132.93;28;0
ОР ао;60;20171122;140000;131.98;131.98;130.99;131;41;0
ОР ао;60;20171122;170000;130.01;130.01;129.99;130;8;0
ОР ао;60;20171122;180000;129.1;129.1;129;129;2;0
ОР ао;60;20171123;100000;125.03;128;82.01;126;60;0
ОР ао;60;20171123;110000;125.01;127.99;125;125.01;23;0
ОР ао;60;20171123;120000;125.5;125.5;125.5;125.5;6;0
ОР ао;60;20171123;140000;127.95;129.99;127.95;129.99;204;0
ОР ао;60;20171123;180000;125;126;125;125;15;0
ОР ао;60;20171124;100000;127.49;130;127.49;129.15;277;0
ОР ао;60;20171124;120000;129.2;129.2;129.2;129.2;20;0
ОР ао;60;20171124;130000;129.96;129.97;129.96;129.97;3;0
ОР ао;60;20171124;140000;129.89;129.9;129.89;129.9;40;0
ОР ао;60;20171124;160000;129.9;129.9;129.9;129.9;15;0
ОР ао;60;20171124;170000;129.9;129.9;129.9;129.9;1;0
ОР ао;60;20171124;180000;129.9;129.98;129.4;129.4;69;0
ОР ао;60;20171127;100000;128.01;128.01;128.01;128.01;1;0
ОР ао;60;20171127;120000;128.99;130.16;128.99;130;412;0
ОР ао;60;20171127;150000;129.89;129.89;129.89;129.89;1;0
ОР ао;60;20171128;140000;128.99;129;127.01;128.01;5;0
ОР ао;60;20171128;180000;128.99;128.99;128.99;128.99;25;0
ОР ао;60;20171129;090000;128.99;128.99;128.99;128.99;1;0
ОР ао;60;20171129;110000;128.01;128.01;128.01;128.01;1;0
ОР ао;60;20171129;120000;129.01;129.01;129.01;129.01;2;0
ОР ао;60;20171129;180000;128.5;128.5;128;128;2;0
ОР ао;60;20171130;100000;134.98;136;132;136;772;0
ОР ао;60;20171130;110000;136;139;135;138;301;0
ОР ао;60;20171130;120000;137;137;134;135;253;0
ОР ао;60;20171130;130000;135;135;132;132;947;0
ОР ао;60;20171130;140000;132;132;129;129;427;0
ОР ао;60;20171130;150000;129;129.04;129;129;774;0
ОР ао;60;20171130;160000;129;129;128;128;123;0
ОР ао;60;20171130;170000;128.01;128.1;128;128.01;132;0
ОР ао;60;20171130;180000;128.49;134.64;128.49;133;128;0
ОР ао;60;20171201;100000;136;136;135.78;135.78;69;0
ОР ао;60;20171201;110000;135.78;135.78;134;134.11;34;0
ОР ао;60;20171201;120000;135.77;135.77;135;135.77;38;0
ОР ао;60;20171201;130000;134.01;134.01;131.05;132;31;0
ОР ао;60;20171201;170000;131.04;131.04;131;131;24;0
ОР ао;60;20171201;180000;133.97;134;132.5;134;104;0
ОР ао;60;20171204;100000;138;138;134;137;19;0
ОР ао;60;20171204;110000;136;136;136;136;9;0
ОР ао;60;20171204;120000;132;132;127.01;130;54;0
ОР ао;60;20171204;130000;128;129.99;128;129.99;3;0
ОР ао;60;20171204;140000;129.99;129.99;129.99;129.99;1;0
ОР ао;60;20171204;160000;128.31;128.31;128.1;128.1;20;0
ОР ао;60;20171204;170000;129.69;129.69;129.69;129.69;2;0
ОР ао;60;20171204;180000;129.67;129.68;128.15;128.15;33;0
ОР ао;60;20171205;100000;131.6;134.64;130;130;6;0
ОР ао;60;20171205;110000;130;130;126;126;10;0
ОР ао;60;20171205;120000;126.02;131.59;126.02;127.99;52;0
ОР ао;60;20171205;130000;127.98;128;127.98;128;2;0
ОР ао;60;20171205;140000;128.49;128.5;128.49;128.5;3;0
ОР ао;60;20171205;150000;128.29;128.29;128.29;128.29;2;0
ОР ао;60;20171205;160000;128.32;132;128.32;132;127;0
ОР ао;60;20171206;100000;132;135;132;135;2;0
ОР ао;60;20171206;130000;128.01;130;127.5;127.5;35;0
ОР ао;60;20171206;140000;127.9;129.99;127.9;128.87;197;0
ОР ао;60;20171206;160000;128.52;128.52;126.03;127;130;0
ОР ао;60;20171206;170000;127.98;131.99;126;126;435;0
ОР ао;60;20171206;180000;126.51;127.97;126.5;127.97;119;0
ОР ао;60;20171207;120000;128.02;128.02;128.01;128.01;6;0
ОР ао;60;20171207;160000;128.01;128.01;126.5;126.5;51;0
ОР ао;60;20171207;170000;126.5;126.5;126.5;126.5;51;0
ОР ао;60;20171207;180000;126.5;126.5;126.5;126.5;23;0
ОР ао;60;20171208;100000;125.01;126;125.01;126;3;0
ОР ао;60;20171208;150000;126;126.53;125;126.53;54;0
ОР ао;60;20171208;160000;126.63;126.63;126.08;126.08;2;0
ОР ао;60;20171208;170000;125.54;125.54;123;124.5;22;0
ОР ао;60;20171208;180000;124;124;123;123;15;0
ОР ао;60;20171211;100000;121.61;122;117.03;122;153;0
ОР ао;60;20171211;120000;124.99;126.5;123.99;124;225;0
ОР ао;60;20171211;130000;124;124;123.99;123.99;2;0
ОР ао;60;20171211;150000;124;124;124;124;11;0
ОР ао;60;20171211;160000;124;124;123.7;123.7;20;0
ОР ао;60;20171211;170000;124.99;127.46;124.99;126;95;0
ОР ао;60;20171211;180000;125.01;126;125;126;272;0
ОР ао;60;20171212;110000;126;126;126;126;2;0
ОР ао;60;20171213;140000;126.95;127;123;125.98;110;0
ОР ао;60;20171213;150000;121;121;121;121;20;0
ОР ао;60;20171213;160000;122.01;123;122;123;44;0
ОР ао;60;20171213;170000;123;123;123;123;30;0
ОР ао;60;20171213;180000;120.02;120.02;120.02;120.02;18;0
ОР ао;60;20171214;100000;125.94;125.95;124;124;3;0
ОР ао;60;20171214;120000;126;126;125;125;2;0
ОР ао;60;20171214;140000;124;124;115.01;118;439;0
ОР ао;60;20171214;150000;119.9;123.97;119.9;123.97;93;0
ОР ао;60;20171214;160000;123.96;123.96;123.96;123.96;1;0
ОР ао;60;20171214;180000;121;121;121;121;16;0
ОР ао;60;20171215;120000;122.01;122.01;122;122;38;0
ОР ао;60;20171215;130000;124.79;125.9;124.79;125.9;501;0
ОР ао;60;20171218;100000;125.27;125.27;125.2;125.2;248;0
ОР ао;60;20171218;110000;124.67;124.67;123.43;123.43;502;0
ОР ао;60;20171218;120000;123.44;123.44;120;120;1007;0
ОР ао;60;20171218;130000;120.1;120.13;119;120.13;806;0
ОР ао;60;20171218;140000;119;119.64;119;119.64;25;0
ОР ао;60;20171218;150000;120.23;120.23;120.23;120.23;1;0
ОР ао;60;20171218;180000;121.99;122;120.2;120.2;12;0
ОР ао;60;20171219;120000;120.2;120.2;120;120;802;0
ОР ао;60;20171219;140000;120;120.6;120;120;989;0
ОР ао;60;20171219;150000;120;120.96;119.85;120;1286;0
ОР ао;60;20171219;160000;120;120;120;120;6653;0
ОР ао;60;20171219;170000;120.5;120.5;120;120;12167;0
ОР ао;60;20171219;180000;120;120;119.8;120;16088;0
ОР ао;60;20171220;110000;120.48;122;120.05;122;26140;0
ОР ао;60;20171220;120000;120.87;122;120.83;120.83;497;0
ОР ао;60;20171220;130000;121.92;121.92;121.26;121.26;1394;0
ОР ао;60;20171220;140000;120.25;120.25;119.01;120;2316;0
ОР ао;60;20171220;150000;119.99;120.59;119;120;6066;0
ОР ао;60;20171220;160000;120;122.1;120;122;6521;0
ОР ао;60;20171220;170000;122;122.01;119.14;120;6084;0
ОР ао;60;20171220;180000;120;120.49;119.1;120;933;0
ОР ао;60;20171221;100000;120;120.01;120;120;556;0
ОР ао;60;20171221;110000;119.89;121.2;119.57;120;2591;0
ОР ао;60;20171221;120000;120;120;119.46;119.46;563;0
ОР ао;60;20171221;130000;119.7;120;119.7;119.8;5276;0
ОР ао;60;20171221;140000;119.71;120;119.5;119.5;856;0
ОР ао;60;20171221;150000;120;120;119.5;119.98;718;0
ОР ао;60;20171221;160000;120;120;119.52;120;136;0
ОР ао;60;20171221;170000;120;122;120;122;1281;0
ОР ао;60;20171221;180000;122;123.9;122;122.01;164;0
ОР ао;60;20171222;100000;121.5;122.1;121.4;122.1;13;0
ОР ао;60;20171222;110000;122;122.5;120.01;120.01;2035;0
ОР ао;60;20171222;120000;120.1;120.1;119.1;119.45;11834;0
ОР ао;60;20171222;130000;119.04;120.5;119;120.5;822;0
ОР ао;60;20171222;140000;120.5;120.5;119.11;119.7;148;0
ОР ао;60;20171222;150000;119.7;120;119.56;119.75;342;0
ОР ао;60;20171222;160000;119.67;120;119.21;119.58;769;0
ОР ао;60;20171222;170000;119.58;119.84;119.21;119.73;181;0
ОР ао;60;20171222;180000;119.35;119.67;119.07;119.6;136;0
ОР ао;60;20171225;090000;119;119;119;119;8;0
ОР ао;60;20171225;100000;119.98;119.98;119;119.76;342;0
ОР ао;60;20171225;110000;119.76;119.76;119.76;119.76;1;0
ОР ао;60;20171225;120000;119.76;119.77;119.76;119.77;18;0
ОР ао;60;20171225;130000;119.75;119.79;119.5;119.79;61;0
ОР ао;60;20171225;140000;119.6;119.78;119.5;119.78;98;0
ОР ао;60;20171225;150000;119.62;119.78;119.5;119.78;302;0
ОР ао;60;20171225;180000;119.5;119.78;119.5;119.78;27;0
ОР ао;60;20171226;100000;119.97;119.97;119.97;119.97;1;0
ОР ао;60;20171226;110000;119.38;119.38;119.01;119.01;12;0
ОР ао;60;20171226;120000;119.3;119.98;119.3;119.5;14;0
ОР ао;60;20171226;130000;119.5;119.96;119.5;119.96;3;0
ОР ао;60;20171226;140000;119.69;119.69;119.5;119.5;21;0
ОР ао;60;20171226;160000;119.5;119.96;119.5;119.9;12;0
ОР ао;60;20171226;180000;119.41;119.41;119.3;119.3;60;0
ОР ао;60;20171227;090000;119.89;119.89;119.89;119.89;1;0
ОР ао;60;20171227;120000;119.31;119.31;119;119;587;0
ОР ао;60;20171227;130000;119.29;119.3;119.01;119.01;129;0
ОР ао;60;20171227;140000;119.19;119.29;119.19;119.29;7;0
ОР ао;60;20171227;150000;119.01;119.29;119.01;119.01;102;0
ОР ао;60;20171227;160000;119.29;119.29;118.99;118.99;64;0
ОР ао;60;20171227;170000;119;119;119;119;4;0
ОР ао;60;20171227;180000;119;119;118.77;118.77;120;0
ОР ао;60;20171228;100000;118.99;118.99;118.99;118.99;25;0
ОР ао;60;20171228;110000;119;119;119;119;100;0
ОР ао;60;20171228;120000;118.99;118.99;118.99;118.99;16;0
ОР ао;60;20171228;130000;118.99;119.2;118.99;119.2;185;0
ОР ао;60;20171228;140000;119.12;119.49;119;119.49;83;0
ОР ао;60;20171228;150000;119.17;119.19;118.62;119.19;988;0
ОР ао;60;20171228;160000;119.1;122.01;118.7;120.5;3873;0
ОР ао;60;20171228;170000;120;122;120;122;3254;0
ОР ао;60;20171228;180000;121.91;122;120.02;122;8530;0
ОР ао;60;20171229;110000;121.41;121.43;121.4;121.43;746;0
ОР ао;60;20171229;120000;120.82;122.16;120.21;122.15;3389;0
ОР ао;60;20171229;130000;121.2;122.6;121.19;122.15;2666;0
ОР ао;60;20171229;140000;122.15;122.59;122.15;122.15;1014;0
ОР ао;60;20171229;150000;122.15;122.6;122.07;122.15;1544;0
ОР ао;60;20171229;160000;122.15;122.6;120.02;121.98;2070;0
ОР ао;60;20171229;170000;121.02;121.98;121;121.98;105;0
ОР ао;60;20171229;180000;120.94;120.94;120.94;120.94;26;0
