<TICKER>;<PER>;<DATE>;<TIME>;<OPEN>;<HIGH>;<LOW>;<CLOSE>;<VOL>;<OPENINT>
ОргСинт ап;60;20170124;100000;4.15;4.17;4.1;4.1;23;0
ОргСинт ап;60;20170124;120000;4.13;4.13;4.13;4.13;1;0
ОргСинт ап;60;20170124;140000;4.14;4.16;4.12;4.14;66;0
ОргСинт ап;60;20170124;160000;4.12;4.12;4.11;4.11;5;0
ОргСинт ап;60;20170124;170000;4.11;4.11;4.1;4.1;30;0
ОргСинт ап;60;20170124;180000;4.1;4.1;4.1;4.1;2;0
ОргСинт ап;60;20170125;100000;4.14;4.14;4.14;4.14;1;0
ОргСинт ап;60;20170125;130000;4.12;4.14;4.12;4.14;14;0
ОргСинт ап;60;20170125;140000;4.14;4.14;4.14;4.14;1;0
ОргСинт ап;60;20170125;150000;4.14;4.14;4.14;4.14;4;0
ОргСинт ап;60;20170126;100000;4.14;4.14;4.14;4.14;1;0
ОргСинт ап;60;20170126;120000;4.15;4.15;4.14;4.14;2;0
ОргСинт ап;60;20170126;130000;4.11;4.13;4.11;4.13;2;0
ОргСинт ап;60;20170126;170000;4.11;4.11;4.1;4.1;48;0
ОргСинт ап;60;20170126;180000;4.12;4.13;4.12;4.13;2;0
ОргСинт ап;60;20170127;100000;4.13;4.15;4.13;4.15;4;0
ОргСинт ап;60;20170127;110000;4.15;4.15;4.15;4.15;29;0
ОргСинт ап;60;20170127;160000;4.14;4.14;4.14;4.14;1;0
ОргСинт ап;60;20170130;100000;4.15;4.15;4.15;4.15;3;0
ОргСинт ап;60;20170130;110000;4.14;4.14;4.14;4.14;2;0
ОргСинт ап;60;20170130;150000;4.16;4.16;4.16;4.16;13;0
ОргСинт ап;60;20170131;150000;4.13;4.13;4.1;4.1;41;0
ОргСинт ап;60;20170131;160000;4.1;4.1;4.1;4.1;4;0
ОргСинт ап;60;20170131;170000;4.12;4.13;4.12;4.13;2;0
ОргСинт ап;60;20170131;180000;4.1;4.15;4.1;4.15;24;0
ОргСинт ап;60;20170201;110000;4.16;4.16;4.11;4.11;27;0
ОргСинт ап;60;20170201;120000;4.11;4.11;4.1;4.1;13;0
ОргСинт ап;60;20170201;130000;4.12;4.12;4.12;4.12;1;0
ОргСинт ап;60;20170201;140000;4.12;4.12;4.12;4.12;10;0
ОргСинт ап;60;20170201;160000;4.12;4.12;4.11;4.11;10;0
ОргСинт ап;60;20170202;120000;4.11;4.14;4.07;4.1;17;0
ОргСинт ап;60;20170202;170000;4.12;4.12;4.12;4.12;2;0
ОргСинт ап;60;20170202;180000;4.13;4.15;4.11;4.11;63;0
ОргСинт ап;60;20170203;100000;4.14;4.14;4.14;4.14;1;0
ОргСинт ап;60;20170203;110000;4.16;4.17;4.16;4.17;3;0
ОргСинт ап;60;20170203;170000;4.15;4.15;4.15;4.15;5;0
ОргСинт ап;60;20170206;130000;4.18;4.18;4.14;4.18;16;0
ОргСинт ап;60;20170206;160000;4.17;4.18;4.17;4.18;50;0
ОргСинт ап;60;20170207;100000;4.2;4.26;4.16;4.21;10;0
ОргСинт ап;60;20170207;110000;4.21;4.21;4.21;4.21;7;0
ОргСинт ап;60;20170207;160000;4.17;4.17;4.14;4.14;7;0
ОргСинт ап;60;20170207;170000;4.18;4.19;4.18;4.19;33;0
ОргСинт ап;60;20170208;110000;4.18;4.2;4.18;4.2;11;0
ОргСинт ап;60;20170208;120000;4.17;4.17;4.16;4.16;2;0
ОргСинт ап;60;20170208;130000;4.19;4.19;4.19;4.19;1;0
ОргСинт ап;60;20170208;160000;4.17;4.17;4.14;4.17;63;0
ОргСинт ап;60;20170208;170000;4.16;4.16;4.15;4.15;11;0
ОргСинт ап;60;20170208;180000;4.16;4.26;4.16;4.26;44;0
ОргСинт ап;60;20170209;100000;4.2;4.2;4.2;4.2;7;0
ОргСинт ап;60;20170209;110000;4.19;4.22;4.19;4.22;26;0
ОргСинт ап;60;20170209;130000;4.24;4.26;4.24;4.26;108;0
ОргСинт ап;60;20170209;150000;4.26;4.26;4.26;4.26;1;0
ОргСинт ап;60;20170209;160000;4.24;4.3;4.24;4.3;67;0
ОргСинт ап;60;20170209;180000;4.28;4.34;4.24;4.24;29;0
ОргСинт ап;60;20170210;100000;4.27;4.27;4.26;4.26;6;0
ОргСинт ап;60;20170210;140000;4.28;4.35;4.26;4.3;261;0
ОргСинт ап;60;20170210;150000;4.34;4.39;4.33;4.35;50;0
ОргСинт ап;60;20170210;160000;4.34;4.34;4.34;4.34;1;0
ОргСинт ап;60;20170210;170000;4.36;4.36;4.33;4.33;2;0
ОргСинт ап;60;20170213;100000;4.31;4.31;4.31;4.31;2;0
ОргСинт ап;60;20170213;120000;4.34;4.36;4.33;4.33;34;0
ОргСинт ап;60;20170213;130000;4.33;4.38;4.33;4.38;76;0
ОргСинт ап;60;20170213;170000;4.35;4.38;4.35;4.38;17;0
ОргСинт ап;60;20170213;180000;4.37;4.37;4.37;4.37;5;0
ОргСинт ап;60;20170214;100000;4.4;4.58;4.4;4.5;123;0
ОргСинт ап;60;20170214;110000;4.54;4.54;4.42;4.46;51;0
ОргСинт ап;60;20170214;120000;4.5;4.58;4.5;4.58;117;0
ОргСинт ап;60;20170214;130000;4.56;4.58;4.56;4.58;25;0
ОргСинт ап;60;20170214;140000;4.58;4.59;4.55;4.55;33;0
ОргСинт ап;60;20170214;150000;4.54;4.54;4.54;4.54;1;0
ОргСинт ап;60;20170214;160000;4.56;4.56;4.56;4.56;2;0
ОргСинт ап;60;20170214;180000;4.56;4.56;4.56;4.56;42;0
ОргСинт ап;60;20170215;100000;4.3;4.62;4.3;4.62;17;0
ОргСинт ап;60;20170215;110000;4.6;4.6;4.6;4.6;28;0
ОргСинт ап;60;20170215;130000;4.59;4.64;4.59;4.64;185;0
ОргСинт ап;60;20170215;140000;4.63;4.63;4.63;4.63;2;0
ОргСинт ап;60;20170215;150000;4.63;4.63;4.5;4.56;28;0
ОргСинт ап;60;20170215;180000;4.55;4.55;4.55;4.55;6;0
ОргСинт ап;60;20170216;100000;4.58;4.6;4.58;4.6;6;0
ОргСинт ап;60;20170216;110000;4.6;4.6;4.6;4.6;9;0
ОргСинт ап;60;20170216;120000;4.59;4.59;4.58;4.58;5;0
ОргСинт ап;60;20170216;130000;4.58;4.7;4.58;4.7;162;0
ОргСинт ап;60;20170216;140000;4.68;4.68;4.56;4.67;28;0
ОргСинт ап;60;20170216;160000;4.7;4.7;4.7;4.7;1;0
ОргСинт ап;60;20170217;100000;4.68;4.8;4.68;4.8;63;0
ОргСинт ап;60;20170217;120000;4.77;4.77;4.7;4.7;20;0
ОргСинт ап;60;20170217;130000;4.7;4.79;4.7;4.79;59;0
ОргСинт ап;60;20170217;140000;4.77;4.79;4.73;4.73;18;0
ОргСинт ап;60;20170217;160000;4.72;4.72;4.72;4.72;1;0
ОргСинт ап;60;20170217;170000;4.72;4.79;4.72;4.79;8;0
ОргСинт ап;60;20170217;180000;4.79;4.79;4.76;4.76;2;0
ОргСинт ап;60;20170220;120000;4.66;4.66;4.66;4.66;59;0
ОргСинт ап;60;20170220;130000;4.69;4.7;4.69;4.7;2;0
ОргСинт ап;60;20170220;140000;4.79;4.79;4.79;4.79;1;0
ОргСинт ап;60;20170220;150000;4.7;4.7;4.7;4.7;2;0
ОргСинт ап;60;20170220;160000;4.78;4.8;4.78;4.8;64;0
ОргСинт ап;60;20170220;170000;4.8;4.8;4.8;4.8;2;0
ОргСинт ап;60;20170220;180000;4.74;4.74;4.74;4.74;1;0
ОргСинт ап;60;20170221;100000;4.81;4.81;4.8;4.8;2;0
ОргСинт ап;60;20170221;110000;4.78;4.86;4.78;4.86;11;0
ОргСинт ап;60;20170221;120000;4.86;4.86;4.86;4.86;30;0
ОргСинт ап;60;20170221;130000;4.83;4.83;4.83;4.83;2;0
ОргСинт ап;60;20170221;140000;4.85;4.86;4.85;4.86;14;0
ОргСинт ап;60;20170221;160000;4.82;4.82;4.8;4.8;3;0
ОргСинт ап;60;20170221;170000;4.86;4.9;4.86;4.9;45;0
ОргСинт ап;60;20170221;180000;4.82;4.82;4.66;4.66;10;0
ОргСинт ап;60;20170222;090000;4.8;4.8;4.8;4.8;1;0
ОргСинт ап;60;20170222;110000;4.88;4.89;4.88;4.89;55;0
ОргСинт ап;60;20170222;120000;4.9;4.96;4.9;4.93;30;0
ОргСинт ап;60;20170222;130000;4.96;5.05;4.96;5.05;89;0
ОргСинт ап;60;20170222;140000;5.07;5.07;5.07;5.07;4;0
ОргСинт ап;60;20170222;150000;5.07;5.1;4.73;4.73;68;0
ОргСинт ап;60;20170222;160000;4.82;4.82;4.82;4.82;2;0
ОргСинт ап;60;20170222;180000;4.95;4.96;4.95;4.96;6;0
ОргСинт ап;60;20170224;110000;4.8;4.96;4.7;4.7;16;0
ОргСинт ап;60;20170224;120000;4.7;4.78;4.7;4.78;7;0
ОргСинт ап;60;20170224;130000;4.76;4.76;4.76;4.76;1;0
ОргСинт ап;60;20170224;140000;4.74;4.74;4.68;4.68;10;0
ОргСинт ап;60;20170224;180000;4.74;4.74;4.74;4.74;1;0
ОргСинт ап;60;20170227;100000;4.68;4.71;4.67;4.71;4;0
ОргСинт ап;60;20170227;110000;4.7;4.7;4.6;4.7;27;0
ОргСинт ап;60;20170227;120000;4.7;4.7;4.49;4.65;56;0
ОргСинт ап;60;20170227;130000;4.65;4.65;4.65;4.65;3;0
ОргСинт ап;60;20170227;140000;4.65;4.65;4.65;4.65;11;0
ОргСинт ап;60;20170227;180000;4.65;4.65;4.65;4.65;15;0
ОргСинт ап;60;20170228;100000;4.67;4.67;4.5;4.52;30;0
ОргСинт ап;60;20170228;110000;4.57;4.65;4.57;4.65;41;0
ОргСинт ап;60;20170228;120000;4.73;4.73;4.73;4.73;1;0
ОргСинт ап;60;20170228;180000;4.71;4.71;4.71;4.71;1;0
ОргСинт ап;60;20170301;100000;4.64;4.64;4.64;4.64;2;0
ОргСинт ап;60;20170301;110000;4.68;4.7;4.68;4.7;5;0
ОргСинт ап;60;20170301;140000;4.72;4.78;4.72;4.78;6;0
ОргСинт ап;60;20170301;150000;4.79;4.87;4.79;4.87;55;0
ОргСинт ап;60;20170303;110000;4.74;4.74;4.74;4.74;1;0
ОргСинт ап;60;20170303;120000;4.89;4.95;4.89;4.9;4;0
ОргСинт ап;60;20170303;130000;4.89;4.89;4.89;4.89;1;0
ОргСинт ап;60;20170303;170000;4.76;4.76;4.7;4.7;17;0
ОргСинт ап;60;20170303;180000;4.73;4.73;4.73;4.73;1;0
ОргСинт ап;60;20170306;090000;4.8;4.8;4.8;4.8;1;0
ОргСинт ап;60;20170306;110000;4.72;4.72;4.7;4.7;17;0
ОргСинт ап;60;20170306;120000;4.7;4.7;4.5;4.5;101;0
ОргСинт ап;60;20170306;130000;4.5;4.64;4.5;4.64;82;0
ОргСинт ап;60;20170306;140000;4.64;4.67;4.64;4.64;8;0
ОргСинт ап;60;20170306;170000;4.65;4.65;4.64;4.64;33;0
ОргСинт ап;60;20170306;180000;4.64;4.65;4.64;4.65;12;0
ОргСинт ап;60;20170307;100000;4.7;4.7;4.7;4.7;2;0
ОргСинт ап;60;20170307;110000;4.7;4.7;4.7;4.7;2;0
ОргСинт ап;60;20170307;120000;4.7;4.7;4.7;4.7;15;0
ОргСинт ап;60;20170307;130000;4.7;4.7;4.7;4.7;20;0
ОргСинт ап;60;20170307;140000;4.7;4.7;4.7;4.7;5;0
ОргСинт ап;60;20170307;150000;4.71;4.73;4.71;4.73;4;0
ОргСинт ап;60;20170309;100000;4.78;4.78;4.72;4.72;3;0
ОргСинт ап;60;20170309;120000;4.7;4.7;4.7;4.7;23;0
ОргСинт ап;60;20170309;130000;4.7;4.7;4.7;4.7;10;0
ОргСинт ап;60;20170309;140000;4.7;4.71;4.7;4.71;51;0
ОргСинт ап;60;20170309;150000;4.71;4.71;4.65;4.65;22;0
ОргСинт ап;60;20170309;160000;4.64;4.64;4.64;4.64;10;0
ОргСинт ап;60;20170310;110000;4.71;4.79;4.71;4.79;120;0
ОргСинт ап;60;20170310;130000;4.71;4.71;4.7;4.7;5;0
ОргСинт ап;60;20170310;160000;4.75;4.79;4.75;4.79;134;0
ОргСинт ап;60;20170313;100000;4.61;4.83;4.6;4.73;18;0
ОргСинт ап;60;20170313;140000;4.75;4.79;4.75;4.79;2;0
ОргСинт ап;60;20170313;170000;4.76;4.76;4.75;4.75;3;0
ОргСинт ап;60;20170314;120000;4.75;4.77;4.75;4.77;52;0
ОргСинт ап;60;20170314;150000;4.71;4.71;4.52;4.52;53;0
ОргСинт ап;60;20170314;160000;4.53;4.55;4.53;4.54;9;0
ОргСинт ап;60;20170314;170000;4.54;4.56;4.53;4.56;6;0
ОргСинт ап;60;20170315;100000;4.64;4.67;4.64;4.64;28;0
ОргСинт ап;60;20170315;120000;4.64;4.66;4.64;4.66;15;0
ОргСинт ап;60;20170315;130000;4.64;4.64;4.64;4.64;5;0
ОргСинт ап;60;20170315;140000;4.66;4.66;4.66;4.66;4;0
ОргСинт ап;60;20170315;150000;4.64;4.64;4.64;4.64;2;0
ОргСинт ап;60;20170316;120000;4.69;4.74;4.69;4.74;3;0
ОргСинт ап;60;20170316;140000;4.65;4.65;4.6;4.6;116;0
ОргСинт ап;60;20170316;170000;4.65;4.65;4.65;4.65;15;0
ОргСинт ап;60;20170316;180000;4.66;4.66;4.66;4.66;1;0
ОргСинт ап;60;20170317;100000;4.72;4.72;4.72;4.72;6;0
ОргСинт ап;60;20170317;120000;4.68;4.7;4.68;4.7;4;0
ОргСинт ап;60;20170317;150000;4.66;4.66;4.66;4.66;1;0
ОргСинт ап;60;20170317;160000;4.66;4.66;4.66;4.66;2;0
ОргСинт ап;60;20170320;110000;4.72;4.75;4.72;4.75;5;0
ОргСинт ап;60;20170320;120000;4.68;4.78;4.65;4.75;23;0
ОргСинт ап;60;20170320;130000;4.75;4.75;4.65;4.65;11;0
ОргСинт ап;60;20170320;140000;4.69;4.69;4.69;4.69;1;0
ОргСинт ап;60;20170320;150000;4.67;4.67;4.66;4.66;4;0
ОргСинт ап;60;20170320;160000;4.65;4.65;4.65;4.65;3;0
ОргСинт ап;60;20170320;170000;4.65;4.65;4.65;4.65;40;0
ОргСинт ап;60;20170321;150000;4.64;4.64;4.64;4.64;1;0
ОргСинт ап;60;20170321;160000;4.64;4.67;4.64;4.67;2;0
ОргСинт ап;60;20170321;180000;4.63;4.63;4.62;4.62;2;0
ОргСинт ап;60;20170322;110000;4.64;4.7;4.63;4.7;77;0
ОргСинт ап;60;20170322;120000;4.66;4.66;4.66;4.66;7;0
ОргСинт ап;60;20170322;150000;4.66;4.7;4.66;4.7;26;0
ОргСинт ап;60;20170322;160000;4.66;4.66;4.66;4.66;5;0
ОргСинт ап;60;20170322;180000;4.69;4.71;4.69;4.71;15;0
ОргСинт ап;60;20170323;140000;4.68;4.7;4.68;4.7;25;0
ОргСинт ап;60;20170323;150000;4.7;4.7;4.7;4.7;1;0
ОргСинт ап;60;20170324;150000;4.7;4.7;4.7;4.7;4;0
ОргСинт ап;60;20170324;160000;4.7;4.7;4.7;4.7;5;0
ОргСинт ап;60;20170324;170000;4.7;4.7;4.7;4.7;1;0
ОргСинт ап;60;20170327;130000;4.69;4.69;4.69;4.69;1;0
ОргСинт ап;60;20170327;140000;4.68;4.68;4.65;4.65;50;0
ОргСинт ап;60;20170327;150000;4.65;4.65;4.65;4.65;3;0
ОргСинт ап;60;20170327;180000;4.65;4.65;4.65;4.65;20;0
ОргСинт ап;60;20170328;120000;4.69;4.69;4.69;4.69;2;0
ОргСинт ап;60;20170329;110000;4.66;4.66;4.65;4.65;2;0
ОргСинт ап;60;20170329;140000;4.66;4.66;4.66;4.66;2;0
ОргСинт ап;60;20170329;150000;4.65;4.7;4.59;4.65;159;0
ОргСинт ап;60;20170329;170000;4.65;4.65;4.65;4.65;7;0
ОргСинт ап;60;20170330;100000;4.68;4.96;4.68;4.96;20;0
ОргСинт ап;60;20170330;110000;4.84;4.84;4.84;4.84;12;0
ОргСинт ап;60;20170330;120000;4.84;4.84;4.78;4.8;25;0
ОргСинт ап;60;20170330;150000;4.69;4.69;4.69;4.69;1;0
ОргСинт ап;60;20170330;160000;4.76;4.77;4.76;4.77;2;0
ОргСинт ап;60;20170330;170000;4.77;4.77;4.77;4.77;2;0
ОргСинт ап;60;20170330;180000;4.79;4.83;4.79;4.83;18;0
ОргСинт ап;60;20170331;090000;4.9;4.9;4.9;4.9;1;0
ОргСинт ап;60;20170331;100000;4.84;4.84;4.84;4.84;29;0
ОргСинт ап;60;20170331;110000;4.84;4.84;4.84;4.84;10;0
ОргСинт ап;60;20170331;120000;4.82;4.82;4.82;4.82;2;0
ОргСинт ап;60;20170331;150000;4.83;4.84;4.83;4.84;42;0
ОргСинт ап;60;20170331;180000;4.8;4.8;4.8;4.8;1;0
ОргСинт ап;60;20170404;150000;4.8;4.8;4.8;4.8;1;0
ОргСинт ап;60;20170404;170000;4.73;4.73;4.73;4.73;1;0
ОргСинт ап;60;20170404;180000;4.73;4.73;4.73;4.73;1;0
ОргСинт ап;60;20170405;100000;4.81;4.81;4.81;4.81;10;0
ОргСинт ап;60;20170405;110000;4.82;4.84;4.82;4.84;20;0
ОргСинт ап;60;20170405;120000;4.83;4.83;4.83;4.83;5;0
ОргСинт ап;60;20170405;140000;4.81;4.83;4.81;4.83;5;0
ОргСинт ап;60;20170406;120000;4.72;4.72;4.61;4.68;119;0
ОргСинт ап;60;20170406;140000;4.68;4.84;4.65;4.84;117;0
ОргСинт ап;60;20170406;150000;4.84;4.97;4.84;4.97;79;0
ОргСинт ап;60;20170406;160000;4.88;4.88;4.88;4.88;2;0
ОргСинт ап;60;20170406;170000;4.81;4.83;4.81;4.83;2;0
ОргСинт ап;60;20170406;180000;4.81;4.81;4.81;4.81;1;0
ОргСинт ап;60;20170407;170000;4.73;4.73;4.73;4.73;3;0
ОргСинт ап;60;20170407;180000;4.81;4.81;4.81;4.81;1;0
ОргСинт ап;60;20170410;100000;4.81;4.83;4.81;4.83;3;0
ОргСинт ап;60;20170410;110000;4.79;4.79;4.75;4.75;22;0
ОргСинт ап;60;20170410;120000;4.67;4.67;4.67;4.67;1;0
ОргСинт ап;60;20170410;130000;4.67;4.67;4.67;4.67;1;0
ОргСинт ап;60;20170411;110000;4.77;4.83;4.77;4.83;3;0
ОргСинт ап;60;20170411;170000;4.79;4.79;4.79;4.79;1;0
ОргСинт ап;60;20170412;100000;4.71;4.71;4.56;4.71;21;0
ОргСинт ап;60;20170412;110000;4.71;4.71;4.71;4.71;5;0
ОргСинт ап;60;20170412;150000;4.68;4.68;4.68;4.68;2;0
ОргСинт ап;60;20170412;160000;4.66;4.66;4.56;4.56;25;0
ОргСинт ап;60;20170412;170000;4.59;4.59;4.51;4.51;21;0
ОргСинт ап;60;20170412;180000;4.59;4.77;4.59;4.77;22;0
ОргСинт ап;60;20170413;110000;4.69;4.7;4.69;4.7;2;0
ОргСинт ап;60;20170413;120000;4.69;4.7;4.69;4.7;66;0
ОргСинт ап;60;20170413;130000;4.71;4.71;4.71;4.71;1;0
ОргСинт ап;60;20170413;180000;4.65;4.65;4.65;4.65;13;0
ОргСинт ап;60;20170414;110000;4.69;4.72;4.69;4.72;14;0
ОргСинт ап;60;20170414;140000;4.7;4.7;4.7;4.7;2;0
ОргСинт ап;60;20170414;150000;4.66;4.66;4.65;4.65;30;0
ОргСинт ап;60;20170414;180000;4.69;4.69;4.69;4.69;3;0
ОргСинт ап;60;20170417;100000;4.69;4.7;4.69;4.7;18;0
ОргСинт ап;60;20170417;120000;4.69;4.7;4.69;4.7;5;0
ОргСинт ап;60;20170417;130000;4.7;4.7;4.7;4.7;3;0
ОргСинт ап;60;20170417;160000;4.7;4.7;4.7;4.7;3;0
ОргСинт ап;60;20170417;180000;4.7;4.7;4.7;4.7;2;0
ОргСинт ап;60;20170418;100000;4.7;4.7;4.7;4.7;20;0
ОргСинт ап;60;20170418;110000;4.72;4.72;4.72;4.72;1;0
ОргСинт ап;60;20170418;120000;4.6;4.73;4.6;4.73;11;0
ОргСинт ап;60;20170418;130000;4.63;4.7;4.63;4.7;16;0
ОргСинт ап;60;20170418;160000;4.69;4.7;4.69;4.7;3;0
ОргСинт ап;60;20170418;180000;4.7;4.7;4.61;4.65;77;0
ОргСинт ап;60;20170419;100000;4.65;4.7;4.65;4.7;55;0
ОргСинт ап;60;20170419;110000;4.69;4.7;4.69;4.7;6;0
ОргСинт ап;60;20170419;130000;4.69;4.69;4.69;4.69;1;0
ОргСинт ап;60;20170419;140000;4.69;4.71;4.69;4.71;9;0
ОргСинт ап;60;20170419;150000;4.7;4.71;4.7;4.71;50;0
ОргСинт ап;60;20170419;160000;4.71;4.71;4.71;4.71;1;0
ОргСинт ап;60;20170419;170000;4.72;4.72;4.72;4.72;1;0
ОргСинт ап;60;20170419;180000;4.7;4.7;4.7;4.7;66;0
ОргСинт ап;60;20170420;110000;4.71;4.71;4.71;4.71;1;0
ОргСинт ап;60;20170420;120000;4.66;4.66;4.66;4.66;1;0
ОргСинт ап;60;20170420;130000;4.72;4.72;4.71;4.71;3;0
ОргСинт ап;60;20170420;140000;4.73;4.73;4.73;4.73;1;0
ОргСинт ап;60;20170420;150000;4.72;4.72;4.72;4.72;1;0
ОргСинт ап;60;20170420;170000;4.73;4.74;4.73;4.74;10;0
ОргСинт ап;60;20170420;180000;4.74;4.74;4.65;4.73;24;0
ОргСинт ап;60;20170421;090000;4.54;4.54;4.54;4.54;1;0
ОргСинт ап;60;20170421;120000;4.31;4.31;4.3;4.3;2;0
ОргСинт ап;60;20170421;130000;4.32;4.35;4.32;4.35;2;0
ОргСинт ап;60;20170421;140000;4.34;4.35;4.34;4.34;18;0
ОргСинт ап;60;20170421;150000;4.34;4.34;4.34;4.34;1;0
ОргСинт ап;60;20170421;170000;4.4;4.4;4.4;4.4;1;0
ОргСинт ап;60;20170421;180000;4.34;4.4;4.33;4.4;7;0
ОргСинт ап;60;20170424;090000;4.34;4.34;4.34;4.34;1;0
ОргСинт ап;60;20170424;100000;4.35;4.35;4.33;4.33;4;0
ОргСинт ап;60;20170424;120000;4.35;4.35;4.35;4.35;2;0
ОргСинт ап;60;20170424;140000;4.35;4.35;4.35;4.35;1;0
ОргСинт ап;60;20170424;150000;4.35;4.36;4.35;4.36;3;0
ОргСинт ап;60;20170424;160000;4.36;4.38;4.36;4.38;2;0
ОргСинт ап;60;20170424;170000;4.36;4.37;4.36;4.37;5;0
ОргСинт ап;60;20170424;180000;4.35;4.35;4.35;4.35;3;0
ОргСинт ап;60;20170425;100000;4.32;4.32;4.3;4.3;3;0
ОргСинт ап;60;20170425;130000;4.26;4.26;4.23;4.23;7;0
ОргСинт ап;60;20170425;140000;4.24;4.24;4.24;4.24;1;0
ОргСинт ап;60;20170425;150000;4.23;4.23;4.23;4.23;2;0
ОргСинт ап;60;20170425;160000;4.24;4.24;4.24;4.24;13;0
ОргСинт ап;60;20170425;180000;4.24;4.24;4.23;4.23;18;0
ОргСинт ап;60;20170426;090000;4.3;4.3;4.3;4.3;1;0
ОргСинт ап;60;20170426;100000;4.29;4.29;4.29;4.29;1;0
ОргСинт ап;60;20170426;120000;4.24;4.32;4.24;4.32;12;0
ОргСинт ап;60;20170426;130000;4.3;4.3;4.3;4.3;2;0
ОргСинт ап;60;20170426;140000;4.3;4.3;4.3;4.3;3;0
ОргСинт ап;60;20170426;150000;4.3;4.3;4.3;4.3;1;0
ОргСинт ап;60;20170426;170000;4.3;4.3;4.3;4.3;2;0
ОргСинт ап;60;20170426;180000;4.3;4.3;4.3;4.3;4;0
ОргСинт ап;60;20170427;090000;4.36;4.36;4.36;4.36;4;0
ОргСинт ап;60;20170427;100000;4.36;4.36;4.36;4.36;7;0
ОргСинт ап;60;20170428;100000;4.3;4.3;4.23;4.23;3;0
ОргСинт ап;60;20170428;130000;4.22;4.22;4.21;4.21;8;0
ОргСинт ап;60;20170428;170000;4.24;4.24;4.22;4.22;3;0
ОргСинт ап;60;20170428;180000;4.22;4.22;4.21;4.21;15;0
ОргСинт ап;60;20170502;110000;4.28;4.3;4.28;4.3;3;0
ОргСинт ап;60;20170502;120000;4.3;4.3;4.3;4.3;2;0
ОргСинт ап;60;20170502;130000;4.32;4.38;4.32;4.38;6;0
ОргСинт ап;60;20170503;110000;4.3;4.3;4.3;4.3;4;0
ОргСинт ап;60;20170503;140000;4.3;4.37;4.3;4.37;6;0
ОргСинт ап;60;20170503;160000;4.29;4.29;4.29;4.29;3;0
ОргСинт ап;60;20170504;160000;4.37;4.37;4.37;4.37;2;0
ОргСинт ап;60;20170505;170000;4.23;4.23;4.2;4.2;3;0
ОргСинт ап;60;20170510;100000;4.23;4.24;4.23;4.24;2;0
ОргСинт ап;60;20170510;110000;4.23;4.23;4.22;4.22;3;0
ОргСинт ап;60;20170510;120000;4.2;4.2;4.2;4.2;10;0
ОргСинт ап;60;20170510;130000;4.2;4.2;4.2;4.2;37;0
ОргСинт ап;60;20170510;140000;4.29;4.29;4.29;4.29;1;0
ОргСинт ап;60;20170510;180000;4.29;4.29;4.29;4.29;3;0
ОргСинт ап;60;20170511;100000;4.28;4.28;4.28;4.28;1;0
ОргСинт ап;60;20170511;140000;4.22;4.22;4.21;4.22;11;0
ОргСинт ап;60;20170511;160000;4.22;4.22;4.22;4.22;5;0
ОргСинт ап;60;20170512;160000;4.2;4.2;4.2;4.2;8;0
ОргСинт ап;60;20170512;180000;4.19;4.19;4.19;4.19;5;0
ОргСинт ап;60;20170515;140000;4.19;4.19;4.19;4.19;2;0
ОргСинт ап;60;20170515;160000;4.15;4.15;4.07;4.07;62;0
ОргСинт ап;60;20170516;130000;4.26;4.26;4.26;4.26;1;0
ОргСинт ап;60;20170517;110000;4.18;4.18;4.18;4.18;15;0
ОргСинт ап;60;20170518;110000;4.27;4.37;4.27;4.37;11;0
ОргСинт ап;60;20170518;130000;4.24;4.24;4.19;4.19;10;0
ОргСинт ап;60;20170518;160000;4.17;4.17;4.17;4.17;1;0
ОргСинт ап;60;20170519;160000;4.21;4.21;4.2;4.2;3;0
ОргСинт ап;60;20170522;110000;4.3;4.31;4.29;4.29;3;0
ОргСинт ап;60;20170524;170000;4.34;4.34;4.34;4.34;1;0
ОргСинт ап;60;20170524;180000;4.24;4.24;4.2;4.2;14;0
ОргСинт ап;60;20170525;120000;4.2;4.2;4.19;4.19;2;0
ОргСинт ап;60;20170525;140000;4.23;4.23;4.23;4.23;20;0
ОргСинт ап;60;20170525;160000;4.23;4.23;4.23;4.23;37;0
ОргСинт ап;60;20170525;180000;4.23;4.3;4.23;4.3;143;0
ОргСинт ап;60;20170526;110000;4.27;4.3;4.2;4.3;21;0
ОргСинт ап;60;20170529;150000;4.35;4.36;4.29;4.29;7;0
ОргСинт ап;60;20170529;170000;4.29;4.29;4.29;4.29;2;0
ОргСинт ап;60;20170530;140000;4.22;4.22;4.22;4.22;2;0
ОргСинт ап;60;20170531;110000;4.2;4.22;4.2;4.22;13;0
ОргСинт ап;60;20170531;120000;4.22;4.22;4.22;4.22;10;0
ОргСинт ап;60;20170531;130000;4.21;4.21;4.2;4.2;5;0
ОргСинт ап;60;20170531;160000;4.21;4.21;4.21;4.21;1;0
ОргСинт ап;60;20170531;170000;4.21;4.21;4.21;4.21;1;0
ОргСинт ап;60;20170531;180000;4.2;4.2;4.2;4.2;1;0
ОргСинт ап;60;20170601;090000;4.3;4.3;4.3;4.3;1;0
ОргСинт ап;60;20170601;100000;4.3;4.3;4.3;4.3;1;0
ОргСинт ап;60;20170601;170000;4.26;4.26;4.25;4.25;6;0
ОргСинт ап;60;20170601;180000;4.2;4.2;4.2;4.2;5;0
ОргСинт ап;60;20170605;150000;4.2;4.2;4.2;4.2;1;0
ОргСинт ап;60;20170607;100000;4.16;4.25;4.16;4.25;14;0
ОргСинт ап;60;20170613;150000;4.2;4.2;4.19;4.19;3;0
ОргСинт ап;60;20170613;170000;4.19;4.19;4.19;4.19;1;0
ОргСинт ап;60;20170614;130000;4.22;4.22;4.2;4.2;20;0
ОргСинт ап;60;20170614;180000;4.19;4.19;4.17;4.17;8;0
ОргСинт ап;60;20170615;100000;4.18;4.18;4.17;4.17;3;0
ОргСинт ап;60;20170615;110000;4.17;4.17;4.17;4.17;1;0
ОргСинт ап;60;20170615;120000;4.14;4.14;4.13;4.13;3;0
ОргСинт ап;60;20170615;130000;4.18;4.18;4.18;4.18;1;0
ОргСинт ап;60;20170615;160000;4.21;4.22;4.21;4.22;2;0
ОргСинт ап;60;20170615;170000;4.14;4.14;4.04;4.04;50;0
ОргСинт ап;60;20170616;110000;4.22;4.22;4.22;4.22;1;0
ОргСинт ап;60;20170616;170000;4.19;4.19;4.19;4.19;1;0
ОргСинт ап;60;20170619;130000;4.19;4.19;4.19;4.19;1;0
ОргСинт ап;60;20170619;180000;4.24;4.24;4.2;4.2;3;0
ОргСинт ап;60;20170621;110000;4.14;4.14;4.13;4.13;20;0
ОргСинт ап;60;20170621;180000;4.14;4.14;4.14;4.14;5;0
ОргСинт ап;60;20170622;170000;4.2;4.2;4.2;4.2;2;0
ОргСинт ап;60;20170623;100000;4.24;4.25;4.24;4.25;3;0
ОргСинт ап;60;20170623;110000;4.25;4.26;4.25;4.25;29;0
ОргСинт ап;60;20170623;130000;4.23;4.23;4.23;4.23;1;0
ОргСинт ап;60;20170623;170000;4.23;4.24;4.23;4.24;5;0
ОргСинт ап;60;20170623;180000;4.2;4.2;4.2;4.2;11;0
ОргСинт ап;60;20170626;100000;4.13;4.15;4.11;4.15;7;0
ОргСинт ап;60;20170626;140000;4.14;4.14;4.14;4.14;1;0
ОргСинт ап;60;20170626;150000;4.18;4.18;4.18;4.18;2;0
ОргСинт ап;60;20170627;150000;4.17;4.17;4.17;4.17;1;0
ОргСинт ап;60;20170628;140000;4.24;4.26;4.21;4.21;6;0
ОргСинт ап;60;20170628;150000;4.3;4.3;4.3;4.3;1;0
ОргСинт ап;60;20170629;100000;4.36;4.36;4.36;4.36;1;0
ОргСинт ап;60;20170629;110000;4.3;4.3;4.29;4.29;2;0
ОргСинт ап;60;20170629;150000;4.35;4.36;4.35;4.36;3;0
ОргСинт ап;60;20170629;160000;4.36;4.36;4.36;4.36;1;0
ОргСинт ап;60;20170630;110000;4.35;4.35;4.35;4.35;1;0
ОргСинт ап;60;20170630;130000;4.33;4.33;4.33;4.33;19;0
ОргСинт ап;60;20170630;170000;4.26;4.26;4.26;4.26;1;0
ОргСинт ап;60;20170703;180000;4.26;4.26;4.25;4.25;2;0
ОргСинт ап;60;20170704;180000;4.27;4.27;4.27;4.27;2;0
ОргСинт ап;60;20170707;160000;4.24;4.24;4.24;4.24;4;0
ОргСинт ап;60;20170710;100000;4.34;4.34;4.27;4.27;2;0
ОргСинт ап;60;20170710;160000;4.25;4.25;4.23;4.23;18;0
ОргСинт ап;60;20170710;170000;4.23;4.23;4.2;4.2;10;0
ОргСинт ап;60;20170711;130000;4.32;4.32;4.32;4.32;1;0
ОргСинт ап;60;20170711;180000;4.26;4.29;4.26;4.29;2;0
ОргСинт ап;60;20170712;160000;4.16;4.23;4;4.17;428;0
ОргСинт ап;60;20170712;170000;4.23;4.23;4;4;32;0
ОргСинт ап;60;20170712;180000;4.12;4.12;4.12;4.12;1;0
ОргСинт ап;60;20170713;110000;4.16;4.16;4.16;4.16;2;0
ОргСинт ап;60;20170713;140000;4.12;4.12;4.03;4.03;25;0
ОргСинт ап;60;20170713;150000;4.03;4.03;4.01;4.03;130;0
ОргСинт ап;60;20170713;170000;4.03;4.03;4.03;4.03;21;0
ОргСинт ап;60;20170713;180000;4.03;4.03;4;4;40;0
ОргСинт ап;60;20170714;100000;4.1;4.1;4.1;4.1;4;0
ОргСинт ап;60;20170714;130000;4.11;4.11;4.11;4.11;1;0
ОргСинт ап;60;20170714;140000;4.05;4.05;4;4;56;0
ОргСинт ап;60;20170714;170000;4.09;4.09;4.09;4.09;1;0
ОргСинт ап;60;20170714;180000;4.09;4.09;4.09;4.09;5;0
ОргСинт ап;60;20170717;120000;4.09;4.19;4.09;4.09;17;0
ОргСинт ап;60;20170717;140000;4.11;4.11;4.1;4.1;15;0
ОргСинт ап;60;20170717;160000;4.13;4.13;4.1;4.1;30;0
ОргСинт ап;60;20170717;170000;4.1;4.1;4.1;4.1;3;0
ОргСинт ап;60;20170718;110000;4.05;4.17;4.05;4.17;2;0
ОргСинт ап;60;20170718;170000;4.13;4.13;4.12;4.12;2;0
ОргСинт ап;60;20170719;120000;4.06;4.06;4.05;4.05;19;0
ОргСинт ап;60;20170719;130000;4.05;4.05;4.05;4.05;41;0
ОргСинт ап;60;20170719;140000;4.05;4.05;4.05;4.05;42;0
ОргСинт ап;60;20170719;150000;4.05;4.05;4.05;4.05;1;0
ОргСинт ап;60;20170719;160000;4.05;4.05;4.05;4.05;2;0
ОргСинт ап;60;20170719;170000;4.05;4.05;4.05;4.05;5;0
ОргСинт ап;60;20170719;180000;4.05;4.05;4.05;4.05;1;0
ОргСинт ап;60;20170720;100000;4.05;4.05;4.05;4.05;4;0
ОргСинт ап;60;20170720;110000;4.05;4.05;3.98;3.99;41;0
ОргСинт ап;60;20170720;120000;3.99;3.99;3.99;3.99;59;0
ОргСинт ап;60;20170720;130000;3.99;4;3.99;3.99;24;0
ОргСинт ап;60;20170720;150000;3.99;4;3.99;4;16;0
ОргСинт ап;60;20170720;170000;3.98;4;3.97;4;29;0
ОргСинт ап;60;20170720;180000;3.98;3.98;3.93;3.93;86;0
ОргСинт ап;60;20170721;100000;3.99;3.99;3.99;3.99;1;0
ОргСинт ап;60;20170721;140000;3.99;3.99;3.99;3.99;1;0
ОргСинт ап;60;20170721;160000;4;4;4;4;1;0
ОргСинт ап;60;20170721;170000;3.97;4;3.95;4;32;0
ОргСинт ап;60;20170724;090000;4;4;4;4;1;0
ОргСинт ап;60;20170724;100000;4.09;4.1;3.97;3.97;3;0
ОргСинт ап;60;20170724;150000;4.06;4.06;4.06;4.06;2;0
ОргСинт ап;60;20170724;170000;4.07;4.07;4.07;4.07;1;0
ОргСинт ап;60;20170725;100000;4.07;4.07;4.07;4.07;1;0
ОргСинт ап;60;20170725;110000;4.07;4.07;4.07;4.07;1;0
ОргСинт ап;60;20170725;120000;4.08;4.1;4.08;4.1;4;0
ОргСинт ап;60;20170725;150000;4.1;4.1;4.07;4.07;2;0
ОргСинт ап;60;20170725;170000;4.1;4.1;4.1;4.1;1;0
ОргСинт ап;60;20170726;100000;4.1;4.1;4.1;4.1;1;0
ОргСинт ап;60;20170726;110000;4.12;4.12;4.12;4.12;1;0
ОргСинт ап;60;20170726;140000;4.12;4.12;4.12;4.12;1;0
ОргСинт ап;60;20170726;150000;4.12;4.12;4.12;4.12;1;0
ОргСинт ап;60;20170726;180000;4.15;4.16;4.15;4.16;4;0
ОргСинт ап;60;20170727;100000;4.16;4.16;4.16;4.16;2;0
ОргСинт ап;60;20170727;140000;4.18;4.18;4.18;4.18;1;0
ОргСинт ап;60;20170727;180000;4.16;4.16;4.15;4.15;3;0
ОргСинт ап;60;20170728;110000;4.17;4.25;4.17;4.2;62;0
ОргСинт ап;60;20170728;120000;4.17;4.17;4.17;4.17;12;0
ОргСинт ап;60;20170728;160000;4.19;4.19;4.19;4.19;1;0
ОргСинт ап;60;20170731;100000;4.2;4.2;4.2;4.2;1;0
ОргСинт ап;60;20170731;120000;4.19;4.19;4.19;4.19;3;0
ОргСинт ап;60;20170731;130000;4.19;4.19;4.19;4.19;3;0
ОргСинт ап;60;20170801;110000;4.22;4.23;4.22;4.23;15;0
ОргСинт ап;60;20170801;120000;4.2;4.2;4.2;4.2;3;0
ОргСинт ап;60;20170801;130000;4.2;4.2;4.2;4.2;1;0
ОргСинт ап;60;20170802;150000;4.2;4.2;4.2;4.2;3;0
ОргСинт ап;60;20170804;130000;4.19;4.19;4.03;4.13;18;0
ОргСинт ап;60;20170804;160000;4.19;4.19;4.19;4.19;2;0
ОргСинт ап;60;20170804;170000;4.21;4.21;4.21;4.21;1;0
ОргСинт ап;60;20170807;120000;4.21;4.23;4.2;4.2;10;0
ОргСинт ап;60;20170808;100000;4.24;4.25;4.24;4.24;7;0
ОргСинт ап;60;20170808;160000;4.21;4.21;4.19;4.19;10;0
ОргСинт ап;60;20170808;170000;4.19;4.19;4.19;4.19;22;0
ОргСинт ап;60;20170809;110000;4.24;4.24;4.24;4.24;4;0
ОргСинт ап;60;20170809;130000;4.24;4.24;4.24;4.24;1;0
ОргСинт ап;60;20170809;180000;4.21;4.21;4.21;4.21;1;0
ОргСинт ап;60;20170810;100000;4.21;4.24;4.21;4.24;3;0
ОргСинт ап;60;20170814;100000;4.25;4.25;4.25;4.25;2;0
ОргСинт ап;60;20170814;150000;4.28;4.28;4.28;4.28;3;0
ОргСинт ап;60;20170814;180000;4.29;4.29;4.29;4.29;2;0
ОргСинт ап;60;20170815;110000;4.25;4.25;4.22;4.22;10;0
ОргСинт ап;60;20170815;140000;4.28;4.28;4.28;4.28;2;0
ОргСинт ап;60;20170816;100000;4.21;4.21;4.21;4.21;1;0
ОргСинт ап;60;20170816;110000;4.2;4.2;4.2;4.2;5;0
ОргСинт ап;60;20170818;110000;4.25;4.25;4.25;4.25;1;0
ОргСинт ап;60;20170818;130000;4.17;4.17;4.17;4.17;1;0
ОргСинт ап;60;20170821;100000;4.29;4.29;4.28;4.29;4;0
ОргСинт ап;60;20170821;120000;4.28;4.28;4.28;4.28;1;0
ОргСинт ап;60;20170822;100000;4.28;4.3;4.28;4.3;5;0
ОргСинт ап;60;20170822;110000;4.29;4.29;4.29;4.29;4;0
ОргСинт ап;60;20170822;120000;4.29;4.3;4.29;4.3;11;0
ОргСинт ап;60;20170822;130000;4.31;4.32;4.31;4.32;3;0
ОргСинт ап;60;20170822;140000;4.32;4.32;4.32;4.32;1;0
ОргСинт ап;60;20170822;160000;4.32;4.32;4.32;4.32;2;0
ОргСинт ап;60;20170822;170000;4.32;4.32;4.32;4.32;1;0
ОргСинт ап;60;20170823;100000;4.3;4.36;4.3;4.36;2;0
ОргСинт ап;60;20170823;110000;4.32;4.32;4.32;4.32;1;0
ОргСинт ап;60;20170823;130000;4.33;4.33;4.33;4.33;2;0
ОргСинт ап;60;20170823;160000;4.33;4.37;4.33;4.37;11;0
ОргСинт ап;60;20170823;180000;4.35;4.36;4.27;4.27;8;0
ОргСинт ап;60;20170824;090000;4.3;4.3;4.3;4.3;1;0
ОргСинт ап;60;20170824;120000;4.34;4.34;4.34;4.34;1;0
ОргСинт ап;60;20170824;140000;4.34;4.34;4.34;4.34;9;0
ОргСинт ап;60;20170824;150000;4.35;4.36;4.35;4.36;10;0
ОргСинт ап;60;20170824;180000;4.34;4.34;4.34;4.34;3;0
ОргСинт ап;60;20170825;100000;4.22;4.35;4.05;4.35;14;0
ОргСинт ап;60;20170825;170000;4.34;4.37;4.34;4.37;32;0
ОргСинт ап;60;20170828;130000;4.34;4.34;4.34;4.34;1;0
ОргСинт ап;60;20170828;140000;4.28;4.28;4.27;4.27;11;0
ОргСинт ап;60;20170829;160000;4.33;4.33;4.33;4.33;1;0
ОргСинт ап;60;20170829;170000;4.33;4.34;4.28;4.28;14;0
ОргСинт ап;60;20170830;170000;4.28;4.28;4.28;4.28;2;0
ОргСинт ап;60;20170830;180000;4.31;4.31;4.31;4.31;1;0
ОргСинт ап;60;20170831;130000;4.36;4.45;4.36;4.45;102;0
ОргСинт ап;60;20170901;100000;4.5;4.59;4.5;4.59;2;0
ОргСинт ап;60;20170901;120000;4.4;4.4;4.4;4.4;1;0
ОргСинт ап;60;20170901;160000;4.34;4.34;4.34;4.34;1;0
ОргСинт ап;60;20170901;180000;4.4;4.4;4.4;4.4;10;0
ОргСинт ап;60;20170904;160000;4.35;4.35;4.35;4.35;4;0
ОргСинт ап;60;20170904;170000;4.38;4.38;4.35;4.35;14;0
ОргСинт ап;60;20170904;180000;4.39;4.39;4.39;4.39;9;0
ОргСинт ап;60;20170905;150000;4.39;4.39;4.39;4.39;8;0
ОргСинт ап;60;20170905;170000;4.44;4.44;4.44;4.44;1;0
ОргСинт ап;60;20170906;100000;4.49;4.49;4.49;4.49;1;0
ОргСинт ап;60;20170906;130000;4.45;4.45;4.45;4.45;2;0
ОргСинт ап;60;20170906;180000;4.39;4.39;4.33;4.35;43;0
ОргСинт ап;60;20170907;120000;4.4;4.4;4.4;4.4;1;0
ОргСинт ап;60;20170907;150000;4.4;4.42;4.4;4.42;2;0
ОргСинт ап;60;20170907;180000;4.39;4.39;4.39;4.39;6;0
ОргСинт ап;60;20170908;100000;4.42;4.42;4.42;4.42;3;0
ОргСинт ап;60;20170908;140000;4.38;4.38;4.37;4.37;8;0
ОргСинт ап;60;20170908;160000;4.38;4.38;4.38;4.38;2;0
ОргСинт ап;60;20170908;180000;4.38;4.38;4.38;4.38;1;0
ОргСинт ап;60;20170911;100000;4.31;4.38;4.25;4.25;31;0
ОргСинт ап;60;20170911;110000;4.26;4.26;4.23;4.23;14;0
ОргСинт ап;60;20170912;100000;4.23;4.23;4.23;4.23;8;0
ОргСинт ап;60;20170912;130000;4.24;4.24;4.24;4.24;1;0
ОргСинт ап;60;20170912;140000;4.24;4.24;4.23;4.23;25;0
ОргСинт ап;60;20170912;180000;4.23;4.26;4.23;4.23;10;0
ОргСинт ап;60;20170913;100000;4.24;4.24;4.24;4.24;1;0
ОргСинт ап;60;20170913;130000;4.25;4.25;4.24;4.24;9;0
ОргСинт ап;60;20170914;100000;4.25;4.25;4.25;4.25;1;0
ОргСинт ап;60;20170914;110000;4.24;4.24;4.23;4.23;8;0
ОргСинт ап;60;20170914;170000;4.34;4.34;4.22;4.22;30;0
ОргСинт ап;60;20170914;180000;4.23;4.27;4.23;4.25;55;0
ОргСинт ап;60;20170915;100000;4.22;4.26;4.22;4.26;3;0
ОргСинт ап;60;20170915;120000;4.23;4.23;4.23;4.23;4;0
ОргСинт ап;60;20170915;140000;4.27;4.27;4.27;4.27;2;0
ОргСинт ап;60;20170918;180000;4.27;4.27;4.27;4.27;1;0
ОргСинт ап;60;20170921;160000;4.3;4.3;4.3;4.3;3;0
ОргСинт ап;60;20170925;110000;4.28;4.28;4.28;4.28;1;0
ОргСинт ап;60;20170925;180000;4.27;4.27;4.27;4.27;2;0
ОргСинт ап;60;20170926;100000;4.31;4.31;4.31;4.31;2;0
ОргСинт ап;60;20170926;120000;4.29;4.3;4.29;4.3;38;0
ОргСинт ап;60;20170926;150000;4.32;4.32;4.32;4.32;2;0
ОргСинт ап;60;20170926;180000;4.3;4.3;4.3;4.3;1;0
ОргСинт ап;60;20170927;150000;4.29;4.3;4.29;4.3;4;0
ОргСинт ап;60;20170928;110000;4.32;4.32;4.32;4.32;2;0
ОргСинт ап;60;20170928;120000;4.37;4.38;4.37;4.38;3;0
ОргСинт ап;60;20170928;160000;4.28;4.28;4.27;4.27;19;0
ОргСинт ап;60;20170928;170000;4.32;4.33;4.32;4.33;6;0
ОргСинт ап;60;20170928;180000;4.32;4.32;4.3;4.32;20;0
ОргСинт ап;60;20170929;100000;4.25;4.25;4.25;4.25;5;0
ОргСинт ап;60;20170929;160000;4.36;4.36;4.36;4.36;1;0
ОргСинт ап;60;20170929;170000;4.37;4.38;4.37;4.38;8;0
ОргСинт ап;60;20170929;180000;4.37;4.37;4.37;4.37;1;0
ОргСинт ап;60;20171002;170000;4.37;4.38;4.37;4.38;6;0
ОргСинт ап;60;20171003;100000;4.38;4.39;4.38;4.39;2;0
ОргСинт ап;60;20171003;140000;4.29;4.29;4.24;4.24;13;0
ОргСинт ап;60;20171003;150000;4.3;4.3;4.3;4.3;1;0
ОргСинт ап;60;20171004;110000;4.37;4.4;4.37;4.4;10;0
ОргСинт ап;60;20171005;110000;4.31;4.31;4.31;4.31;1;0
ОргСинт ап;60;20171005;130000;4.34;4.35;4.34;4.35;7;0
ОргСинт ап;60;20171006;170000;4.39;4.4;4.25;4.29;38;0
ОргСинт ап;60;20171009;110000;4.3;4.45;4.3;4.45;18;0
ОргСинт ап;60;20171009;170000;4.4;4.4;4.34;4.4;9;0
ОргСинт ап;60;20171010;100000;4.4;4.4;4.35;4.35;10;0
ОргСинт ап;60;20171010;140000;4.38;4.38;4.36;4.36;9;0
ОргСинт ап;60;20171011;100000;4.38;4.38;4.38;4.38;1;0
ОргСинт ап;60;20171011;110000;4.4;4.43;4.4;4.43;3;0
ОргСинт ап;60;20171011;150000;4.36;4.36;4.32;4.32;45;0
ОргСинт ап;60;20171012;110000;4.47;4.47;4.47;4.47;1;0
ОргСинт ап;60;20171012;170000;4.42;4.43;4.33;4.33;4;0
ОргСинт ап;60;20171013;100000;4.4;4.4;4.4;4.4;2;0
ОргСинт ап;60;20171013;110000;4.4;4.4;4.4;4.4;1;0
ОргСинт ап;60;20171016;110000;4.33;4.33;4.33;4.33;1;0
ОргСинт ап;60;20171016;120000;4.44;4.44;4.44;4.44;1;0
ОргСинт ап;60;20171016;170000;4.45;4.46;4.45;4.46;3;0
ОргСинт ап;60;20171016;180000;4.43;4.43;4.43;4.43;2;0
ОргСинт ап;60;20171017;130000;4.35;4.35;4.35;4.35;1;0
ОргСинт ап;60;20171018;110000;4.35;4.35;4.33;4.33;2;0
ОргСинт ап;60;20171018;130000;4.33;4.33;4.33;4.33;1;0
ОргСинт ап;60;20171019;110000;4.47;4.47;4.47;4.47;1;0
ОргСинт ап;60;20171019;140000;4.4;4.4;4.38;4.38;9;0
ОргСинт ап;60;20171025;120000;4.33;4.33;4.32;4.32;2;0
ОргСинт ап;60;20171027;110000;4.33;4.43;4.29;4.36;31;0
ОргСинт ап;60;20171027;120000;4.36;4.36;4.36;4.36;10;0
ОргСинт ап;60;20171027;150000;4.46;4.49;4.46;4.49;57;0
ОргСинт ап;60;20171027;160000;4.42;4.42;4.42;4.42;3;0
ОргСинт ап;60;20171027;170000;4.42;4.42;4.41;4.42;22;0
ОргСинт ап;60;20171030;110000;4.48;4.5;4.48;4.5;44;0
ОргСинт ап;60;20171030;160000;4.49;4.5;4.49;4.5;16;0
ОргСинт ап;60;20171030;180000;4.5;4.5;4.5;4.5;3;0
ОргСинт ап;60;20171031;130000;4.5;4.5;4.5;4.5;11;0
ОргСинт ап;60;20171031;150000;4.49;4.49;4.43;4.43;7;0
ОргСинт ап;60;20171101;120000;4.5;4.5;4.5;4.5;30;0
ОргСинт ап;60;20171101;180000;4.5;4.5;4.5;4.5;2;0
ОргСинт ап;60;20171102;110000;4.35;4.4;4.34;4.4;17;0
ОргСинт ап;60;20171102;180000;4.42;4.42;4.41;4.41;7;0
ОргСинт ап;60;20171103;170000;4.36;4.36;4.33;4.33;16;0
ОргСинт ап;60;20171107;110000;4.32;4.32;4.32;4.32;12;0
ОргСинт ап;60;20171107;120000;4.47;4.47;4.47;4.47;2;0
ОргСинт ап;60;20171107;150000;4.47;4.49;4.47;4.49;9;0
ОргСинт ап;60;20171108;150000;4.47;4.48;4.47;4.48;7;0
ОргСинт ап;60;20171109;100000;4.46;4.46;4.46;4.46;1;0
ОргСинт ап;60;20171109;110000;4.46;4.47;4.46;4.47;3;0
ОргСинт ап;60;20171109;160000;4.48;4.48;4.48;4.48;1;0
ОргСинт ап;60;20171110;140000;4.35;4.35;4.35;4.35;1;0
ОргСинт ап;60;20171113;110000;4.35;4.44;4.35;4.44;7;0
ОргСинт ап;60;20171113;170000;4.44;4.45;4.43;4.45;6;0
ОргСинт ап;60;20171116;100000;4.36;4.36;4.31;4.31;14;0
ОргСинт ап;60;20171116;120000;4.32;4.39;4.3;4.39;33;0
ОргСинт ап;60;20171117;100000;4.37;4.37;4.37;4.37;1;0
ОргСинт ап;60;20171117;180000;4.42;4.44;4.42;4.44;3;0
ОргСинт ап;60;20171120;100000;4.44;4.44;4.44;4.44;1;0
ОргСинт ап;60;20171120;120000;4.35;4.35;4.35;4.35;6;0
ОргСинт ап;60;20171120;170000;4.38;4.38;4.38;4.38;4;0
ОргСинт ап;60;20171120;180000;4.42;4.42;4.4;4.4;2;0
ОргСинт ап;60;20171121;180000;4.35;4.35;4.35;4.35;1;0
ОргСинт ап;60;20171123;120000;4.4;4.4;4.38;4.38;2;0
ОргСинт ап;60;20171124;100000;4.45;4.45;4.45;4.45;1;0
ОргСинт ап;60;20171124;120000;4.42;4.42;4.42;4.42;1;0
ОргСинт ап;60;20171124;150000;4.4;4.4;4.4;4.4;2;0
ОргСинт ап;60;20171124;170000;4.43;4.43;4.43;4.43;3;0
ОргСинт ап;60;20171124;180000;4.4;4.5;4.4;4.5;101;0
ОргСинт ап;60;20171127;100000;4.5;4.72;4.5;4.72;39;0
ОргСинт ап;60;20171127;110000;4.6;4.6;4.58;4.59;8;0
ОргСинт ап;60;20171127;120000;4.73;4.73;4.58;4.58;6;0
ОргСинт ап;60;20171127;140000;4.66;4.67;4.56;4.56;5;0
ОргСинт ап;60;20171128;120000;4.71;4.86;4.59;4.62;214;0
ОргСинт ап;60;20171128;130000;4.85;5.15;4.68;5.01;180;0
ОргСинт ап;60;20171128;140000;5;5.12;4.81;5.12;9;0
ОргСинт ап;60;20171128;160000;5.12;5.14;5.12;5.14;10;0
ОргСинт ап;60;20171128;170000;5.11;5.12;4.84;4.84;45;0
ОргСинт ап;60;20171128;180000;4.85;4.86;4.82;4.82;3;0
ОргСинт ап;60;20171129;090000;4.9;4.9;4.9;4.9;1;0
ОргСинт ап;60;20171129;100000;4.9;5.09;4.9;4.9;23;0
ОргСинт ап;60;20171129;130000;4.92;4.92;4.91;4.91;2;0
ОргСинт ап;60;20171129;140000;5.1;5.13;5.1;5.13;5;0
ОргСинт ап;60;20171129;150000;5.14;5.5;5;5;204;0
ОргСинт ап;60;20171129;160000;5.12;5.12;5;5;50;0
ОргСинт ап;60;20171129;170000;5.39;5.39;4.95;5;4;0
ОргСинт ап;60;20171129;180000;4.99;4.99;4.99;4.99;1;0
ОргСинт ап;60;20171130;140000;5.02;5.02;5;5;5;0
ОргСинт ап;60;20171130;170000;4.85;4.85;4.83;4.83;6;0
ОргСинт ап;60;20171130;180000;4.85;5.09;4.85;5;61;0
ОргСинт ап;60;20171201;100000;4.92;4.92;4.91;4.91;2;0
ОргСинт ап;60;20171201;110000;4.91;4.99;4.9;4.99;3;0
ОргСинт ап;60;20171201;120000;5;5.02;5;5;7;0
ОргСинт ап;60;20171201;160000;5;5;5;5;4;0
ОргСинт ап;60;20171201;180000;5.17;5.5;4.9;4.9;53;0
ОргСинт ап;60;20171204;100000;5.18;5.38;5.07;5.08;5;0
ОргСинт ап;60;20171204;120000;5.38;5.6;5.38;5.6;14;0
ОргСинт ап;60;20171204;130000;5.8;6.27;5.7;6.2;49;0
ОргСинт ап;60;20171204;140000;6.25;6.25;6.25;6.25;1;0
ОргСинт ап;60;20171204;150000;6.24;6.24;6.23;6.23;2;0
ОргСинт ап;60;20171204;160000;5.84;5.9;5.75;5.75;7;0
ОргСинт ап;60;20171204;170000;5.75;6.92;5.74;6.92;145;0
ОргСинт ап;60;20171204;180000;6.92;6.92;6.06;6.92;1110;0
ОргСинт ап;60;20171205;090000;7.61;7.61;7.61;7.61;7;0
ОргСинт ап;60;20171205;100000;7.61;9.68;7.16;9.68;437;0
ОргСинт ап;60;20171205;110000;9.68;9.68;9.58;9.67;292;0
ОргСинт ап;60;20171205;120000;9.67;9.68;9.49;9.6;103;0
ОргСинт ап;60;20171205;130000;9.61;9.68;9.2;9.68;154;0
ОргСинт ап;60;20171205;140000;9.68;9.68;9.68;9.68;80;0
ОргСинт ап;60;20171205;150000;9.68;9.68;8.12;9.68;435;0
ОргСинт ап;60;20171205;160000;9.67;9.68;8.2;8.5;664;0
ОргСинт ап;60;20171205;170000;8.48;9.64;8.48;8.56;527;0
ОргСинт ап;60;20171205;180000;8.9;8.95;8;8;254;0
ОргСинт ап;60;20171206;090000;8.1;8.1;8.1;8.1;2;0
ОргСинт ап;60;20171206;100000;8.46;10.62;8.11;8.55;217;0
ОргСинт ап;60;20171206;110000;8.77;9.25;8.71;8.81;118;0
ОргСинт ап;60;20171206;120000;8.82;8.99;8.56;8.98;43;0
ОргСинт ап;60;20171206;130000;8.98;10.39;8.98;10.25;298;0
ОргСинт ап;60;20171206;140000;10.01;10.59;9.7;10.01;146;0
ОргСинт ап;60;20171206;150000;10.05;10.2;9.93;10.2;7;0
ОргСинт ап;60;20171206;160000;10.29;10.36;10.05;10.05;39;0
ОргСинт ап;60;20171206;170000;10.26;10.59;10.05;10.55;87;0
ОргСинт ап;60;20171206;180000;10.54;11.22;10.52;11.22;476;0
ОргСинт ап;60;20171207;090000;12.34;12.34;12.34;12.34;11;0
ОргСинт ап;60;20171207;100000;13;15.7;12.25;15.33;458;0
ОргСинт ап;60;20171207;110000;15.2;15.34;14.57;15;274;0
ОргСинт ап;60;20171207;120000;15.01;15.69;15.01;15.46;137;0
ОргСинт ап;60;20171207;130000;15.33;15.33;14.32;15.19;255;0
ОргСинт ап;60;20171207;140000;15.01;15.08;13.23;13.98;431;0
ОргСинт ап;60;20171207;150000;14.04;15.29;13.4;14.32;155;0
ОргСинт ап;60;20171207;160000;14.32;14.67;14;14.67;81;0
ОргСинт ап;60;20171207;170000;14.74;14.99;14.33;14.93;49;0
ОргСинт ап;60;20171207;180000;14.89;15.7;14.5;15.7;348;0
ОргСинт ап;60;20171208;090000;15.9;15.9;15.9;15.9;16;0
ОргСинт ап;60;20171208;100000;15.9;16.4;14.63;14.97;322;0
ОргСинт ап;60;20171208;110000;14.99;15.5;14.7;15.5;118;0
ОргСинт ап;60;20171208;120000;15.69;15.99;15.12;15.98;59;0
ОргСинт ап;60;20171208;130000;15.39;15.64;13.63;14.1;192;0
ОргСинт ап;60;20171208;140000;14.09;14.14;13.26;13.4;41;0
ОргСинт ап;60;20171208;150000;13.32;13.65;12.81;13.65;46;0
ОргСинт ап;60;20171208;160000;13.65;13.67;12.94;12.94;25;0
ОргСинт ап;60;20171208;170000;12.93;13.99;12.76;13.96;64;0
ОргСинт ап;60;20171208;180000;13.55;13.55;12.55;12.85;557;0
ОргСинт ап;60;20171211;090000;12.51;12.51;12.51;12.51;2;0
ОргСинт ап;60;20171211;100000;12.58;14.48;12.57;14.36;63;0
ОргСинт ап;60;20171211;110000;14.32;14.32;13.55;13.55;19;0
ОргСинт ап;60;20171211;120000;13.99;14.33;12.77;13.03;80;0
ОргСинт ап;60;20171211;130000;13.03;13.03;12.81;12.82;14;0
ОргСинт ап;60;20171211;140000;13.14;13.18;12.8;13.18;21;0
ОргСинт ап;60;20171211;150000;13.17;13.17;12.7;12.75;26;0
ОргСинт ап;60;20171211;160000;12.85;12.85;12.56;12.56;26;0
ОргСинт ап;60;20171211;170000;12.58;12.85;12.51;12.51;64;0
ОргСинт ап;60;20171211;180000;12.55;12.65;12.51;12.52;97;0
ОргСинт ап;60;20171212;090000;12.76;12.76;12.76;12.76;1;0
ОргСинт ап;60;20171212;100000;12.88;13.35;12;12.11;153;0
ОргСинт ап;60;20171212;110000;12.1;12.4;11.23;11.3;60;0
ОргСинт ап;60;20171212;120000;11.55;11.55;10.86;11.21;56;0
ОргСинт ап;60;20171212;130000;11.34;11.99;11.09;11.94;58;0
ОргСинт ап;60;20171212;140000;11.58;11.58;11.58;11.58;1;0
ОргСинт ап;60;20171212;150000;11.65;11.99;11.65;11.99;2;0
ОргСинт ап;60;20171212;160000;11.99;12.05;11.99;12.01;6;0
ОргСинт ап;60;20171212;170000;12.06;12.11;11.12;11.92;42;0
ОргСинт ап;60;20171212;180000;11.49;11.9;11.12;11.37;26;0
ОргСинт ап;60;20171213;090000;11.25;11.25;11.25;11.25;1;0
ОргСинт ап;60;20171213;100000;10.95;11;10.21;10.38;142;0
ОргСинт ап;60;20171213;110000;10.48;10.77;10.2;10.4;39;0
ОргСинт ап;60;20171213;120000;10.6;10.75;10.6;10.7;17;0
ОргСинт ап;60;20171213;130000;10.68;10.68;10.26;10.26;7;0
ОргСинт ап;60;20171213;140000;10.31;10.75;10.3;10.46;30;0
ОргСинт ап;60;20171213;150000;10.46;10.47;10.35;10.42;10;0
ОргСинт ап;60;20171213;160000;10.36;10.36;9.44;9.61;262;0
ОргСинт ап;60;20171213;170000;9.67;10.19;9.65;9.66;58;0
ОргСинт ап;60;20171213;180000;9.7;9.93;9.32;9.79;104;0
ОргСинт ап;60;20171214;100000;9.5;9.5;8.95;9.29;74;0
ОргСинт ап;60;20171214;110000;9;10;8.9;10;106;0
ОргСинт ап;60;20171214;120000;10;10;9.66;9.96;13;0
ОргСинт ап;60;20171214;130000;9.66;10.69;9.65;10.2;120;0
ОргСинт ап;60;20171214;140000;10.03;10.42;9.8;9.8;15;0
ОргСинт ап;60;20171214;150000;10;10.3;9.87;10.15;57;0
ОргСинт ап;60;20171214;160000;10.14;10.14;10;10.02;63;0
ОргСинт ап;60;20171214;170000;10;10;9.85;9.85;8;0
ОргСинт ап;60;20171214;180000;9.82;9.82;9.55;9.55;44;0
ОргСинт ап;60;20171215;100000;9.29;9.55;9.29;9.55;4;0
ОргСинт ап;60;20171215;110000;9.66;9.66;9.66;9.66;1;0
ОргСинт ап;60;20171215;160000;9.4;9.9;9.4;9.9;7;0
ОргСинт ап;60;20171215;170000;9.8;10.05;9.46;10.02;43;0
ОргСинт ап;60;20171215;180000;10;10.43;10;10.14;77;0
ОргСинт ап;60;20171218;100000;10.5;10.95;9.75;9.89;178;0
ОргСинт ап;60;20171218;110000;9.9;10.04;9.86;9.88;27;0
ОргСинт ап;60;20171218;120000;9.98;10;9.83;9.95;19;0
ОргСинт ап;60;20171218;150000;9.98;9.98;9.8;9.8;5;0
ОргСинт ап;60;20171218;160000;9.8;10.31;9.8;10.17;66;0
ОргСинт ап;60;20171218;170000;10.15;10.15;10.15;10.15;11;0
ОргСинт ап;60;20171218;180000;10.14;10.27;10;10.1;19;0
ОргСинт ап;60;20171219;090000;10;10;10;10;1;0
ОргСинт ап;60;20171219;100000;10;10;9.1;9.42;124;0
ОргСинт ап;60;20171219;110000;9.31;9.5;9.3;9.48;21;0
ОргСинт ап;60;20171219;120000;9.41;10.21;9.4;10.21;88;0
ОргСинт ап;60;20171219;130000;10.23;11.94;10.23;11.6;193;0
ОргСинт ап;60;20171219;140000;11.6;11.6;10.33;10.52;25;0
ОргСинт ап;60;20171219;150000;10.63;10.98;8.18;9.97;308;0
ОргСинт ап;60;20171219;160000;9.9;9.9;9.22;9.45;76;0
ОргСинт ап;60;20171219;170000;9.37;9.37;8.77;8.89;143;0
ОргСинт ап;60;20171219;180000;8.89;8.98;8.27;8.56;169;0
ОргСинт ап;60;20171220;100000;8.13;8.4;7.55;8.2;107;0
ОргСинт ап;60;20171220;110000;8.01;8.22;7.76;7.76;60;0
ОргСинт ап;60;20171220;120000;7.75;8.45;7.65;8.1;88;0
ОргСинт ап;60;20171220;130000;8.1;8.17;7.71;7.87;56;0
ОргСинт ап;60;20171220;140000;7.85;8.39;7.85;8.06;64;0
ОргСинт ап;60;20171220;150000;8.06;8.24;7.93;8.22;17;0
ОргСинт ап;60;20171220;160000;8.1;8.28;8.1;8.21;10;0
ОргСинт ап;60;20171220;170000;8.07;8.2;8;8;43;0
ОргСинт ап;60;20171220;180000;8.18;8.19;8.03;8.1;51;0
ОргСинт ап;60;20171221;100000;8.23;8.54;8.07;8.33;27;0
ОргСинт ап;60;20171221;110000;8.05;8.29;8;8;30;0
ОргСинт ап;60;20171221;120000;7.9;7.9;7.88;7.9;6;0
ОргСинт ап;60;20171221;130000;7.9;7.98;7.82;7.98;6;0
ОргСинт ап;60;20171221;140000;7.95;8.29;7.95;8.22;24;0
ОргСинт ап;60;20171221;150000;8.22;8.37;8.22;8.35;19;0
ОргСинт ап;60;20171221;160000;8.31;8.85;8.1;8.56;97;0
ОргСинт ап;60;20171221;170000;8.39;8.73;8.3;8.4;56;0
ОргСинт ап;60;20171221;180000;8.54;8.62;8.17;8.4;30;0
ОргСинт ап;60;20171222;100000;8.3;8.5;8.16;8.5;8;0
ОргСинт ап;60;20171222;110000;8.39;8.71;8.39;8.71;3;0
ОргСинт ап;60;20171222;120000;8.3;8.3;8.23;8.25;20;0
ОргСинт ап;60;20171222;130000;8.25;8.3;8;8.3;69;0
ОргСинт ап;60;20171222;140000;8.16;8.17;8.05;8.05;8;0
ОргСинт ап;60;20171222;150000;8.06;8.09;8;8;19;0
ОргСинт ап;60;20171222;170000;8.14;8.14;8.14;8.14;1;0
ОргСинт ап;60;20171225;100000;8.03;8.03;7.4;7.94;80;0
ОргСинт ап;60;20171225;110000;7.73;7.73;7.73;7.73;1;0
ОргСинт ап;60;20171225;120000;7.72;7.72;7.56;7.56;48;0
ОргСинт ап;60;20171225;130000;7.55;8.08;7.52;7.91;108;0
ОргСинт ап;60;20171225;140000;7.91;7.91;7.91;7.91;8;0
ОргСинт ап;60;20171225;150000;7.69;7.69;7.69;7.69;2;0
ОргСинт ап;60;20171225;160000;7.68;7.69;7.57;7.69;10;0
ОргСинт ап;60;20171225;170000;7.68;7.88;7.68;7.88;8;0
ОргСинт ап;60;20171225;180000;7.61;7.85;7.55;7.73;16;0
ОргСинт ап;60;20171226;100000;8.17;10.34;8.07;9.51;494;0
ОргСинт ап;60;20171226;110000;9.25;9.25;7.95;8.5;327;0
ОргСинт ап;60;20171226;120000;8.23;8.78;8.2;8.75;132;0
ОргСинт ап;60;20171226;130000;8.74;8.8;8.47;8.75;11;0
ОргСинт ап;60;20171226;140000;8.62;8.84;8.4;8.84;69;0
ОргСинт ап;60;20171226;150000;8.83;8.88;8.7;8.78;23;0
ОргСинт ап;60;20171226;160000;8.79;9.31;8.61;8.61;75;0
ОргСинт ап;60;20171226;170000;8.81;9.39;8.2;8.21;190;0
ОргСинт ап;60;20171226;180000;8.29;8.45;8.1;8.15;51;0
ОргСинт ап;60;20171227;100000;8.25;9.48;8;9.48;130;0
ОргСинт ап;60;20171227;110000;9.4;9.64;9.06;9.63;48;0
ОргСинт ап;60;20171227;120000;9.24;11.24;9.24;11.14;291;0
ОргСинт ап;60;20171227;130000;11.12;11.13;10.41;10.75;337;0
ОргСинт ап;60;20171227;140000;10.59;11.1;10.59;10.69;69;0
ОргСинт ап;60;20171227;150000;10.87;11.4;10.86;11.4;383;0
ОргСинт ап;60;20171227;160000;11.4;11.4;11;11.4;199;0
ОргСинт ап;60;20171227;170000;11.4;11.4;8.61;8.95;1429;0
ОргСинт ап;60;20171227;180000;8.95;9.3;8.65;8.65;302;0
ОргСинт ап;60;20171228;090000;8.94;8.94;8.94;8.94;1;0
ОргСинт ап;60;20171228;100000;8.82;9.49;8.12;8.49;368;0
ОргСинт ап;60;20171228;110000;8.44;8.5;8.14;8.14;84;0
ОргСинт ап;60;20171228;120000;8.18;8.4;8.18;8.4;14;0
ОргСинт ап;60;20171228;130000;8.44;8.44;8.25;8.42;13;0
ОргСинт ап;60;20171228;140000;8.4;8.4;8.25;8.3;5;0
ОргСинт ап;60;20171228;150000;8.26;8.4;8.22;8.4;7;0
ОргСинт ап;60;20171228;160000;8.25;8.26;7.85;7.85;179;0
ОргСинт ап;60;20171228;170000;7.89;8.24;7.85;8.16;55;0
ОргСинт ап;60;20171228;180000;8.2;8.24;8;8;25;0
ОргСинт ап;60;20171229;100000;7.93;8.67;7.93;8.28;50;0
ОргСинт ап;60;20171229;110000;8.27;8.28;8.27;8.27;3;0
ОргСинт ап;60;20171229;120000;8.26;8.72;8.26;8.69;22;0
ОргСинт ап;60;20171229;140000;8.35;8.58;8.35;8.45;5;0
ОргСинт ап;60;20171229;150000;8.57;8.68;8.45;8.45;11;0
ОргСинт ап;60;20171229;160000;8.36;8.36;8.36;8.36;2;0
ОргСинт ап;60;20171229;170000;8.36;8.36;8.34;8.34;16;0
ОргСинт ап;60;20171229;180000;8.33;8.68;8.28;8.68;14;0
