<TICKER>;<PER>;<DATE>;<TIME>;<OPEN>;<HIGH>;<LOW>;<CLOSE>;<VOL>;<OPENINT>
ПермьЭнС-п;60;20170124;100000;59.2;59.2;58.8;59.2;4;0
ПермьЭнС-п;60;20170124;110000;59.2;59.2;59.2;59.2;9;0
ПермьЭнС-п;60;20170124;120000;59.2;59.2;59.2;59.2;2;0
ПермьЭнС-п;60;20170124;140000;59;59;59;59;47;0
ПермьЭнС-п;60;20170125;100000;59;59.4;59;59.4;39;0
ПермьЭнС-п;60;20170125;110000;58.6;58.6;58.6;58.6;10;0
ПермьЭнС-п;60;20170125;120000;58.8;59.4;58.8;59.4;5;0
ПермьЭнС-п;60;20170125;130000;59;59;59;59;13;0
ПермьЭнС-п;60;20170125;140000;59.3;59.4;59.3;59.4;83;0
ПермьЭнС-п;60;20170125;150000;59.4;59.4;59.4;59.4;7;0
ПермьЭнС-п;60;20170125;180000;59;59;58.9;58.9;26;0
ПермьЭнС-п;60;20170126;140000;58.2;58.2;58.1;58.1;2;0
ПермьЭнС-п;60;20170127;110000;58.3;58.3;57.5;57.5;79;0
ПермьЭнС-п;60;20170127;120000;58.1;58.1;58.1;58.1;2;0
ПермьЭнС-п;60;20170127;130000;58.3;58.5;58.3;58.4;36;0
ПермьЭнС-п;60;20170127;140000;58.4;58.4;58.1;58.1;30;0
ПермьЭнС-п;60;20170127;150000;58.8;59;58.8;58.8;27;0
ПермьЭнС-п;60;20170127;160000;59;59;59;59;13;0
ПермьЭнС-п;60;20170127;170000;59.3;59.4;59.3;59.4;47;0
ПермьЭнС-п;60;20170127;180000;59.3;59.3;59.3;59.3;2;0
ПермьЭнС-п;60;20170130;120000;58.6;59.4;57.6;59.4;45;0
ПермьЭнС-п;60;20170130;170000;59;59;58;58;8;0
ПермьЭнС-п;60;20170130;180000;58.9;59.4;58.9;59.4;10;0
ПермьЭнС-п;60;20170131;100000;59.4;60.3;59;60;1952;0
ПермьЭнС-п;60;20170131;110000;60.5;60.9;60;60;108;0
ПермьЭнС-п;60;20170131;120000;60.3;60.5;60.3;60.5;162;0
ПермьЭнС-п;60;20170131;130000;60.5;60.5;60.3;60.3;50;0
ПермьЭнС-п;60;20170131;140000;60.8;61.5;60.8;61.5;51;0
ПермьЭнС-п;60;20170131;160000;60.7;60.7;59.1;59.1;59;0
ПермьЭнС-п;60;20170131;170000;60;60;60;60;67;0
ПермьЭнС-п;60;20170131;180000;59.3;60;59.3;60;8;0
ПермьЭнС-п;60;20170201;110000;60;60;60;60;1;0
ПермьЭнС-п;60;20170201;130000;60;60;60;60;4;0
ПермьЭнС-п;60;20170201;170000;60;60.4;60;60;73;0
ПермьЭнС-п;60;20170201;180000;60;60;60;60;3;0
ПермьЭнС-п;60;20170202;100000;60.9;61;60.9;61;15;0
ПермьЭнС-п;60;20170202;110000;61.2;61.4;61;61.4;24;0
ПермьЭнС-п;60;20170202;120000;61.3;61.4;61.3;61.4;11;0
ПермьЭнС-п;60;20170202;140000;61.4;61.4;61.4;61.4;79;0
ПермьЭнС-п;60;20170202;150000;61.5;61.5;61.5;61.5;8;0
ПермьЭнС-п;60;20170202;180000;61.4;63.5;61.4;61.8;249;0
ПермьЭнС-п;60;20170203;100000;62.7;63.9;62.7;63.9;76;0
ПермьЭнС-п;60;20170203;110000;63.8;63.8;63.8;63.8;5;0
ПермьЭнС-п;60;20170203;120000;61.7;61.7;61.7;61.7;1;0
ПермьЭнС-п;60;20170203;140000;63.5;63.9;63.5;63.9;50;0
ПермьЭнС-п;60;20170203;150000;63.1;63.7;63;63.7;8;0
ПермьЭнС-п;60;20170203;160000;63.3;63.3;63.3;63.3;1;0
ПермьЭнС-п;60;20170203;170000;63.3;63.3;61.7;63.3;31;0
ПермьЭнС-п;60;20170203;180000;63;63.3;63;63.3;12;0
ПермьЭнС-п;60;20170206;100000;64;64;64;64;33;0
ПермьЭнС-п;60;20170206;110000;63.9;63.9;61.6;63.9;31;0
ПермьЭнС-п;60;20170206;150000;63.8;63.9;63.8;63.9;162;0
ПермьЭнС-п;60;20170206;160000;62;62;61.9;61.9;10;0
ПермьЭнС-п;60;20170207;100000;62.8;63.7;62.8;63.7;5;0
ПермьЭнС-п;60;20170207;110000;62.9;62.9;62.9;62.9;1;0
ПермьЭнС-п;60;20170207;130000;63.1;63.1;62.9;62.9;10;0
ПермьЭнС-п;60;20170207;150000;63.7;63.8;63.4;63.8;23;0
ПермьЭнС-п;60;20170207;170000;63.8;63.8;61.2;61.7;62;0
ПермьЭнС-п;60;20170208;140000;63.1;63.1;63.1;63.1;2;0
ПермьЭнС-п;60;20170208;160000;63.1;63.1;63.1;63.1;48;0
ПермьЭнС-п;60;20170209;100000;63.7;63.8;62.8;62.8;9;0
ПермьЭнС-п;60;20170209;120000;63;63;63;63;2;0
ПермьЭнС-п;60;20170209;170000;62;62;61.7;61.7;10;0
ПермьЭнС-п;60;20170209;180000;61.3;61.6;60;60.3;291;0
ПермьЭнС-п;60;20170210;100000;60.9;61.6;60;60.3;271;0
ПермьЭнС-п;60;20170210;110000;60.4;60.6;60.4;60.6;13;0
ПермьЭнС-п;60;20170210;130000;60.6;60.6;60.6;60.6;6;0
ПермьЭнС-п;60;20170210;140000;60.6;60.8;60.6;60.8;3;0
ПермьЭнС-п;60;20170210;150000;60.8;60.8;60.8;60.8;5;0
ПермьЭнС-п;60;20170210;160000;60.6;60.6;60.1;60.1;25;0
ПермьЭнС-п;60;20170210;170000;60.3;60.8;60.3;60.8;16;0
ПермьЭнС-п;60;20170210;180000;60.8;62.9;60.8;62.9;41;0
ПермьЭнС-п;60;20170213;110000;62.7;63;62.7;63;19;0
ПермьЭнС-п;60;20170213;160000;61.4;61.4;61;61.1;27;0
ПермьЭнС-п;60;20170213;170000;61.1;63.1;61.1;63.1;60;0
ПермьЭнС-п;60;20170214;100000;62.9;62.9;62.9;62.9;1;0
ПермьЭнС-п;60;20170214;130000;61.9;61.9;61.9;61.9;1;0
ПермьЭнС-п;60;20170214;140000;61.2;61.2;61.2;61.2;1;0
ПермьЭнС-п;60;20170214;160000;61.3;61.3;61.3;61.3;2;0
ПермьЭнС-п;60;20170214;170000;61.4;61.4;61.4;61.4;3;0
ПермьЭнС-п;60;20170214;180000;61.1;61.1;61.1;61.1;1;0
ПермьЭнС-п;60;20170215;130000;61.1;61.1;61.1;61.1;1;0
ПермьЭнС-п;60;20170215;150000;61.1;61.1;60.5;60.5;50;0
ПермьЭнС-п;60;20170215;160000;60.8;60.8;60.7;60.7;4;0
ПермьЭнС-п;60;20170216;100000;61.5;61.5;60.6;60.6;2;0
ПермьЭнС-п;60;20170216;110000;60.7;60.7;60.7;60.7;1;0
ПермьЭнС-п;60;20170216;140000;60.6;60.7;60.6;60.7;2;0
ПермьЭнС-п;60;20170216;160000;61;61;61;61;10;0
ПермьЭнС-п;60;20170216;170000;61.9;61.9;61.9;61.9;3;0
ПермьЭнС-п;60;20170217;100000;61.8;61.9;61.5;61.5;7;0
ПермьЭнС-п;60;20170217;110000;61.7;62.1;61.7;62;47;0
ПермьЭнС-п;60;20170217;120000;62;62.5;61.8;62;74;0
ПермьЭнС-п;60;20170217;170000;62;62.1;62;62.1;9;0
ПермьЭнС-п;60;20170217;180000;62;62;62;62;3;0
ПермьЭнС-п;60;20170220;120000;62.1;63;60;62;57;0
ПермьЭнС-п;60;20170220;130000;62;62;62;62;21;0
ПермьЭнС-п;60;20170220;170000;62.5;62.5;62.5;62.5;20;0
ПермьЭнС-п;60;20170220;180000;63;63;63;63;1;0
ПермьЭнС-п;60;20170221;140000;62.6;62.6;62.6;62.6;1;0
ПермьЭнС-п;60;20170221;150000;62.7;62.7;62.7;62.7;2;0
ПермьЭнС-п;60;20170221;180000;62.8;63.5;62.8;63.5;180;0
ПермьЭнС-п;60;20170222;110000;62.6;62.6;62.5;62.5;10;0
ПермьЭнС-п;60;20170222;140000;62.6;62.6;62.5;62.5;199;0
ПермьЭнС-п;60;20170222;160000;62.5;62.5;62.5;62.5;2;0
ПермьЭнС-п;60;20170224;120000;63.2;63.2;63.2;63.2;1;0
ПермьЭнС-п;60;20170224;130000;63.2;63.9;63.2;63.9;80;0
ПермьЭнС-п;60;20170224;170000;62.5;62.5;62.5;62.5;2;0
ПермьЭнС-п;60;20170227;100000;62.4;62.7;62;62;25;0
ПермьЭнС-п;60;20170227;110000;62.7;63.9;62.7;63.9;111;0
ПермьЭнС-п;60;20170227;140000;63.4;63.4;62;62;144;0
ПермьЭнС-п;60;20170227;150000;61.9;62;61.1;61.1;19;0
ПермьЭнС-п;60;20170227;180000;61.2;61.2;60.5;60.5;150;0
ПермьЭнС-п;60;20170228;100000;60.9;60.9;59.9;59.9;188;0
ПермьЭнС-п;60;20170228;110000;59.2;61.2;58.4;61;132;0
ПермьЭнС-п;60;20170228;120000;60.8;60.9;60.8;60.9;42;0
ПермьЭнС-п;60;20170228;130000;59.9;60.5;59.9;60.5;37;0
ПермьЭнС-п;60;20170228;160000;60.3;60.5;60.3;60.5;14;0
ПермьЭнС-п;60;20170228;180000;60.8;61;60.8;61;300;0
ПермьЭнС-п;60;20170301;120000;61.9;61.9;60.4;60.4;5;0
ПермьЭнС-п;60;20170301;130000;60.3;60.3;60.3;60.3;27;0
ПермьЭнС-п;60;20170301;140000;61;61;61;61;20;0
ПермьЭнС-п;60;20170301;180000;61;61;61;61;10;0
ПермьЭнС-п;60;20170302;100000;60.1;61.5;60;61.5;47;0
ПермьЭнС-п;60;20170302;110000;61;61;60.9;60.9;2;0
ПермьЭнС-п;60;20170302;120000;61.5;61.6;61.5;61.6;2;0
ПермьЭнС-п;60;20170302;150000;61;61;60.9;60.9;10;0
ПермьЭнС-п;60;20170302;170000;60.9;60.9;60.5;60.5;15;0
ПермьЭнС-п;60;20170302;180000;60.5;60.5;60.5;60.5;3;0
ПермьЭнС-п;60;20170303;100000;62.1;63;62.1;62.3;7;0
ПермьЭнС-п;60;20170303;120000;61.7;61.7;61.7;61.7;1;0
ПермьЭнС-п;60;20170303;140000;60.2;60.2;59.9;60;94;0
ПермьЭнС-п;60;20170303;150000;61;61;61;61;1;0
ПермьЭнС-п;60;20170303;180000;61;61;60.9;61;61;0
ПермьЭнС-п;60;20170306;100000;62.2;62.3;62;62.3;5;0
ПермьЭнС-п;60;20170306;150000;62.3;62.6;62.3;62.6;6;0
ПермьЭнС-п;60;20170306;180000;62.7;62.7;62.7;62.7;1;0
ПермьЭнС-п;60;20170307;110000;62.9;62.9;61.3;61.3;5;0
ПермьЭнС-п;60;20170307;120000;61.3;61.3;61.3;61.3;2;0
ПермьЭнС-п;60;20170307;140000;61.9;61.9;61.9;61.9;2;0
ПермьЭнС-п;60;20170307;160000;62;62;62;62;1;0
ПермьЭнС-п;60;20170309;100000;63;63;61.1;61.2;9;0
ПермьЭнС-п;60;20170309;110000;61.9;61.9;61.3;61.6;24;0
ПермьЭнС-п;60;20170309;130000;60.8;60.8;60.2;60.2;19;0
ПермьЭнС-п;60;20170309;140000;60.9;61;60.9;61;24;0
ПермьЭнС-п;60;20170309;150000;60.4;60.8;60.2;60.8;22;0
ПермьЭнС-п;60;20170309;180000;60.3;60.3;60.3;60.3;5;0
ПермьЭнС-п;60;20170310;100000;60.1;60.5;60;60.5;196;0
ПермьЭнС-п;60;20170310;110000;60.5;61;60.5;61;141;0
ПермьЭнС-п;60;20170310;120000;60.8;60.9;60.8;60.9;2;0
ПермьЭнС-п;60;20170310;140000;61;61;61;61;29;0
ПермьЭнС-п;60;20170313;100000;63.1;63.1;62.9;62.9;2;0
ПермьЭнС-п;60;20170313;110000;63.2;63.8;63.2;63.8;32;0
ПермьЭнС-п;60;20170313;120000;63.7;63.7;63.7;63.7;36;0
ПермьЭнС-п;60;20170313;160000;61.9;61.9;61.9;61.9;1;0
ПермьЭнС-п;60;20170314;100000;62.7;62.7;62.7;62.7;2;0
ПермьЭнС-п;60;20170314;110000;62.3;62.3;62.3;62.3;3;0
ПермьЭнС-п;60;20170315;100000;63.7;63.7;63.7;63.7;1;0
ПермьЭнС-п;60;20170316;100000;63.6;63.6;63.6;63.6;17;0
ПермьЭнС-п;60;20170316;130000;63.1;63.1;63;63;53;0
ПермьЭнС-п;60;20170316;140000;62.8;62.8;62.8;62.8;2;0
ПермьЭнС-п;60;20170316;170000;62.7;62.7;62.3;62.3;6;0
ПермьЭнС-п;60;20170316;180000;62.3;62.3;62.3;62.3;2;0
ПермьЭнС-п;60;20170317;110000;62.6;63.7;62.6;63;30;0
ПермьЭнС-п;60;20170317;130000;63.1;63.1;63.1;63.1;1;0
ПермьЭнС-п;60;20170317;150000;62.7;63;62;63;50;0
ПермьЭнС-п;60;20170317;170000;62.4;62.4;62.2;62.2;20;0
ПермьЭнС-п;60;20170317;180000;62;62;62;62;8;0
ПермьЭнС-п;60;20170320;110000;61.9;61.9;61.9;61.9;1;0
ПермьЭнС-п;60;20170320;140000;61.6;61.6;61.5;61.5;41;0
ПермьЭнС-п;60;20170320;150000;62.4;62.5;61.5;61.5;18;0
ПермьЭнС-п;60;20170321;130000;61.5;61.5;61.5;61.5;1;0
ПермьЭнС-п;60;20170321;140000;61.4;61.5;61.1;61.4;8;0
ПермьЭнС-п;60;20170321;160000;61.4;61.5;61.4;61.5;14;0
ПермьЭнС-п;60;20170321;170000;61.5;61.5;61.4;61.4;2;0
ПермьЭнС-п;60;20170322;110000;62.7;63.7;62.7;63.7;16;0
ПермьЭнС-п;60;20170322;130000;62;62;62;62;3;0
ПермьЭнС-п;60;20170322;150000;62.2;62.2;62;62;297;0
ПермьЭнС-п;60;20170322;170000;62;62;61.3;61.5;52;0
ПермьЭнС-п;60;20170322;180000;61.5;61.6;61.1;61.1;51;0
ПермьЭнС-п;60;20170324;100000;61.1;61.1;61.1;61.1;2;0
ПермьЭнС-п;60;20170324;130000;62;62.1;62;62;4;0
ПермьЭнС-п;60;20170324;170000;62.1;62.1;62.1;62.1;10;0
ПермьЭнС-п;60;20170327;180000;61.5;61.5;61;61;2;0
ПермьЭнС-п;60;20170329;140000;62.1;62.3;61.9;61.9;2014;0
ПермьЭнС-п;60;20170329;150000;61.3;61.3;61.2;61.2;9;0
ПермьЭнС-п;60;20170330;150000;62.1;62.1;62.1;62.1;1;0
ПермьЭнС-п;60;20170331;110000;61.6;62;60.9;62;10;0
ПермьЭнС-п;60;20170403;150000;62.3;62.9;62.3;62.9;1912;0
ПермьЭнС-п;60;20170403;160000;62.8;62.8;62.8;62.8;1;0
ПермьЭнС-п;60;20170403;170000;62.7;62.7;62.7;62.7;3;0
ПермьЭнС-п;60;20170403;180000;62.7;62.7;62.7;62.7;1;0
ПермьЭнС-п;60;20170404;170000;61.8;61.9;61;61.6;68;0
ПермьЭнС-п;60;20170404;180000;61.1;61.1;60.8;60.9;39;0
ПермьЭнС-п;60;20170405;120000;61.5;61.5;61.4;61.4;4;0
ПермьЭнС-п;60;20170405;150000;61.7;61.7;61.6;61.7;5;0
ПермьЭнС-п;60;20170405;160000;61.7;61.7;61.7;61.7;1;0
ПермьЭнС-п;60;20170406;100000;61.1;61.1;61.1;61.1;1;0
ПермьЭнС-п;60;20170406;110000;61.1;61.1;61;61;53;0
ПермьЭнС-п;60;20170406;180000;61.6;62.1;61.6;62;150;0
ПермьЭнС-п;60;20170410;100000;62.2;62.3;62.2;62.3;5;0
ПермьЭнС-п;60;20170410;110000;62;62;62;62;87;0
ПермьЭнС-п;60;20170410;120000;62;62;62;62;80;0
ПермьЭнС-п;60;20170410;130000;62.2;62.2;62.2;62.2;6;0
ПермьЭнС-п;60;20170410;140000;62.3;62.3;62.3;62.3;3;0
ПермьЭнС-п;60;20170410;150000;62.4;62.6;62.3;62.3;59;0
ПермьЭнС-п;60;20170410;160000;62.3;62.3;62.3;62.3;2;0
ПермьЭнС-п;60;20170410;170000;62.3;62.5;62.3;62.5;78;0
ПермьЭнС-п;60;20170410;180000;62.3;62.3;62.3;62.3;6;0
ПермьЭнС-п;60;20170411;170000;62.7;62.7;62.7;62.7;1;0
ПермьЭнС-п;60;20170412;130000;62.8;62.9;62.8;62.9;4;0
ПермьЭнС-п;60;20170412;140000;62.9;62.9;61.2;61.2;18;0
ПермьЭнС-п;60;20170412;170000;61.5;61.5;61.5;61.5;24;0
ПермьЭнС-п;60;20170412;180000;61.2;61.2;61.2;61.2;3;0
ПермьЭнС-п;60;20170413;100000;61.1;61.1;61;61;66;0
ПермьЭнС-п;60;20170413;130000;61;61;61;61;4;0
ПермьЭнС-п;60;20170413;160000;61;61;61;61;9;0
ПермьЭнС-п;60;20170413;180000;61;61;61;61;1;0
ПермьЭнС-п;60;20170414;160000;61;61.2;60.8;61.2;20;0
ПермьЭнС-п;60;20170414;170000;60.7;60.7;60.7;60.7;2;0
ПермьЭнС-п;60;20170417;100000;61.4;61.4;61.4;61.4;1;0
ПермьЭнС-п;60;20170417;110000;62.3;62.3;62.3;62.3;1;0
ПермьЭнС-п;60;20170417;120000;61.5;61.5;61.4;61.4;61;0
ПермьЭнС-п;60;20170417;130000;61;61;61;61;1;0
ПермьЭнС-п;60;20170417;140000;61;61;61;61;49;0
ПермьЭнС-п;60;20170418;090000;61;61;61;61;50;0
ПермьЭнС-п;60;20170418;100000;61;61;61;61;29;0
ПермьЭнС-п;60;20170418;110000;61;61;61;61;10;0
ПермьЭнС-п;60;20170418;140000;61;61;61;61;19;0
ПермьЭнС-п;60;20170418;150000;61;61;61;61;40;0
ПермьЭнС-п;60;20170418;160000;61;61;60.3;60.3;50;0
ПермьЭнС-п;60;20170419;140000;61.5;62;61.5;62;509;0
ПермьЭнС-п;60;20170419;150000;62.3;62.5;62.3;62.5;14;0
ПермьЭнС-п;60;20170420;100000;61.5;61.5;61.5;61.5;34;0
ПермьЭнС-п;60;20170420;110000;61.5;61.5;61.5;61.5;13;0
ПермьЭнС-п;60;20170420;170000;62;62;62;62;50;0
ПермьЭнС-п;60;20170421;100000;62.9;62.9;62.9;62.9;1;0
ПермьЭнС-п;60;20170424;090000;65;65;65;65;20;0
ПермьЭнС-п;60;20170424;100000;63;63.1;63;63.1;29;0
ПермьЭнС-п;60;20170424;110000;63.2;63.4;63.2;63.4;5;0
ПермьЭнС-п;60;20170424;120000;63.4;64.8;63.4;64;24;0
ПермьЭнС-п;60;20170424;130000;64.8;64.8;64.8;64.8;1;0
ПермьЭнС-п;60;20170424;140000;64.8;64.8;64;64;4;0
ПермьЭнС-п;60;20170424;150000;64.2;64.4;64.2;64.4;10;0
ПермьЭнС-п;60;20170424;160000;64.8;64.8;64.4;64.4;22;0
ПермьЭнС-п;60;20170424;170000;64.4;64.4;63.3;63.3;19;0
ПермьЭнС-п;60;20170424;180000;64.2;64.2;64.2;64.2;9;0
ПермьЭнС-п;60;20170425;110000;64.2;64.2;64.2;64.2;8;0
ПермьЭнС-п;60;20170425;120000;64.2;64.8;64.2;64.8;89;0
ПермьЭнС-п;60;20170425;130000;64.3;64.3;64.2;64.2;18;0
ПермьЭнС-п;60;20170425;140000;64.8;65.7;64.8;65.7;113;0
ПермьЭнС-п;60;20170425;160000;65.6;65.6;65.6;65.6;1;0
ПермьЭнС-п;60;20170425;170000;65.6;66;65.6;66;50;0
ПермьЭнС-п;60;20170426;100000;66;66;66;66;10;0
ПермьЭнС-п;60;20170426;120000;65.2;65.2;65;65;204;0
ПермьЭнС-п;60;20170426;140000;65;65;65;65;1;0
ПермьЭнС-п;60;20170426;160000;65.5;66;65.5;66;5;0
ПермьЭнС-п;60;20170427;090000;66;66;66;66;10;0
ПермьЭнС-п;60;20170427;100000;65.1;65.4;65.1;65.4;7;0
ПермьЭнС-п;60;20170427;130000;65.5;65.5;65.5;65.5;2;0
ПермьЭнС-п;60;20170427;180000;65.5;65.5;65.5;65.5;2;0
ПермьЭнС-п;60;20170428;130000;65;65;64.5;64.5;10;0
ПермьЭнС-п;60;20170428;180000;65.8;66;65.8;66;50;0
ПермьЭнС-п;60;20170502;110000;65.3;65.3;65.3;65.3;1;0
ПермьЭнС-п;60;20170502;130000;66.4;66.5;66.4;66.5;100;0
ПермьЭнС-п;60;20170502;140000;66.5;66.5;66.5;66.5;1;0
ПермьЭнС-п;60;20170502;160000;66.8;66.8;66.8;66.8;1;0
ПермьЭнС-п;60;20170502;180000;66.9;67;66.9;67;85;0
ПермьЭнС-п;60;20170503;100000;67;67;67;67;4;0
ПермьЭнС-п;60;20170503;110000;67;67;66;66;11;0
ПермьЭнС-п;60;20170503;120000;66;66;65.5;65.5;10;0
ПермьЭнС-п;60;20170503;140000;66.1;66.1;66.1;66.1;3;0
ПермьЭнС-п;60;20170503;160000;66.7;67;66.7;67;6;0
ПермьЭнС-п;60;20170503;170000;66.5;66.5;66.1;66.1;50;0
ПермьЭнС-п;60;20170503;180000;66.2;66.2;65.5;65.7;168;0
ПермьЭнС-п;60;20170504;100000;65.7;65.7;65.5;65.5;2;0
ПермьЭнС-п;60;20170504;110000;66.1;66.3;66.1;66.3;6;0
ПермьЭнС-п;60;20170504;150000;66.5;66.5;66.5;66.5;1;0
ПермьЭнС-п;60;20170504;160000;66.6;67;66.6;67;94;0
ПермьЭнС-п;60;20170504;170000;67;67;66;66;110;0
ПермьЭнС-п;60;20170505;150000;66.5;66.5;66.5;66.5;380;0
ПермьЭнС-п;60;20170505;160000;65.7;65.7;65;65;100;0
ПермьЭнС-п;60;20170505;170000;66.4;66.4;66.4;66.4;12;0
ПермьЭнС-п;60;20170505;180000;66.5;66.5;66.5;66.5;1;0
ПермьЭнС-п;60;20170510;150000;65.8;65.8;65.8;65.8;3;0
ПермьЭнС-п;60;20170510;160000;66.5;66.6;66.5;66.5;11;0
ПермьЭнС-п;60;20170510;180000;66.5;66.5;66.3;66.3;8;0
ПермьЭнС-п;60;20170511;100000;67;67;67;67;52;0
ПермьЭнС-п;60;20170511;110000;67;67;67;67;1;0
ПермьЭнС-п;60;20170511;120000;67;67;67;67;10;0
ПермьЭнС-п;60;20170511;150000;67;67;67;67;3;0
ПермьЭнС-п;60;20170511;170000;67;67;67;67;1;0
ПермьЭнС-п;60;20170512;100000;67;67;67;67;3;0
ПермьЭнС-п;60;20170512;110000;67;67;66;66;2;0
ПермьЭнС-п;60;20170512;140000;66.9;67;66.9;67;58;0
ПермьЭнС-п;60;20170512;160000;67;67;67;67;10;0
ПермьЭнС-п;60;20170512;170000;67;67.2;67;67.2;20;0
ПермьЭнС-п;60;20170512;180000;67.3;67.5;67.3;67.5;150;0
ПермьЭнС-п;60;20170515;100000;67;68;66;67;87;0
ПермьЭнС-п;60;20170515;110000;66.5;66.5;66.2;66.2;5;0
ПермьЭнС-п;60;20170515;120000;67.4;67.4;67.4;67.4;4;0
ПермьЭнС-п;60;20170515;130000;67;67.4;67;67.4;11;0
ПермьЭнС-п;60;20170515;140000;67.5;67.8;67.5;67.8;18;0
ПермьЭнС-п;60;20170515;150000;67.8;67.9;67.8;67.9;5;0
ПермьЭнС-п;60;20170515;160000;67.9;67.9;67.9;67.9;16;0
ПермьЭнС-п;60;20170515;180000;67.8;68;67.8;67.8;50;0
ПермьЭнС-п;60;20170516;100000;67.2;67.2;67.2;67.2;1;0
ПермьЭнС-п;60;20170516;130000;67.9;68;67.9;68;7;0
ПермьЭнС-п;60;20170516;140000;68;68;68;68;1;0
ПермьЭнС-п;60;20170516;160000;67.7;68;67.7;68;20;0
ПермьЭнС-п;60;20170517;150000;67.1;67.1;67.1;67.1;7;0
ПермьЭнС-п;60;20170517;160000;67.9;68.4;67.9;68.4;39;0
ПермьЭнС-п;60;20170517;180000;68.4;68.4;68.4;68.4;1;0
ПермьЭнС-п;60;20170518;100000;68.3;68.4;68;68;51;0
ПермьЭнС-п;60;20170518;110000;67.9;67.9;67.8;67.8;2;0
ПермьЭнС-п;60;20170518;150000;67.8;67.8;67.8;67.8;1;0
ПермьЭнС-п;60;20170518;170000;67.8;67.8;67.4;67.4;50;0
ПермьЭнС-п;60;20170518;180000;68;68;68;68;1;0
ПермьЭнС-п;60;20170519;140000;68.4;68.4;68;68;4;0
ПермьЭнС-п;60;20170519;150000;68;68;68;68;51;0
ПермьЭнС-п;60;20170519;160000;68;68;68;68;5;0
ПермьЭнС-п;60;20170519;170000;68;68.3;68;68.3;9;0
ПермьЭнС-п;60;20170519;180000;68.4;68.4;68.4;68.4;1;0
ПермьЭнС-п;60;20170522;110000;68.3;68.3;68.3;68.3;1;0
ПермьЭнС-п;60;20170522;130000;68.3;68.3;68.3;68.3;10;0
ПермьЭнС-п;60;20170522;140000;68.3;68.4;68.3;68.4;3;0
ПермьЭнС-п;60;20170522;150000;68.3;68.3;68.3;68.3;1;0
ПермьЭнС-п;60;20170522;160000;68.2;68.3;68.2;68.2;25;0
ПермьЭнС-п;60;20170522;170000;68.3;68.3;68.2;68.3;3;0
ПермьЭнС-п;60;20170522;180000;68.2;68.2;68.2;68.2;5;0
ПермьЭнС-п;60;20170523;100000;68.4;68.4;68.4;68.4;1;0
ПермьЭнС-п;60;20170523;120000;67.3;67.3;67.3;67.3;1;0
ПермьЭнС-п;60;20170523;160000;68.2;68.3;68.2;68.3;5;0
ПермьЭнС-п;60;20170524;120000;68.2;68.2;68.2;68.2;5;0
ПермьЭнС-п;60;20170524;130000;68.3;68.3;68.3;68.3;2;0
ПермьЭнС-п;60;20170524;140000;68.2;68.2;68.2;68.2;10;0
ПермьЭнС-п;60;20170524;150000;68;68;68;68;41;0
ПермьЭнС-п;60;20170524;170000;68.2;68.3;68.2;68.3;43;0
ПермьЭнС-п;60;20170525;110000;68.2;68.2;68.2;68.2;1;0
ПермьЭнС-п;60;20170525;130000;68.2;68.2;68.2;68.2;2;0
ПермьЭнС-п;60;20170525;160000;68;68;68;68;30;0
ПермьЭнС-п;60;20170525;180000;68;68;68;68;11;0
ПермьЭнС-п;60;20170526;090000;68.4;68.4;68.4;68.4;10;0
ПермьЭнС-п;60;20170526;100000;68.2;68.3;68.1;68.1;32;0
ПермьЭнС-п;60;20170526;110000;68.1;68.1;66;67.5;193;0
ПермьЭнС-п;60;20170526;120000;67;67;65;66.3;398;0
ПермьЭнС-п;60;20170526;130000;66.3;66.7;66.3;66.7;13;0
ПермьЭнС-п;60;20170526;140000;66.9;67;66.9;67;61;0
ПермьЭнС-п;60;20170526;150000;67.3;67.3;67.3;67.3;1;0
ПермьЭнС-п;60;20170526;160000;67.3;67.3;67;67.2;15;0
ПермьЭнС-п;60;20170526;170000;67.3;67.3;67.3;67.3;1;0
ПермьЭнС-п;60;20170529;100000;67.7;68;67.5;68;7;0
ПермьЭнС-п;60;20170529;120000;68.1;68.1;67;67;81;0
ПермьЭнС-п;60;20170529;130000;67.5;67.5;67.5;67.5;10;0
ПермьЭнС-п;60;20170529;160000;67.5;67.5;67.5;67.5;1;0
ПермьЭнС-п;60;20170529;170000;67.5;67.5;67.5;67.5;2;0
ПермьЭнС-п;60;20170529;180000;67.9;68;67.9;68;12;0
ПермьЭнС-п;60;20170530;110000;68.1;68.1;68.1;68.1;4;0
ПермьЭнС-п;60;20170530;130000;68;68.1;68;68.1;206;0
ПермьЭнС-п;60;20170530;140000;68.1;68.1;68.1;68.1;36;0
ПермьЭнС-п;60;20170531;110000;67.9;68.1;67.9;68.1;11;0
ПермьЭнС-п;60;20170531;130000;68.1;68.1;68.1;68.1;6;0
ПермьЭнС-п;60;20170531;140000;68.1;68.1;68.1;68.1;17;0
ПермьЭнС-п;60;20170531;150000;68.1;68.1;68.1;68.1;132;0
ПермьЭнС-п;60;20170531;160000;68.1;68.1;68.1;68.1;15;0
ПермьЭнС-п;60;20170601;090000;68.1;68.1;68.1;68.1;4;0
ПермьЭнС-п;60;20170601;100000;68;68.1;68;68.1;125;0
ПермьЭнС-п;60;20170601;140000;68.1;68.1;68.1;68.1;1;0
ПермьЭнС-п;60;20170601;150000;68.1;68.1;68.1;68.1;3;0
ПермьЭнС-п;60;20170601;160000;68.1;68.1;68.1;68.1;8;0
ПермьЭнС-п;60;20170601;170000;68.1;68.1;68.1;68.1;2;0
ПермьЭнС-п;60;20170601;180000;68.1;68.1;68.1;68.1;6;0
ПермьЭнС-п;60;20170602;110000;67.5;67.5;67.5;67.5;12;0
ПермьЭнС-п;60;20170602;120000;67.9;67.9;67.9;67.9;1;0
ПермьЭнС-п;60;20170602;130000;67.5;67.8;65.5;67.8;180;0
ПермьЭнС-п;60;20170602;150000;67.8;67.8;67.8;67.8;1;0
ПермьЭнС-п;60;20170602;170000;67.8;67.9;67.8;67.9;5;0
ПермьЭнС-п;60;20170602;180000;67.8;68;67.8;67.9;57;0
ПермьЭнС-п;60;20170605;100000;68;68;67.9;68;189;0
ПермьЭнС-п;60;20170605;110000;67.9;67.9;67.3;67.8;241;0
ПермьЭнС-п;60;20170605;120000;67.9;68;67.9;68;549;0
ПермьЭнС-п;60;20170605;130000;67.9;68;67.9;68;2;0
ПермьЭнС-п;60;20170605;140000;67.9;67.9;67.9;67.9;86;0
ПермьЭнС-п;60;20170605;150000;67.9;68.1;67;67;238;0
ПермьЭнС-п;60;20170605;160000;67.5;67.5;67.2;67.5;5;0
ПермьЭнС-п;60;20170605;170000;67.4;67.6;67.4;67.6;2;0
ПермьЭнС-п;60;20170605;180000;67.9;68.1;67.9;68.1;177;0
ПермьЭнС-п;60;20170606;090000;68.2;68.2;68.2;68.2;3;0
ПермьЭнС-п;60;20170606;100000;67.6;67.6;67.2;67.2;23;0
ПермьЭнС-п;60;20170606;110000;68;68;68;68;100;0
ПермьЭнС-п;60;20170606;120000;68;68.2;68;68.2;227;0
ПермьЭнС-п;60;20170606;130000;68.1;68.1;68.1;68.1;26;0
ПермьЭнС-п;60;20170606;140000;68;68;68;68;10;0
ПермьЭнС-п;60;20170606;150000;68.1;68.1;68.1;68.1;3;0
ПермьЭнС-п;60;20170606;170000;68.1;68.2;68;68.2;66;0
ПермьЭнС-п;60;20170606;180000;68.2;69;68.2;69;1373;0
ПермьЭнС-п;60;20170607;090000;65;65;65;65;28;0
ПермьЭнС-п;60;20170607;100000;64.7;64.7;61;62.4;307;0
ПермьЭнС-п;60;20170607;110000;61.6;61.6;61;61;68;0
ПермьЭнС-п;60;20170607;120000;61;61;60.2;61;70;0
ПермьЭнС-п;60;20170607;130000;61;62;61;61.8;250;0
ПермьЭнС-п;60;20170607;140000;61.9;62;61.9;62;58;0
ПермьЭнС-п;60;20170607;150000;62;62;62;62;11;0
ПермьЭнС-п;60;20170607;160000;62;62;62;62;2;0
ПермьЭнС-п;60;20170607;170000;61.9;61.9;61.9;61.9;1;0
ПермьЭнС-п;60;20170607;180000;61;61;61;61;8;0
ПермьЭнС-п;60;20170608;100000;61.8;65;61.8;62.6;801;0
ПермьЭнС-п;60;20170608;110000;62.2;62.5;60.2;61;126;0
ПермьЭнС-п;60;20170608;120000;61;61.5;61;61.5;88;0
ПермьЭнС-п;60;20170608;130000;60.8;61.5;60.5;61.5;15;0
ПермьЭнС-п;60;20170608;150000;61.4;62;61.4;62;1245;0
ПермьЭнС-п;60;20170608;160000;61.2;61.2;60.7;60.7;15;0
ПермьЭнС-п;60;20170608;180000;61.4;61.5;61.4;61.5;5;0
ПермьЭнС-п;60;20170609;100000;61.4;61.5;61.4;61.5;5;0
ПермьЭнС-п;60;20170609;120000;61.7;62;61.6;62;6;0
ПермьЭнС-п;60;20170609;130000;61.6;61.6;59.6;59.9;586;0
ПермьЭнС-п;60;20170609;140000;59.8;60;58.5;59.3;146;0
ПермьЭнС-п;60;20170609;160000;59.5;59.6;59.5;59.6;25;0
ПермьЭнС-п;60;20170609;170000;59.7;60;59.4;59.4;38;0
ПермьЭнС-п;60;20170609;180000;59.4;59.9;59.4;59.9;3;0
ПермьЭнС-п;60;20170613;100000;59.1;59.1;58;58;15;0
ПермьЭнС-п;60;20170613;120000;58.3;58.3;58.1;58.1;4;0
ПермьЭнС-п;60;20170613;130000;58.1;58.1;58;58;8;0
ПермьЭнС-п;60;20170613;160000;58.1;58.2;58;58;25;0
ПермьЭнС-п;60;20170613;170000;58.1;58.1;58;58;40;0
ПермьЭнС-п;60;20170613;180000;57.9;57.9;57.7;57.7;4;0
ПермьЭнС-п;60;20170614;100000;58.3;58.3;58.3;58.3;1;0
ПермьЭнС-п;60;20170614;140000;58.6;58.6;58.6;58.6;1;0
ПермьЭнС-п;60;20170614;170000;58.4;58.4;58.4;58.4;1;0
ПермьЭнС-п;60;20170614;180000;57.8;57.8;57.8;57.8;87;0
ПермьЭнС-п;60;20170615;100000;57.3;57.3;56;56.1;149;0
ПермьЭнС-п;60;20170615;110000;56.1;56.1;56.1;56.1;54;0
ПермьЭнС-п;60;20170615;120000;56;56.1;56;56;94;0
ПермьЭнС-п;60;20170615;130000;56.6;56.6;55.8;55.8;4;0
ПермьЭнС-п;60;20170615;140000;56.5;56.5;56.1;56.1;3;0
ПермьЭнС-п;60;20170615;160000;55.9;55.9;55.9;55.9;1;0
ПермьЭнС-п;60;20170615;170000;56;56;56;56;10;0
ПермьЭнС-п;60;20170616;100000;57;57.1;57;57.1;3;0
ПермьЭнС-п;60;20170616;110000;56.8;56.8;56.8;56.8;1;0
ПермьЭнС-п;60;20170616;130000;57.5;57.8;57.5;57.8;2;0
ПермьЭнС-п;60;20170616;140000;57.8;57.8;57.8;57.8;4;0
ПермьЭнС-п;60;20170616;150000;57.8;57.8;57.8;57.8;10;0
ПермьЭнС-п;60;20170616;170000;57.2;57.2;57.2;57.2;2;0
ПермьЭнС-п;60;20170616;180000;57.1;57.5;57.1;57.5;2;0
ПермьЭнС-п;60;20170619;100000;57.5;57.5;57.5;57.5;1;0
ПермьЭнС-п;60;20170619;120000;57.5;57.5;57.5;57.5;1;0
ПермьЭнС-п;60;20170619;130000;57.3;57.5;57.3;57.5;24;0
ПермьЭнС-п;60;20170619;160000;57.1;57.1;57;57;3;0
ПермьЭнС-п;60;20170619;170000;57;57;57;57;10;0
ПермьЭнС-п;60;20170620;100000;56.9;56.9;56.3;56.3;10;0
ПермьЭнС-п;60;20170620;110000;57.2;57.3;56.5;56.5;4;0
ПермьЭнС-п;60;20170620;120000;56.5;56.5;56.5;56.5;1;0
ПермьЭнС-п;60;20170620;150000;57.2;57.2;57.2;57.2;1;0
ПермьЭнС-п;60;20170620;170000;57.3;57.3;56.8;56.8;2;0
ПермьЭнС-п;60;20170620;180000;56.8;56.8;56.8;56.8;20;0
ПермьЭнС-п;60;20170621;110000;57.9;57.9;57.9;57.9;2;0
ПермьЭнС-п;60;20170621;120000;57.5;57.5;57.5;57.5;10;0
ПермьЭнС-п;60;20170621;150000;57;57;56.6;56.6;30;0
ПермьЭнС-п;60;20170621;160000;56.7;56.7;56.6;56.6;11;0
ПермьЭнС-п;60;20170621;180000;57.3;57.3;57.3;57.3;1;0
ПермьЭнС-п;60;20170622;120000;57.4;57.8;57.4;57.8;303;0
ПермьЭнС-п;60;20170622;180000;57;57;57;57;13;0
ПермьЭнС-п;60;20170623;100000;57.8;57.8;57.8;57.8;6;0
ПермьЭнС-п;60;20170623;130000;57.8;58;57.8;58;25;0
ПермьЭнС-п;60;20170623;170000;58;58;57.9;57.9;8;0
ПермьЭнС-п;60;20170623;180000;57.5;57.8;57.2;57.2;43;0
ПермьЭнС-п;60;20170626;110000;57.3;57.3;56.9;56.9;216;0
ПермьЭнС-п;60;20170626;130000;57.9;58;57.9;58;2;0
ПермьЭнС-п;60;20170627;100000;57.3;57.3;55;56;63;0
ПермьЭнС-п;60;20170627;110000;56.3;56.6;56.3;56.6;43;0
ПермьЭнС-п;60;20170627;140000;56.6;57.4;56.6;57.4;22;0
ПермьЭнС-п;60;20170627;170000;57.3;57.4;56.7;57.4;7;0
ПермьЭнС-п;60;20170628;130000;57.4;57.4;57.4;57.4;1;0
ПермьЭнС-п;60;20170628;150000;57.4;57.4;57.4;57.4;3;0
ПермьЭнС-п;60;20170628;180000;57.4;57.4;57.4;57.4;2;0
ПермьЭнС-п;60;20170629;110000;58;58;57.5;57.5;4;0
ПермьЭнС-п;60;20170629;140000;57.5;58;57.5;58;10;0
ПермьЭнС-п;60;20170629;160000;58;58.5;57.5;57.5;201;0
ПермьЭнС-п;60;20170629;170000;57.5;57.5;57.5;57.5;1;0
ПермьЭнС-п;60;20170630;120000;57.3;57.3;57;57.1;22;0
ПермьЭнС-п;60;20170630;150000;57.1;57.1;57.1;57.1;2;0
ПермьЭнС-п;60;20170630;160000;57.1;57.1;57.1;57.1;5;0
ПермьЭнС-п;60;20170630;170000;57.1;57.9;57;57.9;12;0
ПермьЭнС-п;60;20170630;180000;57.8;57.8;57.5;57.5;4;0
ПермьЭнС-п;60;20170703;100000;57.3;57.3;57.1;57.1;4;0
ПермьЭнС-п;60;20170703;110000;57.1;57.1;57;57;21;0
ПермьЭнС-п;60;20170703;120000;57.1;57.1;57.1;57.1;2;0
ПермьЭнС-п;60;20170703;130000;56.9;56.9;56.7;56.7;13;0
ПермьЭнС-п;60;20170703;170000;57.2;58;57.2;58;28;0
ПермьЭнС-п;60;20170704;100000;57.4;57.4;56;56;75;0
ПермьЭнС-п;60;20170704;130000;56.2;56.2;55.5;56.1;505;0
ПермьЭнС-п;60;20170704;140000;55.8;56;55.5;55.5;2488;0
ПермьЭнС-п;60;20170704;150000;55.5;56.5;55.5;56.5;37;0
ПермьЭнС-п;60;20170704;160000;56.2;56.2;55.5;55.5;152;0
ПермьЭнС-п;60;20170704;170000;55.5;55.5;55.5;55.5;29;0
ПермьЭнС-п;60;20170704;180000;55.5;55.7;55.4;55.7;84;0
ПермьЭнС-п;60;20170705;100000;55.5;55.5;55.5;55.5;381;0
ПермьЭнС-п;60;20170705;110000;55.5;55.5;55.4;55.4;45;0
ПермьЭнС-п;60;20170705;120000;55.5;55.5;52.6;54;366;0
ПермьЭнС-п;60;20170705;130000;54.5;54.8;54.3;54.3;74;0
ПермьЭнС-п;60;20170705;140000;54.8;54.8;54.2;54.2;10;0
ПермьЭнС-п;60;20170705;150000;54.4;54.4;54;54.1;11;0
ПермьЭнС-п;60;20170705;160000;54.3;55;54.3;55;141;0
ПермьЭнС-п;60;20170705;170000;55;55;54.7;54.8;15;0
ПермьЭнС-п;60;20170705;180000;54.9;55;54.5;54.5;30;0
ПермьЭнС-п;60;20170706;100000;54.3;54.7;54;54.3;12;0
ПермьЭнС-п;60;20170706;110000;54.8;55;54.8;55;3;0
ПермьЭнС-п;60;20170706;120000;55;55;55;55;2;0
ПермьЭнС-п;60;20170706;130000;54.6;54.6;54;54;91;0
ПермьЭнС-п;60;20170706;140000;54;54;52.6;53.5;65;0
ПермьЭнС-п;60;20170706;150000;53.3;53.4;52.6;53.2;243;0
ПермьЭнС-п;60;20170706;160000;53.2;53.3;52.6;52.6;246;0
ПермьЭнС-п;60;20170706;170000;53.4;53.4;53.3;53.4;3;0
ПермьЭнС-п;60;20170706;180000;53.3;53.5;53.1;53.5;5;0
ПермьЭнС-п;60;20170707;100000;53.6;53.7;53.6;53.7;2;0
ПермьЭнС-п;60;20170707;110000;53.4;53.7;52.8;53.7;30;0
ПермьЭнС-п;60;20170707;120000;54;55.3;52.9;53.3;85;0
ПермьЭнС-п;60;20170707;130000;53.3;53.5;53.3;53.5;3;0
ПермьЭнС-п;60;20170707;140000;53.7;53.9;53.7;53.9;3;0
ПермьЭнС-п;60;20170707;150000;53.9;54;53.9;54;3;0
ПермьЭнС-п;60;20170707;160000;54.3;54.3;54.3;54.3;7;0
ПермьЭнС-п;60;20170707;170000;54.4;54.4;54.4;54.4;2;0
ПермьЭнС-п;60;20170710;120000;54.7;54.7;54.7;54.7;1;0
ПермьЭнС-п;60;20170710;160000;54.7;54.7;54.7;54.7;2;0
ПермьЭнС-п;60;20170711;170000;54.9;55.6;54.9;55.6;9;0
ПермьЭнС-п;60;20170712;100000;55.5;55.5;55.5;55.5;1;0
ПермьЭнС-п;60;20170712;110000;55.5;55.5;55.5;55.5;3;0
ПермьЭнС-п;60;20170712;120000;55.5;55.5;55.4;55.5;9;0
ПермьЭнС-п;60;20170712;140000;55;55;55;55;23;0
ПермьЭнС-п;60;20170713;100000;55.1;55.1;54.8;54.8;25;0
ПермьЭнС-п;60;20170713;110000;54.9;54.9;54.8;54.8;14;0
ПермьЭнС-п;60;20170713;120000;55.2;55.2;55.2;55.2;1;0
ПермьЭнС-п;60;20170713;130000;55.2;55.5;55.2;55.5;21;0
ПермьЭнС-п;60;20170713;140000;55.2;55.2;55.2;55.2;2;0
ПермьЭнС-п;60;20170713;160000;55.1;55.5;55.1;55.5;21;0
ПермьЭнС-п;60;20170713;170000;55.5;55.5;55.5;55.5;2;0
ПермьЭнС-п;60;20170714;120000;55.2;55.2;55.1;55.1;2;0
ПермьЭнС-п;60;20170714;130000;55;55;55;55;2;0
ПермьЭнС-п;60;20170714;150000;55.4;55.4;55.4;55.4;1;0
ПермьЭнС-п;60;20170714;160000;55.1;55.4;55.1;55.4;2;0
ПермьЭнС-п;60;20170717;100000;55.5;55.5;55.5;55.5;2;0
ПермьЭнС-п;60;20170717;140000;55.5;55.5;55.5;55.5;1;0
ПермьЭнС-п;60;20170717;150000;55.5;55.5;55.5;55.5;10;0
ПермьЭнС-п;60;20170717;160000;55.5;55.5;55.5;55.5;2;0
ПермьЭнС-п;60;20170718;130000;55.4;55.8;55.4;55.5;378;0
ПермьЭнС-п;60;20170718;150000;55.5;55.5;55.5;55.5;1;0
ПермьЭнС-п;60;20170719;100000;56;57;55.5;55.5;71;0
ПермьЭнС-п;60;20170719;110000;55.5;55.5;55.4;55.4;22;0
ПермьЭнС-п;60;20170719;120000;55.5;55.5;55.5;55.5;6;0
ПермьЭнС-п;60;20170719;130000;55.5;55.5;55.5;55.5;205;0
ПермьЭнС-п;60;20170719;140000;55.5;55.5;55.5;55.5;241;0
ПермьЭнС-п;60;20170719;150000;55.5;55.5;55.5;55.5;8;0
ПермьЭнС-п;60;20170719;180000;55.5;55.5;55.5;55.5;1;0
ПермьЭнС-п;60;20170720;100000;55.1;55.1;54.8;54.8;2;0
ПермьЭнС-п;60;20170720;110000;55.2;55.5;55.1;55.5;21;0
ПермьЭнС-п;60;20170720;120000;55.5;55.5;55.5;55.5;2;0
ПермьЭнС-п;60;20170720;130000;55.5;55.5;55.5;55.5;2;0
ПермьЭнС-п;60;20170720;140000;55.5;55.5;55.5;55.5;2;0
ПермьЭнС-п;60;20170720;150000;55.5;55.5;55.5;55.5;11;0
ПермьЭнС-п;60;20170720;170000;55.5;55.8;55.5;55.5;215;0
ПермьЭнС-п;60;20170721;130000;55.5;55.5;55.2;55.2;17;0
ПермьЭнС-п;60;20170721;140000;55.4;55.4;55.4;55.4;1;0
ПермьЭнС-п;60;20170721;150000;55.5;55.8;55.5;55.8;34;0
ПермьЭнС-п;60;20170721;170000;55.5;55.5;55.5;55.5;12;0
ПермьЭнС-п;60;20170724;140000;55.5;55.5;55.5;55.5;20;0
ПермьЭнС-п;60;20170724;150000;55.5;55.5;55.5;55.5;2;0
ПермьЭнС-п;60;20170724;160000;55.5;55.5;55.5;55.5;63;0
ПермьЭнС-п;60;20170724;170000;55.5;55.5;55.5;55.5;10;0
ПермьЭнС-п;60;20170725;110000;55.1;55.1;55.1;55.1;4;0
ПермьЭнС-п;60;20170725;130000;55.3;55.3;55.3;55.3;1;0
ПермьЭнС-п;60;20170725;140000;55.3;55.3;55.3;55.3;1;0
ПермьЭнС-п;60;20170725;150000;55.2;55.2;55.1;55.1;12;0
ПермьЭнС-п;60;20170725;170000;55.2;55.2;55.2;55.2;5;0
ПермьЭнС-п;60;20170725;180000;55.3;55.3;55.3;55.3;8;0
ПермьЭнС-п;60;20170726;100000;55.9;56;55.9;56;13;0
ПермьЭнС-п;60;20170726;120000;55.9;55.9;55.3;55.5;44;0
ПермьЭнС-п;60;20170726;130000;55.5;55.5;55.5;55.5;4;0
ПермьЭнС-п;60;20170726;140000;55.5;55.5;55.5;55.5;17;0
ПермьЭнС-п;60;20170726;160000;55.5;55.5;55.5;55.5;6;0
ПермьЭнС-п;60;20170726;170000;55.5;55.5;55.5;55.5;4;0
ПермьЭнС-п;60;20170726;180000;55.4;55.4;55.4;55.4;1;0
ПермьЭнС-п;60;20170727;100000;55;55.5;55;55.4;18;0
ПермьЭнС-п;60;20170727;110000;55.5;55.5;55.5;55.5;5;0
ПермьЭнС-п;60;20170727;140000;55.5;55.5;55.5;55.5;81;0
ПермьЭнС-п;60;20170727;150000;55.5;55.5;55.5;55.5;11;0
ПермьЭнС-п;60;20170727;160000;55.5;55.5;55.3;55.3;77;0
ПермьЭнС-п;60;20170727;170000;55.3;55.3;55.3;55.3;142;0
ПермьЭнС-п;60;20170727;180000;55.2;55.2;55.1;55.1;14;0
ПермьЭнС-п;60;20170728;100000;55.5;55.5;55.5;55.5;25;0
ПермьЭнС-п;60;20170728;110000;55.3;55.5;55.3;55.5;185;0
ПермьЭнС-п;60;20170728;120000;55.5;55.5;55.1;55.1;42;0
ПермьЭнС-п;60;20170728;150000;55.4;55.4;55.2;55.2;2;0
ПермьЭнС-п;60;20170728;160000;55.2;55.2;55.2;55.2;1;0
ПермьЭнС-п;60;20170731;110000;55.5;55.5;55.5;55.5;1;0
ПермьЭнС-п;60;20170731;180000;55.2;55.2;55.2;55.2;18;0
ПермьЭнС-п;60;20170801;100000;55.5;55.5;55.5;55.5;22;0
ПермьЭнС-п;60;20170801;150000;55.5;55.5;55.4;55.4;4;0
ПермьЭнС-п;60;20170801;160000;55.2;55.2;55.2;55.2;32;0
ПермьЭнС-п;60;20170801;180000;55.8;55.8;55.8;55.8;1;0
ПермьЭнС-п;60;20170802;100000;55.4;55.4;55.4;55.4;4;0
ПермьЭнС-п;60;20170802;110000;55.4;55.4;55.4;55.4;1;0
ПермьЭнС-п;60;20170802;120000;55.2;55.2;55.2;55.2;2;0
ПермьЭнС-п;60;20170802;130000;55.4;55.4;55.4;55.4;3;0
ПермьЭнС-п;60;20170803;110000;55.5;55.5;55.5;55.5;31;0
ПермьЭнС-п;60;20170803;120000;55.5;55.5;55.5;55.5;1;0
ПермьЭнС-п;60;20170803;140000;55.5;55.5;55.5;55.5;3;0
ПермьЭнС-п;60;20170803;150000;55.5;55.5;55.5;55.5;64;0
ПермьЭнС-п;60;20170803;160000;55.5;55.5;55.5;55.5;45;0
ПермьЭнС-п;60;20170803;180000;55.5;55.5;55.5;55.5;4;0
ПермьЭнС-п;60;20170804;100000;55.5;55.5;55.5;55.5;43;0
ПермьЭнС-п;60;20170804;110000;55.5;55.5;55.5;55.5;7;0
ПермьЭнС-п;60;20170804;120000;55.4;56.2;55.3;55.6;15;0
ПермьЭнС-п;60;20170804;130000;55.5;55.5;55.5;55.5;1;0
ПермьЭнС-п;60;20170804;140000;56;56;56;56;1;0
ПермьЭнС-п;60;20170804;160000;56.1;56.1;56.1;56.1;1;0
ПермьЭнС-п;60;20170804;180000;56.1;56.3;56.1;56.3;10;0
ПермьЭнС-п;60;20170807;110000;56.6;57.5;56.6;57.5;53;0
ПермьЭнС-п;60;20170807;120000;57.4;57.4;57.4;57.4;4;0
ПермьЭнС-п;60;20170807;130000;57.4;58;55.6;55.6;174;0
ПермьЭнС-п;60;20170807;140000;56.9;56.9;56.9;56.9;1;0
ПермьЭнС-п;60;20170807;160000;57;57;57;57;1;0
ПермьЭнС-п;60;20170807;170000;57.4;57.5;57.4;57.5;2;0
ПермьЭнС-п;60;20170808;100000;56.2;56.2;55.4;55.5;512;0
ПермьЭнС-п;60;20170808;110000;55.4;55.6;55.4;55.5;158;0
ПермьЭнС-п;60;20170808;120000;55.5;55.5;55.5;55.5;132;0
ПермьЭнС-п;60;20170808;130000;55.5;55.5;55.1;55.1;307;0
ПермьЭнС-п;60;20170808;140000;55.5;55.5;55.3;55.5;35;0
ПермьЭнС-п;60;20170808;150000;55.5;55.5;55.5;55.5;205;0
ПермьЭнС-п;60;20170808;160000;55.5;56.2;55.5;55.5;90;0
ПермьЭнС-п;60;20170808;170000;55.5;55.5;55.4;55.5;75;0
ПермьЭнС-п;60;20170808;180000;55.5;55.6;55.5;55.5;142;0
ПермьЭнС-п;60;20170809;100000;55.5;55.6;55.5;55.6;13;0
ПермьЭнС-п;60;20170809;110000;55.5;55.5;55.5;55.5;10;0
ПермьЭнС-п;60;20170809;120000;55.5;55.5;55.5;55.5;1;0
ПермьЭнС-п;60;20170809;130000;55.5;55.5;55.5;55.5;2;0
ПермьЭнС-п;60;20170809;160000;55.5;55.5;55.5;55.5;14;0
ПермьЭнС-п;60;20170809;170000;55.5;55.5;55.5;55.5;5;0
ПермьЭнС-п;60;20170809;180000;55.5;55.6;55.5;55.6;4;0
ПермьЭнС-п;60;20170810;100000;55.2;56;55.2;56;17;0
ПермьЭнС-п;60;20170810;110000;56;56;56;56;1;0
ПермьЭнС-п;60;20170810;120000;55.8;57;55.5;55.5;1084;0
ПермьЭнС-п;60;20170810;130000;55.5;56.6;55.3;55.5;1455;0
ПермьЭнС-п;60;20170810;140000;55.5;57;55.5;56.9;500;0
ПермьЭнС-п;60;20170810;150000;56.9;57.5;56.9;57.5;449;0
ПермьЭнС-п;60;20170810;160000;57.4;60.5;57.4;60.5;405;0
ПермьЭнС-п;60;20170810;170000;59.9;61.5;59;59.6;110;0
ПермьЭнС-п;60;20170810;180000;59.3;59.5;58.6;59.2;100;0
ПермьЭнС-п;60;20170811;100000;59.6;60.3;59.2;60.3;332;0
ПермьЭнС-п;60;20170811;110000;60;60.9;60;60.4;50;0
ПермьЭнС-п;60;20170811;120000;61.1;62.4;60.2;60.3;209;0
ПермьЭнС-п;60;20170811;130000;60.6;60.6;60.6;60.6;5;0
ПермьЭнС-п;60;20170811;140000;60.8;60.8;60.8;60.8;4;0
ПермьЭнС-п;60;20170811;150000;60.7;60.7;60.5;60.5;19;0
ПермьЭнС-п;60;20170811;160000;61.2;61.7;60.8;60.8;31;0
ПермьЭнС-п;60;20170811;170000;60.9;61.7;60;60;153;0
ПермьЭнС-п;60;20170814;100000;60.2;61.2;60.2;61.2;18;0
ПермьЭнС-п;60;20170814;110000;61.2;61.2;61;61;4;0
ПермьЭнС-п;60;20170814;120000;60.6;61.2;60.6;61.2;13;0
ПермьЭнС-п;60;20170814;130000;61.2;62.9;61.1;62.4;243;0
ПермьЭнС-п;60;20170814;140000;62.9;64;62.4;63.5;154;0
ПермьЭнС-п;60;20170814;160000;63;63;62.4;62.4;21;0
ПермьЭнС-п;60;20170814;170000;63;63;63;63;1;0
ПермьЭнС-п;60;20170815;100000;62.5;65;62;63.1;139;0
ПермьЭнС-п;60;20170815;110000;63.6;64;63.1;63.9;22;0
ПермьЭнС-п;60;20170815;120000;63.3;63.5;63;63.5;37;0
ПермьЭнС-п;60;20170815;130000;63.1;63.1;63;63;12;0
ПермьЭнС-п;60;20170815;170000;63.2;63.6;63.2;63.6;11;0
ПермьЭнС-п;60;20170815;180000;63.6;63.6;63.6;63.6;2;0
ПермьЭнС-п;60;20170816;110000;62.8;63.6;62.2;63.6;12;0
ПермьЭнС-п;60;20170816;120000;62.9;63;62.9;63;6;0
ПермьЭнС-п;60;20170816;130000;62.8;62.8;62;62;97;0
ПермьЭнС-п;60;20170816;150000;62.2;62.2;62;62;80;0
ПермьЭнС-п;60;20170816;180000;62.7;63.7;62.7;63.7;12;0
ПермьЭнС-п;60;20170817;110000;63.9;64;63.9;64;12;0
ПермьЭнС-п;60;20170817;120000;63.9;63.9;63.9;63.9;2;0
ПермьЭнС-п;60;20170817;140000;63.8;64;63.8;64;5;0
ПермьЭнС-п;60;20170817;150000;63.9;63.9;63.9;63.9;1;0
ПермьЭнС-п;60;20170817;160000;63.8;63.9;63.8;63.9;2;0
ПермьЭнС-п;60;20170817;170000;63.4;63.4;60;61;494;0
ПермьЭнС-п;60;20170817;180000;61;63;61;63;394;0
ПермьЭнС-п;60;20170818;110000;62.6;62.6;62;62;308;0
ПермьЭнС-п;60;20170818;120000;62.2;62.3;62.2;62.3;2;0
ПермьЭнС-п;60;20170818;130000;62.3;62.3;62.3;62.3;1;0
ПермьЭнС-п;60;20170818;140000;62.1;62.1;62;62;3;0
ПермьЭнС-п;60;20170818;160000;62;62;61.9;62;445;0
ПермьЭнС-п;60;20170818;170000;62.3;62.5;62.3;62.5;5;0
ПермьЭнС-п;60;20170821;100000;62.6;63;62.6;63;25;0
ПермьЭнС-п;60;20170821;110000;63;64.2;63;64.2;15;0
ПермьЭнС-п;60;20170821;120000;63.8;64;63.8;64;210;0
ПермьЭнС-п;60;20170821;130000;64;64.6;64;64;395;0
ПермьЭнС-п;60;20170821;140000;64;64;64;64;25;0
ПермьЭнС-п;60;20170821;150000;64;64.3;63.8;64;249;0
ПермьЭнС-п;60;20170821;160000;64;64;61.8;64;343;0
ПермьЭнС-п;60;20170821;180000;63.7;63.8;63.7;63.8;4;0
ПермьЭнС-п;60;20170822;130000;62.8;64.1;62.8;64.1;5;0
ПермьЭнС-п;60;20170822;140000;64;64;64;64;2;0
ПермьЭнС-п;60;20170822;150000;64;64.1;64;64;229;0
ПермьЭнС-п;60;20170822;170000;63.5;63.5;63.5;63.5;1;0
ПермьЭнС-п;60;20170823;100000;63.8;65;63.8;65;43;0
ПермьЭнС-п;60;20170823;110000;64;64;64;64;3;0
ПермьЭнС-п;60;20170823;120000;63.7;63.7;63.6;63.6;2;0
ПермьЭнС-п;60;20170823;130000;64.2;64.5;64.2;64.5;66;0
ПермьЭнС-п;60;20170823;140000;64.7;64.9;64.7;64.9;10;0
ПермьЭнС-п;60;20170823;150000;64.8;64.8;64.8;64.8;1;0
ПермьЭнС-п;60;20170823;160000;64.3;64.3;64.1;64.1;4;0
ПермьЭнС-п;60;20170824;100000;64.6;64.6;64.6;64.6;1;0
ПермьЭнС-п;60;20170824;120000;64.2;64.2;63.4;63.4;23;0
ПермьЭнС-п;60;20170824;130000;63.3;63.3;62.8;62.8;20;0
ПермьЭнС-п;60;20170824;140000;62.4;63;60.9;63;168;0
ПермьЭнС-п;60;20170824;160000;63.1;63.4;63;63;59;0
ПермьЭнС-п;60;20170824;170000;63.4;63.5;63.3;63.3;3;0
ПермьЭнС-п;60;20170824;180000;63.8;64;63.8;64;10;0
ПермьЭнС-п;60;20170825;170000;63.2;63.2;63.2;63.2;1;0
ПермьЭнС-п;60;20170828;100000;64;64;63.6;63.7;20;0
ПермьЭнС-п;60;20170829;100000;63.9;64.7;63.4;63.4;76;0
ПермьЭнС-п;60;20170829;110000;63.1;63.1;62.9;62.9;11;0
ПермьЭнС-п;60;20170829;120000;63;63;62.8;62.8;34;0
ПермьЭнС-п;60;20170829;130000;62.7;63;62.4;62.5;165;0
ПермьЭнС-п;60;20170829;140000;63;63;63;63;50;0
ПермьЭнС-п;60;20170829;160000;62.9;62.9;62.9;62.9;1;0
ПермьЭнС-п;60;20170829;170000;63;63;62.3;62.3;37;0
ПермьЭнС-п;60;20170829;180000;62.3;62.3;62.3;62.3;59;0
ПермьЭнС-п;60;20170830;140000;63.7;63.9;62.3;62.3;48;0
ПермьЭнС-п;60;20170830;170000;62.5;63.3;62.5;63.3;11;0
ПермьЭнС-п;60;20170830;180000;63.8;63.8;63.8;63.8;3;0
ПермьЭнС-п;60;20170831;120000;62.7;64.2;62.7;64;63;0
ПермьЭнС-п;60;20170831;130000;64;64.2;64;64.2;6;0
ПермьЭнС-п;60;20170831;140000;64.1;64.1;64.1;64.1;2;0
ПермьЭнС-п;60;20170831;150000;64.1;64.1;63.4;63.4;10;0
ПермьЭнС-п;60;20170901;110000;64;64.4;64;64.4;10;0
ПермьЭнС-п;60;20170901;130000;64;64.2;64;64.2;12;0
ПермьЭнС-п;60;20170901;160000;63.5;63.5;63.5;63.5;1;0
ПермьЭнС-п;60;20170904;110000;63.9;65;63.9;64.2;16;0
ПермьЭнС-п;60;20170904;130000;63.9;63.9;63;63;11;0
ПермьЭнС-п;60;20170904;150000;63.4;63.4;62.5;62.5;55;0
ПермьЭнС-п;60;20170904;160000;63.2;63.3;63.2;63.3;2;0
ПермьЭнС-п;60;20170904;170000;63.6;63.8;63.6;63.8;5;0
ПермьЭнС-п;60;20170904;180000;63.3;63.3;63.2;63.2;2;0
ПермьЭнС-п;60;20170905;120000;63.7;63.8;63.7;63.8;2;0
ПермьЭнС-п;60;20170905;130000;63.7;63.7;63.7;63.7;1;0
ПермьЭнС-п;60;20170905;150000;63.8;63.8;63;63.3;53;0
ПермьЭнС-п;60;20170905;170000;63.7;64;63.7;64;5;0
ПермьЭнС-п;60;20170906;120000;63.5;63.8;62.5;63.4;220;0
ПермьЭнС-п;60;20170906;150000;63.4;63.4;63.4;63.4;1;0
ПермьЭнС-п;60;20170906;160000;63.4;63.4;63.4;63.4;6;0
ПермьЭнС-п;60;20170906;180000;63.4;63.4;63.4;63.4;1;0
ПермьЭнС-п;60;20170907;110000;63.7;64;63.7;64;4;0
ПермьЭнС-п;60;20170907;120000;63.9;63.9;63.9;63.9;18;0
ПермьЭнС-п;60;20170907;150000;63.7;63.7;63.7;63.7;2;0
ПермьЭнС-п;60;20170907;160000;63.3;63.9;63.3;63.9;4;0
ПермьЭнС-п;60;20170907;170000;63.3;63.3;63;63;21;0
ПермьЭнС-п;60;20170908;100000;63.2;63.2;63.1;63.1;14;0
ПермьЭнС-п;60;20170908;110000;63.1;63.6;62.9;63.6;103;0
ПермьЭнС-п;60;20170908;130000;63.6;63.6;63.3;63.3;49;0
ПермьЭнС-п;60;20170908;140000;63.1;63.1;63;63;37;0
ПермьЭнС-п;60;20170908;150000;63.4;63.5;63.4;63.5;14;0
ПермьЭнС-п;60;20170908;160000;63.5;63.5;63.5;63.5;14;0
ПермьЭнС-п;60;20170908;180000;63.3;63.3;63.3;63.3;30;0
ПермьЭнС-п;60;20170911;130000;63.6;63.8;63.6;63.8;3;0
ПермьЭнС-п;60;20170911;150000;63.7;64.2;63.4;63.4;73;0
ПермьЭнС-п;60;20170911;160000;63.2;63.2;62.8;62.8;61;0
ПермьЭнС-п;60;20170911;170000;62.8;63.3;62.2;63.1;46;0
ПермьЭнС-п;60;20170911;180000;63.3;64.2;63.3;64.2;204;0
ПермьЭнС-п;60;20170912;110000;64.1;64.2;64.1;64.2;24;0
ПермьЭнС-п;60;20170912;120000;64.2;64.2;64.2;64.2;7;0
ПермьЭнС-п;60;20170912;140000;64.2;64.2;64.2;64.2;16;0
ПермьЭнС-п;60;20170912;150000;64.2;64.2;64.2;64.2;9;0
ПермьЭнС-п;60;20170912;160000;64.2;64.2;64.2;64.2;75;0
ПермьЭнС-п;60;20170913;110000;63.8;63.8;63.8;63.8;1;0
ПермьЭнС-п;60;20170913;120000;63.9;63.9;63.9;63.9;26;0
ПермьЭнС-п;60;20170913;130000;63.9;63.9;63.9;63.9;4;0
ПермьЭнС-п;60;20170913;140000;63.9;63.9;63.9;63.9;44;0
ПермьЭнС-п;60;20170913;160000;64.1;64.2;64.1;64.2;4;0
ПермьЭнС-п;60;20170913;170000;64.2;64.2;63.7;63.7;12;0
ПермьЭнС-п;60;20170913;180000;63.7;63.7;63.6;63.6;12;0
ПермьЭнС-п;60;20170914;100000;63.4;63.4;63.4;63.4;1;0
ПермьЭнС-п;60;20170914;110000;63.9;63.9;63.9;63.9;5;0
ПермьЭнС-п;60;20170914;160000;64;64;63.6;63.6;14;0
ПермьЭнС-п;60;20170914;170000;64.3;64.3;64.3;64.3;1;0
ПермьЭнС-п;60;20170915;100000;64.7;64.7;64.7;64.7;1;0
ПермьЭнС-п;60;20170915;110000;64.5;64.5;64.5;64.5;4;0
ПермьЭнС-п;60;20170915;170000;64;64;64;64;1;0
ПермьЭнС-п;60;20170915;180000;64.3;64.3;63;63.8;72;0
ПермьЭнС-п;60;20170918;100000;64;64.3;64;64.3;10;0
ПермьЭнС-п;60;20170918;110000;64.4;64.4;64.4;64.4;1;0
ПермьЭнС-п;60;20170918;120000;64.4;64.4;64.4;64.4;1;0
ПермьЭнС-п;60;20170918;170000;64.4;64.4;64.4;64.4;3;0
ПермьЭнС-п;60;20170918;180000;64.2;64.4;64.2;64.4;8;0
ПермьЭнС-п;60;20170919;110000;64.5;64.5;64.5;64.5;1;0
ПермьЭнС-п;60;20170919;150000;64.3;64.3;64;64;13;0
ПермьЭнС-п;60;20170919;160000;64.5;64.6;64.5;64.6;3;0
ПермьЭнС-п;60;20170919;170000;64.6;64.7;64.6;64.6;20;0
ПермьЭнС-п;60;20170919;180000;64.8;64.8;64.1;64.1;17;0
ПермьЭнС-п;60;20170920;100000;64;64;63.1;63.1;9;0
ПермьЭнС-п;60;20170920;110000;63.9;64.1;63.9;64.1;3;0
ПермьЭнС-п;60;20170920;130000;64;64;63.4;64;41;0
ПермьЭнС-п;60;20170920;170000;64;64.2;63;63;290;0
ПермьЭнС-п;60;20170920;180000;63.4;63.4;63.1;63.1;20;0
ПермьЭнС-п;60;20170921;100000;63.7;63.7;63.7;63.7;1;0
ПермьЭнС-п;60;20170921;110000;63.4;63.4;63.3;63.3;2;0
ПермьЭнС-п;60;20170921;150000;63.5;63.5;63.5;63.5;3093;0
ПермьЭнС-п;60;20170921;160000;63.8;63.9;63.8;63.9;20;0
ПермьЭнС-п;60;20170921;180000;63.9;63.9;63.9;63.9;2;0
ПермьЭнС-п;60;20170922;110000;63.5;63.5;63.4;63.4;5;0
ПермьЭнС-п;60;20170922;140000;63.8;64;63.8;64;7;0
ПермьЭнС-п;60;20170922;170000;64;64;64;64;15;0
ПермьЭнС-п;60;20170925;100000;63.5;63.5;63.3;63.3;4;0
ПермьЭнС-п;60;20170925;110000;63.9;64.9;63.9;64.9;10;0
ПермьЭнС-п;60;20170925;120000;64.8;64.8;64;64;2;0
ПермьЭнС-п;60;20170925;150000;64;64;64;64;31;0
ПермьЭнС-п;60;20170925;170000;64;64;64;64;30;0
ПермьЭнС-п;60;20170926;140000;64.1;64.1;64;64;71;0
ПермьЭнС-п;60;20170926;150000;63.9;63.9;63.9;63.9;1;0
ПермьЭнС-п;60;20170927;100000;64;64;64;64;30;0
ПермьЭнС-п;60;20170927;120000;64;64;64;64;24;0
ПермьЭнС-п;60;20170927;140000;63.9;64;63.9;64;19;0
ПермьЭнС-п;60;20170927;150000;64;64;64;64;1;0
ПермьЭнС-п;60;20170927;170000;63.9;63.9;63.9;63.9;1;0
ПермьЭнС-п;60;20170928;110000;63.9;64.4;63.1;64.4;24;0
ПермьЭнС-п;60;20170928;120000;64.5;64.8;64.4;64.4;40;0
ПермьЭнС-п;60;20170928;140000;64.4;64.4;64.4;64.4;1;0
ПермьЭнС-п;60;20170928;170000;64.1;64.4;64.1;64.4;12;0
ПермьЭнС-п;60;20170929;100000;64.6;64.8;64.1;64.7;28;0
ПермьЭнС-п;60;20170929;120000;64.6;64.7;64.6;64.7;16;0
ПермьЭнС-п;60;20170929;130000;64.7;64.7;63.8;63.8;17;0
ПермьЭнС-п;60;20170929;170000;64.3;64.6;64.3;64.6;3;0
ПермьЭнС-п;60;20171002;110000;64.8;64.8;64.8;64.8;10;0
ПермьЭнС-п;60;20171003;110000;64.9;64.9;64.1;64.1;105;0
ПермьЭнС-п;60;20171003;120000;64.5;64.6;64.5;64.6;2;0
ПермьЭнС-п;60;20171003;150000;64.6;64.6;64;64;151;0
ПермьЭнС-п;60;20171003;160000;64.3;65;64.3;65;150;0
ПермьЭнС-п;60;20171003;180000;64.9;65;64.9;65;30;0
ПермьЭнС-п;60;20171004;090000;64.5;64.5;64.5;64.5;2;0
ПермьЭнС-п;60;20171004;100000;64.4;64.4;64.4;64.4;1;0
ПермьЭнС-п;60;20171004;110000;64.5;64.5;64.5;64.5;37;0
ПермьЭнС-п;60;20171004;130000;64.5;64.5;64.5;64.5;24;0
ПермьЭнС-п;60;20171004;140000;64.6;64.6;63.5;63.5;100;0
ПермьЭнС-п;60;20171004;160000;64.3;64.5;64.3;64.5;4;0
ПермьЭнС-п;60;20171004;170000;64.5;65;64.5;65;56;0
ПермьЭнС-п;60;20171005;130000;64.5;64.5;64.5;64.5;1;0
ПермьЭнС-п;60;20171005;140000;65.3;65.4;65.3;65.4;23;0
ПермьЭнС-п;60;20171005;180000;65.5;65.9;65.5;65.9;47;0
ПермьЭнС-п;60;20171006;110000;66;66;66;66;50;0
ПермьЭнС-п;60;20171006;130000;66;66.9;66;66.9;149;0
ПермьЭнС-п;60;20171006;140000;66.9;66.9;66;66;2;0
ПермьЭнС-п;60;20171006;150000;66.1;66.1;65.7;65.7;13;0
ПермьЭнС-п;60;20171006;160000;65.7;66;65;66;101;0
ПермьЭнС-п;60;20171009;100000;66;66.5;66;66.5;6;0
ПермьЭнС-п;60;20171009;110000;66.6;66.9;66.5;66.9;71;0
ПермьЭнС-п;60;20171009;140000;66.9;67.2;66.9;67.2;4;0
ПермьЭнС-п;60;20171009;160000;67.1;68.9;67.1;68.9;790;0
ПермьЭнС-п;60;20171009;170000;68.1;68.1;66.9;67.3;11;0
ПермьЭнС-п;60;20171009;180000;67.4;68;67.4;68;57;0
ПермьЭнС-п;60;20171010;100000;69.2;69.5;69.2;69.5;14;0
ПермьЭнС-п;60;20171010;120000;68;68;67.8;67.8;3;0
ПермьЭнС-п;60;20171010;130000;68;68;67.9;68;21;0
ПермьЭнС-п;60;20171010;140000;67.8;67.8;67.5;67.5;5;0
ПермьЭнС-п;60;20171010;150000;68.1;68.2;68.1;68.2;2;0
ПермьЭнС-п;60;20171010;160000;67.9;69;67.9;69;38;0
ПермьЭнС-п;60;20171010;170000;68.4;68.5;68.3;68.5;12;0
ПермьЭнС-п;60;20171010;180000;68.9;69;68.9;68.9;28;0
ПермьЭнС-п;60;20171011;100000;69;69;65.7;69;31;0
ПермьЭнС-п;60;20171011;110000;68;68.4;67;67;499;0
ПермьЭнС-п;60;20171011;120000;67.2;67.2;66;67;302;0
ПермьЭнС-п;60;20171011;130000;67.3;67.9;67;67.9;6;0
ПермьЭнС-п;60;20171011;140000;67.8;67.8;67.8;67.8;4;0
ПермьЭнС-п;60;20171011;160000;67.9;67.9;67.9;67.9;1;0
ПермьЭнС-п;60;20171011;170000;67.9;67.9;67.9;67.9;1;0
ПермьЭнС-п;60;20171012;100000;68.1;68.1;68;68;3;0
ПермьЭнС-п;60;20171012;140000;67.8;68;67.8;68;46;0
ПермьЭнС-п;60;20171012;170000;68;68;67;67;158;0
ПермьЭнС-п;60;20171012;180000;67.7;68.2;67.7;68.2;42;0
ПермьЭнС-п;60;20171013;110000;68.2;68.3;68.2;68.3;22;0
ПермьЭнС-п;60;20171013;120000;68.3;68.3;68.3;68.3;8;0
ПермьЭнС-п;60;20171013;130000;68.1;68.8;68.1;68.8;570;0
ПермьЭнС-п;60;20171013;140000;68.8;68.8;68.8;68.8;4;0
ПермьЭнС-п;60;20171013;170000;68.8;68.8;68.5;68.5;3;0
ПермьЭнС-п;60;20171013;180000;68.5;68.5;68.5;68.5;3;0
ПермьЭнС-п;60;20171016;100000;68.9;69;68.9;69;369;0
ПермьЭнС-п;60;20171016;110000;68.1;68.1;67.8;67.8;8;0
ПермьЭнС-п;60;20171016;120000;68.5;68.5;68.5;68.5;3;0
ПермьЭнС-п;60;20171016;150000;68.4;68.4;67.7;67.8;50;0
ПермьЭнС-п;60;20171016;160000;68;68.4;68;68.4;4;0
ПермьЭнС-п;60;20171016;180000;68.2;68.8;68.2;68.8;38;0
ПермьЭнС-п;60;20171017;100000;69.4;69.4;67.1;68.2;109;0
ПермьЭнС-п;60;20171017;110000;68.2;69.5;68.2;69.5;49;0
ПермьЭнС-п;60;20171017;140000;69.3;69.3;69.3;69.3;1;0
ПермьЭнС-п;60;20171017;160000;69.4;69.4;69.4;69.4;21;0
ПермьЭнС-п;60;20171017;180000;68.2;68.2;68.2;68.2;1;0
ПермьЭнС-п;60;20171018;100000;69.7;70;68;68;54;0
ПермьЭнС-п;60;20171018;110000;68.9;69.9;68.9;69.9;9;0
ПермьЭнС-п;60;20171018;140000;69.1;69.1;69;69;2;0
ПермьЭнС-п;60;20171018;150000;69.3;69.4;68.9;68.9;24;0
ПермьЭнС-п;60;20171018;160000;68.8;68.8;68.4;68.4;18;0
ПермьЭнС-п;60;20171018;180000;68.4;69.3;68.4;69.3;6;0
ПермьЭнС-п;60;20171019;100000;69.1;69.1;69;69;50;0
ПермьЭнС-п;60;20171019;120000;69.1;69.1;68.6;68.6;10;0
ПермьЭнС-п;60;20171019;140000;68.7;68.7;68.7;68.7;1;0
ПермьЭнС-п;60;20171019;150000;68.7;68.7;68.7;68.7;10;0
ПермьЭнС-п;60;20171019;170000;69;69.1;68.9;68.9;124;0
ПермьЭнС-п;60;20171020;100000;69;69;69;69;1;0
ПермьЭнС-п;60;20171020;140000;68.8;69.4;68.8;69.2;6;0
ПермьЭнС-п;60;20171023;110000;69.3;69.3;69.3;69.3;1;0
ПермьЭнС-п;60;20171023;170000;69.2;69.2;69.2;69.2;2;0
ПермьЭнС-п;60;20171024;100000;68.8;68.8;68.7;68.7;150;0
ПермьЭнС-п;60;20171024;110000;68.8;68.8;68.8;68.8;3;0
ПермьЭнС-п;60;20171024;130000;68.9;68.9;68.7;68.7;7;0
ПермьЭнС-п;60;20171024;160000;69.2;69.2;68.9;68.9;2;0
ПермьЭнС-п;60;20171024;170000;69;69.2;69;69.2;4;0
ПермьЭнС-п;60;20171024;180000;69.3;69.8;69.3;69.8;26;0
ПермьЭнС-п;60;20171025;180000;69.1;69.8;69.1;69.8;3;0
ПермьЭнС-п;60;20171026;100000;69.9;69.9;69.9;69.9;1;0
ПермьЭнС-п;60;20171026;150000;69.1;69.1;69;69;4;0
ПермьЭнС-п;60;20171026;170000;69.3;69.3;69.3;69.3;1;0
ПермьЭнС-п;60;20171027;100000;69.7;70;69.7;70;8;0
ПермьЭнС-п;60;20171027;110000;69.8;69.9;69.8;69.9;55;0
ПермьЭнС-п;60;20171027;120000;69.9;69.9;69.9;69.9;7;0
ПермьЭнС-п;60;20171027;150000;69.3;69.3;69;69;20;0
ПермьЭнС-п;60;20171027;160000;69.7;69.8;69.7;69.8;6;0
ПермьЭнС-п;60;20171027;170000;69.9;70;69.9;70;104;0
ПермьЭнС-п;60;20171027;180000;69.9;69.9;69.9;69.9;10;0
ПермьЭнС-п;60;20171030;100000;70.4;71.5;70;71.5;108;0
ПермьЭнС-п;60;20171030;110000;71;71;70;70;45;0
ПермьЭнС-п;60;20171030;120000;70.6;70.6;70;70;72;0
ПермьЭнС-п;60;20171030;130000;70;70;70;70;200;0
ПермьЭнС-п;60;20171030;160000;70.5;70.5;70.1;70.1;2;0
ПермьЭнС-п;60;20171030;180000;70.1;70.1;70;70.1;102;0
ПермьЭнС-п;60;20171031;100000;70;70;69.4;69.4;59;0
ПермьЭнС-п;60;20171031;110000;69.9;70;69.9;70;328;0
ПермьЭнС-п;60;20171031;120000;69.7;69.8;69.4;69.8;430;0
ПермьЭнС-п;60;20171031;130000;69.8;69.9;69.8;69.9;10;0
ПермьЭнС-п;60;20171031;150000;69.9;69.9;69.9;69.9;11;0
ПермьЭнС-п;60;20171031;160000;69.9;70;69.9;69.9;80;0
ПермьЭнС-п;60;20171031;170000;69.8;69.9;69.8;69.9;11;0
ПермьЭнС-п;60;20171031;180000;69.9;69.9;69.8;69.8;10;0
ПермьЭнС-п;60;20171101;100000;70.9;71;70.6;70.6;63;0
ПермьЭнС-п;60;20171101;120000;70;70;70;70;82;0
ПермьЭнС-п;60;20171101;130000;70;70;70;70;1;0
ПермьЭнС-п;60;20171101;140000;70;70;70;70;55;0
ПермьЭнС-п;60;20171101;150000;70;70;70;70;9;0
ПермьЭнС-п;60;20171101;160000;70;70;69.7;69.9;236;0
ПермьЭнС-п;60;20171102;110000;69.8;70;69.6;70;8;0
ПермьЭнС-п;60;20171102;120000;70;70;70;70;41;0
ПермьЭнС-п;60;20171102;150000;69.8;69.8;69.8;69.8;4;0
ПермьЭнС-п;60;20171102;160000;69.9;69.9;69.9;69.9;14;0
ПермьЭнС-п;60;20171102;170000;69.9;69.9;69.9;69.9;10;0
ПермьЭнС-п;60;20171103;110000;70;70;70;70;51;0
ПермьЭнС-п;60;20171103;120000;70;70;70;70;35;0
ПермьЭнС-п;60;20171103;130000;69.8;69.8;69.8;69.8;6;0
ПермьЭнС-п;60;20171103;160000;69.9;69.9;69.9;69.9;4;0
ПермьЭнС-п;60;20171103;170000;70;70;70;70;1;0
ПермьЭнС-п;60;20171103;180000;70;70;70;70;19;0
ПермьЭнС-п;60;20171107;090000;71;71;71;71;100;0
ПермьЭнС-п;60;20171107;100000;70;71;70;71;150;0
ПермьЭнС-п;60;20171107;110000;71;73;71;72.5;693;0
ПермьЭнС-п;60;20171107;120000;72.5;72.8;72.4;72.4;111;0
ПермьЭнС-п;60;20171107;130000;72.4;72.5;72.4;72.4;401;0
ПермьЭнС-п;60;20171107;140000;72.4;72.5;72.4;72.5;1338;0
ПермьЭнС-п;60;20171107;150000;72.5;72.5;72.5;72.5;74;0
ПермьЭнС-п;60;20171107;160000;72.5;73.5;72.5;72.5;919;0
ПермьЭнС-п;60;20171107;170000;73;73;72.5;72.5;496;0
ПермьЭнС-п;60;20171107;180000;72.8;72.9;72.8;72.9;2;0
ПермьЭнС-п;60;20171108;100000;73.8;73.9;73.5;73.5;256;0
ПермьЭнС-п;60;20171108;110000;73.4;73.5;73.4;73.5;15;0
ПермьЭнС-п;60;20171108;120000;73.3;73.5;73.3;73.5;147;0
ПермьЭнС-п;60;20171108;130000;73.5;73.5;73;73.5;422;0
ПермьЭнС-п;60;20171108;140000;73.5;73.5;73.5;73.5;101;0
ПермьЭнС-п;60;20171108;150000;73.1;73.1;73;73.1;117;0
ПермьЭнС-п;60;20171108;160000;73.4;73.5;73.4;73.5;177;0
ПермьЭнС-п;60;20171108;170000;73.5;73.9;73.5;73.5;837;0
ПермьЭнС-п;60;20171108;180000;73.9;74.8;73.9;74.5;701;0
ПермьЭнС-п;60;20171109;100000;76.5;76.5;74.5;74.5;102;0
ПермьЭнС-п;60;20171109;110000;74.6;75.9;74.5;75.9;24;0
ПермьЭнС-п;60;20171109;120000;75.9;76.4;75.9;76.3;354;0
ПермьЭнС-п;60;20171109;130000;76;76;75.6;75.6;8;0
ПермьЭнС-п;60;20171109;140000;76.3;76.4;75.7;76.4;174;0
ПермьЭнС-п;60;20171109;150000;76.5;77;76.2;76.7;574;0
ПермьЭнС-п;60;20171109;160000;76.2;76.6;76;76.6;11;0
ПермьЭнС-п;60;20171109;180000;76.7;76.8;76.7;76.8;22;0
ПермьЭнС-п;60;20171110;100000;76.9;77.5;76.9;77.5;929;0
ПермьЭнС-п;60;20171110;110000;78.4;79;77.1;77.9;260;0
ПермьЭнС-п;60;20171110;120000;78.5;79;78.5;79;1800;0
ПермьЭнС-п;60;20171110;130000;79;84;79;83.8;2368;0
ПермьЭнС-п;60;20171110;140000;83.8;83.8;80.8;82.9;176;0
ПермьЭнС-п;60;20171110;150000;82.1;82.8;80.7;82.3;71;0
ПермьЭнС-п;60;20171110;160000;81.1;81.8;80.8;80.8;27;0
ПермьЭнС-п;60;20171110;170000;80.8;81.8;80.7;80.8;169;0
ПермьЭнС-п;60;20171110;180000;81.3;81.3;80.2;80.8;125;0
ПермьЭнС-п;60;20171113;100000;83;84;81.5;82.7;375;0
ПермьЭнС-п;60;20171113;110000;83.4;83.4;81.9;81.9;230;0
ПермьЭнС-п;60;20171113;120000;81.9;82.3;81.9;82.3;194;0
ПермьЭнС-п;60;20171113;130000;82.4;82.4;82.4;82.4;14;0
ПермьЭнС-п;60;20171113;140000;82;82;82;82;10;0
ПермьЭнС-п;60;20171113;150000;82;82;82;82;1;0
ПермьЭнС-п;60;20171113;160000;82.9;82.9;82.9;82.9;1;0
ПермьЭнС-п;60;20171113;170000;82.4;82.7;82;82.7;61;0
ПермьЭнС-п;60;20171113;180000;82.7;82.7;82;82;54;0
ПермьЭнС-п;60;20171114;100000;82.6;82.6;81.5;82.4;76;0
ПермьЭнС-п;60;20171114;110000;82.4;82.7;82.4;82.7;96;0
ПермьЭнС-п;60;20171114;120000;82.6;82.6;82.4;82.4;55;0
ПермьЭнС-п;60;20171114;130000;81.8;82.3;81.4;82.3;112;0
ПермьЭнС-п;60;20171114;140000;82.4;82.9;82.4;82.9;56;0
ПермьЭнС-п;60;20171114;160000;82.8;82.8;82.6;82.6;6;0
ПермьЭнС-п;60;20171114;170000;82.2;82.2;82.2;82.2;1;0
ПермьЭнС-п;60;20171115;100000;82.9;83.2;81.8;83.2;70;0
ПермьЭнС-п;60;20171115;110000;82.4;83.5;82.2;82.2;265;0
ПермьЭнС-п;60;20171115;120000;82.8;82.8;82.8;82.8;3;0
ПермьЭнС-п;60;20171115;130000;82.5;83.5;82.5;83.5;76;0
ПермьЭнС-п;60;20171115;140000;83.5;84;83.5;84;37;0
ПермьЭнС-п;60;20171115;150000;82.8;83.9;82.7;83.9;16;0
ПермьЭнС-п;60;20171115;160000;83.9;83.9;83.9;83.9;12;0
ПермьЭнС-п;60;20171115;180000;83.9;83.9;83;83.6;35;0
ПермьЭнС-п;60;20171116;100000;84;84;84;84;11;0
ПермьЭнС-п;60;20171116;110000;83.7;84;83.7;84;135;0
ПермьЭнС-п;60;20171116;120000;84.1;84.5;84.1;84.5;16;0
ПермьЭнС-п;60;20171116;130000;84;84;83.5;84;116;0
ПермьЭнС-п;60;20171116;140000;84;84;83;84;118;0
ПермьЭнС-п;60;20171116;150000;83.5;84;81.9;81.9;183;0
ПермьЭнС-п;60;20171116;160000;82.2;82.2;81.8;81.8;823;0
ПермьЭнС-п;60;20171116;170000;82.4;82.4;82.1;82.1;9;0
ПермьЭнС-п;60;20171116;180000;82.1;82.8;82;82.8;26;0
ПермьЭнС-п;60;20171117;110000;84.3;84.3;83.5;83.5;21;0
ПермьЭнС-п;60;20171117;130000;83.9;84.3;83.9;84.3;202;0
ПермьЭнС-п;60;20171117;140000;84;84;84;84;5;0
ПермьЭнС-п;60;20171117;150000;84.2;84.2;84.2;84.2;15;0
ПермьЭнС-п;60;20171117;160000;83.7;83.7;83.3;83.3;40;0
ПермьЭнС-п;60;20171117;170000;83.3;83.3;82.9;82.9;34;0
ПермьЭнС-п;60;20171120;120000;83.9;83.9;83.9;83.9;2;0
ПермьЭнС-п;60;20171120;140000;82.1;83.5;81.2;83.5;17;0
ПермьЭнС-п;60;20171120;150000;83.4;84.2;83.4;84.2;177;0
ПермьЭнС-п;60;20171120;180000;82.1;82.1;82;82;154;0
ПермьЭнС-п;60;20171121;100000;84.1;84.5;84.1;84.5;2;0
ПермьЭнС-п;60;20171121;110000;83.3;83.3;83.3;83.3;2;0
ПермьЭнС-п;60;20171121;120000;83.3;83.5;81.9;81.9;451;0
ПермьЭнС-п;60;20171121;130000;81.8;82.7;80.3;80.3;64;0
ПермьЭнС-п;60;20171121;140000;82.2;82.6;82.1;82.1;15;0
ПермьЭнС-п;60;20171121;160000;81.3;82.2;80.8;81.7;99;0
ПермьЭнС-п;60;20171121;170000;80.9;82.2;80.9;82.2;10;0
ПермьЭнС-п;60;20171122;110000;82.3;82.5;80;80.5;146;0
ПермьЭнС-п;60;20171122;120000;80.6;80.9;79.6;80.9;125;0
ПермьЭнС-п;60;20171122;130000;80.9;82.5;80.8;82.5;51;0
ПермьЭнС-п;60;20171122;140000;81.2;81.2;81.2;81.2;5;0
ПермьЭнС-п;60;20171122;150000;81.1;82.9;81.1;81.1;114;0
ПермьЭнС-п;60;20171122;160000;82.4;82.4;81;81;36;0
ПермьЭнС-п;60;20171122;170000;80.9;81.8;80.8;81.8;26;0
ПермьЭнС-п;60;20171123;130000;83.2;83.2;83.2;83.2;1;0
ПермьЭнС-п;60;20171123;150000;83;83.7;83;83.7;78;0
ПермьЭнС-п;60;20171123;160000;83.5;83.6;83.1;83.1;23;0
ПермьЭнС-п;60;20171123;170000;83.4;83.4;83.4;83.4;2;0
ПермьЭнС-п;60;20171124;150000;82.1;83;82;82.1;12;0
ПермьЭнС-п;60;20171124;170000;82;82;81.1;81.1;102;0
ПермьЭнС-п;60;20171124;180000;82.4;82.4;82.4;82.4;1;0
ПермьЭнС-п;60;20171127;100000;82.5;83.7;82.5;83.7;2;0
ПермьЭнС-п;60;20171127;110000;82.9;83.6;82.9;83.6;59;0
ПермьЭнС-п;60;20171127;120000;83.6;84;83.6;84;1490;0
ПермьЭнС-п;60;20171127;130000;83.7;83.7;83.5;83.5;11;0
ПермьЭнС-п;60;20171127;140000;82.2;82.7;82.2;82.7;34;0
ПермьЭнС-п;60;20171127;160000;83.3;83.3;83.3;83.3;1;0
ПермьЭнС-п;60;20171127;170000;83.2;83.2;80.4;81.1;184;0
ПермьЭнС-п;60;20171127;180000;81.3;81.3;81.3;81.3;1;0
ПермьЭнС-п;60;20171128;100000;80.3;80.3;80.2;80.2;5;0
ПермьЭнС-п;60;20171128;110000;80.8;80.8;80.7;80.7;7;0
ПермьЭнС-п;60;20171128;120000;80.9;81.4;80.9;81.3;33;0
ПермьЭнС-п;60;20171128;130000;80.7;81.4;80.4;81.4;72;0
ПермьЭнС-п;60;20171128;140000;80.3;81.3;80.3;81.3;6;0
ПермьЭнС-п;60;20171128;150000;81.3;81.3;81.3;81.3;5;0
ПермьЭнС-п;60;20171128;160000;81.3;81.3;81.3;81.3;34;0
ПермьЭнС-п;60;20171128;170000;81.3;81.3;81.3;81.3;10;0
ПермьЭнС-п;60;20171128;180000;81.2;81.2;81;81;22;0
ПермьЭнС-п;60;20171129;100000;81.6;81.6;80.2;81.5;9;0
ПермьЭнС-п;60;20171129;110000;81.5;81.5;80.2;80.2;5;0
ПермьЭнС-п;60;20171129;120000;81.3;81.3;81.3;81.3;1;0
ПермьЭнС-п;60;20171129;150000;80.6;81.2;80.6;81.2;4;0
ПермьЭнС-п;60;20171129;160000;81.2;81.2;81.2;81.2;1;0
ПермьЭнС-п;60;20171129;170000;81.2;81.4;81.2;81.4;221;0
ПермьЭнС-п;60;20171129;180000;81;81;81;81;16;0
ПермьЭнС-п;60;20171130;100000;82.4;82.4;82;82;12;0
ПермьЭнС-п;60;20171130;110000;82;82.3;82;82.3;23;0
ПермьЭнС-п;60;20171130;150000;81.1;81.1;79.9;79.9;343;0
ПермьЭнС-п;60;20171130;160000;79.2;79.8;78;79;652;0
ПермьЭнС-п;60;20171130;170000;79.8;79.9;79.8;79.9;18;0
ПермьЭнС-п;60;20171130;180000;79.9;81.4;79.9;81.3;93;0
ПермьЭнС-п;60;20171201;100000;81.4;82.7;81.4;81.9;11;0
ПермьЭнС-п;60;20171201;110000;81.9;82;81.9;82;89;0
ПермьЭнС-п;60;20171201;120000;81.1;81.1;81;81;17;0
ПермьЭнС-п;60;20171201;150000;81.9;81.9;81.9;81.9;1;0
ПермьЭнС-п;60;20171204;180000;80.9;80.9;80.9;80.9;1;0
ПермьЭнС-п;60;20171205;100000;81.9;81.9;81.9;81.9;1;0
ПермьЭнС-п;60;20171205;120000;81.4;81.4;80.2;80.2;13;0
ПермьЭнС-п;60;20171205;130000;80.1;80.2;80.1;80.2;9;0
ПермьЭнС-п;60;20171205;140000;81.2;81.5;81.2;81.5;15;0
ПермьЭнС-п;60;20171205;180000;80.4;80.7;80;80.7;22;0
ПермьЭнС-п;60;20171206;100000;81.4;83.5;81.4;83.5;6;0
ПермьЭнС-п;60;20171206;160000;80.7;80.7;80.4;80.4;4;0
ПермьЭнС-п;60;20171206;170000;81;81.4;81;81.4;10;0
ПермьЭнС-п;60;20171207;100000;81.1;81.1;81;81;7;0
ПермьЭнС-п;60;20171207;140000;80.5;81;80.5;81;108;0
ПермьЭнС-п;60;20171207;150000;80.5;80.5;80;80;35;0
ПермьЭнС-п;60;20171207;160000;80.7;80.8;80.7;80.8;9;0
ПермьЭнС-п;60;20171208;100000;80.2;81;80;80;88;0
ПермьЭнС-п;60;20171208;110000;80.5;80.5;80.5;80.5;1;0
ПермьЭнС-п;60;20171208;130000;80.3;80.8;80.3;80.8;45;0
ПермьЭнС-п;60;20171208;160000;80.5;80.5;80.5;80.5;1;0
ПермьЭнС-п;60;20171208;170000;80.7;80.7;80.7;80.7;3;0
ПермьЭнС-п;60;20171211;140000;80.5;80.5;80;80;10;0
ПермьЭнС-п;60;20171212;120000;80.2;80.5;80.2;80.5;8;0
ПермьЭнС-п;60;20171212;130000;80.7;80.7;80.7;80.7;1;0
ПермьЭнС-п;60;20171212;170000;80.2;80.2;80.2;80.2;10;0
ПермьЭнС-п;60;20171212;180000;80.7;80.7;80.7;80.7;6;0
ПермьЭнС-п;60;20171213;100000;80;80;80;80;37;0
ПермьЭнС-п;60;20171213;110000;79.9;79.9;79.9;79.9;3;0
ПермьЭнС-п;60;20171213;130000;79.8;80;79.8;79.9;221;0
ПермьЭнС-п;60;20171213;140000;79.5;80;79.5;79.9;6;0
ПермьЭнС-п;60;20171213;150000;79.6;79.9;79.5;79.7;133;0
ПермьЭнС-п;60;20171213;160000;80;80;80;80;10;0
ПермьЭнС-п;60;20171214;100000;79.4;79.4;79.4;79.4;3;0
ПермьЭнС-п;60;20171214;130000;79.7;80;79.7;80;31;0
ПермьЭнС-п;60;20171214;170000;79.9;79.9;79.9;79.9;2;0
ПермьЭнС-п;60;20171214;180000;80;80;80;80;4;0
ПермьЭнС-п;60;20171215;100000;80.8;81.9;80.8;81;218;0
ПермьЭнС-п;60;20171215;110000;80.9;81;80.9;81;88;0
ПермьЭнС-п;60;20171215;120000;81;81.8;79.6;79.6;84;0
ПермьЭнС-п;60;20171215;150000;79.6;79.6;79.6;79.6;7;0
ПермьЭнС-п;60;20171218;100000;80.5;80.5;78.1;79.9;140;0
ПермьЭнС-п;60;20171218;110000;79.9;79.9;79.9;79.9;2;0
ПермьЭнС-п;60;20171218;130000;79;79.1;79;79.1;5;0
ПермьЭнС-п;60;20171218;160000;79.7;79.7;79.5;79.5;9;0
ПермьЭнС-п;60;20171218;170000;79.5;79.8;79.5;79.7;177;0
ПермьЭнС-п;60;20171219;100000;79.8;79.8;79.8;79.8;26;0
ПермьЭнС-п;60;20171219;110000;79.9;82;79.9;80.1;71;0
ПермьЭнС-п;60;20171219;120000;79.9;79.9;79.5;79.5;90;0
ПермьЭнС-п;60;20171219;140000;79.5;79.5;79.5;79.5;10;0
ПермьЭнС-п;60;20171219;160000;79.7;79.7;79.7;79.7;25;0
ПермьЭнС-п;60;20171219;180000;80;80;79.9;80;22;0
ПермьЭнС-п;60;20171220;100000;78.8;79.2;78.8;79.2;73;0
ПермьЭнС-п;60;20171220;130000;79.9;79.9;79.9;79.9;1;0
ПермьЭнС-п;60;20171220;150000;79.3;79.4;79.3;79.4;6;0
ПермьЭнС-п;60;20171220;160000;79.4;79.4;79.3;79.3;31;0
ПермьЭнС-п;60;20171220;180000;79.9;80;79.5;79.5;32;0
ПермьЭнС-п;60;20171221;100000;81.4;81.9;81.4;81.9;3;0
ПермьЭнС-п;60;20171221;110000;81.4;81.4;81.3;81.3;8;0
ПермьЭнС-п;60;20171221;120000;79.8;79.8;78.8;78.8;53;0
ПермьЭнС-п;60;20171221;140000;79.3;79.3;79.3;79.3;2;0
ПермьЭнС-п;60;20171221;160000;79.1;79.1;79.1;79.1;1;0
ПермьЭнС-п;60;20171221;180000;79;79.1;78.8;79.1;12;0
ПермьЭнС-п;60;20171222;100000;79.5;79.6;79.5;79.6;8;0
ПермьЭнС-п;60;20171222;120000;79.6;79.6;79.6;79.6;3;0
ПермьЭнС-п;60;20171222;140000;79.6;79.6;79.6;79.6;3;0
ПермьЭнС-п;60;20171222;160000;79.6;79.6;79.6;79.6;20;0
ПермьЭнС-п;60;20171222;170000;79.1;79.4;78.2;79.4;58;0
ПермьЭнС-п;60;20171225;100000;79.6;82;79.6;81.2;30;0
ПермьЭнС-п;60;20171226;100000;79.3;79.3;78.1;78.1;128;0
ПермьЭнС-п;60;20171226;110000;79.5;79.5;79.5;79.5;1;0
ПермьЭнС-п;60;20171226;130000;79.3;79.3;79.3;79.3;4;0
ПермьЭнС-п;60;20171226;150000;78.8;78.8;78.5;78.5;50;0
ПермьЭнС-п;60;20171226;160000;78.7;79.2;78.7;79.2;2;0
ПермьЭнС-п;60;20171226;170000;78.9;78.9;78.6;78.6;36;0
ПермьЭнС-п;60;20171227;100000;79;79;79;79;38;0
ПермьЭнС-п;60;20171227;120000;79.5;79.5;79.5;79.5;4;0
ПермьЭнС-п;60;20171227;130000;79.5;79.6;79.5;79.6;3;0
ПермьЭнС-п;60;20171227;150000;79;79;79;79;212;0
ПермьЭнС-п;60;20171227;170000;79;79;79;79;300;0
ПермьЭнС-п;60;20171227;180000;79;79;79;79;12;0
ПермьЭнС-п;60;20171228;100000;79.6;79.6;79.6;79.6;3;0
ПермьЭнС-п;60;20171228;130000;79.6;79.6;79.6;79.6;1;0
ПермьЭнС-п;60;20171228;150000;79.6;79.6;79.6;79.6;2;0
ПермьЭнС-п;60;20171228;160000;79.6;79.6;79.6;79.6;8;0
ПермьЭнС-п;60;20171228;170000;80.9;81.7;80.9;81.7;90;0
ПермьЭнС-п;60;20171228;180000;80.3;80.3;80;80;68;0
ПермьЭнС-п;60;20171229;100000;80.9;81.2;80.9;81.2;14;0
ПермьЭнС-п;60;20171229;140000;80.8;81.2;80.8;81.2;7;0
ПермьЭнС-п;60;20171229;160000;81.3;81.3;81.3;81.3;1;0
ПермьЭнС-п;60;20171229;170000;81.4;81.4;80.1;80.1;8;0
ПермьЭнС-п;60;20171229;180000;80.1;81.3;80.1;81.3;2;0
