<TICKER>;<PER>;<DATE>;<TIME>;<OPEN>;<HIGH>;<LOW>;<CLOSE>;<VOL>;<OPENINT>
ПермьЭнСб;60;20170124;100000;58.4;58.4;58.4;58.4;2;0
ПермьЭнСб;60;20170124;110000;58.5;58.8;58.5;58.8;9;0
ПермьЭнСб;60;20170124;130000;58.8;59.3;58.8;59.3;20;0
ПермьЭнСб;60;20170124;150000;59.1;59.2;59.1;59.2;2;0
ПермьЭнСб;60;20170125;120000;59.1;59.2;59.1;59.2;2;0
ПермьЭнСб;60;20170125;150000;59.2;59.5;59.2;59.5;7;0
ПермьЭнСб;60;20170125;160000;58.2;58.2;58.1;58.1;2;0
ПермьЭнСб;60;20170125;180000;59;59;58.9;58.9;35;0
ПермьЭнСб;60;20170126;140000;57.5;57.5;57.3;57.5;8;0
ПермьЭнСб;60;20170126;150000;58.7;58.7;58.7;58.7;1;0
ПермьЭнСб;60;20170126;170000;58.7;58.8;57.8;57.8;35;0
ПермьЭнСб;60;20170127;130000;58.5;58.5;58.5;58.5;105;0
ПермьЭнСб;60;20170127;160000;59.2;59.5;59.2;59.5;5;0
ПермьЭнСб;60;20170127;180000;59.5;59.5;59.5;59.5;3;0
ПермьЭнСб;60;20170130;120000;58.7;58.9;57.1;58.9;21;0
ПермьЭнСб;60;20170130;130000;59.1;59.1;59.1;59.1;1;0
ПермьЭнСб;60;20170131;100000;59.1;61;59.1;59.7;370;0
ПермьЭнСб;60;20170131;110000;60.8;60.8;60.1;60.1;5;0
ПермьЭнСб;60;20170131;170000;60.2;60.2;60;60;112;0
ПермьЭнСб;60;20170201;170000;59.4;59.4;59.3;59.3;20;0
ПермьЭнСб;60;20170201;180000;60.3;60.7;60.3;60.7;2;0
ПермьЭнСб;60;20170202;110000;60.9;61;60.9;61;11;0
ПермьЭнСб;60;20170202;120000;61.1;61.2;61.1;61.2;3;0
ПермьЭнСб;60;20170202;130000;61.1;61.2;61.1;61.2;3;0
ПермьЭнСб;60;20170202;180000;61;61;61;61;3;0
ПермьЭнСб;60;20170203;100000;61.8;62;61.8;62;64;0
ПермьЭнСб;60;20170203;110000;62.3;62.4;62.3;62.4;5;0
ПермьЭнСб;60;20170203;140000;62.3;62.6;62.3;62.5;69;0
ПермьЭнСб;60;20170203;150000;62.6;62.9;62.6;62.9;43;0
ПермьЭнСб;60;20170203;160000;63.2;63.2;63.2;63.2;1;0
ПермьЭнСб;60;20170203;170000;63.3;63.5;62.5;63.5;23;0
ПермьЭнСб;60;20170206;110000;62.8;64.4;62.8;64.4;11;0
ПермьЭнСб;60;20170206;150000;64.1;64.1;63.6;63.6;12;0
ПермьЭнСб;60;20170206;160000;62.9;62.9;61.3;61.3;20;0
ПермьЭнСб;60;20170206;170000;61.8;61.8;61.8;61.8;2;0
ПермьЭнСб;60;20170207;130000;62;62.4;61.8;62.4;11;0
ПермьЭнСб;60;20170207;160000;63.8;64.3;63.8;64.3;50;0
ПермьЭнСб;60;20170207;170000;63.9;63.9;63.8;63.8;5;0
ПермьЭнСб;60;20170208;160000;64;64;63.9;63.9;2;0
ПермьЭнСб;60;20170208;180000;63.6;63.6;63.6;63.6;2;0
ПермьЭнСб;60;20170209;140000;63.4;63.4;63.3;63.3;2;0
ПермьЭнСб;60;20170209;170000;63.3;63.3;63.3;63.3;5;0
ПермьЭнСб;60;20170209;180000;63.3;63.3;63.3;63.3;3;0
ПермьЭнСб;60;20170210;140000;63.4;63.4;63.4;63.4;3;0
ПермьЭнСб;60;20170213;110000;64;64.1;64;64.1;8;0
ПермьЭнСб;60;20170213;120000;63.9;63.9;63.9;63.9;3;0
ПермьЭнСб;60;20170214;180000;61.3;61.3;61.3;61.3;1;0
ПермьЭнСб;60;20170215;100000;61.6;61.6;61.6;61.6;1;0
ПермьЭнСб;60;20170216;170000;64.3;64.3;63.4;63.4;5;0
ПермьЭнСб;60;20170217;100000;63.3;63.3;62.2;62.6;6;0
ПермьЭнСб;60;20170217;120000;63.5;63.5;63.5;63.5;1;0
ПермьЭнСб;60;20170217;180000;62.3;62.3;61.7;61.7;3;0
ПермьЭнСб;60;20170220;120000;62.2;63;62.2;62.9;62;0
ПермьЭнСб;60;20170220;180000;63.7;63.7;63.7;63.7;1;0
ПермьЭнСб;60;20170221;100000;64;64.1;64;64.1;2;0
ПермьЭнСб;60;20170224;130000;64.1;64.3;64.1;64.3;75;0
ПермьЭнСб;60;20170224;180000;62.2;62.2;62;62;5;0
ПермьЭнСб;60;20170228;110000;61.9;61.9;61.9;61.9;10;0
ПермьЭнСб;60;20170301;180000;62;62;62;62;8;0
ПермьЭнСб;60;20170302;110000;61.9;61.9;61.9;61.9;1;0
ПермьЭнСб;60;20170303;100000;62.9;62.9;62.9;62.9;3;0
ПермьЭнСб;60;20170303;120000;62.8;62.8;62.8;62.8;1;0
ПермьЭнСб;60;20170303;170000;61.6;61.6;61.5;61.5;2;0
ПермьЭнСб;60;20170303;180000;61;61;61;61;1;0
ПермьЭнСб;60;20170306;150000;61.9;61.9;61.9;61.9;1;0
ПермьЭнСб;60;20170307;100000;63.6;63.6;60.9;60.9;2;0
ПермьЭнСб;60;20170309;110000;60.9;60.9;60.8;60.8;4;0
ПермьЭнСб;60;20170309;150000;61.8;61.8;61.8;61.8;1;0
ПермьЭнСб;60;20170310;180000;62.6;62.8;62.6;62.8;13;0
ПермьЭнСб;60;20170313;110000;60.9;60.9;60.9;60.9;1788;0
ПермьЭнСб;60;20170316;130000;61.6;61.6;61.4;61.4;16;0
ПермьЭнСб;60;20170316;160000;61.4;61.4;61.4;61.4;1;0
ПермьЭнСб;60;20170316;170000;61.4;61.4;61.4;61.4;14;0
ПермьЭнСб;60;20170317;100000;62.8;63.4;62.8;63.4;10;0
ПермьЭнСб;60;20170320;110000;64;64.2;64;64.2;5;0
ПермьЭнСб;60;20170320;120000;61.8;61.8;61.3;61.3;8;0
ПермьЭнСб;60;20170320;140000;62.2;62.3;62.2;62.3;2;0
ПермьЭнСб;60;20170321;100000;61.7;63.5;61.7;63.3;5;0
ПермьЭнСб;60;20170322;110000;63.8;64.5;63.8;64.5;16;0
ПермьЭнСб;60;20170322;150000;63;63;63;63;10;0
ПермьЭнСб;60;20170324;130000;63.9;64;63.9;64;3;0
ПермьЭнСб;60;20170324;170000;64;64;64;64;10;0
ПермьЭнСб;60;20170327;140000;64.3;64.3;64.3;64.3;2;0
ПермьЭнСб;60;20170328;100000;64.6;65.6;64.6;65.6;58;0
ПермьЭнСб;60;20170328;130000;63.2;63.2;63;63;14;0
ПермьЭнСб;60;20170329;140000;63.5;63.5;63.5;63.5;1130;0
ПермьЭнСб;60;20170330;140000;62.9;64.3;62.9;64.3;3;0
ПермьЭнСб;60;20170330;150000;64.4;64.4;64.4;64.4;1;0
ПермьЭнСб;60;20170330;160000;62.4;62.4;62.4;62.4;1;0
ПермьЭнСб;60;20170331;100000;62.5;62.5;62.5;62.5;1;0
ПермьЭнСб;60;20170331;130000;64.2;64.4;64.2;64.4;5;0
ПермьЭнСб;60;20170403;150000;63.5;63.5;63.5;63.5;1093;0
ПермьЭнСб;60;20170403;180000;64.4;64.4;64.4;64.4;3;0
ПермьЭнСб;60;20170404;140000;64.5;64.5;64.5;64.5;1;0
ПермьЭнСб;60;20170404;170000;62.6;62.6;62.3;62.3;18;0
ПермьЭнСб;60;20170404;180000;62.5;62.5;62.3;62.3;44;0
ПермьЭнСб;60;20170405;120000;63.2;63.2;63.2;63.2;1;0
ПермьЭнСб;60;20170405;140000;62.4;62.4;62.4;62.4;1;0
ПермьЭнСб;60;20170405;150000;62.4;62.4;62.4;62.4;25;0
ПермьЭнСб;60;20170406;170000;63.5;63.5;63.5;63.5;1;0
ПермьЭнСб;60;20170410;180000;63.5;63.5;63;63;60;0
ПермьЭнСб;60;20170412;140000;61.4;61.4;61.4;61.4;1;0
ПермьЭнСб;60;20170412;150000;62.1;62.2;62.1;62.2;2;0
ПермьЭнСб;60;20170412;170000;61.7;61.7;61.5;61.5;8;0
ПермьЭнСб;60;20170412;180000;61.6;61.6;61.6;61.6;5;0
ПермьЭнСб;60;20170414;160000;61.7;61.7;61.2;61.2;17;0
ПермьЭнСб;60;20170417;120000;61.2;61.2;61.2;61.2;2;0
ПермьЭнСб;60;20170418;150000;60.5;60.5;60.5;60.5;1;0
ПермьЭнСб;60;20170418;160000;60.5;60.5;60.2;60.2;40;0
ПермьЭнСб;60;20170419;100000;60.1;60.1;60.1;60.1;8;0
ПермьЭнСб;60;20170419;110000;61;61;61;61;100;0
ПермьЭнСб;60;20170419;130000;60.9;60.9;60.9;60.9;55;0
ПермьЭнСб;60;20170419;150000;61.7;61.8;61.7;61.8;3;0
ПермьЭнСб;60;20170420;140000;61.5;61.5;61.5;61.5;50;0
ПермьЭнСб;60;20170424;100000;62.8;63.2;62.8;63.2;18;0
ПермьЭнСб;60;20170424;110000;63.3;63.4;63.3;63.4;3;0
ПермьЭнСб;60;20170424;120000;63;63;63;63;50;0
ПермьЭнСб;60;20170424;140000;63.5;63.6;63.5;63.6;2;0
ПермьЭнСб;60;20170424;150000;63.7;64.3;63.7;64.3;89;0
ПермьЭнСб;60;20170424;170000;63.9;64.2;63.9;64.2;27;0
ПермьЭнСб;60;20170424;180000;63.5;63.5;63.5;63.5;77;0
ПермьЭнСб;60;20170425;100000;64.4;64.4;64.4;64.4;20;0
ПермьЭнСб;60;20170425;110000;64.4;64.8;64.4;64.8;101;0
ПермьЭнСб;60;20170425;140000;64.6;64.7;64.6;64.7;5;0
ПермьЭнСб;60;20170425;160000;64.7;64.7;64.7;64.7;80;0
ПермьЭнСб;60;20170425;170000;64.7;65.3;64.7;65.3;94;0
ПермьЭнСб;60;20170425;180000;65.4;65.8;65.4;65.8;59;0
ПермьЭнСб;60;20170426;100000;65.9;66.6;63.3;63.3;230;0
ПермьЭнСб;60;20170426;170000;65.9;65.9;65.9;65.9;1;0
ПермьЭнСб;60;20170426;180000;64.9;65.8;64.9;65;4;0
ПермьЭнСб;60;20170427;160000;65.8;65.9;65.8;65.9;2;0
ПермьЭнСб;60;20170428;130000;65.1;65.1;65.1;65.1;1;0
ПермьЭнСб;60;20170428;170000;65.6;65.6;65.6;65.6;1;0
ПермьЭнСб;60;20170502;170000;65.6;66.1;65.6;66.1;32;0
ПермьЭнСб;60;20170503;100000;66.2;66.3;65.3;65.4;10;0
ПермьЭнСб;60;20170503;120000;65.2;65.2;65.2;65.2;2;0
ПермьЭнСб;60;20170503;150000;65.8;65.9;65.8;65.9;2;0
ПермьЭнСб;60;20170503;160000;66.5;67;66.5;67;6;0
ПермьЭнСб;60;20170503;180000;66.4;66.4;66.4;66.4;4;0
ПермьЭнСб;60;20170504;120000;66.6;66.6;66;66;3;0
ПермьЭнСб;60;20170504;140000;66.6;67.5;65;65;150;0
ПермьЭнСб;60;20170504;150000;66.7;66.7;66.7;66.7;1;0
ПермьЭнСб;60;20170505;130000;65.6;65.6;65.6;65.6;4;0
ПермьЭнСб;60;20170505;170000;66.9;67.2;66.9;67.2;15;0
ПермьЭнСб;60;20170505;180000;66.7;67.2;66.5;66.5;12;0
ПермьЭнСб;60;20170510;130000;66.5;66.5;66.5;66.5;1;0
ПермьЭнСб;60;20170510;160000;66.8;66.8;66.8;66.8;5;0
ПермьЭнСб;60;20170512;100000;67.3;67.3;67.3;67.3;4;0
ПермьЭнСб;60;20170512;140000;67.3;67.3;67.3;67.3;6;0
ПермьЭнСб;60;20170512;150000;67.3;67.3;66.6;66.6;78;0
ПермьЭнСб;60;20170512;160000;67.3;67.5;67.3;67.5;7;0
ПермьЭнСб;60;20170512;170000;67.4;67.5;66.8;66.8;14;0
ПермьЭнСб;60;20170512;180000;67.4;67.5;67.4;67.5;3;0
ПермьЭнСб;60;20170515;100000;67.7;69.8;67.7;69.8;60;0
ПермьЭнСб;60;20170515;120000;69.3;69.4;69.3;69.4;21;0
ПермьЭнСб;60;20170515;130000;69.4;69.4;69.4;69.4;51;0
ПермьЭнСб;60;20170515;180000;69.4;69.4;69.4;69.4;66;0
ПермьЭнСб;60;20170516;140000;67.8;67.8;67.2;67.2;7;0
ПермьЭнСб;60;20170516;180000;69.1;69.5;69.1;69.5;14;0
ПермьЭнСб;60;20170517;120000;69.3;69.3;69.3;69.3;1;0
ПермьЭнСб;60;20170518;090000;66.5;66.5;66.5;66.5;6;0
ПермьЭнСб;60;20170518;100000;66.5;66.5;66.5;66.5;6;0
ПермьЭнСб;60;20170518;180000;68.1;68.1;68.1;68.1;2;0
ПермьЭнСб;60;20170519;140000;68.6;68.6;68.6;68.6;1;0
ПермьЭнСб;60;20170519;150000;68.7;68.7;68.7;68.7;8;0
ПермьЭнСб;60;20170519;170000;68.7;68.7;68.7;68.7;1;0
ПермьЭнСб;60;20170522;100000;69.1;69.1;69.1;69.1;146;0
ПермьЭнСб;60;20170522;170000;69.1;69.1;69.1;69.1;14;0
ПермьЭнСб;60;20170522;180000;69.2;69.2;68.3;68.3;2;0
ПермьЭнСб;60;20170523;160000;69;69;69;69;7;0
ПермьЭнСб;60;20170523;180000;69.2;69.3;69.2;69.3;2;0
ПермьЭнСб;60;20170524;160000;69.4;69.4;69.4;69.4;2;0
ПермьЭнСб;60;20170525;110000;69.4;69.5;69.4;69.5;500;0
ПермьЭнСб;60;20170525;130000;69.5;69.5;69.5;69.5;1;0
ПермьЭнСб;60;20170526;100000;69;69;66;66;819;0
ПермьЭнСб;60;20170526;120000;68.9;68.9;67;67.9;51;0
ПермьЭнСб;60;20170526;130000;67.8;67.8;67.8;67.8;1;0
ПермьЭнСб;60;20170526;140000;67.8;67.9;67.2;67.2;19;0
ПермьЭнСб;60;20170526;160000;67.1;67.1;67.1;67.1;1;0
ПермьЭнСб;60;20170526;170000;67.8;67.9;67.8;67.9;5;0
ПермьЭнСб;60;20170526;180000;68;68;68;68;33;0
ПермьЭнСб;60;20170529;100000;68;68;68;68;185;0
ПермьЭнСб;60;20170529;110000;68.9;69;68.9;69;220;0
ПермьЭнСб;60;20170529;130000;69;69;69;69;145;0
ПермьЭнСб;60;20170529;150000;69.1;69.2;69.1;69.2;102;0
ПермьЭнСб;60;20170529;160000;69.2;69.2;69.2;69.2;48;0
ПермьЭнСб;60;20170530;100000;69.2;69.2;69.2;69.2;50;0
ПермьЭнСб;60;20170530;130000;69.2;69.2;69.2;69.2;150;0
ПермьЭнСб;60;20170530;160000;69.2;69.2;69.2;69.2;1;0
ПермьЭнСб;60;20170530;180000;68.3;68.3;68.1;68.1;150;0
ПермьЭнСб;60;20170531;130000;68.2;68.2;68.2;68.2;3;0
ПермьЭнСб;60;20170531;140000;68.2;68.2;68.2;68.2;4;0
ПермьЭнСб;60;20170531;160000;68.2;68.2;68.2;68.2;1;0
ПермьЭнСб;60;20170531;170000;68.2;68.2;68.2;68.2;1;0
ПермьЭнСб;60;20170601;160000;68.9;68.9;68.9;68.9;4;0
ПермьЭнСб;60;20170601;170000;68.9;68.9;68.9;68.9;88;0
ПермьЭнСб;60;20170602;130000;67.2;68.6;66.7;66.7;124;0
ПермьЭнСб;60;20170602;160000;66.8;67.5;66.7;67.5;13;0
ПермьЭнСб;60;20170602;170000;66.6;68.3;66.6;68.3;19;0
ПермьЭнСб;60;20170602;180000;68.4;68.7;68.4;68.7;87;0
ПермьЭнСб;60;20170605;100000;68.4;68.5;68.4;68.5;146;0
ПермьЭнСб;60;20170605;110000;68;68;68;68;147;0
ПермьЭнСб;60;20170605;120000;67.3;67.3;67.1;67.1;38;0
ПермьЭнСб;60;20170605;130000;67.2;67.2;67.1;67.1;7;0
ПермьЭнСб;60;20170605;150000;67.3;67.3;67.2;67.2;16;0
ПермьЭнСб;60;20170605;160000;68;68;68;68;6;0
ПермьЭнСб;60;20170605;180000;68;68.5;67.6;68.5;435;0
ПермьЭнСб;60;20170606;100000;67.2;68.6;66.9;68.6;248;0
ПермьЭнСб;60;20170606;120000;68;68;68;68;30;0
ПермьЭнСб;60;20170606;140000;68.6;68.7;68;68;20;0
ПермьЭнСб;60;20170606;150000;68.2;68.2;68;68;20;0
ПермьЭнСб;60;20170606;160000;68.4;68.5;68.4;68.5;18;0
ПермьЭнСб;60;20170606;170000;68.1;68.6;68.1;68.6;170;0
ПермьЭнСб;60;20170606;180000;68.2;68.2;68.2;68.2;139;0
ПермьЭнСб;60;20170607;090000;64;64;64;64;60;0
ПермьЭнСб;60;20170607;100000;64;64;63;63;283;0
ПермьЭнСб;60;20170607;110000;63.5;63.5;61.5;62.5;55;0
ПермьЭнСб;60;20170607;140000;62;62;62;62;2;0
ПермьЭнСб;60;20170607;150000;62;62;62;62;3;0
ПермьЭнСб;60;20170607;170000;62;62;62;62;5;0
ПермьЭнСб;60;20170607;180000;61.6;61.6;61.6;61.6;12;0
ПермьЭнСб;60;20170608;100000;62.7;72;62.6;67;1060;0
ПермьЭнСб;60;20170608;110000;64.5;64.5;62.1;62.1;46;0
ПермьЭнСб;60;20170608;120000;62.1;62.1;62.1;62.1;5;0
ПермьЭнСб;60;20170608;150000;61.8;61.8;61.8;61.8;1;0
ПермьЭнСб;60;20170608;160000;61.7;61.7;61.5;61.5;62;0
ПермьЭнСб;60;20170608;170000;61.5;61.5;61.3;61.4;65;0
ПермьЭнСб;60;20170609;100000;61.1;61.1;61;61;42;0
ПермьЭнСб;60;20170609;110000;61.2;61.2;61.2;61.2;14;0
ПермьЭнСб;60;20170609;130000;61.1;61.1;36.8;57.2;968;0
ПермьЭнСб;60;20170609;140000;59.9;60;57.5;57.5;25;0
ПермьЭнСб;60;20170609;150000;59.6;59.6;59.6;59.6;2;0
ПермьЭнСб;60;20170609;170000;58.9;59.3;58.9;59.3;4;0
ПермьЭнСб;60;20170609;180000;59.4;59.5;59.4;59.5;62;0
ПермьЭнСб;60;20170613;100000;57.6;58.1;56.4;57;53;0
ПермьЭнСб;60;20170613;110000;58.2;58.5;57.1;57.1;6;0
ПермьЭнСб;60;20170613;160000;57.1;57.1;57.1;57.1;100;0
ПермьЭнСб;60;20170613;180000;57.4;57.4;57;57;12;0
ПермьЭнСб;60;20170614;150000;57.5;57.5;57.5;57.5;1;0
ПермьЭнСб;60;20170614;180000;56.7;56.7;56.7;56.7;12;0
ПермьЭнСб;60;20170615;100000;56.7;56.7;56;56;121;0
ПермьЭнСб;60;20170615;120000;57.1;57.4;56;56;23;0
ПермьЭнСб;60;20170615;140000;56.8;56.8;56.8;56.8;1;0
ПермьЭнСб;60;20170616;100000;56.8;57;56.8;57;5;0
ПермьЭнСб;60;20170616;130000;57;57;57;57;2;0
ПермьЭнСб;60;20170616;140000;57.3;57.4;57.3;57.4;10;0
ПермьЭнСб;60;20170616;170000;57.4;57.5;57.4;57.5;260;0
ПермьЭнСб;60;20170619;120000;57.7;57.9;57;57;12;0
ПермьЭнСб;60;20170619;130000;57;57;57;57;9;0
ПермьЭнСб;60;20170619;140000;57.3;57.3;57.3;57.3;1;0
ПермьЭнСб;60;20170620;100000;57.9;57.9;57.9;57.9;2;0
ПермьЭнСб;60;20170620;120000;57.9;57.9;57.9;57.9;1;0
ПермьЭнСб;60;20170620;150000;57.3;57.3;56;56;14;0
ПермьЭнСб;60;20170621;100000;56.9;56.9;56.9;56.9;1;0
ПермьЭнСб;60;20170621;120000;56.8;56.9;56.8;56.9;21;0
ПермьЭнСб;60;20170622;150000;57.6;57.7;57.6;57.7;20;0
ПермьЭнСб;60;20170623;110000;57.8;58;57.8;58;170;0
ПермьЭнСб;60;20170623;120000;57;57;57;57;1;0
ПермьЭнСб;60;20170623;130000;56.9;56.9;56.9;56.9;98;0
ПермьЭнСб;60;20170623;160000;57;57;56.8;56.8;195;0
ПермьЭнСб;60;20170623;170000;57.3;57.4;57.3;57.4;2;0
ПермьЭнСб;60;20170623;180000;57.4;57.4;57.4;57.4;13;0
ПермьЭнСб;60;20170628;100000;57.5;57.5;57.5;57.5;141;0
ПермьЭнСб;60;20170628;130000;57.5;57.5;57.5;57.5;1;0
ПермьЭнСб;60;20170628;180000;57.5;57.5;57.5;57.5;2;0
ПермьЭнСб;60;20170630;110000;56.9;56.9;55.4;56.5;245;0
ПермьЭнСб;60;20170630;120000;56.6;56.7;56;56;32;0
ПермьЭнСб;60;20170630;150000;56;56;56;56;2;0
ПермьЭнСб;60;20170630;160000;56;56.4;56;56.4;194;0
ПермьЭнСб;60;20170630;170000;56.7;58;56.7;58;8;0
ПермьЭнСб;60;20170703;180000;57.7;57.7;57.7;57.7;1;0
ПермьЭнСб;60;20170704;110000;56.7;56.7;56.2;56.2;3;0
ПермьЭнСб;60;20170704;180000;56.2;56.2;56.1;56.1;12;0
ПермьЭнСб;60;20170705;100000;56;56;55.8;55.8;14;0
ПермьЭнСб;60;20170705;120000;55.7;55.7;50.2;50.2;282;0
ПермьЭнСб;60;20170705;130000;55.3;55.3;54;54;66;0
ПермьЭнСб;60;20170705;140000;54.1;54.1;53;53.1;49;0
ПермьЭнСб;60;20170705;150000;53.1;53.1;53.1;53.1;13;0
ПермьЭнСб;60;20170705;160000;54.7;54.8;54.7;54.8;3;0
ПермьЭнСб;60;20170705;180000;54.8;54.8;54.4;54.4;10;0
ПермьЭнСб;60;20170706;100000;54.9;55;54.9;54.9;14;0
ПермьЭнСб;60;20170706;130000;54.1;54.1;54;54;55;0
ПермьЭнСб;60;20170706;140000;54.4;54.4;53.3;53.3;59;0
ПермьЭнСб;60;20170706;150000;53.6;53.6;53.5;53.5;20;0
ПермьЭнСб;60;20170706;170000;54.3;54.3;54.3;54.3;3;0
ПермьЭнСб;60;20170707;110000;54.5;54.5;54.5;54.5;1;0
ПермьЭнСб;60;20170707;120000;53.5;53.5;53.3;53.3;10;0
ПермьЭнСб;60;20170707;130000;53.4;53.4;53.4;53.4;1;0
ПермьЭнСб;60;20170710;120000;54.6;54.6;54.6;54.6;1;0
ПермьЭнСб;60;20170710;180000;54.6;54.6;54.6;54.6;1;0
ПермьЭнСб;60;20170712;110000;55.8;55.8;55.8;55.8;1;0
ПермьЭнСб;60;20170712;120000;55.8;55.8;55.8;55.8;2;0
ПермьЭнСб;60;20170713;120000;55.9;56;55.9;56;4;0
ПермьЭнСб;60;20170713;130000;55.1;56.6;55.1;56.6;51;0
ПермьЭнСб;60;20170713;140000;55.2;55.2;55.2;55.2;1;0
ПермьЭнСб;60;20170714;120000;55.4;55.4;52.9;54.9;188;0
ПермьЭнСб;60;20170714;130000;55.8;55.9;55.8;55.9;2;0
ПермьЭнСб;60;20170717;180000;55;55;55;55;3;0
ПермьЭнСб;60;20170718;100000;55.9;55.9;55.9;55.9;2;0
ПермьЭнСб;60;20170718;110000;55.9;55.9;55.9;55.9;10;0
ПермьЭнСб;60;20170718;130000;55.8;55.8;55.8;55.8;2;0
ПермьЭнСб;60;20170718;160000;55.9;56;55.9;56;26;0
ПермьЭнСб;60;20170718;180000;55.9;55.9;55;55;51;0
ПермьЭнСб;60;20170719;100000;56.2;56.2;56.2;56.2;1;0
ПермьЭнСб;60;20170719;140000;55.5;55.5;55.5;55.5;194;0
ПермьЭнСб;60;20170720;120000;56.2;56.2;56.2;56.2;1;0
ПермьЭнСб;60;20170721;130000;56.2;56.2;56.2;56.2;1;0
ПермьЭнСб;60;20170721;150000;56.2;56.5;56.2;56.5;60;0
ПермьЭнСб;60;20170725;150000;56.5;56.5;56.4;56.4;11;0
ПермьЭнСб;60;20170725;180000;56.5;56.5;56.5;56.5;4;0
ПермьЭнСб;60;20170726;100000;55.6;55.6;54.7;54.7;8;0
ПермьЭнСб;60;20170726;140000;56.3;56.4;56.3;56.4;3;0
ПермьЭнСб;60;20170727;100000;55.1;57.5;54.7;57.5;20;0
ПермьЭнСб;60;20170727;160000;55.4;55.4;55.4;55.4;8;0
ПермьЭнСб;60;20170728;140000;55.7;55.7;55.4;55.4;3;0
ПермьЭнСб;60;20170731;120000;55.2;55.2;55.1;55.1;3;0
ПермьЭнСб;60;20170801;100000;55;56.6;55;56.6;9;0
ПермьЭнСб;60;20170801;140000;56.7;56.7;56.7;56.7;2;0
ПермьЭнСб;60;20170802;120000;56.5;56.5;55.6;55.6;6;0
ПермьЭнСб;60;20170802;130000;55.5;55.5;55.4;55.4;10;0
ПермьЭнСб;60;20170803;110000;56.2;56.2;56.2;56.2;3;0
ПермьЭнСб;60;20170804;120000;56.4;56.4;56.4;56.4;2;0
ПермьЭнСб;60;20170804;160000;56.4;56.4;56.4;56.4;1;0
ПермьЭнСб;60;20170804;170000;56.3;56.3;56.3;56.3;1;0
ПермьЭнСб;60;20170807;120000;56.5;57;56.5;57;50;0
ПермьЭнСб;60;20170807;130000;57;57.3;57;57.3;10;0
ПермьЭнСб;60;20170807;150000;57.4;57.4;57.4;57.4;2;0
ПермьЭнСб;60;20170808;110000;57.3;57.6;57.3;57.6;60;0
ПермьЭнСб;60;20170808;130000;57.5;57.6;57.5;57.5;202;0
ПермьЭнСб;60;20170808;140000;57.5;57.5;55.9;55.9;19;0
ПермьЭнСб;60;20170808;160000;57.4;57.4;57.4;57.4;1;0
ПермьЭнСб;60;20170809;100000;56.1;56.1;53.3;53.3;75;0
ПермьЭнСб;60;20170809;110000;55.5;55.8;55.5;55.8;6;0
ПермьЭнСб;60;20170809;170000;56.1;56.1;56.1;56.1;1;0
ПермьЭнСб;60;20170810;130000;56.4;56.4;56.4;56.4;2;0
ПермьЭнСб;60;20170810;140000;56.8;57.4;55.5;55.5;67;0
ПермьЭнСб;60;20170810;150000;57.3;57.6;57.3;57.6;23;0
ПермьЭнСб;60;20170810;160000;57.7;59.1;57.7;59.1;207;0
ПермьЭнСб;60;20170810;170000;59.1;60.6;58.8;60.1;175;0
ПермьЭнСб;60;20170810;180000;60.1;60.5;60.1;60.5;3;0
ПермьЭнСб;60;20170811;110000;60.3;60.3;60.3;60.3;4;0
ПермьЭнСб;60;20170811;120000;60.3;60.4;60.3;60.4;68;0
ПермьЭнСб;60;20170811;130000;60.4;60.4;60.4;60.4;17;0
ПермьЭнСб;60;20170811;140000;60.4;60.5;59.7;59.7;27;0
ПермьЭнСб;60;20170811;150000;60;60;59.6;59.6;20;0
ПермьЭнСб;60;20170811;160000;60.6;60.6;60.5;60.5;8;0
ПермьЭнСб;60;20170811;170000;60.5;60.5;58.9;58.9;8;0
ПермьЭнСб;60;20170811;180000;60.5;60.5;60.5;60.5;1;0
ПермьЭнСб;60;20170814;100000;61.4;61.5;61.4;61.5;4;0
ПермьЭнСб;60;20170814;120000;60.1;61.5;59;61.5;118;0
ПермьЭнСб;60;20170814;130000;61.7;62.1;61.7;62.1;74;0
ПермьЭнСб;60;20170814;140000;62.3;65;61.7;62.7;146;0
ПермьЭнСб;60;20170815;100000;63.9;64;63.9;64;56;0
ПермьЭнСб;60;20170815;120000;62.3;62.3;62.3;62.3;1;0
ПермьЭнСб;60;20170815;130000;62.2;62.2;62.2;62.2;7;0
ПермьЭнСб;60;20170815;140000;62.2;62.2;62.1;62.1;10;0
ПермьЭнСб;60;20170817;100000;63.2;63.2;63.2;63.2;4;0
ПермьЭнСб;60;20170817;170000;62.5;62.5;60.7;60.7;133;0
ПермьЭнСб;60;20170817;180000;61.5;61.5;61.5;61.5;1;0
ПермьЭнСб;60;20170818;110000;62;62;62;62;130;0
ПермьЭнСб;60;20170818;120000;62;62;62;62;64;0
ПермьЭнСб;60;20170818;170000;62.9;63.2;62.9;63.2;4;0
ПермьЭнСб;60;20170821;120000;63.4;64.5;63.4;64.5;17;0
ПермьЭнСб;60;20170821;130000;63.9;63.9;63;63;6;0
ПермьЭнСб;60;20170821;140000;63;63.9;63;63.9;19;0
ПермьЭнСб;60;20170822;170000;63.5;63.5;63.5;63.5;2;0
ПермьЭнСб;60;20170823;110000;64;64;64;64;25;0
ПермьЭнСб;60;20170823;120000;64;64;64;64;25;0
ПермьЭнСб;60;20170823;130000;64;64;64;64;1;0
ПермьЭнСб;60;20170824;110000;63.8;63.8;63.8;63.8;2;0
ПермьЭнСб;60;20170824;120000;63.9;63.9;63.6;63.6;15;0
ПермьЭнСб;60;20170824;130000;63.5;63.5;62.9;62.9;25;0
ПермьЭнСб;60;20170824;140000;62.9;62.9;62.7;62.7;10;0
ПермьЭнСб;60;20170828;110000;63.8;63.9;63.8;63.9;2;0
ПермьЭнСб;60;20170828;170000;63.9;63.9;63.9;63.9;4;0
ПермьЭнСб;60;20170829;100000;63.9;64;63.9;64;24;0
ПермьЭнСб;60;20170829;170000;64;64;64;64;2;0
ПермьЭнСб;60;20170830;140000;64;64;64;64;38;0
ПермьЭнСб;60;20170830;150000;62.8;63;62;63;75;0
ПермьЭнСб;60;20170830;180000;63.8;64;63.8;64;27;0
ПермьЭнСб;60;20170831;150000;63.3;63.3;63.3;63.3;1;0
ПермьЭнСб;60;20170906;110000;63.3;63.3;63.3;63.3;1;0
ПермьЭнСб;60;20170906;170000;63.6;63.6;63.5;63.5;13;0
ПермьЭнСб;60;20170911;130000;63.8;63.8;63.8;63.8;1;0
ПермьЭнСб;60;20170911;180000;64;64;64;64;5;0
ПермьЭнСб;60;20170913;130000;64;64;63;63;34;0
ПермьЭнСб;60;20170913;160000;64;64;64;64;1;0
ПермьЭнСб;60;20170914;100000;63.3;63.3;61.3;63.1;82;0
ПермьЭнСб;60;20170914;140000;63.9;63.9;63.9;63.9;5;0
ПермьЭнСб;60;20170914;150000;63.4;63.4;63.4;63.4;17;0
ПермьЭнСб;60;20170915;110000;63.9;64;63.9;64;4;0
ПермьЭнСб;60;20170915;120000;64;64;64;64;1;0
ПермьЭнСб;60;20170915;130000;64;64;64;64;15;0
ПермьЭнСб;60;20170915;170000;64;64;64;64;1;0
ПермьЭнСб;60;20170918;110000;63.4;63.9;63.3;63.9;12;0
ПермьЭнСб;60;20170918;120000;64;64;64;64;33;0
ПермьЭнСб;60;20170919;160000;64.1;64.1;64.1;64.1;4;0
ПермьЭнСб;60;20170919;170000;64.1;64.1;64.1;64.1;2;0
ПермьЭнСб;60;20170920;170000;63.8;63.8;63.7;63.7;31;0
ПермьЭнСб;60;20170920;180000;63.7;63.7;63.7;63.7;69;0
ПермьЭнСб;60;20170921;110000;63.3;63.3;63;63;680;0
ПермьЭнСб;60;20170921;160000;63.9;63.9;63.9;63.9;50;0
ПермьЭнСб;60;20170921;180000;63.9;63.9;63.9;63.9;38;0
ПермьЭнСб;60;20170922;130000;63.4;63.4;63.4;63.4;1;0
ПермьЭнСб;60;20170922;140000;63.3;64;63.3;64;54;0
ПермьЭнСб;60;20170922;170000;64;64;64;64;88;0
ПермьЭнСб;60;20170925;160000;64;64;64;64;33;0
ПермьЭнСб;60;20170926;170000;64;64;64;64;50;0
ПермьЭнСб;60;20170927;120000;64;64;64;64;5;0
ПермьЭнСб;60;20170927;140000;63.9;63.9;63.9;63.9;13;0
ПермьЭнСб;60;20170927;180000;64;64;64;64;55;0
ПермьЭнСб;60;20170929;100000;64.3;64.8;64.3;64.8;3;0
ПермьЭнСб;60;20170929;110000;64.8;64.8;64.8;64.8;1;0
ПермьЭнСб;60;20170929;130000;64.4;64.4;64.4;64.4;10;0
ПермьЭнСб;60;20170929;170000;64.6;64.8;64.6;64.8;3;0
ПермьЭнСб;60;20171003;110000;64.7;66.1;64.1;65;247;0
ПермьЭнСб;60;20171003;120000;65;65.9;64.6;65.3;70;0
ПермьЭнСб;60;20171003;180000;65.2;65.2;65.2;65.2;30;0
ПермьЭнСб;60;20171004;090000;64;64;64;64;52;0
ПермьЭнСб;60;20171004;100000;64.6;64.6;64.6;64.6;1;0
ПермьЭнСб;60;20171004;110000;64.6;64.6;64.6;64.6;37;0
ПермьЭнСб;60;20171004;140000;64.3;64.3;64.1;64.1;30;0
ПермьЭнСб;60;20171004;170000;64.8;64.8;64.8;64.8;1;0
ПермьЭнСб;60;20171005;100000;64.1;64.9;64.1;64.9;2;0
ПермьЭнСб;60;20171005;110000;65;66;65;66;219;0
ПермьЭнСб;60;20171005;140000;65.4;65.5;65.4;65.5;23;0
ПермьЭнСб;60;20171005;150000;65.9;65.9;65.9;65.9;20;0
ПермьЭнСб;60;20171005;170000;65.9;66;65.9;66;5;0
ПермьЭнСб;60;20171006;120000;65.9;66.2;65.9;66.2;3;0
ПермьЭнСб;60;20171006;160000;65.6;65.6;65.6;65.6;1;0
ПермьЭнСб;60;20171006;170000;65.6;65.6;65.6;65.6;4;0
ПермьЭнСб;60;20171009;100000;66.3;66.4;66.3;66.4;8;0
ПермьЭнСб;60;20171009;110000;66.5;67.1;66.5;67.1;6;0
ПермьЭнСб;60;20171009;160000;67.2;68;67.2;68;208;0
ПермьЭнСб;60;20171009;170000;67.4;67.4;66.4;67.2;52;0
ПермьЭнСб;60;20171009;180000;67.3;67.3;67.3;67.3;15;0
ПермьЭнСб;60;20171010;100000;67.8;69;67.8;69;19;0
ПермьЭнСб;60;20171010;110000;68.9;68.9;68.8;68.8;6;0
ПермьЭнСб;60;20171010;170000;69;69;68.2;68.2;3;0
ПермьЭнСб;60;20171011;120000;68;68;68;68;60;0
ПермьЭнСб;60;20171011;170000;68.8;68.8;68.8;68.8;1;0
ПермьЭнСб;60;20171012;140000;68.3;68.3;68.3;68.3;44;0
ПермьЭнСб;60;20171012;170000;68.3;68.3;66.7;66.7;258;0
ПермьЭнСб;60;20171012;180000;67;67.5;67;67.5;153;0
ПермьЭнСб;60;20171013;100000;66.8;66.8;66.8;66.8;1;0
ПермьЭнСб;60;20171013;120000;67.6;67.6;67.6;67.6;1;0
ПермьЭнСб;60;20171013;130000;67.7;68;67.7;68;24;0
ПермьЭнСб;60;20171013;140000;68.1;68.3;68.1;68.3;42;0
ПермьЭнСб;60;20171013;180000;68;68.4;68;68.4;2;0
ПермьЭнСб;60;20171016;100000;68.6;69;68;69;117;0
ПермьЭнСб;60;20171016;110000;68.5;68.5;67;67;21;0
ПермьЭнСб;60;20171016;120000;68.3;68.3;68.3;68.3;1;0
ПермьЭнСб;60;20171016;150000;68.4;68.5;68.4;68.5;4;0
ПермьЭнСб;60;20171016;160000;68.5;68.5;68.5;68.5;8;0
ПермьЭнСб;60;20171017;100000;68.8;68.8;68.8;68.8;2;0
ПермьЭнСб;60;20171017;160000;68.8;68.8;68.8;68.8;10;0
ПермьЭнСб;60;20171018;110000;68.8;68.9;68.4;68.4;111;0
ПермьЭнСб;60;20171018;120000;69;69.1;69;69.1;2;0
ПермьЭнСб;60;20171018;160000;68;68;68;68;10;0
ПермьЭнСб;60;20171018;170000;68;68;68;68;5;0
ПермьЭнСб;60;20171019;110000;68.4;68.4;68.4;68.4;50;0
ПермьЭнСб;60;20171019;120000;68.3;68.3;67.5;67.5;251;0
ПермьЭнСб;60;20171019;170000;68.9;68.9;68.9;68.9;1;0
ПермьЭнСб;60;20171020;140000;69.1;69.2;69;69.2;6;0
ПермьЭнСб;60;20171020;170000;67.8;67.8;67.8;67.8;7;0
ПермьЭнСб;60;20171023;110000;69.1;69.1;69;69;19;0
ПермьЭнСб;60;20171023;170000;68.5;68.5;68.5;68.5;1;0
ПермьЭнСб;60;20171023;180000;68.5;68.8;68.5;68.5;62;0
ПермьЭнСб;60;20171024;100000;68.8;68.8;68.8;68.8;131;0
ПермьЭнСб;60;20171024;120000;68.8;68.8;68.7;68.7;50;0
ПермьЭнСб;60;20171024;180000;69.3;69.3;69.3;69.3;7;0
ПермьЭнСб;60;20171025;180000;69;69;69;69;1;0
ПермьЭнСб;60;20171027;100000;69.9;69.9;69.9;69.9;1;0
ПермьЭнСб;60;20171027;110000;69.9;69.9;69.9;69.9;2;0
ПермьЭнСб;60;20171027;120000;69.9;69.9;69.9;69.9;12;0
ПермьЭнСб;60;20171027;130000;69.9;69.9;69.9;69.9;4;0
ПермьЭнСб;60;20171027;160000;70;70.5;70;70.5;187;0
ПермьЭнСб;60;20171027;170000;70.6;70.6;70.6;70.6;5;0
ПермьЭнСб;60;20171030;100000;70.4;72.7;70.4;72.7;100;0
ПермьЭнСб;60;20171030;110000;72.6;72.6;70.1;70.1;16;0
ПермьЭнСб;60;20171030;150000;70.3;70.3;70;70;24;0
ПермьЭнСб;60;20171030;160000;70;70;70;70;154;0
ПермьЭнСб;60;20171030;170000;70;70;70;70;322;0
ПермьЭнСб;60;20171031;140000;69.8;69.8;69.5;69.5;16;0
ПермьЭнСб;60;20171101;110000;71.7;71.7;70;70;9;0
ПермьЭнСб;60;20171101;160000;69.6;69.6;69.6;69.6;1;0
ПермьЭнСб;60;20171102;110000;69.1;69.1;69;69;4;0
ПермьЭнСб;60;20171103;120000;71.7;72.9;71.7;72.9;17;0
ПермьЭнСб;60;20171107;100000;73;73;73;73;100;0
ПермьЭнСб;60;20171107;110000;71;71;71;71;1;0
ПермьЭнСб;60;20171107;160000;72.8;73.3;72.8;73.3;156;0
ПермьЭнСб;60;20171107;170000;73.1;73.1;73.1;73.1;1;0
ПермьЭнСб;60;20171108;110000;73.1;73.8;73.1;73.8;15;0
ПермьЭнСб;60;20171108;160000;73.4;73.4;73.4;73.4;5;0
ПермьЭнСб;60;20171108;180000;73.9;74.9;73.9;74.9;15;0
ПермьЭнСб;60;20171109;100000;74.3;74.3;74.3;74.3;12;0
ПермьЭнСб;60;20171109;150000;77.9;77.9;77.9;77.9;2;0
ПермьЭнСб;60;20171109;170000;77.7;78.2;77.7;78.2;5;0
ПермьЭнСб;60;20171110;100000;78.4;78.7;78.4;78.7;4;0
ПермьЭнСб;60;20171110;110000;78.4;78.4;78.4;78.4;10;0
ПермьЭнСб;60;20171110;120000;78.8;78.8;78.8;78.8;1;0
ПермьЭнСб;60;20171110;130000;79.3;84.4;79.3;84.4;533;0
ПермьЭнСб;60;20171110;140000;81.1;83.5;80.5;83.5;106;0
ПермьЭнСб;60;20171110;150000;83.2;83.3;83.2;83.3;4;0
ПермьЭнСб;60;20171110;160000;81.1;81.2;80.5;80.5;115;0
ПермьЭнСб;60;20171110;170000;81.2;82.1;80.5;80.5;50;0
ПермьЭнСб;60;20171110;180000;81;81;81;81;1;0
ПермьЭнСб;60;20171113;090000;82.9;82.9;82.9;82.9;1;0
ПермьЭнСб;60;20171113;160000;81.7;82.7;81.7;82.7;28;0
ПермьЭнСб;60;20171113;170000;82.7;82.7;82.7;82.7;16;0
ПермьЭнСб;60;20171113;180000;82.6;82.7;82.6;82.7;2;0
ПермьЭнСб;60;20171114;160000;82.7;82.7;82.7;82.7;1;0
ПермьЭнСб;60;20171115;100000;82.7;82.7;82.7;82.7;14;0
ПермьЭнСб;60;20171115;120000;82.1;82.7;82.1;82.7;13;0
ПермьЭнСб;60;20171115;130000;82.7;82.7;82.7;82.7;10;0
ПермьЭнСб;60;20171115;140000;82.7;84;82.7;84;135;0
ПермьЭнСб;60;20171115;150000;84.2;84.2;84.2;84.2;1;0
ПермьЭнСб;60;20171115;160000;83;83;83;83;4;0
ПермьЭнСб;60;20171115;180000;84;84;84;84;1;0
ПермьЭнСб;60;20171116;140000;84;84;84;84;10;0
ПермьЭнСб;60;20171117;100000;84.5;84.5;84.5;84.5;28;0
ПермьЭнСб;60;20171117;120000;84.4;84.4;84.4;84.4;1;0
ПермьЭнСб;60;20171117;170000;84.4;84.4;84.4;84.4;2;0
ПермьЭнСб;60;20171120;110000;84.4;84.4;84.4;84.4;1;0
ПермьЭнСб;60;20171120;140000;81.4;84.4;81.3;84.4;8;0
ПермьЭнСб;60;20171120;150000;84.4;84.4;84.4;84.4;2;0
ПермьЭнСб;60;20171121;160000;81.1;84.1;81;84.1;68;0
ПермьЭнСб;60;20171122;100000;84.4;84.4;84.4;84.4;1;0
ПермьЭнСб;60;20171122;120000;79.8;84.3;79.2;84.3;7;0
ПермьЭнСб;60;20171123;110000;80;84.2;80;84.2;4;0
ПермьЭнСб;60;20171123;160000;82.1;83.9;80;83.9;335;0
ПермьЭнСб;60;20171123;170000;84;84;84;84;4;0
ПермьЭнСб;60;20171124;130000;81.6;83.7;81.6;83.7;3;0
ПермьЭнСб;60;20171124;170000;82;82;82;82;1;0
ПермьЭнСб;60;20171124;180000;81.6;82.9;81.5;82.9;12;0
ПермьЭнСб;60;20171127;130000;81.6;81.6;81.6;81.6;5;0
ПермьЭнСб;60;20171127;170000;82;83.5;81.5;83.5;142;0
ПермьЭнСб;60;20171127;180000;83.5;83.5;83.5;83.5;1;0
ПермьЭнСб;60;20171128;120000;81.9;83.7;81.5;81.5;29;0
ПермьЭнСб;60;20171128;130000;81.5;81.5;81.5;81.5;14;0
ПермьЭнСб;60;20171128;140000;81.5;81.5;81.5;81.5;3;0
ПермьЭнСб;60;20171128;170000;81.5;81.5;81.5;81.5;7;0
ПермьЭнСб;60;20171128;180000;82.9;82.9;82.9;82.9;1;0
ПермьЭнСб;60;20171129;150000;81.8;83.2;81.8;83.2;2;0
ПермьЭнСб;60;20171130;120000;81.1;83.1;81.1;83.1;103;0
ПермьЭнСб;60;20171130;180000;80.5;81.8;80;81.5;28;0
ПермьЭнСб;60;20171201;100000;80.5;82.7;80.5;81.9;15;0
ПермьЭнСб;60;20171204;110000;81;83.5;81;83.5;2;0
ПермьЭнСб;60;20171205;100000;82.2;82.2;82.1;82.1;2;0
ПермьЭнСб;60;20171205;110000;81.3;83.5;81.3;83.5;2;0
ПермьЭнСб;60;20171205;140000;81;81;81;81;1;0
ПермьЭнСб;60;20171205;150000;81.4;81.9;80.1;80.1;8;0
ПермьЭнСб;60;20171205;160000;80.1;80.6;78.8;80.6;92;0
ПермьЭнСб;60;20171205;170000;81.6;81.6;81.6;81.6;1;0
ПермьЭнСб;60;20171206;100000;79.3;81.7;79.3;80.9;7;0
ПермьЭнСб;60;20171206;110000;80.1;80.9;80.1;80.9;13;0
ПермьЭнСб;60;20171206;120000;80.1;80.1;80.1;80.1;4;0
ПермьЭнСб;60;20171206;130000;80.1;80.1;80;80.1;30;0
ПермьЭнСб;60;20171206;160000;80.5;80.5;80.5;80.5;3;0
ПермьЭнСб;60;20171206;170000;80.5;80.5;80.5;80.5;2;0
ПермьЭнСб;60;20171206;180000;80.9;80.9;80.9;80.9;6;0
ПермьЭнСб;60;20171207;100000;79.2;79.2;79.2;79.2;4;0
ПермьЭнСб;60;20171207;110000;81.5;81.5;81.5;81.5;1;0
ПермьЭнСб;60;20171207;140000;80.7;80.8;80.7;80.8;5;0
ПермьЭнСб;60;20171207;160000;81.1;81.1;81.1;81.1;2;0
ПермьЭнСб;60;20171211;120000;80.5;80.5;80.5;80.5;7;0
ПермьЭнСб;60;20171211;140000;80.3;80.3;80.3;80.3;1;0
ПермьЭнСб;60;20171212;100000;80.7;80.7;77.3;79.9;28;0
ПермьЭнСб;60;20171212;110000;79.5;80;79.5;80;7;0
ПермьЭнСб;60;20171212;120000;80;80;80;80;1;0
ПермьЭнСб;60;20171212;140000;81;81;81;81;1;0
ПермьЭнСб;60;20171212;170000;80.4;80.4;80.4;80.4;3;0
ПермьЭнСб;60;20171212;180000;80.3;80.3;80.3;80.3;4;0
ПермьЭнСб;60;20171213;120000;80.1;80.1;80.1;80.1;1;0
ПермьЭнСб;60;20171213;140000;79.6;80.1;79.6;80.1;2;0
ПермьЭнСб;60;20171213;150000;80.1;80.1;80.1;80.1;8;0
ПермьЭнСб;60;20171214;130000;79.5;79.5;79.5;79.5;32;0
ПермьЭнСб;60;20171214;140000;79.5;79.5;79.5;79.5;68;0
ПермьЭнСб;60;20171214;160000;79.9;80;79.9;80;200;0
ПермьЭнСб;60;20171215;100000;80;80;79.9;80;4;0
ПермьЭнСб;60;20171215;110000;80;80;80;80;6;0
ПермьЭнСб;60;20171215;120000;80;80;80;80;264;0
ПермьЭнСб;60;20171215;130000;79.6;79.6;77.2;79.6;102;0
ПермьЭнСб;60;20171215;140000;79.8;79.9;79.8;79.9;6;0
ПермьЭнСб;60;20171215;160000;79.9;79.9;79.9;79.9;4;0
ПермьЭнСб;60;20171215;170000;79.9;79.9;79.9;79.9;5;0
ПермьЭнСб;60;20171218;110000;79.9;79.9;79.9;79.9;1;0
ПермьЭнСб;60;20171219;110000;80;80;80;80;25;0
ПермьЭнСб;60;20171220;140000;78.6;79;78.3;78.4;12;0
ПермьЭнСб;60;20171220;180000;78.6;78.6;78.6;78.6;2;0
ПермьЭнСб;60;20171221;100000;78.7;78.7;78.6;78.6;8;0
ПермьЭнСб;60;20171221;120000;78.7;78.7;78.1;78.1;21;0
ПермьЭнСб;60;20171221;130000;78;78;78;78;10;0
ПермьЭнСб;60;20171221;160000;79.8;79.8;79.8;79.8;1;0
ПермьЭнСб;60;20171222;170000;79.6;79.7;79.6;79.7;6;0
ПермьЭнСб;60;20171226;110000;78.8;79;78.8;79;3;0
ПермьЭнСб;60;20171226;140000;79;79;79;79;3;0
ПермьЭнСб;60;20171226;160000;78.6;79;78.6;79;38;0
ПермьЭнСб;60;20171228;100000;78.1;79.6;78.1;79.6;26;0
ПермьЭнСб;60;20171228;140000;78.9;78.9;78.9;78.9;1;0
ПермьЭнСб;60;20171228;150000;79;79;79;79;119;0
ПермьЭнСб;60;20171228;170000;79.7;79.8;79.7;79.8;3;0
ПермьЭнСб;60;20171229;140000;80.9;81;80;80;153;0
ПермьЭнСб;60;20171229;150000;81;81;81;81;49;0
