<TICKER>;<PER>;<DATE>;<TIME>;<OPEN>;<HIGH>;<LOW>;<CLOSE>;<VOL>;<OPENINT>
ПИФСбер-КН;60;20170124;100000;114;114;114;114;100;0
ПИФСбер-КН;60;20170124;110000;114;114;114;114;24;0
ПИФСбер-КН;60;20170124;150000;112.5;112.5;112.5;112.5;180;0
ПИФСбер-КН;60;20170126;160000;113;113;113;113;58;0
ПИФСбер-КН;60;20170126;170000;114;114;114;114;21;0
ПИФСбер-КН;60;20170127;110000;114;114;114;114;35;0
ПИФСбер-КН;60;20170127;160000;114;114;114;114;1;0
ПИФСбер-КН;60;20170127;170000;114;114;114;114;1;0
ПИФСбер-КН;60;20170131;110000;114;114;114;114;1;0
ПИФСбер-КН;60;20170201;160000;114;114;114;114;4;0
ПИФСбер-КН;60;20170201;170000;114;114;114;114;1;0
ПИФСбер-КН;60;20170202;150000;114;114;114;114;6;0
ПИФСбер-КН;60;20170203;140000;114;114;114;114;2;0
ПИФСбер-КН;60;20170203;160000;114;114;114;114;1;0
ПИФСбер-КН;60;20170206;150000;114;114;114;114;100;0
ПИФСбер-КН;60;20170206;170000;114;114;114;114;13;0
ПИФСбер-КН;60;20170207;150000;114;114;114;114;8;0
ПИФСбер-КН;60;20170209;140000;114;114;114;114;65;0
ПИФСбер-КН;60;20170210;120000;114;114;114;114;14;0
ПИФСбер-КН;60;20170213;100000;112.5;112.5;112.5;112.5;1;0
ПИФСбер-КН;60;20170214;100000;112.5;112.5;112.5;112.5;1;0
ПИФСбер-КН;60;20170215;170000;117;117;117;117;51;0
ПИФСбер-КН;60;20170216;180000;117;117;117;117;4;0
ПИФСбер-КН;60;20170220;130000;113;113;113;113;394;0
ПИФСбер-КН;60;20170220;140000;117;117;117;117;1;0
ПИФСбер-КН;60;20170221;100000;112;112;112;112;1;0
ПИФСбер-КН;60;20170221;130000;112;112;112;112;413;0
ПИФСбер-КН;60;20170222;110000;111.5;111.5;111.5;111.5;1;0
ПИФСбер-КН;60;20170224;110000;124;124;124;124;5;0
ПИФСбер-КН;60;20170224;120000;112;112;112;112;2;0
ПИФСбер-КН;60;20170301;130000;112;112;112;112;1;0
ПИФСбер-КН;60;20170301;160000;112;112;112;112;2;0
ПИФСбер-КН;60;20170302;140000;112;112;111;111;4;0
ПИФСбер-КН;60;20170302;150000;110;110;110;110;10;0
ПИФСбер-КН;60;20170303;110000;116.5;116.5;116.5;116.5;15;0
ПИФСбер-КН;60;20170310;100000;117;117;117;117;20;0
ПИФСбер-КН;60;20170313;140000;116.5;116.5;116.5;116.5;1;0
ПИФСбер-КН;60;20170317;130000;117;117;117;117;1;0
ПИФСбер-КН;60;20170317;160000;116.5;116.5;116.5;116.5;40;0
ПИФСбер-КН;60;20170322;150000;115;116.5;115;116.5;36;0
ПИФСбер-КН;60;20170327;180000;116.5;116.5;116.5;116.5;1;0
ПИФСбер-КН;60;20170328;160000;116.5;116.5;116.5;116.5;14;0
ПИФСбер-КН;60;20170328;180000;113;113;113;113;1;0
ПИФСбер-КН;60;20170411;140000;114;114;114;114;1;0
ПИФСбер-КН;60;20170411;170000;113.5;113.5;113.5;113.5;10;0
ПИФСбер-КН;60;20170412;130000;113;113;112;112;95;0
ПИФСбер-КН;60;20170412;180000;111.5;111.5;111.5;111.5;289;0
ПИФСбер-КН;60;20170414;110000;116.5;116.5;116.5;116.5;2;0
ПИФСбер-КН;60;20170417;150000;116.5;116.5;111;111;49;0
ПИФСбер-КН;60;20170418;170000;116;116;116;116;1;0
ПИФСбер-КН;60;20170421;120000;112.5;112.5;105;105;62;0
ПИФСбер-КН;60;20170421;140000;102;102;101;101;53;0
ПИФСбер-КН;60;20170421;150000;100.5;100.5;100;100;19;0
ПИФСбер-КН;60;20170421;160000;108;108;108;108;1;0
ПИФСбер-КН;60;20170421;170000;108;108;108;108;1;0
ПИФСбер-КН;60;20170421;180000;108;109.5;108;109.5;100;0
ПИФСбер-КН;60;20170424;100000;101;101;100;100;102;0
ПИФСбер-КН;60;20170424;110000;109;109.5;109;109.5;24;0
ПИФСбер-КН;60;20170425;100000;103;103;100;100;64;0
ПИФСбер-КН;60;20170425;110000;109;109;100;100;13;0
ПИФСбер-КН;60;20170425;140000;100;106.5;100;100;35;0
ПИФСбер-КН;60;20170425;150000;100;100;100;100;42;0
ПИФСбер-КН;60;20170425;160000;100;100;100;100;52;0
ПИФСбер-КН;60;20170426;120000;101;101;100;100;13;0
ПИФСбер-КН;60;20170426;130000;100.5;100.5;100;100;13;0
ПИФСбер-КН;60;20170426;150000;104.5;105;104.5;105;100;0
ПИФСбер-КН;60;20170427;150000;100.5;100.5;100;100;27;0
ПИФСбер-КН;60;20170428;120000;100.5;100.5;100;100;18;0
ПИФСбер-КН;60;20170428;140000;100;100;100;100;200;0
ПИФСбер-КН;60;20170428;160000;104.5;106.5;104.5;106.5;148;0
ПИФСбер-КН;60;20170428;170000;106.5;106.5;106;106.5;176;0
ПИФСбер-КН;60;20170502;100000;100.5;100.5;100;100;108;0
ПИФСбер-КН;60;20170502;130000;100;104.5;99.5;104.5;21;0
ПИФСбер-КН;60;20170502;140000;105;105.5;105;105.5;10;0
ПИФСбер-КН;60;20170502;160000;105;105;105;105;8;0
ПИФСбер-КН;60;20170502;170000;105;105;105;105;19;0
ПИФСбер-КН;60;20170503;100000;105;105;105;105;20;0
ПИФСбер-КН;60;20170503;110000;99;100;99;100;9;0
ПИФСбер-КН;60;20170503;120000;100;100;100;100;1;0
ПИФСбер-КН;60;20170504;100000;101;101;101;101;18;0
ПИФСбер-КН;60;20170510;140000;100.5;100.5;100;100;3;0
ПИФСбер-КН;60;20170510;180000;99.5;99.5;99.5;99.5;2;0
ПИФСбер-КН;60;20170511;100000;100.5;100.5;100;100;102;0
ПИФСбер-КН;60;20170511;110000;106;106.5;106;106.5;814;0
ПИФСбер-КН;60;20170511;120000;106.5;106.5;106.5;106.5;476;0
ПИФСбер-КН;60;20170511;130000;107;107;107;107;3;0
ПИФСбер-КН;60;20170511;140000;100.5;100.5;100;100;9;0
ПИФСбер-КН;60;20170511;150000;107;107;100;100;6;0
ПИФСбер-КН;60;20170511;170000;106.5;106.5;106.5;106.5;1;0
ПИФСбер-КН;60;20170511;180000;100.5;100.5;100;100;180;0
ПИФСбер-КН;60;20170512;100000;100;100;100;100;6;0
ПИФСбер-КН;60;20170512;110000;103;103;103;103;600;0
ПИФСбер-КН;60;20170516;100000;103;103;103;103;5;0
ПИФСбер-КН;60;20170516;130000;106.5;108;100;100;17;0
ПИФСбер-КН;60;20170516;140000;100;100;100;100;26;0
ПИФСбер-КН;60;20170516;150000;99.5;99.5;96;96;109;0
ПИФСбер-КН;60;20170516;160000;103;103;103;103;120;0
ПИФСбер-КН;60;20170517;130000;100;100;100;100;700;0
ПИФСбер-КН;60;20170517;150000;100;100;100;100;1;0
ПИФСбер-КН;60;20170517;160000;98;98;98;98;100;0
ПИФСбер-КН;60;20170518;160000;99.5;99.5;99.5;99.5;200;0
ПИФСбер-КН;60;20170518;170000;99.5;99.5;99.5;99.5;300;0
ПИФСбер-КН;60;20170519;160000;100;100;100;100;62;0
ПИФСбер-КН;60;20170523;150000;100;100;96;100;13;0
ПИФСбер-КН;60;20170524;130000;96;96;96;96;131;0
ПИФСбер-КН;60;20170524;140000;95.5;95.5;95.5;95.5;1055;0
ПИФСбер-КН;60;20170524;150000;95;95;94;94;656;0
ПИФСбер-КН;60;20170525;130000;95;95;95;95;50;0
ПИФСбер-КН;60;20170526;180000;95;95;95;95;1;0
ПИФСбер-КН;60;20170529;140000;94;94;90;90;129;0
ПИФСбер-КН;60;20170529;160000;91;91;90.5;90.5;96;0
ПИФСбер-КН;60;20170529;180000;90.5;95;90.5;95;555;0
ПИФСбер-КН;60;20170531;140000;94.5;95;94.5;95;515;0
ПИФСбер-КН;60;20170531;180000;95;95;95;95;30;0
ПИФСбер-КН;60;20170601;120000;95;95;94.5;94.5;9;0
ПИФСбер-КН;60;20170602;110000;94.5;94.5;94.5;94.5;10;0
ПИФСбер-КН;60;20170602;140000;87;87;86.5;86.5;2;0
ПИФСбер-КН;60;20170602;160000;94;94;94;94;1;0
ПИФСбер-КН;60;20170606;120000;86;86;82;82;100;0
ПИФСбер-КН;60;20170606;170000;98;98;98;98;1;0
ПИФСбер-КН;60;20170607;120000;98.5;98.5;98.5;98.5;1;0
ПИФСбер-КН;60;20170608;160000;94;94;94;94;9;0
ПИФСбер-КН;60;20170608;180000;94;94;94;94;469;0
ПИФСбер-КН;60;20170609;110000;94;94;94;94;2;0
ПИФСбер-КН;60;20170614;160000;95;95;95;95;400;0
ПИФСбер-КН;60;20170615;170000;95;95;95;95;1;0
ПИФСбер-КН;60;20170619;140000;95;95;95;95;2;0
ПИФСбер-КН;60;20170619;150000;95;95;95;95;998;0
ПИФСбер-КН;60;20170621;180000;95;95;95;95;442;0
ПИФСбер-КН;60;20170626;130000;95;95;95;95;6;0
ПИФСбер-КН;60;20170628;100000;95;95;95;95;500;0
ПИФСбер-КН;60;20170628;160000;95;95;95;95;500;0
ПИФСбер-КН;60;20170629;120000;96.5;97;96.5;97;100;0
ПИФСбер-КН;60;20170629;130000;97;97;97;97;401;0
ПИФСбер-КН;60;20170629;160000;97;97;97;97;95;0
ПИФСбер-КН;60;20170629;170000;99.5;99.5;99.5;99.5;1;0
ПИФСбер-КН;60;20170629;180000;98;98;97;97;400;0
ПИФСбер-КН;60;20170703;160000;97;97;97;97;1;0
ПИФСбер-КН;60;20170706;170000;99.5;99.5;99.5;99.5;1;0
ПИФСбер-КН;60;20170712;100000;99.5;99.5;99.5;99.5;41;0
ПИФСбер-КН;60;20170712;110000;99.5;99.5;99.5;99.5;60;0
ПИФСбер-КН;60;20170713;110000;95;95;95;95;5;0
ПИФСбер-КН;60;20170713;120000;95;95;95;95;1980;0
ПИФСбер-КН;60;20170713;150000;95;95;95;95;1;0
ПИФСбер-КН;60;20170717;170000;95;95;95;95;857;0
ПИФСбер-КН;60;20170718;100000;95;95;95;95;1000;0
ПИФСбер-КН;60;20170718;120000;95;95;95;95;1202;0
ПИФСбер-КН;60;20170719;130000;97;97;97;97;500;0
ПИФСбер-КН;60;20170719;150000;97;97;97;97;500;0
ПИФСбер-КН;60;20170720;100000;99;99;99;99;1000;0
ПИФСбер-КН;60;20170720;120000;99;99;99;99;2000;0
ПИФСбер-КН;60;20170721;120000;99.5;99.5;99.5;99.5;1;0
ПИФСбер-КН;60;20170724;140000;99.5;99.5;99.5;99.5;1;0
ПИФСбер-КН;60;20170726;130000;97;97;97;97;2000;0
ПИФСбер-КН;60;20170726;170000;99;99;99;99;1;0
ПИФСбер-КН;60;20170728;120000;92;92;92;92;4;0
ПИФСбер-КН;60;20170728;140000;99.5;99.5;99.5;99.5;4;0
ПИФСбер-КН;60;20170731;100000;91;91;91;91;158;0
ПИФСбер-КН;60;20170801;110000;97;97;97;97;1000;0
ПИФСбер-КН;60;20170801;130000;97;97;97;97;1560;0
ПИФСбер-КН;60;20170801;160000;93;93;93;93;1;0
ПИФСбер-КН;60;20170804;110000;99.5;102.5;99.5;102.5;14;0
ПИФСбер-КН;60;20170807;160000;99.5;99.5;99.5;99.5;1;0
ПИФСбер-КН;60;20170814;090000;100;100;100;100;17;0
ПИФСбер-КН;60;20170814;100000;100;100;100;100;3;0
ПИФСбер-КН;60;20170814;180000;99.5;100;99.5;100;4;0
ПИФСбер-КН;60;20170818;180000;96;96;96;96;2;0
ПИФСбер-КН;60;20170821;180000;96.5;96.5;96;96;9;0
ПИФСбер-КН;60;20170823;150000;95.5;95.5;95.5;95.5;100;0
ПИФСбер-КН;60;20170823;160000;98.5;98.5;98.5;98.5;100;0
ПИФСбер-КН;60;20170825;150000;96;96;96;96;100;0
ПИФСбер-КН;60;20170825;160000;96.5;96.5;96.5;96.5;69;0
ПИФСбер-КН;60;20170825;170000;96.5;96.5;96.5;96.5;57;0
ПИФСбер-КН;60;20170828;150000;96.5;96.5;96.5;96.5;1;0
ПИФСбер-КН;60;20170830;110000;95.5;99;95.5;99;105;0
ПИФСбер-КН;60;20170830;160000;96.5;96.5;96.5;96.5;220;0
ПИФСбер-КН;60;20170831;110000;96.5;96.5;96.5;96.5;1;0
ПИФСбер-КН;60;20170901;110000;96.5;96.5;96.5;96.5;1;0
ПИФСбер-КН;60;20170901;120000;96.5;96.5;96.5;96.5;5;0
ПИФСбер-КН;60;20170901;130000;96.5;96.5;96.5;96.5;67;0
ПИФСбер-КН;60;20170904;160000;96.5;96.5;96.5;96.5;134;0
ПИФСбер-КН;60;20170904;170000;97;97;97;97;8;0
ПИФСбер-КН;60;20170904;180000;97;97;97;97;8;0
ПИФСбер-КН;60;20170919;140000;99.5;99.5;99.5;99.5;1;0
ПИФСбер-КН;60;20170919;170000;97;97;97;97;1;0
ПИФСбер-КН;60;20170925;140000;97;97;97;97;1555;0
ПИФСбер-КН;60;20170925;180000;97;97;97;97;45;0
ПИФСбер-КН;60;20170929;170000;100;100;100;100;1;0
ПИФСбер-КН;60;20171003;130000;96.5;96.5;95;95;160;0
ПИФСбер-КН;60;20171012;140000;98.5;98.5;98.5;98.5;20;0
ПИФСбер-КН;60;20171012;160000;98.5;98.5;98.5;98.5;7;0
ПИФСбер-КН;60;20171013;130000;98;98;98;98;13;0
ПИФСбер-КН;60;20171013;170000;98;98;98;98;581;0
ПИФСбер-КН;60;20171016;150000;99.5;99.5;99.5;99.5;1;0
ПИФСбер-КН;60;20171017;130000;97.5;97.5;97;97;25;0
ПИФСбер-КН;60;20171017;140000;99.5;99.5;99.5;99.5;1;0
ПИФСбер-КН;60;20171017;170000;97.5;97.5;97;97;10;0
ПИФСбер-КН;60;20171020;150000;96.5;96.5;96.5;96.5;1;0
ПИФСбер-КН;60;20171020;170000;96;99.5;96;99.5;6;0
ПИФСбер-КН;60;20171025;150000;96;96;96;96;10;0
ПИФСбер-КН;60;20171027;160000;99.5;100;99.5;100;13;0
ПИФСбер-КН;60;20171030;150000;100.5;100.5;100.5;100.5;6;0
ПИФСбер-КН;60;20171102;120000;100.5;100.5;100.5;100.5;6;0
ПИФСбер-КН;60;20171102;150000;101;101;101;101;6;0
ПИФСбер-КН;60;20171107;140000;101;101;101;101;1;0
ПИФСбер-КН;60;20171109;100000;102;102;102;102;1;0
ПИФСбер-КН;60;20171113;090000;102.5;102.5;102.5;102.5;1;0
ПИФСбер-КН;60;20171113;100000;103;103;103;103;6;0
ПИФСбер-КН;60;20171116;130000;104;104;104;104;6;0
ПИФСбер-КН;60;20171116;180000;104;104;104;104;1;0
ПИФСбер-КН;60;20171120;150000;104;104;104;104;100;0
ПИФСбер-КН;60;20171121;160000;104;104;104;104;100;0
ПИФСбер-КН;60;20171205;170000;102.5;102.5;102.5;102.5;1;0
ПИФСбер-КН;60;20171211;100000;107;107;107;107;11;0
ПИФСбер-КН;60;20171213;100000;99;103;99;99;158;0
ПИФСбер-КН;60;20171213;150000;108;108;108;108;185;0
ПИФСбер-КН;60;20171213;160000;108;108;108;108;7;0
ПИФСбер-КН;60;20171213;170000;108;108;108;108;3;0
ПИФСбер-КН;60;20171214;100000;99;99;99;99;10;0
ПИФСбер-КН;60;20171215;170000;108.5;109;108.5;109;2;0
ПИФСбер-КН;60;20171218;170000;106;106;106;106;9;0
ПИФСбер-КН;60;20171219;100000;103.5;103.5;103.5;103.5;1;0
ПИФСбер-КН;60;20171219;150000;109;109.5;109;109.5;8;0
ПИФСбер-КН;60;20171220;100000;99;99;99;99;1;0
ПИФСбер-КН;60;20171221;100000;105.5;105.5;105.5;105.5;1;0
ПИФСбер-КН;60;20171221;170000;105;105;105;105;1;0
ПИФСбер-КН;60;20171222;100000;113;116.5;113;116.5;121;0
ПИФСбер-КН;60;20171222;140000;116;117;116;117;10;0
ПИФСбер-КН;60;20171222;150000;117;121;105;105;20;0
ПИФСбер-КН;60;20171225;100000;106;106;106;106;1;0
ПИФСбер-КН;60;20171225;150000;113.5;113.5;113.5;113.5;121;0
ПИФСбер-КН;60;20171226;100000;106.5;106.5;106.5;106.5;1;0
ПИФСбер-КН;60;20171226;120000;116.5;116.5;116.5;116.5;1;0
ПИФСбер-КН;60;20171227;110000;107;107;107;107;1;0
ПИФСбер-КН;60;20171229;100000;106;106;106;106;1;0
ПИФСбер-КН;60;20171229;150000;115;115;115;115;10;0
ПИФСбер-КН;60;20171229;160000;115;115;115;115;10;0
