<TICKER>;<PER>;<DATE>;<TIME>;<OPEN>;<HIGH>;<LOW>;<CLOSE>;<VOL>;<OPENINT>
ПМП ао;60;20170124;120000;1.16;1.17;1.15;1.17;12;0
ПМП ао;60;20170126;140000;1.165;1.47;1.165;1.23;117;0
ПМП ао;60;20170126;160000;1.255;1.255;1.255;1.255;1;0
ПМП ао;60;20170127;140000;1.22;1.22;1.2;1.2;2;0
ПМП ао;60;20170127;150000;1.185;1.225;1.185;1.225;3;0
ПМП ао;60;20170127;160000;1.19;1.19;1.19;1.19;1;0
ПМП ао;60;20170130;160000;1.18;1.18;1.18;1.18;3;0
ПМП ао;60;20170131;180000;1.18;1.18;1.18;1.18;1;0
ПМП ао;60;20170201;120000;1.2;1.2;1.2;1.2;2;0
ПМП ао;60;20170201;130000;1.18;1.18;1.17;1.17;4;0
ПМП ао;60;20170201;140000;1.165;1.165;1.165;1.165;34;0
ПМП ао;60;20170202;100000;1.195;1.195;1.195;1.195;1;0
ПМП ао;60;20170206;110000;1.16;1.16;1.16;1.16;11;0
ПМП ао;60;20170206;160000;1.175;1.175;1.175;1.175;2;0
ПМП ао;60;20170207;110000;1.17;1.17;1.065;1.14;130;0
ПМП ао;60;20170207;120000;1.135;1.135;1.135;1.135;1;0
ПМП ао;60;20170207;130000;1.14;1.14;1.14;1.14;3;0
ПМП ао;60;20170207;140000;1.14;1.14;1.14;1.14;13;0
ПМП ао;60;20170207;180000;1.14;1.155;1.14;1.155;4;0
ПМП ао;60;20170208;140000;1.125;1.125;1.08;1.1;5;0
ПМП ао;60;20170208;150000;1.115;1.17;1.115;1.17;3;0
ПМП ао;60;20170208;160000;1.17;1.17;1.17;1.17;9;0
ПМП ао;60;20170210;160000;1.11;1.11;1.09;1.105;5;0
ПМП ао;60;20170210;170000;1.1;1.1;1.1;1.1;1;0
ПМП ао;60;20170210;180000;1.12;1.12;1.12;1.12;1;0
ПМП ао;60;20170213;100000;1.08;1.08;1.08;1.08;1;0
ПМП ао;60;20170213;120000;1.09;1.125;1.085;1.125;6;0
ПМП ао;60;20170213;130000;1.13;1.13;1.125;1.125;14;0
ПМП ао;60;20170214;150000;1.095;1.095;1.08;1.08;4;0
ПМП ао;60;20170216;170000;1.11;1.175;1.11;1.175;6;0
ПМП ао;60;20170217;110000;1.12;1.12;1.08;1.08;10;0
ПМП ао;60;20170217;120000;1.125;1.125;1.125;1.125;1;0
ПМП ао;60;20170217;160000;1.095;1.095;1.095;1.095;1;0
ПМП ао;60;20170220;100000;1.11;1.145;1.11;1.145;8;0
ПМП ао;60;20170220;130000;1.145;1.145;1.145;1.145;1;0
ПМП ао;60;20170220;150000;1.145;1.145;1.145;1.145;5;0
ПМП ао;60;20170222;150000;1.11;1.11;1.105;1.105;2;0
ПМП ао;60;20170222;160000;1.145;1.15;1.145;1.15;7;0
ПМП ао;60;20170222;170000;1.105;1.105;1.105;1.105;1;0
ПМП ао;60;20170227;120000;1.1;1.1;1.085;1.1;14;0
ПМП ао;60;20170227;140000;1.09;1.09;1.09;1.09;2;0
ПМП ао;60;20170227;170000;1.09;1.09;1.085;1.085;24;0
ПМП ао;60;20170228;100000;1.08;1.08;1.05;1.05;23;0
ПМП ао;60;20170228;110000;1.02;1.03;1;1.03;15;0
ПМП ао;60;20170228;120000;1;1;1;1;1;0
ПМП ао;60;20170228;130000;1.005;1.005;1;1;25;0
ПМП ао;60;20170228;140000;1.015;1.015;1.015;1.015;1;0
ПМП ао;60;20170228;160000;1.005;1.005;1.005;1.005;10;0
ПМП ао;60;20170228;170000;1.015;1.015;1.015;1.015;1;0
ПМП ао;60;20170301;100000;1.03;1.03;1.03;1.03;1;0
ПМП ао;60;20170301;110000;1.045;1.045;1.045;1.045;226;0
ПМП ао;60;20170301;160000;1.01;1.01;1.01;1.01;1;0
ПМП ао;60;20170301;180000;1.05;1.05;1.05;1.05;3;0
ПМП ао;60;20170302;110000;1.065;1.07;1.065;1.07;5;0
ПМП ао;60;20170302;130000;1.07;1.07;1.07;1.07;1;0
ПМП ао;60;20170307;180000;1.07;1.07;1.07;1.07;2;0
ПМП ао;60;20170309;100000;1.025;1.025;1.025;1.025;1;0
ПМП ао;60;20170310;100000;1.01;1.01;1.01;1.01;1;0
ПМП ао;60;20170310;110000;1.07;1.07;1.07;1.07;1;0
ПМП ао;60;20170310;150000;1.07;1.135;1.01;1.01;50;0
ПМП ао;60;20170313;100000;1.04;1.04;1.02;1.02;6;0
ПМП ао;60;20170317;100000;1.085;1.085;1.085;1.085;1;0
ПМП ао;60;20170317;180000;1.085;1.085;1.085;1.085;1;0
ПМП ао;60;20170322;150000;1.115;1.12;1.115;1.12;3;0
ПМП ао;60;20170322;160000;1.12;1.12;1.12;1.12;1;0
ПМП ао;60;20170327;110000;1.025;1.12;1.015;1.12;5;0
ПМП ао;60;20170329;100000;1.055;1.055;1.055;1.055;10;0
ПМП ао;60;20170329;140000;1.06;1.06;1.06;1.06;1;0
ПМП ао;60;20170329;150000;1.06;1.06;1.06;1.06;1;0
ПМП ао;60;20170329;160000;1.055;1.055;1.055;1.055;1;0
ПМП ао;60;20170329;180000;1.035;1.11;1.03;1.11;5;0
ПМП ао;60;20170330;140000;1.035;1.035;1.035;1.035;1;0
ПМП ао;60;20170330;170000;1.06;1.06;1.04;1.04;3;0
ПМП ао;60;20170331;100000;1.115;1.115;1.115;1.115;2;0
ПМП ао;60;20170331;120000;1.11;1.11;1.11;1.11;1;0
ПМП ао;60;20170404;100000;1.11;1.11;1.11;1.11;1;0
ПМП ао;60;20170407;160000;1.11;1.11;1.11;1.11;1;0
ПМП ао;60;20170412;160000;1.1;1.1;1.1;1.1;2;0
ПМП ао;60;20170413;120000;1.015;1.015;1.015;1.015;1;0
ПМП ао;60;20170413;130000;1.02;1.02;1.02;1.02;2;0
ПМП ао;60;20170413;140000;1.01;1.01;1;1;40;0
ПМП ао;60;20170413;160000;1;1;1;1;10;0
ПМП ао;60;20170413;170000;1.02;1.02;1.02;1.02;8;0
ПМП ао;60;20170413;180000;1.03;1.03;1.03;1.03;1;0
ПМП ао;60;20170414;100000;1;1;1;1;13;0
ПМП ао;60;20170414;120000;1.01;1.01;1;1;7;0
ПМП ао;60;20170414;150000;1.02;1.025;0.975;1;8;0
ПМП ао;60;20170417;140000;0.995;1;0.995;1;6;0
ПМП ао;60;20170418;100000;0.99;0.99;0.98;0.98;43;0
ПМП ао;60;20170418;160000;0.985;0.985;0.965;0.965;6;0
ПМП ао;60;20170419;100000;0.955;0.955;0.955;0.955;6;0
ПМП ао;60;20170419;110000;0.95;0.955;0.9;0.9;27;0
ПМП ао;60;20170419;120000;0.92;0.965;0.9;0.9;18;0
ПМП ао;60;20170419;130000;0.9;0.915;0.89;0.915;7;0
ПМП ао;60;20170419;150000;0.895;0.895;0.825;0.835;59;0
ПМП ао;60;20170419;160000;0.83;0.86;0.82;0.855;18;0
ПМП ао;60;20170419;180000;0.86;0.87;0.86;0.87;13;0
ПМП ао;60;20170420;100000;0.87;0.87;0.87;0.87;1;0
ПМП ао;60;20170420;110000;0.88;0.88;0.88;0.88;1;0
ПМП ао;60;20170420;120000;0.87;0.87;0.87;0.87;1;0
ПМП ао;60;20170420;150000;0.835;0.865;0.805;0.865;45;0
ПМП ао;60;20170420;180000;0.805;0.865;0.8;0.865;10;0
ПМП ао;60;20170421;130000;0.82;0.82;0.8;0.8;11;0
ПМП ао;60;20170421;150000;0.85;0.85;0.85;0.85;4;0
ПМП ао;60;20170421;170000;0.85;0.85;0.8;0.8;117;0
ПМП ао;60;20170421;180000;0.855;0.86;0.855;0.86;5;0
ПМП ао;60;20170424;100000;0.86;0.86;0.86;0.86;43;0
ПМП ао;60;20170425;100000;0.865;0.87;0.865;0.87;9;0
ПМП ао;60;20170425;110000;0.86;0.875;0.86;0.875;11;0
ПМП ао;60;20170425;130000;0.87;0.87;0.87;0.87;1;0
ПМП ао;60;20170426;100000;0.865;0.87;0.865;0.87;10;0
ПМП ао;60;20170502;100000;0.815;0.86;0.81;0.86;17;0
ПМП ао;60;20170502;170000;0.85;0.85;0.85;0.85;5;0
ПМП ао;60;20170504;150000;0.85;0.85;0.85;0.85;2;0
ПМП ао;60;20170504;180000;0.825;0.845;0.8;0.84;53;0
ПМП ао;60;20170505;130000;0.795;0.795;0.77;0.775;20;0
ПМП ао;60;20170505;140000;0.79;0.79;0.79;0.79;1;0
ПМП ао;60;20170505;150000;0.795;0.795;0.795;0.795;1;0
ПМП ао;60;20170505;170000;0.795;0.795;0.795;0.795;1;0
ПМП ао;60;20170505;180000;0.79;0.79;0.79;0.79;3;0
ПМП ао;60;20170510;100000;0.795;0.8;0.795;0.8;3;0
ПМП ао;60;20170510;120000;0.775;0.775;0.775;0.775;1;0
ПМП ао;60;20170510;140000;0.76;0.76;0.74;0.74;3;0
ПМП ао;60;20170510;150000;0.755;0.755;0.725;0.725;126;0
ПМП ао;60;20170510;170000;0.785;0.785;0.785;0.785;1;0
ПМП ао;60;20170511;170000;0.77;0.775;0.77;0.775;4;0
ПМП ао;60;20170511;180000;0.75;0.77;0.74;0.77;8;0
ПМП ао;60;20170515;160000;0.8;0.8;0.8;0.8;1;0
ПМП ао;60;20170515;170000;0.8;0.81;0.8;0.81;10;0
ПМП ао;60;20170516;110000;0.82;0.82;0.73;0.73;50;0
ПМП ао;60;20170516;160000;0.82;0.82;0.82;0.82;1;0
ПМП ао;60;20170519;170000;0.73;0.82;0.73;0.82;2;0
ПМП ао;60;20170519;180000;0.75;0.75;0.72;0.72;7;0
ПМП ао;60;20170522;100000;0.72;0.72;0.72;0.72;1;0
ПМП ао;60;20170522;170000;0.75;0.75;0.725;0.725;16;0
ПМП ао;60;20170523;160000;0.74;0.74;0.735;0.735;3;0
ПМП ао;60;20170524;100000;0.785;0.855;0.785;0.85;11;0
ПМП ао;60;20170524;110000;0.825;0.825;0.825;0.825;2;0
ПМП ао;60;20170524;180000;0.75;0.9;0.75;0.8;989;0
ПМП ао;60;20170525;100000;0.8;0.915;0.77;0.895;29;0
ПМП ао;60;20170525;130000;0.775;0.775;0.775;0.775;2;0
ПМП ао;60;20170525;170000;0.89;0.89;0.89;0.89;1;0
ПМП ао;60;20170525;180000;0.795;0.895;0.795;0.895;5;0
ПМП ао;60;20170526;120000;0.8;0.8;0.715;0.755;81;0
ПМП ао;60;20170526;140000;0.78;0.78;0.78;0.78;1;0
ПМП ао;60;20170526;150000;0.78;0.78;0.78;0.78;7;0
ПМП ао;60;20170526;170000;0.78;0.85;0.75;0.85;9;0
ПМП ао;60;20170530;170000;0.845;0.845;0.845;0.845;1;0
ПМП ао;60;20170531;180000;0.81;0.81;0.81;0.81;1;0
