<TICKER>;<PER>;<DATE>;<TIME>;<OPEN>;<HIGH>;<LOW>;<CLOSE>;<VOL>;<OPENINT>
РГС СК ао;60;20170124;100000;0.417;0.419;0.416;0.419;345;0
РГС СК ао;60;20170124;110000;0.418;0.421;0.418;0.419;694;0
РГС СК ао;60;20170124;120000;0.418;0.419;0.418;0.418;3579;0
РГС СК ао;60;20170124;130000;0.418;0.419;0.418;0.418;154;0
РГС СК ао;60;20170124;140000;0.419;0.419;0.418;0.418;138;0
РГС СК ао;60;20170124;150000;0.418;0.418;0.417;0.418;142;0
РГС СК ао;60;20170124;170000;0.417;0.417;0.417;0.417;386;0
РГС СК ао;60;20170124;180000;0.417;0.417;0.417;0.417;1;0
РГС СК ао;60;20170125;100000;0.417;0.417;0.416;0.416;815;0
РГС СК ао;60;20170125;120000;0.416;0.417;0.416;0.417;2967;0
РГС СК ао;60;20170125;140000;0.416;0.416;0.416;0.416;10;0
РГС СК ао;60;20170125;150000;0.417;0.417;0.417;0.417;45;0
РГС СК ао;60;20170125;170000;0.416;0.417;0.416;0.417;26;0
РГС СК ао;60;20170125;180000;0.416;0.416;0.416;0.416;85;0
РГС СК ао;60;20170126;100000;0.422;0.422;0.413;0.417;719;0
РГС СК ао;60;20170126;110000;0.416;0.417;0.416;0.417;76;0
РГС СК ао;60;20170126;120000;0.418;0.419;0.416;0.416;1922;0
РГС СК ао;60;20170126;140000;0.417;0.417;0.417;0.417;10;0
РГС СК ао;60;20170126;150000;0.416;0.418;0.416;0.418;5;0
РГС СК ао;60;20170126;160000;0.418;0.42;0.418;0.419;183;0
РГС СК ао;60;20170126;170000;0.417;0.417;0.416;0.416;10;0
РГС СК ао;60;20170126;180000;0.419;0.419;0.419;0.419;1;0
РГС СК ао;60;20170127;100000;0.42;0.42;0.414;0.418;141;0
РГС СК ао;60;20170127;110000;0.418;0.418;0.418;0.418;1;0
РГС СК ао;60;20170127;120000;0.418;0.418;0.417;0.418;2045;0
РГС СК ао;60;20170127;160000;0.419;0.419;0.419;0.419;1;0
РГС СК ао;60;20170127;170000;0.417;0.419;0.416;0.419;3965;0
РГС СК ао;60;20170127;180000;0.417;0.417;0.416;0.417;7521;0
РГС СК ао;60;20170130;100000;0.417;0.419;0.416;0.417;43;0
РГС СК ао;60;20170130;110000;0.418;0.419;0.418;0.419;10;0
РГС СК ао;60;20170130;120000;0.419;0.419;0.419;0.419;1457;0
РГС СК ао;60;20170130;130000;0.417;0.418;0.417;0.418;19;0
РГС СК ао;60;20170130;160000;0.417;0.418;0.416;0.418;5606;0
РГС СК ао;60;20170130;170000;0.418;0.418;0.415;0.415;126;0
РГС СК ао;60;20170130;180000;0.417;0.42;0.415;0.42;120;0
РГС СК ао;60;20170131;100000;0.415;0.416;0.415;0.415;811;0
РГС СК ао;60;20170131;110000;0.415;0.415;0.414;0.414;228;0
РГС СК ао;60;20170131;120000;0.414;0.414;0.414;0.414;5;0
РГС СК ао;60;20170131;140000;0.414;0.414;0.414;0.414;2;0
РГС СК ао;60;20170131;150000;0.415;0.417;0.415;0.417;2345;0
РГС СК ао;60;20170131;170000;0.418;0.418;0.418;0.418;2;0
РГС СК ао;60;20170131;180000;0.417;0.417;0.417;0.417;121;0
РГС СК ао;60;20170201;100000;0.415;0.415;0.414;0.414;167;0
РГС СК ао;60;20170201;110000;0.416;0.417;0.416;0.417;6;0
РГС СК ао;60;20170201;120000;0.417;0.417;0.417;0.417;2565;0
РГС СК ао;60;20170201;130000;0.417;0.417;0.417;0.417;9;0
РГС СК ао;60;20170201;140000;0.417;0.417;0.415;0.415;2;0
РГС СК ао;60;20170201;150000;0.417;0.417;0.415;0.415;325;0
РГС СК ао;60;20170201;160000;0.415;0.415;0.415;0.415;506;0
РГС СК ао;60;20170201;170000;0.414;0.414;0.413;0.414;3401;0
РГС СК ао;60;20170201;180000;0.413;0.413;0.413;0.413;4033;0
РГС СК ао;60;20170202;100000;0.412;0.413;0.412;0.413;252;0
РГС СК ао;60;20170202;120000;0.414;0.414;0.407;0.408;9788;0
РГС СК ао;60;20170202;130000;0.409;0.414;0.409;0.414;381;0
РГС СК ао;60;20170202;140000;0.413;0.413;0.413;0.413;1500;0
РГС СК ао;60;20170202;150000;0.413;0.413;0.413;0.413;2675;0
РГС СК ао;60;20170202;160000;0.413;0.413;0.413;0.413;1500;0
РГС СК ао;60;20170202;170000;0.413;0.413;0.413;0.413;1000;0
РГС СК ао;60;20170202;180000;0.413;0.414;0.413;0.414;2376;0
РГС СК ао;60;20170203;100000;0.413;0.413;0.413;0.413;197;0
РГС СК ао;60;20170203;110000;0.415;0.415;0.415;0.415;120;0
РГС СК ао;60;20170203;120000;0.415;0.415;0.415;0.415;3222;0
РГС СК ао;60;20170203;130000;0.415;0.415;0.415;0.415;7;0
РГС СК ао;60;20170203;140000;0.414;0.415;0.413;0.413;2171;0
РГС СК ао;60;20170203;150000;0.413;0.413;0.413;0.413;4933;0
РГС СК ао;60;20170203;160000;0.413;0.413;0.413;0.413;3517;0
РГС СК ао;60;20170203;170000;0.414;0.414;0.414;0.414;1;0
РГС СК ао;60;20170203;180000;0.414;0.414;0.414;0.414;1;0
РГС СК ао;60;20170206;100000;0.413;0.413;0.413;0.413;11;0
РГС СК ао;60;20170206;110000;0.413;0.413;0.413;0.413;415;0
РГС СК ао;60;20170206;120000;0.413;0.414;0.413;0.414;578;0
РГС СК ао;60;20170206;130000;0.413;0.413;0.413;0.413;1;0
РГС СК ао;60;20170206;150000;0.413;0.413;0.413;0.413;300;0
РГС СК ао;60;20170206;170000;0.413;0.413;0.413;0.413;3558;0
РГС СК ао;60;20170206;180000;0.414;0.414;0.413;0.413;4501;0
РГС СК ао;60;20170207;100000;0.413;0.413;0.413;0.413;40;0
РГС СК ао;60;20170207;110000;0.414;0.414;0.414;0.414;86;0
РГС СК ао;60;20170207;120000;0.413;0.414;0.413;0.414;3198;0
РГС СК ао;60;20170207;130000;0.413;0.413;0.413;0.413;2500;0
РГС СК ао;60;20170207;140000;0.413;0.413;0.413;0.413;3006;0
РГС СК ао;60;20170207;150000;0.413;0.413;0.413;0.413;284;0
РГС СК ао;60;20170207;160000;0.413;0.413;0.413;0.413;1539;0
РГС СК ао;60;20170207;170000;0.413;0.414;0.413;0.414;1191;0
РГС СК ао;60;20170207;180000;0.414;0.414;0.413;0.413;572;0
РГС СК ао;60;20170208;100000;0.413;0.413;0.413;0.413;1;0
РГС СК ао;60;20170208;130000;0.414;0.414;0.413;0.413;1633;0
РГС СК ао;60;20170208;140000;0.414;0.414;0.414;0.414;100;0
РГС СК ао;60;20170208;150000;0.414;0.415;0.413;0.413;6788;0
РГС СК ао;60;20170208;160000;0.413;0.413;0.413;0.413;1094;0
РГС СК ао;60;20170208;170000;0.415;0.415;0.413;0.413;6;0
РГС СК ао;60;20170208;180000;0.415;0.415;0.414;0.415;35;0
РГС СК ао;60;20170209;090000;0.41;0.41;0.41;0.41;2;0
РГС СК ао;60;20170209;100000;0.415;0.415;0.415;0.415;2;0
РГС СК ао;60;20170209;110000;0.415;0.415;0.413;0.413;301;0
РГС СК ао;60;20170209;120000;0.415;0.417;0.414;0.414;995;0
РГС СК ао;60;20170209;130000;0.414;0.416;0.414;0.415;51;0
РГС СК ао;60;20170209;140000;0.413;0.413;0.413;0.413;8000;0
РГС СК ао;60;20170209;150000;0.413;0.415;0.413;0.415;2009;0
РГС СК ао;60;20170209;170000;0.413;0.415;0.413;0.414;158;0
РГС СК ао;60;20170209;180000;0.415;0.415;0.415;0.415;1;0
РГС СК ао;60;20170210;100000;0.415;0.415;0.415;0.415;18;0
РГС СК ао;60;20170210;110000;0.413;0.413;0.413;0.413;140;0
РГС СК ао;60;20170210;120000;0.414;0.414;0.414;0.414;1;0
РГС СК ао;60;20170210;130000;0.414;0.414;0.414;0.414;223;0
РГС СК ао;60;20170210;170000;0.413;0.413;0.413;0.413;86;0
РГС СК ао;60;20170210;180000;0.414;0.414;0.413;0.414;206;0
РГС СК ао;60;20170213;100000;0.415;0.417;0.414;0.414;1518;0
РГС СК ао;60;20170213;120000;0.413;0.414;0.413;0.414;663;0
РГС СК ао;60;20170213;140000;0.413;0.413;0.413;0.413;501;0
РГС СК ао;60;20170213;150000;0.413;0.413;0.413;0.413;1000;0
РГС СК ао;60;20170213;160000;0.413;0.413;0.413;0.413;500;0
РГС СК ао;60;20170213;170000;0.413;0.413;0.413;0.413;385;0
РГС СК ао;60;20170213;180000;0.414;0.414;0.414;0.414;1;0
РГС СК ао;60;20170214;100000;0.415;0.415;0.412;0.412;354;0
РГС СК ао;60;20170214;110000;0.412;0.412;0.412;0.412;185;0
РГС СК ао;60;20170214;120000;0.413;0.414;0.412;0.412;112;0
РГС СК ао;60;20170214;130000;0.414;0.414;0.414;0.414;587;0
РГС СК ао;60;20170214;160000;0.414;0.414;0.414;0.414;30;0
РГС СК ао;60;20170214;180000;0.414;0.414;0.414;0.414;1;0
РГС СК ао;60;20170215;100000;0.413;0.413;0.412;0.412;317;0
РГС СК ао;60;20170215;110000;0.412;0.413;0.412;0.413;6;0
РГС СК ао;60;20170215;120000;0.413;0.415;0.413;0.415;396;0
РГС СК ао;60;20170215;140000;0.415;0.415;0.413;0.415;269;0
РГС СК ао;60;20170215;150000;0.415;0.416;0.415;0.416;234;0
РГС СК ао;60;20170215;170000;0.414;0.415;0.413;0.415;230;0
РГС СК ао;60;20170215;180000;0.416;0.419;0.414;0.419;10;0
РГС СК ао;60;20170216;100000;0.415;0.416;0.413;0.413;410;0
РГС СК ао;60;20170216;120000;0.415;0.415;0.414;0.414;295;0
РГС СК ао;60;20170216;130000;0.413;0.414;0.412;0.414;355;0
РГС СК ао;60;20170216;150000;0.414;0.414;0.414;0.414;179;0
РГС СК ао;60;20170216;170000;0.414;0.414;0.413;0.413;6;0
РГС СК ао;60;20170216;180000;0.415;0.415;0.415;0.415;1;0
РГС СК ао;60;20170217;100000;0.413;0.414;0.413;0.414;206;0
РГС СК ао;60;20170217;150000;0.413;0.413;0.411;0.411;725;0
РГС СК ао;60;20170217;160000;0.413;0.413;0.413;0.413;1;0
РГС СК ао;60;20170217;170000;0.413;0.414;0.413;0.414;6;0
РГС СК ао;60;20170217;180000;0.414;0.414;0.411;0.414;3356;0
РГС СК ао;60;20170220;100000;0.412;0.412;0.412;0.412;735;0
РГС СК ао;60;20170220;110000;0.412;0.412;0.412;0.412;375;0
РГС СК ао;60;20170220;120000;0.412;0.412;0.412;0.412;183;0
РГС СК ао;60;20170220;130000;0.413;0.414;0.413;0.414;531;0
РГС СК ао;60;20170220;160000;0.414;0.414;0.414;0.414;41;0
РГС СК ао;60;20170220;180000;0.415;0.415;0.415;0.415;1;0
РГС СК ао;60;20170221;100000;0.415;0.416;0.415;0.415;1007;0
РГС СК ао;60;20170221;110000;0.416;0.418;0.416;0.418;21;0
РГС СК ао;60;20170221;120000;0.418;0.418;0.418;0.418;433;0
РГС СК ао;60;20170221;130000;0.418;0.42;0.417;0.417;32;0
РГС СК ао;60;20170221;150000;0.417;0.417;0.417;0.417;171;0
РГС СК ао;60;20170221;160000;0.416;0.495;0.414;0.42;6300;0
РГС СК ао;60;20170221;170000;0.418;0.418;0.418;0.418;375;0
РГС СК ао;60;20170221;180000;0.42;0.42;0.415;0.416;127;0
РГС СК ао;60;20170222;100000;0.417;0.417;0.413;0.413;531;0
РГС СК ао;60;20170222;110000;0.413;0.417;0.409;0.414;997;0
РГС СК ао;60;20170222;120000;0.417;0.417;0.416;0.416;46;0
РГС СК ао;60;20170222;130000;0.416;0.416;0.416;0.416;5;0
РГС СК ао;60;20170222;150000;0.416;0.416;0.416;0.416;375;0
РГС СК ао;60;20170222;160000;0.416;0.416;0.416;0.416;1;0
РГС СК ао;60;20170222;180000;0.416;0.416;0.413;0.413;5161;0
РГС СК ао;60;20170224;100000;0.414;0.414;0.414;0.414;2;0
РГС СК ао;60;20170224;110000;0.416;0.416;0.416;0.416;1;0
РГС СК ао;60;20170224;120000;0.414;0.414;0.413;0.413;379;0
РГС СК ао;60;20170224;160000;0.412;0.412;0.411;0.411;25;0
РГС СК ао;60;20170224;170000;0.412;0.412;0.411;0.412;11;0
РГС СК ао;60;20170224;180000;0.413;0.414;0.413;0.414;21;0
РГС СК ао;60;20170227;110000;0.417;0.417;0.408;0.415;47;0
РГС СК ао;60;20170227;140000;0.41;0.41;0.406;0.408;31;0
РГС СК ао;60;20170227;150000;0.41;0.411;0.41;0.411;375;0
РГС СК ао;60;20170227;160000;0.413;0.414;0.404;0.405;592;0
РГС СК ао;60;20170227;180000;0.404;0.414;0.402;0.414;203;0
РГС СК ао;60;20170228;100000;0.402;0.403;0.399;0.402;776;0
РГС СК ао;60;20170228;110000;0.399;0.402;0.399;0.402;7;0
РГС СК ао;60;20170228;120000;0.399;0.401;0.399;0.399;25;0
РГС СК ао;60;20170228;130000;0.401;0.402;0.401;0.402;4;0
РГС СК ао;60;20170228;140000;0.401;0.401;0.401;0.401;1;0
РГС СК ао;60;20170228;150000;0.4;0.401;0.399;0.401;12;0
РГС СК ао;60;20170228;160000;0.411;0.415;0.4;0.412;880;0
РГС СК ао;60;20170228;170000;0.412;0.414;0.412;0.414;27;0
РГС СК ао;60;20170228;180000;0.415;0.415;0.415;0.415;1;0
РГС СК ао;60;20170301;100000;0.413;0.415;0.413;0.413;23;0
РГС СК ао;60;20170301;110000;0.414;0.415;0.414;0.415;2;0
РГС СК ао;60;20170301;130000;0.414;0.416;0.414;0.416;422;0
РГС СК ао;60;20170301;140000;0.416;0.417;0.415;0.415;6;0
РГС СК ао;60;20170301;150000;0.415;0.415;0.415;0.415;1;0
РГС СК ао;60;20170301;160000;0.417;0.417;0.417;0.417;4335;0
РГС СК ао;60;20170301;170000;0.415;0.417;0.407;0.416;3369;0
РГС СК ао;60;20170301;180000;0.415;0.422;0.415;0.422;2821;0
РГС СК ао;60;20170302;100000;0.418;0.418;0.418;0.418;1;0
РГС СК ао;60;20170302;110000;0.416;0.416;0.415;0.415;8;0
РГС СК ао;60;20170302;120000;0.415;0.415;0.412;0.412;411;0
РГС СК ао;60;20170302;130000;0.412;0.412;0.409;0.409;78;0
РГС СК ао;60;20170302;140000;0.409;0.412;0.409;0.412;1082;0
РГС СК ао;60;20170302;150000;0.414;0.416;0.414;0.416;3831;0
РГС СК ао;60;20170302;160000;0.416;0.416;0.416;0.416;1945;0
РГС СК ао;60;20170302;180000;0.417;0.417;0.417;0.417;1;0
РГС СК ао;60;20170303;100000;0.415;0.415;0.413;0.415;1163;0
РГС СК ао;60;20170303;110000;0.413;0.413;0.413;0.413;4;0
РГС СК ао;60;20170303;120000;0.412;0.415;0.412;0.415;876;0
РГС СК ао;60;20170303;130000;0.413;0.415;0.413;0.415;8024;0
РГС СК ао;60;20170303;160000;0.415;0.415;0.415;0.415;1;0
РГС СК ао;60;20170303;180000;0.415;0.415;0.414;0.414;6;0
РГС СК ао;60;20170306;100000;0.416;0.416;0.416;0.416;375;0
РГС СК ао;60;20170306;120000;0.413;0.416;0.413;0.413;212;0
РГС СК ао;60;20170306;130000;0.415;0.415;0.413;0.413;65;0
РГС СК ао;60;20170306;140000;0.413;0.413;0.413;0.413;429;0
РГС СК ао;60;20170306;150000;0.411;0.411;0.411;0.411;3;0
РГС СК ао;60;20170306;160000;0.412;0.413;0.412;0.413;4;0
РГС СК ао;60;20170306;170000;0.415;0.416;0.415;0.416;390;0
РГС СК ао;60;20170306;180000;0.415;0.415;0.415;0.415;4845;0
РГС СК ао;60;20170307;120000;0.414;0.414;0.41;0.41;846;0
РГС СК ао;60;20170307;140000;0.408;0.41;0.408;0.41;6;0
РГС СК ао;60;20170307;170000;0.41;0.415;0.41;0.414;3909;0
РГС СК ао;60;20170307;180000;0.414;0.416;0.414;0.416;1585;0
РГС СК ао;60;20170309;100000;0.413;0.413;0.411;0.413;1061;0
РГС СК ао;60;20170309;120000;0.411;0.411;0.41;0.41;40;0
РГС СК ао;60;20170309;130000;0.41;0.41;0.41;0.41;40;0
РГС СК ао;60;20170309;140000;0.409;0.409;0.404;0.405;544;0
РГС СК ао;60;20170309;150000;0.406;0.413;0.406;0.413;1154;0
РГС СК ао;60;20170309;160000;0.413;0.413;0.41;0.41;45;0
РГС СК ао;60;20170309;170000;0.414;0.415;0.414;0.415;3324;0
РГС СК ао;60;20170309;180000;0.414;0.415;0.414;0.415;14;0
РГС СК ао;60;20170310;100000;0.414;0.416;0.414;0.414;422;0
РГС СК ао;60;20170310;110000;0.414;0.414;0.414;0.414;2;0
РГС СК ао;60;20170310;140000;0.413;0.413;0.411;0.411;144;0
РГС СК ао;60;20170310;150000;0.413;0.415;0.413;0.415;1905;0
РГС СК ао;60;20170310;160000;0.415;0.416;0.414;0.414;3675;0
РГС СК ао;60;20170310;170000;0.416;0.416;0.416;0.416;10;0
РГС СК ао;60;20170310;180000;0.416;0.416;0.414;0.414;5;0
РГС СК ао;60;20170313;100000;0.415;0.416;0.413;0.413;372;0
РГС СК ао;60;20170313;110000;0.415;0.416;0.415;0.416;399;0
РГС СК ао;60;20170313;120000;0.415;0.415;0.415;0.415;1527;0
РГС СК ао;60;20170313;130000;0.415;0.415;0.415;0.415;1134;0
РГС СК ао;60;20170313;170000;0.416;0.417;0.416;0.417;5709;0
РГС СК ао;60;20170313;180000;0.417;0.417;0.417;0.417;1;0
РГС СК ао;60;20170314;100000;0.415;0.415;0.415;0.415;148;0
РГС СК ао;60;20170314;110000;0.417;0.417;0.417;0.417;1;0
РГС СК ао;60;20170314;150000;0.415;0.415;0.415;0.415;28;0
РГС СК ао;60;20170314;160000;0.416;0.416;0.416;0.416;6;0
РГС СК ао;60;20170314;170000;0.415;0.415;0.415;0.415;6;0
РГС СК ао;60;20170314;180000;0.415;0.417;0.415;0.417;13;0
РГС СК ао;60;20170315;100000;0.415;0.417;0.415;0.415;153;0
РГС СК ао;60;20170315;110000;0.417;0.417;0.417;0.417;1;0
РГС СК ао;60;20170315;130000;0.415;0.415;0.412;0.415;1536;0
РГС СК ао;60;20170315;140000;0.415;0.415;0.415;0.415;1;0
РГС СК ао;60;20170315;150000;0.414;0.415;0.413;0.415;56;0
РГС СК ао;60;20170315;170000;0.415;0.417;0.415;0.417;3311;0
РГС СК ао;60;20170315;180000;0.417;0.417;0.417;0.417;2;0
РГС СК ао;60;20170316;100000;0.417;0.417;0.415;0.415;1747;0
РГС СК ао;60;20170316;110000;0.415;0.415;0.415;0.415;144;0
РГС СК ао;60;20170316;130000;0.415;0.415;0.415;0.415;500;0
РГС СК ао;60;20170316;140000;0.417;0.417;0.417;0.417;1100;0
РГС СК ао;60;20170316;160000;0.415;0.415;0.415;0.415;16;0
РГС СК ао;60;20170316;170000;0.417;0.417;0.417;0.417;2475;0
РГС СК ао;60;20170316;180000;0.417;0.417;0.417;0.417;7001;0
РГС СК ао;60;20170317;100000;0.415;0.42;0.415;0.42;1992;0
РГС СК ао;60;20170317;120000;0.419;0.419;0.419;0.419;24;0
РГС СК ао;60;20170317;130000;0.42;0.42;0.42;0.42;47;0
РГС СК ао;60;20170317;150000;0.42;0.42;0.418;0.418;1916;0
РГС СК ао;60;20170317;160000;0.419;0.419;0.417;0.417;5394;0
РГС СК ао;60;20170317;170000;0.418;0.419;0.418;0.418;3590;0
РГС СК ао;60;20170317;180000;0.419;0.419;0.419;0.419;1;0
РГС СК ао;60;20170320;100000;0.417;0.419;0.417;0.419;183;0
РГС СК ао;60;20170320;110000;0.419;0.419;0.418;0.418;6;0
РГС СК ао;60;20170320;120000;0.418;0.418;0.418;0.418;1205;0
РГС СК ао;60;20170320;130000;0.418;0.418;0.418;0.418;451;0
РГС СК ао;60;20170320;150000;0.418;0.418;0.418;0.418;1590;0
РГС СК ао;60;20170320;160000;0.419;0.419;0.419;0.419;30;0
РГС СК ао;60;20170320;170000;0.418;0.418;0.418;0.418;3923;0
РГС СК ао;60;20170320;180000;0.418;0.419;0.418;0.419;4820;0
РГС СК ао;60;20170321;100000;0.42;0.42;0.416;0.416;800;0
РГС СК ао;60;20170321;110000;0.416;0.417;0.416;0.417;28;0
РГС СК ао;60;20170321;120000;0.416;0.416;0.416;0.416;1;0
РГС СК ао;60;20170321;130000;0.416;0.417;0.416;0.417;710;0
РГС СК ао;60;20170321;140000;0.416;0.417;0.416;0.417;501;0
РГС СК ао;60;20170321;150000;0.416;0.417;0.416;0.417;712;0
РГС СК ао;60;20170321;160000;0.416;0.418;0.416;0.418;1660;0
РГС СК ао;60;20170321;170000;0.418;0.418;0.416;0.416;7855;0
РГС СК ао;60;20170321;180000;0.416;0.417;0.41;0.41;621;0
РГС СК ао;60;20170322;100000;0.415;0.415;0.413;0.413;708;0
РГС СК ао;60;20170322;110000;0.414;0.415;0.414;0.415;10;0
РГС СК ао;60;20170322;120000;0.414;0.415;0.414;0.415;2;0
РГС СК ао;60;20170322;130000;0.414;0.414;0.413;0.413;1402;0
РГС СК ао;60;20170322;140000;0.414;0.414;0.413;0.413;90;0
РГС СК ао;60;20170322;150000;0.414;0.414;0.412;0.414;3397;0
РГС СК ао;60;20170322;160000;0.413;0.414;0.413;0.414;453;0
РГС СК ао;60;20170322;170000;0.415;0.415;0.411;0.411;7129;0
РГС СК ао;60;20170322;180000;0.411;0.413;0.41;0.412;576;0
РГС СК ао;60;20170323;100000;0.413;0.416;0.411;0.415;833;0
РГС СК ао;60;20170323;110000;0.415;0.415;0.411;0.411;3416;0
РГС СК ао;60;20170323;120000;0.411;0.413;0.411;0.411;666;0
РГС СК ао;60;20170323;130000;0.413;0.413;0.411;0.413;802;0
РГС СК ао;60;20170323;140000;0.411;0.416;0.411;0.416;2050;0
РГС СК ао;60;20170323;150000;0.415;0.415;0.413;0.415;36;0
РГС СК ао;60;20170323;160000;0.414;0.415;0.413;0.415;2496;0
РГС СК ао;60;20170323;170000;0.413;0.413;0.411;0.413;3045;0
РГС СК ао;60;20170323;180000;0.413;0.419;0.413;0.419;4;0
РГС СК ао;60;20170324;100000;0.413;0.413;0.411;0.413;46;0
РГС СК ао;60;20170324;110000;0.412;0.412;0.412;0.412;1001;0
РГС СК ао;60;20170324;120000;0.412;0.412;0.412;0.412;2212;0
РГС СК ао;60;20170324;130000;0.412;0.415;0.411;0.415;873;0
РГС СК ао;60;20170324;140000;0.416;0.417;0.413;0.416;3217;0
РГС СК ао;60;20170324;150000;0.417;0.418;0.417;0.418;1873;0
РГС СК ао;60;20170324;160000;0.418;0.418;0.416;0.418;3373;0
РГС СК ао;60;20170324;170000;0.417;0.418;0.416;0.418;2015;0
РГС СК ао;60;20170324;180000;0.418;0.418;0.411;0.416;8393;0
РГС СК ао;60;20170327;090000;0.416;0.416;0.416;0.416;1;0
РГС СК ао;60;20170327;100000;0.416;0.416;0.41;0.413;565;0
РГС СК ао;60;20170327;110000;0.412;0.415;0.412;0.415;2113;0
РГС СК ао;60;20170327;120000;0.414;0.415;0.413;0.415;4;0
РГС СК ао;60;20170327;130000;0.414;0.414;0.414;0.414;1;0
РГС СК ао;60;20170327;150000;0.412;0.414;0.412;0.413;1612;0
РГС СК ао;60;20170327;160000;0.412;0.413;0.412;0.412;2706;0
РГС СК ао;60;20170327;170000;0.412;0.413;0.412;0.413;5066;0
РГС СК ао;60;20170327;180000;0.413;0.413;0.405;0.405;1257;0
РГС СК ао;60;20170328;090000;0.401;0.401;0.401;0.401;1;0
РГС СК ао;60;20170328;100000;0.413;0.418;0.413;0.415;1321;0
РГС СК ао;60;20170328;110000;0.415;0.416;0.415;0.416;2;0
РГС СК ао;60;20170328;120000;0.415;0.415;0.415;0.415;57;0
РГС СК ао;60;20170328;130000;0.415;0.417;0.415;0.417;2353;0
РГС СК ао;60;20170328;140000;0.415;0.415;0.415;0.415;885;0
РГС СК ао;60;20170328;150000;0.416;0.416;0.413;0.414;102;0
РГС СК ао;60;20170328;160000;0.413;0.414;0.413;0.413;503;0
РГС СК ао;60;20170328;170000;0.413;0.413;0.412;0.412;6330;0
РГС СК ао;60;20170328;180000;0.412;0.414;0.411;0.411;1558;0
РГС СК ао;60;20170329;100000;0.412;0.414;0.411;0.414;440;0
РГС СК ао;60;20170329;110000;0.412;0.414;0.411;0.414;925;0
РГС СК ао;60;20170329;120000;0.414;0.414;0.411;0.414;4888;0
РГС СК ао;60;20170329;140000;0.414;0.415;0.414;0.414;431;0
РГС СК ао;60;20170329;160000;0.414;0.416;0.412;0.414;2916;0
РГС СК ао;60;20170329;170000;0.413;0.414;0.413;0.414;2789;0
РГС СК ао;60;20170330;090000;0.417;0.417;0.417;0.417;2;0
РГС СК ао;60;20170330;100000;0.414;0.414;0.411;0.414;859;0
РГС СК ао;60;20170330;110000;0.413;0.414;0.411;0.414;635;0
РГС СК ао;60;20170330;130000;0.414;0.415;0.414;0.415;2415;0
РГС СК ао;60;20170330;140000;0.416;0.417;0.414;0.417;16;0
РГС СК ао;60;20170330;150000;0.417;0.417;0.414;0.415;1023;0
РГС СК ао;60;20170330;170000;0.415;0.416;0.415;0.416;2753;0
РГС СК ао;60;20170330;180000;0.416;0.416;0.414;0.414;5352;0
РГС СК ао;60;20170331;090000;0.411;0.411;0.411;0.411;1;0
РГС СК ао;60;20170331;100000;0.414;0.416;0.414;0.416;145;0
РГС СК ао;60;20170331;110000;0.416;0.417;0.416;0.416;2622;0
РГС СК ао;60;20170331;120000;0.416;0.416;0.415;0.416;1807;0
РГС СК ао;60;20170331;130000;0.416;0.417;0.414;0.414;620;0
РГС СК ао;60;20170331;140000;0.415;0.417;0.414;0.417;9;0
РГС СК ао;60;20170331;150000;0.415;0.417;0.414;0.414;3;0
РГС СК ао;60;20170331;170000;0.416;0.416;0.414;0.415;2886;0
РГС СК ао;60;20170331;180000;0.415;0.416;0.412;0.412;4573;0
РГС СК ао;60;20170403;100000;0.417;0.417;0.414;0.416;1517;0
РГС СК ао;60;20170403;110000;0.417;0.417;0.414;0.417;695;0
РГС СК ао;60;20170403;140000;0.416;0.416;0.414;0.414;4;0
РГС СК ао;60;20170403;150000;0.416;0.416;0.416;0.416;2403;0
РГС СК ао;60;20170403;160000;0.415;0.415;0.415;0.415;3;0
РГС СК ао;60;20170403;170000;0.415;0.415;0.414;0.414;2426;0
РГС СК ао;60;20170403;180000;0.414;0.417;0.414;0.416;5852;0
РГС СК ао;60;20170404;100000;0.417;0.418;0.415;0.415;113;0
РГС СК ао;60;20170404;110000;0.416;0.42;0.416;0.418;3164;0
РГС СК ао;60;20170404;120000;0.417;0.417;0.417;0.417;26;0
РГС СК ао;60;20170404;130000;0.418;0.42;0.418;0.418;2415;0
РГС СК ао;60;20170404;140000;0.42;0.42;0.42;0.42;2;0
РГС СК ао;60;20170404;150000;0.419;0.419;0.418;0.418;1451;0
РГС СК ао;60;20170404;160000;0.418;0.42;0.418;0.419;8732;0
РГС СК ао;60;20170405;100000;0.418;0.422;0.418;0.422;2527;0
РГС СК ао;60;20170405;110000;0.422;0.422;0.42;0.422;17;0
РГС СК ао;60;20170405;120000;0.421;0.422;0.421;0.422;6;0
РГС СК ао;60;20170405;130000;0.422;0.425;0.422;0.424;391;0
РГС СК ао;60;20170405;140000;0.423;0.425;0.423;0.425;3;0
РГС СК ао;60;20170405;160000;0.424;0.425;0.424;0.425;20;0
РГС СК ао;60;20170405;170000;0.425;0.425;0.42;0.422;6465;0
РГС СК ао;60;20170405;180000;0.421;0.421;0.418;0.418;3802;0
РГС СК ао;60;20170406;100000;0.421;0.421;0.411;0.416;6610;0
РГС СК ао;60;20170406;110000;0.415;0.42;0.412;0.414;5015;0
РГС СК ао;60;20170406;120000;0.414;0.414;0.414;0.414;13;0
РГС СК ао;60;20170406;130000;0.414;0.414;0.414;0.414;39;0
РГС СК ао;60;20170406;140000;0.414;0.414;0.414;0.414;10;0
РГС СК ао;60;20170406;150000;0.414;0.417;0.413;0.416;2931;0
РГС СК ао;60;20170406;160000;0.415;0.415;0.409;0.413;3585;0
РГС СК ао;60;20170406;170000;0.414;0.415;0.407;0.411;961;0
РГС СК ао;60;20170406;180000;0.411;0.419;0.407;0.419;977;0
РГС СК ао;60;20170407;090000;0.427;0.427;0.427;0.427;1;0
РГС СК ао;60;20170407;100000;0.42;0.42;0.408;0.411;1909;0
РГС СК ао;60;20170407;110000;0.411;0.414;0.411;0.411;768;0
РГС СК ао;60;20170407;130000;0.411;0.415;0.411;0.415;3187;0
РГС СК ао;60;20170407;140000;0.414;0.415;0.413;0.414;27;0
РГС СК ао;60;20170407;150000;0.414;0.415;0.412;0.414;1260;0
РГС СК ао;60;20170407;160000;0.415;0.415;0.412;0.412;3934;0
РГС СК ао;60;20170407;170000;0.413;0.415;0.412;0.412;2425;0
РГС СК ао;60;20170407;180000;0.405;0.405;0.405;0.405;2;0
РГС СК ао;60;20170410;100000;0.413;0.413;0.408;0.409;728;0
РГС СК ао;60;20170410;110000;0.408;0.414;0.408;0.408;2746;0
РГС СК ао;60;20170410;120000;0.409;0.411;0.408;0.409;7;0
РГС СК ао;60;20170410;130000;0.41;0.411;0.409;0.409;44;0
РГС СК ао;60;20170410;150000;0.41;0.411;0.409;0.411;1396;0
РГС СК ао;60;20170410;160000;0.41;0.413;0.41;0.41;232;0
РГС СК ао;60;20170410;170000;0.411;0.412;0.411;0.412;4183;0
РГС СК ао;60;20170410;180000;0.411;0.422;0.411;0.422;4325;0
РГС СК ао;60;20170411;100000;0.405;0.414;0.405;0.412;4496;0
РГС СК ао;60;20170411;110000;0.412;0.412;0.412;0.412;51;0
РГС СК ао;60;20170411;120000;0.412;0.412;0.409;0.409;338;0
РГС СК ао;60;20170411;130000;0.41;0.41;0.41;0.41;51;0
РГС СК ао;60;20170411;140000;0.41;0.41;0.41;0.41;551;0
РГС СК ао;60;20170411;150000;0.412;0.413;0.411;0.413;3148;0
РГС СК ао;60;20170411;160000;0.412;0.412;0.409;0.409;443;0
РГС СК ао;60;20170411;170000;0.41;0.412;0.41;0.412;3;0
РГС СК ао;60;20170411;180000;0.412;0.415;0.405;0.405;4869;0
РГС СК ао;60;20170412;100000;0.414;0.417;0.412;0.412;234;0
РГС СК ао;60;20170412;110000;0.413;0.413;0.412;0.412;2423;0
РГС СК ао;60;20170412;120000;0.411;0.411;0.411;0.411;3;0
РГС СК ао;60;20170412;130000;0.411;0.411;0.411;0.411;86;0
РГС СК ао;60;20170412;140000;0.411;0.414;0.411;0.414;43;0
РГС СК ао;60;20170412;150000;0.411;0.414;0.411;0.414;1208;0
РГС СК ао;60;20170412;160000;0.413;0.415;0.411;0.411;2228;0
РГС СК ао;60;20170412;170000;0.412;0.416;0.411;0.415;7028;0
РГС СК ао;60;20170412;180000;0.415;0.415;0.405;0.405;53;0
РГС СК ао;60;20170413;100000;0.415;0.415;0.412;0.412;242;0
РГС СК ао;60;20170413;110000;0.412;0.413;0.411;0.411;2510;0
РГС СК ао;60;20170413;120000;0.411;0.411;0.411;0.411;2;0
РГС СК ао;60;20170413;130000;0.411;0.411;0.411;0.411;5;0
РГС СК ао;60;20170413;160000;0.412;0.414;0.412;0.414;4126;0
РГС СК ао;60;20170413;170000;0.411;0.415;0.411;0.414;16404;0
РГС СК ао;60;20170413;180000;0.415;0.415;0.415;0.415;2799;0
РГС СК ао;60;20170414;100000;0.414;0.417;0.414;0.416;3090;0
РГС СК ао;60;20170414;120000;0.415;0.415;0.414;0.414;24;0
РГС СК ао;60;20170414;130000;0.414;0.414;0.412;0.412;97;0
РГС СК ао;60;20170414;150000;0.412;0.412;0.412;0.412;1;0
РГС СК ао;60;20170414;160000;0.413;0.414;0.411;0.414;29817;0
РГС СК ао;60;20170414;170000;0.414;0.418;0.414;0.416;8409;0
РГС СК ао;60;20170414;180000;0.417;0.417;0.414;0.414;4;0
РГС СК ао;60;20170417;100000;0.41;0.417;0.41;0.417;2182;0
РГС СК ао;60;20170417;110000;0.416;0.416;0.414;0.414;6;0
РГС СК ао;60;20170417;140000;0.416;0.416;0.416;0.416;375;0
РГС СК ао;60;20170417;150000;0.418;0.419;0.418;0.419;25;0
РГС СК ао;60;20170417;160000;0.419;0.419;0.416;0.419;6283;0
РГС СК ао;60;20170417;170000;0.417;0.417;0.417;0.417;3597;0
РГС СК ао;60;20170417;180000;0.419;0.419;0.417;0.418;5992;0
РГС СК ао;60;20170418;100000;0.418;0.42;0.417;0.419;7256;0
РГС СК ао;60;20170418;110000;0.419;0.419;0.416;0.417;647;0
РГС СК ао;60;20170418;120000;0.417;0.417;0.417;0.417;11;0
РГС СК ао;60;20170418;130000;0.417;0.417;0.414;0.414;388;0
РГС СК ао;60;20170418;140000;0.414;0.415;0.414;0.414;2506;0
РГС СК ао;60;20170418;160000;0.415;0.416;0.415;0.416;1751;0
РГС СК ао;60;20170418;170000;0.415;0.419;0.415;0.418;6378;0
РГС СК ао;60;20170418;180000;0.418;0.419;0.418;0.418;834;0
РГС СК ао;60;20170419;100000;0.418;0.418;0.415;0.418;5206;0
РГС СК ао;60;20170419;110000;0.415;0.417;0.415;0.417;57;0
РГС СК ао;60;20170419;120000;0.416;0.416;0.412;0.412;900;0
РГС СК ао;60;20170419;130000;0.413;0.414;0.413;0.414;6;0
РГС СК ао;60;20170419;140000;0.413;0.415;0.413;0.415;3;0
РГС СК ао;60;20170419;150000;0.413;0.414;0.413;0.414;1833;0
РГС СК ао;60;20170419;160000;0.412;0.415;0.412;0.414;8390;0
РГС СК ао;60;20170419;170000;0.414;0.414;0.413;0.413;314;0
РГС СК ао;60;20170419;180000;0.413;0.415;0.412;0.415;263;0
РГС СК ао;60;20170420;090000;0.415;0.415;0.415;0.415;12;0
РГС СК ао;60;20170420;100000;0.413;0.414;0.41;0.41;618;0
РГС СК ао;60;20170420;110000;0.409;0.411;0.409;0.41;4119;0
РГС СК ао;60;20170420;150000;0.411;0.411;0.411;0.411;625;0
РГС СК ао;60;20170420;160000;0.412;0.413;0.412;0.413;2435;0
РГС СК ао;60;20170420;170000;0.413;0.413;0.412;0.412;5835;0
РГС СК ао;60;20170420;180000;0.413;0.415;0.413;0.415;2997;0
РГС СК ао;60;20170421;100000;0.415;0.415;0.413;0.413;453;0
РГС СК ао;60;20170421;110000;0.413;0.415;0.413;0.415;4635;0
РГС СК ао;60;20170421;130000;0.413;0.415;0.413;0.415;101;0
РГС СК ао;60;20170421;140000;0.415;0.415;0.415;0.415;10;0
РГС СК ао;60;20170421;150000;0.415;0.417;0.415;0.416;3928;0
РГС СК ао;60;20170421;160000;0.415;0.417;0.415;0.415;3058;0
РГС СК ао;60;20170421;170000;0.414;0.417;0.414;0.416;2405;0
РГС СК ао;60;20170421;180000;0.416;0.417;0.403;0.403;164;0
РГС СК ао;60;20170424;100000;0.416;0.418;0.416;0.418;131;0
РГС СК ао;60;20170424;110000;0.417;0.419;0.417;0.417;30;0
РГС СК ао;60;20170424;120000;0.418;0.419;0.417;0.419;1980;0
РГС СК ао;60;20170424;130000;0.417;0.417;0.417;0.417;1;0
РГС СК ао;60;20170424;140000;0.419;0.419;0.419;0.419;3581;0
РГС СК ао;60;20170424;150000;0.419;0.419;0.419;0.419;1;0
РГС СК ао;60;20170424;160000;0.418;0.419;0.418;0.419;15;0
РГС СК ао;60;20170424;170000;0.419;0.419;0.416;0.416;2665;0
РГС СК ао;60;20170424;180000;0.416;0.417;0.415;0.415;5651;0
РГС СК ао;60;20170425;090000;0.41;0.41;0.41;0.41;1;0
РГС СК ао;60;20170425;100000;0.415;0.417;0.413;0.417;142;0
РГС СК ао;60;20170425;110000;0.417;0.419;0.417;0.418;9826;0
РГС СК ао;60;20170425;120000;0.419;0.419;0.417;0.419;60;0
РГС СК ао;60;20170425;130000;0.418;0.418;0.416;0.416;1722;0
РГС СК ао;60;20170425;140000;0.416;0.417;0.415;0.415;2832;0
РГС СК ао;60;20170425;160000;0.416;0.417;0.415;0.415;4926;0
РГС СК ао;60;20170425;170000;0.416;0.416;0.416;0.416;2643;0
РГС СК ао;60;20170425;180000;0.414;0.414;0.414;0.414;2;0
РГС СК ао;60;20170426;090000;0.41;0.41;0.41;0.41;1;0
РГС СК ао;60;20170426;100000;0.417;0.417;0.415;0.415;144;0
РГС СК ао;60;20170426;110000;0.417;0.418;0.415;0.417;2651;0
РГС СК ао;60;20170426;120000;0.415;0.417;0.415;0.417;95;0
РГС СК ао;60;20170426;160000;0.417;0.419;0.416;0.419;3801;0
РГС СК ао;60;20170426;170000;0.419;0.419;0.417;0.418;6501;0
РГС СК ао;60;20170426;180000;0.419;0.419;0.415;0.415;1182;0
РГС СК ао;60;20170427;090000;0.412;0.412;0.412;0.412;1;0
РГС СК ао;60;20170427;100000;0.419;0.419;0.415;0.415;433;0
РГС СК ао;60;20170427;110000;0.416;0.419;0.415;0.419;5125;0
РГС СК ао;60;20170427;120000;0.417;0.419;0.416;0.419;4;0
РГС СК ао;60;20170427;140000;0.416;0.419;0.416;0.419;32;0
РГС СК ао;60;20170427;150000;0.417;0.419;0.416;0.419;3618;0
РГС СК ао;60;20170427;170000;0.419;0.419;0.418;0.418;4540;0
РГС СК ао;60;20170427;180000;0.419;0.419;0.419;0.419;1;0
РГС СК ао;60;20170428;100000;0.418;0.418;0.416;0.416;228;0
РГС СК ао;60;20170428;110000;0.416;0.419;0.416;0.417;1764;0
РГС СК ао;60;20170428;120000;0.417;0.417;0.417;0.417;15;0
РГС СК ао;60;20170428;130000;0.416;0.417;0.416;0.417;3667;0
РГС СК ао;60;20170428;140000;0.416;0.417;0.416;0.417;20;0
РГС СК ао;60;20170428;150000;0.417;0.417;0.417;0.417;5;0
РГС СК ао;60;20170428;160000;0.417;0.417;0.417;0.417;1;0
РГС СК ао;60;20170428;170000;0.417;0.42;0.416;0.418;6892;0
РГС СК ао;60;20170428;180000;0.416;0.418;0.415;0.417;19;0
РГС СК ао;60;20170502;100000;0.416;0.418;0.415;0.418;1321;0
РГС СК ао;60;20170502;120000;0.417;0.418;0.417;0.418;953;0
РГС СК ао;60;20170502;130000;0.416;0.416;0.416;0.416;1;0
РГС СК ао;60;20170502;140000;0.417;0.418;0.417;0.418;6;0
РГС СК ао;60;20170502;160000;0.417;0.417;0.416;0.416;16;0
РГС СК ао;60;20170502;170000;0.416;0.42;0.416;0.42;13798;0
РГС СК ао;60;20170502;180000;0.419;0.42;0.418;0.42;9;0
РГС СК ао;60;20170503;100000;0.419;0.419;0.412;0.413;1131;0
РГС СК ао;60;20170503;110000;0.413;0.413;0.409;0.41;687;0
РГС СК ао;60;20170503;120000;0.41;0.411;0.41;0.411;4;0
РГС СК ао;60;20170503;140000;0.412;0.417;0.412;0.416;826;0
РГС СК ао;60;20170503;150000;0.418;0.42;0.417;0.417;8042;0
РГС СК ао;60;20170503;160000;0.419;0.42;0.419;0.42;214;0
РГС СК ао;60;20170503;170000;0.419;0.419;0.419;0.419;1;0
РГС СК ао;60;20170504;100000;0.418;0.418;0.415;0.415;350;0
РГС СК ао;60;20170504;110000;0.415;0.417;0.415;0.417;406;0
РГС СК ао;60;20170504;120000;0.416;0.416;0.414;0.415;1025;0
РГС СК ао;60;20170504;130000;0.415;0.415;0.414;0.414;3;0
РГС СК ао;60;20170504;140000;0.414;0.426;0.414;0.426;5799;0
РГС СК ао;60;20170504;150000;0.426;0.426;0.42;0.42;5527;0
РГС СК ао;60;20170504;170000;0.42;0.42;0.418;0.418;207;0
РГС СК ао;60;20170504;180000;0.419;0.419;0.417;0.417;4;0
РГС СК ао;60;20170505;100000;0.418;0.418;0.414;0.416;540;0
РГС СК ао;60;20170505;110000;0.416;0.417;0.415;0.417;1216;0
РГС СК ао;60;20170505;120000;0.418;0.419;0.417;0.418;15;0
РГС СК ао;60;20170505;140000;0.417;0.417;0.417;0.417;2;0
РГС СК ао;60;20170505;150000;0.418;0.42;0.416;0.416;3317;0
РГС СК ао;60;20170505;160000;0.418;0.418;0.418;0.418;8;0
РГС СК ао;60;20170505;170000;0.419;0.42;0.419;0.419;6156;0
РГС СК ао;60;20170505;180000;0.419;0.421;0.419;0.419;2908;0
РГС СК ао;60;20170510;100000;0.419;0.419;0.4;0.414;13664;0
РГС СК ао;60;20170510;110000;0.413;0.414;0.413;0.414;9;0
РГС СК ао;60;20170510;120000;0.413;0.414;0.413;0.414;10;0
РГС СК ао;60;20170510;130000;0.415;0.415;0.414;0.414;476;0
РГС СК ао;60;20170510;140000;0.414;0.414;0.414;0.414;4;0
РГС СК ао;60;20170510;160000;0.414;0.414;0.414;0.414;1;0
РГС СК ао;60;20170510;170000;0.413;0.414;0.413;0.414;2;0
РГС СК ао;60;20170510;180000;0.415;0.422;0.415;0.422;3267;0
РГС СК ао;60;20170511;100000;0.42;0.42;0.413;0.415;1660;0
РГС СК ао;60;20170511;120000;0.415;0.424;0.415;0.422;4993;0
РГС СК ао;60;20170511;130000;0.422;0.422;0.422;0.422;50;0
РГС СК ао;60;20170511;150000;0.423;0.423;0.422;0.422;3;0
РГС СК ао;60;20170511;170000;0.422;0.422;0.42;0.42;376;0
РГС СК ао;60;20170511;180000;0.421;0.421;0.421;0.421;1;0
РГС СК ао;60;20170512;090000;0.411;0.411;0.411;0.411;2;0
РГС СК ао;60;20170512;100000;0.42;0.422;0.419;0.419;374;0
РГС СК ао;60;20170512;110000;0.421;0.422;0.421;0.422;4;0
РГС СК ао;60;20170512;120000;0.421;0.421;0.419;0.419;14;0
РГС СК ао;60;20170512;140000;0.419;0.419;0.418;0.418;198;0
РГС СК ао;60;20170512;150000;0.419;0.419;0.417;0.417;23;0
РГС СК ао;60;20170512;160000;0.417;0.418;0.416;0.416;207;0
РГС СК ао;60;20170512;170000;0.417;0.417;0.416;0.416;5;0
РГС СК ао;60;20170512;180000;0.418;0.418;0.412;0.412;11963;0
РГС СК ао;60;20170515;100000;0.418;0.419;0.416;0.416;228;0
РГС СК ао;60;20170515;110000;0.417;0.418;0.416;0.416;5;0
РГС СК ао;60;20170515;120000;0.416;0.416;0.416;0.416;510;0
РГС СК ао;60;20170515;130000;0.417;0.417;0.417;0.417;1;0
РГС СК ао;60;20170515;140000;0.417;0.417;0.416;0.416;29;0
РГС СК ао;60;20170515;150000;0.417;0.419;0.417;0.419;5519;0
РГС СК ао;60;20170515;160000;0.419;0.421;0.419;0.421;3184;0
РГС СК ао;60;20170515;170000;0.42;0.422;0.42;0.42;2968;0
РГС СК ао;60;20170515;180000;0.416;0.416;0.416;0.416;2;0
РГС СК ао;60;20170516;090000;0.412;0.412;0.412;0.412;1;0
РГС СК ао;60;20170516;100000;0.419;0.419;0.417;0.417;240;0
РГС СК ао;60;20170516;110000;0.417;0.417;0.416;0.416;3862;0
РГС СК ао;60;20170516;120000;0.417;0.418;0.416;0.418;9;0
РГС СК ао;60;20170516;130000;0.418;0.419;0.418;0.419;2386;0
РГС СК ао;60;20170516;150000;0.421;0.423;0.421;0.422;2850;0
РГС СК ао;60;20170516;160000;0.421;0.422;0.421;0.422;3239;0
РГС СК ао;60;20170516;170000;0.422;0.423;0.422;0.423;4900;0
РГС СК ао;60;20170516;180000;0.423;0.423;0.41;0.41;12;0
РГС СК ао;60;20170517;100000;0.415;0.422;0.415;0.419;2912;0
РГС СК ао;60;20170517;110000;0.418;0.418;0.418;0.418;3;0
РГС СК ао;60;20170517;130000;0.42;0.42;0.42;0.42;10;0
РГС СК ао;60;20170517;140000;0.42;0.42;0.42;0.42;90;0
РГС СК ао;60;20170517;150000;0.42;0.42;0.419;0.42;33;0
РГС СК ао;60;20170517;160000;0.419;0.42;0.419;0.42;9;0
РГС СК ао;60;20170517;170000;0.42;0.42;0.42;0.42;219;0
РГС СК ао;60;20170518;100000;0.42;0.42;0.419;0.42;218;0
РГС СК ао;60;20170518;110000;0.418;0.42;0.418;0.42;1178;0
РГС СК ао;60;20170518;130000;0.418;0.418;0.417;0.417;594;0
РГС СК ао;60;20170518;140000;0.419;0.419;0.419;0.419;1;0
РГС СК ао;60;20170518;170000;0.418;0.419;0.418;0.419;7554;0
РГС СК ао;60;20170518;180000;0.42;0.42;0.419;0.419;4236;0
РГС СК ао;60;20170519;100000;0.42;0.422;0.419;0.422;3686;0
РГС СК ао;60;20170519;110000;0.422;0.422;0.422;0.422;609;0
РГС СК ао;60;20170519;120000;0.425;0.425;0.425;0.425;100;0
РГС СК ао;60;20170519;160000;0.423;0.424;0.423;0.423;3903;0
РГС СК ао;60;20170519;170000;0.423;0.424;0.423;0.424;7083;0
РГС СК ао;60;20170522;100000;0.422;0.425;0.422;0.425;843;0
РГС СК ао;60;20170522;110000;0.425;0.425;0.425;0.425;15;0
РГС СК ао;60;20170522;160000;0.422;0.425;0.422;0.425;8375;0
РГС СК ао;60;20170522;180000;0.426;0.431;0.424;0.431;1269;0
РГС СК ао;60;20170523;100000;0.423;0.426;0.423;0.425;932;0
РГС СК ао;60;20170523;110000;0.426;0.426;0.426;0.426;7;0
РГС СК ао;60;20170523;150000;0.426;0.426;0.426;0.426;19;0
РГС СК ао;60;20170523;170000;0.424;0.424;0.422;0.422;12845;0
РГС СК ао;60;20170523;180000;0.421;0.435;0.421;0.435;2324;0
РГС СК ао;60;20170524;090000;0.427;0.427;0.427;0.427;1;0
РГС СК ао;60;20170524;100000;0.425;0.425;0.422;0.425;673;0
РГС СК ао;60;20170524;110000;0.424;0.425;0.424;0.425;648;0
РГС СК ао;60;20170524;120000;0.424;0.424;0.424;0.424;1;0
РГС СК ао;60;20170524;130000;0.424;0.425;0.424;0.425;17;0
РГС СК ао;60;20170524;140000;0.425;0.425;0.425;0.425;1;0
РГС СК ао;60;20170524;150000;0.424;0.424;0.424;0.424;3;0
РГС СК ао;60;20170524;160000;0.423;0.425;0.423;0.425;11;0
РГС СК ао;60;20170524;170000;0.425;0.429;0.423;0.427;11394;0
РГС СК ао;60;20170524;180000;0.43;0.43;0.426;0.426;4;0
РГС СК ао;60;20170525;100000;0.425;0.429;0.424;0.427;1432;0
РГС СК ао;60;20170525;110000;0.425;0.426;0.425;0.426;3;0
РГС СК ао;60;20170525;120000;0.425;0.425;0.425;0.425;1;0
РГС СК ао;60;20170525;130000;0.426;0.427;0.425;0.425;3;0
РГС СК ао;60;20170525;140000;0.427;0.427;0.425;0.426;2649;0
РГС СК ао;60;20170525;150000;0.426;0.427;0.426;0.427;9427;0
РГС СК ао;60;20170525;180000;0.427;0.435;0.426;0.435;12;0
РГС СК ао;60;20170526;090000;0.435;0.435;0.435;0.435;1;0
РГС СК ао;60;20170526;100000;0.427;0.427;0.425;0.425;37;0
РГС СК ао;60;20170526;110000;0.424;0.424;0.424;0.424;589;0
РГС СК ао;60;20170526;130000;0.423;0.426;0.423;0.424;7792;0
РГС СК ао;60;20170526;140000;0.424;0.426;0.423;0.426;4804;0
РГС СК ао;60;20170526;170000;0.426;0.426;0.426;0.426;2;0
РГС СК ао;60;20170526;180000;0.432;0.432;0.432;0.432;2;0
РГС СК ао;60;20170529;100000;0.424;0.426;0.423;0.424;98;0
РГС СК ао;60;20170529;110000;0.423;0.423;0.423;0.423;2626;0
РГС СК ао;60;20170529;120000;0.422;0.423;0.422;0.423;111;0
РГС СК ао;60;20170529;140000;0.423;0.423;0.423;0.423;2;0
РГС СК ао;60;20170529;150000;0.423;0.426;0.421;0.423;1925;0
РГС СК ао;60;20170529;170000;0.422;0.425;0.42;0.423;7295;0
РГС СК ао;60;20170529;180000;0.423;0.425;0.416;0.416;2920;0
РГС СК ао;60;20170530;100000;0.411;0.42;0.411;0.42;10861;0
РГС СК ао;60;20170530;110000;0.419;0.42;0.419;0.42;2394;0
РГС СК ао;60;20170530;130000;0.42;0.42;0.42;0.42;6;0
РГС СК ао;60;20170530;140000;0.42;0.42;0.419;0.42;16;0
РГС СК ао;60;20170530;150000;0.418;0.419;0.417;0.418;386;0
РГС СК ао;60;20170530;160000;0.417;0.419;0.417;0.419;1473;0
РГС СК ао;60;20170530;170000;0.419;0.419;0.417;0.417;1491;0
РГС СК ао;60;20170530;180000;0.417;0.417;0.414;0.416;505;0
РГС СК ао;60;20170531;090000;0.414;0.414;0.414;0.414;2;0
РГС СК ао;60;20170531;100000;0.415;0.418;0.415;0.416;231;0
РГС СК ао;60;20170531;110000;0.415;0.415;0.415;0.415;9897;0
РГС СК ао;60;20170531;150000;0.414;0.415;0.414;0.415;1948;0
РГС СК ао;60;20170531;160000;0.416;0.418;0.416;0.418;2;0
РГС СК ао;60;20170531;170000;0.417;0.428;0.415;0.425;2934;0
РГС СК ао;60;20170531;180000;0.426;0.428;0.426;0.427;6929;0
РГС СК ао;60;20170601;090000;0.42;0.42;0.42;0.42;2;0
РГС СК ао;60;20170601;100000;0.426;0.426;0.423;0.423;1051;0
РГС СК ао;60;20170601;110000;0.423;0.423;0.422;0.422;7964;0
РГС СК ао;60;20170601;130000;0.422;0.422;0.421;0.421;48;0
РГС СК ао;60;20170601;160000;0.423;0.428;0.423;0.428;4053;0
РГС СК ао;60;20170601;170000;0.426;0.426;0.426;0.426;2876;0
РГС СК ао;60;20170601;180000;0.428;0.428;0.426;0.426;3756;0
РГС СК ао;60;20170602;090000;0.42;0.42;0.42;0.42;2;0
РГС СК ао;60;20170602;100000;0.426;0.426;0.424;0.424;244;0
РГС СК ао;60;20170602;110000;0.424;0.426;0.424;0.426;6778;0
РГС СК ао;60;20170602;120000;0.424;0.424;0.424;0.424;1;0
РГС СК ао;60;20170602;130000;0.425;0.425;0.424;0.424;1625;0
РГС СК ао;60;20170602;140000;0.425;0.425;0.422;0.422;1496;0
РГС СК ао;60;20170602;150000;0.421;0.426;0.421;0.424;157;0
РГС СК ао;60;20170602;160000;0.424;0.425;0.424;0.425;2508;0
РГС СК ао;60;20170602;170000;0.425;0.426;0.425;0.426;5877;0
РГС СК ао;60;20170602;180000;0.427;0.427;0.42;0.42;3;0
РГС СК ао;60;20170605;100000;0.425;0.425;0.423;0.423;4696;0
РГС СК ао;60;20170605;110000;0.425;0.425;0.423;0.423;473;0
РГС СК ао;60;20170605;170000;0.424;0.425;0.424;0.425;3143;0
РГС СК ао;60;20170605;180000;0.424;0.424;0.423;0.423;4031;0
РГС СК ао;60;20170606;100000;0.423;0.423;0.423;0.423;59;0
РГС СК ао;60;20170606;110000;0.422;0.422;0.422;0.422;2;0
РГС СК ао;60;20170606;120000;0.422;0.422;0.422;0.422;5945;0
РГС СК ао;60;20170606;140000;0.422;0.422;0.42;0.42;751;0
РГС СК ао;60;20170606;160000;0.42;0.42;0.42;0.42;1;0
РГС СК ао;60;20170606;170000;0.42;0.426;0.418;0.426;953;0
РГС СК ао;60;20170606;180000;0.425;0.433;0.423;0.43;14690;0
РГС СК ао;60;20170607;100000;0.428;0.43;0.428;0.428;1135;0
РГС СК ао;60;20170607;120000;0.429;0.43;0.426;0.426;5536;0
РГС СК ао;60;20170607;150000;0.426;0.426;0.425;0.425;876;0
РГС СК ао;60;20170607;170000;0.427;0.428;0.424;0.428;8259;0
РГС СК ао;60;20170607;180000;0.429;0.429;0.42;0.42;1869;0
РГС СК ао;60;20170608;090000;0.42;0.42;0.42;0.42;1;0
РГС СК ао;60;20170608;100000;0.428;0.428;0.426;0.426;404;0
РГС СК ао;60;20170608;110000;0.425;0.427;0.425;0.425;4652;0
РГС СК ао;60;20170608;130000;0.426;0.426;0.425;0.425;4;0
РГС СК ао;60;20170608;140000;0.426;0.429;0.426;0.429;7389;0
РГС СК ао;60;20170608;150000;0.429;0.429;0.428;0.429;686;0
РГС СК ао;60;20170608;160000;0.428;0.432;0.428;0.432;5118;0
РГС СК ао;60;20170608;180000;0.432;0.433;0.421;0.421;4;0
РГС СК ао;60;20170609;100000;0.428;0.428;0.426;0.426;484;0
РГС СК ао;60;20170609;110000;0.428;0.428;0.425;0.425;3379;0
РГС СК ао;60;20170609;140000;0.425;0.425;0.425;0.425;42;0
РГС СК ао;60;20170609;160000;0.427;0.429;0.427;0.429;3658;0
РГС СК ао;60;20170609;170000;0.428;0.433;0.428;0.431;7909;0
РГС СК ао;60;20170609;180000;0.432;0.432;0.432;0.432;1;0
РГС СК ао;60;20170613;100000;0.43;0.431;0.428;0.428;161;0
РГС СК ао;60;20170613;120000;0.428;0.428;0.427;0.427;585;0
РГС СК ао;60;20170613;150000;0.428;0.43;0.428;0.43;3593;0
РГС СК ао;60;20170613;170000;0.429;0.43;0.429;0.43;7889;0
РГС СК ао;60;20170613;180000;0.43;0.43;0.427;0.43;38;0
РГС СК ао;60;20170614;090000;0.432;0.432;0.432;0.432;1;0
РГС СК ао;60;20170614;100000;0.429;0.43;0.428;0.43;111;0
РГС СК ао;60;20170614;110000;0.429;0.432;0.419;0.422;2207;0
РГС СК ао;60;20170614;120000;0.421;0.424;0.417;0.424;1829;0
РГС СК ао;60;20170614;140000;0.423;0.424;0.422;0.424;6;0
РГС СК ао;60;20170614;150000;0.424;0.428;0.424;0.428;4788;0
РГС СК ао;60;20170614;160000;0.428;0.428;0.428;0.428;1;0
РГС СК ао;60;20170614;170000;0.427;0.428;0.427;0.427;4086;0
РГС СК ао;60;20170614;180000;0.43;0.43;0.43;0.43;5;0
РГС СК ао;60;20170615;090000;0.425;0.425;0.425;0.425;201;0
РГС СК ао;60;20170615;100000;0.425;0.425;0.423;0.425;944;0
РГС СК ао;60;20170615;110000;0.424;0.425;0.423;0.425;2651;0
РГС СК ао;60;20170615;120000;0.423;0.423;0.418;0.419;936;0
РГС СК ао;60;20170615;130000;0.418;0.418;0.418;0.418;3;0
РГС СК ао;60;20170615;150000;0.418;0.419;0.418;0.419;8;0
РГС СК ао;60;20170615;160000;0.42;0.42;0.42;0.42;266;0
РГС СК ао;60;20170615;170000;0.421;0.421;0.421;0.421;179;0
РГС СК ао;60;20170615;180000;0.423;0.426;0.423;0.423;7114;0
РГС СК ао;60;20170616;100000;0.427;0.427;0.421;0.423;1704;0
РГС СК ао;60;20170616;110000;0.422;0.424;0.421;0.424;2265;0
РГС СК ао;60;20170616;140000;0.425;0.426;0.425;0.426;1354;0
РГС СК ао;60;20170616;170000;0.424;0.424;0.424;0.424;453;0
РГС СК ао;60;20170616;180000;0.421;0.428;0.421;0.428;6332;0
РГС СК ао;60;20170619;100000;0.426;0.426;0.421;0.421;2050;0
РГС СК ао;60;20170619;110000;0.421;0.423;0.421;0.423;1103;0
РГС СК ао;60;20170619;120000;0.422;0.423;0.422;0.423;4;0
РГС СК ао;60;20170619;150000;0.422;0.423;0.422;0.423;2;0
РГС СК ао;60;20170619;160000;0.426;0.426;0.426;0.426;1368;0
РГС СК ао;60;20170619;170000;0.426;0.427;0.425;0.425;8777;0
РГС СК ао;60;20170619;180000;0.425;0.428;0.425;0.428;596;0
РГС СК ао;60;20170620;090000;0.43;0.43;0.43;0.43;1;0
РГС СК ао;60;20170620;100000;0.425;0.425;0.422;0.423;1353;0
РГС СК ао;60;20170620;110000;0.421;0.423;0.421;0.423;70;0
РГС СК ао;60;20170620;130000;0.422;0.422;0.419;0.422;769;0
РГС СК ао;60;20170620;140000;0.425;0.425;0.425;0.425;3110;0
РГС СК ао;60;20170620;150000;0.425;0.426;0.425;0.426;1390;0
РГС СК ао;60;20170620;160000;0.425;0.425;0.424;0.425;4177;0
РГС СК ао;60;20170620;170000;0.425;0.425;0.425;0.425;1411;0
РГС СК ао;60;20170620;180000;0.425;0.425;0.425;0.425;1;0
РГС СК ао;60;20170621;100000;0.423;0.423;0.421;0.421;359;0
РГС СК ао;60;20170621;110000;0.42;0.42;0.42;0.42;731;0
РГС СК ао;60;20170621;120000;0.42;0.421;0.42;0.421;4;0
РГС СК ао;60;20170621;130000;0.421;0.421;0.42;0.42;9;0
РГС СК ао;60;20170621;150000;0.421;0.425;0.421;0.423;3682;0
РГС СК ао;60;20170621;160000;0.424;0.424;0.423;0.423;1887;0
РГС СК ао;60;20170621;180000;0.424;0.426;0.423;0.424;6085;0
РГС СК ао;60;20170622;090000;0.422;0.422;0.422;0.422;2;0
РГС СК ао;60;20170622;100000;0.424;0.424;0.422;0.422;457;0
РГС СК ао;60;20170622;110000;0.422;0.423;0.421;0.421;874;0
РГС СК ао;60;20170622;120000;0.421;0.421;0.421;0.421;1;0
РГС СК ао;60;20170622;130000;0.421;0.424;0.421;0.422;1794;0
РГС СК ао;60;20170622;140000;0.423;0.423;0.423;0.423;2;0
РГС СК ао;60;20170622;150000;0.424;0.425;0.423;0.424;1598;0
РГС СК ао;60;20170622;170000;0.425;0.426;0.424;0.425;5322;0
РГС СК ао;60;20170622;180000;0.426;0.427;0.425;0.427;2347;0
РГС СК ао;60;20170623;100000;0.424;0.424;0.421;0.421;1411;0
РГС СК ао;60;20170623;110000;0.422;0.422;0.421;0.421;3;0
РГС СК ао;60;20170623;120000;0.422;0.424;0.422;0.423;1553;0
РГС СК ао;60;20170623;130000;0.423;0.425;0.423;0.423;1348;0
РГС СК ао;60;20170623;140000;0.424;0.427;0.424;0.425;4959;0
РГС СК ао;60;20170623;150000;0.426;0.426;0.423;0.423;3182;0
РГС СК ао;60;20170623;180000;0.424;0.424;0.418;0.418;4;0
РГС СК ао;60;20170626;100000;0.422;0.423;0.422;0.422;3767;0
РГС СК ао;60;20170626;110000;0.424;0.425;0.424;0.425;3;0
РГС СК ао;60;20170626;150000;0.423;0.425;0.423;0.425;476;0
РГС СК ао;60;20170626;160000;0.425;0.431;0.425;0.431;2629;0
РГС СК ао;60;20170626;170000;0.431;0.432;0.431;0.432;6622;0
РГС СК ао;60;20170626;180000;0.428;0.428;0.428;0.428;3;0
РГС СК ао;60;20170627;100000;0.429;0.429;0.428;0.428;821;0
РГС СК ао;60;20170627;110000;0.428;0.428;0.428;0.428;375;0
РГС СК ао;60;20170627;130000;0.428;0.432;0.428;0.432;2743;0
РГС СК ао;60;20170627;160000;0.432;0.432;0.432;0.432;3465;0
РГС СК ао;60;20170627;170000;0.433;0.434;0.433;0.434;5613;0
РГС СК ао;60;20170628;100000;0.432;0.432;0.43;0.43;605;0
РГС СК ао;60;20170628;110000;0.43;0.432;0.43;0.432;5;0
РГС СК ао;60;20170628;130000;0.432;0.432;0.432;0.432;375;0
РГС СК ао;60;20170628;140000;0.433;0.433;0.43;0.43;1164;0
РГС СК ао;60;20170628;150000;0.43;0.43;0.428;0.428;2632;0
РГС СК ао;60;20170628;160000;0.428;0.428;0.427;0.427;814;0
РГС СК ао;60;20170628;170000;0.427;0.427;0.427;0.427;3860;0
РГС СК ао;60;20170628;180000;0.426;0.427;0.422;0.427;6038;0
РГС СК ао;60;20170629;090000;0.432;0.432;0.432;0.432;1;0
РГС СК ао;60;20170629;100000;0.429;0.43;0.423;0.423;3628;0
РГС СК ао;60;20170629;110000;0.423;0.423;0.422;0.422;123;0
РГС СК ао;60;20170629;130000;0.422;0.422;0.422;0.422;279;0
РГС СК ао;60;20170629;150000;0.424;0.425;0.424;0.425;5;0
РГС СК ао;60;20170629;160000;0.425;0.425;0.425;0.425;2;0
РГС СК ао;60;20170629;170000;0.425;0.425;0.424;0.425;7193;0
РГС СК ао;60;20170629;180000;0.425;0.427;0.425;0.426;3082;0
РГС СК ао;60;20170630;090000;0.428;0.428;0.428;0.428;200;0
РГС СК ао;60;20170630;100000;0.424;0.424;0.421;0.421;917;0
РГС СК ао;60;20170630;110000;0.421;0.421;0.421;0.421;237;0
РГС СК ао;60;20170630;120000;0.421;0.421;0.421;0.421;385;0
РГС СК ао;60;20170630;150000;0.422;0.422;0.422;0.422;57;0
РГС СК ао;60;20170630;160000;0.421;0.421;0.421;0.421;65;0
РГС СК ао;60;20170630;170000;0.42;0.42;0.42;0.42;110;0
РГС СК ао;60;20170630;180000;0.42;0.421;0.42;0.42;11643;0
РГС СК ао;60;20170703;100000;0.419;0.423;0.419;0.419;2415;0
РГС СК ао;60;20170703;110000;0.419;0.419;0.419;0.419;2;0
РГС СК ао;60;20170703;130000;0.42;0.42;0.42;0.42;11;0
РГС СК ао;60;20170703;140000;0.419;0.419;0.419;0.419;1;0
РГС СК ао;60;20170703;170000;0.42;0.42;0.42;0.42;102;0
РГС СК ао;60;20170703;180000;0.42;0.42;0.418;0.418;9582;0
РГС СК ао;60;20170704;100000;0.417;0.417;0.416;0.416;2003;0
РГС СК ао;60;20170704;110000;0.416;0.416;0.416;0.416;33;0
РГС СК ао;60;20170704;130000;0.416;0.416;0.415;0.415;4481;0
РГС СК ао;60;20170704;150000;0.416;0.416;0.415;0.415;13;0
РГС СК ао;60;20170704;160000;0.416;0.416;0.416;0.416;375;0
РГС СК ао;60;20170704;180000;0.416;0.416;0.416;0.416;1;0
РГС СК ао;60;20170705;100000;0.416;0.416;0.416;0.416;633;0
РГС СК ао;60;20170705;110000;0.416;0.416;0.416;0.416;15;0
РГС СК ао;60;20170705;120000;0.416;0.416;0.414;0.414;516;0
РГС СК ао;60;20170705;130000;0.413;0.413;0.413;0.413;55;0
РГС СК ао;60;20170705;140000;0.413;0.414;0.413;0.414;2878;0
РГС СК ао;60;20170705;150000;0.414;0.415;0.414;0.414;3200;0
РГС СК ао;60;20170705;160000;0.414;0.414;0.413;0.413;3440;0
РГС СК ао;60;20170705;170000;0.415;0.417;0.415;0.415;1724;0
РГС СК ао;60;20170705;180000;0.415;0.415;0.413;0.415;5557;0
РГС СК ао;60;20170706;100000;0.413;0.415;0.413;0.414;1782;0
РГС СК ао;60;20170706;120000;0.414;0.414;0.412;0.412;2121;0
РГС СК ао;60;20170706;130000;0.412;0.413;0.407;0.413;11022;0
РГС СК ао;60;20170706;170000;0.412;0.412;0.41;0.41;144;0
РГС СК ао;60;20170706;180000;0.41;0.415;0.41;0.415;5203;0
РГС СК ао;60;20170707;100000;0.417;0.418;0.415;0.418;1458;0
РГС СК ао;60;20170707;110000;0.418;0.418;0.414;0.414;5036;0
РГС СК ао;60;20170707;140000;0.412;0.412;0.412;0.412;9;0
РГС СК ао;60;20170707;160000;0.412;0.412;0.403;0.411;5690;0
РГС СК ао;60;20170707;170000;0.411;0.414;0.411;0.413;4018;0
РГС СК ао;60;20170707;180000;0.413;0.413;0.413;0.413;1151;0
РГС СК ао;60;20170710;100000;0.416;0.416;0.415;0.415;246;0
РГС СК ао;60;20170710;110000;0.413;0.413;0.413;0.413;282;0
РГС СК ао;60;20170710;120000;0.412;0.412;0.412;0.412;4;0
РГС СК ао;60;20170710;140000;0.412;0.412;0.412;0.412;263;0
РГС СК ао;60;20170710;160000;0.411;0.411;0.411;0.411;502;0
РГС СК ао;60;20170710;170000;0.411;0.411;0.411;0.411;875;0
РГС СК ао;60;20170710;180000;0.411;0.413;0.411;0.413;20286;0
РГС СК ао;60;20170711;100000;0.413;0.413;0.41;0.41;2304;0
РГС СК ао;60;20170711;110000;0.411;0.411;0.411;0.411;1;0
РГС СК ао;60;20170711;130000;0.411;0.411;0.411;0.411;809;0
РГС СК ао;60;20170711;140000;0.411;0.411;0.411;0.411;503;0
РГС СК ао;60;20170711;150000;0.411;0.411;0.41;0.41;3350;0
РГС СК ао;60;20170711;160000;0.41;0.41;0.408;0.408;7299;0
РГС СК ао;60;20170711;170000;0.407;0.407;0.406;0.407;374;0
РГС СК ао;60;20170711;180000;0.407;0.413;0.407;0.413;7575;0
РГС СК ао;60;20170712;100000;0.413;0.413;0.409;0.412;4083;0
РГС СК ао;60;20170712;110000;0.41;0.41;0.41;0.41;495;0
РГС СК ао;60;20170712;130000;0.409;0.409;0.408;0.408;4684;0
РГС СК ао;60;20170712;140000;0.408;0.41;0.408;0.41;616;0
РГС СК ао;60;20170712;150000;0.414;0.414;0.414;0.414;2415;0
РГС СК ао;60;20170712;160000;0.414;0.414;0.413;0.413;3630;0
РГС СК ао;60;20170712;170000;0.415;0.415;0.415;0.415;871;0
РГС СК ао;60;20170712;180000;0.413;0.415;0.412;0.415;571;0
РГС СК ао;60;20170713;100000;0.415;0.416;0.415;0.416;738;0
РГС СК ао;60;20170713;130000;0.413;0.413;0.413;0.413;196;0
РГС СК ао;60;20170713;140000;0.415;0.415;0.415;0.415;38;0
РГС СК ао;60;20170713;150000;0.415;0.415;0.414;0.414;5958;0
РГС СК ао;60;20170713;160000;0.416;0.416;0.416;0.416;272;0
РГС СК ао;60;20170713;170000;0.415;0.415;0.414;0.414;5068;0
РГС СК ао;60;20170713;180000;0.416;0.416;0.415;0.415;2;0
РГС СК ао;60;20170714;100000;0.413;0.413;0.413;0.413;185;0
РГС СК ао;60;20170714;110000;0.416;0.416;0.416;0.416;48;0
РГС СК ао;60;20170714;120000;0.415;0.415;0.414;0.414;2190;0
РГС СК ао;60;20170714;150000;0.415;0.419;0.415;0.419;2111;0
РГС СК ао;60;20170714;160000;0.419;0.432;0.419;0.432;3338;0
РГС СК ао;60;20170714;170000;0.433;0.433;0.426;0.426;2994;0
РГС СК ао;60;20170714;180000;0.426;0.427;0.423;0.423;1142;0
РГС СК ао;60;20170717;100000;0.426;0.426;0.426;0.426;395;0
РГС СК ао;60;20170717;110000;0.425;0.425;0.425;0.425;20;0
РГС СК ао;60;20170717;120000;0.426;0.427;0.425;0.425;22;0
РГС СК ао;60;20170717;130000;0.425;0.425;0.424;0.424;243;0
РГС СК ао;60;20170717;150000;0.424;0.426;0.424;0.425;5242;0
РГС СК ао;60;20170717;160000;0.425;0.425;0.424;0.425;1287;0
РГС СК ао;60;20170717;180000;0.425;0.43;0.425;0.43;1991;0
РГС СК ао;60;20170718;110000;0.43;0.43;0.43;0.43;833;0
РГС СК ао;60;20170718;130000;0.429;0.429;0.422;0.422;753;0
РГС СК ао;60;20170718;140000;0.424;0.424;0.421;0.421;22;0
РГС СК ао;60;20170718;150000;0.421;0.421;0.421;0.421;55;0
РГС СК ао;60;20170718;160000;0.421;0.421;0.421;0.421;5;0
РГС СК ао;60;20170718;170000;0.422;0.435;0.422;0.435;9197;0
РГС СК ао;60;20170718;180000;0.435;0.435;0.435;0.435;2;0
РГС СК ао;60;20170719;090000;0.43;0.43;0.43;0.43;2;0
РГС СК ао;60;20170719;100000;0.434;0.434;0.431;0.431;110;0
РГС СК ао;60;20170719;120000;0.432;0.435;0.432;0.432;4976;0
РГС СК ао;60;20170719;130000;0.434;0.435;0.432;0.432;3475;0
РГС СК ао;60;20170719;140000;0.432;0.432;0.432;0.432;38;0
РГС СК ао;60;20170719;150000;0.432;0.432;0.432;0.432;349;0
РГС СК ао;60;20170719;160000;0.432;0.432;0.43;0.43;3;0
РГС СК ао;60;20170719;180000;0.43;0.43;0.426;0.426;3002;0
РГС СК ао;60;20170720;100000;0.429;0.435;0.429;0.435;87;0
РГС СК ао;60;20170720;110000;0.435;0.435;0.434;0.434;51;0
РГС СК ао;60;20170720;120000;0.43;0.432;0.43;0.432;3;0
РГС СК ао;60;20170720;130000;0.432;0.433;0.43;0.431;5117;0
РГС СК ао;60;20170720;140000;0.431;0.431;0.429;0.429;645;0
РГС СК ао;60;20170720;150000;0.429;0.429;0.429;0.429;317;0
РГС СК ао;60;20170720;160000;0.427;0.427;0.427;0.427;2;0
РГС СК ао;60;20170720;170000;0.428;0.43;0.428;0.43;5832;0
РГС СК ао;60;20170720;180000;0.432;0.432;0.432;0.432;1;0
РГС СК ао;60;20170721;100000;0.43;0.43;0.43;0.43;495;0
РГС СК ао;60;20170721;120000;0.432;0.432;0.431;0.431;1106;0
РГС СК ао;60;20170721;150000;0.435;0.435;0.433;0.435;1161;0
РГС СК ао;60;20170721;160000;0.434;0.434;0.434;0.434;1511;0
РГС СК ао;60;20170721;170000;0.434;0.434;0.432;0.432;7573;0
РГС СК ао;60;20170721;180000;0.434;0.434;0.432;0.432;13;0
РГС СК ао;60;20170724;100000;0.431;0.431;0.43;0.43;533;0
РГС СК ао;60;20170724;130000;0.431;0.431;0.431;0.431;375;0
РГС СК ао;60;20170724;140000;0.432;0.433;0.431;0.431;3703;0
РГС СК ао;60;20170724;150000;0.432;0.433;0.432;0.433;3393;0
РГС СК ао;60;20170724;160000;0.431;0.431;0.431;0.431;25;0
РГС СК ао;60;20170724;170000;0.432;0.434;0.432;0.433;4742;0
РГС СК ао;60;20170724;180000;0.435;0.435;0.435;0.435;50;0
РГС СК ао;60;20170725;090000;0.43;0.43;0.43;0.43;1;0
РГС СК ао;60;20170725;100000;0.432;0.434;0.431;0.431;2966;0
РГС СК ао;60;20170725;140000;0.431;0.433;0.431;0.431;4626;0
РГС СК ао;60;20170725;150000;0.431;0.431;0.431;0.431;10;0
РГС СК ао;60;20170725;170000;0.432;0.433;0.431;0.433;6926;0
РГС СК ао;60;20170725;180000;0.431;0.434;0.43;0.43;3;0
РГС СК ао;60;20170726;100000;0.432;0.432;0.432;0.432;500;0
РГС СК ао;60;20170726;110000;0.432;0.433;0.432;0.433;709;0
РГС СК ао;60;20170726;120000;0.433;0.433;0.433;0.433;4863;0
РГС СК ао;60;20170726;130000;0.433;0.433;0.433;0.433;989;0
РГС СК ао;60;20170726;140000;0.433;0.433;0.433;0.433;1224;0
РГС СК ао;60;20170726;150000;0.434;0.434;0.433;0.433;2191;0
РГС СК ао;60;20170726;160000;0.433;0.433;0.432;0.433;700;0
РГС СК ао;60;20170726;170000;0.433;0.433;0.433;0.433;568;0
РГС СК ао;60;20170726;180000;0.435;0.435;0.435;0.435;1;0
РГС СК ао;60;20170727;100000;0.432;0.432;0.43;0.43;623;0
РГС СК ао;60;20170727;120000;0.431;0.432;0.431;0.431;3818;0
РГС СК ао;60;20170727;130000;0.431;0.431;0.431;0.431;440;0
РГС СК ао;60;20170727;140000;0.433;0.433;0.433;0.433;2309;0
РГС СК ао;60;20170727;160000;0.431;0.431;0.431;0.431;376;0
РГС СК ао;60;20170727;170000;0.433;0.434;0.432;0.434;2842;0
РГС СК ао;60;20170727;180000;0.434;0.435;0.434;0.435;1229;0
РГС СК ао;60;20170728;100000;0.433;0.433;0.43;0.43;379;0
РГС СК ао;60;20170728;120000;0.431;0.431;0.431;0.431;3;0
РГС СК ао;60;20170728;130000;0.431;0.432;0.431;0.432;958;0
РГС СК ао;60;20170728;140000;0.432;0.433;0.431;0.432;1383;0
РГС СК ао;60;20170728;160000;0.432;0.434;0.431;0.431;3665;0
РГС СК ао;60;20170728;170000;0.433;0.434;0.432;0.433;5717;0
РГС СК ао;60;20170728;180000;0.434;0.434;0.434;0.434;1;0
РГС СК ао;60;20170731;100000;0.434;0.434;0.431;0.431;568;0
РГС СК ао;60;20170731;110000;0.433;0.434;0.433;0.434;4274;0
РГС СК ао;60;20170731;130000;0.433;0.433;0.431;0.431;1406;0
РГС СК ао;60;20170731;140000;0.432;0.433;0.432;0.433;2359;0
РГС СК ао;60;20170731;150000;0.431;0.431;0.431;0.431;8;0
РГС СК ао;60;20170731;170000;0.432;0.435;0.432;0.435;4669;0
РГС СК ао;60;20170731;180000;0.435;0.435;0.435;0.435;5;0
РГС СК ао;60;20170801;100000;0.432;0.432;0.432;0.432;691;0
РГС СК ао;60;20170801;110000;0.432;0.433;0.432;0.433;3;0
РГС СК ао;60;20170801;150000;0.433;0.435;0.433;0.434;2649;0
РГС СК ао;60;20170801;160000;0.434;0.435;0.432;0.435;2093;0
РГС СК ао;60;20170801;170000;0.433;0.435;0.432;0.434;412;0
РГС СК ао;60;20170801;180000;0.434;0.436;0.431;0.436;6093;0
РГС СК ао;60;20170802;100000;0.431;0.433;0.428;0.429;3879;0
РГС СК ао;60;20170802;110000;0.429;0.429;0.429;0.429;39;0
РГС СК ао;60;20170802;130000;0.429;0.429;0.429;0.429;1;0
РГС СК ао;60;20170802;140000;0.429;0.429;0.428;0.428;12;0
РГС СК ао;60;20170802;150000;0.429;0.435;0.428;0.43;4553;0
РГС СК ао;60;20170802;160000;0.43;0.43;0.43;0.43;1751;0
РГС СК ао;60;20170802;170000;0.429;0.43;0.429;0.43;2580;0
РГС СК ао;60;20170802;180000;0.43;0.43;0.43;0.43;1;0
РГС СК ао;60;20170803;090000;0.434;0.434;0.434;0.434;1;0
РГС СК ао;60;20170803;100000;0.428;0.435;0.428;0.434;401;0
РГС СК ао;60;20170803;110000;0.43;0.431;0.43;0.431;1761;0
РГС СК ао;60;20170803;130000;0.43;0.43;0.429;0.429;321;0
РГС СК ао;60;20170803;140000;0.429;0.431;0.429;0.431;2098;0
РГС СК ао;60;20170803;150000;0.43;0.431;0.429;0.431;2573;0
РГС СК ао;60;20170803;170000;0.43;0.431;0.43;0.431;3296;0
РГС СК ао;60;20170803;180000;0.43;0.435;0.429;0.435;1676;0
РГС СК ао;60;20170804;100000;0.44;0.44;0.429;0.434;249;0
РГС СК ао;60;20170804;110000;0.433;0.434;0.433;0.434;104;0
РГС СК ао;60;20170804;130000;0.433;0.434;0.431;0.431;503;0
РГС СК ао;60;20170804;160000;0.43;0.435;0.429;0.429;6427;0
РГС СК ао;60;20170804;170000;0.429;0.429;0.428;0.428;1113;0
РГС СК ао;60;20170804;180000;0.429;0.438;0.429;0.438;2198;0
РГС СК ао;60;20170807;100000;0.44;0.44;0.43;0.43;473;0
РГС СК ао;60;20170807;110000;0.43;0.43;0.429;0.43;18;0
РГС СК ао;60;20170807;130000;0.429;0.429;0.429;0.429;41;0
РГС СК ао;60;20170807;140000;0.431;0.431;0.431;0.431;2;0
РГС СК ао;60;20170807;150000;0.431;0.434;0.431;0.433;11208;0
РГС СК ао;60;20170807;160000;0.432;0.433;0.432;0.433;235;0
РГС СК ао;60;20170807;170000;0.434;0.434;0.433;0.433;4;0
РГС СК ао;60;20170807;180000;0.438;0.438;0.438;0.438;2;0
РГС СК ао;60;20170808;100000;0.431;0.431;0.43;0.43;231;0
РГС СК ао;60;20170808;110000;0.43;0.43;0.429;0.429;706;0
РГС СК ао;60;20170808;120000;0.429;0.43;0.429;0.43;21;0
РГС СК ао;60;20170808;130000;0.43;0.43;0.43;0.43;3;0
РГС СК ао;60;20170808;140000;0.433;0.433;0.432;0.432;4586;0
РГС СК ао;60;20170808;150000;0.432;0.433;0.432;0.433;4531;0
РГС СК ао;60;20170808;160000;0.433;0.433;0.432;0.432;1635;0
РГС СК ао;60;20170808;170000;0.433;0.433;0.433;0.433;1;0
РГС СК ао;60;20170808;180000;0.433;0.433;0.433;0.433;4;0
РГС СК ао;60;20170809;100000;0.432;0.433;0.43;0.43;403;0
РГС СК ао;60;20170809;110000;0.429;0.429;0.429;0.429;13;0
РГС СК ао;60;20170809;140000;0.43;0.433;0.43;0.432;4333;0
РГС СК ао;60;20170809;150000;0.433;0.438;0.433;0.438;4131;0
РГС СК ао;60;20170809;160000;0.438;0.438;0.438;0.438;3403;0
РГС СК ао;60;20170809;180000;0.438;0.438;0.438;0.438;22;0
РГС СК ао;60;20170810;100000;0.437;0.437;0.432;0.433;6168;0
РГС СК ао;60;20170810;110000;0.433;0.436;0.431;0.433;2007;0
РГС СК ао;60;20170810;130000;0.435;0.435;0.429;0.429;438;0
РГС СК ао;60;20170810;150000;0.433;0.433;0.433;0.433;3;0
РГС СК ао;60;20170810;170000;0.433;0.433;0.433;0.433;317;0
РГС СК ао;60;20170810;180000;0.432;0.433;0.432;0.433;386;0
РГС СК ао;60;20170811;090000;0.43;0.43;0.43;0.43;1;0
РГС СК ао;60;20170811;100000;0.433;0.434;0.433;0.433;546;0
РГС СК ао;60;20170811;110000;0.431;0.431;0.431;0.431;690;0
РГС СК ао;60;20170811;120000;0.43;0.43;0.43;0.43;1;0
РГС СК ао;60;20170811;140000;0.43;0.43;0.429;0.429;81;0
РГС СК ао;60;20170811;180000;0.43;0.43;0.43;0.43;1;0
РГС СК ао;60;20170814;100000;0.43;0.436;0.429;0.429;2111;0
РГС СК ао;60;20170814;110000;0.43;0.433;0.43;0.43;1505;0
РГС СК ао;60;20170814;120000;0.431;0.431;0.431;0.431;1;0
РГС СК ао;60;20170814;150000;0.43;0.43;0.43;0.43;1;0
РГС СК ао;60;20170814;180000;0.432;0.432;0.43;0.43;2;0
РГС СК ао;60;20170815;090000;0.429;0.429;0.429;0.429;1;0
РГС СК ао;60;20170815;100000;0.432;0.432;0.428;0.428;217;0
РГС СК ао;60;20170815;110000;0.429;0.429;0.429;0.429;1;0
РГС СК ао;60;20170815;120000;0.429;0.429;0.428;0.428;3;0
РГС СК ао;60;20170815;130000;0.428;0.428;0.428;0.428;3;0
РГС СК ао;60;20170815;140000;0.43;0.436;0.43;0.43;3242;0
РГС СК ао;60;20170815;150000;0.432;0.432;0.43;0.43;2;0
РГС СК ао;60;20170815;170000;0.431;0.433;0.431;0.431;503;0
РГС СК ао;60;20170815;180000;0.431;0.431;0.429;0.43;504;0
РГС СК ао;60;20170816;100000;0.429;0.429;0.428;0.428;321;0
РГС СК ао;60;20170816;120000;0.429;0.429;0.429;0.429;422;0
РГС СК ао;60;20170816;170000;0.429;0.429;0.429;0.429;14;0
РГС СК ао;60;20170816;180000;0.429;0.433;0.429;0.433;5714293;0
РГС СК ао;60;20170817;090000;0.435;0.435;0.435;0.435;1;0
РГС СК ао;60;20170817;100000;0.431;0.433;0.428;0.432;478;0
РГС СК ао;60;20170817;110000;0.432;0.433;0.432;0.433;3;0
РГС СК ао;60;20170817;120000;0.433;0.433;0.433;0.433;1;0
РГС СК ао;60;20170817;130000;0.432;0.432;0.428;0.428;370;0
РГС СК ао;60;20170817;140000;0.428;0.428;0.428;0.428;2;0
РГС СК ао;60;20170817;150000;0.428;0.428;0.405;0.41;17921;0
РГС СК ао;60;20170817;160000;0.41;0.41;0.408;0.41;4469;0
РГС СК ао;60;20170817;170000;0.41;0.41;0.409;0.41;2440;0
РГС СК ао;60;20170817;180000;0.41;0.424;0.407;0.42;5025;0
РГС СК ао;60;20170818;090000;0.424;0.424;0.424;0.424;1;0
РГС СК ао;60;20170818;100000;0.41;0.41;0.389;0.394;13229;0
РГС СК ао;60;20170818;110000;0.392;0.396;0.391;0.393;1965;0
РГС СК ао;60;20170818;120000;0.394;0.4;0.384;0.391;17319;0
РГС СК ао;60;20170818;130000;0.391;0.401;0.386;0.389;4995;0
РГС СК ао;60;20170818;140000;0.389;0.396;0.389;0.389;9431;0
РГС СК ао;60;20170818;150000;0.389;0.389;0.389;0.389;778;0
РГС СК ао;60;20170818;160000;0.389;0.389;0.387;0.389;711;0
РГС СК ао;60;20170818;170000;0.389;0.398;0.384;0.393;117745;0
РГС СК ао;60;20170818;180000;0.393;0.396;0.38;0.38;1416816;0
РГС СК ао;60;20170821;100000;0.381;0.391;0.377;0.379;5485;0
РГС СК ао;60;20170821;110000;0.38;0.381;0.377;0.379;215;0
РГС СК ао;60;20170821;140000;0.38;0.385;0.38;0.383;1723;0
РГС СК ао;60;20170821;150000;0.383;0.383;0.383;0.383;1;0
РГС СК ао;60;20170821;160000;0.383;0.385;0.383;0.385;1396;0
РГС СК ао;60;20170821;170000;0.385;0.385;0.385;0.385;107;0
РГС СК ао;60;20170821;180000;0.385;0.41;0.385;0.405;4360;0
РГС СК ао;60;20170822;090000;0.405;0.405;0.405;0.405;1;0
РГС СК ао;60;20170822;100000;0.386;0.397;0.384;0.397;1479;0
РГС СК ао;60;20170822;110000;0.399;0.399;0.39;0.39;651;0
РГС СК ао;60;20170822;120000;0.394;0.4;0.394;0.397;620;0
РГС СК ао;60;20170822;130000;0.397;0.397;0.391;0.391;1853;0
РГС СК ао;60;20170822;140000;0.391;0.394;0.38;0.385;2345;0
РГС СК ао;60;20170822;150000;0.385;0.386;0.383;0.383;14;0
РГС СК ао;60;20170822;160000;0.383;0.386;0.383;0.386;395;0
РГС СК ао;60;20170822;170000;0.385;0.385;0.383;0.383;110;0
РГС СК ао;60;20170822;180000;0.383;0.383;0.38;0.38;364;0
РГС СК ао;60;20170823;090000;0.395;0.395;0.395;0.395;3;0
РГС СК ао;60;20170823;100000;0.383;0.383;0.38;0.381;607;0
РГС СК ао;60;20170823;110000;0.38;0.381;0.38;0.38;384;0
РГС СК ао;60;20170823;120000;0.38;0.38;0.38;0.38;1;0
РГС СК ао;60;20170823;130000;0.38;0.38;0.38;0.38;1;0
РГС СК ао;60;20170823;140000;0.38;0.382;0.38;0.382;98;0
РГС СК ао;60;20170823;150000;0.379;0.379;0.372;0.374;405;0
РГС СК ао;60;20170823;160000;0.372;0.373;0.371;0.373;248;0
РГС СК ао;60;20170823;170000;0.373;0.373;0.366;0.371;383;0
РГС СК ао;60;20170823;180000;0.371;0.373;0.371;0.373;103;0
РГС СК ао;60;20170824;100000;0.38;0.38;0.366;0.374;1515;0
РГС СК ао;60;20170824;110000;0.369;0.369;0.365;0.366;532;0
РГС СК ао;60;20170824;120000;0.365;0.365;0.359;0.362;317;0
РГС СК ао;60;20170824;130000;0.36;0.36;0.35;0.354;1141;0
РГС СК ао;60;20170824;140000;0.356;0.358;0.35;0.351;78;0
РГС СК ао;60;20170824;150000;0.351;0.365;0.351;0.365;1588;0
РГС СК ао;60;20170824;160000;0.365;0.365;0.358;0.358;125;0
РГС СК ао;60;20170824;170000;0.364;0.364;0.364;0.364;3;0
РГС СК ао;60;20170824;180000;0.364;0.364;0.357;0.364;264;0
РГС СК ао;60;20170825;100000;0.365;0.384;0.364;0.365;47;0
РГС СК ао;60;20170825;110000;0.364;0.365;0.364;0.365;1519;0
РГС СК ао;60;20170825;120000;0.365;0.404;0.365;0.4;3732;0
РГС СК ао;60;20170825;130000;0.4;0.401;0.397;0.4;1297;0
РГС СК ао;60;20170825;140000;0.4;0.401;0.4;0.4;609;0
РГС СК ао;60;20170825;150000;0.4;0.4;0.364;0.364;3065;0
РГС СК ао;60;20170825;160000;0.365;0.366;0.364;0.364;947;0
РГС СК ао;60;20170825;170000;0.364;0.364;0.36;0.36;144;0
РГС СК ао;60;20170825;180000;0.364;0.364;0.36;0.362;914;0
РГС СК ао;60;20170828;100000;0.37;0.371;0.359;0.363;128;0
РГС СК ао;60;20170828;110000;0.363;0.38;0.363;0.38;2077;0
РГС СК ао;60;20170828;120000;0.38;0.385;0.38;0.384;530;0
РГС СК ао;60;20170828;130000;0.384;0.384;0.378;0.38;431;0
РГС СК ао;60;20170828;140000;0.384;0.385;0.373;0.379;304;0
РГС СК ао;60;20170828;150000;0.379;0.381;0.379;0.381;155;0
РГС СК ао;60;20170828;160000;0.379;0.379;0.379;0.379;10;0
РГС СК ао;60;20170828;170000;0.381;0.383;0.381;0.383;217;0
РГС СК ао;60;20170828;180000;0.382;0.382;0.377;0.377;176;0
РГС СК ао;60;20170829;100000;0.375;0.382;0.374;0.374;351;0
РГС СК ао;60;20170829;110000;0.379;0.379;0.371;0.371;45;0
РГС СК ао;60;20170829;120000;0.377;0.377;0.376;0.376;3;0
РГС СК ао;60;20170829;130000;0.372;0.372;0.372;0.372;233;0
РГС СК ао;60;20170829;140000;0.372;0.376;0.372;0.376;43;0
РГС СК ао;60;20170829;150000;0.373;0.373;0.372;0.372;22;0
РГС СК ао;60;20170829;160000;0.376;0.38;0.373;0.373;2059;0
РГС СК ао;60;20170829;170000;0.377;0.378;0.377;0.378;4;0
РГС СК ао;60;20170829;180000;0.379;0.38;0.375;0.379;38;0
РГС СК ао;60;20170830;100000;0.375;0.387;0.375;0.38;1186;0
РГС СК ао;60;20170830;110000;0.382;0.386;0.382;0.386;66;0
РГС СК ао;60;20170830;120000;0.384;0.384;0.379;0.379;5;0
РГС СК ао;60;20170830;130000;0.384;0.384;0.384;0.384;2;0
РГС СК ао;60;20170830;160000;0.385;0.385;0.385;0.385;6;0
РГС СК ао;60;20170830;170000;0.386;0.386;0.386;0.386;40;0
РГС СК ао;60;20170830;180000;0.386;0.394;0.386;0.394;127;0
РГС СК ао;60;20170831;100000;0.381;0.386;0.381;0.385;24;0
РГС СК ао;60;20170831;110000;0.388;0.39;0.388;0.39;2;0
РГС СК ао;60;20170831;120000;0.392;0.393;0.392;0.393;11;0
РГС СК ао;60;20170831;130000;0.392;0.393;0.392;0.393;110;0
РГС СК ао;60;20170831;140000;0.394;0.394;0.387;0.394;16;0
РГС СК ао;60;20170831;150000;0.393;0.393;0.387;0.387;44;0
РГС СК ао;60;20170831;160000;0.39;0.39;0.386;0.386;14;0
РГС СК ао;60;20170831;170000;0.386;0.387;0.383;0.387;593;0
РГС СК ао;60;20170831;180000;0.386;0.386;0.379;0.379;83;0
РГС СК ао;60;20170901;100000;0.386;0.388;0.382;0.386;57;0
РГС СК ао;60;20170901;110000;0.382;0.382;0.381;0.381;17;0
РГС СК ао;60;20170901;120000;0.386;0.386;0.386;0.386;1;0
РГС СК ао;60;20170901;130000;0.382;0.385;0.38;0.38;60;0
РГС СК ао;60;20170901;140000;0.382;0.385;0.382;0.385;53;0
РГС СК ао;60;20170901;150000;0.381;0.382;0.38;0.382;13;0
РГС СК ао;60;20170901;160000;0.381;0.381;0.38;0.38;6;0
РГС СК ао;60;20170901;180000;0.38;0.38;0.379;0.379;19;0
РГС СК ао;60;20170904;100000;0.391;0.391;0.375;0.383;127;0
РГС СК ао;60;20170904;110000;0.384;0.384;0.382;0.382;15;0
РГС СК ао;60;20170904;120000;0.375;0.382;0.373;0.375;648;0
РГС СК ао;60;20170904;150000;0.375;0.375;0.375;0.375;28;0
РГС СК ао;60;20170904;170000;0.374;0.374;0.374;0.374;1;0
РГС СК ао;60;20170904;180000;0.374;0.374;0.374;0.374;5;0
РГС СК ао;60;20170905;100000;0.378;0.378;0.376;0.376;38;0
РГС СК ао;60;20170905;110000;0.376;0.376;0.376;0.376;1;0
РГС СК ао;60;20170905;120000;0.375;0.377;0.375;0.377;31;0
РГС СК ао;60;20170905;140000;0.377;0.377;0.366;0.372;560;0
РГС СК ао;60;20170905;150000;0.368;0.368;0.368;0.368;1;0
РГС СК ао;60;20170905;160000;0.368;0.372;0.368;0.372;45;0
РГС СК ао;60;20170905;170000;0.371;0.375;0.368;0.368;570;0
РГС СК ао;60;20170905;180000;0.368;0.371;0.365;0.365;524;0
РГС СК ао;60;20170906;100000;0.366;0.366;0.366;0.366;3;0
РГС СК ао;60;20170906;120000;0.367;0.368;0.367;0.368;6;0
РГС СК ао;60;20170906;140000;0.368;0.368;0.368;0.368;28;0
РГС СК ао;60;20170906;150000;0.369;0.369;0.369;0.369;14;0
РГС СК ао;60;20170906;160000;0.368;0.369;0.367;0.367;377;0
РГС СК ао;60;20170906;170000;0.372;0.379;0.372;0.379;541;0
РГС СК ао;60;20170906;180000;0.373;0.383;0.37;0.383;488;0
РГС СК ао;60;20170907;120000;0.376;0.376;0.376;0.376;1;0
РГС СК ао;60;20170907;130000;0.377;0.377;0.377;0.377;13;0
РГС СК ао;60;20170907;140000;0.377;0.377;0.377;0.377;5;0
РГС СК ао;60;20170907;150000;0.374;0.375;0.37;0.371;45;0
РГС СК ао;60;20170907;160000;0.375;0.375;0.375;0.375;2;0
РГС СК ао;60;20170907;170000;0.376;0.376;0.376;0.376;1;0
РГС СК ао;60;20170907;180000;0.372;0.372;0.366;0.372;380;0
РГС СК ао;60;20170908;100000;0.371;0.371;0.371;0.371;1;0
РГС СК ао;60;20170908;110000;0.369;0.375;0.369;0.369;13;0
РГС СК ао;60;20170908;120000;0.369;0.369;0.368;0.369;8;0
РГС СК ао;60;20170908;130000;0.368;0.368;0.368;0.368;1;0
РГС СК ао;60;20170908;140000;0.372;0.376;0.37;0.37;118;0
РГС СК ао;60;20170908;150000;0.37;0.37;0.37;0.37;2;0
РГС СК ао;60;20170908;160000;0.371;0.376;0.371;0.376;21;0
РГС СК ао;60;20170908;170000;0.372;0.374;0.369;0.372;253;0
РГС СК ао;60;20170908;180000;0.372;0.375;0.372;0.374;4;0
РГС СК ао;60;20170911;140000;0.374;0.376;0.369;0.369;336;0
РГС СК ао;60;20170911;150000;0.375;0.376;0.37;0.37;5;0
РГС СК ао;60;20170911;160000;0.369;0.376;0.369;0.376;25;0
РГС СК ао;60;20170911;170000;0.376;0.376;0.376;0.376;1;0
РГС СК ао;60;20170911;180000;0.374;0.374;0.374;0.374;1;0
РГС СК ао;60;20170912;090000;0.376;0.376;0.376;0.376;1;0
РГС СК ао;60;20170912;100000;0.377;0.385;0.376;0.377;303;0
РГС СК ао;60;20170912;110000;0.377;0.377;0.376;0.376;2;0
РГС СК ао;60;20170912;120000;0.379;0.379;0.375;0.375;71;0
РГС СК ао;60;20170912;140000;0.375;0.375;0.375;0.375;1;0
РГС СК ао;60;20170912;160000;0.377;0.383;0.37;0.37;2489;0
РГС СК ао;60;20170912;170000;0.371;0.374;0.371;0.372;406;0
РГС СК ао;60;20170912;180000;0.37;0.37;0.368;0.368;164;0
РГС СК ао;60;20170913;100000;0.371;0.38;0.371;0.374;26;0
РГС СК ао;60;20170913;110000;0.376;0.376;0.376;0.376;4;0
РГС СК ао;60;20170913;120000;0.376;0.376;0.376;0.376;14;0
РГС СК ао;60;20170913;140000;0.373;0.373;0.368;0.368;375;0
РГС СК ао;60;20170913;150000;0.371;0.372;0.371;0.372;41;0
РГС СК ао;60;20170913;170000;0.37;0.37;0.368;0.368;20;0
РГС СК ао;60;20170913;180000;0.368;0.375;0.368;0.368;1434;0
РГС СК ао;60;20170914;100000;0.371;0.378;0.37;0.378;1409;0
РГС СК ао;60;20170914;110000;0.374;0.374;0.368;0.368;1205;0
РГС СК ао;60;20170914;120000;0.371;0.372;0.365;0.365;471;0
РГС СК ао;60;20170914;130000;0.37;0.372;0.365;0.365;2149;0
РГС СК ао;60;20170914;140000;0.368;0.369;0.366;0.366;16;0
РГС СК ао;60;20170914;150000;0.366;0.366;0.366;0.366;153;0
РГС СК ао;60;20170914;160000;0.367;0.37;0.365;0.368;1735;0
РГС СК ао;60;20170914;170000;0.367;0.368;0.364;0.367;1004;0
РГС СК ао;60;20170914;180000;0.367;0.374;0.366;0.374;454;0
РГС СК ао;60;20170915;100000;0.367;0.367;0.367;0.367;14;0
РГС СК ао;60;20170915;110000;0.367;0.367;0.367;0.367;20;0
РГС СК ао;60;20170915;120000;0.367;0.369;0.365;0.369;212;0
РГС СК ао;60;20170915;130000;0.369;0.369;0.369;0.369;95;0
РГС СК ао;60;20170915;140000;0.37;0.37;0.37;0.37;16;0
РГС СК ао;60;20170915;150000;0.37;0.37;0.37;0.37;1;0
РГС СК ао;60;20170915;170000;0.37;0.371;0.369;0.369;429;0
РГС СК ао;60;20170915;180000;0.369;0.372;0.369;0.371;190;0
РГС СК ао;60;20170918;100000;0.371;0.371;0.368;0.369;902;0
РГС СК ао;60;20170918;120000;0.369;0.369;0.369;0.369;8;0
РГС СК ао;60;20170918;150000;0.368;0.368;0.366;0.366;665;0
РГС СК ао;60;20170918;160000;0.368;0.368;0.362;0.362;3058;0
РГС СК ао;60;20170918;170000;0.362;0.364;0.36;0.364;575;0
РГС СК ао;60;20170918;180000;0.365;0.365;0.365;0.365;2;0
РГС СК ао;60;20170919;100000;0.365;0.365;0.364;0.364;381;0
РГС СК ао;60;20170919;110000;0.361;0.363;0.36;0.362;975;0
РГС СК ао;60;20170919;120000;0.362;0.362;0.362;0.362;1;0
РГС СК ао;60;20170919;130000;0.362;0.362;0.362;0.362;5;0
РГС СК ао;60;20170919;140000;0.362;0.362;0.362;0.362;39;0
РГС СК ао;60;20170919;150000;0.362;0.363;0.362;0.363;718;0
РГС СК ао;60;20170919;160000;0.362;0.362;0.362;0.362;10;0
РГС СК ао;60;20170919;170000;0.362;0.362;0.362;0.362;2;0
РГС СК ао;60;20170919;180000;0.362;0.363;0.362;0.363;5;0
РГС СК ао;60;20170920;100000;0.362;0.362;0.36;0.36;46;0
РГС СК ао;60;20170920;130000;0.36;0.36;0.36;0.36;13;0
РГС СК ао;60;20170920;170000;0.362;0.362;0.36;0.362;32;0
РГС СК ао;60;20170920;180000;0.362;0.362;0.362;0.362;4;0
РГС СК ао;60;20170921;100000;0.361;0.361;0.36;0.36;405;0
РГС СК ао;60;20170921;110000;0.36;0.36;0.36;0.36;24;0
РГС СК ао;60;20170921;120000;0.36;0.362;0.357;0.358;508;0
РГС СК ао;60;20170921;130000;0.358;0.358;0.357;0.358;210;0
РГС СК ао;60;20170921;140000;0.357;0.357;0.357;0.357;2;0
РГС СК ао;60;20170921;150000;0.357;0.357;0.354;0.355;196;0
РГС СК ао;60;20170921;160000;0.355;0.355;0.355;0.355;5;0
РГС СК ао;60;20170921;170000;0.354;0.354;0.352;0.352;387;0
РГС СК ао;60;20170921;180000;0.351;0.352;0.35;0.352;629;0
РГС СК ао;60;20170922;100000;0.35;0.35;0.35;0.35;3;0
РГС СК ао;60;20170922;110000;0.35;0.352;0.35;0.352;1389;0
РГС СК ао;60;20170922;140000;0.351;0.351;0.35;0.351;2403;0
РГС СК ао;60;20170922;150000;0.352;0.352;0.351;0.352;320;0
РГС СК ао;60;20170922;160000;0.352;0.352;0.352;0.352;5;0
РГС СК ао;60;20170922;180000;0.352;0.352;0.35;0.35;141;0
РГС СК ао;60;20170925;100000;0.35;0.351;0.349;0.349;145;0
РГС СК ао;60;20170925;110000;0.349;0.349;0.348;0.348;1282;0
РГС СК ао;60;20170925;120000;0.348;0.348;0.348;0.348;10;0
РГС СК ао;60;20170925;140000;0.348;0.348;0.348;0.348;1;0
РГС СК ао;60;20170925;150000;0.347;0.347;0.345;0.345;278;0
РГС СК ао;60;20170925;170000;0.348;0.348;0.345;0.347;548;0
РГС СК ао;60;20170925;180000;0.347;0.348;0.346;0.346;5;0
РГС СК ао;60;20170926;100000;0.346;0.346;0.34;0.342;754;0
РГС СК ао;60;20170926;110000;0.341;0.341;0.341;0.341;2;0
РГС СК ао;60;20170926;120000;0.341;0.343;0.339;0.34;1083;0
РГС СК ао;60;20170926;130000;0.34;0.342;0.339;0.34;520;0
РГС СК ао;60;20170926;140000;0.338;0.338;0.335;0.335;405;0
РГС СК ао;60;20170926;150000;0.334;0.336;0.332;0.333;710;0
РГС СК ао;60;20170926;160000;0.333;0.336;0.33;0.334;638;0
РГС СК ао;60;20170926;170000;0.335;0.338;0.335;0.338;21;0
РГС СК ао;60;20170926;180000;0.338;0.338;0.336;0.336;94;0
РГС СК ао;60;20170927;100000;0.338;0.338;0.335;0.336;648;0
РГС СК ао;60;20170927;110000;0.334;0.334;0.334;0.334;1;0
РГС СК ао;60;20170927;120000;0.334;0.339;0.334;0.339;585;0
РГС СК ао;60;20170927;130000;0.338;0.34;0.338;0.339;128;0
РГС СК ао;60;20170927;140000;0.338;0.341;0.338;0.341;112;0
РГС СК ао;60;20170927;150000;0.341;0.342;0.341;0.341;452;0
РГС СК ао;60;20170927;160000;0.341;0.344;0.341;0.344;429;0
РГС СК ао;60;20170927;170000;0.344;0.344;0.344;0.344;30;0
РГС СК ао;60;20170927;180000;0.344;0.344;0.344;0.344;5;0
РГС СК ао;60;20170928;110000;0.344;0.344;0.342;0.342;8;0
РГС СК ао;60;20170928;120000;0.342;0.342;0.342;0.342;16;0
РГС СК ао;60;20170928;130000;0.342;0.342;0.342;0.342;1;0
РГС СК ао;60;20170928;150000;0.343;0.343;0.342;0.342;15;0
РГС СК ао;60;20170928;160000;0.342;0.342;0.341;0.341;79;0
РГС СК ао;60;20170928;170000;0.341;0.341;0.341;0.341;6;0
РГС СК ао;60;20170928;180000;0.341;0.341;0.341;0.341;1;0
РГС СК ао;60;20170929;100000;0.341;0.341;0.34;0.34;43;0
РГС СК ао;60;20170929;110000;0.341;0.343;0.341;0.343;738;0
РГС СК ао;60;20170929;120000;0.343;0.343;0.343;0.343;2;0
РГС СК ао;60;20170929;130000;0.344;0.344;0.342;0.342;20;0
РГС СК ао;60;20170929;160000;0.342;0.342;0.341;0.341;309;0
РГС СК ао;60;20170929;170000;0.341;0.341;0.341;0.341;1;0
РГС СК ао;60;20171002;090000;0.36;0.36;0.36;0.36;15;0
РГС СК ао;60;20171002;100000;0.341;0.341;0.341;0.341;8;0
РГС СК ао;60;20171002;110000;0.341;0.341;0.341;0.341;13;0
РГС СК ао;60;20171002;150000;0.341;0.341;0.341;0.341;1;0
РГС СК ао;60;20171002;180000;0.341;0.341;0.339;0.339;29;0
РГС СК ао;60;20171003;120000;0.339;0.339;0.339;0.339;1;0
РГС СК ао;60;20171003;130000;0.339;0.339;0.339;0.339;28;0
РГС СК ао;60;20171003;140000;0.341;0.341;0.341;0.341;15;0
РГС СК ао;60;20171003;150000;0.34;0.34;0.204;0.335;1541;0
РГС СК ао;60;20171003;170000;0.334;0.334;0.333;0.333;16;0
РГС СК ао;60;20171003;180000;0.335;0.335;0.333;0.333;341;0
РГС СК ао;60;20171004;100000;0.333;0.334;0.333;0.334;11;0
РГС СК ао;60;20171004;110000;0.334;0.334;0.334;0.334;1;0
РГС СК ао;60;20171004;120000;0.333;0.333;0.333;0.333;20;0
РГС СК ао;60;20171004;130000;0.334;0.334;0.333;0.333;17;0
РГС СК ао;60;20171004;140000;0.333;0.333;0.332;0.332;11;0
РГС СК ао;60;20171004;150000;0.331;0.331;0.329;0.329;725;0
РГС СК ао;60;20171004;160000;0.327;0.33;0.315;0.317;2808;0
РГС СК ао;60;20171004;170000;0.317;0.317;0.317;0.317;1;0
РГС СК ао;60;20171004;180000;0.316;0.319;0.316;0.319;4;0
РГС СК ао;60;20171005;090000;0.328;0.328;0.328;0.328;1;0
РГС СК ао;60;20171005;100000;0.319;0.326;0.317;0.326;2827;0
РГС СК ао;60;20171005;110000;0.326;0.334;0.326;0.334;2395;0
РГС СК ао;60;20171005;120000;0.332;0.334;0.331;0.334;210;0
РГС СК ао;60;20171005;130000;0.332;0.335;0.332;0.335;710;0
РГС СК ао;60;20171005;140000;0.335;0.335;0.335;0.335;580;0
РГС СК ао;60;20171005;150000;0.335;0.34;0.335;0.34;2627;0
РГС СК ао;60;20171005;160000;0.341;0.35;0.341;0.349;2309;0
РГС СК ао;60;20171005;170000;0.349;0.352;0.349;0.349;1164;0
РГС СК ао;60;20171005;180000;0.349;0.353;0.346;0.353;548;0
РГС СК ао;60;20171006;090000;0.364;0.364;0.364;0.364;1;0
РГС СК ао;60;20171006;100000;0.346;0.347;0.345;0.345;622;0
РГС СК ао;60;20171006;110000;0.345;0.346;0.344;0.346;281;0
РГС СК ао;60;20171006;130000;0.343;0.343;0.343;0.343;1;0
РГС СК ао;60;20171006;140000;0.343;0.343;0.343;0.343;731;0
РГС СК ао;60;20171006;150000;0.34;0.34;0.34;0.34;198;0
РГС СК ао;60;20171006;160000;0.343;0.344;0.34;0.344;947;0
РГС СК ао;60;20171006;180000;0.346;0.346;0.346;0.346;1;0
РГС СК ао;60;20171009;100000;0.346;0.346;0.343;0.343;681;0
РГС СК ао;60;20171009;110000;0.345;0.345;0.345;0.345;245;0
РГС СК ао;60;20171009;120000;0.345;0.346;0.345;0.346;65;0
РГС СК ао;60;20171009;130000;0.346;0.346;0.346;0.346;890;0
РГС СК ао;60;20171009;140000;0.344;0.347;0.344;0.347;27;0
РГС СК ао;60;20171009;150000;0.344;0.38;0.344;0.38;5542;0
РГС СК ао;60;20171009;160000;0.37;0.391;0.37;0.386;3878;0
РГС СК ао;60;20171009;170000;0.386;0.387;0.381;0.384;353;0
РГС СК ао;60;20171009;180000;0.383;0.383;0.382;0.382;20;0
РГС СК ао;60;20171010;100000;0.381;0.381;0.378;0.378;789;0
РГС СК ао;60;20171010;110000;0.386;0.393;0.381;0.384;3057;0
РГС СК ао;60;20171010;120000;0.384;0.387;0.384;0.387;452;0
РГС СК ао;60;20171010;130000;0.389;0.39;0.389;0.39;1450;0
РГС СК ао;60;20171010;140000;0.389;0.389;0.383;0.383;703;0
РГС СК ао;60;20171010;150000;0.383;0.385;0.382;0.385;15;0
РГС СК ао;60;20171010;160000;0.385;0.385;0.385;0.385;562;0
РГС СК ао;60;20171010;170000;0.385;0.385;0.385;0.385;1;0
РГС СК ао;60;20171010;180000;0.382;0.382;0.382;0.382;3;0
РГС СК ао;60;20171011;100000;0.382;0.382;0.379;0.379;452;0
РГС СК ао;60;20171011;110000;0.38;0.38;0.376;0.376;538;0
РГС СК ао;60;20171011;120000;0.378;0.378;0.378;0.378;6;0
РГС СК ао;60;20171011;130000;0.379;0.379;0.379;0.379;30;0
РГС СК ао;60;20171011;140000;0.377;0.377;0.377;0.377;2;0
РГС СК ао;60;20171011;160000;0.377;0.377;0.377;0.377;1;0
РГС СК ао;60;20171011;170000;0.377;0.377;0.377;0.377;5;0
РГС СК ао;60;20171011;180000;0.379;0.379;0.377;0.377;235;0
РГС СК ао;60;20171012;100000;0.377;0.377;0.377;0.377;1;0
РГС СК ао;60;20171012;110000;0.376;0.376;0.371;0.371;1072;0
РГС СК ао;60;20171012;130000;0.371;0.371;0.371;0.371;66;0
РГС СК ао;60;20171012;140000;0.371;0.371;0.371;0.371;226;0
РГС СК ао;60;20171012;150000;0.371;0.371;0.371;0.371;51;0
РГС СК ао;60;20171012;160000;0.371;0.371;0.371;0.371;30;0
РГС СК ао;60;20171012;170000;0.371;0.371;0.371;0.371;10;0
РГС СК ао;60;20171012;180000;0.371;0.372;0.371;0.371;53;0
РГС СК ао;60;20171013;100000;0.37;0.372;0.37;0.372;96;0
РГС СК ао;60;20171013;110000;0.372;0.373;0.372;0.373;110;0
РГС СК ао;60;20171013;120000;0.372;0.372;0.372;0.372;3;0
РГС СК ао;60;20171013;130000;0.373;0.379;0.373;0.379;1491;0
РГС СК ао;60;20171013;140000;0.38;0.38;0.38;0.38;30;0
РГС СК ао;60;20171013;150000;0.38;0.38;0.379;0.379;241;0
РГС СК ао;60;20171013;160000;0.376;0.376;0.373;0.376;97;0
РГС СК ао;60;20171013;170000;0.373;0.376;0.373;0.376;68;0
РГС СК ао;60;20171013;180000;0.373;0.376;0.373;0.373;10;0
РГС СК ао;60;20171016;100000;0.373;0.385;0.372;0.385;5138;0
РГС СК ао;60;20171016;110000;0.377;0.392;0.374;0.392;9210;0
РГС СК ао;60;20171016;130000;0.386;0.387;0.386;0.387;34;0
РГС СК ао;60;20171016;140000;0.38;0.38;0.38;0.38;16;0
РГС СК ао;60;20171016;160000;0.381;0.383;0.381;0.383;433;0
РГС СК ао;60;20171016;170000;0.385;0.386;0.385;0.386;30;0
РГС СК ао;60;20171016;180000;0.386;0.386;0.386;0.386;38;0
РГС СК ао;60;20171017;100000;0.38;0.384;0.38;0.38;4417;0
РГС СК ао;60;20171017;110000;0.385;0.392;0.383;0.386;13164;0
РГС СК ао;60;20171017;120000;0.386;0.394;0.386;0.391;5455;0
РГС СК ао;60;20171017;130000;0.391;0.391;0.389;0.389;1469;0
РГС СК ао;60;20171017;140000;0.389;0.395;0.385;0.385;9990;0
РГС СК ао;60;20171017;150000;0.388;0.388;0.388;0.388;2;0
РГС СК ао;60;20171017;160000;0.388;0.388;0.388;0.388;4;0
РГС СК ао;60;20171017;170000;0.39;0.39;0.39;0.39;1;0
РГС СК ао;60;20171017;180000;0.391;0.392;0.391;0.392;74;0
РГС СК ао;60;20171018;100000;0.394;0.396;0.392;0.392;179;0
РГС СК ао;60;20171018;120000;0.392;0.395;0.389;0.393;9011;0
РГС СК ао;60;20171018;130000;0.39;0.398;0.389;0.398;676;0
РГС СК ао;60;20171018;140000;0.396;0.396;0.367;0.39;97;0
РГС СК ао;60;20171018;150000;0.394;0.395;0.391;0.392;157;0
РГС СК ао;60;20171018;160000;0.386;0.386;0.377;0.377;13;0
РГС СК ао;60;20171018;170000;0.385;0.39;0.382;0.382;1639;0
РГС СК ао;60;20171018;180000;0.385;0.389;0.384;0.384;603;0
РГС СК ао;60;20171019;100000;0.385;0.385;0.385;0.385;500;0
РГС СК ао;60;20171019;140000;0.385;0.385;0.385;0.385;98;0
РГС СК ао;60;20171019;150000;0.385;0.385;0.376;0.378;1714;0
РГС СК ао;60;20171019;160000;0.378;0.381;0.367;0.377;5891;0
РГС СК ао;60;20171019;170000;0.377;0.417;0.377;0.41;5327;0
РГС СК ао;60;20171019;180000;0.409;0.418;0.406;0.416;2696;0
РГС СК ао;60;20171020;100000;0.413;0.42;0.413;0.417;1862;0
РГС СК ао;60;20171020;110000;0.417;0.418;0.416;0.416;1986;0
РГС СК ао;60;20171020;120000;0.416;0.417;0.416;0.417;3300;0
РГС СК ао;60;20171020;130000;0.417;0.417;0.417;0.417;270;0
РГС СК ао;60;20171020;150000;0.418;0.418;0.417;0.417;2;0
РГС СК ао;60;20171020;160000;0.417;0.417;0.417;0.417;165;0
РГС СК ао;60;20171020;170000;0.417;0.417;0.417;0.417;29;0
РГС СК ао;60;20171020;180000;0.418;0.42;0.417;0.42;18;0
РГС СК ао;60;20171023;100000;0.415;0.418;0.415;0.417;1242;0
РГС СК ао;60;20171023;110000;0.417;0.417;0.417;0.417;388;0
РГС СК ао;60;20171023;120000;0.417;0.417;0.417;0.417;1107;0
РГС СК ао;60;20171023;140000;0.419;0.419;0.417;0.419;2108;0
РГС СК ао;60;20171023;170000;0.417;0.417;0.417;0.417;4;0
РГС СК ао;60;20171023;180000;0.417;0.418;0.417;0.418;26;0
РГС СК ао;60;20171024;100000;0.414;0.415;0.414;0.415;212;0
РГС СК ао;60;20171024;110000;0.415;0.419;0.415;0.419;1155;0
РГС СК ао;60;20171024;120000;0.419;0.419;0.419;0.419;1425;0
РГС СК ао;60;20171024;130000;0.42;0.42;0.419;0.419;25;0
РГС СК ао;60;20171024;140000;0.419;0.419;0.418;0.418;134;0
РГС СК ао;60;20171024;160000;0.418;0.418;0.418;0.418;1275;0
РГС СК ао;60;20171024;170000;0.419;0.419;0.419;0.419;1;0
РГС СК ао;60;20171024;180000;0.419;0.42;0.418;0.418;612;0
РГС СК ао;60;20171025;100000;0.42;0.429;0.418;0.427;3171;0
РГС СК ао;60;20171025;110000;0.42;0.421;0.42;0.42;10;0
РГС СК ао;60;20171025;120000;0.42;0.42;0.419;0.419;382;0
РГС СК ао;60;20171025;130000;0.421;0.422;0.42;0.422;123;0
РГС СК ао;60;20171025;140000;0.42;0.422;0.42;0.42;13;0
РГС СК ао;60;20171025;150000;0.419;0.419;0.419;0.419;84;0
РГС СК ао;60;20171025;160000;0.419;0.419;0.419;0.419;1;0
РГС СК ао;60;20171025;180000;0.419;0.425;0.419;0.425;10;0
РГС СК ао;60;20171026;100000;0.42;0.421;0.42;0.42;20;0
РГС СК ао;60;20171026;120000;0.42;0.42;0.42;0.42;32;0
РГС СК ао;60;20171026;130000;0.422;0.422;0.422;0.422;1;0
РГС СК ао;60;20171026;140000;0.42;0.42;0.42;0.42;10;0
РГС СК ао;60;20171026;150000;0.419;0.419;0.419;0.419;3;0
РГС СК ао;60;20171026;170000;0.419;0.419;0.417;0.417;799;0
РГС СК ао;60;20171026;180000;0.417;0.417;0.417;0.417;105;0
РГС СК ао;60;20171027;100000;0.419;0.421;0.418;0.419;205;0
РГС СК ао;60;20171027;110000;0.419;0.419;0.419;0.419;170;0
РГС СК ао;60;20171027;130000;0.419;0.42;0.419;0.42;101;0
РГС СК ао;60;20171027;140000;0.419;0.419;0.419;0.419;129;0
РГС СК ао;60;20171027;160000;0.42;0.42;0.42;0.42;5;0
РГС СК ао;60;20171027;170000;0.42;0.42;0.419;0.419;11;0
РГС СК ао;60;20171027;180000;0.419;0.42;0.419;0.419;830;0
РГС СК ао;60;20171030;100000;0.418;0.418;0.418;0.418;75;0
РГС СК ао;60;20171030;110000;0.418;0.418;0.418;0.418;21;0
РГС СК ао;60;20171030;150000;0.418;0.418;0.418;0.418;118;0
РГС СК ао;60;20171030;160000;0.419;0.419;0.419;0.419;24;0
РГС СК ао;60;20171030;170000;0.42;0.42;0.42;0.42;2;0
РГС СК ао;60;20171031;130000;0.418;0.418;0.418;0.418;383;0
РГС СК ао;60;20171031;150000;0.419;0.421;0.419;0.421;15;0
РГС СК ао;60;20171031;160000;0.421;0.421;0.418;0.418;19;0
РГС СК ао;60;20171031;170000;0.42;0.42;0.42;0.42;1;0
РГС СК ао;60;20171031;180000;0.42;0.421;0.419;0.42;308;0
РГС СК ао;60;20171101;100000;0.419;0.419;0.418;0.418;205;0
РГС СК ао;60;20171101;110000;0.418;0.418;0.418;0.418;99;0
РГС СК ао;60;20171101;120000;0.418;0.419;0.418;0.419;508;0
РГС СК ао;60;20171101;130000;0.42;0.421;0.42;0.42;43;0
РГС СК ао;60;20171101;140000;0.419;0.419;0.419;0.419;162;0
РГС СК ао;60;20171101;160000;0.419;0.42;0.419;0.42;3;0
РГС СК ао;60;20171101;170000;0.419;0.419;0.419;0.419;1;0
РГС СК ао;60;20171101;180000;0.419;0.419;0.419;0.419;100;0
РГС СК ао;60;20171102;100000;0.42;0.42;0.42;0.42;2440;0
РГС СК ао;60;20171102;110000;0.42;0.42;0.42;0.42;1;0
РГС СК ао;60;20171102;120000;0.42;0.42;0.42;0.42;2;0
РГС СК ао;60;20171102;150000;0.42;0.42;0.42;0.42;310;0
РГС СК ао;60;20171102;160000;0.421;0.421;0.421;0.421;1;0
РГС СК ао;60;20171102;170000;0.421;0.421;0.421;0.421;1;0
РГС СК ао;60;20171102;180000;0.42;0.42;0.42;0.42;1;0
РГС СК ао;60;20171103;100000;0.421;0.421;0.421;0.421;269;0
РГС СК ао;60;20171103;110000;0.421;0.421;0.421;0.421;9;0
РГС СК ао;60;20171103;140000;0.421;0.421;0.421;0.421;18;0
РГС СК ао;60;20171103;150000;0.422;0.422;0.422;0.422;10;0
РГС СК ао;60;20171103;160000;0.421;0.421;0.421;0.421;4;0
РГС СК ао;60;20171103;170000;0.422;0.422;0.422;0.422;1;0
РГС СК ао;60;20171107;110000;0.422;0.422;0.421;0.421;259;0
РГС СК ао;60;20171107;140000;0.421;0.421;0.421;0.421;150;0
РГС СК ао;60;20171107;150000;0.421;0.421;0.421;0.421;354;0
РГС СК ао;60;20171107;160000;0.421;0.422;0.421;0.422;164;0
РГС СК ао;60;20171107;170000;0.421;0.422;0.421;0.421;64;0
РГС СК ао;60;20171108;100000;0.422;0.422;0.421;0.422;1001;0
РГС СК ао;60;20171108;110000;0.421;0.421;0.421;0.421;351;0
РГС СК ао;60;20171108;120000;0.422;0.422;0.422;0.422;10;0
РГС СК ао;60;20171108;130000;0.422;0.422;0.422;0.422;7;0
РГС СК ао;60;20171108;140000;0.421;0.421;0.421;0.421;10;0
РГС СК ао;60;20171108;150000;0.422;0.422;0.422;0.422;12;0
РГС СК ао;60;20171108;160000;0.422;0.422;0.422;0.422;1;0
РГС СК ао;60;20171108;170000;0.421;0.421;0.421;0.421;40;0
РГС СК ао;60;20171109;100000;0.421;0.421;0.421;0.421;126;0
РГС СК ао;60;20171109;110000;0.421;0.421;0.421;0.421;10;0
РГС СК ао;60;20171109;140000;0.421;0.422;0.421;0.422;94;0
РГС СК ао;60;20171109;150000;0.422;0.422;0.422;0.422;35;0
РГС СК ао;60;20171109;160000;0.422;0.422;0.422;0.422;2;0
РГС СК ао;60;20171109;170000;0.423;0.423;0.422;0.423;307;0
РГС СК ао;60;20171109;180000;0.423;0.423;0.423;0.423;2;0
РГС СК ао;60;20171110;100000;0.422;0.422;0.422;0.422;578;0
РГС СК ао;60;20171110;120000;0.422;0.422;0.422;0.422;60;0
РГС СК ао;60;20171110;140000;0.422;0.422;0.422;0.422;11;0
РГС СК ао;60;20171110;150000;0.422;0.422;0.422;0.422;20;0
РГС СК ао;60;20171110;170000;0.422;0.423;0.422;0.423;11;0
РГС СК ао;60;20171110;180000;0.422;0.422;0.422;0.422;10;0
РГС СК ао;60;20171113;100000;0.424;0.424;0.423;0.423;354;0
РГС СК ао;60;20171113;130000;0.423;0.423;0.423;0.423;84;0
РГС СК ао;60;20171113;140000;0.423;0.423;0.423;0.423;35;0
РГС СК ао;60;20171113;160000;0.423;0.423;0.423;0.423;1;0
РГС СК ао;60;20171114;100000;0.423;0.423;0.423;0.423;29;0
РГС СК ао;60;20171114;110000;0.423;0.423;0.423;0.423;209;0
РГС СК ао;60;20171114;120000;0.423;0.423;0.423;0.423;3;0
РГС СК ао;60;20171114;140000;0.423;0.423;0.423;0.423;30;0
РГС СК ао;60;20171114;160000;0.423;0.423;0.423;0.423;5;0
РГС СК ао;60;20171114;180000;0.423;0.423;0.423;0.423;1;0
РГС СК ао;60;20171115;100000;0.423;0.423;0.423;0.423;542;0
РГС СК ао;60;20171115;110000;0.423;0.423;0.423;0.423;225;0
РГС СК ао;60;20171115;130000;0.423;0.423;0.423;0.423;510;0
РГС СК ао;60;20171115;140000;0.423;0.423;0.423;0.423;501;0
РГС СК ао;60;20171115;180000;0.423;0.423;0.422;0.423;1198;0
РГС СК ао;60;20171116;100000;0.423;0.423;0.423;0.423;3002;0
РГС СК ао;60;20171116;130000;0.423;0.423;0.423;0.423;351;0
РГС СК ао;60;20171116;140000;0.423;0.423;0.423;0.423;42;0
РГС СК ао;60;20171116;160000;0.423;0.423;0.423;0.423;15;0
РГС СК ао;60;20171116;170000;0.423;0.423;0.423;0.423;8;0
РГС СК ао;60;20171117;100000;0.423;0.423;0.423;0.423;58;0
РГС СК ао;60;20171117;110000;0.423;0.423;0.423;0.423;110;0
РГС СК ао;60;20171117;170000;0.423;0.423;0.423;0.423;10;0
РГС СК ао;60;20171117;180000;0.423;0.423;0.422;0.422;16;0
РГС СК ао;60;20171120;110000;0.424;0.424;0.424;0.424;2;0
РГС СК ао;60;20171120;120000;0.423;0.423;0.423;0.423;89;0
РГС СК ао;60;20171120;130000;0.423;0.424;0.423;0.424;3;0
РГС СК ао;60;20171120;140000;0.423;0.423;0.423;0.423;2;0
РГС СК ао;60;20171120;170000;0.424;0.424;0.424;0.424;2;0
РГС СК ао;60;20171120;180000;0.424;0.424;0.424;0.424;273;0
РГС СК ао;60;20171121;100000;0.423;0.423;0.423;0.423;2;0
РГС СК ао;60;20171121;110000;0.423;0.424;0.423;0.424;6;0
РГС СК ао;60;20171121;130000;0.423;0.423;0.423;0.423;481;0
РГС СК ао;60;20171121;160000;0.423;0.423;0.423;0.423;301;0
РГС СК ао;60;20171121;180000;0.423;0.423;0.423;0.423;191;0
РГС СК ао;60;20171122;100000;0.424;0.424;0.423;0.423;407;0
РГС СК ао;60;20171122;110000;0.423;0.423;0.423;0.423;45;0
РГС СК ао;60;20171122;120000;0.423;0.423;0.423;0.423;5;0
РГС СК ао;60;20171122;130000;0.424;0.424;0.424;0.424;1;0
РГС СК ао;60;20171122;150000;0.424;0.424;0.424;0.424;1;0
РГС СК ао;60;20171123;110000;0.423;0.423;0.423;0.423;274;0
РГС СК ао;60;20171123;120000;0.424;0.424;0.424;0.424;1;0
РГС СК ао;60;20171123;150000;0.423;0.423;0.423;0.423;100;0
РГС СК ао;60;20171123;170000;0.423;0.424;0.423;0.424;90;0
РГС СК ао;60;20171123;180000;0.424;0.424;0.424;0.424;8;0
РГС СК ао;60;20171124;100000;0.422;0.423;0.422;0.422;1771;0
РГС СК ао;60;20171124;110000;0.422;0.424;0.422;0.424;1045;0
РГС СК ао;60;20171124;120000;0.424;0.425;0.424;0.425;265;0
РГС СК ао;60;20171124;130000;0.423;0.424;0.423;0.424;437;0
РГС СК ао;60;20171124;140000;0.423;0.423;0.423;0.423;52;0
РГС СК ао;60;20171124;170000;0.424;0.424;0.424;0.424;68;0
РГС СК ао;60;20171127;090000;0.423;0.423;0.423;0.423;10;0
РГС СК ао;60;20171127;100000;0.425;0.425;0.425;0.425;54;0
РГС СК ао;60;20171127;110000;0.424;0.424;0.424;0.424;155;0
РГС СК ао;60;20171127;120000;0.424;0.424;0.424;0.424;1346;0
РГС СК ао;60;20171127;150000;0.423;0.423;0.423;0.423;324;0
РГС СК ао;60;20171128;110000;0.424;0.424;0.424;0.424;35;0
РГС СК ао;60;20171128;120000;0.424;0.424;0.424;0.424;2;0
РГС СК ао;60;20171128;140000;0.423;0.423;0.423;0.423;26;0
РГС СК ао;60;20171128;150000;0.423;0.423;0.423;0.423;19;0
РГС СК ао;60;20171128;170000;0.423;0.423;0.423;0.423;17;0
РГС СК ао;60;20171129;100000;0.425;0.425;0.424;0.424;242;0
РГС СК ао;60;20171129;110000;0.423;0.423;0.423;0.423;45;0
РГС СК ао;60;20171129;150000;0.423;0.423;0.423;0.423;34;0
РГС СК ао;60;20171129;160000;0.423;0.423;0.423;0.423;1;0
РГС СК ао;60;20171130;100000;0.423;0.423;0.423;0.423;168;0
РГС СК ао;60;20171130;120000;0.423;0.423;0.423;0.423;204;0
РГС СК ао;60;20171130;130000;0.423;0.423;0.423;0.423;111;0
РГС СК ао;60;20171130;160000;0.423;0.423;0.423;0.423;628;0
РГС СК ао;60;20171201;100000;0.423;0.423;0.423;0.423;15;0
РГС СК ао;60;20171201;110000;0.423;0.423;0.423;0.423;179;0
РГС СК ао;60;20171204;110000;0.424;0.424;0.423;0.424;153;0
РГС СК ао;60;20171204;130000;0.424;0.425;0.424;0.425;120;0
РГС СК ао;60;20171204;150000;0.424;0.424;0.424;0.424;22;0
РГС СК ао;60;20171204;160000;0.425;0.425;0.425;0.425;4;0
РГС СК ао;60;20171205;100000;0.423;0.423;0.422;0.422;578;0
РГС СК ао;60;20171205;110000;0.422;0.422;0.422;0.422;81;0
РГС СК ао;60;20171205;130000;0.423;0.423;0.423;0.423;225;0
РГС СК ао;60;20171205;150000;0.424;0.424;0.424;0.424;1;0
РГС СК ао;60;20171205;160000;0.423;0.423;0.423;0.423;514;0
РГС СК ао;60;20171205;170000;0.423;0.423;0.423;0.423;41;0
РГС СК ао;60;20171205;180000;0.423;0.423;0.423;0.423;100;0
РГС СК ао;60;20171206;100000;0.423;0.423;0.423;0.423;500;0
РГС СК ао;60;20171206;130000;0.423;0.423;0.423;0.423;4;0
РГС СК ао;60;20171206;180000;0.424;0.424;0.424;0.424;1;0
РГС СК ао;60;20171207;100000;0.423;0.423;0.423;0.423;426;0
РГС СК ао;60;20171207;110000;0.423;0.423;0.423;0.423;127;0
РГС СК ао;60;20171207;120000;0.425;0.425;0.425;0.425;1;0
РГС СК ао;60;20171207;130000;0.424;0.424;0.423;0.423;316;0
РГС СК ао;60;20171207;170000;0.423;0.423;0.423;0.423;18;0
РГС СК ао;60;20171207;180000;0.423;0.423;0.423;0.423;1;0
РГС СК ао;60;20171208;090000;0.433;0.433;0.433;0.433;42;0
РГС СК ао;60;20171208;100000;0.425;0.425;0.425;0.425;30;0
РГС СК ао;60;20171208;110000;0.425;0.425;0.425;0.425;9;0
РГС СК ао;60;20171208;120000;0.423;0.423;0.423;0.423;64;0
РГС СК ао;60;20171208;160000;0.423;0.423;0.423;0.423;10;0
РГС СК ао;60;20171208;170000;0.423;0.423;0.423;0.423;1;0
РГС СК ао;60;20171211;120000;0.422;0.422;0.422;0.422;31;0
РГС СК ао;60;20171211;170000;0.422;0.422;0.422;0.422;42;0
РГС СК ао;60;20171212;100000;0.421;0.421;0.421;0.421;144;0
РГС СК ао;60;20171212;110000;0.42;0.42;0.42;0.42;10;0
РГС СК ао;60;20171212;120000;0.421;0.421;0.42;0.42;42;0
РГС СК ао;60;20171212;140000;0.423;0.423;0.423;0.423;118;0
РГС СК ао;60;20171212;160000;0.421;0.421;0.421;0.421;29;0
РГС СК ао;60;20171212;180000;0.42;0.42;0.42;0.42;2;0
РГС СК ао;60;20171213;100000;0.42;0.42;0.42;0.42;48;0
РГС СК ао;60;20171213;140000;0.419;0.419;0.419;0.419;26;0
РГС СК ао;60;20171213;150000;0.421;0.421;0.421;0.421;15;0
РГС СК ао;60;20171213;160000;0.42;0.422;0.42;0.422;606;0
РГС СК ао;60;20171213;180000;0.421;0.421;0.42;0.42;234;0
РГС СК ао;60;20171214;100000;0.422;0.422;0.421;0.421;3673;0
РГС СК ао;60;20171214;110000;0.421;0.424;0.421;0.424;602;0
РГС СК ао;60;20171214;140000;0.422;0.422;0.421;0.421;304;0
РГС СК ао;60;20171215;100000;0.421;0.421;0.421;0.421;33;0
РГС СК ао;60;20171215;160000;0.422;0.422;0.421;0.421;482;0
РГС СК ао;60;20171215;170000;0.423;0.423;0.423;0.423;1;0
РГС СК ао;60;20171218;100000;0.421;0.421;0.421;0.421;33;0
РГС СК ао;60;20171218;110000;0.422;0.422;0.422;0.422;2;0
РГС СК ао;60;20171218;120000;0.425;0.425;0.425;0.425;135;0
РГС СК ао;60;20171218;130000;0.422;0.422;0.422;0.422;1;0
РГС СК ао;60;20171218;150000;0.423;0.423;0.422;0.422;459;0
РГС СК ао;60;20171219;130000;0.421;0.421;0.419;0.419;563;0
РГС СК ао;60;20171220;100000;0.419;0.419;0.419;0.419;16;0
РГС СК ао;60;20171220;140000;0.419;0.419;0.419;0.419;81;0
РГС СК ао;60;20171220;180000;0.419;0.419;0.418;0.418;312;0
РГС СК ао;60;20171221;110000;0.418;0.418;0.418;0.418;1;0
РГС СК ао;60;20171221;120000;0.42;0.42;0.42;0.42;1199;0
РГС СК ао;60;20171221;130000;0.419;0.419;0.418;0.418;30;0
РГС СК ао;60;20171221;150000;0.419;0.419;0.417;0.417;109;0
РГС СК ао;60;20171221;180000;0.419;0.421;0.417;0.419;1297;0
РГС СК ао;60;20171222;100000;0.418;0.418;0.418;0.418;1;0
РГС СК ао;60;20171222;120000;0.419;0.419;0.418;0.418;3;0
РГС СК ао;60;20171222;140000;0.418;0.418;0.418;0.418;184;0
РГС СК ао;60;20171222;150000;0.418;0.418;0.418;0.418;1825;0
РГС СК ао;60;20171222;160000;0.418;0.418;0.418;0.418;677;0
РГС СК ао;60;20171222;170000;0.42;0.42;0.42;0.42;19;0
РГС СК ао;60;20171222;180000;0.42;0.42;0.42;0.42;111;0
РГС СК ао;60;20171225;100000;0.42;0.42;0.42;0.42;35;0
РГС СК ао;60;20171225;120000;0.418;0.418;0.418;0.418;13;0
РГС СК ао;60;20171225;140000;0.418;0.418;0.418;0.418;20;0
РГС СК ао;60;20171225;160000;0.42;0.42;0.42;0.42;1190;0
РГС СК ао;60;20171225;180000;0.418;0.418;0.415;0.415;503;0
РГС СК ао;60;20171226;100000;0.414;0.415;0.412;0.412;145;0
РГС СК ао;60;20171226;110000;0.413;0.413;0.41;0.41;106;0
РГС СК ао;60;20171226;150000;0.414;0.414;0.414;0.414;5;0
РГС СК ао;60;20171226;170000;0.411;0.414;0.411;0.414;5;0
РГС СК ао;60;20171226;180000;0.414;0.415;0.414;0.415;18;0
РГС СК ао;60;20171227;100000;0.416;0.417;0.415;0.415;990;0
РГС СК ао;60;20171227;110000;0.415;0.415;0.415;0.415;8;0
РГС СК ао;60;20171227;120000;0.413;0.421;0.413;0.416;1203;0
РГС СК ао;60;20171227;130000;0.419;0.438;0.419;0.42;855;0
РГС СК ао;60;20171227;140000;0.42;0.42;0.418;0.418;574;0
РГС СК ао;60;20171227;150000;0.417;0.417;0.415;0.415;1048;0
РГС СК ао;60;20171227;160000;0.416;0.416;0.415;0.415;3;0
РГС СК ао;60;20171227;180000;0.414;0.414;0.411;0.414;998;0
РГС СК ао;60;20171228;100000;0.414;0.414;0.414;0.414;3;0
РГС СК ао;60;20171228;120000;0.414;0.414;0.412;0.412;296;0
РГС СК ао;60;20171229;100000;0.41;0.41;0.406;0.406;284;0
РГС СК ао;60;20171229;110000;0.405;0.405;0.403;0.403;787;0
РГС СК ао;60;20171229;120000;0.404;0.404;0.404;0.404;1;0
РГС СК ао;60;20171229;140000;0.405;0.405;0.405;0.405;300;0
РГС СК ао;60;20171229;150000;0.406;0.413;0.406;0.413;507;0
РГС СК ао;60;20171229;160000;0.414;0.424;0.414;0.42;979;0
РГС СК ао;60;20171229;170000;0.425;0.43;0.423;0.425;514;0
РГС СК ао;60;20171229;180000;0.425;0.426;0.425;0.426;470;0
