<TICKER>;<PER>;<DATE>;<TIME>;<OPEN>;<HIGH>;<LOW>;<CLOSE>;<VOL>;<OPENINT>
Росбанк ао;60;20170124;120000;68.2;68.2;66.3;66.3;11;0
Росбанк ао;60;20170124;130000;67.1;67.2;67.1;67.2;4;0
Росбанк ао;60;20170124;180000;67.9;67.9;67.9;67.9;2;0
Росбанк ао;60;20170125;120000;67.2;67.2;66;66;12;0
Росбанк ао;60;20170125;130000;66.5;66.5;66.5;66.5;1;0
Росбанк ао;60;20170125;170000;67.1;68;67.1;68;10;0
Росбанк ао;60;20170126;110000;67;67;67;67;4;0
Росбанк ао;60;20170126;120000;66.6;67.1;66.2;67;49;0
Росбанк ао;60;20170126;130000;67.1;67.5;67.1;67.5;14;0
Росбанк ао;60;20170126;150000;67.4;67.4;67.4;67.4;3;0
Росбанк ао;60;20170126;160000;66.6;67.4;66.6;67.4;52;0
Росбанк ао;60;20170127;100000;67.7;68;67.7;67.9;7;0
Росбанк ао;60;20170127;140000;67.9;67.9;67.9;67.9;10;0
Росбанк ао;60;20170127;150000;67.9;67.9;67.9;67.9;13;0
Росбанк ао;60;20170127;160000;67.7;67.9;67.7;67.9;8;0
Росбанк ао;60;20170130;120000;67.3;67.3;67.3;67.3;1;0
Росбанк ао;60;20170131;140000;67.1;68;67.1;68;12;0
Росбанк ао;60;20170131;160000;67.1;67.1;67.1;67.1;3;0
Росбанк ао;60;20170131;170000;67;67;67;67;2;0
Росбанк ао;60;20170201;100000;66.4;66.4;60.5;65.1;27;0
Росбанк ао;60;20170201;110000;65.5;65.7;65.5;65.7;4;0
Росбанк ао;60;20170201;140000;66;66;66;66;1;0
Росбанк ао;60;20170201;150000;66;66;66;66;1;0
Росбанк ао;60;20170201;160000;65.2;65.2;65.2;65.2;1;0
Росбанк ао;60;20170201;180000;66.1;66.2;66.1;66.2;3;0
Росбанк ао;60;20170202;090000;66.2;66.2;66.2;66.2;10;0
Росбанк ао;60;20170202;110000;66.3;75;66.1;68.5;66;0
Росбанк ао;60;20170202;120000;70;70;70;70;10;0
Росбанк ао;60;20170202;140000;71;71;71;71;1;0
Росбанк ао;60;20170202;150000;70;70;70;70;2;0
Росбанк ао;60;20170202;170000;70.4;71;70.4;71;3;0
Росбанк ао;60;20170203;100000;71.1;71.1;71;71;3;0
Росбанк ао;60;20170203;120000;71.9;72;71.9;72;3;0
Росбанк ао;60;20170203;130000;72.3;72.3;72.3;72.3;6;0
Росбанк ао;60;20170203;140000;72.3;72.3;70;70;46;0
Росбанк ао;60;20170203;160000;69.9;69.9;69.9;69.9;2;0
Росбанк ао;60;20170203;170000;69.9;70;69.9;70;2;0
Росбанк ао;60;20170203;180000;69.2;69.4;68;69.4;15;0
Росбанк ао;60;20170206;100000;69.8;70.5;69.8;70.5;11;0
Росбанк ао;60;20170206;110000;69.1;69.1;68.7;68.7;13;0
Росбанк ао;60;20170206;120000;68.7;70;68.7;70;60;0
Росбанк ао;60;20170206;140000;69.2;69.2;68.9;68.9;10;0
Росбанк ао;60;20170207;110000;69.7;69.8;69.7;69.8;2;0
Росбанк ао;60;20170207;130000;69.6;70.1;69.6;70.1;4;0
Росбанк ао;60;20170207;140000;69.3;69.3;67;67.7;48;0
Росбанк ао;60;20170207;170000;68.6;69;68.6;69;10;0
Росбанк ао;60;20170207;180000;68.7;68.7;68.7;68.7;1;0
Росбанк ао;60;20170208;100000;67.8;67.8;67.7;67.7;5;0
Росбанк ао;60;20170208;110000;68.8;68.9;68.8;68.9;6;0
Росбанк ао;60;20170208;120000;69;69;69;69;2;0
Росбанк ао;60;20170208;130000;68.9;69.2;68.9;69.2;12;0
Росбанк ао;60;20170208;140000;69.2;69.6;69.2;69.6;4;0
Росбанк ао;60;20170208;150000;69.6;69.6;69.6;69.6;1;0
Росбанк ао;60;20170208;170000;69.2;69.2;69.1;69.2;88;0
Росбанк ао;60;20170209;100000;69.7;70.1;69.7;70.1;4;0
Росбанк ао;60;20170209;110000;69.1;69.1;69;69;2;0
Росбанк ао;60;20170209;130000;68.4;68.4;68.4;68.4;1;0
Росбанк ао;60;20170210;100000;69.8;70.6;69.8;70;170;0
Росбанк ао;60;20170210;110000;69.4;70;66.4;66.4;71;0
Росбанк ао;60;20170210;120000;66.1;66.1;63.6;65.8;90;0
Росбанк ао;60;20170210;130000;66.2;71;66.2;67.7;105;0
Росбанк ао;60;20170210;140000;67.7;68.3;67.7;68.3;15;0
Росбанк ао;60;20170210;150000;68.3;68.3;67.8;67.8;3;0
Росбанк ао;60;20170213;110000;68.7;68.7;68.7;68.7;1;0
Росбанк ао;60;20170213;120000;68.7;68.7;67.3;67.3;6;0
Росбанк ао;60;20170213;130000;67.3;67.3;67.3;67.3;1;0
Росбанк ао;60;20170213;140000;67.3;67.4;67.3;67.4;3;0
Росбанк ао;60;20170213;150000;66.7;67;66.6;67;3;0
Росбанк ао;60;20170213;170000;66.7;66.7;66.6;66.6;4;0
Росбанк ао;60;20170214;100000;66.1;66.1;66.1;66.1;2;0
Росбанк ао;60;20170214;110000;66.2;66.2;66.2;66.2;2;0
Росбанк ао;60;20170214;140000;66.4;66.4;65;65;35;0
Росбанк ао;60;20170214;150000;65.3;65.3;65;65;6;0
Росбанк ао;60;20170214;160000;65.8;65.9;65.8;65.9;4;0
Росбанк ао;60;20170214;170000;65.9;66;65.9;66;2;0
Росбанк ао;60;20170215;140000;64.8;64.8;64.8;64.8;2;0
Росбанк ао;60;20170215;160000;66;66;66;66;1;0
Росбанк ао;60;20170215;170000;66;66;66;66;2;0
Росбанк ао;60;20170216;150000;66;66;66;66;3;0
Росбанк ао;60;20170216;160000;65.4;65.4;60.1;63.8;47;0
Росбанк ао;60;20170216;170000;63.5;63.7;63.2;63.2;16;0
Росбанк ао;60;20170216;180000;63.8;63.9;63.8;63.8;4;0
Росбанк ао;60;20170217;110000;64;64;64;64;3;0
Росбанк ао;60;20170217;120000;63.8;63.8;63.3;63.3;2;0
Росбанк ао;60;20170217;170000;63.8;63.8;63.3;63.3;3;0
Росбанк ао;60;20170220;100000;63.2;63.2;63.2;63.2;1;0
Росбанк ао;60;20170220;110000;63.7;64.3;63.7;64.1;18;0
Росбанк ао;60;20170220;150000;64.2;64.2;64.2;64.2;2;0
Росбанк ао;60;20170220;160000;64.3;64.4;64.3;64.4;7;0
Росбанк ао;60;20170221;100000;64.4;64.4;64.4;64.4;3;0
Росбанк ао;60;20170221;110000;64.7;64.9;64.5;64.5;6;0
Росбанк ао;60;20170221;160000;65.2;65.4;65.2;65.4;4;0
Росбанк ао;60;20170222;100000;65;65;65;65;3;0
Росбанк ао;60;20170222;160000;64.7;65.5;64.6;65.5;3;0
Росбанк ао;60;20170224;100000;65;65;65;65;9;0
Росбанк ао;60;20170224;150000;65;65;65;65;11;0
Росбанк ао;60;20170224;180000;65;65;65;65;12;0
Росбанк ао;60;20170227;160000;64.5;64.5;64.5;64.5;2;0
Росбанк ао;60;20170227;180000;64;64;64;64;41;0
Росбанк ао;60;20170228;110000;64;64;64;64;2;0
Росбанк ао;60;20170228;120000;63.3;63.3;63.3;63.3;4;0
Росбанк ао;60;20170228;130000;64.3;64.3;64.3;64.3;1;0
Росбанк ао;60;20170228;150000;63.3;64.1;63.2;64.1;4;0
Росбанк ао;60;20170228;170000;63.3;63.3;63.3;63.3;1;0
Росбанк ао;60;20170228;180000;63.3;63.3;63;63;5;0
Росбанк ао;60;20170301;120000;63.9;63.9;63.9;63.9;1;0
Росбанк ао;60;20170301;140000;63.9;63.9;63.9;63.9;1;0
Росбанк ао;60;20170301;170000;63.8;63.8;63.8;63.8;2;0
Росбанк ао;60;20170302;100000;62.6;63.8;62.4;63.8;9;0
Росбанк ао;60;20170303;110000;62.2;62.2;62.2;62.2;1;0
Росбанк ао;60;20170306;110000;63.6;63.7;63.6;63.7;2;0
Росбанк ао;60;20170306;130000;63;64.1;63;64.1;6;0
Росбанк ао;60;20170306;140000;63.1;63.1;63;63;3;0
Росбанк ао;60;20170306;150000;63.7;63.7;63.7;63.7;1;0
Росбанк ао;60;20170306;160000;63.1;63.8;63.1;63.8;8;0
Росбанк ао;60;20170306;180000;63.8;63.8;63.8;63.8;7;0
Росбанк ао;60;20170307;110000;63.7;63.7;62.3;63.4;10;0
Росбанк ао;60;20170307;120000;63;63;63;63;1;0
Росбанк ао;60;20170309;110000;62.3;62.3;62.2;62.2;8;0
Росбанк ао;60;20170309;120000;62;62;60.7;60.7;8;0
Росбанк ао;60;20170309;130000;62.1;62.1;62.1;62.1;1;0
Росбанк ао;60;20170309;140000;61.7;61.7;61.7;61.7;1;0
Росбанк ао;60;20170309;180000;61.1;61.1;61.1;61.1;2;0
Росбанк ао;60;20170310;100000;60.6;60.6;55;59.5;100;0
Росбанк ао;60;20170310;110000;59.2;59.2;58.8;59;14;0
Росбанк ао;60;20170310;140000;59.2;61.6;59.2;61.6;64;0
Росбанк ао;60;20170310;150000;62;63;62;63;5;0
Росбанк ао;60;20170310;170000;62.7;69.9;62.7;69.9;100;0
Росбанк ао;60;20170310;180000;63.9;63.9;63.9;63.9;1;0
Росбанк ао;60;20170313;100000;65.1;65.1;64.1;64.1;6;0
Росбанк ао;60;20170313;160000;64.3;64.3;64.3;64.3;2;0
Росбанк ао;60;20170314;100000;62.8;62.8;62.8;62.8;1;0
Росбанк ао;60;20170314;110000;64.9;64.9;64.9;64.9;2;0
Росбанк ао;60;20170316;100000;64.9;65;64.9;65;3;0
Росбанк ао;60;20170316;110000;64.9;65;64.9;65;5;0
Росбанк ао;60;20170316;140000;65;65;65;65;2;0
Росбанк ао;60;20170316;160000;65.1;65.1;65.1;65.1;1;0
Росбанк ао;60;20170316;170000;64.9;64.9;64.9;64.9;1;0
Росбанк ао;60;20170317;100000;65.4;65.4;65.4;65.4;1;0
Росбанк ао;60;20170317;130000;65.5;65.5;65.5;65.5;1;0
Росбанк ао;60;20170317;160000;65.5;65.5;65.5;65.5;2;0
Росбанк ао;60;20170321;110000;64;64;64;64;1;0
Росбанк ао;60;20170321;120000;64;64;64;64;2;0
Росбанк ао;60;20170321;180000;65;65;65;65;2;0
Росбанк ао;60;20170322;160000;64;64;64;64;1;0
Росбанк ао;60;20170323;100000;64.1;64.1;64.1;64.1;2;0
Росбанк ао;60;20170323;110000;64.9;64.9;64.9;64.9;1;0
Росбанк ао;60;20170323;120000;64.9;64.9;64.9;64.9;1;0
Росбанк ао;60;20170323;140000;65;65;65;65;1;0
Росбанк ао;60;20170323;170000;66;66;66;66;2;0
Росбанк ао;60;20170324;140000;66;66;66;66;1;0
Росбанк ао;60;20170324;180000;65;65;65;65;1;0
Росбанк ао;60;20170327;150000;64.1;64.1;64.1;64.1;5;0
Росбанк ао;60;20170328;130000;64.1;64.1;62;62;6;0
Росбанк ао;60;20170328;150000;66.9;68;66.9;68;5;0
Росбанк ао;60;20170329;100000;63.3;82.9;63;66;68;0
Росбанк ао;60;20170329;110000;66.5;67;66.5;67;2;0
Росбанк ао;60;20170329;170000;65;67.5;65;67.5;4;0
Росбанк ао;60;20170330;170000;67.1;67.1;67.1;67.1;2;0
Росбанк ао;60;20170330;180000;67;67;67;67;1;0
Росбанк ао;60;20170331;110000;67.1;67.1;67.1;67.1;2;0
Росбанк ао;60;20170331;140000;67.1;67.1;67;67;134;0
Росбанк ао;60;20170331;160000;64.1;64.1;61.3;62.9;682;0
Росбанк ао;60;20170331;170000;62.9;63;62.9;63;52;0
Росбанк ао;60;20170331;180000;62;63;61.3;62.9;63;0
Росбанк ао;60;20170403;100000;63.1;63.1;63.1;63.1;1;0
Росбанк ао;60;20170403;120000;62.2;63;62;62;16;0
Росбанк ао;60;20170403;150000;62;62;62;62;2;0
Росбанк ао;60;20170403;160000;61.2;61.2;61.2;61.2;1;0
Росбанк ао;60;20170403;170000;62.8;62.9;58.2;58.2;60;0
Росбанк ао;60;20170403;180000;61.2;61.2;60.3;60.3;2;0
Росбанк ао;60;20170404;110000;58.4;58.5;58.3;58.5;10;0
Росбанк ао;60;20170404;120000;58.4;62.3;58.4;61.7;8;0
Росбанк ао;60;20170404;130000;58.8;60.8;58.8;60.8;2;0
Росбанк ао;60;20170404;140000;60;60;60;60;5;0
Росбанк ао;60;20170404;150000;59.9;60;59.9;60;6;0
Росбанк ао;60;20170404;160000;60.2;60.2;60.2;60.2;1;0
Росбанк ао;60;20170405;100000;60.3;60.3;60.3;60.3;3;0
Росбанк ао;60;20170405;110000;60.1;60.1;60.1;60.1;1;0
Росбанк ао;60;20170405;120000;60.1;60.3;60.1;60.3;5;0
Росбанк ао;60;20170405;130000;60.3;60.3;60.1;60.1;211;0
Росбанк ао;60;20170405;140000;60.1;60.1;60.1;60.1;2;0
Росбанк ао;60;20170405;150000;60.1;60.1;60;60;38;0
Росбанк ао;60;20170405;160000;60.8;60.8;60;60.2;275;0
Росбанк ао;60;20170405;170000;60;60.2;60;60;57;0
Росбанк ао;60;20170405;180000;60;60;60;60;1;0
Росбанк ао;60;20170406;110000;60.8;60.8;60.8;60.8;1;0
Росбанк ао;60;20170406;170000;60.2;60.2;60.2;60.2;1;0
Росбанк ао;60;20170406;180000;62.4;62.4;61.7;61.7;2;0
Росбанк ао;60;20170407;100000;61.8;61.8;61.8;61.8;1;0
Росбанк ао;60;20170407;170000;60.1;60.8;60.1;60.8;2;0
Росбанк ао;60;20170410;140000;62.4;62.5;62.4;62.5;4;0
Росбанк ао;60;20170410;150000;61;61;61;61;2;0
Росбанк ао;60;20170410;180000;62;62;62;62;1;0
Росбанк ао;60;20170411;170000;61;61;58.6;60;18;0
Росбанк ао;60;20170412;110000;59.1;59.1;59.1;59.1;10;0
Росбанк ао;60;20170412;130000;60.9;60.9;60.9;60.9;1;0
Росбанк ао;60;20170412;140000;59.1;59.1;59.1;59.1;1;0
Росбанк ао;60;20170412;150000;60.8;61;60.8;61;13;0
Росбанк ао;60;20170412;180000;60;60;60;60;2;0
Росбанк ао;60;20170413;110000;60.1;60.1;60;60;6;0
Росбанк ао;60;20170413;120000;60;60;60;60;41;0
Росбанк ао;60;20170414;170000;59.3;60.9;59.3;60.9;4;0
Росбанк ао;60;20170417;110000;60;60;60;60;2;0
Росбанк ао;60;20170417;120000;59.9;60;59.9;60;10;0
Росбанк ао;60;20170417;130000;59.4;59.4;59.4;59.4;8;0
Росбанк ао;60;20170417;140000;59.4;59.4;59.4;59.4;2;0
Росбанк ао;60;20170417;150000;59.4;59.4;59.4;59.4;10;0
Росбанк ао;60;20170418;140000;59.4;59.4;57.5;58.9;28;0
Росбанк ао;60;20170419;150000;57.3;58.9;57.3;58.9;3;0
Росбанк ао;60;20170419;180000;57.1;57.1;57.1;57.1;4;0
Росбанк ао;60;20170420;110000;59.2;59.2;59.1;59.1;4;0
Росбанк ао;60;20170420;130000;57.1;57.1;56.7;56.8;40;0
Росбанк ао;60;20170420;140000;56.7;56.7;55.5;56.7;22;0
Росбанк ао;60;20170420;150000;56.7;56.7;56.7;56.7;4;0
Росбанк ао;60;20170420;160000;56.7;56.7;56.7;56.7;2;0
Росбанк ао;60;20170420;180000;56.7;58;56;58;27;0
Росбанк ао;60;20170421;100000;60.8;60.8;60.8;60.8;5;0
Росбанк ао;60;20170421;110000;59;59;59;59;1;0
Росбанк ао;60;20170421;140000;58;58.9;55.6;58.9;14;0
Росбанк ао;60;20170421;150000;57.5;57.5;57.3;57.3;2;0
Росбанк ао;60;20170421;160000;56.9;57;56.9;57;2;0
Росбанк ао;60;20170421;170000;57;57;57;57;197;0
Росбанк ао;60;20170421;180000;57;58;56.2;58;6;0
Росбанк ао;60;20170424;100000;58;58;58;58;1;0
Росбанк ао;60;20170424;110000;58;58;58;58;3;0
Росбанк ао;60;20170424;140000;58;58;58;58;1;0
Росбанк ао;60;20170424;150000;57.2;57.2;57;57;73;0
Росбанк ао;60;20170424;160000;57;57;56.2;57;3;0
Росбанк ао;60;20170424;170000;56.5;57.5;56.5;56.5;54;0
Росбанк ао;60;20170424;180000;56.5;56.6;56.3;56.3;195;0
Росбанк ао;60;20170425;140000;57.5;57.6;57.5;57.5;11;0
Росбанк ао;60;20170425;160000;57.6;57.9;57.6;57.9;87;0
Росбанк ао;60;20170426;100000;57;58;57;58;3;0
Росбанк ао;60;20170426;110000;58.2;58.2;57;57;17;0
Росбанк ао;60;20170426;120000;56.9;56.9;56.9;56.9;1;0
Росбанк ао;60;20170426;130000;56.5;56.5;56.2;56.2;45;0
Росбанк ао;60;20170426;140000;56.2;56.2;56.2;56.2;6;0
Росбанк ао;60;20170426;150000;56.2;56.2;56.2;56.2;10;0
Росбанк ао;60;20170426;160000;56.2;56.2;56.2;56.2;9;0
Росбанк ао;60;20170426;170000;56.2;56.2;55;55.9;520;0
Росбанк ао;60;20170426;180000;55.9;56.2;55.9;56.2;61;0
Росбанк ао;60;20170427;100000;55.3;57;55.2;57;5;0
Росбанк ао;60;20170427;110000;56.1;56.1;56.1;56.1;10;0
Росбанк ао;60;20170427;120000;56.9;56.9;56.9;56.9;1;0
Росбанк ао;60;20170427;130000;57.5;57.5;57.5;57.5;1;0
Росбанк ао;60;20170428;100000;56.6;56.6;56.6;56.6;1;0
Росбанк ао;60;20170428;130000;57.5;57.5;57.5;57.5;1;0
Росбанк ао;60;20170428;160000;57.4;59;57.4;57.9;103;0
Росбанк ао;60;20170428;170000;57.1;57.1;55.1;55.1;48;0
Росбанк ао;60;20170428;180000;56.8;56.9;56.8;56.9;2;0
Росбанк ао;60;20170502;100000;57;57.5;57;57.5;4;0
Росбанк ао;60;20170502;160000;57.3;57.4;57;57;3;0
Росбанк ао;60;20170502;180000;57;57;57;57;35;0
Росбанк ао;60;20170503;100000;57.1;57.1;57.1;57.1;1;0
Росбанк ао;60;20170503;130000;57.1;57.1;57;57;140;0
Росбанк ао;60;20170503;150000;56.1;56.1;56.1;56.1;1;0
Росбанк ао;60;20170503;170000;56.1;56.1;56;56;5;0
Росбанк ао;60;20170504;100000;56.2;56.2;56.2;56.2;1;0
Росбанк ао;60;20170504;150000;55.2;55.2;55.2;55.2;1;0
Росбанк ао;60;20170504;170000;56.7;56.9;56.7;56.9;20;0
Росбанк ао;60;20170505;100000;55.4;56.4;51.7;56.4;31;0
Росбанк ао;60;20170505;160000;56.4;56.4;55.3;55.3;10;0
Росбанк ао;60;20170505;170000;55.3;56;54.4;56;27;0
Росбанк ао;60;20170505;180000;56;56;56;56;1;0
Росбанк ао;60;20170510;100000;55.4;56.4;55;55.4;35;0
Росбанк ао;60;20170510;110000;55;55;54;54;14;0
Росбанк ао;60;20170510;140000;54.6;54.6;54.6;54.6;4;0
Росбанк ао;60;20170510;150000;54.6;54.6;54.5;54.5;32;0
Росбанк ао;60;20170510;160000;54.5;54.5;54.5;54.5;20;0
Росбанк ао;60;20170510;170000;54.9;55;54.9;55;22;0
Росбанк ао;60;20170511;110000;55.4;55.5;55.4;55.5;6;0
Росбанк ао;60;20170511;130000;55.5;55.5;55.5;55.5;1;0
Росбанк ао;60;20170511;140000;55.4;55.4;55.4;55.4;1;0
Росбанк ао;60;20170511;150000;55.7;55.7;55.7;55.7;1;0
Росбанк ао;60;20170511;160000;55.2;55.2;55.1;55.1;7;0
Росбанк ао;60;20170511;180000;55.2;55.2;55;55;14;0
Росбанк ао;60;20170512;100000;55.1;55.1;55;55;44;0
Росбанк ао;60;20170512;130000;55.5;56;53.8;55.1;16;0
Росбанк ао;60;20170512;140000;54.1;54.1;54;54;10;0
Росбанк ао;60;20170512;170000;53.9;53.9;53.6;53.6;14;0
Росбанк ао;60;20170515;100000;54.5;55.1;53.7;53.7;12;0
Росбанк ао;60;20170515;140000;54.5;54.5;54.5;54.5;1;0
Росбанк ао;60;20170515;170000;54.4;54.4;53.7;53.7;3;0
Росбанк ао;60;20170515;180000;54;54.2;54;54.2;4;0
Росбанк ао;60;20170516;110000;52.9;53.8;52.9;53.8;6;0
Росбанк ао;60;20170516;130000;53.5;53.5;53.5;53.5;1;0
Росбанк ао;60;20170516;140000;54.3;54.3;54.3;54.3;1;0
Росбанк ао;60;20170517;100000;53.4;53.5;53.3;53.5;13;0
Росбанк ао;60;20170517;140000;55.1;61.8;55.1;56.6;64;0
Росбанк ао;60;20170517;150000;56.1;56.1;54;55.3;8;0
Росбанк ао;60;20170517;170000;54.1;55.3;53.2;54.3;25;0
Росбанк ао;60;20170518;100000;55;55;53.6;53.6;12;0
Росбанк ао;60;20170518;110000;54.8;55.9;54.8;55.9;22;0
Росбанк ао;60;20170518;120000;55.9;55.9;55.9;55.9;3;0
Росбанк ао;60;20170518;150000;54.7;54.7;54.7;54.7;1;0
Росбанк ао;60;20170518;160000;55.7;55.7;55.7;55.7;1;0
Росбанк ао;60;20170518;170000;55.6;55.6;55.6;55.6;1;0
Росбанк ао;60;20170519;100000;55.2;55.2;55;55;8;0
Росбанк ао;60;20170519;140000;55;55;55;55;1;0
Росбанк ао;60;20170519;180000;54.5;54.5;50.1;53;96;0
Росбанк ао;60;20170522;090000;54;54;54;54;1;0
Росбанк ао;60;20170522;100000;54;54;53.2;53.7;4;0
Росбанк ао;60;20170522;130000;53.2;53.2;53.2;53.2;1;0
Росбанк ао;60;20170522;140000;53.8;54.2;53.8;54.2;4;0
Росбанк ао;60;20170522;170000;54.9;54.9;54.9;54.9;1;0
Росбанк ао;60;20170523;140000;53.1;54.3;53.1;54.3;3;0
Росбанк ао;60;20170523;160000;53.7;53.8;53.7;53.7;7;0
Росбанк ао;60;20170523;170000;53.9;53.9;53;53.1;13;0
Росбанк ао;60;20170523;180000;53.6;54;53.4;54;5;0
Росбанк ао;60;20170524;100000;55.2;55.2;55.2;55.2;5;0
Росбанк ао;60;20170524;120000;53.2;53.2;53.2;53.2;1;0
Росбанк ао;60;20170524;140000;53.3;53.8;53;53.8;16;0
Росбанк ао;60;20170524;160000;53;53.9;53;53.9;8;0
Росбанк ао;60;20170524;180000;53;53;53;53;20;0
Росбанк ао;60;20170525;100000;53.1;53.1;51;53.1;54;0
Росбанк ао;60;20170525;110000;52.1;52.7;51;51;52;0
Росбанк ао;60;20170525;120000;51.1;51.1;51;51.1;40;0
Росбанк ао;60;20170525;140000;51.2;51.2;51.2;51.2;35;0
Росбанк ао;60;20170525;150000;51.4;51.7;51.3;51.7;78;0
Росбанк ао;60;20170525;160000;51.8;51.8;51.8;51.8;30;0
Росбанк ао;60;20170526;160000;52.1;52.1;51;51;121;0
Росбанк ао;60;20170526;170000;50.9;51.4;50.9;51.4;112;0
Росбанк ао;60;20170526;180000;51.4;51.5;51.4;51.5;2;0
Росбанк ао;60;20170529;100000;50.3;51.2;50.1;51.2;9;0
Росбанк ао;60;20170529;130000;50.3;50.3;50.3;50.3;3;0
Росбанк ао;60;20170529;140000;50.3;50.3;50.3;50.3;10;0
Росбанк ао;60;20170529;170000;50.8;50.8;50.8;50.8;1;0
Росбанк ао;60;20170530;130000;50.2;51.3;50.2;51.3;4;0
Росбанк ао;60;20170530;150000;51.3;51.3;51.3;51.3;1;0
Росбанк ао;60;20170601;100000;50.2;50.2;50.1;50.1;5;0
Росбанк ао;60;20170601;110000;50.2;50.2;50;50;65;0
Росбанк ао;60;20170601;130000;50;50.3;50;50.3;99;0
Росбанк ао;60;20170601;160000;51.3;51.4;50.6;51.4;8;0
Росбанк ао;60;20170601;170000;51.5;52;51.4;51.6;31;0
Росбанк ао;60;20170602;100000;51.9;51.9;51.5;51.5;75;0
Росбанк ао;60;20170602;120000;51.4;51.4;51.2;51.2;3;0
Росбанк ао;60;20170602;130000;51.7;51.7;51.7;51.7;1;0
Росбанк ао;60;20170602;160000;51.5;51.5;51.5;51.5;2;0
Росбанк ао;60;20170605;100000;52.9;52.9;50.8;50.8;4;0
Росбанк ао;60;20170605;110000;51.4;55;51.2;54.5;62;0
Росбанк ао;60;20170605;130000;53.6;54.3;53.5;53.5;16;0
Росбанк ао;60;20170606;100000;53;53;53;53;2;0
Росбанк ао;60;20170606;110000;53;53;53;53;2;0
Росбанк ао;60;20170606;120000;53;53;52.9;53;11;0
Росбанк ао;60;20170606;130000;52.7;52.7;52.3;52.3;5;0
Росбанк ао;60;20170606;140000;52.9;52.9;52.9;52.9;1;0
Росбанк ао;60;20170606;170000;52.1;52.1;52.1;52.1;1;0
Росбанк ао;60;20170606;180000;52.1;53;52.1;53;22;0
Росбанк ао;60;20170607;100000;57.6;57.6;53;53;8;0
Росбанк ао;60;20170607;120000;52.8;53.2;52.8;53.1;6;0
Росбанк ао;60;20170607;180000;53.2;53.5;53.2;53.5;20;0
Росбанк ао;60;20170608;120000;52.1;52.1;52.1;52.1;3;0
Росбанк ао;60;20170608;130000;52.9;52.9;52.9;52.9;1;0
Росбанк ао;60;20170608;140000;52.4;52.5;52.1;52.1;3;0
Росбанк ао;60;20170608;160000;52.5;52.6;52.5;52.6;2;0
Росбанк ао;60;20170609;100000;55.1;55.1;55.1;55.1;1;0
Росбанк ао;60;20170609;110000;52.1;53.8;52.1;53.8;2;0
Росбанк ао;60;20170609;160000;53.8;53.8;53.8;53.8;10;0
Росбанк ао;60;20170609;170000;52.2;53.5;51.2;53.5;20;0
Росбанк ао;60;20170613;090000;47.3;47.3;47.3;47.3;6;0
Росбанк ао;60;20170613;100000;49;51.3;47;50.7;13;0
Росбанк ао;60;20170613;110000;50.9;50.9;50.6;50.6;4;0
Росбанк ао;60;20170613;120000;51.2;51.4;51.2;51.4;3;0
Росбанк ао;60;20170613;130000;51.9;51.9;51.9;51.9;1;0
Росбанк ао;60;20170613;170000;51.8;51.8;51.8;51.8;7;0
Росбанк ао;60;20170614;130000;51.5;52.5;51.5;52.5;8;0
Росбанк ао;60;20170614;180000;51;51;51;51;2;0
Росбанк ао;60;20170615;100000;50.6;50.6;50.5;50.5;8;0
Росбанк ао;60;20170615;110000;50.5;52.6;50.5;51;7;0
Росбанк ао;60;20170615;120000;51.8;51.8;51.8;51.8;1;0
Росбанк ао;60;20170616;140000;51.8;51.8;51.8;51.8;1;0
Росбанк ао;60;20170616;150000;50.8;50.8;50.8;50.8;2;0
Росбанк ао;60;20170616;160000;50.8;50.8;50.5;50.5;8;0
Росбанк ао;60;20170619;110000;50.6;50.6;50.6;50.6;3;0
Росбанк ао;60;20170619;120000;51;51;50.9;51;8;0
Росбанк ао;60;20170619;130000;51;51;51;51;4;0
Росбанк ао;60;20170619;150000;51.3;51.3;51.3;51.3;1;0
Росбанк ао;60;20170619;170000;51.3;51.9;51.3;51.9;3;0
Росбанк ао;60;20170619;180000;51.1;51.6;51;51.6;4;0
Росбанк ао;60;20170620;110000;51.6;52.1;51.6;52.1;2;0
Росбанк ао;60;20170620;120000;51.7;51.7;51.7;51.7;2;0
Росбанк ао;60;20170620;130000;51.6;51.6;51.6;51.6;1;0
Росбанк ао;60;20170620;150000;51.5;51.9;51.5;51.9;2;0
Росбанк ао;60;20170620;160000;51.5;51.5;51.5;51.5;2;0
Росбанк ао;60;20170620;180000;51.5;51.5;51.5;51.5;1;0
Росбанк ао;60;20170621;100000;52.4;52.4;52;52;2;0
Росбанк ао;60;20170621;120000;52;52;52;52;1;0
Росбанк ао;60;20170621;180000;52.5;52.5;52.5;52.5;4;0
Росбанк ао;60;20170622;130000;52;52.5;52;52.5;5;0
Росбанк ао;60;20170622;180000;51.4;51.4;51.4;51.4;1;0
Росбанк ао;60;20170623;100000;52.5;52.5;52.5;52.5;1;0
Росбанк ао;60;20170626;130000;51.5;52.4;51.5;52.4;2;0
Росбанк ао;60;20170626;150000;51.4;51.4;51;51;10;0
Росбанк ао;60;20170626;160000;51.8;51.8;51.8;51.8;1;0
Росбанк ао;60;20170627;100000;52;52;51.3;51.3;2;0
Росбанк ао;60;20170627;170000;51.8;51.8;51.8;51.8;1;0
Росбанк ао;60;20170627;180000;51.9;51.9;51.9;51.9;1;0
Росбанк ао;60;20170628;100000;51.9;54;51.9;52.7;6;0
Росбанк ао;60;20170628;120000;52.9;52.9;52.6;52.6;3;0
Росбанк ао;60;20170628;130000;52.2;52.2;52.2;52.2;10;0
Росбанк ао;60;20170628;160000;52.9;52.9;52.9;52.9;1;0
Росбанк ао;60;20170628;170000;52.6;52.8;52.6;52.8;4;0
Росбанк ао;60;20170628;180000;52.7;52.7;52.7;52.7;2;0
Росбанк ао;60;20170629;170000;52.9;52.9;52.9;52.9;1;0
Росбанк ао;60;20170630;100000;53.9;53.9;53.9;53.9;1;0
Росбанк ао;60;20170630;110000;51.3;51.3;51.2;51.2;5;0
Росбанк ао;60;20170630;120000;51.1;51.4;51.1;51.4;4;0
Росбанк ао;60;20170630;130000;51.2;51.9;51.1;51.9;9;0
Росбанк ао;60;20170630;140000;52.3;53.8;52;52;36;0
Росбанк ао;60;20170630;160000;51.6;51.6;51.6;51.6;6;0
Росбанк ао;60;20170703;100000;52.7;52.7;52.7;52.7;1;0
Росбанк ао;60;20170703;160000;51.3;51.3;51.3;51.3;1;0
Росбанк ао;60;20170703;170000;52.2;52.2;51.3;51.8;4;0
Росбанк ао;60;20170703;180000;51.3;51.3;51.3;51.3;2;0
Росбанк ао;60;20170704;100000;51.3;53.9;51.3;52.6;6;0
Росбанк ао;60;20170704;170000;51.4;51.4;50;50;40;0
Росбанк ао;60;20170704;180000;50.8;50.8;50.6;50.6;2;0
Росбанк ао;60;20170705;100000;50.8;51.9;50.8;51.9;2;0
Росбанк ао;60;20170705;110000;51.4;51.4;51.4;51.4;3;0
Росбанк ао;60;20170705;140000;51.4;51.4;51.4;51.4;1;0
Росбанк ао;60;20170705;170000;50.9;50.9;50.8;50.8;10;0
Росбанк ао;60;20170706;100000;52.6;52.6;51.4;52.5;4;0
Росбанк ао;60;20170706;120000;51.4;51.4;51.3;51.3;4;0
Росбанк ао;60;20170706;150000;52;52;52;52;1;0
Росбанк ао;60;20170706;160000;52;52;52;52;3;0
Росбанк ао;60;20170706;180000;52;52;52;52;2;0
Росбанк ао;60;20170707;130000;51.3;51.3;51.3;51.3;5;0
Росбанк ао;60;20170707;150000;51.3;51.3;51.3;51.3;1;0
Росбанк ао;60;20170707;160000;51.3;53.7;51.3;53.7;11;0
Росбанк ао;60;20170710;120000;51.9;53.9;51.9;52.6;9;0
Росбанк ао;60;20170710;140000;53.7;53.7;53.7;53.7;1;0
Росбанк ао;60;20170710;150000;53.8;54;53.8;54;4;0
Росбанк ао;60;20170711;100000;52.9;54.1;52.9;54.1;5;0
Росбанк ао;60;20170711;120000;52.9;52.9;52.9;52.9;3;0
Росбанк ао;60;20170711;180000;53.7;53.7;53.7;53.7;1;0
Росбанк ао;60;20170712;100000;53.4;53.4;53.4;53.4;2;0
Росбанк ао;60;20170712;130000;52.7;52.9;52.6;52.6;3;0
Росбанк ао;60;20170712;180000;52;52.1;52;52.1;8;0
Росбанк ао;60;20170713;100000;52.1;52.1;52.1;52.1;1;0
Росбанк ао;60;20170713;110000;53.3;53.3;51.5;51.5;3;0
Росбанк ао;60;20170713;120000;52.7;53.1;52.7;53.1;3;0
Росбанк ао;60;20170713;140000;51.5;51.5;51.5;51.5;1;0
Росбанк ао;60;20170713;150000;51.6;51.6;51.5;51.5;22;0
Росбанк ао;60;20170713;180000;51.6;51.6;51.6;51.6;1;0
Росбанк ао;60;20170714;100000;51.3;51.3;51.3;51.3;1;0
Росбанк ао;60;20170714;120000;51.5;51.5;50;50;20;0
Росбанк ао;60;20170714;150000;51.6;51.6;51.6;51.6;2;0
Росбанк ао;60;20170718;100000;50.8;50.8;50.5;50.6;4;0
Росбанк ао;60;20170718;140000;50.3;50.3;50.3;50.3;1;0
Росбанк ао;60;20170718;150000;51.3;51.3;51.3;51.3;1;0
Росбанк ао;60;20170721;130000;51.9;51.9;51.9;51.9;1;0
Росбанк ао;60;20170724;110000;50.5;50.6;50.4;50.6;20;0
Росбанк ао;60;20170724;130000;50.7;51.5;50.6;51.5;7;0
Росбанк ао;60;20170724;150000;51;51;51;51;5;0
Росбанк ао;60;20170725;110000;52;52.7;52;52.7;16;0
Росбанк ао;60;20170725;140000;51.6;51.6;51.4;51.4;5;0
Росбанк ао;60;20170725;180000;51.3;52.4;51.3;52.4;3;0
Росбанк ао;60;20170727;100000;51.9;53.4;51.9;53.4;16;0
Росбанк ао;60;20170727;120000;53.4;53.4;53.4;53.4;5;0
Росбанк ао;60;20170728;120000;52.3;52.3;52;52;5;0
Росбанк ао;60;20170728;160000;52;52;50;51.5;189;0
Росбанк ао;60;20170728;170000;50.1;51.2;50.1;51.1;19;0
Росбанк ао;60;20170728;180000;51.3;51.3;51;51.1;4;0
Росбанк ао;60;20170731;120000;50.2;50.2;49.9;49.9;16;0
Росбанк ао;60;20170731;130000;50.9;50.9;50.9;50.9;1;0
Росбанк ао;60;20170731;170000;50.9;50.9;50.9;50.9;1;0
Росбанк ао;60;20170801;100000;50.9;50.9;50.9;50.9;1;0
Росбанк ао;60;20170801;110000;50.9;50.9;50.9;50.9;1;0
Росбанк ао;60;20170801;120000;50.9;50.9;50.9;50.9;1;0
Росбанк ао;60;20170801;130000;50.9;50.9;50.9;50.9;7;0
Росбанк ао;60;20170801;140000;50.9;51;50.9;51;14;0
Росбанк ао;60;20170802;120000;50.1;50.1;50.1;50.1;1;0
Росбанк ао;60;20170802;130000;51.8;51.8;51.8;51.8;1;0
Росбанк ао;60;20170802;160000;51.4;53.4;51.4;53.4;113;0
Росбанк ао;60;20170808;100000;54;54.1;53.9;53.9;4;0
Росбанк ао;60;20170808;110000;53;53;53;53;2;0
Росбанк ао;60;20170809;130000;52.7;54.8;52.7;54.2;3;0
Росбанк ао;60;20170809;140000;53.4;54.1;53.4;54.1;2;0
Росбанк ао;60;20170809;150000;52;53.4;52;53.4;2;0
Росбанк ао;60;20170809;160000;54.2;54.2;54.2;54.2;1;0
Росбанк ао;60;20170810;130000;52.1;54;52.1;54;2;0
Росбанк ао;60;20170810;140000;52.1;53.3;51.6;53.3;11;0
Росбанк ао;60;20170810;180000;51.6;52.9;51.6;52.9;7;0
Росбанк ао;60;20170811;100000;53.3;53.4;52;52;19;0
Росбанк ао;60;20170811;110000;51.3;51.3;50.9;50.9;50;0
Росбанк ао;60;20170811;120000;51.9;51.9;51.9;51.9;1;0
Росбанк ао;60;20170811;140000;52;52;52;52;1;0
Росбанк ао;60;20170811;150000;52;52.7;52;52.7;2;0
Росбанк ао;60;20170811;160000;53;53.2;53;53.2;3;0
Росбанк ао;60;20170814;110000;53.4;54.9;53.3;53.4;9;0
Росбанк ао;60;20170814;120000;53.3;53.3;53.1;53.1;2;0
Росбанк ао;60;20170814;130000;54.7;54.7;54.7;54.7;1;0
Росбанк ао;60;20170814;140000;54.7;54.7;54.7;54.7;1;0
Росбанк ао;60;20170814;150000;54.8;55;54;54;15;0
Росбанк ао;60;20170814;160000;53.5;54.4;53.5;54.4;4;0
Росбанк ао;60;20170814;170000;54.4;56.8;54.4;55.4;177;0
Росбанк ао;60;20170814;180000;55;55;54.8;54.9;19;0
Росбанк ао;60;20170815;100000;54.1;54.9;54;54.9;47;0
Росбанк ао;60;20170815;120000;55;55;55;55;1;0
Росбанк ао;60;20170815;170000;54;54;53.8;53.8;2;0
Росбанк ао;60;20170815;180000;54.4;54.4;54.4;54.4;1;0
Росбанк ао;60;20170816;100000;55;55;55;55;1;0
Росбанк ао;60;20170816;120000;54.5;54.5;54.5;54.5;1;0
Росбанк ао;60;20170816;140000;54.9;54.9;54.9;54.9;1;0
Росбанк ао;60;20170816;180000;54.8;56;54.8;56;54;0
Росбанк ао;60;20170817;100000;56;59.5;56;59.5;33;0
Росбанк ао;60;20170817;110000;59.5;59.5;57;57;14;0
Росбанк ао;60;20170817;120000;57;57.1;57;57.1;3;0
Росбанк ао;60;20170817;130000;57;57.9;56.3;56.3;6;0
Росбанк ао;60;20170817;160000;56.4;56.4;56;56;19;0
Росбанк ао;60;20170817;170000;56.1;56.1;56;56.1;44;0
Росбанк ао;60;20170818;120000;56.9;56.9;56.9;56.9;1;0
Росбанк ао;60;20170818;130000;56.3;59.8;55.9;56.7;26;0
Росбанк ао;60;20170818;140000;58;58.1;57;58.1;3;0
Росбанк ао;60;20170818;170000;57.6;57.6;57.6;57.6;1;0
Росбанк ао;60;20170821;140000;58;58;58;58;2;0
Росбанк ао;60;20170821;150000;58;59;58;59;2;0
Росбанк ао;60;20170821;160000;58;58;58;58;1;0
Росбанк ао;60;20170822;150000;57.1;57.1;57;57;3;0
Росбанк ао;60;20170822;170000;56.7;57.9;55;57.9;15;0
Росбанк ао;60;20170822;180000;55.8;56.1;55.2;56.1;27;0
Росбанк ао;60;20170823;120000;55.8;55.8;55.8;55.8;1;0
Росбанк ао;60;20170824;100000;55.9;59.9;55.9;56.5;36;0
Росбанк ао;60;20170824;120000;57;57;52.6;56;37;0
Росбанк ао;60;20170825;100000;56;56.1;56;56;3;0
Росбанк ао;60;20170825;110000;56;56;55;55.2;6;0
Росбанк ао;60;20170825;130000;54.1;55.5;54.1;55.5;4;0
Росбанк ао;60;20170825;140000;54.1;55.5;54.1;54.1;5;0
Росбанк ао;60;20170825;150000;54.1;54.1;54;54;7;0
Росбанк ао;60;20170825;160000;54;54;53.5;53.5;8;0
Росбанк ао;60;20170828;100000;53.2;53.3;53.2;53.3;2;0
Росбанк ао;60;20170828;110000;53.4;53.4;53.3;53.4;7;0
Росбанк ао;60;20170828;130000;53.4;53.4;53.4;53.4;2;0
Росбанк ао;60;20170828;140000;53.4;55.5;53.4;55.5;7;0
Росбанк ао;60;20170828;160000;54.1;54.8;54.1;54.8;2;0
Росбанк ао;60;20170828;180000;54;54.9;54;54.9;2;0
Росбанк ао;60;20170829;090000;55;55;55;55;1;0
Росбанк ао;60;20170829;180000;54.9;54.9;54.9;54.9;1;0
Росбанк ао;60;20170830;110000;55;55;55;55;1;0
Росбанк ао;60;20170830;150000;55;55.9;54.7;54.7;4;0
Росбанк ао;60;20170830;160000;55.9;55.9;55.9;55.9;1;0
Росбанк ао;60;20170830;170000;54.7;55.8;54.7;55.8;2;0
Росбанк ао;60;20170831;130000;56;56.1;56;56.1;11;0
Росбанк ао;60;20170831;160000;56.1;56.1;56.1;56.1;1;0
Росбанк ао;60;20170901;100000;54.1;54.1;54.1;54.1;1;0
Росбанк ао;60;20170901;120000;55.4;56.6;55.4;56.6;3;0
Росбанк ао;60;20170901;140000;55.4;56.6;55.4;56.6;2;0
Росбанк ао;60;20170901;150000;56.7;60.9;56.4;58.5;233;0
Росбанк ао;60;20170901;160000;58.2;58.2;57.2;57.2;7;0
Росбанк ао;60;20170901;170000;58.1;58.9;58.1;58.9;2;0
Росбанк ао;60;20170901;180000;57.1;58.9;57.1;58.9;2;0
Росбанк ао;60;20170904;110000;57.1;57.1;57.1;57.1;2;0
Росбанк ао;60;20170904;130000;58.1;58.1;57.9;58;4;0
Росбанк ао;60;20170905;130000;58;58.8;57.4;57.5;10;0
Росбанк ао;60;20170905;140000;58.5;58.5;58.5;58.5;1;0
Росбанк ао;60;20170906;180000;58.3;59.5;58.3;59.5;10;0
Росбанк ао;60;20170907;120000;59;59;59;59;1;0
Росбанк ао;60;20170907;140000;59.1;59.1;59.1;59.1;1;0
Росбанк ао;60;20170907;160000;59;59;59;59;1;0
Росбанк ао;60;20170908;110000;58.2;58.2;58.1;58.1;2;0
Росбанк ао;60;20170908;140000;58.9;58.9;58.9;58.9;1;0
Росбанк ао;60;20170908;160000;57.7;57.7;57.5;57.5;4;0
Росбанк ао;60;20170908;170000;57.1;57.1;57;57;7;0
Росбанк ао;60;20170908;180000;58;58;58;58;1;0
Росбанк ао;60;20170911;100000;59.2;59.2;59.2;59.2;1;0
Росбанк ао;60;20170911;110000;58.2;58.9;58;58.9;206;0
Росбанк ао;60;20170911;130000;59;59;57.5;57.5;16;0
Росбанк ао;60;20170911;150000;57.3;57.3;57.3;57.3;1;0
Росбанк ао;60;20170911;180000;57.1;57.8;55.6;57.6;15;0
Росбанк ао;60;20170912;100000;58;58;58;58;1;0
Росбанк ао;60;20170913;100000;55.9;58.1;55.9;58.1;13;0
Росбанк ао;60;20170913;110000;57.9;57.9;57.9;57.9;1;0
Росбанк ао;60;20170915;120000;56.4;56.4;56.4;56.4;1;0
Росбанк ао;60;20170915;130000;57.9;57.9;57.9;57.9;1;0
Росбанк ао;60;20170918;140000;56;61.5;53.5;58.6;121;0
Росбанк ао;60;20170918;150000;57.3;58.6;57.2;58;6;0
Росбанк ао;60;20170918;170000;58.5;59.4;57.5;57.5;7;0
Росбанк ао;60;20170919;110000;58.6;58.6;58.6;58.6;1;0
Росбанк ао;60;20170919;120000;58.5;58.5;58.5;58.5;1;0
Росбанк ао;60;20170919;130000;57.6;58.5;57.3;57.3;17;0
Росбанк ао;60;20170919;140000;57.5;57.5;57.4;57.4;25;0
Росбанк ао;60;20170919;180000;57.5;57.5;57.5;57.5;43;0
Росбанк ао;60;20170920;110000;57.2;57.2;57;57;8;0
Росбанк ао;60;20170920;140000;57.7;57.7;57.4;57.4;2;0
Росбанк ао;60;20170920;160000;57.4;57.5;57.4;57.5;2;0
Росбанк ао;60;20170921;100000;55.9;57.8;51;55;176;0
Росбанк ао;60;20170921;110000;55.5;55.5;54.7;54.7;2;0
Росбанк ао;60;20170921;120000;55.3;60.7;55;58;67;0
Росбанк ао;60;20170921;130000;57.3;57.6;56.9;57.6;6;0
Росбанк ао;60;20170921;150000;57.5;57.6;57.5;57.6;2;0
Росбанк ао;60;20170921;160000;57.4;57.4;57.4;57.4;2;0
Росбанк ао;60;20170921;170000;57.4;57.4;57.4;57.4;1;0
Росбанк ао;60;20170921;180000;57;57;53.8;53.8;33;0
Росбанк ао;60;20170922;100000;55.7;56.8;55.6;56.8;8;0
Росбанк ао;60;20170922;110000;56.2;56.2;55.2;55.7;8;0
Росбанк ао;60;20170922;120000;55.7;56.6;55.7;56.6;14;0
Росбанк ао;60;20170922;160000;55.8;55.9;55.8;55.9;4;0
Росбанк ао;60;20170925;100000;57;57;57;57;2;0
Росбанк ао;60;20170925;110000;56;56;56;56;1;0
Росбанк ао;60;20170925;120000;56.5;56.6;56.5;56.6;2;0
Росбанк ао;60;20170925;130000;57.1;57.1;57.1;57.1;1;0
Росбанк ао;60;20170925;140000;56;56;55.5;56;16;0
Росбанк ао;60;20170925;180000;55.9;56;55.9;56;17;0
Росбанк ао;60;20170926;110000;56.5;56.6;56.5;56.6;2;0
Росбанк ао;60;20170926;140000;56.1;56.1;56.1;56.1;1;0
Росбанк ао;60;20170926;160000;56.4;56.6;56.4;56.6;2;0
Росбанк ао;60;20170927;100000;56;56.1;56;56.1;89;0
Росбанк ао;60;20170927;120000;57;57;57;57;1;0
Росбанк ао;60;20170927;130000;56;56;56;56;3;0
Росбанк ао;60;20170927;140000;56.8;56.8;56.8;56.8;1;0
Росбанк ао;60;20170927;160000;56.7;56.8;56.7;56.8;2;0
Росбанк ао;60;20170928;120000;57;59;56.3;59;21;0
Росбанк ао;60;20170928;130000;58;58;58;58;1;0
Росбанк ао;60;20170928;140000;59;59;59;59;1;0
Росбанк ао;60;20170928;180000;56.9;56.9;56.9;56.9;25;0
Росбанк ао;60;20170929;090000;59.8;59.8;59.8;59.8;26;0
Росбанк ао;60;20170929;100000;59.9;59.9;58.2;58.2;2;0
Росбанк ао;60;20170929;120000;58.1;58.1;58;58;4;0
Росбанк ао;60;20170929;180000;58;58;58;58;10;0
Росбанк ао;60;20171002;110000;58;58;58;58;1;0
Росбанк ао;60;20171002;120000;59;59;59;59;1;0
Росбанк ао;60;20171002;150000;58;58;55.6;57;21;0
Росбанк ао;60;20171002;170000;56.9;57;56.9;57;2;0
Росбанк ао;60;20171003;100000;56.4;57.5;50.9;57.5;35;0
Росбанк ао;60;20171003;130000;56.6;58;56.6;57.9;16;0
Росбанк ао;60;20171003;160000;58;58;58;58;1;0
Росбанк ао;60;20171003;180000;57.1;57.9;55.1;57;22;0
Росбанк ао;60;20171004;130000;56.4;56.4;56.4;56.4;1;0
Росбанк ао;60;20171004;160000;56.3;56.7;55.1;56.7;21;0
Росбанк ао;60;20171004;170000;56;56;56;56;1;0
Росбанк ао;60;20171005;110000;55.7;55.7;55.7;55.7;1;0
Росбанк ао;60;20171005;180000;55.7;55.7;55.7;55.7;1;0
Росбанк ао;60;20171006;100000;55.5;55.5;55.5;55.5;1;0
Росбанк ао;60;20171006;120000;55.5;55.5;55.5;55.5;4;0
Росбанк ао;60;20171006;130000;55.9;55.9;55.9;55.9;1;0
Росбанк ао;60;20171006;150000;56;56.3;56;56.3;2;0
Росбанк ао;60;20171006;170000;56.5;56.6;55.5;55.5;19;0
Росбанк ао;60;20171009;100000;56.9;57;56.8;56.8;4;0
Росбанк ао;60;20171009;110000;56.9;56.9;56.5;56.5;2;0
Росбанк ао;60;20171009;120000;56.2;56.2;56;56;6;0
Росбанк ао;60;20171009;140000;56.6;56.6;56.6;56.6;2;0
Росбанк ао;60;20171009;170000;56.7;56.7;56.7;56.7;1;0
Росбанк ао;60;20171010;110000;56.4;56.7;56.3;56.7;5;0
Росбанк ао;60;20171010;120000;56.3;56.3;56.3;56.3;1;0
Росбанк ао;60;20171010;130000;56.6;56.6;56.6;56.6;1;0
Росбанк ао;60;20171010;180000;56.3;56.3;56.3;56.3;1;0
Росбанк ао;60;20171011;110000;56.3;56.3;56.3;56.3;1;0
Росбанк ао;60;20171011;120000;56.3;56.3;55.8;55.8;8;0
Росбанк ао;60;20171011;130000;56;56;56;56;1;0
Росбанк ао;60;20171012;110000;56.2;56.2;55.3;55.3;3;0
Росбанк ао;60;20171012;130000;55.9;55.9;55.9;55.9;1;0
Росбанк ао;60;20171012;150000;56;56;56;56;1;0
Росбанк ао;60;20171012;160000;55.6;55.6;55.6;55.6;1;0
Росбанк ао;60;20171012;180000;56.2;56.2;56.2;56.2;1;0
Росбанк ао;60;20171013;120000;56.4;56.9;56.4;56.8;12;0
Росбанк ао;60;20171013;170000;56.8;56.8;56.8;56.8;1;0
Росбанк ао;60;20171016;100000;56.7;56.7;56.7;56.7;1;0
Росбанк ао;60;20171016;110000;56.9;56.9;56.9;56.9;1;0
Росбанк ао;60;20171016;160000;56.9;56.9;56.9;56.9;1;0
Росбанк ао;60;20171017;100000;56.9;56.9;56.9;56.9;1;0
Росбанк ао;60;20171017;120000;56.9;56.9;56.9;56.9;1;0
Росбанк ао;60;20171018;110000;55.5;56;50.8;56;67;0
Росбанк ао;60;20171018;120000;55.2;55.3;54.4;55.3;21;0
Росбанк ао;60;20171018;130000;54.6;55.2;54.5;55.2;13;0
Росбанк ао;60;20171018;140000;54.6;55.2;54.6;55.2;4;0
Росбанк ао;60;20171018;150000;54.8;54.8;54.8;54.8;1;0
Росбанк ао;60;20171018;170000;55.2;55.5;55.2;55.5;51;0
Росбанк ао;60;20171018;180000;55.5;55.5;55.5;55.5;1;0
Росбанк ао;60;20171019;140000;55.8;55.8;55.8;55.8;1;0
Росбанк ао;60;20171019;170000;54.8;54.8;54.8;54.8;1;0
Росбанк ао;60;20171020;130000;55.7;55.7;55.7;55.7;1;0
Росбанк ао;60;20171020;140000;55;55.9;55;55.9;15;0
Росбанк ао;60;20171023;100000;55;55;55;55;2;0
Росбанк ао;60;20171023;120000;55.6;55.7;55.3;55.3;4;0
Росбанк ао;60;20171023;130000;55.8;55.8;55.8;55.8;1;0
Росбанк ао;60;20171023;140000;55.8;56;55.8;56;5;0
Росбанк ао;60;20171023;170000;56;56;56;56;1;0
Росбанк ао;60;20171024;140000;56;56;56;56;1;0
Росбанк ао;60;20171024;170000;55.5;55.8;55;55.8;9;0
Росбанк ао;60;20171025;130000;57.1;57.1;56;56.6;5;0
Росбанк ао;60;20171025;150000;55.6;55.6;55.5;55.5;3;0
Росбанк ао;60;20171025;180000;56;56.4;56;56.4;2;0
Росбанк ао;60;20171026;100000;55.3;55.3;55.3;55.3;2;0
Росбанк ао;60;20171026;130000;56.8;56.8;56.8;56.8;1;0
Росбанк ао;60;20171026;170000;56.7;56.7;56.7;56.7;1;0
Росбанк ао;60;20171027;120000;56;57.4;56;57.4;9;0
Росбанк ао;60;20171027;130000;57.9;57.9;57.9;57.9;5;0
Росбанк ао;60;20171030;100000;57.1;57.1;56.9;57;4;0
Росбанк ао;60;20171030;130000;56.1;56.1;53.7;53.7;107;0
Росбанк ао;60;20171030;140000;55.7;56;55.7;56;5;0
Росбанк ао;60;20171030;150000;56;56.8;56;56.8;2;0
Росбанк ао;60;20171030;160000;56.8;57;56.8;57;2;0
Росбанк ао;60;20171030;180000;57;57;56.6;56.6;5;0
Росбанк ао;60;20171031;100000;57.2;57.2;57.2;57.2;1;0
Росбанк ао;60;20171031;130000;56.3;57.5;56;57.5;17;0
Росбанк ао;60;20171031;140000;56.1;56.7;55.8;56.7;20;0
Росбанк ао;60;20171031;150000;56.6;57;56.2;56.2;9;0
Росбанк ао;60;20171031;160000;57.1;57.1;56;56.8;8;0
Росбанк ао;60;20171031;170000;57;57;55.7;56.9;12;0
Росбанк ао;60;20171031;180000;57;57.2;56.7;57.2;4;0
Росбанк ао;60;20171101;100000;57;57.2;57;57.2;298;0
Росбанк ао;60;20171101;110000;57.1;57.1;57.1;57.1;1;0
Росбанк ао;60;20171101;120000;57.1;57.1;57;57;7;0
Росбанк ао;60;20171101;130000;57.5;57.5;57.5;57.5;1;0
Росбанк ао;60;20171101;140000;57.5;57.5;57.5;57.5;2;0
Росбанк ао;60;20171101;150000;57.5;57.5;57.1;57.1;11;0
Росбанк ао;60;20171101;160000;57.3;57.3;57.3;57.3;1;0
Росбанк ао;60;20171101;180000;57.5;57.5;57.5;57.5;1;0
Росбанк ао;60;20171102;100000;57.5;57.5;57.4;57.4;2;0
Росбанк ао;60;20171102;110000;57.5;57.5;57.5;57.5;2;0
Росбанк ао;60;20171102;130000;57.4;57.4;57.4;57.4;2;0
Росбанк ао;60;20171102;160000;57.1;57.1;57.1;57.1;3;0
Росбанк ао;60;20171103;100000;57.8;59;57.8;59;26;0
Росбанк ао;60;20171103;110000;58.2;58.2;58.1;58.1;2;0
Росбанк ао;60;20171103;130000;58.1;58.1;58;58.1;9;0
Росбанк ао;60;20171103;140000;58.1;58.1;58.1;58.1;1;0
Росбанк ао;60;20171103;150000;58.2;58.8;58.1;58.8;17;0
Росбанк ао;60;20171103;160000;58.2;58.2;58.1;58.1;2;0
Росбанк ао;60;20171103;170000;57.9;58;57.9;58;6;0
Росбанк ао;60;20171103;180000;58.2;58.2;58.2;58.2;1;0
Росбанк ао;60;20171107;100000;58.3;58.3;58.3;58.3;1;0
Росбанк ао;60;20171107;110000;58;58;57.5;57.5;11;0
Росбанк ао;60;20171107;120000;58.4;58.4;58.4;58.4;2;0
Росбанк ао;60;20171107;180000;58.9;58.9;58.9;58.9;2;0
Росбанк ао;60;20171108;110000;58;59;57.8;57.8;16;0
Росбанк ао;60;20171108;120000;58.9;60.3;58.9;59.7;157;0
Росбанк ао;60;20171108;130000;59;59;59;59;2;0
Росбанк ао;60;20171108;140000;59;59;59;59;2;0
Росбанк ао;60;20171108;170000;58.6;58.6;58.6;58.6;1;0
Росбанк ао;60;20171108;180000;58.4;58.4;58.4;58.4;1;0
Росбанк ао;60;20171109;110000;59.7;59.7;59.2;59.6;7;0
Росбанк ао;60;20171109;120000;59.6;59.7;59.6;59.7;23;0
Росбанк ао;60;20171109;140000;59.6;59.6;59.6;59.6;5;0
Росбанк ао;60;20171109;160000;59.5;59.5;59;59;2;0
Росбанк ао;60;20171109;180000;58.4;58.4;58.3;58.3;15;0
Росбанк ао;60;20171110;100000;58.3;58.3;58.2;58.2;8;0
Росбанк ао;60;20171110;110000;57.9;57.9;57;57;10;0
Росбанк ао;60;20171110;120000;58.5;58.5;57.1;58.5;3;0
Росбанк ао;60;20171110;130000;58.5;58.5;58.5;58.5;10;0
Росбанк ао;60;20171110;150000;58.5;58.5;58.5;58.5;1;0
Росбанк ао;60;20171113;100000;58.6;59.6;58.6;59.6;2;0
Росбанк ао;60;20171113;120000;59.6;59.6;59.6;59.6;4;0
Росбанк ао;60;20171113;130000;58.1;58.1;58;58;4;0
Росбанк ао;60;20171113;140000;57.7;57.7;57.7;57.7;2;0
Росбанк ао;60;20171113;160000;58.7;58.7;58.7;58.7;1;0
Росбанк ао;60;20171114;100000;57.5;57.5;57.5;57.5;3;0
Росбанк ао;60;20171114;110000;58.1;58.1;58.1;58.1;1;0
Росбанк ао;60;20171114;150000;58.1;58.1;57.4;57.4;3;0
Росбанк ао;60;20171114;180000;57.4;57.9;56.2;57.2;32;0
Росбанк ао;60;20171115;170000;57.2;57.4;56.9;57.4;3;0
Росбанк ао;60;20171116;110000;56.3;56.3;56.3;56.3;1;0
Росбанк ао;60;20171116;120000;56.9;56.9;56.9;56.9;1;0
Росбанк ао;60;20171116;130000;56.1;56.8;56.1;56.8;8;0
Росбанк ао;60;20171116;140000;56.1;56.1;56.1;56.1;1;0
Росбанк ао;60;20171116;150000;56.1;56.1;56.1;56.1;7;0
Росбанк ао;60;20171116;160000;56.1;56.5;55.6;55.6;18;0
Росбанк ао;60;20171116;170000;55.6;55.6;54;54;39;0
Росбанк ао;60;20171116;180000;54;54.9;53.7;54.8;28;0
Росбанк ао;60;20171117;100000;54.8;54.8;54.8;54.8;1;0
Росбанк ао;60;20171117;120000;54;54;53.6;53.6;6;0
Росбанк ао;60;20171117;130000;53.6;53.6;53.5;53.5;3;0
Росбанк ао;60;20171117;140000;54.2;54.2;54.2;54.2;1;0
Росбанк ао;60;20171117;180000;54.4;54.4;54.4;54.4;1;0
Росбанк ао;60;20171120;100000;54.1;54.4;54.1;54.4;12;0
Росбанк ао;60;20171120;110000;54.4;54.4;54.4;54.4;3;0
Росбанк ао;60;20171121;110000;54.2;54.6;54.2;54.2;10;0
Росбанк ао;60;20171122;110000;54;54;52.8;52.8;102;0
Росбанк ао;60;20171122;120000;53.9;53.9;53.9;53.9;1;0
Росбанк ао;60;20171122;130000;53.4;53.4;53.4;53.4;1;0
Росбанк ао;60;20171122;140000;53.7;53.7;53.7;53.7;10;0
Росбанк ао;60;20171122;150000;53;53.8;53;53.8;11;0
Росбанк ао;60;20171123;100000;52.9;52.9;52.9;52.9;9;0
Росбанк ао;60;20171123;110000;53.1;53.1;52.6;52.6;100;0
Росбанк ао;60;20171123;120000;53.4;53.4;53.4;53.4;1;0
Росбанк ао;60;20171123;160000;53.4;53.7;53.4;53.7;8;0
Росбанк ао;60;20171123;180000;53.1;53.1;52.2;52.2;34;0
Росбанк ао;60;20171124;110000;52.4;52.4;52.3;52.3;5;0
Росбанк ао;60;20171124;120000;53;53;53;53;1;0
Росбанк ао;60;20171124;130000;52.9;53.6;52.9;53.6;3;0
Росбанк ао;60;20171124;160000;53.5;53.5;53.5;53.5;2;0
Росбанк ао;60;20171124;180000;53.5;53.5;53.5;53.5;1;0
Росбанк ао;60;20171127;170000;53.4;53.6;52.1;52.1;23;0
Росбанк ао;60;20171127;180000;52.7;52.7;52.7;52.7;1;0
Росбанк ао;60;20171128;130000;53.1;53.1;53.1;53.1;1;0
Росбанк ао;60;20171128;160000;53.1;53.2;53.1;53.2;5;0
Росбанк ао;60;20171129;100000;53.3;53.3;53.1;53.1;6;0
Росбанк ао;60;20171129;110000;53.6;53.6;53.6;53.6;1;0
Росбанк ао;60;20171130;100000;53.6;53.8;53.6;53.8;16;0
Росбанк ао;60;20171130;140000;53.6;53.6;53.6;53.6;1;0
Росбанк ао;60;20171130;150000;53.6;53.6;53.6;53.6;1;0
Росбанк ао;60;20171201;170000;53.1;53.1;53.1;53.1;2;0
Росбанк ао;60;20171204;100000;54.3;54.3;54;54;2;0
Росбанк ао;60;20171204;120000;52.3;52.3;52.3;52.3;2;0
Росбанк ао;60;20171204;130000;53;53;51.9;51.9;6;0
Росбанк ао;60;20171204;150000;52;52.9;51.7;52.9;10;0
Росбанк ао;60;20171204;160000;51.7;52.7;51.6;52.3;10;0
Росбанк ао;60;20171204;170000;52.7;52.7;52.7;52.7;1;0
Росбанк ао;60;20171204;180000;52.7;53;52.7;53;11;0
Росбанк ао;60;20171205;110000;52.1;52.1;52.1;52.1;1;0
Росбанк ао;60;20171205;130000;52;52;51.6;51.6;16;0
Росбанк ао;60;20171205;140000;52.8;52.8;52.8;52.8;1;0
Росбанк ао;60;20171205;150000;52.8;52.8;52.8;52.8;3;0
Росбанк ао;60;20171205;160000;52.8;53.2;52.8;53.2;10;0
Росбанк ао;60;20171205;170000;51.8;51.8;51.7;51.7;4;0
Росбанк ао;60;20171205;180000;52.4;52.4;52.3;52.4;4;0
Росбанк ао;60;20171206;110000;51.7;51.8;51.6;51.6;9;0
Росбанк ао;60;20171206;120000;52;52;52;52;5;0
Росбанк ао;60;20171206;130000;52.5;52.5;52.5;52.5;2;0
Росбанк ао;60;20171206;160000;52.1;52.1;52.1;52.1;1;0
Росбанк ао;60;20171206;180000;51.2;51.2;51.2;51.2;1;0
Росбанк ао;60;20171207;130000;51.5;51.7;51.5;51.7;6;0
Росбанк ао;60;20171207;150000;52.4;52.9;52.1;52.1;29;0
Росбанк ао;60;20171207;160000;52.2;52.2;52.2;52.2;80;0
Росбанк ао;60;20171207;170000;52.8;52.9;52.8;52.9;2;0
Росбанк ао;60;20171208;110000;51.7;51.7;51.7;51.7;1;0
Росбанк ао;60;20171208;130000;52.6;52.6;52.6;52.6;1;0
Росбанк ао;60;20171208;160000;52.7;52.7;52.7;52.7;2;0
Росбанк ао;60;20171211;130000;52.8;52.8;52.8;52.8;1;0
Росбанк ао;60;20171212;110000;52.1;52.1;52.1;52.1;2;0
Росбанк ао;60;20171212;140000;52.9;52.9;52.9;52.9;1;0
Росбанк ао;60;20171213;100000;52;52;51.3;51.3;11;0
Росбанк ао;60;20171213;120000;52.3;52.3;52.3;52.3;1;0
Росбанк ао;60;20171213;150000;51.5;51.5;51.5;51.5;2;0
Росбанк ао;60;20171213;180000;51.6;51.6;51.6;51.6;1;0
Росбанк ао;60;20171214;120000;52.4;52.6;52.4;52.6;4;0
Росбанк ао;60;20171214;150000;52.4;52.9;52.4;52.9;10;0
Росбанк ао;60;20171214;170000;52.4;52.4;52.4;52.4;3;0
Росбанк ао;60;20171214;180000;52.9;52.9;52.9;52.9;1;0
Росбанк ао;60;20171215;100000;52.2;54;52.2;54;23;0
Росбанк ао;60;20171215;110000;54;54;54;54;1;0
Росбанк ао;60;20171215;120000;54.3;56;54.3;55.9;19;0
Росбанк ао;60;20171215;130000;54.7;55.3;54.4;55;13;0
Росбанк ао;60;20171215;170000;54.8;54.8;54.3;54.7;22;0
Росбанк ао;60;20171218;100000;54;54;54;54;4;0
Росбанк ао;60;20171218;160000;53.2;53.2;53.2;53.2;1;0
Росбанк ао;60;20171219;100000;54.9;57;54.9;56;46;0
Росбанк ао;60;20171219;130000;55.4;55.4;55.4;55.4;1;0
Росбанк ао;60;20171219;140000;56.5;56.5;55.1;55.1;47;0
Росбанк ао;60;20171219;150000;56.4;56.4;56.4;56.4;11;0
Росбанк ао;60;20171219;160000;56;57;55.1;57;30;0
Росбанк ао;60;20171219;170000;56.9;56.9;55.1;56.9;22;0
Росбанк ао;60;20171220;120000;56.1;56.1;56.1;56.1;1;0
Росбанк ао;60;20171220;130000;56.1;56.1;56;56;6;0
Росбанк ао;60;20171220;140000;56;56.8;56;56.8;24;0
Росбанк ао;60;20171220;150000;55.9;56;55.8;56;15;0
Росбанк ао;60;20171221;150000;56.7;56.7;56;56;4;0
Росбанк ао;60;20171222;100000;57.1;57.1;57.1;57.1;5;0
Росбанк ао;60;20171222;170000;56.1;56.1;56.1;56.1;2;0
Росбанк ао;60;20171225;100000;55;55;54.6;54.6;7;0
Росбанк ао;60;20171225;130000;54.9;55;54.9;55;6;0
Росбанк ао;60;20171225;140000;55;55;54.4;54.4;5;0
Росбанк ао;60;20171225;150000;55;55;55;55;1;0
Росбанк ао;60;20171225;170000;55;55;55;55;2;0
Росбанк ао;60;20171225;180000;55;55;55;55;5;0
Росбанк ао;60;20171226;100000;54;54;54;54;7;0
Росбанк ао;60;20171226;130000;54;54;54;54;1;0
Росбанк ао;60;20171226;140000;54;54;54;54;1;0
Росбанк ао;60;20171226;150000;54;54;54;54;32;0
Росбанк ао;60;20171226;160000;54.9;54.9;53.9;54.1;8;0
Росбанк ао;60;20171226;170000;54;54;54;54;5;0
Росбанк ао;60;20171226;180000;54.8;54.8;54.8;54.8;9;0
Росбанк ао;60;20171227;110000;54.1;54.1;54;54;10;0
Росбанк ао;60;20171227;130000;54.6;54.6;54.6;54.6;1;0
Росбанк ао;60;20171227;140000;54.1;54.1;54.1;54.1;1;0
Росбанк ао;60;20171227;150000;54.6;54.6;54.6;54.6;1;0
Росбанк ао;60;20171227;180000;53.6;54.6;53.6;54.6;4;0
