<TICKER>;<PER>;<DATE>;<TIME>;<OPEN>;<HIGH>;<LOW>;<CLOSE>;<VOL>;<OPENINT>
Русполимет;60;20170125;100000;0.587;0.598;0.587;0.598;13;0
Русполимет;60;20170125;110000;0.595;0.598;0.595;0.595;6;0
Русполимет;60;20170125;120000;0.595;0.595;0.593;0.595;43;0
Русполимет;60;20170125;130000;0.595;0.595;0.595;0.595;5;0
Русполимет;60;20170125;140000;0.595;0.595;0.595;0.595;3;0
Русполимет;60;20170125;150000;0.595;0.595;0.595;0.595;1;0
Русполимет;60;20170125;160000;0.595;0.599;0.595;0.599;11;0
Русполимет;60;20170125;180000;0.599;0.599;0.599;0.599;1;0
Русполимет;60;20170126;100000;0.599;0.599;0.579;0.579;25;0
Русполимет;60;20170126;110000;0.599;0.603;0.589;0.59;21;0
Русполимет;60;20170126;120000;0.591;0.591;0.59;0.59;3;0
Русполимет;60;20170126;130000;0.589;0.6;0.58;0.597;53;0
Русполимет;60;20170126;140000;0.584;0.594;0.578;0.588;119;0
Русполимет;60;20170126;150000;0.585;0.588;0.577;0.586;36;0
Русполимет;60;20170126;160000;0.58;0.587;0.57;0.584;82;0
Русполимет;60;20170126;170000;0.585;0.589;0.57;0.579;195;0
Русполимет;60;20170126;180000;0.587;0.59;0.577;0.59;83;0
Русполимет;60;20170127;100000;0.59;0.593;0.59;0.593;4;0
Русполимет;60;20170127;110000;0.593;0.597;0.571;0.591;322;0
Русполимет;60;20170127;120000;0.59;0.595;0.585;0.595;111;0
Русполимет;60;20170127;130000;0.596;0.596;0.585;0.595;26;0
Русполимет;60;20170127;140000;0.585;0.591;0.578;0.59;130;0
Русполимет;60;20170127;150000;0.589;0.589;0.589;0.589;1;0
Русполимет;60;20170127;160000;0.589;0.591;0.58;0.591;47;0
Русполимет;60;20170127;170000;0.585;0.59;0.58;0.59;63;0
Русполимет;60;20170127;180000;0.59;0.59;0.581;0.588;12;0
Русполимет;60;20170130;100000;0.589;0.589;0.589;0.589;5;0
Русполимет;60;20170130;110000;0.59;0.59;0.589;0.589;10;0
Русполимет;60;20170130;120000;0.589;0.589;0.589;0.589;1;0
Русполимет;60;20170130;130000;0.589;0.59;0.589;0.59;5;0
Русполимет;60;20170130;150000;0.59;0.617;0.58;0.589;231;0
Русполимет;60;20170130;160000;0.589;0.591;0.588;0.591;7;0
Русполимет;60;20170130;170000;0.592;0.593;0.592;0.592;14;0
Русполимет;60;20170130;180000;0.592;0.592;0.58;0.585;119;0
Русполимет;60;20170131;090000;0.585;0.585;0.585;0.585;1;0
Русполимет;60;20170131;110000;0.585;0.587;0.585;0.587;8;0
Русполимет;60;20170131;120000;0.587;0.587;0.587;0.587;1;0
Русполимет;60;20170131;130000;0.581;0.581;0.579;0.58;8;0
Русполимет;60;20170131;150000;0.58;0.584;0.58;0.58;20;0
Русполимет;60;20170131;160000;0.58;0.584;0.58;0.584;7;0
Русполимет;60;20170131;170000;0.586;0.586;0.584;0.585;17;0
Русполимет;60;20170131;180000;0.585;0.585;0.58;0.585;11;0
Русполимет;60;20170201;110000;0.58;0.585;0.58;0.585;2;0
Русполимет;60;20170201;120000;0.592;0.592;0.592;0.592;1;0
Русполимет;60;20170201;130000;0.59;0.593;0.58;0.586;99;0
Русполимет;60;20170201;140000;0.58;0.585;0.58;0.584;19;0
Русполимет;60;20170201;150000;0.587;0.589;0.58;0.58;45;0
Русполимет;60;20170201;160000;0.579;0.579;0.579;0.579;4;0
Русполимет;60;20170201;170000;0.58;0.588;0.58;0.587;14;0
Русполимет;60;20170201;180000;0.585;0.587;0.58;0.587;7;0
Русполимет;60;20170202;110000;0.579;0.586;0.574;0.58;26;0
Русполимет;60;20170202;120000;0.576;0.576;0.572;0.575;16;0
Русполимет;60;20170202;130000;0.574;0.58;0.57;0.576;53;0
Русполимет;60;20170202;140000;0.571;0.586;0.557;0.58;221;0
Русполимет;60;20170202;150000;0.569;0.58;0.565;0.577;121;0
Русполимет;60;20170202;160000;0.577;0.577;0.571;0.571;8;0
Русполимет;60;20170202;170000;0.58;0.58;0.575;0.58;13;0
Русполимет;60;20170202;180000;0.572;0.586;0.566;0.58;228;0
Русполимет;60;20170203;100000;0.571;0.577;0.569;0.577;21;0
Русполимет;60;20170203;110000;0.576;0.577;0.57;0.57;7;0
Русполимет;60;20170203;130000;0.575;0.577;0.57;0.57;24;0
Русполимет;60;20170203;140000;0.569;0.569;0.563;0.563;24;0
Русполимет;60;20170203;150000;0.568;0.57;0.564;0.568;84;0
Русполимет;60;20170203;160000;0.57;0.57;0.57;0.57;7;0
Русполимет;60;20170203;170000;0.567;0.577;0.544;0.551;799;0
Русполимет;60;20170203;180000;0.554;0.56;0.55;0.55;77;0
Русполимет;60;20170206;100000;0.55;0.553;0.55;0.552;13;0
Русполимет;60;20170206;110000;0.552;0.552;0.55;0.552;18;0
Русполимет;60;20170206;120000;0.549;0.55;0.546;0.55;35;0
Русполимет;60;20170206;130000;0.549;0.549;0.549;0.549;5;0
Русполимет;60;20170206;140000;0.55;0.564;0.55;0.564;33;0
Русполимет;60;20170206;150000;0.558;0.558;0.556;0.556;6;0
Русполимет;60;20170206;160000;0.554;0.558;0.549;0.554;45;0
Русполимет;60;20170206;170000;0.553;0.553;0.55;0.55;13;0
Русполимет;60;20170206;180000;0.553;0.56;0.553;0.56;19;0
Русполимет;60;20170207;100000;0.559;0.56;0.555;0.56;18;0
Русполимет;60;20170207;110000;0.558;0.56;0.557;0.56;10;0
Русполимет;60;20170207;120000;0.555;0.555;0.55;0.55;49;0
Русполимет;60;20170207;130000;0.555;0.558;0.55;0.558;7;0
Русполимет;60;20170207;150000;0.551;0.555;0.549;0.555;21;0
Русполимет;60;20170207;160000;0.549;0.554;0.549;0.554;2;0
Русполимет;60;20170207;170000;0.55;0.555;0.55;0.555;26;0
Русполимет;60;20170207;180000;0.554;0.557;0.554;0.555;16;0
Русполимет;60;20170208;090000;0.555;0.555;0.555;0.555;1;0
Русполимет;60;20170208;100000;0.551;0.557;0.55;0.552;17;0
Русполимет;60;20170208;110000;0.551;0.551;0.545;0.545;30;0
Русполимет;60;20170208;120000;0.546;0.551;0.545;0.551;25;0
Русполимет;60;20170208;140000;0.548;0.548;0.54;0.54;20;0
Русполимет;60;20170208;150000;0.54;0.549;0.54;0.545;28;0
Русполимет;60;20170208;160000;0.541;0.546;0.538;0.546;21;0
Русполимет;60;20170208;170000;0.54;0.545;0.53;0.542;120;0
Русполимет;60;20170208;180000;0.543;0.544;0.53;0.531;43;0
Русполимет;60;20170209;100000;0.53;0.532;0.526;0.532;8;0
Русполимет;60;20170209;110000;0.531;0.539;0.52;0.527;179;0
Русполимет;60;20170209;120000;0.521;0.527;0.51;0.516;296;0
Русполимет;60;20170209;130000;0.514;0.519;0.499;0.518;319;0
Русполимет;60;20170209;140000;0.518;0.519;0.5;0.509;178;0
Русполимет;60;20170209;150000;0.509;0.515;0.508;0.513;28;0
Русполимет;60;20170209;160000;0.514;0.515;0.51;0.513;9;0
Русполимет;60;20170209;170000;0.51;0.515;0.499;0.506;315;0
Русполимет;60;20170209;180000;0.505;0.505;0.499;0.499;34;0
Русполимет;60;20170210;090000;0.502;0.502;0.502;0.502;1;0
Русполимет;60;20170210;100000;0.502;0.502;0.496;0.502;18;0
Русполимет;60;20170210;110000;0.502;0.503;0.502;0.503;19;0
Русполимет;60;20170210;120000;0.504;0.504;0.5;0.501;12;0
Русполимет;60;20170210;130000;0.5;0.5;0.5;0.5;18;0
Русполимет;60;20170210;160000;0.505;0.51;0.5;0.5;23;0
Русполимет;60;20170210;170000;0.499;0.504;0.496;0.504;30;0
Русполимет;60;20170210;180000;0.503;0.508;0.498;0.508;34;0
Русполимет;60;20170213;100000;0.509;0.533;0.509;0.519;58;0
Русполимет;60;20170213;110000;0.515;0.523;0.513;0.523;15;0
Русполимет;60;20170213;120000;0.524;0.524;0.52;0.523;21;0
Русполимет;60;20170213;130000;0.524;0.527;0.514;0.527;33;0
Русполимет;60;20170213;140000;0.522;0.523;0.51;0.52;59;0
Русполимет;60;20170213;150000;0.52;0.52;0.52;0.52;1;0
Русполимет;60;20170213;160000;0.52;0.52;0.52;0.52;2;0
Русполимет;60;20170213;170000;0.52;0.521;0.516;0.516;11;0
Русполимет;60;20170213;180000;0.519;0.52;0.519;0.52;12;0
Русполимет;60;20170214;100000;0.511;0.511;0.511;0.511;8;0
Русполимет;60;20170214;110000;0.51;0.518;0.504;0.518;64;0
Русполимет;60;20170214;120000;0.517;0.518;0.501;0.506;44;0
Русполимет;60;20170214;130000;0.508;0.508;0.498;0.506;40;0
Русполимет;60;20170214;140000;0.506;0.506;0.505;0.505;18;0
Русполимет;60;20170214;150000;0.505;0.514;0.505;0.514;13;0
Русполимет;60;20170214;160000;0.503;0.509;0.499;0.505;132;0
Русполимет;60;20170214;170000;0.505;0.528;0.5;0.504;195;0
Русполимет;60;20170214;180000;0.504;0.505;0.5;0.505;14;0
Русполимет;60;20170215;100000;0.502;0.508;0.502;0.507;13;0
Русполимет;60;20170215;110000;0.504;0.504;0.499;0.503;30;0
Русполимет;60;20170215;120000;0.503;0.503;0.497;0.497;11;0
Русполимет;60;20170215;130000;0.501;0.509;0.501;0.509;21;0
Русполимет;60;20170215;140000;0.501;0.508;0.5;0.508;12;0
Русполимет;60;20170215;160000;0.5;0.502;0.49;0.49;138;0
Русполимет;60;20170215;170000;0.492;0.506;0.489;0.492;177;0
Русполимет;60;20170215;180000;0.494;0.499;0.494;0.499;30;0
Русполимет;60;20170216;100000;0.499;0.51;0.491;0.501;117;0
Русполимет;60;20170216;110000;0.501;0.507;0.501;0.507;21;0
Русполимет;60;20170216;120000;0.507;0.507;0.507;0.507;15;0
Русполимет;60;20170216;130000;0.507;0.51;0.504;0.51;17;0
Русполимет;60;20170216;140000;0.507;0.517;0.507;0.507;30;0
Русполимет;60;20170216;150000;0.506;0.508;0.498;0.498;59;0
Русполимет;60;20170216;160000;0.5;0.5;0.5;0.5;5;0
Русполимет;60;20170216;170000;0.502;0.511;0.501;0.509;29;0
Русполимет;60;20170216;180000;0.506;0.514;0.506;0.514;37;0
Русполимет;60;20170217;100000;0.52;0.52;0.511;0.511;5;0
Русполимет;60;20170217;110000;0.515;0.525;0.511;0.519;55;0
Русполимет;60;20170217;120000;0.519;0.543;0.511;0.524;83;0
Русполимет;60;20170217;130000;0.521;0.524;0.514;0.524;59;0
Русполимет;60;20170217;140000;0.518;0.518;0.518;0.518;5;0
Русполимет;60;20170217;150000;0.515;0.517;0.515;0.517;3;0
Русполимет;60;20170217;160000;0.516;0.522;0.514;0.522;9;0
Русполимет;60;20170217;170000;0.519;0.519;0.519;0.519;2;0
Русполимет;60;20170217;180000;0.516;0.516;0.502;0.506;93;0
Русполимет;60;20170220;100000;0.506;0.521;0.506;0.519;26;0
Русполимет;60;20170220;110000;0.517;0.518;0.517;0.518;7;0
Русполимет;60;20170220;120000;0.514;0.515;0.511;0.515;10;0
Русполимет;60;20170220;130000;0.515;0.515;0.511;0.515;6;0
Русполимет;60;20170220;140000;0.515;0.516;0.513;0.513;14;0
Русполимет;60;20170220;150000;0.513;0.514;0.508;0.514;17;0
Русполимет;60;20170220;160000;0.509;0.519;0.507;0.519;27;0
Русполимет;60;20170220;170000;0.507;0.516;0.507;0.507;22;0
Русполимет;60;20170221;100000;0.505;0.514;0.5;0.514;21;0
Русполимет;60;20170221;110000;0.51;0.51;0.5;0.5;28;0
Русполимет;60;20170221;120000;0.501;0.508;0.49;0.498;157;0
Русполимет;60;20170221;130000;0.497;0.498;0.491;0.497;33;0
Русполимет;60;20170221;140000;0.495;0.5;0.495;0.499;31;0
Русполимет;60;20170221;150000;0.5;0.501;0.5;0.501;8;0
Русполимет;60;20170221;160000;0.502;0.504;0.497;0.499;19;0
Русполимет;60;20170221;170000;0.498;0.499;0.493;0.496;31;0
Русполимет;60;20170221;180000;0.496;0.503;0.496;0.503;12;0
Русполимет;60;20170222;100000;0.505;0.521;0.505;0.52;34;0
Русполимет;60;20170222;110000;0.507;0.52;0.504;0.504;69;0
Русполимет;60;20170222;120000;0.504;0.505;0.5;0.504;61;0
Русполимет;60;20170222;130000;0.505;0.505;0.505;0.505;4;0
Русполимет;60;20170222;150000;0.507;0.518;0.507;0.518;11;0
Русполимет;60;20170222;160000;0.506;0.506;0.506;0.506;6;0
Русполимет;60;20170222;170000;0.505;0.505;0.505;0.505;1;0
Русполимет;60;20170222;180000;0.504;0.504;0.504;0.504;1;0
Русполимет;60;20170224;100000;0.504;0.504;0.504;0.504;3;0
Русполимет;60;20170224;110000;0.504;0.504;0.496;0.498;23;0
Русполимет;60;20170224;120000;0.501;0.502;0.495;0.5;18;0
Русполимет;60;20170224;130000;0.501;0.501;0.498;0.498;8;0
Русполимет;60;20170224;140000;0.5;0.503;0.495;0.495;24;0
Русполимет;60;20170224;150000;0.5;0.507;0.5;0.507;18;0
Русполимет;60;20170224;160000;0.508;0.508;0.507;0.507;5;0
Русполимет;60;20170224;170000;0.503;0.503;0.503;0.503;3;0
Русполимет;60;20170224;180000;0.507;0.508;0.5;0.508;30;0
Русполимет;60;20170227;110000;0.508;0.508;0.501;0.501;11;0
Русполимет;60;20170227;130000;0.505;0.505;0.501;0.503;8;0
Русполимет;60;20170227;140000;0.501;0.501;0.499;0.499;8;0
Русполимет;60;20170227;150000;0.5;0.502;0.5;0.502;4;0
Русполимет;60;20170227;180000;0.5;0.5;0.5;0.5;2;0
Русполимет;60;20170228;100000;0.5;0.5;0.5;0.5;21;0
Русполимет;60;20170228;110000;0.499;0.499;0.498;0.498;2;0
Русполимет;60;20170228;120000;0.498;0.498;0.498;0.498;1;0
Русполимет;60;20170228;130000;0.498;0.498;0.498;0.498;3;0
Русполимет;60;20170228;170000;0.497;0.5;0.496;0.5;10;0
Русполимет;60;20170228;180000;0.498;0.498;0.498;0.498;1;0
Русполимет;60;20170301;130000;0.503;0.504;0.503;0.504;2;0
Русполимет;60;20170301;140000;0.5;0.5;0.498;0.498;10;0
Русполимет;60;20170301;170000;0.505;0.505;0.5;0.5;8;0
Русполимет;60;20170302;100000;0.499;0.499;0.499;0.499;2;0
Русполимет;60;20170302;110000;0.5;0.505;0.5;0.5;16;0
Русполимет;60;20170302;120000;0.5;0.505;0.5;0.505;4;0
Русполимет;60;20170302;130000;0.506;0.506;0.506;0.506;1;0
Русполимет;60;20170302;140000;0.502;0.502;0.502;0.502;2;0
Русполимет;60;20170302;150000;0.506;0.508;0.498;0.498;34;0
Русполимет;60;20170302;170000;0.498;0.506;0.498;0.506;5;0
Русполимет;60;20170303;100000;0.499;0.499;0.499;0.499;4;0
Русполимет;60;20170303;110000;0.497;0.497;0.495;0.495;10;0
Русполимет;60;20170303;120000;0.495;0.495;0.495;0.495;1;0
Русполимет;60;20170303;130000;0.495;0.495;0.495;0.495;2;0
Русполимет;60;20170303;140000;0.499;0.5;0.499;0.5;5;0
Русполимет;60;20170303;150000;0.499;0.499;0.495;0.495;14;0
Русполимет;60;20170303;180000;0.5;0.5;0.5;0.5;1;0
Русполимет;60;20170306;100000;0.496;0.496;0.494;0.494;8;0
Русполимет;60;20170306;110000;0.494;0.494;0.478;0.485;30;0
Русполимет;60;20170306;120000;0.491;0.492;0.491;0.492;3;0
Русполимет;60;20170307;100000;0.493;0.494;0.493;0.494;5;0
Русполимет;60;20170307;120000;0.494;0.494;0.494;0.494;1;0
Русполимет;60;20170307;150000;0.497;0.499;0.497;0.499;15;0
Русполимет;60;20170309;110000;0.502;0.509;0.457;0.481;31;0
Русполимет;60;20170309;120000;0.491;0.501;0.473;0.473;32;0
Русполимет;60;20170309;140000;0.481;0.481;0.473;0.473;5;0
Русполимет;60;20170309;170000;0.478;0.478;0.478;0.478;1;0
Русполимет;60;20170310;100000;0.48;0.48;0.471;0.471;4;0
Русполимет;60;20170310;110000;0.474;0.474;0.474;0.474;1;0
Русполимет;60;20170310;170000;0.469;0.474;0.468;0.474;6;0
Русполимет;60;20170310;180000;0.475;0.49;0.475;0.49;9;0
Русполимет;60;20170313;100000;0.486;0.486;0.486;0.486;2;0
Русполимет;60;20170313;130000;0.5;0.684;0.49;0.54;90;0
Русполимет;60;20170313;140000;0.54;0.588;0.518;0.53;143;0
Русполимет;60;20170313;150000;0.537;0.537;0.503;0.53;34;0
Русполимет;60;20170313;160000;0.53;0.53;0.511;0.526;14;0
Русполимет;60;20170313;170000;0.516;0.527;0.515;0.527;12;0
Русполимет;60;20170313;180000;0.514;0.525;0.51;0.518;26;0
Русполимет;60;20170314;100000;0.537;0.537;0.508;0.52;13;0
Русполимет;60;20170314;110000;0.529;0.529;0.529;0.529;3;0
Русполимет;60;20170314;120000;0.519;0.519;0.518;0.518;3;0
Русполимет;60;20170314;130000;0.516;0.516;0.516;0.516;1;0
Русполимет;60;20170314;140000;0.514;0.514;0.514;0.514;1;0
Русполимет;60;20170314;150000;0.513;0.513;0.486;0.499;42;0
Русполимет;60;20170314;160000;0.498;0.503;0.498;0.503;3;0
Русполимет;60;20170314;170000;0.503;0.503;0.503;0.503;2;0
Русполимет;60;20170315;100000;0.493;0.493;0.492;0.492;4;0
Русполимет;60;20170315;110000;0.503;0.503;0.5;0.503;4;0
Русполимет;60;20170315;120000;0.5;0.5;0.5;0.5;7;0
Русполимет;60;20170315;140000;0.496;0.497;0.496;0.497;2;0
Русполимет;60;20170315;150000;0.496;0.497;0.496;0.497;9;0
Русполимет;60;20170315;160000;0.496;0.497;0.496;0.496;3;0
Русполимет;60;20170315;170000;0.497;0.503;0.496;0.497;13;0
Русполимет;60;20170316;100000;0.503;0.504;0.497;0.497;7;0
Русполимет;60;20170316;110000;0.497;0.497;0.497;0.497;1;0
Русполимет;60;20170316;140000;0.494;0.505;0.494;0.505;2;0
Русполимет;60;20170316;180000;0.505;0.515;0.505;0.515;5;0
Русполимет;60;20170317;110000;0.505;0.505;0.505;0.505;1;0
Русполимет;60;20170317;120000;0.512;0.544;0.51;0.52;23;0
Русполимет;60;20170317;140000;0.529;0.53;0.529;0.529;6;0
Русполимет;60;20170317;150000;0.521;0.521;0.52;0.52;5;0
Русполимет;60;20170317;160000;0.519;0.529;0.519;0.529;3;0
Русполимет;60;20170317;170000;0.528;0.534;0.519;0.519;17;0
Русполимет;60;20170317;180000;0.526;0.527;0.526;0.526;5;0
Русполимет;60;20170320;100000;0.533;0.537;0.522;0.522;10;0
Русполимет;60;20170320;110000;0.52;0.533;0.52;0.533;6;0
Русполимет;60;20170320;120000;0.518;0.527;0.51;0.527;14;0
Русполимет;60;20170320;160000;0.513;0.513;0.512;0.512;2;0
Русполимет;60;20170320;170000;0.512;0.514;0.512;0.514;3;0
Русполимет;60;20170320;180000;0.515;0.515;0.515;0.515;4;0
Русполимет;60;20170321;100000;0.53;0.53;0.514;0.514;4;0
Русполимет;60;20170321;110000;0.519;0.519;0.519;0.519;1;0
Русполимет;60;20170321;130000;0.518;0.518;0.518;0.518;3;0
Русполимет;60;20170321;150000;0.518;0.518;0.508;0.51;15;0
Русполимет;60;20170321;160000;0.507;0.507;0.505;0.505;10;0
Русполимет;60;20170321;170000;0.503;0.513;0.5;0.507;62;0
Русполимет;60;20170321;180000;0.503;0.503;0.501;0.501;2;0
Русполимет;60;20170322;090000;0.497;0.497;0.497;0.497;2;0
Русполимет;60;20170322;100000;0.497;0.499;0.493;0.499;22;0
Русполимет;60;20170322;110000;0.499;0.5;0.497;0.497;7;0
Русполимет;60;20170322;120000;0.5;0.5;0.484;0.49;79;0
Русполимет;60;20170322;130000;0.49;0.49;0.485;0.49;15;0
Русполимет;60;20170322;140000;0.489;0.49;0.489;0.49;5;0
Русполимет;60;20170322;150000;0.488;0.492;0.487;0.492;6;0
Русполимет;60;20170322;160000;0.489;0.492;0.489;0.492;5;0
Русполимет;60;20170322;170000;0.492;0.492;0.485;0.491;55;0
Русполимет;60;20170322;180000;0.491;0.492;0.488;0.488;12;0
Русполимет;60;20170323;100000;0.493;0.494;0.493;0.494;3;0
Русполимет;60;20170323;120000;0.494;0.494;0.493;0.493;7;0
Русполимет;60;20170323;130000;0.496;0.496;0.496;0.496;2;0
Русполимет;60;20170323;140000;0.494;0.494;0.494;0.494;2;0
Русполимет;60;20170323;150000;0.493;0.493;0.493;0.493;4;0
Русполимет;60;20170323;160000;0.494;0.494;0.494;0.494;1;0
Русполимет;60;20170323;170000;0.498;0.498;0.498;0.498;1;0
Русполимет;60;20170323;180000;0.498;0.5;0.498;0.5;12;0
Русполимет;60;20170324;100000;0.497;0.497;0.497;0.497;3;0
Русполимет;60;20170324;110000;0.5;0.5;0.496;0.496;8;0
Русполимет;60;20170324;120000;0.499;0.499;0.496;0.499;7;0
Русполимет;60;20170324;150000;0.499;0.501;0.499;0.501;4;0
Русполимет;60;20170324;160000;0.5;0.508;0.5;0.505;28;0
Русполимет;60;20170324;180000;0.505;0.507;0.505;0.507;2;0
Русполимет;60;20170327;100000;0.502;0.502;0.497;0.497;5;0
Русполимет;60;20170327;110000;0.503;0.512;0.501;0.504;20;0
Русполимет;60;20170327;120000;0.503;0.503;0.501;0.501;4;0
Русполимет;60;20170327;130000;0.507;0.507;0.507;0.507;1;0
Русполимет;60;20170327;140000;0.502;0.502;0.5;0.5;3;0
Русполимет;60;20170327;150000;0.5;0.505;0.491;0.498;85;0
Русполимет;60;20170327;160000;0.501;0.501;0.49;0.495;38;0
Русполимет;60;20170327;170000;0.493;0.496;0.49;0.49;13;0
Русполимет;60;20170327;180000;0.49;0.493;0.485;0.493;39;0
Русполимет;60;20170328;100000;0.493;0.493;0.484;0.487;6;0
Русполимет;60;20170328;110000;0.485;0.491;0.484;0.486;17;0
Русполимет;60;20170328;120000;0.491;0.491;0.487;0.488;11;0
Русполимет;60;20170328;130000;0.49;0.491;0.49;0.491;2;0
Русполимет;60;20170328;140000;0.489;0.491;0.485;0.486;17;0
Русполимет;60;20170328;150000;0.485;0.487;0.485;0.487;3;0
Русполимет;60;20170328;160000;0.487;0.492;0.484;0.485;22;0
Русполимет;60;20170328;170000;0.486;0.489;0.486;0.489;6;0
Русполимет;60;20170328;180000;0.489;0.489;0.486;0.486;11;0
Русполимет;60;20170329;100000;0.484;0.489;0.484;0.489;3;0
Русполимет;60;20170329;120000;0.485;0.485;0.482;0.482;8;0
Русполимет;60;20170329;130000;0.485;0.485;0.485;0.485;1;0
Русполимет;60;20170329;140000;0.486;0.486;0.486;0.486;5;0
Русполимет;60;20170329;150000;0.487;0.487;0.487;0.487;1;0
Русполимет;60;20170329;160000;0.487;0.487;0.487;0.487;1;0
Русполимет;60;20170329;170000;0.484;0.484;0.481;0.481;7;0
Русполимет;60;20170329;180000;0.482;0.485;0.482;0.485;3;0
Русполимет;60;20170330;110000;0.484;0.485;0.484;0.485;2;0
Русполимет;60;20170330;120000;0.482;0.482;0.482;0.482;1;0
Русполимет;60;20170330;130000;0.487;0.487;0.487;0.487;1;0
Русполимет;60;20170330;160000;0.487;0.489;0.487;0.489;7;0
Русполимет;60;20170330;170000;0.489;0.489;0.489;0.489;3;0
Русполимет;60;20170331;110000;0.485;0.485;0.485;0.485;2;0
Русполимет;60;20170331;130000;0.486;0.486;0.486;0.486;1;0
Русполимет;60;20170331;140000;0.485;0.485;0.485;0.485;1;0
Русполимет;60;20170331;150000;0.486;0.486;0.484;0.484;3;0
Русполимет;60;20170331;170000;0.488;0.49;0.485;0.489;13;0
Русполимет;60;20170331;180000;0.49;0.49;0.484;0.484;7;0
Русполимет;60;20170403;100000;0.49;0.501;0.49;0.501;56;0
Русполимет;60;20170403;110000;0.5;0.517;0.5;0.504;93;0
Русполимет;60;20170403;120000;0.509;0.509;0.509;0.509;1;0
Русполимет;60;20170403;130000;0.507;0.507;0.507;0.507;1;0
Русполимет;60;20170403;140000;0.504;0.507;0.499;0.502;12;0
Русполимет;60;20170403;160000;0.502;0.511;0.502;0.511;43;0
Русполимет;60;20170403;170000;0.505;0.505;0.505;0.505;2;0
Русполимет;60;20170404;100000;0.511;0.512;0.498;0.501;11;0
Русполимет;60;20170404;120000;0.505;0.505;0.505;0.505;1;0
Русполимет;60;20170404;130000;0.5;0.5;0.5;0.5;1;0
Русполимет;60;20170404;140000;0.498;0.498;0.498;0.498;1;0
Русполимет;60;20170404;160000;0.5;0.5;0.5;0.5;1;0
Русполимет;60;20170404;170000;0.499;0.505;0.496;0.499;22;0
Русполимет;60;20170405;100000;0.503;0.503;0.503;0.503;1;0
Русполимет;60;20170405;140000;0.498;0.501;0.481;0.488;251;0
Русполимет;60;20170405;150000;0.488;0.489;0.488;0.489;12;0
Русполимет;60;20170405;160000;0.488;0.488;0.482;0.486;31;0
Русполимет;60;20170405;170000;0.488;0.488;0.488;0.488;1;0
Русполимет;60;20170405;180000;0.485;0.489;0.485;0.489;15;0
Русполимет;60;20170406;140000;0.492;0.492;0.492;0.492;1;0
Русполимет;60;20170406;150000;0.483;0.485;0.483;0.484;3;0
Русполимет;60;20170406;160000;0.49;0.491;0.489;0.489;3;0
Русполимет;60;20170406;170000;0.484;0.485;0.484;0.484;5;0
Русполимет;60;20170406;180000;0.485;0.486;0.485;0.486;3;0
Русполимет;60;20170407;100000;0.482;0.486;0.481;0.486;8;0
Русполимет;60;20170407;110000;0.481;0.486;0.48;0.486;57;0
Русполимет;60;20170407;130000;0.482;0.482;0.482;0.482;2;0
Русполимет;60;20170407;140000;0.481;0.481;0.48;0.48;3;0
Русполимет;60;20170407;180000;0.482;0.482;0.482;0.482;1;0
Русполимет;60;20170410;100000;0.479;0.479;0.479;0.479;1;0
Русполимет;60;20170410;110000;0.481;0.481;0.479;0.479;3;0
Русполимет;60;20170410;120000;0.478;0.478;0.478;0.478;2;0
Русполимет;60;20170410;150000;0.478;0.478;0.478;0.478;1;0
Русполимет;60;20170410;170000;0.478;0.478;0.476;0.476;7;0
Русполимет;60;20170410;180000;0.48;0.48;0.48;0.48;1;0
Русполимет;60;20170411;100000;0.476;0.476;0.473;0.473;4;0
Русполимет;60;20170411;110000;0.479;0.483;0.47;0.48;72;0
Русполимет;60;20170411;120000;0.479;0.479;0.472;0.478;38;0
Русполимет;60;20170411;130000;0.473;0.475;0.47;0.474;30;0
Русполимет;60;20170411;140000;0.474;0.476;0.473;0.476;5;0
Русполимет;60;20170411;150000;0.474;0.474;0.471;0.471;14;0
Русполимет;60;20170411;160000;0.471;0.477;0.471;0.477;9;0
Русполимет;60;20170411;180000;0.473;0.474;0.472;0.474;4;0
Русполимет;60;20170412;100000;0.47;0.47;0.47;0.47;1;0
Русполимет;60;20170412;130000;0.471;0.471;0.467;0.467;5;0
Русполимет;60;20170412;140000;0.469;0.469;0.46;0.468;24;0
Русполимет;60;20170412;150000;0.466;0.466;0.451;0.452;46;0
Русполимет;60;20170412;160000;0.455;0.469;0.455;0.469;30;0
Русполимет;60;20170412;170000;0.46;0.461;0.46;0.461;10;0
Русполимет;60;20170412;180000;0.464;0.464;0.458;0.464;7;0
Русполимет;60;20170413;100000;0.468;0.47;0.456;0.456;8;0
Русполимет;60;20170413;110000;0.454;0.462;0.453;0.462;6;0
Русполимет;60;20170413;120000;0.462;0.465;0.457;0.457;18;0
Русполимет;60;20170413;130000;0.457;0.457;0.457;0.457;2;0
Русполимет;60;20170413;170000;0.46;0.465;0.46;0.465;9;0
Русполимет;60;20170413;180000;0.467;0.473;0.467;0.473;16;0
Русполимет;60;20170414;100000;0.474;0.474;0.474;0.474;1;0
Русполимет;60;20170414;140000;0.479;0.484;0.479;0.484;30;0
Русполимет;60;20170414;150000;0.478;0.48;0.478;0.48;15;0
Русполимет;60;20170414;160000;0.477;0.477;0.472;0.473;15;0
Русполимет;60;20170414;170000;0.471;0.471;0.471;0.471;1;0
Русполимет;60;20170414;180000;0.479;0.479;0.472;0.472;8;0
Русполимет;60;20170417;110000;0.471;0.471;0.47;0.47;13;0
Русполимет;60;20170417;120000;0.468;0.468;0.468;0.468;6;0
Русполимет;60;20170417;130000;0.468;0.468;0.468;0.468;6;0
Русполимет;60;20170417;150000;0.468;0.468;0.466;0.466;25;0
Русполимет;60;20170417;170000;0.466;0.466;0.461;0.462;39;0
Русполимет;60;20170417;180000;0.467;0.467;0.467;0.467;1;0
Русполимет;60;20170418;100000;0.462;0.462;0.458;0.46;15;0
Русполимет;60;20170418;110000;0.46;0.46;0.454;0.46;23;0
Русполимет;60;20170418;130000;0.455;0.455;0.454;0.454;24;0
Русполимет;60;20170418;140000;0.454;0.454;0.454;0.454;18;0
Русполимет;60;20170418;150000;0.453;0.453;0.451;0.451;26;0
Русполимет;60;20170418;160000;0.452;0.452;0.45;0.45;60;0
Русполимет;60;20170418;170000;0.453;0.453;0.453;0.453;1;0
Русполимет;60;20170418;180000;0.453;0.458;0.45;0.458;35;0
Русполимет;60;20170419;100000;0.452;0.454;0.449;0.454;23;0
Русполимет;60;20170419;110000;0.454;0.454;0.454;0.454;8;0
Русполимет;60;20170419;120000;0.453;0.456;0.453;0.456;5;0
Русполимет;60;20170419;140000;0.453;0.453;0.45;0.45;16;0
Русполимет;60;20170419;170000;0.451;0.451;0.45;0.45;10;0
Русполимет;60;20170419;180000;0.457;0.457;0.457;0.457;1;0
Русполимет;60;20170420;100000;0.451;0.451;0.451;0.451;8;0
Русполимет;60;20170420;120000;0.45;0.45;0.45;0.45;1;0
Русполимет;60;20170420;130000;0.45;0.45;0.45;0.45;7;0
Русполимет;60;20170420;150000;0.45;0.45;0.449;0.449;16;0
Русполимет;60;20170420;180000;0.45;0.45;0.447;0.45;24;0
Русполимет;60;20170421;100000;0.45;0.457;0.45;0.457;13;0
Русполимет;60;20170421;110000;0.45;0.45;0.45;0.45;2;0
Русполимет;60;20170421;120000;0.454;0.456;0.454;0.456;15;0
Русполимет;60;20170421;160000;0.451;0.451;0.45;0.451;31;0
Русполимет;60;20170421;170000;0.45;0.45;0.45;0.45;5;0
Русполимет;60;20170421;180000;0.451;0.455;0.451;0.455;41;0
Русполимет;60;20170424;100000;0.455;0.455;0.454;0.454;2;0
Русполимет;60;20170424;180000;0.45;0.45;0.447;0.45;5;0
Русполимет;60;20170425;100000;0.45;0.452;0.45;0.452;74;0
Русполимет;60;20170425;110000;0.449;0.449;0.447;0.447;2;0
Русполимет;60;20170425;170000;0.453;0.455;0.453;0.455;91;0
Русполимет;60;20170425;180000;0.455;0.455;0.455;0.455;1;0
Русполимет;60;20170426;130000;0.451;0.451;0.45;0.451;11;0
Русполимет;60;20170426;140000;0.451;0.451;0.451;0.451;2;0
Русполимет;60;20170426;170000;0.455;0.455;0.455;0.455;1;0
Русполимет;60;20170426;180000;0.455;0.455;0.455;0.455;2;0
Русполимет;60;20170427;110000;0.451;0.451;0.447;0.447;8;0
Русполимет;60;20170427;120000;0.453;0.453;0.453;0.453;1;0
Русполимет;60;20170427;130000;0.448;0.453;0.446;0.453;16;0
Русполимет;60;20170427;140000;0.452;0.452;0.452;0.452;2;0
Русполимет;60;20170427;150000;0.452;0.452;0.452;0.452;1;0
Русполимет;60;20170427;170000;0.448;0.448;0.448;0.448;1;0
Русполимет;60;20170427;180000;0.454;0.454;0.454;0.454;1;0
Русполимет;60;20170428;100000;0.452;0.455;0.452;0.455;7;0
Русполимет;60;20170428;120000;0.448;0.448;0.448;0.448;1;0
Русполимет;60;20170428;140000;0.453;0.453;0.453;0.453;1;0
Русполимет;60;20170428;180000;0.45;0.45;0.45;0.45;3;0
Русполимет;60;20170502;100000;0.447;0.447;0.447;0.447;2;0
Русполимет;60;20170502;110000;0.447;0.447;0.446;0.446;3;0
Русполимет;60;20170502;120000;0.448;0.448;0.445;0.446;6;0
Русполимет;60;20170502;130000;0.445;0.445;0.421;0.442;31;0
Русполимет;60;20170502;140000;0.441;0.441;0.44;0.44;9;0
Русполимет;60;20170502;150000;0.441;0.441;0.44;0.44;4;0
Русполимет;60;20170502;170000;0.439;0.439;0.439;0.439;2;0
Русполимет;60;20170502;180000;0.439;0.439;0.438;0.438;3;0
Русполимет;60;20170503;110000;0.441;0.454;0.441;0.454;39;0
Русполимет;60;20170503;150000;0.447;0.447;0.447;0.447;2;0
Русполимет;60;20170503;160000;0.436;0.436;0.436;0.436;1;0
Русполимет;60;20170503;170000;0.437;0.438;0.435;0.435;26;0
Русполимет;60;20170503;180000;0.435;0.441;0.435;0.441;2;0
Русполимет;60;20170504;160000;0.428;0.428;0.428;0.428;1;0
Русполимет;60;20170504;180000;0.439;0.439;0.439;0.439;1;0
Русполимет;60;20170505;100000;0.428;0.428;0.428;0.428;3;0
Русполимет;60;20170505;110000;0.43;0.438;0.43;0.438;3;0
Русполимет;60;20170505;150000;0.438;0.44;0.438;0.44;10;0
Русполимет;60;20170505;170000;0.433;0.433;0.425;0.425;8;0
Русполимет;60;20170505;180000;0.43;0.432;0.43;0.432;4;0
Русполимет;60;20170510;100000;0.44;0.44;0.43;0.43;2;0
Русполимет;60;20170510;140000;0.43;0.43;0.43;0.43;1;0
Русполимет;60;20170510;160000;0.44;0.44;0.44;0.44;1;0
Русполимет;60;20170510;170000;0.431;0.431;0.431;0.431;3;0
Русполимет;60;20170510;180000;0.43;0.43;0.43;0.43;2;0
Русполимет;60;20170511;140000;0.431;0.431;0.43;0.43;5;0
Русполимет;60;20170511;150000;0.429;0.429;0.428;0.428;3;0
Русполимет;60;20170511;160000;0.429;0.429;0.429;0.429;1;0
Русполимет;60;20170511;170000;0.423;0.451;0.423;0.451;32;0
Русполимет;60;20170511;180000;0.44;0.48;0.44;0.48;73;0
Русполимет;60;20170512;090000;0.489;0.489;0.489;0.489;3;0
Русполимет;60;20170512;100000;0.494;0.494;0.467;0.467;63;0
Русполимет;60;20170512;110000;0.476;0.476;0.454;0.472;28;0
Русполимет;60;20170512;120000;0.474;0.483;0.474;0.475;33;0
Русполимет;60;20170512;140000;0.477;0.48;0.476;0.48;16;0
Русполимет;60;20170512;150000;0.476;0.476;0.476;0.476;8;0
Русполимет;60;20170512;160000;0.475;0.478;0.475;0.478;19;0
Русполимет;60;20170512;170000;0.473;0.481;0.462;0.47;21;0
Русполимет;60;20170512;180000;0.472;0.472;0.472;0.472;1;0
Русполимет;60;20170515;100000;0.479;0.498;0.476;0.476;28;0
Русполимет;60;20170515;110000;0.475;0.475;0.455;0.464;51;0
Русполимет;60;20170515;120000;0.458;0.458;0.457;0.457;6;0
Русполимет;60;20170515;140000;0.457;0.457;0.457;0.457;1;0
Русполимет;60;20170515;150000;0.463;0.463;0.463;0.463;1;0
Русполимет;60;20170515;180000;0.463;0.463;0.463;0.463;1;0
Русполимет;60;20170516;110000;0.456;0.456;0.452;0.452;2;0
Русполимет;60;20170516;120000;0.45;0.451;0.45;0.45;3;0
Русполимет;60;20170516;170000;0.45;0.45;0.449;0.449;2;0
Русполимет;60;20170516;180000;0.457;0.457;0.457;0.457;1;0
Русполимет;60;20170517;110000;0.447;0.447;0.447;0.447;1;0
Русполимет;60;20170517;120000;0.447;0.457;0.447;0.457;12;0
Русполимет;60;20170517;140000;0.454;0.454;0.454;0.454;32;0
Русполимет;60;20170517;170000;0.458;0.458;0.458;0.458;1;0
Русполимет;60;20170518;100000;0.452;0.457;0.452;0.457;2;0
Русполимет;60;20170518;110000;0.457;0.457;0.457;0.457;1;0
Русполимет;60;20170518;170000;0.448;0.448;0.433;0.443;6;0
Русполимет;60;20170518;180000;0.449;0.449;0.449;0.449;1;0
Русполимет;60;20170519;100000;0.453;0.461;0.453;0.461;6;0
Русполимет;60;20170519;110000;0.452;0.452;0.448;0.448;3;0
Русполимет;60;20170519;130000;0.456;0.459;0.456;0.459;9;0
Русполимет;60;20170519;160000;0.459;0.459;0.459;0.459;2;0
Русполимет;60;20170522;100000;0.463;0.463;0.441;0.448;17;0
Русполимет;60;20170522;110000;0.454;0.454;0.454;0.454;1;0
Русполимет;60;20170522;160000;0.447;0.447;0.441;0.441;4;0
Русполимет;60;20170522;170000;0.454;0.454;0.454;0.454;1;0
Русполимет;60;20170523;130000;0.447;0.447;0.447;0.447;1;0
Русполимет;60;20170523;180000;0.453;0.453;0.453;0.453;1;0
Русполимет;60;20170524;170000;0.444;0.444;0.444;0.444;1;0
Русполимет;60;20170524;180000;0.443;0.448;0.443;0.448;7;0
Русполимет;60;20170525;100000;0.442;0.442;0.43;0.43;4;0
Русполимет;60;20170525;110000;0.44;0.44;0.425;0.425;10;0
Русполимет;60;20170525;120000;0.435;0.435;0.432;0.432;14;0
Русполимет;60;20170525;130000;0.431;0.431;0.43;0.43;6;0
Русполимет;60;20170525;150000;0.43;0.43;0.43;0.43;3;0
Русполимет;60;20170525;160000;0.428;0.428;0.428;0.428;1;0
Русполимет;60;20170525;170000;0.429;0.43;0.428;0.43;15;0
Русполимет;60;20170525;180000;0.437;0.437;0.437;0.437;8;0
Русполимет;60;20170526;130000;0.438;0.484;0.438;0.48;97;0
Русполимет;60;20170526;140000;0.475;0.484;0.451;0.463;59;0
Русполимет;60;20170526;150000;0.462;0.47;0.46;0.47;46;0
Русполимет;60;20170526;160000;0.467;0.47;0.467;0.47;6;0
Русполимет;60;20170526;180000;0.454;0.46;0.454;0.46;2;0
Русполимет;60;20170529;100000;0.473;0.473;0.473;0.473;1;0
Русполимет;60;20170529;140000;0.453;0.455;0.453;0.455;2;0
Русполимет;60;20170529;180000;0.454;0.454;0.454;0.454;1;0
Русполимет;60;20170530;100000;0.45;0.451;0.45;0.45;5;0
Русполимет;60;20170530;110000;0.45;0.45;0.45;0.45;1;0
Русполимет;60;20170530;120000;0.45;0.45;0.442;0.443;14;0
Русполимет;60;20170530;130000;0.447;0.447;0.443;0.443;6;0
Русполимет;60;20170530;180000;0.453;0.453;0.453;0.453;1;0
Русполимет;60;20170531;110000;0.453;0.454;0.453;0.454;4;0
Русполимет;60;20170531;150000;0.443;0.443;0.443;0.443;1;0
Русполимет;60;20170531;180000;0.454;0.454;0.454;0.454;1;0
Русполимет;60;20170601;100000;0.45;0.45;0.45;0.45;1;0
Русполимет;60;20170601;110000;0.446;0.446;0.445;0.445;2;0
Русполимет;60;20170601;130000;0.437;0.44;0.437;0.44;2;0
Русполимет;60;20170601;140000;0.433;0.439;0.432;0.439;3;0
Русполимет;60;20170601;150000;0.433;0.433;0.432;0.432;4;0
Русполимет;60;20170601;160000;0.432;0.432;0.431;0.431;2;0
Русполимет;60;20170601;170000;0.432;0.432;0.43;0.43;8;0
Русполимет;60;20170601;180000;0.437;0.444;0.437;0.444;4;0
Русполимет;60;20170602;100000;0.438;0.438;0.4;0.415;82;0
Русполимет;60;20170602;110000;0.417;0.419;0.414;0.419;26;0
Русполимет;60;20170602;120000;0.417;0.417;0.417;0.417;1;0
Русполимет;60;20170602;140000;0.425;0.425;0.425;0.425;2;0
Русполимет;60;20170602;170000;0.422;0.422;0.415;0.415;15;0
Русполимет;60;20170602;180000;0.422;0.422;0.422;0.422;1;0
Русполимет;60;20170605;100000;0.412;0.417;0.406;0.406;14;0
Русполимет;60;20170605;110000;0.407;0.407;0.407;0.407;51;0
Русполимет;60;20170605;120000;0.408;0.408;0.408;0.408;1;0
Русполимет;60;20170605;130000;0.416;0.416;0.416;0.416;1;0
Русполимет;60;20170605;170000;0.415;0.415;0.415;0.415;1;0
Русполимет;60;20170605;180000;0.409;0.409;0.409;0.409;4;0
Русполимет;60;20170606;100000;0.406;0.407;0.402;0.402;12;0
Русполимет;60;20170606;110000;0.401;0.401;0.401;0.401;4;0
Русполимет;60;20170606;120000;0.406;0.407;0.406;0.407;2;0
Русполимет;60;20170606;140000;0.403;0.403;0.402;0.402;6;0
Русполимет;60;20170606;170000;0.402;0.402;0.402;0.402;2;0
Русполимет;60;20170606;180000;0.407;0.407;0.407;0.407;1;0
Русполимет;60;20170607;100000;0.399;0.407;0.398;0.402;10;0
Русполимет;60;20170607;110000;0.41;0.41;0.41;0.41;1;0
Русполимет;60;20170607;120000;0.41;0.41;0.41;0.41;1;0
Русполимет;60;20170607;130000;0.403;0.411;0.403;0.411;13;0
Русполимет;60;20170607;140000;0.411;0.411;0.411;0.411;11;0
Русполимет;60;20170607;150000;0.412;0.418;0.412;0.415;28;0
Русполимет;60;20170607;160000;0.409;0.409;0.405;0.405;16;0
Русполимет;60;20170607;170000;0.407;0.407;0.405;0.405;8;0
Русполимет;60;20170607;180000;0.414;0.414;0.414;0.414;1;0
Русполимет;60;20170608;100000;0.41;0.41;0.41;0.41;1;0
Русполимет;60;20170608;130000;0.412;0.412;0.412;0.412;1;0
Русполимет;60;20170608;160000;0.415;0.415;0.415;0.415;1;0
Русполимет;60;20170609;120000;0.41;0.42;0.41;0.415;33;0
Русполимет;60;20170609;130000;0.42;0.42;0.42;0.42;10;0
Русполимет;60;20170613;140000;0.424;0.425;0.424;0.425;2;0
Русполимет;60;20170613;150000;0.425;0.425;0.425;0.425;2;0
Русполимет;60;20170613;160000;0.421;0.421;0.421;0.421;1;0
Русполимет;60;20170613;180000;0.42;0.426;0.415;0.426;5;0
Русполимет;60;20170614;110000;0.412;0.412;0.412;0.412;2;0
Русполимет;60;20170614;120000;0.407;0.411;0.401;0.401;43;0
Русполимет;60;20170614;130000;0.405;0.405;0.403;0.403;3;0
Русполимет;60;20170614;140000;0.402;0.414;0.402;0.414;4;0
Русполимет;60;20170614;180000;0.404;0.407;0.403;0.407;3;0
Русполимет;60;20170615;100000;0.4;0.4;0.39;0.393;39;0
Русполимет;60;20170615;120000;0.393;0.393;0.381;0.381;31;0
Русполимет;60;20170615;130000;0.392;0.393;0.39;0.393;5;0
Русполимет;60;20170615;180000;0.394;0.394;0.394;0.394;1;0
Русполимет;60;20170616;110000;0.398;0.404;0.398;0.404;3;0
Русполимет;60;20170616;130000;0.4;0.4;0.4;0.4;1;0
Русполимет;60;20170616;180000;0.404;0.404;0.404;0.404;1;0
Русполимет;60;20170619;100000;0.4;0.404;0.4;0.404;12;0
Русполимет;60;20170620;100000;0.404;0.404;0.404;0.404;2;0
Русполимет;60;20170620;120000;0.394;0.394;0.391;0.391;10;0
Русполимет;60;20170620;130000;0.398;0.403;0.398;0.403;11;0
Русполимет;60;20170620;140000;0.4;0.4;0.4;0.4;1;0
Русполимет;60;20170620;180000;0.406;0.406;0.406;0.406;1;0
Русполимет;60;20170621;100000;0.404;0.404;0.404;0.404;1;0
Русполимет;60;20170621;130000;0.405;0.405;0.405;0.405;1;0
Русполимет;60;20170622;130000;0.397;0.397;0.395;0.395;3;0
Русполимет;60;20170622;140000;0.403;0.403;0.403;0.403;1;0
Русполимет;60;20170622;150000;0.4;0.4;0.4;0.4;2;0
Русполимет;60;20170622;160000;0.397;0.397;0.396;0.396;3;0
Русполимет;60;20170622;180000;0.404;0.404;0.404;0.404;2;0
Русполимет;60;20170623;100000;0.404;0.404;0.404;0.404;2;0
Русполимет;60;20170623;150000;0.401;0.401;0.4;0.4;2;0
Русполимет;60;20170623;160000;0.4;0.4;0.4;0.4;2;0
Русполимет;60;20170623;170000;0.404;0.404;0.404;0.404;5;0
Русполимет;60;20170623;180000;0.396;0.396;0.396;0.396;1;0
Русполимет;60;20170626;100000;0.404;0.405;0.404;0.405;2;0
Русполимет;60;20170626;110000;0.407;0.414;0.407;0.414;12;0
Русполимет;60;20170626;120000;0.41;0.414;0.41;0.414;9;0
Русполимет;60;20170626;140000;0.41;0.41;0.41;0.41;1;0
Русполимет;60;20170626;150000;0.408;0.416;0.405;0.416;9;0
Русполимет;60;20170626;160000;0.417;0.417;0.417;0.417;4;0
Русполимет;60;20170626;180000;0.416;0.417;0.407;0.407;8;0
Русполимет;60;20170627;100000;0.418;0.418;0.404;0.414;6;0
Русполимет;60;20170627;120000;0.421;0.421;0.421;0.421;1;0
Русполимет;60;20170628;170000;0.416;0.416;0.416;0.416;1;0
Русполимет;60;20170628;180000;0.416;0.416;0.416;0.416;1;0
Русполимет;60;20170629;150000;0.419;0.419;0.419;0.419;1;0
Русполимет;60;20170630;120000;0.411;0.417;0.411;0.417;3;0
Русполимет;60;20170703;110000;0.419;0.419;0.419;0.419;1;0
Русполимет;60;20170703;170000;0.41;0.41;0.406;0.406;5;0
Русполимет;60;20170704;120000;0.417;0.417;0.417;0.417;1;0
Русполимет;60;20170704;130000;0.407;0.407;0.407;0.407;1;0
Русполимет;60;20170704;160000;0.407;0.407;0.407;0.407;11;0
Русполимет;60;20170704;170000;0.415;0.42;0.415;0.42;16;0
Русполимет;60;20170705;110000;0.412;0.415;0.412;0.415;5;0
Русполимет;60;20170705;150000;0.414;0.414;0.414;0.414;1;0
Русполимет;60;20170705;160000;0.411;0.411;0.41;0.41;5;0
Русполимет;60;20170706;110000;0.417;0.417;0.417;0.417;1;0
Русполимет;60;20170706;150000;0.411;0.411;0.411;0.411;2;0
Русполимет;60;20170706;180000;0.417;0.417;0.417;0.417;1;0
Русполимет;60;20170707;110000;0.417;0.417;0.417;0.417;2;0
Русполимет;60;20170707;130000;0.416;0.416;0.416;0.416;1;0
Русполимет;60;20170707;170000;0.412;0.419;0.412;0.418;12;0
Русполимет;60;20170710;090000;0.418;0.418;0.418;0.418;1;0
Русполимет;60;20170710;100000;0.411;0.411;0.392;0.392;22;0
Русполимет;60;20170710;110000;0.413;0.413;0.413;0.413;1;0
Русполимет;60;20170711;110000;0.422;0.424;0.417;0.417;6;0
Русполимет;60;20170711;130000;0.418;0.418;0.418;0.418;2;0
Русполимет;60;20170711;180000;0.417;0.417;0.417;0.417;1;0
Русполимет;60;20170712;130000;0.413;0.413;0.413;0.413;1;0
Русполимет;60;20170713;100000;0.415;0.415;0.415;0.415;1;0
Русполимет;60;20170713;150000;0.42;0.424;0.42;0.424;5;0
Русполимет;60;20170713;160000;0.423;0.428;0.423;0.428;12;0
Русполимет;60;20170713;170000;0.422;0.422;0.414;0.414;12;0
Русполимет;60;20170714;130000;0.422;0.427;0.422;0.427;6;0
Русполимет;60;20170717;110000;0.426;0.427;0.426;0.427;20;0
Русполимет;60;20170717;150000;0.427;0.428;0.427;0.428;8;0
Русполимет;60;20170717;180000;0.427;0.427;0.427;0.427;23;0
Русполимет;60;20170718;170000;0.423;0.423;0.423;0.423;2;0
Русполимет;60;20170718;180000;0.426;0.426;0.412;0.412;8;0
Русполимет;60;20170719;130000;0.425;0.425;0.425;0.425;1;0
Русполимет;60;20170721;100000;0.414;0.414;0.414;0.414;1;0
Русполимет;60;20170721;110000;0.414;0.414;0.414;0.414;1;0
Русполимет;60;20170721;160000;0.422;0.428;0.422;0.428;5;0
Русполимет;60;20170724;100000;0.422;0.422;0.412;0.412;5;0
Русполимет;60;20170724;110000;0.414;0.416;0.412;0.412;29;0
Русполимет;60;20170724;120000;0.415;0.42;0.409;0.42;17;0
Русполимет;60;20170724;160000;0.415;0.415;0.415;0.415;3;0
Русполимет;60;20170724;180000;0.415;0.415;0.415;0.415;2;0
Русполимет;60;20170725;140000;0.414;0.414;0.414;0.414;10;0
Русполимет;60;20170725;180000;0.417;0.417;0.417;0.417;10;0
Русполимет;60;20170726;100000;0.417;0.417;0.417;0.417;1;0
Русполимет;60;20170726;150000;0.416;0.416;0.416;0.416;1;0
Русполимет;60;20170727;130000;0.421;0.421;0.418;0.42;17;0
Русполимет;60;20170727;140000;0.424;0.434;0.424;0.434;27;0
Русполимет;60;20170727;150000;0.433;0.541;0.433;0.51;378;0
Русполимет;60;20170727;160000;0.51;0.515;0.474;0.499;64;0
Русполимет;60;20170727;170000;0.481;0.487;0.465;0.477;59;0
Русполимет;60;20170727;180000;0.466;0.473;0.455;0.455;97;0
Русполимет;60;20170728;090000;0.465;0.465;0.465;0.465;1;0
Русполимет;60;20170728;100000;0.466;0.514;0.459;0.506;151;0
Русполимет;60;20170728;110000;0.499;0.528;0.478;0.494;265;0
Русполимет;60;20170728;120000;0.477;0.48;0.469;0.47;40;0
Русполимет;60;20170728;130000;0.466;0.47;0.45;0.451;81;0
Русполимет;60;20170728;140000;0.45;0.466;0.45;0.46;11;0
Русполимет;60;20170728;150000;0.466;0.472;0.466;0.472;5;0
Русполимет;60;20170728;160000;0.469;0.47;0.456;0.467;14;0
Русполимет;60;20170728;170000;0.46;0.466;0.452;0.466;8;0
Русполимет;60;20170728;180000;0.462;0.484;0.462;0.481;114;0
Русполимет;60;20170731;100000;0.488;0.509;0.477;0.477;100;0
Русполимет;60;20170731;110000;0.476;0.476;0.473;0.473;2;0
Русполимет;60;20170731;120000;0.469;0.469;0.469;0.469;1;0
Русполимет;60;20170731;130000;0.483;0.483;0.47;0.47;18;0
Русполимет;60;20170731;140000;0.47;0.47;0.47;0.47;3;0
Русполимет;60;20170731;150000;0.47;0.472;0.464;0.472;54;0
Русполимет;60;20170731;160000;0.47;0.47;0.467;0.467;29;0
Русполимет;60;20170801;100000;0.477;0.483;0.476;0.483;36;0
Русполимет;60;20170801;120000;0.476;0.476;0.464;0.472;131;0
Русполимет;60;20170801;130000;0.466;0.466;0.462;0.462;3;0
Русполимет;60;20170801;140000;0.473;0.483;0.473;0.483;45;0
Русполимет;60;20170801;150000;0.48;0.48;0.48;0.48;7;0
Русполимет;60;20170801;160000;0.472;0.472;0.471;0.472;17;0
Русполимет;60;20170801;180000;0.482;0.482;0.482;0.482;1;0
Русполимет;60;20170802;180000;0.468;0.478;0.468;0.478;5;0
Русполимет;60;20170803;100000;0.473;0.478;0.473;0.478;3;0
Русполимет;60;20170803;110000;0.473;0.489;0.472;0.482;56;0
Русполимет;60;20170803;120000;0.479;0.48;0.479;0.48;4;0
Русполимет;60;20170803;130000;0.477;0.477;0.477;0.477;1;0
Русполимет;60;20170803;150000;0.476;0.499;0.47;0.496;141;0
Русполимет;60;20170803;160000;0.493;0.496;0.479;0.495;96;0
Русполимет;60;20170803;170000;0.496;0.498;0.482;0.489;50;0
Русполимет;60;20170803;180000;0.483;0.491;0.482;0.491;13;0
Русполимет;60;20170804;100000;0.491;0.538;0.491;0.508;54;0
Русполимет;60;20170804;110000;0.509;0.511;0.497;0.508;58;0
Русполимет;60;20170804;120000;0.507;0.509;0.506;0.509;8;0
Русполимет;60;20170804;130000;0.501;0.501;0.467;0.482;74;0
Русполимет;60;20170804;140000;0.485;0.485;0.485;0.485;1;0
Русполимет;60;20170804;150000;0.487;0.487;0.487;0.487;1;0
Русполимет;60;20170804;170000;0.487;0.487;0.482;0.482;6;0
Русполимет;60;20170804;180000;0.482;0.498;0.47;0.494;209;0
Русполимет;60;20170807;090000;0.499;0.499;0.499;0.499;1;0
Русполимет;60;20170807;100000;0.499;0.499;0.482;0.497;17;0
Русполимет;60;20170807;170000;0.486;0.486;0.471;0.481;209;0
Русполимет;60;20170807;180000;0.48;0.48;0.48;0.48;2;0
Русполимет;60;20170808;100000;0.48;0.48;0.48;0.48;1;0
Русполимет;60;20170808;110000;0.473;0.474;0.473;0.474;2;0
Русполимет;60;20170808;120000;0.473;0.474;0.473;0.473;13;0
Русполимет;60;20170808;130000;0.473;0.479;0.473;0.476;11;0
Русполимет;60;20170808;160000;0.476;0.476;0.473;0.473;15;0
Русполимет;60;20170808;170000;0.476;0.476;0.475;0.475;16;0
Русполимет;60;20170808;180000;0.478;0.478;0.478;0.478;1;0
Русполимет;60;20170809;100000;0.473;0.478;0.473;0.478;2;0
Русполимет;60;20170809;110000;0.475;0.475;0.475;0.475;9;0
Русполимет;60;20170809;120000;0.475;0.475;0.475;0.475;2;0
Русполимет;60;20170809;130000;0.472;0.472;0.466;0.466;10;0
Русполимет;60;20170809;160000;0.476;0.476;0.476;0.476;3;0
Русполимет;60;20170809;170000;0.468;0.468;0.468;0.468;1;0
Русполимет;60;20170809;180000;0.478;0.478;0.478;0.478;1;0
Русполимет;60;20170810;100000;0.473;0.473;0.473;0.473;10;0
Русполимет;60;20170810;110000;0.465;0.487;0.465;0.485;55;0
Русполимет;60;20170810;120000;0.489;0.505;0.486;0.5;145;0
Русполимет;60;20170810;130000;0.493;0.493;0.493;0.493;1;0
Русполимет;60;20170810;140000;0.487;0.49;0.487;0.49;2;0
Русполимет;60;20170810;150000;0.497;0.544;0.496;0.502;237;0
Русполимет;60;20170810;160000;0.52;0.52;0.48;0.492;169;0
Русполимет;60;20170810;170000;0.49;0.491;0.486;0.487;11;0
Русполимет;60;20170810;180000;0.487;0.489;0.486;0.489;7;0
Русполимет;60;20170811;090000;0.486;0.486;0.486;0.486;1;0
Русполимет;60;20170811;100000;0.485;0.485;0.483;0.483;6;0
Русполимет;60;20170811;110000;0.487;0.492;0.487;0.488;10;0
Русполимет;60;20170811;140000;0.482;0.482;0.471;0.48;58;0
Русполимет;60;20170811;160000;0.48;0.486;0.48;0.486;9;0
Русполимет;60;20170811;180000;0.481;0.484;0.478;0.483;9;0
Русполимет;60;20170814;110000;0.478;0.486;0.478;0.479;6;0
Русполимет;60;20170814;120000;0.478;0.479;0.478;0.479;17;0
Русполимет;60;20170814;130000;0.479;0.479;0.479;0.479;1;0
Русполимет;60;20170814;160000;0.482;0.487;0.482;0.482;8;0
Русполимет;60;20170814;170000;0.478;0.478;0.476;0.476;3;0
Русполимет;60;20170814;180000;0.482;0.482;0.476;0.482;3;0
Русполимет;60;20170815;100000;0.476;0.48;0.472;0.48;14;0
Русполимет;60;20170815;120000;0.477;0.477;0.472;0.472;29;0
Русполимет;60;20170815;130000;0.472;0.472;0.472;0.472;2;0
Русполимет;60;20170815;150000;0.478;0.478;0.478;0.478;3;0
Русполимет;60;20170815;160000;0.479;0.482;0.479;0.482;8;0
Русполимет;60;20170816;140000;0.476;0.478;0.473;0.478;10;0
Русполимет;60;20170816;170000;0.48;0.48;0.471;0.471;4;0
Русполимет;60;20170816;180000;0.474;0.482;0.474;0.482;2;0
Русполимет;60;20170817;110000;0.471;0.471;0.47;0.47;2;0
Русполимет;60;20170817;130000;0.478;0.478;0.473;0.473;2;0
Русполимет;60;20170817;180000;0.48;0.483;0.48;0.483;4;0
Русполимет;60;20170818;100000;0.471;0.471;0.471;0.471;1;0
Русполимет;60;20170818;140000;0.472;0.472;0.472;0.472;4;0
Русполимет;60;20170818;160000;0.476;0.502;0.476;0.498;137;0
Русполимет;60;20170818;170000;0.496;0.508;0.495;0.503;16;0
Русполимет;60;20170818;180000;0.5;0.502;0.5;0.502;4;0
Русполимет;60;20170821;100000;0.504;0.533;0.504;0.531;138;0
Русполимет;60;20170821;110000;0.522;0.526;0.493;0.499;181;0
Русполимет;60;20170821;120000;0.499;0.5;0.491;0.491;12;0
Русполимет;60;20170821;130000;0.505;0.505;0.5;0.5;10;0
Русполимет;60;20170821;140000;0.499;0.503;0.491;0.499;34;0
Русполимет;60;20170821;150000;0.497;0.5;0.49;0.49;21;0
Русполимет;60;20170821;160000;0.49;0.49;0.49;0.49;5;0
Русполимет;60;20170821;170000;0.496;0.496;0.493;0.493;6;0
Русполимет;60;20170821;180000;0.493;0.498;0.492;0.498;9;0
Русполимет;60;20170822;100000;0.492;0.492;0.481;0.483;50;0
Русполимет;60;20170822;110000;0.49;0.492;0.49;0.492;4;0
Русполимет;60;20170822;140000;0.486;0.486;0.484;0.484;30;0
Русполимет;60;20170822;170000;0.49;0.49;0.49;0.49;1;0
Русполимет;60;20170822;180000;0.487;0.492;0.487;0.492;2;0
Русполимет;60;20170823;100000;0.481;0.494;0.475;0.483;103;0
Русполимет;60;20170823;120000;0.493;0.493;0.493;0.493;1;0
Русполимет;60;20170823;130000;0.481;0.481;0.477;0.477;11;0
Русполимет;60;20170823;170000;0.48;0.48;0.478;0.48;3;0
Русполимет;60;20170823;180000;0.488;0.488;0.488;0.488;1;0
Русполимет;60;20170824;100000;0.474;0.483;0.468;0.483;9;0
Русполимет;60;20170824;110000;0.482;0.482;0.482;0.482;1;0
Русполимет;60;20170824;120000;0.482;0.485;0.467;0.467;77;0
Русполимет;60;20170824;130000;0.472;0.473;0.472;0.473;5;0
Русполимет;60;20170824;180000;0.482;0.482;0.482;0.482;2;0
Русполимет;60;20170825;110000;0.478;0.478;0.469;0.469;62;0
Русполимет;60;20170825;160000;0.473;0.473;0.47;0.47;15;0
Русполимет;60;20170825;170000;0.472;0.476;0.472;0.476;2;0
Русполимет;60;20170825;180000;0.472;0.474;0.47;0.474;16;0
Русполимет;60;20170828;110000;0.472;0.472;0.469;0.469;10;0
Русполимет;60;20170828;120000;0.469;0.473;0.468;0.473;14;0
Русполимет;60;20170828;170000;0.474;0.474;0.474;0.474;1;0
Русполимет;60;20170828;180000;0.47;0.472;0.47;0.472;3;0
Русполимет;60;20170829;100000;0.47;0.471;0.468;0.468;17;0
Русполимет;60;20170829;110000;0.468;0.468;0.46;0.464;31;0
Русполимет;60;20170829;120000;0.463;0.464;0.461;0.463;29;0
Русполимет;60;20170829;130000;0.464;0.464;0.463;0.463;4;0
Русполимет;60;20170829;140000;0.462;0.462;0.462;0.462;3;0
Русполимет;60;20170829;150000;0.465;0.465;0.465;0.465;3;0
Русполимет;60;20170829;160000;0.465;0.471;0.465;0.471;29;0
Русполимет;60;20170829;170000;0.469;0.472;0.456;0.459;90;0
Русполимет;60;20170829;180000;0.463;0.466;0.462;0.464;22;0
Русполимет;60;20170830;100000;0.457;0.466;0.457;0.466;41;0
Русполимет;60;20170830;110000;0.467;0.484;0.467;0.477;176;0
Русполимет;60;20170830;130000;0.476;0.476;0.472;0.472;27;0
Русполимет;60;20170830;140000;0.472;0.478;0.472;0.478;2;0
Русполимет;60;20170830;150000;0.477;0.477;0.477;0.477;2;0
Русполимет;60;20170830;160000;0.472;0.477;0.461;0.466;109;0
Русполимет;60;20170830;170000;0.465;0.468;0.464;0.468;13;0
Русполимет;60;20170830;180000;0.464;0.468;0.464;0.465;14;0
Русполимет;60;20170831;100000;0.468;0.488;0.468;0.475;64;0
Русполимет;60;20170831;110000;0.473;0.478;0.465;0.47;80;0
Русполимет;60;20170831;120000;0.47;0.47;0.47;0.47;2;0
Русполимет;60;20170831;130000;0.471;0.471;0.471;0.471;2;0
Русполимет;60;20170831;160000;0.47;0.472;0.47;0.472;3;0
Русполимет;60;20170831;170000;0.47;0.472;0.47;0.472;3;0
Русполимет;60;20170901;100000;0.479;0.479;0.465;0.469;20;0
Русполимет;60;20170901;120000;0.466;0.466;0.466;0.466;6;0
Русполимет;60;20170901;150000;0.47;0.47;0.47;0.47;1;0
Русполимет;60;20170901;160000;0.466;0.471;0.46;0.47;38;0
Русполимет;60;20170901;170000;0.468;0.47;0.46;0.464;146;0
Русполимет;60;20170901;180000;0.463;0.464;0.463;0.464;9;0
Русполимет;60;20170904;100000;0.461;0.469;0.456;0.461;71;0
Русполимет;60;20170904;110000;0.465;0.468;0.465;0.468;26;0
Русполимет;60;20170904;140000;0.467;0.467;0.467;0.467;4;0
Русполимет;60;20170904;150000;0.467;0.474;0.467;0.467;49;0
Русполимет;60;20170904;160000;0.471;0.471;0.471;0.471;1;0
Русполимет;60;20170904;170000;0.466;0.466;0.465;0.465;12;0
Русполимет;60;20170904;180000;0.466;0.466;0.466;0.466;1;0
Русполимет;60;20170905;100000;0.463;0.465;0.46;0.464;63;0
Русполимет;60;20170905;120000;0.464;0.464;0.464;0.464;1;0
Русполимет;60;20170905;140000;0.464;0.464;0.464;0.464;4;0
Русполимет;60;20170905;160000;0.462;0.462;0.462;0.462;1;0
Русполимет;60;20170905;180000;0.462;0.462;0.462;0.462;1;0
Русполимет;60;20170906;130000;0.464;0.464;0.464;0.464;1;0
Русполимет;60;20170906;140000;0.464;0.464;0.458;0.463;87;0
Русполимет;60;20170907;120000;0.464;0.464;0.464;0.464;8;0
Русполимет;60;20170907;180000;0.46;0.46;0.46;0.46;3;0
Русполимет;60;20170908;120000;0.459;0.465;0.458;0.463;91;0
Русполимет;60;20170908;130000;0.459;0.463;0.459;0.463;22;0
Русполимет;60;20170908;140000;0.463;0.464;0.459;0.464;10;0
Русполимет;60;20170908;150000;0.459;0.462;0.456;0.458;17;0
Русполимет;60;20170908;160000;0.462;0.462;0.462;0.462;3;0
Русполимет;60;20170908;170000;0.462;0.462;0.462;0.462;1;0
Русполимет;60;20170908;180000;0.462;0.466;0.462;0.466;26;0
Русполимет;60;20170911;100000;0.461;0.461;0.46;0.461;17;0
Русполимет;60;20170911;120000;0.461;0.461;0.461;0.461;12;0
Русполимет;60;20170911;130000;0.464;0.465;0.464;0.465;8;0
Русполимет;60;20170911;140000;0.464;0.465;0.464;0.465;3;0
Русполимет;60;20170911;160000;0.464;0.465;0.464;0.465;24;0
Русполимет;60;20170911;180000;0.465;0.466;0.465;0.466;29;0
Русполимет;60;20170912;100000;0.462;0.462;0.462;0.462;1;0
Русполимет;60;20170912;110000;0.468;0.471;0.468;0.469;5;0
Русполимет;60;20170912;120000;0.469;0.471;0.463;0.471;66;0
Русполимет;60;20170912;130000;0.471;0.472;0.471;0.472;6;0
Русполимет;60;20170912;140000;0.472;0.472;0.472;0.472;1;0
Русполимет;60;20170912;150000;0.47;0.47;0.466;0.47;6;0
Русполимет;60;20170912;160000;0.466;0.471;0.466;0.471;2;0
Русполимет;60;20170912;170000;0.465;0.469;0.463;0.469;17;0
Русполимет;60;20170912;180000;0.468;0.469;0.467;0.467;3;0
Русполимет;60;20170913;100000;0.469;0.469;0.469;0.469;5;0
Русполимет;60;20170913;110000;0.469;0.47;0.462;0.467;137;0
Русполимет;60;20170913;120000;0.464;0.468;0.464;0.468;15;0
Русполимет;60;20170913;130000;0.468;0.468;0.468;0.468;2;0
Русполимет;60;20170913;140000;0.464;0.469;0.464;0.469;22;0
Русполимет;60;20170913;160000;0.467;0.467;0.467;0.467;1;0
Русполимет;60;20170913;170000;0.466;0.467;0.46;0.464;117;0
Русполимет;60;20170913;180000;0.464;0.464;0.464;0.464;40;0
Русполимет;60;20170914;110000;0.464;0.464;0.46;0.46;38;0
Русполимет;60;20170914;120000;0.46;0.46;0.46;0.46;1;0
Русполимет;60;20170914;130000;0.463;0.463;0.46;0.46;13;0
Русполимет;60;20170914;140000;0.46;0.46;0.46;0.46;2;0
Русполимет;60;20170914;160000;0.46;0.46;0.458;0.458;3;0
Русполимет;60;20170914;180000;0.461;0.461;0.461;0.461;1;0
Русполимет;60;20170915;110000;0.461;0.464;0.461;0.464;10;0
Русполимет;60;20170918;120000;0.459;0.459;0.459;0.459;4;0
Русполимет;60;20170918;130000;0.458;0.458;0.456;0.456;19;0
Русполимет;60;20170918;140000;0.455;0.455;0.452;0.452;5;0
Русполимет;60;20170918;150000;0.453;0.453;0.45;0.45;35;0
Русполимет;60;20170918;170000;0.451;0.451;0.451;0.451;3;0
Русполимет;60;20170918;180000;0.453;0.455;0.451;0.455;19;0
Русполимет;60;20170919;100000;0.447;0.455;0.447;0.455;7;0
Русполимет;60;20170919;110000;0.454;0.454;0.454;0.454;2;0
Русполимет;60;20170919;160000;0.451;0.451;0.451;0.451;2;0
Русполимет;60;20170919;170000;0.45;0.452;0.45;0.45;20;0
Русполимет;60;20170919;180000;0.452;0.454;0.452;0.454;6;0
Русполимет;60;20170920;100000;0.459;0.46;0.459;0.46;20;0
Русполимет;60;20170920;110000;0.46;0.467;0.46;0.46;98;0
Русполимет;60;20170920;130000;0.467;0.467;0.467;0.467;1;0
Русполимет;60;20170920;160000;0.467;0.467;0.463;0.463;3;0
Русполимет;60;20170920;170000;0.468;0.473;0.461;0.461;27;0
Русполимет;60;20170920;180000;0.461;0.461;0.461;0.461;8;0
Русполимет;60;20170921;100000;0.469;0.477;0.469;0.473;49;0
Русполимет;60;20170921;110000;0.468;0.471;0.462;0.468;85;0
Русполимет;60;20170921;120000;0.468;0.49;0.468;0.484;137;0
Русполимет;60;20170921;130000;0.489;0.493;0.486;0.49;13;0
Русполимет;60;20170921;150000;0.485;0.485;0.484;0.484;3;0
Русполимет;60;20170921;160000;0.483;0.483;0.474;0.481;5;0
Русполимет;60;20170921;170000;0.485;0.485;0.485;0.485;1;0
Русполимет;60;20170921;180000;0.485;0.485;0.485;0.485;1;0
Русполимет;60;20170922;110000;0.48;0.48;0.48;0.48;2;0
Русполимет;60;20170922;130000;0.478;0.478;0.478;0.478;1;0
Русполимет;60;20170922;150000;0.477;0.477;0.477;0.477;2;0
Русполимет;60;20170922;180000;0.48;0.481;0.477;0.477;3;0
Русполимет;60;20170925;100000;0.484;0.484;0.484;0.484;1;0
Русполимет;60;20170925;110000;0.484;0.485;0.484;0.485;2;0
Русполимет;60;20170925;120000;0.48;0.48;0.48;0.48;1;0
Русполимет;60;20170925;140000;0.48;0.48;0.48;0.48;2;0
Русполимет;60;20170925;170000;0.477;0.477;0.477;0.477;1;0
Русполимет;60;20170925;180000;0.479;0.479;0.479;0.479;1;0
Русполимет;60;20170926;110000;0.479;0.479;0.479;0.479;1;0
Русполимет;60;20170926;130000;0.478;0.482;0.472;0.482;7;0
Русполимет;60;20170926;170000;0.483;0.483;0.483;0.483;1;0
Русполимет;60;20170926;180000;0.479;0.479;0.479;0.479;1;0
Русполимет;60;20170927;110000;0.481;0.487;0.481;0.486;12;0
Русполимет;60;20170927;120000;0.486;0.486;0.483;0.483;7;0
Русполимет;60;20170927;130000;0.483;0.483;0.483;0.483;1;0
Русполимет;60;20170927;140000;0.483;0.483;0.483;0.483;1;0
Русполимет;60;20170927;150000;0.483;0.483;0.483;0.483;2;0
Русполимет;60;20170927;160000;0.483;0.483;0.481;0.481;10;0
Русполимет;60;20170927;170000;0.48;0.48;0.477;0.48;16;0
Русполимет;60;20170927;180000;0.484;0.484;0.484;0.484;1;0
Русполимет;60;20170928;110000;0.482;0.483;0.482;0.483;2;0
Русполимет;60;20170928;140000;0.478;0.478;0.478;0.478;1;0
Русполимет;60;20170928;160000;0.482;0.482;0.482;0.482;1;0
Русполимет;60;20170928;170000;0.483;0.49;0.483;0.49;25;0
Русполимет;60;20170929;110000;0.49;0.49;0.49;0.49;19;0
Русполимет;60;20170929;120000;0.49;0.49;0.49;0.49;1;0
Русполимет;60;20170929;140000;0.491;0.491;0.49;0.49;2;0
Русполимет;60;20170929;150000;0.492;0.5;0.492;0.5;42;0
Русполимет;60;20170929;160000;0.501;0.501;0.501;0.501;1;0
Русполимет;60;20170929;170000;0.5;0.511;0.5;0.511;68;0
Русполимет;60;20170929;180000;0.51;0.51;0.5;0.5;18;0
Русполимет;60;20171002;100000;0.51;0.511;0.508;0.51;12;0
Русполимет;60;20171002;110000;0.5;0.501;0.499;0.499;54;0
Русполимет;60;20171002;130000;0.497;0.497;0.497;0.497;1;0
Русполимет;60;20171002;140000;0.507;0.508;0.505;0.505;4;0
Русполимет;60;20171002;170000;0.505;0.505;0.505;0.505;2;0
Русполимет;60;20171002;180000;0.498;0.498;0.498;0.498;1;0
Русполимет;60;20171003;100000;0.498;0.498;0.471;0.493;49;0
Русполимет;60;20171003;110000;0.492;0.492;0.478;0.489;267;0
Русполимет;60;20171003;120000;0.488;0.49;0.483;0.49;16;0
Русполимет;60;20171003;140000;0.49;0.49;0.49;0.49;1;0
Русполимет;60;20171003;160000;0.488;0.488;0.481;0.482;16;0
Русполимет;60;20171003;180000;0.481;0.488;0.481;0.488;6;0
Русполимет;60;20171004;120000;0.482;0.487;0.481;0.487;4;0
Русполимет;60;20171004;130000;0.481;0.481;0.473;0.479;50;0
Русполимет;60;20171004;150000;0.476;0.483;0.476;0.483;2;0
Русполимет;60;20171004;160000;0.479;0.48;0.479;0.48;2;0
Русполимет;60;20171004;170000;0.477;0.479;0.468;0.479;99;0
Русполимет;60;20171004;180000;0.477;0.478;0.477;0.478;2;0
Русполимет;60;20171005;120000;0.481;0.481;0.481;0.481;10;0
Русполимет;60;20171005;130000;0.479;0.484;0.479;0.483;85;0
Русполимет;60;20171005;140000;0.484;0.489;0.484;0.489;17;0
Русполимет;60;20171005;150000;0.489;0.49;0.489;0.49;9;0
Русполимет;60;20171005;160000;0.488;0.488;0.487;0.487;2;0
Русполимет;60;20171005;170000;0.489;0.489;0.47;0.476;172;0
Русполимет;60;20171005;180000;0.48;0.482;0.477;0.482;6;0
Русполимет;60;20171006;100000;0.481;0.483;0.481;0.483;26;0
Русполимет;60;20171006;110000;0.483;0.486;0.477;0.483;31;0
Русполимет;60;20171006;120000;0.485;0.49;0.485;0.49;44;0
Русполимет;60;20171006;130000;0.49;0.49;0.486;0.486;31;0
Русполимет;60;20171006;170000;0.488;0.49;0.487;0.489;13;0
Русполимет;60;20171006;180000;0.488;0.491;0.488;0.491;51;0
Русполимет;60;20171009;100000;0.495;0.495;0.495;0.495;1;0
Русполимет;60;20171009;110000;0.493;0.496;0.492;0.496;23;0
Русполимет;60;20171009;120000;0.496;0.498;0.496;0.497;24;0
Русполимет;60;20171009;130000;0.498;0.507;0.498;0.501;139;0
Русполимет;60;20171009;140000;0.501;0.509;0.5;0.5;27;0
Русполимет;60;20171009;150000;0.5;0.504;0.483;0.483;28;0
Русполимет;60;20171009;160000;0.498;0.505;0.498;0.505;6;0
Русполимет;60;20171009;180000;0.505;0.506;0.5;0.5;59;0
Русполимет;60;20171010;100000;0.501;0.501;0.501;0.501;1;0
Русполимет;60;20171010;110000;0.502;0.502;0.497;0.501;112;0
Русполимет;60;20171010;120000;0.501;0.503;0.498;0.498;13;0
Русполимет;60;20171010;140000;0.497;0.497;0.497;0.497;1;0
Русполимет;60;20171010;160000;0.497;0.5;0.497;0.497;24;0
Русполимет;60;20171010;170000;0.497;0.497;0.49;0.496;69;0
Русполимет;60;20171011;120000;0.491;0.496;0.489;0.49;20;0
Русполимет;60;20171011;130000;0.49;0.497;0.487;0.487;9;0
Русполимет;60;20171011;150000;0.487;0.488;0.487;0.488;9;0
Русполимет;60;20171011;160000;0.489;0.493;0.489;0.493;15;0
Русполимет;60;20171011;170000;0.49;0.49;0.49;0.49;1;0
Русполимет;60;20171011;180000;0.488;0.489;0.483;0.489;24;0
Русполимет;60;20171012;150000;0.487;0.487;0.486;0.486;4;0
Русполимет;60;20171012;160000;0.489;0.489;0.489;0.489;1;0
Русполимет;60;20171012;170000;0.488;0.488;0.488;0.488;1;0
Русполимет;60;20171012;180000;0.488;0.49;0.488;0.49;3;0
Русполимет;60;20171013;100000;0.486;0.486;0.486;0.486;1;0
Русполимет;60;20171013;120000;0.49;0.49;0.49;0.49;5;0
Русполимет;60;20171013;140000;0.487;0.489;0.485;0.487;10;0
Русполимет;60;20171013;150000;0.487;0.487;0.487;0.487;3;0
Русполимет;60;20171013;160000;0.488;0.488;0.487;0.488;5;0
Русполимет;60;20171013;170000;0.489;0.498;0.489;0.491;76;0
Русполимет;60;20171013;180000;0.492;0.492;0.492;0.492;1;0
Русполимет;60;20171016;090000;0.497;0.497;0.497;0.497;1;0
Русполимет;60;20171016;100000;0.499;0.527;0.499;0.526;283;0
Русполимет;60;20171016;110000;0.527;0.528;0.514;0.517;84;0
Русполимет;60;20171016;120000;0.518;0.52;0.517;0.52;63;0
Русполимет;60;20171016;130000;0.52;0.521;0.52;0.521;2;0
Русполимет;60;20171016;140000;0.52;0.52;0.517;0.517;7;0
Русполимет;60;20171016;150000;0.517;0.517;0.512;0.512;20;0
Русполимет;60;20171016;160000;0.516;0.516;0.515;0.515;19;0
Русполимет;60;20171016;170000;0.514;0.514;0.508;0.513;91;0
Русполимет;60;20171016;180000;0.515;0.516;0.515;0.516;25;0
Русполимет;60;20171017;100000;0.517;0.518;0.512;0.518;43;0
Русполимет;60;20171017;110000;0.517;0.517;0.511;0.511;16;0
Русполимет;60;20171017;120000;0.511;0.517;0.511;0.517;17;0
Русполимет;60;20171017;130000;0.517;0.517;0.517;0.517;2;0
Русполимет;60;20171017;150000;0.515;0.515;0.515;0.515;1;0
Русполимет;60;20171017;160000;0.513;0.513;0.506;0.506;28;0
Русполимет;60;20171017;170000;0.512;0.515;0.502;0.512;43;0
Русполимет;60;20171017;180000;0.509;0.509;0.507;0.509;8;0
Русполимет;60;20171018;100000;0.507;0.507;0.502;0.502;16;0
Русполимет;60;20171018;110000;0.511;0.511;0.511;0.511;1;0
Русполимет;60;20171018;120000;0.506;0.506;0.501;0.501;12;0
Русполимет;60;20171018;130000;0.502;0.502;0.501;0.501;3;0
Русполимет;60;20171018;140000;0.507;0.51;0.507;0.51;15;0
Русполимет;60;20171018;160000;0.511;0.514;0.511;0.514;4;0
Русполимет;60;20171018;180000;0.51;0.511;0.51;0.511;2;0
Русполимет;60;20171019;100000;0.513;0.514;0.513;0.514;4;0
Русполимет;60;20171019;110000;0.509;0.509;0.509;0.509;1;0
Русполимет;60;20171019;120000;0.507;0.507;0.507;0.507;1;0
Русполимет;60;20171019;140000;0.507;0.507;0.5;0.505;16;0
Русполимет;60;20171019;150000;0.505;0.505;0.505;0.505;1;0
Русполимет;60;20171019;160000;0.505;0.505;0.502;0.502;7;0
Русполимет;60;20171019;170000;0.501;0.505;0.481;0.493;63;0
Русполимет;60;20171019;180000;0.496;0.497;0.496;0.497;11;0
Русполимет;60;20171020;100000;0.496;0.514;0.496;0.507;49;0
Русполимет;60;20171020;110000;0.507;0.51;0.505;0.505;8;0
Русполимет;60;20171020;130000;0.505;0.505;0.503;0.503;6;0
Русполимет;60;20171020;140000;0.503;0.503;0.502;0.502;3;0
Русполимет;60;20171020;160000;0.501;0.501;0.499;0.499;11;0
Русполимет;60;20171020;170000;0.501;0.501;0.501;0.501;1;0
Русполимет;60;20171023;100000;0.5;0.5;0.5;0.5;3;0
Русполимет;60;20171023;110000;0.497;0.512;0.497;0.504;26;0
Русполимет;60;20171023;120000;0.503;0.503;0.5;0.502;13;0
Русполимет;60;20171023;130000;0.5;0.5;0.49;0.49;20;0
Русполимет;60;20171023;140000;0.498;0.498;0.497;0.497;2;0
Русполимет;60;20171023;160000;0.497;0.497;0.497;0.497;3;0
Русполимет;60;20171023;170000;0.496;0.496;0.495;0.495;3;0
Русполимет;60;20171023;180000;0.498;0.498;0.498;0.498;2;0
Русполимет;60;20171024;100000;0.496;0.496;0.473;0.49;60;0
Русполимет;60;20171024;110000;0.494;0.494;0.494;0.494;1;0
Русполимет;60;20171024;120000;0.49;0.49;0.49;0.49;3;0
Русполимет;60;20171024;180000;0.491;0.491;0.491;0.491;1;0
Русполимет;60;20171025;100000;0.494;0.495;0.494;0.494;5;0
Русполимет;60;20171025;140000;0.492;0.492;0.491;0.491;7;0
Русполимет;60;20171025;160000;0.492;0.495;0.491;0.495;18;0
Русполимет;60;20171025;180000;0.491;0.495;0.49;0.495;12;0
Русполимет;60;20171026;090000;0.497;0.497;0.497;0.497;4;0
Русполимет;60;20171026;100000;0.49;0.497;0.486;0.486;12;0
Русполимет;60;20171026;130000;0.49;0.49;0.49;0.49;2;0
Русполимет;60;20171026;150000;0.486;0.494;0.486;0.494;6;0
Русполимет;60;20171026;160000;0.494;0.494;0.494;0.494;5;0
Русполимет;60;20171026;170000;0.495;0.499;0.495;0.498;28;0
Русполимет;60;20171027;100000;0.499;0.499;0.498;0.498;3;0
Русполимет;60;20171027;110000;0.497;0.5;0.497;0.5;14;0
Русполимет;60;20171027;130000;0.5;0.502;0.5;0.502;3;0
Русполимет;60;20171027;140000;0.502;0.504;0.499;0.504;15;0
Русполимет;60;20171027;150000;0.5;0.5;0.496;0.496;5;0
Русполимет;60;20171027;180000;0.498;0.498;0.498;0.498;1;0
Русполимет;60;20171030;100000;0.496;0.496;0.496;0.496;1;0
Русполимет;60;20171030;130000;0.497;0.497;0.493;0.493;16;0
Русполимет;60;20171030;150000;0.493;0.493;0.486;0.49;42;0
Русполимет;60;20171030;170000;0.494;0.494;0.494;0.494;2;0
Русполимет;60;20171030;180000;0.49;0.49;0.49;0.49;6;0
Русполимет;60;20171031;170000;0.493;0.495;0.489;0.489;21;0
Русполимет;60;20171031;180000;0.49;0.49;0.49;0.49;2;0
Русполимет;60;20171101;100000;0.49;0.49;0.49;0.49;1;0
Русполимет;60;20171101;110000;0.494;0.51;0.494;0.51;84;0
Русполимет;60;20171101;120000;0.511;0.514;0.51;0.51;120;0
Русполимет;60;20171101;130000;0.51;0.516;0.51;0.516;82;0
Русполимет;60;20171101;140000;0.516;0.516;0.51;0.51;31;0
Русполимет;60;20171101;150000;0.51;0.516;0.506;0.506;93;0
Русполимет;60;20171101;170000;0.503;0.503;0.501;0.501;8;0
Русполимет;60;20171101;180000;0.5;0.508;0.496;0.504;40;0
Русполимет;60;20171102;100000;0.503;0.503;0.503;0.503;2;0
Русполимет;60;20171102;150000;0.5;0.5;0.5;0.5;1;0
Русполимет;60;20171102;170000;0.498;0.498;0.498;0.498;7;0
Русполимет;60;20171102;180000;0.501;0.501;0.501;0.501;1;0
Русполимет;60;20171103;110000;0.5;0.5;0.499;0.499;3;0
Русполимет;60;20171103;130000;0.504;0.504;0.504;0.504;7;0
Русполимет;60;20171103;140000;0.5;0.5;0.5;0.5;2;0
Русполимет;60;20171103;170000;0.502;0.502;0.502;0.502;1;0
Русполимет;60;20171103;180000;0.503;0.508;0.503;0.508;21;0
Русполимет;60;20171107;100000;0.502;0.527;0.501;0.523;247;0
Русполимет;60;20171107;110000;0.523;0.526;0.51;0.51;96;0
Русполимет;60;20171107;120000;0.513;0.519;0.51;0.516;86;0
Русполимет;60;20171107;130000;0.516;0.519;0.51;0.516;15;0
Русполимет;60;20171107;140000;0.511;0.519;0.509;0.514;57;0
Русполимет;60;20171107;150000;0.513;0.513;0.508;0.51;6;0
Русполимет;60;20171107;160000;0.509;0.514;0.507;0.514;14;0
Русполимет;60;20171107;170000;0.513;0.513;0.506;0.512;13;0
Русполимет;60;20171107;180000;0.511;0.511;0.511;0.511;1;0
Русполимет;60;20171108;100000;0.507;0.507;0.504;0.504;4;0
Русполимет;60;20171108;110000;0.511;0.511;0.511;0.511;3;0
Русполимет;60;20171108;140000;0.508;0.508;0.508;0.508;1;0
Русполимет;60;20171108;160000;0.508;0.508;0.501;0.506;34;0
Русполимет;60;20171108;170000;0.506;0.508;0.506;0.506;31;0
Русполимет;60;20171108;180000;0.508;0.508;0.505;0.506;7;0
Русполимет;60;20171109;120000;0.508;0.508;0.508;0.508;1;0
Русполимет;60;20171109;140000;0.506;0.506;0.506;0.506;1;0
Русполимет;60;20171109;150000;0.506;0.513;0.506;0.513;14;0
Русполимет;60;20171109;180000;0.507;0.507;0.507;0.507;3;0
Русполимет;60;20171110;100000;0.504;0.504;0.504;0.504;3;0
Русполимет;60;20171110;110000;0.505;0.505;0.504;0.504;3;0
Русполимет;60;20171110;120000;0.51;0.51;0.51;0.51;1;0
Русполимет;60;20171110;150000;0.505;0.505;0.505;0.505;1;0
Русполимет;60;20171110;170000;0.504;0.506;0.501;0.506;10;0
Русполимет;60;20171110;180000;0.503;0.506;0.5;0.506;22;0
Русполимет;60;20171113;110000;0.507;0.507;0.507;0.507;1;0
Русполимет;60;20171113;120000;0.508;0.509;0.508;0.509;6;0
Русполимет;60;20171113;140000;0.509;0.509;0.509;0.509;4;0
Русполимет;60;20171113;160000;0.506;0.506;0.506;0.506;1;0
Русполимет;60;20171114;100000;0.505;0.505;0.505;0.505;1;0
Русполимет;60;20171114;110000;0.513;0.513;0.508;0.509;6;0
Русполимет;60;20171114;120000;0.509;0.509;0.509;0.509;2;0
Русполимет;60;20171114;130000;0.509;0.509;0.503;0.503;2;0
Русполимет;60;20171114;140000;0.503;0.503;0.503;0.503;1;0
Русполимет;60;20171114;150000;0.502;0.502;0.502;0.502;1;0
Русполимет;60;20171114;170000;0.508;0.51;0.508;0.51;10;0
Русполимет;60;20171114;180000;0.511;0.513;0.51;0.51;94;0
Русполимет;60;20171115;100000;0.507;0.507;0.495;0.496;20;0
Русполимет;60;20171115;110000;0.498;0.5;0.496;0.496;16;0
Русполимет;60;20171115;130000;0.5;0.5;0.497;0.497;4;0
Русполимет;60;20171115;150000;0.497;0.497;0.49;0.49;58;0
Русполимет;60;20171115;160000;0.494;0.494;0.494;0.494;3;0
Русполимет;60;20171115;170000;0.494;0.498;0.486;0.498;42;0
Русполимет;60;20171115;180000;0.492;0.492;0.488;0.49;15;0
Русполимет;60;20171116;110000;0.49;0.509;0.49;0.509;79;0
Русполимет;60;20171116;120000;0.502;0.51;0.498;0.5;32;0
Русполимет;60;20171116;130000;0.498;0.498;0.48;0.48;101;0
Русполимет;60;20171116;140000;0.487;0.489;0.482;0.489;26;0
Русполимет;60;20171116;150000;0.489;0.489;0.489;0.489;7;0
Русполимет;60;20171116;170000;0.49;0.49;0.49;0.49;9;0
Русполимет;60;20171116;180000;0.491;0.493;0.488;0.488;34;0
Русполимет;60;20171117;130000;0.488;0.488;0.485;0.485;16;0
Русполимет;60;20171117;140000;0.485;0.488;0.485;0.488;4;0
Русполимет;60;20171117;150000;0.49;0.492;0.49;0.492;4;0
Русполимет;60;20171117;180000;0.486;0.486;0.486;0.486;2;0
Русполимет;60;20171120;100000;0.484;0.484;0.484;0.484;1;0
Русполимет;60;20171120;110000;0.484;0.484;0.484;0.484;4;0
Русполимет;60;20171120;120000;0.484;0.484;0.484;0.484;2;0
Русполимет;60;20171120;150000;0.492;0.492;0.492;0.492;1;0
Русполимет;60;20171120;170000;0.489;0.492;0.486;0.491;7;0
Русполимет;60;20171121;120000;0.491;0.491;0.491;0.491;2;0
Русполимет;60;20171121;130000;0.487;0.49;0.487;0.49;2;0
Русполимет;60;20171121;140000;0.491;0.5;0.491;0.5;23;0
Русполимет;60;20171121;150000;0.494;0.494;0.494;0.494;1;0
Русполимет;60;20171121;160000;0.498;0.498;0.498;0.498;1;0
Русполимет;60;20171121;170000;0.499;0.499;0.493;0.493;3;0
Русполимет;60;20171121;180000;0.493;0.495;0.493;0.495;3;0
Русполимет;60;20171122;110000;0.495;0.495;0.495;0.495;2;0
Русполимет;60;20171122;120000;0.495;0.495;0.495;0.495;1;0
Русполимет;60;20171122;140000;0.495;0.495;0.495;0.495;1;0
Русполимет;60;20171122;160000;0.492;0.492;0.492;0.492;2;0
Русполимет;60;20171122;170000;0.491;0.492;0.488;0.492;40;0
Русполимет;60;20171123;110000;0.489;0.489;0.487;0.487;13;0
Русполимет;60;20171123;120000;0.486;0.486;0.48;0.481;53;0
Русполимет;60;20171123;130000;0.485;0.485;0.485;0.485;8;0
Русполимет;60;20171123;140000;0.485;0.485;0.485;0.485;1;0
Русполимет;60;20171123;150000;0.486;0.486;0.486;0.486;2;0
Русполимет;60;20171123;170000;0.486;0.487;0.485;0.485;6;0
Русполимет;60;20171123;180000;0.484;0.484;0.482;0.484;12;0
Русполимет;60;20171124;100000;0.482;0.484;0.471;0.484;33;0
Русполимет;60;20171124;110000;0.48;0.48;0.477;0.477;3;0
Русполимет;60;20171124;120000;0.483;0.483;0.478;0.478;7;0
Русполимет;60;20171124;130000;0.483;0.483;0.483;0.483;1;0
Русполимет;60;20171124;140000;0.483;0.49;0.483;0.49;27;0
Русполимет;60;20171124;150000;0.49;0.49;0.49;0.49;34;0
Русполимет;60;20171124;160000;0.49;0.493;0.49;0.49;39;0
Русполимет;60;20171124;170000;0.49;0.49;0.49;0.49;3;0
Русполимет;60;20171124;180000;0.493;0.494;0.49;0.49;6;0
Русполимет;60;20171127;100000;0.498;0.508;0.498;0.504;59;0
Русполимет;60;20171127;110000;0.501;0.501;0.497;0.497;9;0
Русполимет;60;20171127;120000;0.496;0.515;0.496;0.501;54;0
Русполимет;60;20171127;130000;0.5;0.5;0.496;0.496;9;0
Русполимет;60;20171127;160000;0.495;0.495;0.492;0.492;6;0
Русполимет;60;20171128;100000;0.498;0.504;0.498;0.504;5;0
Русполимет;60;20171128;120000;0.497;0.497;0.492;0.495;11;0
Русполимет;60;20171128;140000;0.497;0.497;0.495;0.495;4;0
Русполимет;60;20171128;150000;0.502;0.502;0.502;0.502;1;0
Русполимет;60;20171128;170000;0.495;0.495;0.495;0.495;1;0
Русполимет;60;20171128;180000;0.494;0.494;0.493;0.493;6;0
Русполимет;60;20171129;110000;0.493;0.493;0.493;0.493;1;0
Русполимет;60;20171129;120000;0.493;0.493;0.493;0.493;6;0
Русполимет;60;20171129;130000;0.493;0.493;0.477;0.491;122;0
Русполимет;60;20171129;140000;0.482;0.488;0.482;0.488;34;0
Русполимет;60;20171129;150000;0.486;0.49;0.486;0.487;20;0
Русполимет;60;20171129;170000;0.488;0.492;0.485;0.489;61;0
Русполимет;60;20171129;180000;0.488;0.488;0.485;0.485;28;0
Русполимет;60;20171130;090000;0.493;0.493;0.493;0.493;3;0
Русполимет;60;20171130;100000;0.493;0.493;0.493;0.493;1;0
Русполимет;60;20171130;120000;0.487;0.493;0.487;0.493;7;0
Русполимет;60;20171130;160000;0.485;0.485;0.485;0.485;1;0
Русполимет;60;20171130;170000;0.484;0.484;0.484;0.484;4;0
Русполимет;60;20171130;180000;0.484;0.486;0.48;0.486;21;0
Русполимет;60;20171201;110000;0.482;0.482;0.482;0.482;4;0
Русполимет;60;20171201;120000;0.487;0.488;0.487;0.488;3;0
Русполимет;60;20171201;140000;0.489;0.489;0.489;0.489;7;0
Русполимет;60;20171201;160000;0.49;0.49;0.49;0.49;3;0
Русполимет;60;20171201;170000;0.49;0.49;0.49;0.49;6;0
Русполимет;60;20171204;100000;0.486;0.486;0.485;0.485;97;0
Русполимет;60;20171204;120000;0.486;0.486;0.486;0.486;3;0
Русполимет;60;20171204;150000;0.486;0.486;0.483;0.483;12;0
Русполимет;60;20171204;160000;0.485;0.487;0.482;0.487;16;0
Русполимет;60;20171204;170000;0.488;0.488;0.481;0.486;32;0
Русполимет;60;20171205;100000;0.481;0.481;0.481;0.481;1;0
Русполимет;60;20171205;120000;0.482;0.482;0.481;0.481;6;0
Русполимет;60;20171205;150000;0.485;0.485;0.485;0.485;3;0
Русполимет;60;20171205;160000;0.482;0.485;0.481;0.485;12;0
Русполимет;60;20171205;170000;0.482;0.484;0.48;0.484;24;0
Русполимет;60;20171205;180000;0.485;0.486;0.485;0.486;20;0
Русполимет;60;20171206;100000;0.481;0.481;0.481;0.481;1;0
Русполимет;60;20171206;110000;0.483;0.483;0.48;0.48;28;0
Русполимет;60;20171206;120000;0.481;0.481;0.48;0.48;54;0
Русполимет;60;20171206;130000;0.48;0.48;0.48;0.48;1;0
Русполимет;60;20171206;150000;0.485;0.485;0.485;0.485;2;0
Русполимет;60;20171206;170000;0.485;0.485;0.485;0.485;1;0
Русполимет;60;20171206;180000;0.48;0.485;0.48;0.485;2;0
Русполимет;60;20171207;110000;0.479;0.479;0.479;0.479;1;0
Русполимет;60;20171207;120000;0.484;0.484;0.484;0.484;1;0
Русполимет;60;20171207;170000;0.484;0.484;0.484;0.484;1;0
Русполимет;60;20171208;100000;0.485;0.485;0.485;0.485;1;0
Русполимет;60;20171208;110000;0.485;0.485;0.485;0.485;1;0
Русполимет;60;20171208;170000;0.485;0.485;0.485;0.485;3;0
Русполимет;60;20171211;090000;0.485;0.485;0.485;0.485;2;0
Русполимет;60;20171211;100000;0.485;0.485;0.485;0.485;4;0
Русполимет;60;20171211;110000;0.487;0.488;0.487;0.488;6;0
Русполимет;60;20171211;120000;0.488;0.493;0.488;0.493;22;0
Русполимет;60;20171211;130000;0.493;0.493;0.493;0.493;1;0
Русполимет;60;20171211;140000;0.484;0.484;0.481;0.482;31;0
Русполимет;60;20171211;150000;0.487;0.487;0.484;0.484;2;0
Русполимет;60;20171211;160000;0.487;0.493;0.484;0.489;43;0
Русполимет;60;20171211;170000;0.489;0.493;0.488;0.493;23;0
Русполимет;60;20171211;180000;0.491;0.491;0.483;0.489;25;0
Русполимет;60;20171212;100000;0.485;0.485;0.485;0.485;1;0
Русполимет;60;20171212;110000;0.485;0.485;0.485;0.485;1;0
Русполимет;60;20171212;130000;0.489;0.494;0.489;0.494;14;0
Русполимет;60;20171212;170000;0.49;0.49;0.49;0.49;2;0
Русполимет;60;20171212;180000;0.49;0.49;0.49;0.49;1;0
Русполимет;60;20171213;120000;0.488;0.488;0.483;0.483;12;0
Русполимет;60;20171213;140000;0.487;0.487;0.487;0.487;2;0
Русполимет;60;20171213;180000;0.486;0.486;0.486;0.486;2;0
Русполимет;60;20171214;120000;0.489;0.49;0.489;0.49;2;0
Русполимет;60;20171214;130000;0.486;0.49;0.486;0.49;7;0
Русполимет;60;20171214;140000;0.485;0.487;0.484;0.487;6;0
Русполимет;60;20171214;150000;0.49;0.491;0.49;0.491;5;0
Русполимет;60;20171215;100000;0.492;0.492;0.492;0.492;1;0
Русполимет;60;20171215;120000;0.492;0.492;0.492;0.492;1;0
Русполимет;60;20171215;150000;0.487;0.487;0.487;0.487;1;0
Русполимет;60;20171215;170000;0.487;0.487;0.483;0.485;22;0
Русполимет;60;20171215;180000;0.487;0.487;0.487;0.487;1;0
Русполимет;60;20171218;100000;0.488;0.488;0.488;0.488;1;0
Русполимет;60;20171218;130000;0.487;0.487;0.487;0.487;1;0
Русполимет;60;20171218;140000;0.484;0.484;0.481;0.482;11;0
Русполимет;60;20171218;160000;0.483;0.483;0.483;0.483;5;0
Русполимет;60;20171218;180000;0.486;0.486;0.486;0.486;3;0
Русполимет;60;20171219;100000;0.482;0.482;0.482;0.482;2;0
Русполимет;60;20171219;110000;0.484;0.485;0.484;0.485;8;0
Русполимет;60;20171219;120000;0.485;0.485;0.485;0.485;1;0
Русполимет;60;20171219;150000;0.484;0.484;0.484;0.484;1;0
Русполимет;60;20171219;160000;0.485;0.485;0.485;0.485;4;0
Русполимет;60;20171219;170000;0.486;0.486;0.486;0.486;1;0
Русполимет;60;20171220;100000;0.482;0.482;0.475;0.48;142;0
Русполимет;60;20171220;110000;0.481;0.481;0.477;0.477;15;0
Русполимет;60;20171220;120000;0.48;0.48;0.479;0.48;7;0
Русполимет;60;20171220;130000;0.477;0.48;0.476;0.48;27;0
Русполимет;60;20171220;140000;0.477;0.478;0.477;0.478;3;0
Русполимет;60;20171220;150000;0.48;0.48;0.48;0.48;1;0
Русполимет;60;20171220;160000;0.48;0.483;0.48;0.483;9;0
Русполимет;60;20171220;170000;0.479;0.48;0.475;0.48;33;0
Русполимет;60;20171220;180000;0.48;0.48;0.48;0.48;8;0
Русполимет;60;20171221;110000;0.476;0.476;0.476;0.476;1;0
Русполимет;60;20171221;120000;0.477;0.477;0.477;0.477;1;0
Русполимет;60;20171221;130000;0.477;0.477;0.475;0.475;40;0
Русполимет;60;20171221;150000;0.48;0.483;0.48;0.483;12;0
Русполимет;60;20171221;170000;0.478;0.478;0.477;0.477;2;0
Русполимет;60;20171221;180000;0.481;0.481;0.481;0.481;1;0
Русполимет;60;20171222;100000;0.477;0.479;0.476;0.479;6;0
Русполимет;60;20171222;120000;0.477;0.48;0.477;0.48;2;0
Русполимет;60;20171222;130000;0.479;0.479;0.479;0.479;3;0
Русполимет;60;20171222;150000;0.48;0.481;0.475;0.475;54;0
Русполимет;60;20171222;160000;0.475;0.476;0.475;0.476;2;0
Русполимет;60;20171222;170000;0.479;0.479;0.479;0.479;1;0
Русполимет;60;20171222;180000;0.479;0.479;0.479;0.479;2;0
Русполимет;60;20171225;100000;0.475;0.475;0.472;0.472;13;0
Русполимет;60;20171225;130000;0.474;0.474;0.474;0.474;1;0
Русполимет;60;20171225;150000;0.478;0.479;0.478;0.479;4;0
Русполимет;60;20171225;170000;0.474;0.474;0.47;0.47;23;0
Русполимет;60;20171225;180000;0.473;0.476;0.473;0.476;2;0
Русполимет;60;20171226;110000;0.473;0.473;0.47;0.47;26;0
Русполимет;60;20171226;120000;0.471;0.471;0.471;0.471;2;0
Русполимет;60;20171226;130000;0.471;0.471;0.47;0.471;6;0
Русполимет;60;20171226;150000;0.474;0.474;0.474;0.474;1;0
Русполимет;60;20171226;170000;0.473;0.473;0.473;0.473;10;0
Русполимет;60;20171226;180000;0.471;0.471;0.471;0.471;1;0
Русполимет;60;20171227;100000;0.468;0.468;0.468;0.468;1;0
Русполимет;60;20171227;110000;0.468;0.468;0.467;0.467;30;0
Русполимет;60;20171227;130000;0.47;0.47;0.47;0.47;1;0
Русполимет;60;20171227;150000;0.47;0.47;0.465;0.465;34;0
Русполимет;60;20171227;180000;0.468;0.471;0.465;0.471;5;0
Русполимет;60;20171228;120000;0.467;0.467;0.465;0.465;12;0
Русполимет;60;20171228;140000;0.466;0.466;0.466;0.466;5;0
Русполимет;60;20171228;160000;0.472;0.472;0.465;0.465;5;0
Русполимет;60;20171228;180000;0.473;0.473;0.473;0.473;13;0
Русполимет;60;20171229;100000;0.473;0.473;0.473;0.473;1;0
Русполимет;60;20171229;130000;0.472;0.473;0.472;0.473;4;0
Русполимет;60;20171229;140000;0.473;0.473;0.473;0.473;1;0
Русполимет;60;20171229;170000;0.473;0.473;0.471;0.471;2;0
