<TICKER>;<PER>;<DATE>;<TIME>;<OPEN>;<HIGH>;<LOW>;<CLOSE>;<VOL>;<OPENINT>
Русгрэйн;60;20170124;100000;12.35;12.55;12.35;12.5;270;0
Русгрэйн;60;20170124;120000;12.55;12.55;12.55;12.55;4;0
Русгрэйн;60;20170124;130000;12.55;12.8;12.55;12.65;146;0
Русгрэйн;60;20170124;140000;12.7;12.75;12.7;12.75;24;0
Русгрэйн;60;20170124;150000;12.7;12.7;12.5;12.5;15;0
Русгрэйн;60;20170124;160000;12.55;12.9;12.55;12.8;389;0
Русгрэйн;60;20170124;170000;12.9;13;12.85;13;489;0
Русгрэйн;60;20170124;180000;13;13.2;13;13.2;477;0
Русгрэйн;60;20170125;100000;13.25;13.95;13.05;13.1;492;0
Русгрэйн;60;20170125;110000;13.2;13.25;13;13;308;0
Русгрэйн;60;20170125;120000;13.05;13.7;13;13.35;205;0
Русгрэйн;60;20170125;130000;13.4;13.4;13;13;33;0
Русгрэйн;60;20170125;150000;13.05;13.1;13.05;13.1;6;0
Русгрэйн;60;20170125;180000;13.15;13.2;13.1;13.2;6;0
Русгрэйн;60;20170126;110000;13.2;13.3;13.2;13.3;269;0
Русгрэйн;60;20170126;130000;13.3;13.9;13.25;13.35;208;0
Русгрэйн;60;20170126;140000;13.35;13.35;13.25;13.3;16;0
Русгрэйн;60;20170126;150000;13.25;13.25;13.25;13.25;18;0
Русгрэйн;60;20170126;170000;13.3;13.35;13.3;13.35;13;0
Русгрэйн;60;20170126;180000;13.35;13.35;13.35;13.35;11;0
Русгрэйн;60;20170127;100000;13.4;13.95;13.25;13.25;45;0
Русгрэйн;60;20170127;110000;13.35;13.35;13;13;103;0
Русгрэйн;60;20170127;120000;13.2;13.2;13.2;13.2;1;0
Русгрэйн;60;20170127;140000;13.15;13.2;13.15;13.2;711;0
Русгрэйн;60;20170127;150000;13.2;13.2;13.2;13.2;732;0
Русгрэйн;60;20170127;160000;13.2;13.2;13.2;13.2;5;0
Русгрэйн;60;20170127;170000;13.25;13.3;13.25;13.3;7;0
Русгрэйн;60;20170127;180000;13.3;13.4;13.3;13.4;112;0
Русгрэйн;60;20170130;100000;13.4;13.4;12.55;13.4;60;0
Русгрэйн;60;20170130;110000;13.2;13.2;13.2;13.2;22;0
Русгрэйн;60;20170130;130000;13.25;13.25;13.25;13.25;2;0
Русгрэйн;60;20170130;140000;13.25;13.4;13.25;13.4;170;0
Русгрэйн;60;20170130;180000;13.3;13.3;13.3;13.3;6;0
Русгрэйн;60;20170131;100000;13.15;13.2;13;13.2;32;0
Русгрэйн;60;20170131;110000;13.15;13.15;13.15;13.15;1;0
Русгрэйн;60;20170131;120000;13.2;13.2;12.65;13;276;0
Русгрэйн;60;20170131;130000;13;13;12.95;13;52;0
Русгрэйн;60;20170131;140000;12.95;12.95;12.95;12.95;1;0
Русгрэйн;60;20170131;150000;12.95;12.95;12.95;12.95;1;0
Русгрэйн;60;20170131;170000;13;13;13;13;2;0
Русгрэйн;60;20170131;180000;13;13;12.9;12.9;73;0
Русгрэйн;60;20170201;120000;12.9;12.9;12.2;12.6;1410;0
Русгрэйн;60;20170201;130000;12.6;12.7;12.6;12.6;99;0
Русгрэйн;60;20170201;160000;12.65;12.65;12.65;12.65;1;0
Русгрэйн;60;20170201;170000;12.75;12.75;12.75;12.75;1;0
Русгрэйн;60;20170201;180000;12.7;12.7;12.5;12.5;30;0
Русгрэйн;60;20170202;090000;12.45;12.45;12.45;12.45;101;0
Русгрэйн;60;20170202;100000;12.45;12.65;12.45;12.65;63;0
Русгрэйн;60;20170202;110000;12.65;12.9;12.65;12.8;61;0
Русгрэйн;60;20170202;130000;12.7;12.7;12.6;12.7;15;0
Русгрэйн;60;20170202;160000;12.6;12.6;12.6;12.6;1;0
Русгрэйн;60;20170202;170000;12.65;12.7;12.65;12.7;6;0
Русгрэйн;60;20170203;120000;12.6;12.6;12.6;12.6;17;0
Русгрэйн;60;20170203;130000;12.55;12.55;12.5;12.5;9;0
Русгрэйн;60;20170203;170000;12.6;12.6;12.5;12.5;192;0
Русгрэйн;60;20170203;180000;12.6;12.6;12.6;12.6;1;0
Русгрэйн;60;20170206;120000;12.7;12.7;12.7;12.7;12;0
Русгрэйн;60;20170206;130000;12.6;12.6;12.5;12.5;50;0
Русгрэйн;60;20170206;140000;12.45;12.45;12.3;12.3;40;0
Русгрэйн;60;20170206;150000;12.45;12.5;12.45;12.5;2;0
Русгрэйн;60;20170206;160000;12.45;12.45;12.3;12.4;35;0
Русгрэйн;60;20170206;180000;12.4;12.5;12.35;12.35;8;0
Русгрэйн;60;20170207;100000;12.5;12.9;12.5;12.7;173;0
Русгрэйн;60;20170207;110000;12.7;12.7;12.65;12.65;3;0
Русгрэйн;60;20170207;130000;12.65;12.75;12.65;12.65;16;0
Русгрэйн;60;20170207;140000;12.75;12.75;12.75;12.75;100;0
Русгрэйн;60;20170207;150000;12.6;12.6;12.6;12.6;1;0
Русгрэйн;60;20170207;170000;12.65;12.65;12.6;12.6;13;0
Русгрэйн;60;20170207;180000;12.6;12.6;12.6;12.6;12;0
Русгрэйн;60;20170208;100000;12.6;12.6;12.6;12.6;1;0
Русгрэйн;60;20170208;140000;12.55;12.55;12.5;12.5;17;0
Русгрэйн;60;20170208;170000;12.45;12.45;12.45;12.45;4;0
Русгрэйн;60;20170208;180000;12.55;12.55;12.55;12.55;21;0
Русгрэйн;60;20170209;100000;12.45;12.5;12.45;12.5;11;0
Русгрэйн;60;20170209;110000;12.4;12.4;12.35;12.35;125;0
Русгрэйн;60;20170209;130000;12.3;12.3;12;12.25;294;0
Русгрэйн;60;20170209;140000;12.3;12.3;12.3;12.3;10;0
Русгрэйн;60;20170209;150000;12.3;12.4;12.3;12.4;40;0
Русгрэйн;60;20170209;170000;12.4;12.55;12.4;12.5;163;0
Русгрэйн;60;20170209;180000;12.4;12.4;12.4;12.4;10;0
Русгрэйн;60;20170210;120000;12.5;12.5;12.5;12.5;3;0
Русгрэйн;60;20170210;130000;12.45;12.45;12.4;12.45;17;0
Русгрэйн;60;20170210;140000;12.35;12.35;12.25;12.25;30;0
Русгрэйн;60;20170210;150000;12.35;12.35;12.35;12.35;5;0
Русгрэйн;60;20170210;160000;12.3;12.3;12.3;12.3;8;0
Русгрэйн;60;20170210;170000;12.35;12.35;12.35;12.35;30;0
Русгрэйн;60;20170210;180000;12.35;12.45;12.35;12.45;188;0
Русгрэйн;60;20170213;100000;12.5;12.55;12.5;12.55;2;0
Русгрэйн;60;20170213;120000;12.55;12.55;12.55;12.55;2;0
Русгрэйн;60;20170213;130000;12.5;12.5;12.5;12.5;1;0
Русгрэйн;60;20170213;140000;12.5;12.5;12.5;12.5;1;0
Русгрэйн;60;20170213;150000;12.5;12.5;12.45;12.5;12;0
Русгрэйн;60;20170213;180000;12.5;12.5;12.45;12.45;9;0
Русгрэйн;60;20170214;100000;12.5;12.5;12.5;12.5;2;0
Русгрэйн;60;20170214;140000;12.4;12.4;12;12.3;118;0
Русгрэйн;60;20170214;150000;12.35;12.35;12.2;12.2;11;0
Русгрэйн;60;20170214;160000;12.3;12.3;12.3;12.3;6;0
Русгрэйн;60;20170214;170000;12.35;12.35;12.25;12.25;5;0
Русгрэйн;60;20170215;100000;12.35;12.4;12.35;12.4;76;0
Русгрэйн;60;20170215;140000;12.4;12.4;12.4;12.4;1;0
Русгрэйн;60;20170215;150000;12.4;12.4;12.4;12.4;1;0
Русгрэйн;60;20170215;160000;12.4;12.95;12.4;12.7;825;0
Русгрэйн;60;20170215;170000;12.75;12.75;12.75;12.75;1;0
Русгрэйн;60;20170216;090000;12.9;12.9;12.9;12.9;2;0
Русгрэйн;60;20170216;100000;12.95;12.95;12.6;12.75;30;0
Русгрэйн;60;20170216;110000;12.75;12.75;12.7;12.75;82;0
Русгрэйн;60;20170216;120000;12.75;12.75;12.75;12.75;3;0
Русгрэйн;60;20170216;130000;12.75;12.9;12.75;12.9;156;0
Русгрэйн;60;20170216;140000;12.75;12.75;12.45;12.55;39;0
Русгрэйн;60;20170216;150000;12.6;12.9;12.6;12.85;238;0
Русгрэйн;60;20170216;160000;12.85;13;12.8;12.8;84;0
Русгрэйн;60;20170216;180000;12.8;12.85;12.8;12.85;8;0
Русгрэйн;60;20170217;100000;12.8;12.8;12.7;12.7;8;0
Русгрэйн;60;20170217;130000;12.65;12.65;12.5;12.5;25;0
Русгрэйн;60;20170217;150000;12.65;12.65;12.65;12.65;50;0
Русгрэйн;60;20170217;160000;12.65;13;12.65;12.7;281;0
Русгрэйн;60;20170217;180000;12.7;12.7;12.7;12.7;1;0
Русгрэйн;60;20170220;160000;12.7;12.75;12.7;12.7;102;0
Русгрэйн;60;20170221;110000;12.75;12.75;12.2;12.2;185;0
Русгрэйн;60;20170221;120000;12.35;12.55;12.35;12.55;33;0
Русгрэйн;60;20170221;140000;12.55;12.55;12.55;12.55;1;0
Русгрэйн;60;20170221;150000;12.55;12.55;12.55;12.55;2;0
Русгрэйн;60;20170221;160000;12.6;12.75;12.6;12.75;154;0
Русгрэйн;60;20170222;090000;12.7;12.7;12.7;12.7;1;0
Русгрэйн;60;20170222;100000;12.75;12.75;12.6;12.6;4;0
Русгрэйн;60;20170222;110000;12.6;12.6;12.6;12.6;1;0
Русгрэйн;60;20170222;120000;12.55;12.6;12.55;12.6;3;0
Русгрэйн;60;20170222;130000;12.6;12.65;12.6;12.65;20;0
Русгрэйн;60;20170222;140000;12.55;12.55;12.55;12.55;15;0
Русгрэйн;60;20170222;150000;12.5;12.5;12.5;12.5;5;0
Русгрэйн;60;20170224;110000;12.55;12.55;12.45;12.45;3;0
Русгрэйн;60;20170224;150000;12.55;12.55;12.55;12.55;200;0
Русгрэйн;60;20170224;180000;12.6;12.6;12.6;12.6;1;0
Русгрэйн;60;20170227;110000;12.5;12.5;12.5;12.5;1;0
Русгрэйн;60;20170227;130000;12.5;12.5;12.45;12.45;3;0
Русгрэйн;60;20170227;140000;12.4;12.4;12.35;12.35;9;0
Русгрэйн;60;20170227;150000;12.4;12.4;12.4;12.4;2;0
Русгрэйн;60;20170227;160000;12.3;12.3;12.3;12.3;1;0
Русгрэйн;60;20170228;110000;12.3;12.35;12;12.35;54;0
Русгрэйн;60;20170228;120000;12.25;12.25;12.25;12.25;3;0
Русгрэйн;60;20170228;180000;12.3;12.35;12;12.3;352;0
Русгрэйн;60;20170301;100000;12.15;12.35;11;12.15;230;0
Русгрэйн;60;20170301;110000;12.2;12.35;12.1;12.35;11;0
Русгрэйн;60;20170301;120000;12.35;12.35;12.35;12.35;1;0
Русгрэйн;60;20170301;130000;12.4;12.4;12.4;12.4;4;0
Русгрэйн;60;20170301;140000;12.35;12.35;12.35;12.35;1;0
Русгрэйн;60;20170301;150000;12.4;12.4;12.4;12.4;2;0
Русгрэйн;60;20170301;160000;12.4;12.4;12.35;12.35;199;0
Русгрэйн;60;20170301;170000;12.4;12.45;12.4;12.45;262;0
Русгрэйн;60;20170301;180000;12.4;12.45;12.25;12.45;11;0
Русгрэйн;60;20170302;100000;12.45;12.45;12.45;12.45;1;0
Русгрэйн;60;20170302;110000;12.4;12.4;12.35;12.35;6;0
Русгрэйн;60;20170302;120000;12.4;12.4;12.4;12.4;1;0
Русгрэйн;60;20170302;130000;12.35;12.35;12.3;12.3;9;0
Русгрэйн;60;20170302;180000;12.25;12.25;12.25;12.25;5;0
Русгрэйн;60;20170303;100000;12.4;12.4;12.4;12.4;1;0
Русгрэйн;60;20170303;140000;12.3;12.4;12.3;12.35;84;0
Русгрэйн;60;20170303;150000;12.35;12.35;12.35;12.35;1;0
Русгрэйн;60;20170306;100000;12.2;12.3;11.15;12.2;139;0
Русгрэйн;60;20170306;110000;12.25;12.25;12.25;12.25;1;0
Русгрэйн;60;20170306;150000;12.15;12.5;12.1;12.5;488;0
Русгрэйн;60;20170306;180000;12.5;12.5;12.5;12.5;2;0
Русгрэйн;60;20170307;100000;12.5;12.5;12.5;12.5;34;0
Русгрэйн;60;20170307;140000;12.3;12.3;12.3;12.3;1;0
Русгрэйн;60;20170307;160000;12.3;12.3;12.3;12.3;5;0
Русгрэйн;60;20170309;100000;12.5;12.5;12.5;12.5;2;0
Русгрэйн;60;20170309;130000;12.3;12.3;12.3;12.3;1;0
Русгрэйн;60;20170309;140000;12.25;12.25;11;11.35;1189;0
Русгрэйн;60;20170309;150000;11.35;11.55;11.35;11.5;52;0
Русгрэйн;60;20170309;160000;11.4;11.95;11.35;11.95;48;0
Русгрэйн;60;20170309;170000;12;12;12;12;6;0
Русгрэйн;60;20170309;180000;11.85;11.85;11.35;11.35;110;0
Русгрэйн;60;20170310;090000;11.6;11.6;11.6;11.6;2;0
Русгрэйн;60;20170310;100000;11.65;11.85;11.65;11.65;6;0
Русгрэйн;60;20170310;110000;11.75;11.75;11.75;11.75;7;0
Русгрэйн;60;20170310;120000;11.7;11.7;11.3;11.65;213;0
Русгрэйн;60;20170310;130000;11.65;11.65;11.65;11.65;5;0
Русгрэйн;60;20170310;150000;11.75;11.75;11.65;11.75;8;0
Русгрэйн;60;20170310;180000;11.75;11.75;11.5;11.5;24;0
Русгрэйн;60;20170313;100000;11.6;11.6;11.3;11.45;128;0
Русгрэйн;60;20170313;110000;11.5;11.55;11.5;11.55;19;0
Русгрэйн;60;20170313;120000;11.55;11.55;11.5;11.5;5;0
Русгрэйн;60;20170313;130000;11.55;11.55;11.55;11.55;1;0
Русгрэйн;60;20170314;100000;11.6;12.1;11.6;11.9;112;0
Русгрэйн;60;20170314;110000;11.85;11.85;11.7;11.7;59;0
Русгрэйн;60;20170314;120000;11.65;11.65;11.65;11.65;10;0
Русгрэйн;60;20170314;130000;11.65;11.65;11.65;11.65;2;0
Русгрэйн;60;20170314;140000;11.6;11.6;11.5;11.6;66;0
Русгрэйн;60;20170314;170000;11.7;11.7;11.7;11.7;1;0
Русгрэйн;60;20170314;180000;11.55;11.55;11.55;11.55;2;0
Русгрэйн;60;20170315;100000;11.5;11.65;11.45;11.65;569;0
Русгрэйн;60;20170315;110000;11.55;11.55;11.55;11.55;2;0
Русгрэйн;60;20170315;120000;11.5;11.5;11.5;11.5;31;0
Русгрэйн;60;20170315;130000;11.5;11.5;11.5;11.5;4;0
Русгрэйн;60;20170315;140000;11.55;11.55;11.55;11.55;10;0
Русгрэйн;60;20170315;150000;11.5;11.5;11.5;11.5;6;0
Русгрэйн;60;20170315;160000;11.5;11.5;11.4;11.4;89;0
Русгрэйн;60;20170315;170000;11.5;11.5;11.5;11.5;1;0
Русгрэйн;60;20170315;180000;11.5;11.5;11.4;11.4;27;0
Русгрэйн;60;20170316;100000;11.45;11.75;11.3;11.5;31;0
Русгрэйн;60;20170316;120000;11.45;11.45;11.35;11.45;44;0
Русгрэйн;60;20170316;130000;11.35;11.35;11.3;11.3;57;0
Русгрэйн;60;20170316;140000;11.3;11.65;11.3;11.65;406;0
Русгрэйн;60;20170316;160000;11.55;11.55;11.45;11.45;219;0
Русгрэйн;60;20170316;170000;11.4;11.4;11.4;11.4;42;0
Русгрэйн;60;20170317;100000;11.4;11.55;11.35;11.35;250;0
Русгрэйн;60;20170317;110000;11.35;11.35;11.35;11.35;319;0
Русгрэйн;60;20170317;120000;11.35;11.35;11.2;11.2;194;0
Русгрэйн;60;20170317;130000;11.25;11.25;11.15;11.25;146;0
Русгрэйн;60;20170317;140000;11.25;11.25;11.25;11.25;69;0
Русгрэйн;60;20170317;150000;11.25;11.25;11.2;11.2;311;0
Русгрэйн;60;20170317;160000;11.2;11.2;11.1;11.2;214;0
Русгрэйн;60;20170317;170000;11.15;11.2;11.1;11.15;160;0
Русгрэйн;60;20170317;180000;11.1;11.1;11;11.1;298;0
Русгрэйн;60;20170320;090000;11.25;11.25;11.25;11.25;4;0
Русгрэйн;60;20170320;100000;11.2;11.25;11.15;11.2;34;0
Русгрэйн;60;20170320;110000;11.15;11.15;11.1;11.1;37;0
Русгрэйн;60;20170320;120000;11.1;11.4;10.7;11.1;1709;0
Русгрэйн;60;20170320;130000;11.1;11.1;10.85;10.85;234;0
Русгрэйн;60;20170320;140000;10.85;10.9;10.85;10.9;249;0
Русгрэйн;60;20170320;150000;10.9;10.9;10.8;10.8;41;0
Русгрэйн;60;20170320;160000;10.85;10.85;10.8;10.85;337;0
Русгрэйн;60;20170320;170000;10.8;10.95;10.7;10.85;553;0
Русгрэйн;60;20170320;180000;10.85;10.85;10.8;10.85;125;0
Русгрэйн;60;20170321;100000;10.9;11.05;10.9;11.05;5;0
Русгрэйн;60;20170321;120000;11.05;11.3;10.8;11;534;0
Русгрэйн;60;20170321;130000;11.1;11.2;11.1;11.2;50;0
Русгрэйн;60;20170321;140000;11;11;10.9;10.9;430;0
Русгрэйн;60;20170321;150000;10.95;10.95;10.9;10.9;126;0
Русгрэйн;60;20170321;170000;10.9;10.9;10.8;10.8;145;0
Русгрэйн;60;20170321;180000;10.8;10.8;10.75;10.75;16;0
Русгрэйн;60;20170322;100000;10.8;10.85;10.75;10.75;83;0
Русгрэйн;60;20170322;110000;10.7;10.75;10.7;10.7;220;0
Русгрэйн;60;20170322;120000;10.75;10.75;10.7;10.7;62;0
Русгрэйн;60;20170322;130000;10.7;10.7;10.7;10.7;15;0
Русгрэйн;60;20170322;140000;10.7;10.7;10.7;10.7;10;0
Русгрэйн;60;20170322;150000;10.7;10.7;10.6;10.65;231;0
Русгрэйн;60;20170322;160000;10.6;10.7;10.6;10.7;91;0
Русгрэйн;60;20170322;170000;10.55;10.65;10.55;10.65;2;0
Русгрэйн;60;20170323;110000;10.8;10.8;10.55;10.65;1415;0
Русгрэйн;60;20170323;120000;10.65;10.75;10.65;10.75;282;0
Русгрэйн;60;20170323;130000;10.7;10.7;10.6;10.6;11;0
Русгрэйн;60;20170323;140000;10.6;10.6;10.5;10.5;259;0
Русгрэйн;60;20170323;150000;10.5;10.7;10.5;10.7;247;0
Русгрэйн;60;20170323;160000;10.7;10.7;10.6;10.6;15;0
Русгрэйн;60;20170323;170000;10.55;10.55;10.45;10.45;284;0
Русгрэйн;60;20170323;180000;10.45;10.45;10.4;10.45;251;0
Русгрэйн;60;20170324;090000;10.55;10.55;10.55;10.55;2;0
Русгрэйн;60;20170324;100000;10.5;10.6;10.5;10.5;15;0
Русгрэйн;60;20170324;140000;10.5;10.5;10.4;10.4;1025;0
Русгрэйн;60;20170324;150000;10.4;10.4;10.3;10.35;198;0
Русгрэйн;60;20170324;160000;10.4;10.4;10.4;10.4;1;0
Русгрэйн;60;20170324;170000;10.4;10.4;10.2;10.35;452;0
Русгрэйн;60;20170324;180000;10.35;10.35;10.25;10.3;152;0
Русгрэйн;60;20170327;090000;10.35;10.35;10.35;10.35;1;0
Русгрэйн;60;20170327;100000;10.3;10.35;10.1;10.15;319;0
Русгрэйн;60;20170327;110000;10.15;10.2;10.1;10.1;121;0
Русгрэйн;60;20170327;120000;10.1;10.1;10.1;10.1;1;0
Русгрэйн;60;20170327;130000;10.05;10.05;9.9;10;430;0
Русгрэйн;60;20170327;140000;10;10;9.65;9.95;431;0
Русгрэйн;60;20170327;150000;9.95;10;9.85;9.85;168;0
Русгрэйн;60;20170327;160000;9.85;9.85;9.75;9.75;111;0
Русгрэйн;60;20170327;170000;9.75;9.75;8.6;9.25;2893;0
Русгрэйн;60;20170327;180000;9.3;9.4;9;9.35;386;0
Русгрэйн;60;20170328;100000;9;9.2;8.9;8.95;550;0
Русгрэйн;60;20170328;110000;8.95;8.95;8.7;8.75;446;0
Русгрэйн;60;20170328;120000;8.8;8.95;8.75;8.9;97;0
Русгрэйн;60;20170328;130000;8.85;8.85;8.75;8.85;461;0
Русгрэйн;60;20170328;140000;8.85;8.85;8.75;8.8;449;0
Русгрэйн;60;20170328;150000;8.8;8.85;8.5;8.7;1803;0
Русгрэйн;60;20170328;160000;8.65;8.7;8.65;8.7;22;0
Русгрэйн;60;20170328;170000;8.7;8.7;8.4;8.6;456;0
Русгрэйн;60;20170328;180000;8.55;8.6;8.05;8.4;2729;0
Русгрэйн;60;20170329;090000;8.6;8.6;8.6;8.6;2;0
Русгрэйн;60;20170329;100000;8.4;8.65;8.2;8.4;1324;0
Русгрэйн;60;20170329;110000;8.25;8.45;8.2;8.2;1021;0
Русгрэйн;60;20170329;120000;8.2;8.2;8.1;8.15;507;0
Русгрэйн;60;20170329;130000;8.15;8.15;8.1;8.15;116;0
Русгрэйн;60;20170329;140000;8.15;8.15;8;8;728;0
Русгрэйн;60;20170329;150000;8;8;7.6;7.85;2324;0
Русгрэйн;60;20170329;160000;7.85;7.85;7.65;7.65;334;0
Русгрэйн;60;20170329;170000;7.65;7.8;7.5;7.5;1515;0
Русгрэйн;60;20170329;180000;7.5;7.65;7.05;7.05;7257;0
Русгрэйн;60;20170330;100000;7.05;8.95;6.95;6.95;2578;0
Русгрэйн;60;20170330;110000;7;7.1;6.85;7;1197;0
Русгрэйн;60;20170330;120000;6.9;7;6.6;6.6;3109;0
Русгрэйн;60;20170330;130000;6.65;6.85;6.5;6.6;12045;0
Русгрэйн;60;20170330;140000;6.6;6.65;5.3;6.35;46036;0
Русгрэйн;60;20170330;150000;6.35;6.65;6.3;6.35;2110;0
Русгрэйн;60;20170330;160000;6.35;7.3;6.2;6.8;7634;0
Русгрэйн;60;20170330;170000;6.85;6.9;6.5;6.85;2497;0
Русгрэйн;60;20170330;180000;6.9;7.5;6.9;7.2;9703;0
Русгрэйн;60;20170331;090000;7.4;7.4;7.4;7.4;3;0
Русгрэйн;60;20170331;100000;7.35;7.35;6.7;6.95;248;0
Русгрэйн;60;20170331;110000;7;7.1;6.8;6.95;89;0
Русгрэйн;60;20170331;120000;7;7;7;7;7;0
Русгрэйн;60;20170331;130000;7;7.05;7;7;13;0
Русгрэйн;60;20170331;140000;7;7.25;6.9;7.1;739;0
Русгрэйн;60;20170331;150000;7.1;7.15;7.05;7.05;17;0
Русгрэйн;60;20170331;160000;7.05;7.15;7;7;60;0
Русгрэйн;60;20170331;170000;7;7;6.75;6.9;490;0
Русгрэйн;60;20170331;180000;6.95;7;6.85;6.9;174;0
Русгрэйн;60;20170403;100000;7;7.1;6.8;6.9;543;0
Русгрэйн;60;20170403;110000;7;7.25;7;7.15;191;0
Русгрэйн;60;20170403;120000;7.15;7.25;7.15;7.25;128;0
Русгрэйн;60;20170403;130000;7.25;7.25;7.1;7.2;95;0
Русгрэйн;60;20170403;140000;7.1;7.15;7.1;7.1;90;0
Русгрэйн;60;20170403;150000;7.05;7.05;7;7;130;0
Русгрэйн;60;20170403;160000;7;7.35;7;7.3;510;0
Русгрэйн;60;20170403;170000;7.25;7.25;7.05;7.15;298;0
Русгрэйн;60;20170403;180000;7.05;7.15;7.05;7.15;34;0
Русгрэйн;60;20170404;100000;7.05;7.05;4.35;6.85;6610;0
Русгрэйн;60;20170404;110000;6.9;7;6.8;7;547;0
Русгрэйн;60;20170404;120000;7;7;6.9;6.9;109;0
Русгрэйн;60;20170404;130000;6.95;7;6.9;6.9;45;0
Русгрэйн;60;20170404;140000;7.05;7.05;6.9;6.9;32;0
Русгрэйн;60;20170404;150000;6.9;7.1;6.9;6.9;165;0
Русгрэйн;60;20170404;160000;6.85;6.9;6.5;6.8;660;0
Русгрэйн;60;20170404;170000;6.9;6.95;6.75;6.75;81;0
Русгрэйн;60;20170404;180000;6.85;6.95;6.8;6.95;20;0
Русгрэйн;60;20170405;100000;6.95;7.1;6.95;7;122;0
Русгрэйн;60;20170405;120000;6.95;6.95;6.8;6.85;118;0
Русгрэйн;60;20170405;130000;6.85;6.85;6.65;6.7;458;0
Русгрэйн;60;20170405;140000;6.7;7;6.7;6.9;514;0
Русгрэйн;60;20170405;150000;6.85;6.85;6.85;6.85;3;0
Русгрэйн;60;20170405;160000;6.85;6.95;6.85;6.95;33;0
Русгрэйн;60;20170405;170000;6.9;7.25;6.9;7;643;0
Русгрэйн;60;20170405;180000;6.95;7;6.95;7;55;0
Русгрэйн;60;20170406;100000;7;7;6.9;6.9;24;0
Русгрэйн;60;20170406;110000;6.95;8;6.95;7.2;1258;0
Русгрэйн;60;20170406;120000;7.35;7.45;7.1;7.15;349;0
Русгрэйн;60;20170406;130000;7.1;7.15;7.05;7.1;278;0
Русгрэйн;60;20170406;140000;7.05;7.25;7;7.05;375;0
Русгрэйн;60;20170406;150000;7;7.1;7;7.05;160;0
Русгрэйн;60;20170406;160000;7.1;7.15;7.1;7.1;27;0
Русгрэйн;60;20170406;170000;7.05;7.5;7;7.15;1371;0
Русгрэйн;60;20170406;180000;7.2;7.2;6.9;7.15;8043;0
Русгрэйн;60;20170407;100000;7.05;7.05;7.05;7.05;1;0
Русгрэйн;60;20170407;110000;7.1;7.1;6.9;7;368;0
Русгрэйн;60;20170407;120000;7;7.15;7;7.15;409;0
Русгрэйн;60;20170407;140000;7.05;7.05;6.8;6.9;59;0
Русгрэйн;60;20170407;150000;6.95;6.95;6.9;6.9;35;0
Русгрэйн;60;20170407;160000;6.85;6.85;6.55;6.8;622;0
Русгрэйн;60;20170407;170000;6.75;6.9;6.75;6.9;31;0
Русгрэйн;60;20170407;180000;6.9;7.05;6.9;7.05;151;0
Русгрэйн;60;20170410;100000;6.95;6.95;6.85;6.85;3;0
Русгрэйн;60;20170410;120000;6.85;6.85;6.85;6.85;6;0
Русгрэйн;60;20170410;130000;6.8;6.8;6.65;6.75;64;0
Русгрэйн;60;20170410;140000;6.75;6.75;6.5;6.6;163;0
Русгрэйн;60;20170410;150000;6.65;7.25;6.65;6.85;1154;0
Русгрэйн;60;20170410;160000;6.95;7;6.8;6.8;79;0
Русгрэйн;60;20170410;170000;6.85;6.9;6.85;6.9;3;0
Русгрэйн;60;20170410;180000;6.9;7;6.7;6.9;344;0
Русгрэйн;60;20170411;100000;6.8;6.8;6.7;6.7;276;0
Русгрэйн;60;20170411;110000;6.65;6.85;6.5;6.85;106;0
Русгрэйн;60;20170411;120000;6.85;6.95;6.85;6.95;27;0
Русгрэйн;60;20170411;150000;6.9;6.9;6.85;6.85;208;0
Русгрэйн;60;20170411;160000;6.8;6.8;6.65;6.75;57;0
Русгрэйн;60;20170411;170000;6.8;6.85;6.75;6.85;71;0
Русгрэйн;60;20170411;180000;6.9;6.9;6.9;6.9;14;0
Русгрэйн;60;20170412;100000;6.75;6.9;6.7;6.9;5;0
Русгрэйн;60;20170412;110000;6.85;6.9;6.8;6.85;12;0
Русгрэйн;60;20170412;130000;6.85;6.85;6.85;6.85;3;0
Русгрэйн;60;20170412;140000;6.8;6.85;6.8;6.85;2;0
Русгрэйн;60;20170412;160000;6.8;6.8;6.75;6.75;36;0
Русгрэйн;60;20170412;170000;6.75;6.8;6.75;6.8;5;0
Русгрэйн;60;20170412;180000;6.8;6.8;6.8;6.8;12;0
Русгрэйн;60;20170413;100000;7.05;7.05;6.75;6.95;1706;0
Русгрэйн;60;20170413;110000;7;7.05;6.9;6.9;267;0
Русгрэйн;60;20170413;120000;6.9;6.9;6.9;6.9;1;0
Русгрэйн;60;20170413;130000;6.85;6.85;6.8;6.8;5;0
Русгрэйн;60;20170413;140000;6.8;6.8;6.7;6.7;33;0
Русгрэйн;60;20170413;150000;6.7;6.8;6.6;6.7;167;0
Русгрэйн;60;20170413;160000;6.7;6.85;6.7;6.85;69;0
Русгрэйн;60;20170413;170000;6.85;6.85;6.55;6.75;281;0
Русгрэйн;60;20170413;180000;6.8;6.95;6.8;6.95;569;0
Русгрэйн;60;20170414;110000;6.95;6.95;6.95;6.95;5;0
Русгрэйн;60;20170414;120000;6.85;6.85;6.85;6.85;1;0
Русгрэйн;60;20170414;130000;6.85;6.85;6.85;6.85;4;0
Русгрэйн;60;20170414;160000;6.85;6.85;6.85;6.85;4;0
Русгрэйн;60;20170414;170000;6.9;6.9;6.9;6.9;1;0
Русгрэйн;60;20170414;180000;6.85;6.95;6.8;6.95;110;0
Русгрэйн;60;20170417;110000;6.75;6.85;6.6;6.85;12;0
Русгрэйн;60;20170417;130000;6.85;6.85;6.85;6.85;3;0
Русгрэйн;60;20170417;140000;6.9;6.9;6.9;6.9;1;0
Русгрэйн;60;20170417;150000;6.85;6.85;6.55;6.85;48;0
Русгрэйн;60;20170417;160000;6.85;6.9;6.85;6.9;505;0
Русгрэйн;60;20170417;180000;6.85;6.9;6.8;6.8;18;0
Русгрэйн;60;20170418;100000;6.95;6.95;6.9;6.95;426;0
Русгрэйн;60;20170418;110000;7;7;6.9;6.95;330;0
Русгрэйн;60;20170418;120000;6.85;6.85;6.35;6.35;794;0
Русгрэйн;60;20170418;130000;6.35;6.65;6.05;6.55;560;0
Русгрэйн;60;20170418;140000;6.5;6.6;6.5;6.6;8;0
Русгрэйн;60;20170418;150000;6.65;6.65;6.65;6.65;53;0
Русгрэйн;60;20170418;160000;6.65;6.65;6.65;6.65;15;0
Русгрэйн;60;20170418;170000;6.6;6.6;6.6;6.6;2;0
Русгрэйн;60;20170418;180000;6.7;6.85;6.7;6.85;115;0
Русгрэйн;60;20170419;140000;6.8;6.85;6.8;6.85;4;0
Русгрэйн;60;20170419;150000;6.8;6.95;6.8;6.95;70;0
Русгрэйн;60;20170419;160000;6.9;6.9;6.9;6.9;4;0
Русгрэйн;60;20170419;170000;6.85;6.9;6.85;6.85;6;0
Русгрэйн;60;20170419;180000;6.8;6.8;6.7;6.8;56;0
Русгрэйн;60;20170420;100000;6.8;6.9;6.8;6.9;56;0
Русгрэйн;60;20170420;110000;6.85;6.85;6.8;6.8;11;0
Русгрэйн;60;20170420;170000;6.8;6.8;6.8;6.8;4;0
Русгрэйн;60;20170420;180000;6.8;6.8;6.75;6.75;49;0
Русгрэйн;60;20170421;100000;6.9;7.5;6.85;7.05;1027;0
Русгрэйн;60;20170421;110000;7;7.05;6.95;7.05;16;0
Русгрэйн;60;20170421;120000;7;7.45;6.95;7.15;621;0
Русгрэйн;60;20170421;130000;7.25;7.25;7.15;7.15;43;0
Русгрэйн;60;20170421;140000;7.1;7.1;7.05;7.05;26;0
Русгрэйн;60;20170421;150000;7.05;7.05;7;7.05;42;0
Русгрэйн;60;20170421;160000;7;7;7;7;6;0
Русгрэйн;60;20170421;180000;7;7.05;7;7.05;21;0
Русгрэйн;60;20170424;100000;7;7;6.95;7;504;0
Русгрэйн;60;20170424;110000;7;7;6.9;6.95;48;0
Русгрэйн;60;20170424;120000;6.95;6.95;6.9;6.9;4;0
Русгрэйн;60;20170424;130000;6.95;6.95;6.9;6.9;86;0
Русгрэйн;60;20170424;140000;6.9;6.9;6.85;6.85;45;0
Русгрэйн;60;20170424;150000;6.85;6.9;6.85;6.9;173;0
Русгрэйн;60;20170424;160000;6.85;6.85;6.85;6.85;8;0
Русгрэйн;60;20170424;170000;6.9;6.9;6.9;6.9;2;0
Русгрэйн;60;20170424;180000;6.9;6.9;6.9;6.9;24;0
Русгрэйн;60;20170425;100000;6.8;6.8;6.8;6.8;25;0
Русгрэйн;60;20170425;110000;6.75;6.75;6.75;6.75;11;0
Русгрэйн;60;20170425;120000;6.8;6.8;6.8;6.8;5;0
Русгрэйн;60;20170425;130000;6.8;6.8;6.8;6.8;19;0
Русгрэйн;60;20170425;140000;6.75;6.75;6.7;6.75;70;0
Русгрэйн;60;20170425;150000;6.75;6.75;6.75;6.75;49;0
Русгрэйн;60;20170425;160000;6.75;6.75;6.75;6.75;101;0
Русгрэйн;60;20170425;170000;6.75;6.75;6.75;6.75;18;0
Русгрэйн;60;20170425;180000;6.75;6.8;6.65;6.8;325;0
Русгрэйн;60;20170426;090000;6.85;6.85;6.85;6.85;1;0
Русгрэйн;60;20170426;100000;6.9;7;6.5;6.7;647;0
Русгрэйн;60;20170426;110000;6.7;6.85;6.65;6.8;1073;0
Русгрэйн;60;20170426;120000;6.8;6.8;6.7;6.8;346;0
Русгрэйн;60;20170426;130000;6.8;6.8;6.75;6.75;25;0
Русгрэйн;60;20170426;140000;6.75;6.8;6.75;6.8;78;0
Русгрэйн;60;20170426;150000;6.75;6.75;6.75;6.75;8;0
Русгрэйн;60;20170426;160000;6.75;6.8;6.75;6.8;158;0
Русгрэйн;60;20170426;170000;6.75;6.75;6.7;6.7;34;0
Русгрэйн;60;20170426;180000;6.75;6.8;6.75;6.8;701;0
Русгрэйн;60;20170427;100000;6.75;6.75;6.7;6.7;10;0
Русгрэйн;60;20170427;110000;6.8;6.8;6.8;6.8;41;0
Русгрэйн;60;20170427;120000;6.75;6.75;6.6;6.7;471;0
Русгрэйн;60;20170427;140000;6.65;6.7;6.6;6.7;17;0
Русгрэйн;60;20170427;150000;6.7;6.7;6.7;6.7;8;0
Русгрэйн;60;20170427;160000;6.7;6.7;6.7;6.7;30;0
Русгрэйн;60;20170427;170000;6.7;6.7;6.7;6.7;2;0
Русгрэйн;60;20170427;180000;6.7;6.7;6.7;6.7;149;0
Русгрэйн;60;20170428;100000;6.7;7.85;6.4;6.7;483;0
Русгрэйн;60;20170428;110000;6.7;6.7;6.55;6.7;336;0
Русгрэйн;60;20170428;120000;6.7;6.7;6.6;6.65;679;0
Русгрэйн;60;20170428;130000;6.7;6.7;6.7;6.7;1;0
Русгрэйн;60;20170428;140000;6.65;6.65;6.35;6.6;3150;0
Русгрэйн;60;20170428;150000;6.6;6.65;6.5;6.6;129;0
Русгрэйн;60;20170428;160000;6.6;6.65;6.5;6.55;194;0
Русгрэйн;60;20170428;170000;6.6;6.65;6.45;6.6;283;0
Русгрэйн;60;20170428;180000;6.5;6.6;6.4;6.45;101;0
Русгрэйн;60;20170502;100000;6.7;6.8;6.55;6.55;36;0
Русгрэйн;60;20170502;110000;6.55;6.65;6.55;6.65;495;0
Русгрэйн;60;20170502;120000;6.65;6.65;6.6;6.6;9;0
Русгрэйн;60;20170502;130000;6.6;6.6;6.55;6.55;3;0
Русгрэйн;60;20170502;140000;6.55;6.6;6.55;6.6;36;0
Русгрэйн;60;20170502;150000;6.65;6.65;6.6;6.65;4;0
Русгрэйн;60;20170502;160000;6.65;6.65;6.65;6.65;1;0
Русгрэйн;60;20170502;180000;6.65;6.65;6.65;6.65;2;0
Русгрэйн;60;20170503;100000;6.7;6.7;6.55;6.65;75;0
Русгрэйн;60;20170503;110000;6.55;6.55;6.45;6.55;41;0
Русгрэйн;60;20170503;130000;6.5;6.55;6.45;6.55;43;0
Русгрэйн;60;20170503;140000;6.45;6.45;6;6.35;638;0
Русгрэйн;60;20170503;150000;6.3;6.5;6.3;6.45;212;0
Русгрэйн;60;20170503;160000;6.45;6.45;6.4;6.4;65;0
Русгрэйн;60;20170503;170000;6.45;6.45;6.4;6.4;14;0
Русгрэйн;60;20170503;180000;6.4;6.45;6.35;6.35;61;0
Русгрэйн;60;20170504;100000;6.5;6.5;6.35;6.45;54;0
Русгрэйн;60;20170504;110000;6.4;6.4;6.4;6.4;10;0
Русгрэйн;60;20170504;120000;6.45;6.5;6.45;6.5;451;0
Русгрэйн;60;20170504;130000;6.35;6.35;6.3;6.3;548;0
Русгрэйн;60;20170504;140000;6.4;6.4;6.4;6.4;1;0
Русгрэйн;60;20170504;170000;6.4;6.45;6.4;6.45;16;0
Русгрэйн;60;20170504;180000;6.45;6.45;6.45;6.45;2;0
Русгрэйн;60;20170505;090000;6.5;6.5;6.5;6.5;1;0
Русгрэйн;60;20170505;100000;6.45;6.45;6.1;6.4;219;0
Русгрэйн;60;20170505;110000;6.45;6.45;6.4;6.4;497;0
Русгрэйн;60;20170505;120000;6.45;6.45;6.45;6.45;73;0
Русгрэйн;60;20170505;140000;6.45;6.45;6.35;6.45;182;0
Русгрэйн;60;20170505;150000;6.4;6.4;6.4;6.4;1;0
Русгрэйн;60;20170505;170000;6.35;6.45;6.35;6.45;106;0
Русгрэйн;60;20170510;100000;6.45;6.45;6.45;6.45;1;0
Русгрэйн;60;20170510;110000;6.35;6.35;6.35;6.35;1;0
Русгрэйн;60;20170510;140000;6.35;6.35;6.35;6.35;2;0
Русгрэйн;60;20170510;150000;6.35;6.35;6.35;6.35;13;0
Русгрэйн;60;20170510;160000;6.35;6.35;6.35;6.35;5;0
Русгрэйн;60;20170510;170000;6.35;6.35;6.35;6.35;3;0
Русгрэйн;60;20170510;180000;6.3;6.35;6.3;6.35;13;0
Русгрэйн;60;20170511;100000;6.3;6.3;6.3;6.3;30;0
Русгрэйн;60;20170511;130000;6.3;6.3;6.3;6.3;2;0
Русгрэйн;60;20170511;140000;6.25;6.25;6.2;6.2;50;0
Русгрэйн;60;20170511;150000;6.35;6.35;6.2;6.2;122;0
Русгрэйн;60;20170511;160000;6.2;6.2;5.75;5.9;1553;0
Русгрэйн;60;20170511;170000;5.9;7;5.85;6.5;2093;0
Русгрэйн;60;20170511;180000;6.45;6.45;6.1;6.25;311;0
Русгрэйн;60;20170512;100000;6.35;6.4;6.1;6.1;171;0
Русгрэйн;60;20170512;110000;6.2;6.2;6.1;6.1;4;0
Русгрэйн;60;20170512;120000;6.15;6.15;6.15;6.15;1;0
Русгрэйн;60;20170512;130000;6.1;6.1;5.65;6;526;0
Русгрэйн;60;20170512;140000;6.05;6.15;5.95;6.15;61;0
Русгрэйн;60;20170512;150000;6.15;6.15;6.15;6.15;2;0
Русгрэйн;60;20170512;160000;6.05;6.05;5.9;6;133;0
Русгрэйн;60;20170512;170000;6.05;6.15;5.85;6.05;401;0
Русгрэйн;60;20170512;180000;6.1;6.1;6.1;6.1;5;0
Русгрэйн;60;20170515;100000;6.2;6.2;6.1;6.1;52;0
Русгрэйн;60;20170515;110000;6.1;6.15;6.1;6.15;5;0
Русгрэйн;60;20170515;120000;6.15;6.15;6.15;6.15;1;0
Русгрэйн;60;20170515;140000;6.1;6.1;6.1;6.1;1;0
Русгрэйн;60;20170515;170000;6.1;6.1;6.1;6.1;5;0
Русгрэйн;60;20170515;180000;6.1;6.1;6.1;6.1;9;0
Русгрэйн;60;20170516;090000;6.05;6.05;6.05;6.05;1;0
Русгрэйн;60;20170516;100000;6.15;6.15;6.15;6.15;1;0
Русгрэйн;60;20170516;110000;6.1;6.1;5.9;5.9;10;0
Русгрэйн;60;20170516;120000;6.1;6.15;6.1;6.15;84;0
Русгрэйн;60;20170516;130000;6.15;6.15;6.15;6.15;85;0
Русгрэйн;60;20170516;150000;6.1;6.1;5.9;6.05;56;0
Русгрэйн;60;20170516;160000;6.1;6.15;6.05;6.15;171;0
Русгрэйн;60;20170516;170000;6.2;6.2;6.1;6.1;39;0
Русгрэйн;60;20170516;180000;6.15;6.2;6.15;6.2;3;0
Русгрэйн;60;20170517;100000;6.05;6.05;6.05;6.05;20;0
Русгрэйн;60;20170517;110000;6.1;6.1;6.1;6.1;80;0
Русгрэйн;60;20170517;140000;6.15;6.15;6.15;6.15;1;0
Русгрэйн;60;20170517;150000;6.05;6.15;5.8;6.1;124;0
Русгрэйн;60;20170517;160000;6.1;6.1;6.1;6.1;17;0
Русгрэйн;60;20170517;180000;6.1;6.1;6.1;6.1;4;0
Русгрэйн;60;20170518;100000;6.1;6.1;6.1;6.1;1;0
Русгрэйн;60;20170518;110000;6.05;6.05;5.45;5.6;5332;0
Русгрэйн;60;20170518;120000;5.65;5.8;5.45;5.65;720;0
Русгрэйн;60;20170518;130000;5.55;5.7;5.55;5.7;161;0
Русгрэйн;60;20170518;140000;5.6;5.6;5.5;5.55;441;0
Русгрэйн;60;20170518;150000;5.55;5.55;5.45;5.5;397;0
Русгрэйн;60;20170518;160000;5.55;5.55;5.5;5.5;110;0
Русгрэйн;60;20170518;170000;5.5;5.55;5.3;5.45;2818;0
Русгрэйн;60;20170518;180000;5.5;5.55;5.45;5.55;112;0
Русгрэйн;60;20170519;100000;5.6;5.6;5.4;5.45;86;0
Русгрэйн;60;20170519;110000;5.4;5.55;5.3;5.45;465;0
Русгрэйн;60;20170519;140000;5.5;5.5;5.5;5.5;2;0
Русгрэйн;60;20170519;150000;5.5;5.5;5.5;5.5;19;0
Русгрэйн;60;20170519;160000;5.5;5.5;5.5;5.5;4;0
Русгрэйн;60;20170519;170000;5.5;5.5;5.5;5.5;3;0
Русгрэйн;60;20170519;180000;5.5;5.55;5.45;5.55;319;0
Русгрэйн;60;20170522;100000;5.6;5.6;5.45;5.55;191;0
Русгрэйн;60;20170522;120000;5.45;5.45;5.3;5.35;1014;0
Русгрэйн;60;20170522;130000;5.35;5.35;5.35;5.35;9;0
Русгрэйн;60;20170522;140000;5.3;5.35;5.25;5.35;265;0
Русгрэйн;60;20170522;150000;5.3;5.35;5.2;5.2;388;0
Русгрэйн;60;20170522;160000;5.25;5.35;5.2;5.35;371;0
Русгрэйн;60;20170522;170000;5.35;5.35;4.9;4.95;3861;0
Русгрэйн;60;20170522;180000;4.95;5;4.9;5;1005;0
Русгрэйн;60;20170523;090000;5.1;5.1;5.1;5.1;3;0
Русгрэйн;60;20170523;100000;5.05;5.15;4.85;5.1;1553;0
Русгрэйн;60;20170523;110000;5.05;5.2;5;5.15;807;0
Русгрэйн;60;20170523;120000;5.15;5.2;4.8;5;1580;0
Русгрэйн;60;20170523;130000;4.9;5;4.85;5;62;0
Русгрэйн;60;20170523;140000;5;5.05;5;5.05;100;0
Русгрэйн;60;20170523;150000;5;5.1;4.9;5.05;282;0
Русгрэйн;60;20170523;160000;5.05;5.1;4.95;5.1;147;0
Русгрэйн;60;20170523;170000;5.1;5.1;4.9;5.05;266;0
Русгрэйн;60;20170523;180000;5.1;5.1;5.05;5.05;113;0
Русгрэйн;60;20170524;100000;5.05;5.05;5.05;5.05;4;0
Русгрэйн;60;20170524;110000;5;5;4.55;4.8;1597;0
Русгрэйн;60;20170524;120000;4.9;4.95;4.9;4.95;11;0
Русгрэйн;60;20170524;130000;4.9;4.95;4.9;4.95;7;0
Русгрэйн;60;20170524;140000;4.9;4.95;4.5;4.65;2213;0
Русгрэйн;60;20170524;150000;4.65;4.75;4.6;4.65;589;0
Русгрэйн;60;20170524;160000;4.65;4.7;4.5;4.6;1288;0
Русгрэйн;60;20170524;170000;4.65;4.7;4.65;4.7;4;0
Русгрэйн;60;20170524;180000;4.65;4.85;4.55;4.85;1036;0
Русгрэйн;60;20170525;100000;4.8;4.8;4.65;4.75;39;0
Русгрэйн;60;20170525;120000;4.75;4.75;4.7;4.75;115;0
Русгрэйн;60;20170525;130000;4.75;4.8;4.75;4.8;71;0
Русгрэйн;60;20170525;160000;4.8;4.8;4.8;4.8;4;0
Русгрэйн;60;20170525;170000;4.8;4.8;4.8;4.8;5;0
Русгрэйн;60;20170525;180000;4.75;4.75;4.75;4.75;8;0
Русгрэйн;60;20170526;100000;4.75;4.8;4.75;4.8;2;0
Русгрэйн;60;20170526;110000;4.75;4.75;4.65;4.65;74;0
Русгрэйн;60;20170526;120000;4.75;4.75;4.75;4.75;1;0
Русгрэйн;60;20170526;130000;4.7;4.7;4.7;4.7;2;0
Русгрэйн;60;20170526;140000;4.7;4.75;4.45;4.65;1845;0
Русгрэйн;60;20170526;150000;4.7;4.7;4.65;4.65;38;0
Русгрэйн;60;20170526;160000;4.7;4.95;4.65;4.75;1568;0
Русгрэйн;60;20170526;180000;4.7;4.7;4.7;4.7;11;0
Русгрэйн;60;20170529;100000;4.7;4.85;4.7;4.8;143;0
Русгрэйн;60;20170529;110000;4.75;4.75;4.55;4.6;2188;0
Русгрэйн;60;20170529;120000;4.65;4.65;4.5;4.55;42;0
Русгрэйн;60;20170529;130000;4.6;4.7;4.6;4.7;10;0
Русгрэйн;60;20170529;140000;4.6;4.6;4.55;4.6;8;0
Русгрэйн;60;20170529;150000;4.55;4.55;4.35;4.5;4156;0
Русгрэйн;60;20170529;160000;4.55;4.65;4.55;4.65;257;0
Русгрэйн;60;20170529;170000;4.6;4.65;4.4;4.6;766;0
Русгрэйн;60;20170529;180000;4.65;4.75;4.45;4.75;1033;0
Русгрэйн;60;20170530;100000;4.7;4.7;4.6;4.7;217;0
Русгрэйн;60;20170530;110000;4.7;4.7;4.45;4.65;1128;0
Русгрэйн;60;20170530;120000;4.65;4.65;4.65;4.65;50;0
Русгрэйн;60;20170530;130000;4.65;4.7;4.55;4.7;92;0
Русгрэйн;60;20170530;150000;4.7;4.7;4.7;4.7;8;0
Русгрэйн;60;20170530;160000;4.7;4.7;4.7;4.7;17;0
Русгрэйн;60;20170530;170000;4.7;4.75;4.7;4.7;25;0
Русгрэйн;60;20170530;180000;4.7;4.7;4.7;4.7;48;0
Русгрэйн;60;20170531;100000;4.75;5.45;4.5;5.45;1531;0
Русгрэйн;60;20170531;110000;5.2;5.55;4.9;5.4;8035;0
Русгрэйн;60;20170531;120000;5.5;5.65;5.1;5.25;3328;0
Русгрэйн;60;20170531;130000;5.3;5.3;5;5.15;1187;0
Русгрэйн;60;20170531;140000;5.05;5.1;4.95;5.1;1309;0
Русгрэйн;60;20170531;150000;5.1;5.15;5;5.15;540;0
Русгрэйн;60;20170531;160000;5.15;5.3;5.15;5.2;513;0
Русгрэйн;60;20170531;170000;5.2;5.2;5.1;5.1;5;0
Русгрэйн;60;20170531;180000;5.2;5.2;4.85;5.1;879;0
Русгрэйн;60;20170601;100000;5.05;5.05;4.75;5;763;0
Русгрэйн;60;20170601;110000;4.9;4.9;4.9;4.9;2;0
Русгрэйн;60;20170601;130000;5;5;4.85;4.95;254;0
Русгрэйн;60;20170601;140000;5;5.05;5;5.05;15;0
Русгрэйн;60;20170601;150000;5.05;5.1;4.9;4.9;35;0
Русгрэйн;60;20170601;160000;5;5;4.95;4.95;3;0
Русгрэйн;60;20170601;170000;5;5;5;5;5;0
Русгрэйн;60;20170601;180000;5;5.05;5;5.05;6;0
Русгрэйн;60;20170602;100000;6.9;6.9;4.8;5;338;0
Русгрэйн;60;20170602;110000;4.9;5;4.9;5;121;0
Русгрэйн;60;20170602;120000;5;5;5;5;7;0
Русгрэйн;60;20170602;150000;4.95;4.95;4.5;4.95;1664;0
Русгрэйн;60;20170602;170000;4.95;5;4.95;5;73;0
Русгрэйн;60;20170602;180000;4.95;5;4.9;5;168;0
Русгрэйн;60;20170605;100000;5.05;5.05;5;5;84;0
Русгрэйн;60;20170605;110000;5;5;5;5;5;0
Русгрэйн;60;20170605;120000;5;5.2;5;5.2;1057;0
Русгрэйн;60;20170605;130000;5.2;5.2;5.1;5.1;127;0
Русгрэйн;60;20170605;140000;5.1;5.1;5.05;5.05;45;0
Русгрэйн;60;20170605;150000;5.1;5.1;5.1;5.1;6;0
Русгрэйн;60;20170605;160000;5.1;5.15;5.1;5.15;258;0
Русгрэйн;60;20170605;170000;5.1;5.4;5.1;5.4;255;0
Русгрэйн;60;20170605;180000;5.3;5.4;5.3;5.4;75;0
Русгрэйн;60;20170606;100000;5.35;5.75;5.35;5.7;197;0
Русгрэйн;60;20170606;110000;5.7;5.95;5.2;5.75;957;0
Русгрэйн;60;20170606;120000;5.85;5.9;5;5.15;2208;0
Русгрэйн;60;20170606;130000;5.2;5.35;5;5.35;375;0
Русгрэйн;60;20170606;140000;5.4;5.4;5.4;5.4;10;0
Русгрэйн;60;20170606;150000;5.45;5.65;5.4;5.5;172;0
Русгрэйн;60;20170606;170000;5.55;5.65;5.35;5.45;206;0
Русгрэйн;60;20170606;180000;5.45;5.5;5.4;5.5;48;0
Русгрэйн;60;20170607;100000;5.6;5.7;5.55;5.55;33;0
Русгрэйн;60;20170607;130000;5.5;5.5;5.35;5.35;54;0
Русгрэйн;60;20170607;140000;5.35;5.5;5.35;5.5;217;0
Русгрэйн;60;20170607;150000;5.4;5.55;5.35;5.55;299;0
Русгрэйн;60;20170607;160000;5.6;5.6;5.45;5.55;3;0
Русгрэйн;60;20170607;170000;5.55;5.55;5.55;5.55;90;0
Русгрэйн;60;20170607;180000;5.6;5.6;5.6;5.6;1;0
Русгрэйн;60;20170608;100000;5.75;5.75;5.75;5.75;1;0
Русгрэйн;60;20170608;110000;5.6;5.85;5.6;5.7;278;0
Русгрэйн;60;20170608;120000;5.7;5.8;5.7;5.7;137;0
Русгрэйн;60;20170608;130000;5.7;5.7;5.7;5.7;1;0
Русгрэйн;60;20170608;140000;5.65;5.65;5.6;5.6;16;0
Русгрэйн;60;20170608;150000;5.6;5.6;5.45;5.45;52;0
Русгрэйн;60;20170608;160000;5.45;5.45;5.35;5.35;36;0
Русгрэйн;60;20170608;170000;5.5;5.55;5.5;5.55;2;0
Русгрэйн;60;20170608;180000;5.55;5.55;5.55;5.55;1;0
Русгрэйн;60;20170609;100000;5.45;5.5;5.25;5.4;2345;0
Русгрэйн;60;20170609;110000;5.45;5.5;5.35;5.4;1151;0
Русгрэйн;60;20170609;120000;5.3;5.45;5.2;5.3;705;0
Русгрэйн;60;20170609;130000;5.3;5.4;5.3;5.4;132;0
Русгрэйн;60;20170609;140000;5.35;5.4;5.3;5.3;457;0
Русгрэйн;60;20170609;150000;5.3;5.3;5.3;5.3;91;0
Русгрэйн;60;20170609;160000;5.3;5.3;5.3;5.3;2;0
Русгрэйн;60;20170609;170000;5.3;5.4;5.25;5.35;266;0
Русгрэйн;60;20170609;180000;5.3;5.45;5.2;5.45;95;0
Русгрэйн;60;20170613;100000;5.5;5.5;4.95;5.3;110;0
Русгрэйн;60;20170613;110000;5.35;5.35;5.35;5.35;7;0
Русгрэйн;60;20170613;130000;5.35;5.35;5.35;5.35;3;0
Русгрэйн;60;20170613;150000;5.4;5.85;5.4;5.65;1981;0
Русгрэйн;60;20170613;160000;5.5;5.5;4.95;5.25;1237;0
Русгрэйн;60;20170613;170000;5.25;5.35;5.25;5.35;51;0
Русгрэйн;60;20170614;100000;5.4;5.65;5.4;5.65;10;0
Русгрэйн;60;20170614;110000;5.35;5.4;5.15;5.4;28;0
Русгрэйн;60;20170614;130000;5.4;5.4;5.4;5.4;1;0
Русгрэйн;60;20170614;140000;5.4;5.4;5.4;5.4;94;0
Русгрэйн;60;20170614;160000;5.3;5.3;5.15;5.3;125;0
Русгрэйн;60;20170614;180000;5.2;5.35;5.1;5.35;76;0
Русгрэйн;60;20170615;100000;5.15;5.25;5.1;5.25;204;0
Русгрэйн;60;20170615;110000;5.3;5.3;5.3;5.3;1;0
Русгрэйн;60;20170615;140000;5.2;5.4;5.2;5.4;197;0
Русгрэйн;60;20170615;150000;5.25;5.25;5.25;5.25;8;0
Русгрэйн;60;20170615;170000;5.4;5.4;5.4;5.4;1;0
Русгрэйн;60;20170615;180000;5.4;5.4;5.4;5.4;3;0
Русгрэйн;60;20170616;110000;5.4;5.55;5.4;5.55;365;0
Русгрэйн;60;20170616;130000;5.5;5.55;5.5;5.55;35;0
Русгрэйн;60;20170616;150000;5.6;5.6;5.6;5.6;75;0
Русгрэйн;60;20170616;160000;5.6;5.6;5.5;5.55;343;0
Русгрэйн;60;20170616;180000;5.5;5.5;5.5;5.5;2;0
Русгрэйн;60;20170619;100000;5.15;5.75;5.05;5.35;492;0
Русгрэйн;60;20170619;110000;5.4;5.4;5.4;5.4;3;0
Русгрэйн;60;20170619;150000;5.35;5.35;5.35;5.35;100;0
Русгрэйн;60;20170619;160000;5.4;5.4;5.4;5.4;77;0
Русгрэйн;60;20170619;170000;5.4;5.5;5.4;5.5;92;0
Русгрэйн;60;20170619;180000;5.55;5.55;5.55;5.55;2;0
Русгрэйн;60;20170620;100000;5.65;5.65;5.65;5.65;1;0
Русгрэйн;60;20170620;110000;5.45;5.45;5.45;5.45;11;0
Русгрэйн;60;20170620;130000;5.5;5.5;5.5;5.5;59;0
Русгрэйн;60;20170620;140000;5.5;5.75;5.5;5.6;261;0
Русгрэйн;60;20170620;150000;5.5;5.6;5.45;5.55;73;0
Русгрэйн;60;20170620;160000;5.5;5.5;5.45;5.45;55;0
Русгрэйн;60;20170620;170000;5.65;5.65;5.65;5.65;1;0
Русгрэйн;60;20170620;180000;5.6;5.65;5.5;5.65;34;0
Русгрэйн;60;20170621;100000;5.55;5.8;5.55;5.8;210;0
Русгрэйн;60;20170621;110000;5.65;5.8;5.65;5.8;350;0
Русгрэйн;60;20170621;130000;5.7;5.7;5.55;5.55;50;0
Русгрэйн;60;20170621;170000;5.6;5.65;5.5;5.65;113;0
Русгрэйн;60;20170622;100000;5.6;5.6;5.6;5.6;11;0
Русгрэйн;60;20170622;110000;5.65;5.65;5.6;5.6;88;0
Русгрэйн;60;20170622;120000;5.65;5.7;5.65;5.65;175;0
Русгрэйн;60;20170622;140000;5.7;5.85;5.7;5.85;266;0
Русгрэйн;60;20170622;150000;5.65;5.65;5.65;5.65;5;0
Русгрэйн;60;20170622;180000;5.6;5.65;5.6;5.65;21;0
Русгрэйн;60;20170623;100000;5.8;5.8;5.8;5.8;1;0
Русгрэйн;60;20170623;110000;5.6;5.6;5.6;5.6;10;0
Русгрэйн;60;20170623;120000;5.6;5.6;5.6;5.6;495;0
Русгрэйн;60;20170623;130000;5.55;5.55;5.4;5.4;77;0
Русгрэйн;60;20170623;140000;5.6;5.6;5.6;5.6;11;0
Русгрэйн;60;20170623;160000;5.5;5.5;5.5;5.5;2;0
Русгрэйн;60;20170623;170000;5.5;5.5;5.5;5.5;2;0
Русгрэйн;60;20170623;180000;5.6;5.6;5.6;5.6;15;0
Русгрэйн;60;20170626;100000;5.7;5.7;5.7;5.7;81;0
Русгрэйн;60;20170626;110000;5.65;5.65;5.55;5.55;434;0
Русгрэйн;60;20170626;150000;5.6;5.6;5.6;5.6;1;0
Русгрэйн;60;20170626;160000;5.5;5.5;5.5;5.5;3;0
Русгрэйн;60;20170626;180000;5.55;5.55;5.55;5.55;31;0
Русгрэйн;60;20170627;100000;5.6;5.6;5.5;5.5;94;0
Русгрэйн;60;20170627;130000;5.5;5.5;5.5;5.5;701;0
Русгрэйн;60;20170627;150000;5.5;5.5;5.5;5.5;11;0
Русгрэйн;60;20170627;160000;5.5;5.5;5.5;5.5;9;0
Русгрэйн;60;20170627;170000;5.5;5.5;5.5;5.5;85;0
Русгрэйн;60;20170627;180000;5.5;5.8;5.5;5.65;328;0
Русгрэйн;60;20170628;100000;5.75;5.75;5.75;5.75;1;0
Русгрэйн;60;20170628;110000;5.65;5.7;5.65;5.7;2;0
Русгрэйн;60;20170628;160000;5.7;5.8;5.7;5.75;495;0
Русгрэйн;60;20170629;100000;5.8;5.8;5.8;5.8;30;0
Русгрэйн;60;20170629;120000;5.7;5.8;5.7;5.8;2;0
Русгрэйн;60;20170629;150000;5.75;5.75;5.75;5.75;1;0
Русгрэйн;60;20170629;160000;5.8;5.8;5.8;5.8;42;0
Русгрэйн;60;20170629;180000;5.7;5.8;5.7;5.8;2;0
Русгрэйн;60;20170630;100000;5.85;5.85;5.75;5.75;188;0
Русгрэйн;60;20170630;110000;5.7;5.7;5.7;5.7;1;0
Русгрэйн;60;20170630;130000;5.65;5.7;5.65;5.7;4;0
Русгрэйн;60;20170630;140000;5.7;5.7;5.7;5.7;50;0
Русгрэйн;60;20170630;150000;5.65;5.65;5.65;5.65;109;0
Русгрэйн;60;20170630;160000;5.6;5.65;5.6;5.65;270;0
Русгрэйн;60;20170630;170000;5.65;5.75;5.6;5.75;85;0
Русгрэйн;60;20170630;180000;5.75;5.75;5.75;5.75;2;0
Русгрэйн;60;20170703;100000;5.75;5.75;5.7;5.7;6;0
Русгрэйн;60;20170703;120000;5.8;5.8;5.8;5.8;8;0
Русгрэйн;60;20170703;130000;5.7;5.7;5.6;5.6;26;0
Русгрэйн;60;20170703;150000;5.6;5.6;5.6;5.6;1;0
Русгрэйн;60;20170703;160000;5.8;5.8;5.8;5.8;38;0
Русгрэйн;60;20170703;180000;5.8;5.8;5.8;5.8;1;0
Русгрэйн;60;20170704;100000;5.85;5.85;5.8;5.85;233;0
Русгрэйн;60;20170704;110000;5.85;5.85;5.8;5.8;72;0
Русгрэйн;60;20170704;120000;5.85;5.85;5.85;5.85;72;0
Русгрэйн;60;20170704;130000;5.8;5.8;5.8;5.8;1;0
Русгрэйн;60;20170704;160000;5.8;5.8;5.8;5.8;17;0
Русгрэйн;60;20170704;170000;5.85;5.85;5.8;5.8;6;0
Русгрэйн;60;20170704;180000;5.85;6.8;5.85;6.7;5889;0
Русгрэйн;60;20170705;090000;6.75;6.75;6.75;6.75;1;0
Русгрэйн;60;20170705;100000;6.7;7.25;6.15;6.55;10231;0
Русгрэйн;60;20170705;110000;6.4;6.4;6.15;6.25;620;0
Русгрэйн;60;20170705;120000;6.25;6.25;6.2;6.2;67;0
Русгрэйн;60;20170705;130000;6.2;6.2;6.2;6.2;338;0
Русгрэйн;60;20170705;140000;6.25;6.25;6.2;6.2;5;0
Русгрэйн;60;20170705;150000;6.25;6.35;6.25;6.35;304;0
Русгрэйн;60;20170705;160000;6.35;6.35;6.15;6.15;236;0
Русгрэйн;60;20170705;170000;6.15;6.5;6.1;6.5;978;0
Русгрэйн;60;20170705;180000;6.5;6.6;6.35;6.35;610;0
Русгрэйн;60;20170706;100000;6.5;6.5;6.5;6.5;82;0
Русгрэйн;60;20170706;110000;6.5;6.55;6.5;6.55;112;0
Русгрэйн;60;20170706;120000;6.5;6.75;6.35;6.75;1342;0
Русгрэйн;60;20170706;130000;6.75;6.95;6.6;6.6;351;0
Русгрэйн;60;20170706;140000;6.6;6.6;6.55;6.55;102;0
Русгрэйн;60;20170706;150000;6.55;6.55;6.35;6.45;93;0
Русгрэйн;60;20170706;160000;6.55;6.55;6.3;6.4;158;0
Русгрэйн;60;20170706;170000;6.4;6.9;6.4;6.8;1934;0
Русгрэйн;60;20170706;180000;6.8;6.8;6.5;6.7;322;0
Русгрэйн;60;20170707;100000;7.3;7.3;6.8;6.85;216;0
Русгрэйн;60;20170707;110000;6.85;6.85;6.55;6.65;95;0
Русгрэйн;60;20170707;120000;6.65;6.65;6.65;6.65;1;0
Русгрэйн;60;20170707;130000;6.65;6.65;6.65;6.65;5;0
Русгрэйн;60;20170707;150000;6.6;6.6;6.55;6.55;42;0
Русгрэйн;60;20170707;170000;6.6;6.65;6.6;6.65;8;0
Русгрэйн;60;20170707;180000;6.5;6.65;6.5;6.65;19;0
Русгрэйн;60;20170710;100000;6.6;6.6;6.35;6.5;254;0
Русгрэйн;60;20170710;110000;6.55;6.6;6.55;6.6;130;0
Русгрэйн;60;20170710;120000;6.6;6.65;6.6;6.65;50;0
Русгрэйн;60;20170710;130000;6.7;6.7;5.9;6.3;561;0
Русгрэйн;60;20170710;140000;6.35;6.5;6.35;6.5;29;0
Русгрэйн;60;20170710;150000;6.5;6.5;6.5;6.5;10;0
Русгрэйн;60;20170710;160000;6.3;6.45;6.2;6.45;30;0
Русгрэйн;60;20170710;180000;6.3;6.5;6.3;6.5;67;0
Русгрэйн;60;20170711;100000;6.65;6.65;6.65;6.65;367;0
Русгрэйн;60;20170711;110000;6.65;6.65;6.65;6.65;5;0
Русгрэйн;60;20170711;120000;6.6;6.6;6.6;6.6;1;0
Русгрэйн;60;20170711;130000;6.55;6.55;6.55;6.55;45;0
Русгрэйн;60;20170711;140000;6.5;6.5;6.5;6.5;1;0
Русгрэйн;60;20170711;150000;6.55;6.6;6.5;6.6;237;0
Русгрэйн;60;20170711;160000;6.5;6.5;6.5;6.5;2;0
Русгрэйн;60;20170711;170000;6.5;6.5;6.5;6.5;5;0
Русгрэйн;60;20170711;180000;6.55;6.6;6.55;6.6;36;0
Русгрэйн;60;20170712;100000;6.85;6.85;6.45;6.7;15;0
Русгрэйн;60;20170712;110000;6.7;6.7;6.7;6.7;445;0
Русгрэйн;60;20170712;120000;6.65;6.7;6.65;6.7;2;0
Русгрэйн;60;20170712;130000;6.7;6.7;6.7;6.7;1;0
Русгрэйн;60;20170712;150000;6.65;6.7;6.55;6.7;262;0
Русгрэйн;60;20170712;180000;6.7;6.75;6.7;6.75;328;0
Русгрэйн;60;20170713;100000;6.9;7;6.6;6.6;371;0
Русгрэйн;60;20170713;130000;6.75;6.75;6.75;6.75;1;0
Русгрэйн;60;20170713;140000;6.8;6.8;6.8;6.8;28;0
Русгрэйн;60;20170713;150000;6.8;6.8;6.8;6.8;222;0
Русгрэйн;60;20170713;160000;6.65;6.7;6.6;6.7;38;0
Русгрэйн;60;20170713;170000;6.65;6.95;6.65;6.9;2207;0
Русгрэйн;60;20170713;180000;6.85;6.9;6.75;6.9;30;0
Русгрэйн;60;20170714;100000;6.95;6.95;6.9;6.9;2;0
Русгрэйн;60;20170714;110000;6.85;6.9;6.85;6.9;2;0
Русгрэйн;60;20170714;120000;6.9;6.9;6.9;6.9;2;0
Русгрэйн;60;20170714;130000;6.75;6.8;6.6;6.75;180;0
Русгрэйн;60;20170714;140000;6.8;6.8;6.8;6.8;5;0
Русгрэйн;60;20170714;150000;6.7;6.8;6.6;6.8;50;0
Русгрэйн;60;20170717;110000;6.7;6.7;6.7;6.7;2;0
Русгрэйн;60;20170717;120000;6.7;6.7;6.7;6.7;3;0
Русгрэйн;60;20170717;150000;6.7;6.7;6.65;6.65;3;0
Русгрэйн;60;20170717;170000;6.65;6.65;6.55;6.55;26;0
Русгрэйн;60;20170717;180000;6.7;6.7;6.7;6.7;3;0
Русгрэйн;60;20170718;100000;6.8;6.8;6.65;6.7;1526;0
Русгрэйн;60;20170718;110000;6.6;6.6;6.55;6.6;130;0
Русгрэйн;60;20170718;120000;6.65;6.65;6.65;6.65;19;0
Русгрэйн;60;20170718;130000;6.65;6.65;6.45;6.5;752;0
Русгрэйн;60;20170718;140000;6.6;6.65;6.6;6.65;9;0
Русгрэйн;60;20170718;150000;6.55;6.55;6.55;6.55;540;0
Русгрэйн;60;20170718;160000;6.5;6.5;6.5;6.5;10;0
Русгрэйн;60;20170718;170000;6.5;6.5;6.5;6.5;71;0
Русгрэйн;60;20170719;100000;6.5;6.5;6.5;6.5;1;0
Русгрэйн;60;20170719;110000;6.55;6.55;6.5;6.5;12;0
Русгрэйн;60;20170719;120000;6.55;6.55;6.55;6.55;77;0
Русгрэйн;60;20170719;160000;6.5;6.5;6.45;6.5;16;0
Русгрэйн;60;20170719;170000;6.45;6.5;6.2;6.4;333;0
Русгрэйн;60;20170719;180000;6.5;6.55;6.5;6.55;22;0
Русгрэйн;60;20170720;110000;6.5;6.5;6.5;6.5;10;0
Русгрэйн;60;20170720;140000;6.45;6.45;6.35;6.35;100;0
Русгрэйн;60;20170720;160000;6.45;6.45;6.45;6.45;36;0
Русгрэйн;60;20170720;170000;6.5;6.65;6.5;6.65;111;0
Русгрэйн;60;20170720;180000;6.45;6.5;6.45;6.5;13;0
Русгрэйн;60;20170721;100000;6.5;6.5;6.5;6.5;10;0
Русгрэйн;60;20170721;150000;6.45;6.5;6.4;6.5;65;0
Русгрэйн;60;20170721;160000;6.55;6.55;6.45;6.45;49;0
Русгрэйн;60;20170721;170000;6.45;6.65;6.4;6.6;349;0
Русгрэйн;60;20170721;180000;6.6;6.65;6.6;6.65;171;0
Русгрэйн;60;20170724;100000;6.65;6.65;6.65;6.65;57;0
Русгрэйн;60;20170724;110000;6.65;6.65;6.65;6.65;178;0
Русгрэйн;60;20170724;120000;6.65;6.65;6.45;6.6;463;0
Русгрэйн;60;20170724;160000;6.5;6.55;6.5;6.5;4;0
Русгрэйн;60;20170724;170000;6.55;6.55;6.4;6.5;186;0
Русгрэйн;60;20170724;180000;6.5;6.5;6.5;6.5;5;0
Русгрэйн;60;20170725;100000;6.5;6.65;6.45;6.45;48;0
Русгрэйн;60;20170725;110000;6.5;6.5;6.5;6.5;50;0
Русгрэйн;60;20170725;120000;6.5;6.5;6.45;6.45;76;0
Русгрэйн;60;20170725;130000;6.4;6.5;6.4;6.5;82;0
Русгрэйн;60;20170725;140000;6.5;6.5;6.5;6.5;10;0
Русгрэйн;60;20170725;160000;6.4;6.45;6.25;6.25;690;0
Русгрэйн;60;20170725;170000;6.35;6.55;6.3;6.55;402;0
Русгрэйн;60;20170725;180000;6.5;6.55;6.4;6.5;105;0
Русгрэйн;60;20170726;100000;6.65;6.65;6.45;6.55;30;0
Русгрэйн;60;20170726;110000;6.5;6.5;6.5;6.5;10;0
Русгрэйн;60;20170726;120000;6.5;6.5;6.5;6.5;1;0
Русгрэйн;60;20170726;130000;6.5;6.55;6.5;6.55;4;0
Русгрэйн;60;20170726;140000;6.5;6.5;6.35;6.35;100;0
Русгрэйн;60;20170726;150000;6.55;6.6;6.5;6.5;153;0
Русгрэйн;60;20170726;160000;6.5;6.5;6.45;6.5;7;0
Русгрэйн;60;20170726;180000;6.5;6.5;6.5;6.5;1;0
Русгрэйн;60;20170727;100000;6.45;6.55;6.4;6.55;22;0
Русгрэйн;60;20170727;110000;6.5;6.5;6.5;6.5;2;0
Русгрэйн;60;20170727;120000;6.5;6.6;6.4;6.6;213;0
Русгрэйн;60;20170727;150000;6.45;6.45;6.35;6.4;258;0
Русгрэйн;60;20170727;160000;6.5;6.55;6.5;6.55;56;0
Русгрэйн;60;20170728;100000;6.7;6.75;6.55;6.55;97;0
Русгрэйн;60;20170728;110000;6.5;6.5;6.5;6.5;20;0
Русгрэйн;60;20170728;120000;6.5;6.5;6.4;6.45;112;0
Русгрэйн;60;20170728;130000;6.45;6.5;6.35;6.45;66;0
Русгрэйн;60;20170728;140000;6.45;6.5;6.35;6.5;20;0
Русгрэйн;60;20170728;170000;6.45;6.45;6.4;6.45;53;0
Русгрэйн;60;20170728;180000;6.5;6.5;6.5;6.5;1;0
Русгрэйн;60;20170731;100000;6.45;6.45;6.45;6.45;1;0
Русгрэйн;60;20170731;120000;6.5;6.5;6.45;6.45;2;0
Русгрэйн;60;20170731;160000;6.5;6.5;6.45;6.45;7;0
Русгрэйн;60;20170731;170000;6.5;6.5;6.45;6.45;26;0
Русгрэйн;60;20170731;180000;6.5;6.5;6.5;6.5;20;0
Русгрэйн;60;20170801;100000;6.3;6.5;6.3;6.45;171;0
Русгрэйн;60;20170801;110000;6.5;6.5;6.5;6.5;1;0
Русгрэйн;60;20170801;150000;6.45;6.5;6.45;6.5;194;0
Русгрэйн;60;20170801;160000;6.5;6.5;6.5;6.5;200;0
Русгрэйн;60;20170801;170000;6.4;6.4;6.4;6.4;1;0
Русгрэйн;60;20170801;180000;6.45;6.45;6.45;6.45;6;0
Русгрэйн;60;20170802;100000;6.35;6.45;6.35;6.45;240;0
Русгрэйн;60;20170802;110000;6.45;6.55;6.35;6.55;148;0
Русгрэйн;60;20170802;140000;6.5;6.55;6.5;6.5;20;0
Русгрэйн;60;20170802;150000;6.5;6.6;6.45;6.6;233;0
Русгрэйн;60;20170802;160000;6.65;6.65;6.65;6.65;26;0
Русгрэйн;60;20170802;170000;6.65;6.7;6.6;6.7;1458;0
Русгрэйн;60;20170803;090000;7.15;7.15;7.15;7.15;1;0
Русгрэйн;60;20170803;100000;6.5;6.5;6.45;6.5;22;0
Русгрэйн;60;20170803;110000;6.55;6.55;6.55;6.55;77;0
Русгрэйн;60;20170803;120000;6.5;6.5;6.45;6.45;15;0
Русгрэйн;60;20170803;130000;6.45;6.45;6.45;6.45;150;0
Русгрэйн;60;20170803;140000;6.4;6.4;6.4;6.4;63;0
Русгрэйн;60;20170803;150000;6.45;6.45;6.45;6.45;1;0
Русгрэйн;60;20170803;160000;6.45;6.45;6.4;6.4;132;0
Русгрэйн;60;20170803;170000;6.4;6.4;6.4;6.4;10;0
Русгрэйн;60;20170803;180000;6.4;6.5;6.35;6.5;22;0
Русгрэйн;60;20170804;100000;6.75;6.75;6.4;6.55;444;0
Русгрэйн;60;20170804;110000;6.45;6.45;6.35;6.35;339;0
Русгрэйн;60;20170804;120000;6.45;6.5;6;6.25;1911;0
Русгрэйн;60;20170804;130000;6.25;6.35;6.2;6.2;146;0
Русгрэйн;60;20170804;140000;6.25;6.4;6.15;6.15;271;0
Русгрэйн;60;20170804;150000;6.25;6.45;6.2;6.4;1136;0
Русгрэйн;60;20170804;160000;6.45;6.5;6.45;6.5;5;0
Русгрэйн;60;20170804;180000;6.5;6.5;6.5;6.5;12;0
Русгрэйн;60;20170807;100000;6.55;6.55;6.55;6.55;7;0
Русгрэйн;60;20170807;120000;6.4;6.5;6.25;6.5;121;0
Русгрэйн;60;20170807;130000;6.45;6.5;6.45;6.5;169;0
Русгрэйн;60;20170807;140000;6.45;6.45;6.4;6.4;48;0
Русгрэйн;60;20170807;150000;6.4;6.45;6.4;6.45;56;0
Русгрэйн;60;20170807;180000;6.45;6.45;6.45;6.45;1;0
Русгрэйн;60;20170808;100000;6.45;6.45;6.45;6.45;1;0
Русгрэйн;60;20170808;110000;6.5;6.5;6.5;6.5;10;0
Русгрэйн;60;20170808;120000;6.5;6.5;6.5;6.5;1;0
Русгрэйн;60;20170808;130000;6.5;6.5;6.5;6.5;1;0
Русгрэйн;60;20170808;150000;6.5;6.5;6.5;6.5;3;0
Русгрэйн;60;20170808;170000;6.45;6.5;6.45;6.5;17;0
Русгрэйн;60;20170808;180000;6.55;6.6;6.55;6.6;22;0
Русгрэйн;60;20170809;100000;6.6;6.6;6.4;6.5;31;0
Русгрэйн;60;20170809;110000;6.4;6.5;6.4;6.5;21;0
Русгрэйн;60;20170809;120000;6.5;6.65;6.5;6.65;104;0
Русгрэйн;60;20170809;130000;6.55;6.55;6.55;6.55;10;0
Русгрэйн;60;20170809;150000;6.6;6.75;6.5;6.75;532;0
Русгрэйн;60;20170809;160000;6.7;6.8;6.5;6.65;201;0
Русгрэйн;60;20170809;170000;6.65;6.7;6.65;6.65;6;0
Русгрэйн;60;20170809;180000;6.6;6.7;6.55;6.7;10;0
Русгрэйн;60;20170810;100000;6.55;6.55;6.55;6.55;10;0
Русгрэйн;60;20170810;140000;6.7;6.75;6.7;6.75;20;0
Русгрэйн;60;20170810;160000;6.75;6.75;6.75;6.75;10;0
Русгрэйн;60;20170810;180000;6.65;6.65;6.55;6.6;11;0
Русгрэйн;60;20170811;100000;6.65;6.65;6.15;6.45;378;0
Русгрэйн;60;20170811;110000;6.4;6.4;6.4;6.4;10;0
Русгрэйн;60;20170811;120000;6.45;6.5;6.45;6.5;17;0
Русгрэйн;60;20170811;150000;6.5;6.5;6.5;6.5;28;0
Русгрэйн;60;20170811;170000;6.5;6.55;6.45;6.45;15;0
Русгрэйн;60;20170811;180000;6.5;6.6;6.45;6.6;40;0
Русгрэйн;60;20170814;100000;6.8;6.8;6.6;6.7;1130;0
Русгрэйн;60;20170814;110000;6.6;6.6;6.45;6.45;186;0
Русгрэйн;60;20170814;120000;6.5;6.5;6.5;6.5;1;0
Русгрэйн;60;20170814;150000;6.4;6.5;6.35;6.5;70;0
Русгрэйн;60;20170814;170000;6.5;6.5;6.5;6.5;8;0
Русгрэйн;60;20170814;180000;6.45;6.5;6.45;6.5;51;0
Русгрэйн;60;20170815;110000;6.6;6.6;6.5;6.55;15;0
Русгрэйн;60;20170815;120000;6.45;6.45;6.45;6.45;10;0
Русгрэйн;60;20170815;130000;6.55;6.55;6.55;6.55;3;0
Русгрэйн;60;20170815;160000;6.5;6.5;6.5;6.5;13;0
Русгрэйн;60;20170815;170000;6.5;6.5;6.5;6.5;20;0
Русгрэйн;60;20170815;180000;6.55;6.6;6.55;6.6;24;0
Русгрэйн;60;20170816;100000;6.55;7;6.4;6.85;2377;0
Русгрэйн;60;20170816;110000;6.9;9.15;6.9;9.1;19416;0
Русгрэйн;60;20170816;120000;9.1;9.2;8.5;8.9;16757;0
Русгрэйн;60;20170816;130000;8.75;9;8.6;8.9;1773;0
Русгрэйн;60;20170816;140000;8.9;9.2;8.8;9.2;12043;0
Русгрэйн;60;20170816;150000;9.2;9.2;9.2;9.2;1704;0
Русгрэйн;60;20170816;160000;9.2;9.2;9.2;9.2;102;0
Русгрэйн;60;20170816;170000;9.2;9.2;9.2;9.2;157;0
Русгрэйн;60;20170817;090000;10.1;10.1;10.1;10.1;552;0
Русгрэйн;60;20170817;100000;11;11.3;9.45;9.75;18332;0
Русгрэйн;60;20170817;110000;9.75;10.2;9.75;9.9;1447;0
Русгрэйн;60;20170817;120000;9.9;10.8;9;10;9428;0
Русгрэйн;60;20170817;130000;10.2;10.45;9.3;9.65;3938;0
Русгрэйн;60;20170817;140000;9.65;9.85;9.3;9.5;1182;0
Русгрэйн;60;20170817;150000;9.35;9.4;8.55;9.3;7305;0
Русгрэйн;60;20170817;160000;9.25;9.5;9;9.3;1550;0
Русгрэйн;60;20170817;170000;9.25;9.35;8.75;8.95;1130;0
Русгрэйн;60;20170817;180000;8.95;9.05;8.5;8.5;2192;0
Русгрэйн;60;20170818;100000;9.05;9.05;7.9;8.25;3614;0
Русгрэйн;60;20170818;110000;8.25;8.4;8;8.35;666;0
Русгрэйн;60;20170818;120000;8.3;8.9;8.1;8.9;1096;0
Русгрэйн;60;20170818;130000;8.9;8.9;8.35;8.85;341;0
Русгрэйн;60;20170818;140000;8.85;8.95;8.1;8.4;356;0
Русгрэйн;60;20170818;150000;8.15;8.6;8.1;8.6;180;0
Русгрэйн;60;20170818;160000;8.45;8.8;8.45;8.7;88;0
Русгрэйн;60;20170818;170000;8.65;8.7;8.6;8.7;47;0
Русгрэйн;60;20170818;180000;8.65;8.8;8.65;8.75;123;0
Русгрэйн;60;20170821;100000;8.9;9.6;8.8;9.15;417;0
Русгрэйн;60;20170821;110000;9.1;9.1;7.9;8.1;4030;0
Русгрэйн;60;20170821;120000;8.15;8.15;7.85;8;790;0
Русгрэйн;60;20170821;130000;8;8.55;8;8.4;868;0
Русгрэйн;60;20170821;140000;8.55;8.7;8.25;8.3;621;0
Русгрэйн;60;20170821;150000;8.3;8.3;8.05;8.25;218;0
Русгрэйн;60;20170821;160000;8.15;8.45;8.1;8.45;133;0
Русгрэйн;60;20170821;170000;8.45;8.45;8;8.25;590;0
Русгрэйн;60;20170821;180000;8.2;8.55;8.05;8.3;4441;0
Русгрэйн;60;20170822;090000;8.6;8.6;8.6;8.6;8;0
Русгрэйн;60;20170822;100000;8.6;8.9;7.9;8.2;1996;0
Русгрэйн;60;20170822;110000;8.1;8.1;7.8;7.8;536;0
Русгрэйн;60;20170822;120000;7.75;8.4;7.75;8.25;1038;0
Русгрэйн;60;20170822;130000;8.25;8.7;8.1;8.55;6213;0
Русгрэйн;60;20170822;140000;8.55;9.2;8.55;9.1;2402;0
Русгрэйн;60;20170822;150000;9.05;9.3;8.3;9.05;2566;0
Русгрэйн;60;20170822;160000;9.1;9.35;8.8;8.8;5666;0
Русгрэйн;60;20170822;170000;8.75;8.75;8.7;8.75;8236;0
Русгрэйн;60;20170822;180000;8.7;8.7;8.65;8.65;9;0
Русгрэйн;60;20170823;100000;8.5;8.6;8.5;8.6;8;0
Русгрэйн;60;20170823;110000;8.55;8.55;8.25;8.25;219;0
Русгрэйн;60;20170823;120000;8.35;8.35;8.25;8.3;81;0
Русгрэйн;60;20170823;130000;8.3;8.3;8.05;8.1;605;0
Русгрэйн;60;20170823;150000;8.25;8.3;8.2;8.25;104;0
Русгрэйн;60;20170823;160000;8.25;8.25;8.25;8.25;17;0
Русгрэйн;60;20170823;170000;8.25;8.35;8.25;8.35;36;0
Русгрэйн;60;20170823;180000;8.35;8.45;8.2;8.45;349;0
Русгрэйн;60;20170824;100000;8.15;8.35;8;8.2;191;0
Русгрэйн;60;20170824;110000;8.2;8.25;8;8.1;373;0
Русгрэйн;60;20170824;120000;8.1;8.15;8.1;8.1;51;0
Русгрэйн;60;20170824;130000;8.15;8.5;8.15;8.5;2628;0
Русгрэйн;60;20170824;140000;8.4;8.5;8.4;8.5;620;0
Русгрэйн;60;20170824;150000;8.4;8.4;8.4;8.4;7;0
Русгрэйн;60;20170824;160000;8.35;8.35;8.25;8.25;80;0
Русгрэйн;60;20170824;170000;8.3;8.5;8.3;8.45;461;0
Русгрэйн;60;20170824;180000;8.7;8.7;8.7;8.7;350;0
Русгрэйн;60;20170825;100000;8.7;8.7;8.7;8.7;29;0
Русгрэйн;60;20170825;110000;8.6;8.6;8.5;8.6;66;0
Русгрэйн;60;20170825;120000;8.6;8.65;8.6;8.65;50;0
Русгрэйн;60;20170825;130000;8.55;8.55;8.1;8.15;305;0
Русгрэйн;60;20170825;140000;8.15;8.15;8.15;8.15;1;0
Русгрэйн;60;20170825;150000;8.15;8.15;8.15;8.15;1;0
Русгрэйн;60;20170825;160000;8.2;8.35;8.2;8.3;104;0
Русгрэйн;60;20170825;170000;8.25;8.25;8.25;8.25;1;0
Русгрэйн;60;20170825;180000;8.25;8.35;8.25;8.35;7;0
Русгрэйн;60;20170828;110000;8.2;8.2;8.2;8.2;3;0
Русгрэйн;60;20170828;120000;8.2;8.2;8.2;8.2;3;0
Русгрэйн;60;20170828;130000;8.2;8.2;7.8;8.05;530;0
Русгрэйн;60;20170828;150000;8.05;8.05;8.05;8.05;10;0
Русгрэйн;60;20170828;160000;8.05;8.1;8.05;8.1;44;0
Русгрэйн;60;20170828;170000;8.1;8.1;8.1;8.1;25;0
Русгрэйн;60;20170828;180000;8;8.2;8;8.2;109;0
Русгрэйн;60;20170829;100000;8.2;8.2;8.2;8.2;10;0
Русгрэйн;60;20170829;110000;8.05;8.1;7.85;8;278;0
Русгрэйн;60;20170829;120000;7.95;7.95;7.95;7.95;2;0
Русгрэйн;60;20170829;130000;8;8;8;8;38;0
Русгрэйн;60;20170829;140000;8.05;8.1;8.05;8.1;123;0
Русгрэйн;60;20170829;150000;8.05;8.05;8.05;8.05;1;0
Русгрэйн;60;20170829;160000;8.05;8.05;8;8;44;0
Русгрэйн;60;20170829;170000;8;8;7.95;8;35;0
Русгрэйн;60;20170829;180000;7.95;8;7.95;7.95;453;0
Русгрэйн;60;20170830;100000;7.9;8.2;7.3;8.2;5563;0
Русгрэйн;60;20170830;110000;8.15;8.2;8.1;8.15;1228;0
Русгрэйн;60;20170830;120000;7.95;7.95;7.95;7.95;1;0
Русгрэйн;60;20170830;150000;7.95;7.95;7.9;7.9;4;0
Русгрэйн;60;20170830;160000;7.9;7.95;7.85;7.85;27;0
Русгрэйн;60;20170830;170000;7.85;8;7.85;8;11;0
Русгрэйн;60;20170830;180000;8;8;7.95;8;39;0
Русгрэйн;60;20170831;110000;8;8.2;7.95;8.2;158;0
Русгрэйн;60;20170831;120000;8.15;8.15;8.15;8.15;52;0
Русгрэйн;60;20170831;130000;8;8.1;8;8.1;138;0
Русгрэйн;60;20170831;140000;8.1;8.1;7.65;7.7;522;0
Русгрэйн;60;20170831;150000;7.7;7.7;7.4;7.6;672;0
Русгрэйн;60;20170831;160000;7.65;7.65;7.55;7.6;65;0
Русгрэйн;60;20170831;170000;7.55;7.55;7.5;7.55;145;0
Русгрэйн;60;20170831;180000;7.6;7.85;7.6;7.8;231;0
Русгрэйн;60;20170901;100000;7.6;7.7;7.6;7.6;91;0
Русгрэйн;60;20170901;130000;7.7;7.7;7.6;7.6;61;0
Русгрэйн;60;20170901;150000;7.6;7.6;7.6;7.6;7;0
Русгрэйн;60;20170901;160000;7.6;7.6;7.6;7.6;1;0
Русгрэйн;60;20170901;170000;7.55;7.55;7.55;7.55;25;0
Русгрэйн;60;20170901;180000;7.6;7.65;7.6;7.6;16;0
Русгрэйн;60;20170904;100000;7.75;8.45;7.75;7.85;101;0
Русгрэйн;60;20170904;110000;7.85;8.15;7.85;8;53;0
Русгрэйн;60;20170904;120000;8;8;8;8;18;0
Русгрэйн;60;20170904;130000;7.95;8.2;7.95;8.2;1000;0
Русгрэйн;60;20170904;140000;8.05;8.05;8;8;11;0
Русгрэйн;60;20170904;160000;7.9;7.9;7.9;7.9;12;0
Русгрэйн;60;20170904;170000;7.95;8.2;7.9;8.2;2519;0
Русгрэйн;60;20170904;180000;8.1;8.1;8.1;8.1;8;0
Русгрэйн;60;20170905;100000;8.1;8.65;8.05;8.2;204;0
Русгрэйн;60;20170905;110000;8.2;8.2;8;8.15;311;0
Русгрэйн;60;20170905;130000;8.05;8.05;8;8;28;0
Русгрэйн;60;20170905;140000;8;8.05;8;8.05;6;0
Русгрэйн;60;20170905;160000;7.95;8.2;7.95;8.2;201;0
Русгрэйн;60;20170905;170000;8.1;8.2;8.1;8.2;138;0
Русгрэйн;60;20170906;100000;8.15;8.15;8.15;8.15;26;0
Русгрэйн;60;20170906;110000;8;8;7.95;7.95;160;0
Русгрэйн;60;20170906;140000;8.05;8.15;8.05;8.1;21;0
Русгрэйн;60;20170906;180000;8.1;8.25;8.1;8.25;126;0
Русгрэйн;60;20170907;100000;8;8;7.95;8;72;0
Русгрэйн;60;20170907;110000;7.95;7.95;7.95;7.95;5;0
Русгрэйн;60;20170907;140000;8;8;7.95;7.95;116;0
Русгрэйн;60;20170907;150000;7.95;7.95;7.75;7.85;163;0
Русгрэйн;60;20170907;160000;7.8;7.8;7.8;7.8;2;0
Русгрэйн;60;20170907;170000;7.85;7.95;7.85;7.95;28;0
Русгрэйн;60;20170907;180000;7.85;7.85;7.7;7.8;114;0
Русгрэйн;60;20170908;100000;7.85;8.55;7.85;8.5;1738;0
Русгрэйн;60;20170908;110000;8.25;8.25;8.15;8.15;8;0
Русгрэйн;60;20170908;130000;8.1;8.1;8.1;8.1;1;0
Русгрэйн;60;20170908;160000;8.15;8.15;8.15;8.15;30;0
Русгрэйн;60;20170908;180000;8.2;8.2;8.2;8.2;306;0
Русгрэйн;60;20170911;100000;8.2;8.2;8.15;8.15;306;0
Русгрэйн;60;20170911;120000;8;8;7.95;7.95;188;0
Русгрэйн;60;20170911;130000;7.95;8.2;7.5;7.65;2347;0
Русгрэйн;60;20170911;140000;7.6;7.75;7.15;7.55;2040;0
Русгрэйн;60;20170911;150000;7.55;7.55;7.4;7.45;1813;0
Русгрэйн;60;20170911;160000;7.4;7.45;7.4;7.45;2093;0
Русгрэйн;60;20170911;170000;7.45;7.45;7.35;7.45;1624;0
Русгрэйн;60;20170911;180000;7.45;7.45;7.3;7.4;859;0
Русгрэйн;60;20170912;100000;7.35;7.35;7.2;7.2;104;0
Русгрэйн;60;20170912;110000;7.3;7.35;7.3;7.35;19;0
Русгрэйн;60;20170912;120000;7.3;7.4;7.1;7.3;360;0
Русгрэйн;60;20170912;130000;7.3;7.5;7.3;7.5;474;0
Русгрэйн;60;20170912;140000;7.45;7.7;7.45;7.7;879;0
Русгрэйн;60;20170912;150000;7.7;7.75;7.15;7.4;461;0
Русгрэйн;60;20170912;180000;7.6;7.6;7.5;7.5;8;0
Русгрэйн;60;20170913;100000;7.25;7.25;7.25;7.25;1;0
Русгрэйн;60;20170913;110000;7.4;7.45;7.3;7.45;23;0
Русгрэйн;60;20170913;120000;7.45;7.45;7.4;7.45;47;0
Русгрэйн;60;20170913;130000;7.45;7.45;7.45;7.45;2;0
Русгрэйн;60;20170913;150000;7.35;7.35;7.25;7.25;120;0
Русгрэйн;60;20170913;160000;7.45;7.45;7.45;7.45;1;0
Русгрэйн;60;20170913;170000;7.45;7.45;7.45;7.45;17;0
Русгрэйн;60;20170913;180000;7.45;7.45;7.45;7.45;41;0
Русгрэйн;60;20170914;100000;7.2;7.2;7.2;7.2;1;0
Русгрэйн;60;20170914;110000;7.45;7.55;7.4;7.5;16;0
Русгрэйн;60;20170914;140000;7.4;7.4;7.35;7.35;40;0
Русгрэйн;60;20170914;160000;7.4;7.4;7.4;7.4;19;0
Русгрэйн;60;20170914;170000;7.45;7.45;7.35;7.35;287;0
Русгрэйн;60;20170914;180000;7.35;7.35;7.35;7.35;18;0
Русгрэйн;60;20170915;100000;7.3;7.55;7.3;7.35;11;0
Русгрэйн;60;20170915;120000;7.45;7.55;7.45;7.55;17;0
Русгрэйн;60;20170915;130000;7.55;7.6;7.55;7.55;132;0
Русгрэйн;60;20170915;140000;7.55;7.6;7.5;7.5;7;0
Русгрэйн;60;20170915;150000;7.45;7.45;7.35;7.35;89;0
Русгрэйн;60;20170915;170000;7.4;7.4;7.4;7.4;18;0
Русгрэйн;60;20170915;180000;7.35;7.35;7.25;7.25;100;0
Русгрэйн;60;20170918;100000;7.3;7.3;7.25;7.25;13;0
Русгрэйн;60;20170918;110000;7.35;7.4;7.35;7.4;36;0
Русгрэйн;60;20170918;120000;7.4;7.4;7.4;7.4;1055;0
Русгрэйн;60;20170918;150000;7.4;7.4;7.4;7.4;10;0
Русгрэйн;60;20170918;160000;7.4;7.4;7.4;7.4;25;0
Русгрэйн;60;20170918;170000;7.4;7.4;7.4;7.4;230;0
Русгрэйн;60;20170918;180000;7.4;7.5;7.35;7.5;66;0
Русгрэйн;60;20170919;100000;7.4;7.4;7.25;7.25;21;0
Русгрэйн;60;20170919;110000;7.25;7.25;7.1;7.15;1002;0
Русгрэйн;60;20170919;120000;7.15;7.15;7.1;7.1;102;0
Русгрэйн;60;20170919;130000;7.15;7.15;7.1;7.15;24;0
Русгрэйн;60;20170919;140000;7.2;7.25;7.1;7.15;28;0
Русгрэйн;60;20170919;150000;7.2;7.25;7.2;7.25;36;0
Русгрэйн;60;20170919;160000;7.25;7.25;7.1;7.1;331;0
Русгрэйн;60;20170919;170000;7.25;7.25;7.15;7.15;119;0
Русгрэйн;60;20170919;180000;7.15;7.15;7.1;7.1;190;0
Русгрэйн;60;20170920;100000;7.05;7.2;7;7;383;0
Русгрэйн;60;20170920;110000;6.95;7.15;6.95;7.15;79;0
Русгрэйн;60;20170920;130000;7.1;7.15;7.1;7.15;12;0
Русгрэйн;60;20170920;140000;7.15;7.15;7.15;7.15;2;0
Русгрэйн;60;20170920;150000;7.05;7.05;6.9;7.05;122;0
Русгрэйн;60;20170920;160000;7.1;7.15;7.1;7.1;40;0
Русгрэйн;60;20170920;170000;7.1;7.2;7.1;7.2;70;0
Русгрэйн;60;20170920;180000;7.1;7.1;7.05;7.05;997;0
Русгрэйн;60;20170921;110000;7.15;7.15;7.15;7.15;4;0
Русгрэйн;60;20170921;120000;7.2;7.2;7.1;7.1;5;0
Русгрэйн;60;20170921;130000;7.1;7.2;7.1;7.2;30;0
Русгрэйн;60;20170921;140000;7.25;7.25;7.2;7.2;21;0
Русгрэйн;60;20170921;150000;7.25;7.35;7.25;7.35;28;0
Русгрэйн;60;20170921;160000;7.3;7.35;7.3;7.3;40;0
Русгрэйн;60;20170921;170000;7.25;7.25;7.2;7.2;73;0
Русгрэйн;60;20170921;180000;7.2;7.2;7.15;7.15;61;0
Русгрэйн;60;20170922;110000;7.2;7.8;7.1;7.2;305;0
Русгрэйн;60;20170922;120000;7.3;7.5;7.3;7.4;46;0
Русгрэйн;60;20170922;130000;7.4;7.45;7.35;7.35;25;0
Русгрэйн;60;20170922;150000;7.4;7.45;7.4;7.45;2;0
Русгрэйн;60;20170922;160000;7.4;7.4;7.3;7.35;104;0
Русгрэйн;60;20170922;170000;7.3;7.3;7.25;7.25;58;0
Русгрэйн;60;20170922;180000;7.2;7.2;7.05;7.05;213;0
Русгрэйн;60;20170925;140000;7.15;7.3;7.15;7.3;8;0
Русгрэйн;60;20170925;150000;7.25;7.4;7.25;7.4;30;0
Русгрэйн;60;20170925;160000;7.35;7.35;6.5;7.25;560;0
Русгрэйн;60;20170925;170000;7.1;7.25;7;7.05;710;0
Русгрэйн;60;20170925;180000;7;7;6.95;7;145;0
Русгрэйн;60;20170926;100000;6.9;7.3;6.9;7;364;0
Русгрэйн;60;20170926;110000;7;7;7;7;51;0
Русгрэйн;60;20170926;120000;7;7;7;7;17;0
Русгрэйн;60;20170926;130000;7;7;7;7;3;0
Русгрэйн;60;20170926;140000;7;7;7;7;54;0
Русгрэйн;60;20170926;150000;7;7;7;7;40;0
Русгрэйн;60;20170926;160000;7;7.05;7;7.05;108;0
Русгрэйн;60;20170926;170000;7.05;7.05;7.05;7.05;52;0
Русгрэйн;60;20170926;180000;7;7;7;7;33;0
Русгрэйн;60;20170927;100000;7;7;7;7;32;0
Русгрэйн;60;20170927;120000;7;7;7;7;10;0
Русгрэйн;60;20170927;140000;7;7;7;7;30;0
Русгрэйн;60;20170927;150000;7;7;7;7;110;0
Русгрэйн;60;20170927;160000;7;7;7;7;1;0
Русгрэйн;60;20170927;170000;7;7.05;7;7;43;0
Русгрэйн;60;20170927;180000;7;7;7;7;13;0
Русгрэйн;60;20170928;110000;6.9;6.95;6.85;6.95;35;0
Русгрэйн;60;20170928;120000;6.9;6.95;6.9;6.95;31;0
Русгрэйн;60;20170928;130000;6.9;6.9;6.85;6.9;36;0
Русгрэйн;60;20170928;150000;6.85;6.9;6.8;6.9;88;0
Русгрэйн;60;20170928;160000;6.85;6.85;6.85;6.85;23;0
Русгрэйн;60;20170928;170000;6.85;6.95;6.85;6.95;1144;0
Русгрэйн;60;20170928;180000;7;7;6.95;6.95;33;0
Русгрэйн;60;20170929;120000;7.1;7.1;7.1;7.1;30;0
Русгрэйн;60;20170929;130000;7.15;7.3;7.15;7.3;172;0
Русгрэйн;60;20170929;140000;7.2;7.25;7.15;7.15;51;0
Русгрэйн;60;20170929;150000;7.15;7.25;7.15;7.25;99;0
Русгрэйн;60;20170929;160000;7.15;7.15;7.15;7.15;8;0
Русгрэйн;60;20170929;170000;7.2;7.3;7.2;7.3;40;0
Русгрэйн;60;20170929;180000;7.3;7.3;7.15;7.15;16;0
Русгрэйн;60;20171002;100000;7.05;7.05;7;7.05;43;0
Русгрэйн;60;20171002;110000;7.05;7.05;6.85;6.9;348;0
Русгрэйн;60;20171002;120000;6.9;6.95;6.8;6.95;183;0
Русгрэйн;60;20171002;130000;6.95;6.95;6.95;6.95;15;0
Русгрэйн;60;20171002;140000;6.95;6.95;6.75;6.9;235;0
Русгрэйн;60;20171002;150000;6.8;6.85;6.8;6.85;18;0
Русгрэйн;60;20171002;160000;6.85;6.95;6.85;6.95;87;0
Русгрэйн;60;20171002;170000;7;7;6.95;7;1962;0
Русгрэйн;60;20171002;180000;7;7;7;7;17;0
Русгрэйн;60;20171003;100000;6.95;7.1;6.6;6.75;1003;0
Русгрэйн;60;20171003;110000;6.8;6.85;6.8;6.85;580;0
Русгрэйн;60;20171003;120000;6.85;6.85;6.8;6.85;85;0
Русгрэйн;60;20171003;130000;6.8;6.8;6.8;6.8;16;0
Русгрэйн;60;20171003;150000;6.8;6.85;6.8;6.85;36;0
Русгрэйн;60;20171003;160000;6.9;6.95;6.7;6.8;139;0
Русгрэйн;60;20171003;170000;6.85;6.85;6.85;6.85;6;0
Русгрэйн;60;20171003;180000;6.85;6.85;6.8;6.8;20;0
Русгрэйн;60;20171004;120000;6.8;6.8;6.8;6.8;15;0
Русгрэйн;60;20171004;130000;6.75;6.85;6.7;6.85;426;0
Русгрэйн;60;20171004;140000;6.85;6.85;6.85;6.85;1;0
Русгрэйн;60;20171004;150000;6.85;6.85;6.85;6.85;3;0
Русгрэйн;60;20171004;160000;6.85;6.95;6.85;6.95;349;0
Русгрэйн;60;20171004;170000;6.95;7;6.95;7;136;0
Русгрэйн;60;20171004;180000;6.95;7;6.95;7;9;0
Русгрэйн;60;20171005;100000;7.25;7.25;6.8;7.25;97;0
Русгрэйн;60;20171005;110000;7.1;7.1;6.95;7;1135;0
Русгрэйн;60;20171005;120000;6.9;6.9;6.9;6.9;7;0
Русгрэйн;60;20171005;130000;6.9;6.9;6.9;6.9;4;0
Русгрэйн;60;20171005;150000;6.85;6.9;6.85;6.9;16;0
Русгрэйн;60;20171005;160000;6.9;6.9;6.9;6.9;9;0
Русгрэйн;60;20171005;170000;6.9;6.9;6.9;6.9;73;0
Русгрэйн;60;20171005;180000;6.9;6.9;6.85;6.85;1079;0
Русгрэйн;60;20171006;090000;7.2;7.2;7.2;7.2;1;0
Русгрэйн;60;20171006;100000;6.95;6.95;6.8;6.8;97;0
Русгрэйн;60;20171006;110000;6.85;7.1;6.85;6.95;225;0
Русгрэйн;60;20171006;120000;6.95;6.95;6.95;6.95;4;0
Русгрэйн;60;20171006;130000;6.9;6.9;6.85;6.85;1036;0
Русгрэйн;60;20171006;140000;6.85;6.85;6.85;6.85;6;0
Русгрэйн;60;20171006;160000;6.85;6.9;6.85;6.9;25;0
Русгрэйн;60;20171006;180000;6.8;6.8;6.8;6.8;31;0
Русгрэйн;60;20171009;100000;6.95;6.95;6.95;6.95;2;0
Русгрэйн;60;20171009;110000;6.9;6.9;6.9;6.9;142;0
Русгрэйн;60;20171009;130000;6.9;6.9;6.45;6.65;1433;0
Русгрэйн;60;20171009;140000;6.6;6.6;6.2;6.35;4880;0
Русгрэйн;60;20171009;150000;6.3;6.3;6.15;6.15;4522;0
Русгрэйн;60;20171009;160000;6.15;6.2;6;6.05;4370;0
Русгрэйн;60;20171009;170000;6.05;6.05;5.9;6;3413;0
Русгрэйн;60;20171009;180000;6;6;5.7;5.85;2035;0
Русгрэйн;60;20171010;100000;5.85;5.95;5.85;5.85;1036;0
Русгрэйн;60;20171010;110000;5.95;6.05;5.95;6;434;0
Русгрэйн;60;20171010;120000;6.05;6.1;5.8;5.8;812;0
Русгрэйн;60;20171010;130000;5.8;5.9;5.75;5.9;260;0
Русгрэйн;60;20171010;140000;5.95;5.95;5.65;5.8;815;0
Русгрэйн;60;20171010;150000;5.8;5.8;5.8;5.8;8;0
Русгрэйн;60;20171010;160000;5.75;5.9;5.75;5.9;222;0
Русгрэйн;60;20171010;170000;5.95;6.1;5.85;5.85;604;0
Русгрэйн;60;20171010;180000;5.95;6.05;5.95;6.05;62;0
Русгрэйн;60;20171011;100000;6.05;6.05;5.85;6;20;0
Русгрэйн;60;20171011;110000;5.95;6.15;5.95;6;199;0
Русгрэйн;60;20171011;120000;6;6;5.8;6;581;0
Русгрэйн;60;20171011;130000;6.05;6.15;6.05;6.1;99;0
Русгрэйн;60;20171011;140000;6.1;6.1;6.1;6.1;37;0
Русгрэйн;60;20171011;150000;6.05;6.05;5.85;5.95;1123;0
Русгрэйн;60;20171011;160000;6;6;6;6;1;0
Русгрэйн;60;20171011;170000;6;6;6;6;105;0
Русгрэйн;60;20171011;180000;6;6;5.95;5.95;301;0
Русгрэйн;60;20171012;100000;5.95;6;5.9;5.95;1501;0
Русгрэйн;60;20171012;110000;6;6;5.95;6;1054;0
Русгрэйн;60;20171012;120000;5.95;5.95;5.95;5.95;102;0
Русгрэйн;60;20171012;130000;5.95;5.95;5.95;5.95;2;0
Русгрэйн;60;20171012;140000;5.95;6;5.9;5.9;54;0
Русгрэйн;60;20171012;150000;5.95;5.95;5.95;5.95;19;0
Русгрэйн;60;20171012;160000;5.9;5.9;5.9;5.9;50;0
Русгрэйн;60;20171012;170000;5.95;5.95;5.95;5.95;12;0
Русгрэйн;60;20171012;180000;5.95;5.95;5.9;5.95;110;0
Русгрэйн;60;20171013;100000;6;6;6;6;891;0
Русгрэйн;60;20171013;110000;6;6;6;6;307;0
Русгрэйн;60;20171013;130000;5.9;5.9;5.9;5.9;1000;0
Русгрэйн;60;20171013;140000;5.95;5.95;5.95;5.95;1;0
Русгрэйн;60;20171013;150000;5.95;6;5.7;5.75;1113;0
Русгрэйн;60;20171013;160000;5.75;5.75;5.65;5.65;428;0
Русгрэйн;60;20171013;170000;5.7;5.7;5.65;5.7;351;0
Русгрэйн;60;20171013;180000;5.7;5.7;5.65;5.7;97;0
Русгрэйн;60;20171016;100000;5.65;5.65;5.45;5.5;2108;0
Русгрэйн;60;20171016;110000;5.5;5.5;5.3;5.3;763;0
Русгрэйн;60;20171016;120000;5.3;5.5;5.2;5.25;4697;0
Русгрэйн;60;20171016;130000;5.3;5.45;5.3;5.35;250;0
Русгрэйн;60;20171016;140000;5.35;5.4;5.3;5.3;63;0
Русгрэйн;60;20171016;150000;5.3;5.35;5.15;5.25;1576;0
Русгрэйн;60;20171016;160000;5.25;5.5;5.25;5.4;1057;0
Русгрэйн;60;20171016;170000;5.4;5.4;5.35;5.4;56;0
Русгрэйн;60;20171016;180000;5.4;5.4;5.35;5.4;125;0
Русгрэйн;60;20171017;100000;5.45;5.45;5.35;5.45;179;0
Русгрэйн;60;20171017;110000;5.5;5.5;5.35;5.4;297;0
Русгрэйн;60;20171017;120000;5.4;5.4;5.4;5.4;2;0
Русгрэйн;60;20171017;130000;5.4;5.55;5.4;5.45;195;0
Русгрэйн;60;20171017;140000;5.45;5.5;5.45;5.5;194;0
Русгрэйн;60;20171017;150000;5.5;5.55;5.5;5.55;148;0
Русгрэйн;60;20171017;160000;5.55;5.65;5.35;5.5;1032;0
Русгрэйн;60;20171017;170000;5.45;5.5;5.4;5.5;65;0
Русгрэйн;60;20171017;180000;5.5;5.55;5.45;5.45;69;0
Русгрэйн;60;20171018;090000;5.4;5.4;5.4;5.4;5;0
Русгрэйн;60;20171018;100000;5.4;5.55;5.4;5.55;17;0
Русгрэйн;60;20171018;110000;5.55;5.6;5.5;5.5;155;0
Русгрэйн;60;20171018;120000;5.55;5.6;5.5;5.6;70;0
Русгрэйн;60;20171018;130000;5.5;5.5;5.4;5.4;7;0
Русгрэйн;60;20171018;140000;5.5;5.6;5.45;5.55;82;0
Русгрэйн;60;20171018;150000;5.55;5.6;5.55;5.6;81;0
Русгрэйн;60;20171018;160000;5.6;5.6;5.6;5.6;148;0
Русгрэйн;60;20171018;170000;5.6;5.6;5.6;5.6;103;0
Русгрэйн;60;20171018;180000;5.65;5.7;5.35;5.45;417;0
Русгрэйн;60;20171019;100000;5.6;6;5.6;5.8;812;0
Русгрэйн;60;20171019;110000;5.75;5.8;5.75;5.8;31;0
Русгрэйн;60;20171019;120000;5.8;5.85;5.8;5.8;182;0
Русгрэйн;60;20171019;130000;5.75;5.8;5.6;5.8;24;0
Русгрэйн;60;20171019;140000;5.75;5.75;5.6;5.75;151;0
Русгрэйн;60;20171019;160000;5.7;5.75;5.4;5.55;283;0
Русгрэйн;60;20171019;170000;5.65;5.75;5.6;5.7;132;0
Русгрэйн;60;20171019;180000;5.75;5.8;5.7;5.8;125;0
Русгрэйн;60;20171020;100000;5.6;5.75;5.55;5.75;79;0
Русгрэйн;60;20171020;110000;5.7;5.75;5.7;5.75;17;0
Русгрэйн;60;20171020;120000;5.75;5.75;5.75;5.75;2;0
Русгрэйн;60;20171020;130000;5.75;6;5.75;6;1137;0
Русгрэйн;60;20171020;140000;5.9;6.45;5.85;6.45;5166;0
Русгрэйн;60;20171020;150000;6.3;6.9;6.05;6.6;3642;0
Русгрэйн;60;20171020;160000;6.5;6.95;6.25;6.4;1833;0
Русгрэйн;60;20171020;170000;6.3;6.55;6.15;6.3;1578;0
Русгрэйн;60;20171020;180000;6.3;6.85;6.3;6.75;2581;0
Русгрэйн;60;20171023;090000;7.3;7.3;7.3;7.3;1;0
Русгрэйн;60;20171023;100000;6.8;7.4;6.6;6.75;791;0
Русгрэйн;60;20171023;110000;6.6;6.75;6.6;6.75;151;0
Русгрэйн;60;20171023;120000;6.7;6.85;6.7;6.85;120;0
Русгрэйн;60;20171023;130000;6.85;6.9;6.85;6.9;31;0
Русгрэйн;60;20171023;140000;6.85;6.9;6.6;6.9;168;0
Русгрэйн;60;20171023;150000;6.9;7;6.9;7;210;0
Русгрэйн;60;20171023;160000;6.95;7;6.95;6.95;69;0
Русгрэйн;60;20171023;170000;6.85;6.85;6;6.4;2516;0
Русгрэйн;60;20171023;180000;6.5;6.7;6.35;6.45;279;0
Русгрэйн;60;20171024;090000;6.6;6.6;6.6;6.6;1;0
Русгрэйн;60;20171024;100000;6.6;6.8;6.25;6.5;401;0
Русгрэйн;60;20171024;110000;6.45;6.5;6.45;6.5;12;0
Русгрэйн;60;20171024;120000;6.3;6.5;6.25;6.5;270;0
Русгрэйн;60;20171024;130000;6.5;6.6;6.35;6.6;181;0
Русгрэйн;60;20171024;140000;6.4;6.6;6.25;6.3;130;0
Русгрэйн;60;20171024;150000;6.45;6.45;6.1;6.15;652;0
Русгрэйн;60;20171024;160000;6.2;6.2;6.05;6.1;194;0
Русгрэйн;60;20171024;170000;6.1;6.25;6.1;6.25;43;0
Русгрэйн;60;20171024;180000;6.2;6.3;5.9;5.9;1703;0
Русгрэйн;60;20171025;100000;5.9;6;5.7;5.9;399;0
Русгрэйн;60;20171025;110000;5.9;6.1;5.8;6.1;186;0
Русгрэйн;60;20171025;120000;5.95;6.05;5.95;6.05;23;0
Русгрэйн;60;20171025;130000;6.05;6.15;6.05;6.15;149;0
Русгрэйн;60;20171025;140000;6.05;6.05;6.05;6.05;10;0
Русгрэйн;60;20171025;150000;6.05;6.15;6.05;6.05;81;0
Русгрэйн;60;20171025;160000;6.1;6.15;6.05;6.15;168;0
Русгрэйн;60;20171025;170000;6.15;6.15;6.15;6.15;43;0
Русгрэйн;60;20171025;180000;6.1;6.15;6;6;86;0
Русгрэйн;60;20171026;100000;6.1;6.25;6.1;6.1;3;0
Русгрэйн;60;20171026;110000;6;6;6;6;5;0
Русгрэйн;60;20171026;120000;6;6;5.95;5.95;3;0
Русгрэйн;60;20171026;130000;6;6;5.95;6;13;0
Русгрэйн;60;20171026;140000;5.95;6;5.95;6;16;0
Русгрэйн;60;20171026;150000;6;6;6;6;10;0
Русгрэйн;60;20171026;160000;6;6.05;6;6.05;2;0
Русгрэйн;60;20171026;180000;6;6.1;6;6.1;130;0
Русгрэйн;60;20171027;100000;6;6.1;6;6.1;22;0
Русгрэйн;60;20171027;130000;6.05;6.05;6.05;6.05;1;0
Русгрэйн;60;20171027;140000;6.1;6.1;6.1;6.1;1;0
Русгрэйн;60;20171027;160000;6.05;6.1;6.05;6.1;2;0
Русгрэйн;60;20171027;180000;6.1;6.1;6.1;6.1;7;0
Русгрэйн;60;20171030;100000;6.1;6.25;6.1;6.2;95;0
Русгрэйн;60;20171030;110000;6.2;6.25;6.1;6.2;143;0
Русгрэйн;60;20171030;120000;6.2;6.2;6.2;6.2;11;0
Русгрэйн;60;20171030;130000;6.15;6.2;6.15;6.2;4;0
Русгрэйн;60;20171030;140000;6.2;6.2;6.2;6.2;160;0
Русгрэйн;60;20171030;150000;6.15;6.2;6.1;6.2;14;0
Русгрэйн;60;20171030;170000;6.15;6.2;6.1;6.2;9;0
Русгрэйн;60;20171030;180000;6.2;6.2;6.2;6.2;23;0
Русгрэйн;60;20171031;110000;6.1;6.2;6.1;6.2;2;0
Русгрэйн;60;20171031;140000;6.1;6.15;6.1;6.15;13;0
Русгрэйн;60;20171031;160000;6.1;6.15;5.95;6;154;0
Русгрэйн;60;20171031;170000;5.95;6;5.95;6;2;0
Русгрэйн;60;20171031;180000;5.95;6;5.85;5.9;208;0
Русгрэйн;60;20171101;100000;5.95;5.95;5.6;5.75;1175;0
Русгрэйн;60;20171101;110000;5.75;5.8;5.65;5.7;287;0
Русгрэйн;60;20171101;120000;5.7;5.75;5.65;5.75;130;0
Русгрэйн;60;20171101;130000;5.8;5.8;5.75;5.8;8;0
Русгрэйн;60;20171101;140000;5.8;5.8;5.8;5.8;1;0
Русгрэйн;60;20171101;150000;5.75;5.85;5.7;5.85;143;0
Русгрэйн;60;20171101;160000;5.8;5.85;5.8;5.85;90;0
Русгрэйн;60;20171101;170000;5.8;5.85;5.75;5.85;6;0
Русгрэйн;60;20171101;180000;5.85;5.85;5.8;5.8;30;0
Русгрэйн;60;20171102;100000;5.75;5.85;5.75;5.85;51;0
Русгрэйн;60;20171102;110000;5.85;5.95;5.85;5.95;218;0
Русгрэйн;60;20171102;120000;5.9;5.9;5.75;5.8;581;0
Русгрэйн;60;20171102;140000;5.8;5.8;5.8;5.8;2;0
Русгрэйн;60;20171102;150000;5.85;5.85;5.85;5.85;2;0
Русгрэйн;60;20171102;160000;5.8;5.8;5.8;5.8;2;0
Русгрэйн;60;20171102;170000;5.8;5.85;5.8;5.85;43;0
Русгрэйн;60;20171102;180000;5.85;5.85;5.85;5.85;151;0
Русгрэйн;60;20171103;100000;5.85;5.9;5.85;5.9;30;0
Русгрэйн;60;20171103;120000;5.9;5.9;5.9;5.9;1;0
Русгрэйн;60;20171103;130000;5.9;5.9;5.9;5.9;30;0
Русгрэйн;60;20171103;140000;5.9;5.9;5.9;5.9;9;0
Русгрэйн;60;20171103;150000;5.85;5.9;5.8;5.9;42;0
Русгрэйн;60;20171103;160000;5.9;5.9;5.9;5.9;10;0
Русгрэйн;60;20171103;170000;5.9;5.9;5.9;5.9;2;0
Русгрэйн;60;20171103;180000;5.85;5.9;5.85;5.9;20;0
Русгрэйн;60;20171107;100000;5.8;5.85;5.75;5.8;66;0
Русгрэйн;60;20171107;110000;5.8;5.85;5.8;5.85;23;0
Русгрэйн;60;20171107;120000;5.85;5.95;5.85;5.95;200;0
Русгрэйн;60;20171107;130000;5.95;5.95;5.95;5.95;5;0
Русгрэйн;60;20171107;140000;5.95;5.95;5.95;5.95;1;0
Русгрэйн;60;20171107;150000;5.95;5.95;5.9;5.9;37;0
Русгрэйн;60;20171107;160000;5.9;6.05;5.9;6.05;163;0
Русгрэйн;60;20171107;170000;6;6.1;6;6.05;211;0
Русгрэйн;60;20171107;180000;6.05;6.05;5.95;6;111;0
Русгрэйн;60;20171108;100000;5.95;5.95;5.95;5.95;12;0
Русгрэйн;60;20171108;110000;5.9;5.9;5.85;5.85;57;0
Русгрэйн;60;20171108;120000;5.9;6;5.9;6;167;0
Русгрэйн;60;20171108;130000;6;6;6;6;11;0
Русгрэйн;60;20171108;140000;6.05;6.1;6.05;6.1;53;0
Русгрэйн;60;20171108;160000;6.1;6.3;6.1;6.25;458;0
Русгрэйн;60;20171108;170000;6.25;6.25;6.25;6.25;179;0
Русгрэйн;60;20171108;180000;6.25;6.25;6.15;6.25;24;0
Русгрэйн;60;20171109;100000;6.25;6.25;6.25;6.25;1;0
Русгрэйн;60;20171109;110000;6.25;6.25;6.15;6.2;9;0
Русгрэйн;60;20171109;120000;6.1;6.1;5.95;6.05;90;0
Русгрэйн;60;20171109;130000;6.05;6.2;6.05;6.2;180;0
Русгрэйн;60;20171109;150000;6.2;6.2;6.2;6.2;19;0
Русгрэйн;60;20171109;160000;6.2;6.2;6.15;6.2;6;0
Русгрэйн;60;20171109;180000;6.2;6.2;6.1;6.1;90;0
Русгрэйн;60;20171110;130000;6.3;6.3;6.2;6.25;9;0
Русгрэйн;60;20171110;140000;6.25;6.25;6.25;6.25;10;0
Русгрэйн;60;20171110;150000;6.25;6.25;6.2;6.25;10;0
Русгрэйн;60;20171110;160000;6.2;6.25;6.15;6.15;156;0
Русгрэйн;60;20171110;180000;6.1;6.1;6.1;6.1;5;0
Русгрэйн;60;20171113;100000;6.15;6.15;6.1;6.1;72;0
Русгрэйн;60;20171113;110000;6.05;6.05;5.85;5.9;267;0
Русгрэйн;60;20171113;120000;5.95;5.95;5.85;5.9;14;0
Русгрэйн;60;20171113;130000;5.9;5.95;5.9;5.9;86;0
Русгрэйн;60;20171113;140000;5.95;6.5;5.95;6.45;1162;0
Русгрэйн;60;20171113;150000;6.3;6.4;6.3;6.4;14;0
Русгрэйн;60;20171113;160000;6.4;6.45;6.4;6.4;210;0
Русгрэйн;60;20171113;170000;6.35;6.35;6.35;6.35;8;0
Русгрэйн;60;20171113;180000;6.3;6.3;6.3;6.3;36;0
Русгрэйн;60;20171114;120000;6.35;6.35;5.9;6.2;778;0
Русгрэйн;60;20171114;130000;6.15;6.15;6.15;6.15;30;0
Русгрэйн;60;20171114;140000;6.1;6.1;6;6.1;253;0
Русгрэйн;60;20171114;150000;6.05;6.05;6;6;39;0
Русгрэйн;60;20171114;160000;6.1;6.1;6.1;6.1;10;0
Русгрэйн;60;20171114;170000;6.05;6.1;6.05;6.1;120;0
Русгрэйн;60;20171115;100000;6.1;6.1;6;6.1;63;0
Русгрэйн;60;20171115;110000;6.05;6.15;6.05;6.15;32;0
Русгрэйн;60;20171115;120000;6.15;6.15;6.15;6.15;37;0
Русгрэйн;60;20171115;150000;6.2;6.2;6.2;6.2;8;0
Русгрэйн;60;20171115;170000;6.1;6.1;6.05;6.05;100;0
Русгрэйн;60;20171115;180000;6.05;6.05;5.4;5.6;3256;0
Русгрэйн;60;20171116;100000;5.65;5.7;5.5;5.5;370;0
Русгрэйн;60;20171116;110000;5.6;6;5.6;6;1443;0
Русгрэйн;60;20171116;120000;5.95;7.05;5.95;6.5;4241;0
Русгрэйн;60;20171116;130000;6.5;6.5;5.5;5.65;4495;0
Русгрэйн;60;20171116;140000;5.6;5.8;5.6;5.75;750;0
Русгрэйн;60;20171116;150000;5.8;5.8;5.65;5.75;369;0
Русгрэйн;60;20171116;160000;5.7;5.8;5.5;5.75;1058;0
Русгрэйн;60;20171116;170000;5.7;5.75;5.65;5.75;161;0
Русгрэйн;60;20171116;180000;5.75;6;5.7;6;1169;0
Русгрэйн;60;20171117;100000;5.95;6.05;5.9;6;242;0
Русгрэйн;60;20171117;110000;6.05;6.15;5.8;5.85;247;0
Русгрэйн;60;20171117;120000;5.9;6.15;5.9;6.1;629;0
Русгрэйн;60;20171117;130000;6.05;6.05;5.9;5.9;69;0
Русгрэйн;60;20171117;140000;6;6.15;6;6.1;660;0
Русгрэйн;60;20171117;150000;6.05;6.15;6;6;64;0
Русгрэйн;60;20171117;160000;6.1;6.15;6;6.15;94;0
Русгрэйн;60;20171117;170000;6.05;6.05;6;6.05;91;0
Русгрэйн;60;20171117;180000;6;6;5.95;6;96;0
Русгрэйн;60;20171120;100000;6.05;6.2;5.85;6.1;396;0
Русгрэйн;60;20171120;110000;6.05;6.1;6.05;6.1;24;0
Русгрэйн;60;20171120;120000;6;6.1;6;6.1;11;0
Русгрэйн;60;20171120;130000;6.1;6.1;6.1;6.1;7;0
Русгрэйн;60;20171120;140000;6.1;6.1;6.1;6.1;62;0
Русгрэйн;60;20171120;150000;6.15;6.15;6.1;6.1;16;0
Русгрэйн;60;20171120;160000;6.15;6.15;6.1;6.1;18;0
Русгрэйн;60;20171120;170000;6.1;6.1;6.1;6.1;7;0
Русгрэйн;60;20171120;180000;6.1;6.15;6.1;6.1;14;0
Русгрэйн;60;20171121;100000;6.1;6.1;6.1;6.1;3;0
Русгрэйн;60;20171121;110000;6.1;6.2;6.05;6.15;72;0
Русгрэйн;60;20171121;120000;6.05;6.2;6.05;6.2;52;0
Русгрэйн;60;20171121;130000;6.15;6.15;6.15;6.15;6;0
Русгрэйн;60;20171121;140000;6.1;6.15;6.1;6.15;46;0
Русгрэйн;60;20171121;150000;6.15;6.15;6.15;6.15;1;0
Русгрэйн;60;20171121;160000;6.1;6.15;6;6;57;0
Русгрэйн;60;20171121;170000;6;6.15;6;6.15;56;0
Русгрэйн;60;20171121;180000;6.1;6.15;6.1;6.15;751;0
Русгрэйн;60;20171122;100000;6.15;6.3;6.15;6.3;190;0
Русгрэйн;60;20171122;110000;6.15;6.25;6.15;6.25;154;0
Русгрэйн;60;20171122;130000;6.15;6.15;6.1;6.1;10;0
Русгрэйн;60;20171122;140000;6.1;6.1;6.05;6.05;10;0
Русгрэйн;60;20171122;150000;6.15;6.2;6.15;6.2;23;0
Русгрэйн;60;20171122;160000;6.2;6.2;6.2;6.2;3;0
Русгрэйн;60;20171122;170000;6.2;6.2;6.05;6.05;199;0
Русгрэйн;60;20171122;180000;6.05;6.05;6.05;6.05;4;0
Русгрэйн;60;20171123;100000;6.05;6.05;6.05;6.05;1;0
Русгрэйн;60;20171123;110000;6.05;6.2;6;6.2;99;0
Русгрэйн;60;20171123;130000;6.15;6.15;6.15;6.15;20;0
Русгрэйн;60;20171123;140000;6.15;6.15;6.1;6.1;3;0
Русгрэйн;60;20171123;180000;6.15;6.15;6.15;6.15;6;0
Русгрэйн;60;20171124;100000;6.25;6.3;6.05;6.05;79;0
Русгрэйн;60;20171124;110000;6.15;6.15;5.95;6.15;235;0
Русгрэйн;60;20171124;120000;6.2;6.2;6.1;6.1;180;0
Русгрэйн;60;20171124;130000;6.15;6.2;6.15;6.2;82;0
Русгрэйн;60;20171124;150000;6.15;6.15;6.15;6.15;1;0
Русгрэйн;60;20171124;160000;6.15;6.15;6.15;6.15;1;0
Русгрэйн;60;20171124;170000;6.15;6.15;6.15;6.15;17;0
Русгрэйн;60;20171124;180000;6.15;6.15;6.05;6.05;15;0
Русгрэйн;60;20171127;100000;6;6.1;5.95;6.1;89;0
Русгрэйн;60;20171127;110000;6.1;6.1;6.1;6.1;7;0
Русгрэйн;60;20171127;120000;6.1;6.1;6.05;6.05;4;0
Русгрэйн;60;20171127;130000;6.05;6.05;6.05;6.05;7;0
Русгрэйн;60;20171127;140000;6.05;6.35;6.05;6.25;634;0
Русгрэйн;60;20171127;150000;6.3;6.3;6.25;6.25;27;0
Русгрэйн;60;20171127;160000;6.25;6.25;6.05;6.05;1040;0
Русгрэйн;60;20171127;170000;6.2;6.2;6.2;6.2;11;0
Русгрэйн;60;20171127;180000;6.25;6.25;6.15;6.15;35;0
Русгрэйн;60;20171128;100000;6.2;6.2;6.15;6.15;30;0
Русгрэйн;60;20171128;110000;6.15;6.15;6.15;6.15;4;0
Русгрэйн;60;20171128;120000;6.15;6.15;6.15;6.15;12;0
Русгрэйн;60;20171128;130000;6.15;6.15;6.05;6.1;21;0
Русгрэйн;60;20171128;150000;6.1;6.1;6.05;6.1;15;0
Русгрэйн;60;20171128;160000;6.1;6.1;6.1;6.1;2;0
Русгрэйн;60;20171128;170000;6.1;6.1;6.05;6.05;44;0
Русгрэйн;60;20171128;180000;6.05;6.05;6.05;6.05;2;0
Русгрэйн;60;20171129;100000;6;6.05;6;6;31;0
Русгрэйн;60;20171129;110000;6;6;6;6;10;0
Русгрэйн;60;20171129;120000;6;6;6;6;33;0
Русгрэйн;60;20171129;130000;6.05;6.05;6.05;6.05;20;0
Русгрэйн;60;20171129;140000;6.05;6.05;6.05;6.05;1;0
Русгрэйн;60;20171129;150000;6.05;6.05;5.75;5.9;319;0
Русгрэйн;60;20171129;160000;5.9;5.9;5.9;5.9;44;0
Русгрэйн;60;20171129;170000;5.85;5.85;5.85;5.85;2;0
Русгрэйн;60;20171129;180000;5.9;5.95;5.75;5.85;408;0
Русгрэйн;60;20171130;100000;5.85;5.85;5.7;5.75;236;0
Русгрэйн;60;20171130;110000;5.8;5.9;5.8;5.8;104;0
Русгрэйн;60;20171130;120000;5.85;5.85;5.85;5.85;7;0
Русгрэйн;60;20171130;130000;5.9;5.9;5.8;5.8;50;0
Русгрэйн;60;20171130;140000;5.8;5.8;5.75;5.75;14;0
Русгрэйн;60;20171130;160000;5.75;5.75;5.7;5.75;178;0
Русгрэйн;60;20171130;170000;5.75;5.8;5.75;5.8;142;0
Русгрэйн;60;20171130;180000;5.8;5.8;5.8;5.8;9;0
Русгрэйн;60;20171201;100000;5.7;5.8;5.65;5.8;233;0
Русгрэйн;60;20171201;110000;5.75;6;5.75;5.95;212;0
Русгрэйн;60;20171201;120000;5.95;5.95;5.95;5.95;5;0
Русгрэйн;60;20171201;130000;5.95;5.95;5.95;5.95;6;0
Русгрэйн;60;20171201;140000;5.9;5.95;5.85;5.9;49;0
Русгрэйн;60;20171201;150000;5.85;5.85;5.6;5.7;781;0
Русгрэйн;60;20171201;160000;5.75;5.75;5.7;5.75;580;0
Русгрэйн;60;20171201;170000;5.7;5.7;5.65;5.65;211;0
Русгрэйн;60;20171201;180000;5.65;5.75;5.6;5.75;429;0
Русгрэйн;60;20171204;100000;5.75;5.85;5.6;5.7;315;0
Русгрэйн;60;20171204;110000;5.7;5.75;5.7;5.7;101;0
Русгрэйн;60;20171204;120000;5.7;5.75;5.65;5.75;246;0
Русгрэйн;60;20171204;130000;5.75;5.8;5.7;5.8;89;0
Русгрэйн;60;20171204;140000;5.8;5.8;5.7;5.75;108;0
Русгрэйн;60;20171204;150000;5.75;5.8;5.75;5.75;6;0
Русгрэйн;60;20171204;160000;5.75;5.8;5.7;5.7;68;0
Русгрэйн;60;20171204;170000;5.7;5.7;5.5;5.65;362;0
Русгрэйн;60;20171204;180000;5.6;5.6;5.45;5.55;317;0
Русгрэйн;60;20171205;090000;5.65;5.65;5.65;5.65;5;0
Русгрэйн;60;20171205;100000;5.65;5.65;5.25;5.55;6277;0
Русгрэйн;60;20171205;110000;5.5;5.6;5.3;5.3;2130;0
Русгрэйн;60;20171205;120000;5.4;5.45;5.25;5.35;333;0
Русгрэйн;60;20171205;130000;5.3;5.3;5.05;5.2;10320;0
Русгрэйн;60;20171205;140000;5.15;5.15;5;5.05;2082;0
Русгрэйн;60;20171205;150000;5.05;5.05;5;5.05;4409;0
Русгрэйн;60;20171205;160000;5.05;5.15;5;5.05;1259;0
Русгрэйн;60;20171205;170000;5.05;5.05;5;5;7309;0
Русгрэйн;60;20171205;180000;5.05;5.2;4.9;5.2;1916;0
Русгрэйн;60;20171206;090000;5.2;5.2;5.2;5.2;1;0
Русгрэйн;60;20171206;100000;5.1;5.2;4.95;5.15;456;0
Русгрэйн;60;20171206;110000;5.15;5.3;5.15;5.3;1868;0
Русгрэйн;60;20171206;120000;5.25;5.35;5.1;5.3;2623;0
Русгрэйн;60;20171206;130000;5.25;5.55;4.95;5.25;10661;0
Русгрэйн;60;20171206;140000;5.2;5.25;5.05;5.15;1919;0
Русгрэйн;60;20171206;150000;5.15;5.2;5.15;5.2;980;0
Русгрэйн;60;20171206;160000;5.15;5.2;5.15;5.2;199;0
Русгрэйн;60;20171206;170000;5.15;5.2;5.15;5.2;135;0
Русгрэйн;60;20171206;180000;5.1;5.2;5;5.15;1118;0
Русгрэйн;60;20171207;100000;5.15;5.2;5.1;5.2;114;0
Русгрэйн;60;20171207;110000;5.15;5.15;5.05;5.15;217;0
Русгрэйн;60;20171207;120000;5.15;5.2;5.1;5.2;416;0
Русгрэйн;60;20171207;130000;5.15;5.2;5.05;5.15;1316;0
Русгрэйн;60;20171207;140000;5.1;5.1;5.05;5.1;3142;0
Русгрэйн;60;20171207;150000;5.1;5.1;5;5.1;310;0
Русгрэйн;60;20171207;160000;5.1;5.1;5.1;5.1;6;0
Русгрэйн;60;20171207;170000;5.05;5.1;5;5.1;173;0
Русгрэйн;60;20171207;180000;5.05;5.1;5;5;88;0
Русгрэйн;60;20171208;100000;5.1;5.1;5.05;5.1;1920;0
Русгрэйн;60;20171208;110000;5.1;5.15;4.95;5.1;398;0
Русгрэйн;60;20171208;120000;5.1;5.1;5.1;5.1;39;0
Русгрэйн;60;20171208;130000;5.05;5.1;5;5.1;32;0
Русгрэйн;60;20171208;140000;5.05;5.1;5.05;5.1;11;0
Русгрэйн;60;20171208;150000;5.05;5.05;5.05;5.05;3;0
Русгрэйн;60;20171208;160000;5.1;5.1;5.1;5.1;51;0
Русгрэйн;60;20171208;180000;5.05;5.1;5;5.1;147;0
Русгрэйн;60;20171211;100000;5.05;5.1;5.05;5.1;3;0
Русгрэйн;60;20171211;110000;5.1;5.1;5.1;5.1;30;0
Русгрэйн;60;20171211;120000;5.1;5.1;5.1;5.1;40;0
Русгрэйн;60;20171211;130000;5.1;5.1;5.1;5.1;5;0
Русгрэйн;60;20171211;140000;5.05;5.1;5.05;5.1;35;0
Русгрэйн;60;20171211;150000;5.1;5.1;5.05;5.1;15;0
Русгрэйн;60;20171211;160000;5.05;5.05;5.05;5.05;1;0
Русгрэйн;60;20171211;170000;5.05;5.05;5.05;5.05;3;0
Русгрэйн;60;20171211;180000;5;5.05;5;5.05;40;0
Русгрэйн;60;20171212;100000;5.1;5.15;5;5.15;186;0
Русгрэйн;60;20171212;110000;5.05;5.15;5.05;5.15;14;0
Русгрэйн;60;20171212;120000;5.1;5.1;5.05;5.05;10;0
Русгрэйн;60;20171212;130000;5.05;5.05;5.05;5.05;71;0
Русгрэйн;60;20171212;140000;5.05;5.05;5.05;5.05;27;0
Русгрэйн;60;20171212;150000;5.1;5.6;5.05;5.25;2888;0
Русгрэйн;60;20171212;160000;5.2;5.2;5.1;5.2;475;0
Русгрэйн;60;20171212;170000;5.15;5.2;5.15;5.2;228;0
Русгрэйн;60;20171212;180000;5.2;5.2;5.15;5.2;206;0
Русгрэйн;60;20171213;100000;5.15;5.2;5.05;5.15;248;0
Русгрэйн;60;20171213;110000;5.1;5.2;4.95;5.05;925;0
Русгрэйн;60;20171213;120000;5;5;4.9;5;567;0
Русгрэйн;60;20171213;130000;4.95;5.05;4.95;5.05;103;0
Русгрэйн;60;20171213;140000;5;5;4.75;4.85;3049;0
Русгрэйн;60;20171213;150000;4.85;4.9;4.7;4.9;561;0
Русгрэйн;60;20171213;160000;4.85;4.9;4.8;4.9;94;0
Русгрэйн;60;20171213;170000;4.85;4.9;4.85;4.9;155;0
Русгрэйн;60;20171213;180000;4.9;4.95;4.9;4.9;867;0
Русгрэйн;60;20171214;100000;4.9;4.9;4.5;4.65;4673;0
Русгрэйн;60;20171214;110000;4.65;4.7;4.5;4.65;1120;0
Русгрэйн;60;20171214;120000;4.65;4.65;4.6;4.65;101;0
Русгрэйн;60;20171214;130000;4.65;4.75;4.65;4.7;380;0
Русгрэйн;60;20171214;140000;4.7;4.75;4.6;4.7;220;0
Русгрэйн;60;20171214;150000;4.7;4.7;4.7;4.7;16;0
Русгрэйн;60;20171214;160000;4.65;4.7;4.65;4.7;57;0
Русгрэйн;60;20171214;170000;4.7;4.75;4.7;4.75;162;0
Русгрэйн;60;20171214;180000;4.75;4.8;4.75;4.75;315;0
Русгрэйн;60;20171215;100000;4.8;4.8;4.8;4.8;3;0
Русгрэйн;60;20171215;110000;4.8;4.8;4.8;4.8;55;0
Русгрэйн;60;20171215;120000;4.8;4.95;4.8;4.95;482;0
Русгрэйн;60;20171215;130000;4.95;5;4.75;4.95;1077;0
Русгрэйн;60;20171215;140000;4.95;5.2;4.85;4.95;1686;0
Русгрэйн;60;20171215;150000;4.95;4.95;4.9;4.95;76;0
Русгрэйн;60;20171215;160000;4.95;4.95;4.95;4.95;1;0
Русгрэйн;60;20171215;170000;4.9;4.95;4.9;4.9;50;0
Русгрэйн;60;20171215;180000;4.9;4.95;4.9;4.95;108;0
Русгрэйн;60;20171218;100000;4.95;5;4.95;5;17;0
Русгрэйн;60;20171218;110000;4.9;5;4.9;4.9;29;0
Русгрэйн;60;20171218;120000;4.95;4.95;4.9;4.9;16;0
Русгрэйн;60;20171218;130000;4.95;4.95;4.85;4.95;37;0
Русгрэйн;60;20171218;140000;4.85;4.95;4.85;4.95;19;0
Русгрэйн;60;20171218;150000;4.95;5;4.95;5;27;0
Русгрэйн;60;20171218;160000;5;5;4.95;5;46;0
Русгрэйн;60;20171218;170000;4.95;5.2;4.9;5.15;834;0
Русгрэйн;60;20171218;180000;5.15;5.15;5.05;5.15;336;0
Русгрэйн;60;20171219;090000;5.2;5.2;5.2;5.2;1;0
Русгрэйн;60;20171219;100000;5.1;5.45;5.1;5.45;812;0
Русгрэйн;60;20171219;110000;5.4;5.45;5.15;5.3;700;0
Русгрэйн;60;20171219;120000;5.2;5.3;5.2;5.3;3;0
Русгрэйн;60;20171219;130000;5.2;5.25;5.1;5.25;680;0
Русгрэйн;60;20171219;140000;5.15;5.25;5.15;5.25;65;0
Русгрэйн;60;20171219;150000;5.15;5.25;5.15;5.15;182;0
Русгрэйн;60;20171219;160000;5.15;5.2;5;5.15;880;0
Русгрэйн;60;20171219;170000;5.1;5.1;5.1;5.1;1;0
Русгрэйн;60;20171219;180000;5.05;5.15;5.05;5.15;90;0
Русгрэйн;60;20171220;090000;5.25;5.25;5.25;5.25;1;0
Русгрэйн;60;20171220;100000;5;5.2;5;5.1;325;0
Русгрэйн;60;20171220;110000;5;5.15;4.95;5.15;940;0
Русгрэйн;60;20171220;120000;5.05;5.15;5;5.15;122;0
Русгрэйн;60;20171220;130000;5.05;5.1;4.9;4.95;211;0
Русгрэйн;60;20171220;140000;5;5;4.95;5;4;0
Русгрэйн;60;20171220;150000;5;5;4.9;5;7;0
Русгрэйн;60;20171220;160000;4.95;5;4.95;5;36;0
Русгрэйн;60;20171220;180000;4.95;5;4.9;4.95;60;0
Русгрэйн;60;20171221;100000;4.95;4.95;4.95;4.95;11;0
Русгрэйн;60;20171221;110000;5;5;4.95;4.95;5;0
Русгрэйн;60;20171221;120000;4.9;4.95;4.9;4.95;99;0
Русгрэйн;60;20171221;130000;4.95;4.95;4.85;4.95;89;0
Русгрэйн;60;20171221;140000;4.9;4.95;4.9;4.95;33;0
Русгрэйн;60;20171221;150000;5;5;5;5;342;0
Русгрэйн;60;20171221;160000;5;5;5;5;31;0
Русгрэйн;60;20171221;170000;5;5;4.95;5;90;0
Русгрэйн;60;20171221;180000;4.95;5;4.95;5;57;0
Русгрэйн;60;20171222;100000;5.05;5.05;5;5;203;0
Русгрэйн;60;20171222;110000;5;5.05;5;5.05;6;0
Русгрэйн;60;20171222;120000;4.95;4.95;4.85;4.95;206;0
Русгрэйн;60;20171222;130000;4.95;5.1;4.95;5.1;271;0
Русгрэйн;60;20171222;140000;5.05;5.1;5;5.1;95;0
Русгрэйн;60;20171222;150000;5;5;4.95;5;85;0
Русгрэйн;60;20171222;160000;5;5;5;5;6;0
Русгрэйн;60;20171222;170000;5;5;5;5;1;0
Русгрэйн;60;20171222;180000;4.95;5.05;4.95;5.05;133;0
Русгрэйн;60;20171225;100000;5.05;5.05;5.05;5.05;11;0
Русгрэйн;60;20171225;110000;5;5.05;5;5.05;16;0
Русгрэйн;60;20171225;120000;5.05;5.05;4.95;4.95;14;0
Русгрэйн;60;20171225;130000;4.95;5.05;4.95;5.05;47;0
Русгрэйн;60;20171225;140000;5.05;5.05;5.05;5.05;1;0
Русгрэйн;60;20171225;150000;5.05;5.05;5.05;5.05;1129;0
Русгрэйн;60;20171225;160000;5.05;5.05;4.85;4.95;1330;0
Русгрэйн;60;20171225;170000;5;5;5;5;1;0
Русгрэйн;60;20171225;180000;4.95;5;4.85;4.85;76;0
Русгрэйн;60;20171226;100000;4.9;5;4.9;5;554;0
Русгрэйн;60;20171226;110000;5;5;5;5;3;0
Русгрэйн;60;20171226;120000;4.95;5;4.9;5;11;0
Русгрэйн;60;20171226;130000;5;5;5;5;11;0
Русгрэйн;60;20171226;140000;5;5;5;5;4;0
Русгрэйн;60;20171226;150000;4.95;4.95;4.9;4.95;79;0
Русгрэйн;60;20171226;160000;4.95;5;4.95;5;76;0
Русгрэйн;60;20171226;170000;5;5;4.95;5;13;0
Русгрэйн;60;20171226;180000;4.95;5;4.95;5;44;0
Русгрэйн;60;20171227;090000;5;5;5;5;2;0
Русгрэйн;60;20171227;100000;5;5;4.95;5;394;0
Русгрэйн;60;20171227;110000;5;5;5;5;9;0
Русгрэйн;60;20171227;120000;5;5;4.95;5;192;0
Русгрэйн;60;20171227;130000;4.95;5;4.9;5;111;0
Русгрэйн;60;20171227;140000;4.9;4.9;4.85;4.85;340;0
Русгрэйн;60;20171227;150000;4.95;5;4.95;5;6;0
Русгрэйн;60;20171227;160000;4.95;5;4.95;4.95;85;0
Русгрэйн;60;20171227;170000;4.9;4.9;4.75;4.85;779;0
Русгрэйн;60;20171227;180000;4.85;4.85;4.7;4.75;759;0
Русгрэйн;60;20171228;100000;4.8;4.8;4.7;4.75;148;0
Русгрэйн;60;20171228;110000;4.75;4.75;4.7;4.7;157;0
Русгрэйн;60;20171228;130000;4.75;5.05;4.75;5.05;2283;0
Русгрэйн;60;20171228;140000;5;5;4.95;4.95;766;0
Русгрэйн;60;20171228;150000;5;5;4.9;4.9;42;0
Русгрэйн;60;20171228;160000;5;6.05;5;5.85;4990;0
Русгрэйн;60;20171228;170000;5.8;6.3;5.55;5.7;4643;0
Русгрэйн;60;20171228;180000;5.75;5.8;5.45;5.6;2515;0
Русгрэйн;60;20171229;100000;5.7;5.75;5.45;5.45;691;0
Русгрэйн;60;20171229;110000;5.45;5.45;5.45;5.45;59;0
Русгрэйн;60;20171229;120000;5.5;5.5;5.4;5.4;61;0
Русгрэйн;60;20171229;130000;5.4;5.45;5.4;5.45;107;0
Русгрэйн;60;20171229;140000;5.5;5.75;5.5;5.75;106;0
Русгрэйн;60;20171229;150000;5.7;5.7;5.45;5.55;591;0
Русгрэйн;60;20171229;160000;5.55;5.55;5.4;5.5;1022;0
Русгрэйн;60;20171229;170000;5.5;5.85;5.35;5.55;551;0
Русгрэйн;60;20171229;180000;5.4;5.4;5.3;5.3;234;0
