<TICKER>;<PER>;<DATE>;<TIME>;<OPEN>;<HIGH>;<LOW>;<CLOSE>;<VOL>;<OPENINT>
РусАква ао;60;20170124;120000;87;87;86.7;86.7;2;0
РусАква ао;60;20170124;140000;86.8;86.8;86.8;86.8;1;0
РусАква ао;60;20170124;160000;84;84;84;84;1;0
РусАква ао;60;20170124;170000;84;85.3;84;85.3;5;0
РусАква ао;60;20170125;100000;82.2;82.2;80;80.1;10;0
РусАква ао;60;20170125;110000;82.9;82.9;82.9;82.9;1;0
РусАква ао;60;20170125;120000;81.1;81.1;81.1;81.1;2;0
РусАква ао;60;20170125;150000;81.5;81.9;81.5;81.9;2;0
РусАква ао;60;20170125;160000;82;82;82;82;1;0
РусАква ао;60;20170125;180000;81.1;81.8;81;81.8;4;0
РусАква ао;60;20170126;100000;78;84;78;84;15;0
РусАква ао;60;20170126;110000;84;84;84;84;1;0
РусАква ао;60;20170126;120000;81.6;81.6;79;79;20;0
РусАква ао;60;20170126;130000;79;79;79;79;3;0
РусАква ао;60;20170126;140000;79.5;80;79;80;3;0
РусАква ао;60;20170126;170000;79.9;80.1;79.9;80.1;5;0
РусАква ао;60;20170126;180000;79.1;79.1;79;79;2;0
РусАква ао;60;20170127;120000;80.7;80.8;80.7;80.8;2;0
РусАква ао;60;20170127;130000;80.8;87.7;78;80.9;21;0
РусАква ао;60;20170127;140000;81.6;81.6;77.6;80;145;0
РусАква ао;60;20170127;150000;80.1;80.1;80.1;80.1;1;0
РусАква ао;60;20170127;160000;80.1;80.1;75.2;79;139;0
РусАква ао;60;20170127;170000;78.8;80.2;78.8;80.2;15;0
РусАква ао;60;20170130;120000;80.9;80.9;80.9;80.9;2;0
РусАква ао;60;20170130;180000;80;80;80;80;1;0
РусАква ао;60;20170131;180000;80;80;80;80;1;0
РусАква ао;60;20170201;110000;78.7;90.1;72.5;85;208;0
РусАква ао;60;20170201;120000;85;85;80.9;80.9;7;0
РусАква ао;60;20170201;130000;81;82;81;82;17;0
РусАква ао;60;20170201;150000;82;82;82;82;2;0
РусАква ао;60;20170201;160000;82;82;82;82;1;0
РусАква ао;60;20170201;170000;81.1;81.1;81.1;81.1;1;0
РусАква ао;60;20170201;180000;81.9;84.9;80.3;84.9;39;0
РусАква ао;60;20170202;100000;86.1;86.1;86;86;12;0
РусАква ао;60;20170202;110000;83.2;83.9;80.3;83.9;18;0
РусАква ао;60;20170202;120000;83.7;87;83.7;87;20;0
РусАква ао;60;20170202;150000;84.2;87.1;83.1;87.1;26;0
РусАква ао;60;20170202;160000;86;87.1;86;87.1;5;0
РусАква ао;60;20170202;170000;86;87.1;86;87.1;3;0
РусАква ао;60;20170202;180000;85;87;85;87;3;0
РусАква ао;60;20170203;090000;89.2;89.2;89.2;89.2;1;0
РусАква ао;60;20170203;100000;84.8;84.8;84.7;84.7;3;0
РусАква ао;60;20170203;110000;86.8;87;86.8;87;3;0
РусАква ао;60;20170203;160000;86;86.9;86;86;4;0
РусАква ао;60;20170203;170000;87;89.1;84.2;88.9;28;0
РусАква ао;60;20170203;180000;87;88.5;87;88.5;6;0
РусАква ао;60;20170206;100000;90.5;98.6;90.4;98.6;12;0
РусАква ао;60;20170206;130000;90;90;89;90;3;0
РусАква ао;60;20170206;140000;90;90;90;90;2;0
РусАква ао;60;20170206;150000;88.6;88.6;87.1;87.1;10;0
РусАква ао;60;20170206;160000;87.2;87.2;87.1;87.1;9;0
РусАква ао;60;20170207;100000;89.8;90;87.2;87.2;14;0
РусАква ао;60;20170207;150000;87.6;87.6;86.2;87;21;0
РусАква ао;60;20170207;160000;86.5;86.5;86.5;86.5;10;0
РусАква ао;60;20170207;170000;86;86;86;86;1;0
РусАква ао;60;20170207;180000;85.5;85.5;83.3;84.9;14;0
РусАква ао;60;20170208;120000;85.4;85.4;85.4;85.4;1;0
РусАква ао;60;20170208;140000;84.5;84.5;84.5;84.5;20;0
РусАква ао;60;20170208;150000;84;84;84;84;10;0
РусАква ао;60;20170208;170000;82.1;82.1;82.1;82.1;1;0
РусАква ао;60;20170208;180000;83.9;84;83.9;84;4;0
РусАква ао;60;20170209;100000;85.5;85.5;85.5;85.5;5;0
РусАква ао;60;20170209;110000;85.5;85.5;85.5;85.5;8;0
РусАква ао;60;20170209;120000;86.6;86.8;86.6;86.7;14;0
РусАква ао;60;20170209;140000;86.5;86.7;86.5;86.7;4;0
РусАква ао;60;20170210;120000;86;86;80;81.1;66;0
РусАква ао;60;20170210;130000;81.3;83.7;78.5;81.5;91;0
РусАква ао;60;20170210;140000;81.5;82.9;79.1;79.1;38;0
РусАква ао;60;20170210;150000;79.1;80.9;77.8;80.3;129;0
РусАква ао;60;20170210;160000;79.7;80.3;79;79.9;32;0
РусАква ао;60;20170210;170000;80.2;80.5;77.2;80.5;120;0
РусАква ао;60;20170210;180000;79;81.9;77.2;79;130;0
РусАква ао;60;20170213;100000;79.1;83.2;79.1;83.2;20;0
РусАква ао;60;20170213;110000;82.9;82.9;82.9;82.9;1;0
РусАква ао;60;20170213;130000;80.5;80.5;80.2;80.2;7;0
РусАква ао;60;20170213;140000;80;80;79.9;79.9;2;0
РусАква ао;60;20170213;150000;80.4;80.6;79.8;80.6;8;0
РусАква ао;60;20170213;160000;80.1;80.1;79.6;79.6;11;0
РусАква ао;60;20170213;180000;79.9;79.9;79.9;79.9;1;0
РусАква ао;60;20170214;100000;79;79.5;79;79.5;9;0
РусАква ао;60;20170214;180000;79.5;79.5;79.5;79.5;1;0
РусАква ао;60;20170215;130000;79.6;79.6;79.6;79.6;1;0
РусАква ао;60;20170215;140000;79.8;80;79.8;80;7;0
РусАква ао;60;20170215;160000;81;84.5;81;84.5;6;0
РусАква ао;60;20170215;170000;84.5;84.5;81.9;81.9;5;0
РусАква ао;60;20170217;130000;81;81;77.5;77.8;12;0
РусАква ао;60;20170217;140000;80.9;80.9;80.9;80.9;1;0
РусАква ао;60;20170217;150000;80.4;80.5;78.7;78.7;3;0
РусАква ао;60;20170217;170000;80;80;78.8;78.8;2;0
РусАква ао;60;20170217;180000;78.7;78.7;78.7;78.7;12;0
РусАква ао;60;20170220;100000;79.3;79.9;79.3;79.9;11;0
РусАква ао;60;20170220;110000;79.9;80.9;79.9;80.9;3;0
РусАква ао;60;20170220;160000;77.5;77.5;77.5;77.5;2;0
РусАква ао;60;20170220;170000;78.2;78.2;78.2;78.2;2;0
РусАква ао;60;20170221;100000;78.1;79;78.1;79;4;0
РусАква ао;60;20170221;130000;78.3;79.8;78.2;79.1;11;0
РусАква ао;60;20170221;150000;78.6;79.6;75;78.9;80;0
РусАква ао;60;20170221;160000;76.5;78;76.1;78;11;0
РусАква ао;60;20170221;180000;76;76;74;75.5;55;0
РусАква ао;60;20170222;120000;75.6;75.6;75.6;75.6;1;0
РусАква ао;60;20170222;130000;75;76.8;75;76.8;5;0
РусАква ао;60;20170222;140000;74.4;76.4;73.9;76.4;23;0
РусАква ао;60;20170222;160000;75;75;75;75;1;0
РусАква ао;60;20170222;170000;75.6;75.7;75.6;75.7;2;0
РусАква ао;60;20170222;180000;75.7;75.7;67;69.8;127;0
РусАква ао;60;20170224;100000;65.9;67.1;57.6;58.8;363;0
РусАква ао;60;20170224;110000;59;62;55.8;57.9;285;0
РусАква ао;60;20170224;120000;58;58.2;52;56;492;0
РусАква ао;60;20170224;130000;56.3;57;54.6;57;27;0
РусАква ао;60;20170224;140000;58.3;58.3;56;57.5;49;0
РусАква ао;60;20170224;150000;57.5;57.6;56;57.4;52;0
РусАква ао;60;20170224;160000;57.5;57.5;56.5;57.4;12;0
РусАква ао;60;20170224;170000;57;57;55.6;55.8;17;0
РусАква ао;60;20170224;180000;56.9;58;56.2;56.5;53;0
РусАква ао;60;20170227;100000;56.6;56.6;54.2;55.7;10;0
РусАква ао;60;20170227;110000;56.6;59.7;56.5;59;81;0
РусАква ао;60;20170227;120000;59.5;59.5;55.6;55.6;54;0
РусАква ао;60;20170227;130000;57;61;55.1;61;151;0
РусАква ао;60;20170227;140000;61.4;64.5;60.1;61.4;44;0
РусАква ао;60;20170227;150000;60.2;60.4;59.5;59.5;14;0
РусАква ао;60;20170227;160000;59.5;59.5;58.2;58.2;4;0
РусАква ао;60;20170227;170000;57.5;57.5;57.5;57.5;1;0
РусАква ао;60;20170227;180000;58.5;60.7;58.1;58.1;19;0
РусАква ао;60;20170228;110000;55.8;58.7;55.6;58.7;16;0
РусАква ао;60;20170228;160000;58.6;58.6;58.6;58.6;1;0
РусАква ао;60;20170228;170000;58.6;58.6;58.6;58.6;5;0
РусАква ао;60;20170301;100000;55.4;57.5;55.1;57.5;19;0
РусАква ао;60;20170301;110000;57.9;59.9;57.9;59.9;5;0
РусАква ао;60;20170301;120000;59.9;62;59.9;60;11;0
РусАква ао;60;20170301;170000;58.4;58.4;58.4;58.4;1;0
РусАква ао;60;20170301;180000;58.4;58.4;58.3;58.3;3;0
РусАква ао;60;20170302;100000;56.3;58.5;55.9;58.5;3;0
РусАква ао;60;20170302;120000;57.5;57.5;57.5;57.5;1;0
РусАква ао;60;20170302;130000;57.8;57.8;57;57;2;0
РусАква ао;60;20170302;160000;57.8;57.8;57.8;57.8;1;0
РусАква ао;60;20170303;120000;58.5;58.5;58.4;58.4;3;0
РусАква ао;60;20170303;130000;58.2;58.2;54.1;56.5;58;0
РусАква ао;60;20170303;140000;55.2;56.2;55.1;56.2;56;0
РусАква ао;60;20170303;150000;56;56;56;56;8;0
РусАква ао;60;20170303;170000;56.4;56.4;56.4;56.4;10;0
РусАква ао;60;20170303;180000;56.7;56.9;56.7;56.9;5;0
РусАква ао;60;20170306;150000;57.5;62.8;57.5;60.3;75;0
РусАква ао;60;20170306;160000;59.4;59.4;59;59;19;0
РусАква ао;60;20170306;170000;59;59;59;59;4;0
РусАква ао;60;20170306;180000;59.3;60;59.3;60;4;0
РусАква ао;60;20170307;100000;56.1;59.1;55.7;59.1;21;0
РусАква ао;60;20170307;110000;59;59;59;59;3;0
РусАква ао;60;20170307;120000;58;58;56.2;56.2;22;0
РусАква ао;60;20170307;130000;57.2;58;57.2;58;5;0
РусАква ао;60;20170307;140000;58;58;58;58;1;0
РусАква ао;60;20170307;150000;57.3;59.5;57.3;59.5;7;0
РусАква ао;60;20170307;160000;59;60.5;59;59.5;22;0
РусАква ао;60;20170307;170000;57.7;59.7;57.4;59.7;16;0
РусАква ао;60;20170307;180000;59.4;60.5;57.5;60.5;27;0
РусАква ао;60;20170309;110000;57;57.9;56.7;57.9;8;0
РусАква ао;60;20170309;120000;57.9;57.9;56.8;56.8;3;0
РусАква ао;60;20170309;130000;56.7;56.8;56.7;56.8;9;0
РусАква ао;60;20170309;150000;56.4;56.4;56.3;56.3;5;0
РусАква ао;60;20170309;160000;56.3;56.3;56.3;56.3;5;0
РусАква ао;60;20170309;170000;56.3;56.3;56;56;9;0
РусАква ао;60;20170310;100000;58.5;66;58.2;62.4;55;0
РусАква ао;60;20170310;150000;58.5;58.5;58.5;58.5;1;0
РусАква ао;60;20170310;160000;58.7;58.7;58.7;58.7;1;0
РусАква ао;60;20170310;180000;58.2;58.6;58.2;58.6;3;0
РусАква ао;60;20170313;100000;60.4;60.4;60;60;2;0
РусАква ао;60;20170313;110000;60;60;60;60;2;0
РусАква ао;60;20170313;150000;60.4;60.4;60.4;60.4;1;0
РусАква ао;60;20170314;100000;60.4;61.8;60.4;61.8;2;0
РусАква ао;60;20170314;110000;60;60;55;58.5;55;0
РусАква ао;60;20170314;120000;59.3;61.5;58.6;61.5;10;0
РусАква ао;60;20170314;140000;59.6;61.8;59.5;61.8;15;0
РусАква ао;60;20170314;150000;61.8;61.8;61.8;61.8;1;0
РусАква ао;60;20170314;160000;61.8;61.8;61.8;61.8;1;0
РусАква ао;60;20170315;100000;58.1;60;57.8;59.5;7;0
РусАква ао;60;20170316;100000;61.7;61.7;59.7;59.9;4;0
РусАква ао;60;20170316;140000;59.9;60;59.9;60;2;0
РусАква ао;60;20170316;180000;60.2;60.2;60;60;3;0
РусАква ао;60;20170317;180000;60;61;60;61;13;0
РусАква ао;60;20170320;110000;60;60;60;60;1;0
РусАква ао;60;20170320;130000;61;61;61;61;1;0
РусАква ао;60;20170320;150000;61.4;61.4;61.4;61.4;1;0
РусАква ао;60;20170320;170000;60.1;60.1;60.1;60.1;2;0
РусАква ао;60;20170322;120000;60;60;60;60;1;0
РусАква ао;60;20170322;140000;59.1;59.1;59;59;2;0
РусАква ао;60;20170323;100000;58.9;60.6;58.9;60.6;3;0
РусАква ао;60;20170323;160000;60.1;60.1;60.1;60.1;3;0
РусАква ао;60;20170324;100000;57.8;59.7;57.8;59.5;4;0
РусАква ао;60;20170324;110000;60;60;60;60;2;0
РусАква ао;60;20170324;130000;60.6;61;60.6;61;99;0
РусАква ао;60;20170324;140000;61.9;61.9;61;61;4;0
РусАква ао;60;20170324;160000;61;61;60.9;61;13;0
РусАква ао;60;20170324;170000;61.1;61.1;61;61;18;0
РусАква ао;60;20170324;180000;61;61;60.1;60.1;24;0
РусАква ао;60;20170328;110000;61.9;64.5;61.9;64.5;20;0
РусАква ао;60;20170328;120000;62.5;62.5;62.5;62.5;1;0
РусАква ао;60;20170328;150000;62.5;62.5;62.5;62.5;8;0
РусАква ао;60;20170329;130000;62.7;62.7;62.7;62.7;1;0
РусАква ао;60;20170329;140000;60.7;60.7;60.6;60.6;3;0
РусАква ао;60;20170329;160000;60.7;60.7;60.4;60.5;6;0
РусАква ао;60;20170329;180000;62.4;62.4;62.4;62.4;1;0
РусАква ао;60;20170330;100000;59.6;61.5;59.6;60.8;54;0
РусАква ао;60;20170330;110000;60.4;60.9;60.4;60.9;2;0
РусАква ао;60;20170330;130000;61;61;60.5;60.5;3;0
РусАква ао;60;20170330;140000;60.7;60.7;60.7;60.7;1;0
РусАква ао;60;20170331;170000;60.4;60.7;60.4;60.7;3;0
РусАква ао;60;20170403;150000;57.6;57.6;57.5;57.5;7;0
РусАква ао;60;20170403;160000;57.4;58.3;54.4;58.3;45;0
РусАква ао;60;20170403;170000;56.8;56.9;56.6;56.6;4;0
РусАква ао;60;20170403;180000;55.8;57.3;55.8;57.3;16;0
РусАква ао;60;20170404;100000;56.1;56.1;55.1;55.1;11;0
РусАква ао;60;20170404;110000;57.9;58.3;57.9;58.3;8;0
РусАква ао;60;20170404;120000;58.1;58.1;58.1;58.1;7;0
РусАква ао;60;20170404;130000;58.5;58.5;58.5;58.5;1;0
РусАква ао;60;20170404;140000;59;59.4;59;59.4;2;0
РусАква ао;60;20170404;160000;59.4;59.4;59.4;59.4;2;0
РусАква ао;60;20170405;140000;58.6;63;57;63;18;0
РусАква ао;60;20170405;150000;63.7;65;63.7;65;58;0
РусАква ао;60;20170405;180000;64.9;70;64.9;70;74;0
РусАква ао;60;20170406;100000;65.3;69.4;65;67;35;0
РусАква ао;60;20170406;110000;68.9;68.9;68.9;68.9;1;0
РусАква ао;60;20170406;120000;67;67;66.9;66.9;2;0
РусАква ао;60;20170406;140000;66.5;66.5;66.5;66.5;1;0
РусАква ао;60;20170406;180000;66.5;66.5;66.2;66.2;9;0
РусАква ао;60;20170407;100000;63.2;63.2;62.1;62.1;3;0
РусАква ао;60;20170407;110000;62.7;64.2;62.5;63.4;6;0
РусАква ао;60;20170407;120000;63.8;65.9;63.8;65.9;3;0
РусАква ао;60;20170407;140000;65.7;65.7;65.7;65.7;1;0
РусАква ао;60;20170407;160000;63.6;67.7;62.9;67.7;15;0
РусАква ао;60;20170407;170000;64.6;68.7;64.6;68.7;2;0
РусАква ао;60;20170407;180000;68.8;72.7;65.6;65.6;8;0
РусАква ао;60;20170410;120000;65.2;68.2;65.2;68.2;3;0
РусАква ао;60;20170410;130000;68;68;68;68;1;0
РусАква ао;60;20170412;110000;60.5;69.7;60.5;65.5;49;0
РусАква ао;60;20170412;120000;67.6;67.6;67.6;67.6;1;0
РусАква ао;60;20170412;140000;65.4;67.7;65.4;67.7;3;0
РусАква ао;60;20170412;150000;68.8;68.9;68.8;68.9;2;0
РусАква ао;60;20170412;160000;65;69;65;65;14;0
РусАква ао;60;20170412;170000;64.4;64.4;63;63;16;0
РусАква ао;60;20170413;100000;61.2;62.9;58.2;62.9;55;0
РусАква ао;60;20170413;110000;62.2;62.2;62;62.2;4;0
РусАква ао;60;20170413;120000;63;63.2;63;63.2;4;0
РусАква ао;60;20170413;140000;64.8;65.8;61.3;61.3;4;0
РусАква ао;60;20170414;140000;63.8;66.7;63.8;66.7;5;0
РусАква ао;60;20170414;170000;62.5;64.3;61.7;64.3;7;0
РусАква ао;60;20170417;110000;62.8;62.8;60.9;60.9;2;0
РусАква ао;60;20170417;120000;62.3;62.3;62.3;62.3;1;0
РусАква ао;60;20170417;130000;61.2;61.2;61.2;61.2;1;0
РусАква ао;60;20170417;140000;61.5;61.5;61.2;61.2;9;0
РусАква ао;60;20170417;150000;61.2;61.2;61;61.2;4;0
РусАква ао;60;20170417;180000;61;61;61;61;2;0
РусАква ао;60;20170418;100000;60.7;62.1;60.7;62.1;3;0
РусАква ао;60;20170418;130000;61.9;62;61.9;62;3;0
РусАква ао;60;20170418;150000;61.5;61.5;61.5;61.5;1;0
РусАква ао;60;20170419;160000;61.7;61.7;61.7;61.7;2;0
РусАква ао;60;20170419;170000;61.7;61.9;61.7;61.9;3;0
РусАква ао;60;20170419;180000;61.7;62;61.7;62;4;0
РусАква ао;60;20170421;110000;61.7;61.7;61.7;61.7;2;0
РусАква ао;60;20170424;120000;62.4;62.4;62.4;62.4;1;0
РусАква ао;60;20170424;170000;60.1;60.5;60;60;11;0
РусАква ао;60;20170425;100000;59.5;60.4;58.6;60.4;19;0
РусАква ао;60;20170425;140000;59;60.3;58.1;60.3;11;0
РусАква ао;60;20170426;090000;62.5;62.5;62.5;62.5;11;0
РусАква ао;60;20170426;100000;64;72;64;70;102;0
РусАква ао;60;20170426;110000;70;79.1;70;78;90;0
РусАква ао;60;20170426;120000;78;78.5;76;78.5;16;0
РусАква ао;60;20170426;130000;76.8;76.8;76.5;76.5;8;0
РусАква ао;60;20170426;140000;76.5;84;76;79.7;110;0
РусАква ао;60;20170426;150000;82.9;84.2;80.1;84.2;1362;0
РусАква ао;60;20170426;160000;84.2;84.2;82.1;82.1;195;0
РусАква ао;60;20170426;170000;82.1;84.2;82.1;84.2;174;0
РусАква ао;60;20170426;180000;84;84.2;79.8;84.2;166;0
РусАква ао;60;20170427;100000;84.2;88.4;75.5;81.2;186;0
РусАква ао;60;20170427;110000;79.8;82.9;79.1;81.8;17;0
РусАква ао;60;20170427;120000;81.8;81.9;78.5;81.5;7;0
РусАква ао;60;20170427;150000;78.6;78.6;73.1;74;92;0
РусАква ао;60;20170427;160000;73.3;74;73;73;131;0
РусАква ао;60;20170427;170000;71.7;74;71.6;74;20;0
РусАква ао;60;20170427;180000;74;75.2;74;75.2;67;0
РусАква ао;60;20170428;110000;77;102;77;90.1;553;0
РусАква ао;60;20170428;120000;90.1;97;87.9;95;137;0
РусАква ао;60;20170428;130000;97.2;102;95.1;100;523;0
РусАква ао;60;20170428;140000;100.1;105;100;105;351;0
РусАква ао;60;20170428;150000;102.2;104.9;101.7;104.4;13;0
РусАква ао;60;20170428;160000;104.3;104.9;102;102;39;0
РусАква ао;60;20170428;170000;103.2;105.1;103.2;105.1;113;0
РусАква ао;60;20170428;180000;105.1;105.1;102.3;104.2;170;0
РусАква ао;60;20170502;100000;104.9;104.9;85.5;88.1;113;0
РусАква ао;60;20170502;110000;89.3;102.5;87.1;102.5;152;0
РусАква ао;60;20170502;120000;100.7;108;100.7;108;64;0
РусАква ао;60;20170502;130000;108;108.8;102.1;103.4;29;0
РусАква ао;60;20170502;140000;102.9;104;102.5;104;6;0
РусАква ао;60;20170502;150000;102.3;103.6;102.1;103.2;15;0
РусАква ао;60;20170502;160000;102.9;102.9;102.9;102.9;1;0
РусАква ао;60;20170502;170000;104.9;104.9;103;103;2;0
РусАква ао;60;20170502;180000;103;103.6;102;102;144;0
РусАква ао;60;20170503;100000;95.7;95.7;88;93;15;0
РусАква ао;60;20170503;110000;93.1;93.1;93.1;93.1;5;0
РусАква ао;60;20170503;120000;94.5;102;94.5;102;46;0
РусАква ао;60;20170503;130000;102;102;102;102;6;0
РусАква ао;60;20170503;140000;102.1;102.1;102.1;102.1;1;0
РусАква ао;60;20170503;150000;101.4;105;101.4;105;114;0
РусАква ао;60;20170503;160000;102.5;110;102.5;110;33;0
РусАква ао;60;20170503;170000;110;110;102.8;109.9;31;0
РусАква ао;60;20170504;100000;112.5;119;112.5;119;51;0
РусАква ао;60;20170504;110000;117;117;108.4;109;4;0
РусАква ао;60;20170504;120000;116.3;116.3;116.3;116.3;1;0
РусАква ао;60;20170504;130000;109.5;113.3;109.5;113.3;5;0
РусАква ао;60;20170504;150000;111;111;111;111;1;0
РусАква ао;60;20170504;160000;110.3;110.3;109.9;110.3;8;0
РусАква ао;60;20170504;170000;113.7;113.7;110.3;110.3;2;0
РусАква ао;60;20170504;180000;110.4;113;106;106.2;20;0
РусАква ао;60;20170505;100000;112;118.9;112;118.9;12;0
РусАква ао;60;20170505;110000;117;118;116;117;30;0
РусАква ао;60;20170505;140000;112.4;112.4;112.4;112.4;1;0
РусАква ао;60;20170505;150000;114.9;114.9;110;110;19;0
РусАква ао;60;20170505;160000;110;113.9;104;104;43;0
РусАква ао;60;20170505;170000;109.9;109.9;109.9;109.9;1;0
РусАква ао;60;20170510;090000;112;112;112;112;1;0
РусАква ао;60;20170510;100000;115.9;115.9;103.9;103.9;11;0
РусАква ао;60;20170510;110000;106;106;103.1;103.1;6;0
РусАква ао;60;20170510;120000;103.2;106.8;103.2;106.8;2;0
РусАква ао;60;20170510;130000;103.2;105.2;103.1;105.2;17;0
РусАква ао;60;20170510;140000;103.2;103.2;102;102;49;0
РусАква ао;60;20170510;150000;103.7;103.8;102;102;23;0
РусАква ао;60;20170510;180000;102.1;102.1;102.1;102.1;5;0
РусАква ао;60;20170511;100000;104.7;107;104.1;104.1;4;0
РусАква ао;60;20170511;110000;102.3;102.3;102.3;102.3;1;0
РусАква ао;60;20170511;130000;102.1;102.1;102;102;10;0
РусАква ао;60;20170512;100000;102.1;102.6;102;102.1;5;0
РусАква ао;60;20170512;110000;104.9;104.9;104.9;104.9;1;0
РусАква ао;60;20170512;130000;102;102;102;102;1;0
РусАква ао;60;20170512;150000;102;102;102;102;1;0
РусАква ао;60;20170512;180000;102;102;102;102;6;0
РусАква ао;60;20170515;110000;98.9;99;98.7;98.9;7;0
РусАква ао;60;20170515;120000;99;99;98.4;98.4;4;0
РусАква ао;60;20170515;160000;102;102;102;102;1;0
РусАква ао;60;20170516;100000;99.7;99.7;99.6;99.7;4;0
РусАква ао;60;20170516;110000;99;100;99;100;13;0
РусАква ао;60;20170516;140000;102.1;102.1;102;102;10;0
РусАква ао;60;20170516;170000;102.1;102.1;102.1;102.1;1;0
РусАква ао;60;20170517;100000;101.9;102;101.9;102;7;0
РусАква ао;60;20170517;140000;102.1;102.1;102;102;31;0
РусАква ао;60;20170517;170000;102.9;103;102.9;103;6;0
РусАква ао;60;20170518;100000;102.1;102.1;102.1;102.1;1;0
РусАква ао;60;20170518;120000;102.1;102.1;102;102;11;0
РусАква ао;60;20170518;130000;102;102;102;102;5;0
РусАква ао;60;20170518;150000;102.5;102.9;102.5;102.9;2;0
РусАква ао;60;20170518;170000;102.7;102.7;102;102;4;0
РусАква ао;60;20170519;110000;102;102;102;102;12;0
РусАква ао;60;20170519;150000;102.1;102.1;102;102;10;0
РусАква ао;60;20170519;170000;102;102;102;102;15;0
РусАква ао;60;20170522;100000;86;109.8;86;101.8;5;0
РусАква ао;60;20170522;120000;102.1;102.1;102;102;53;0
РусАква ао;60;20170522;130000;101.8;102;89.9;90;238;0
РусАква ао;60;20170522;140000;97.4;102.1;97.4;102.1;72;0
РусАква ао;60;20170522;150000;102;102;101.9;102;112;0
РусАква ао;60;20170522;160000;102.1;102.1;102;102;25;0
РусАква ао;60;20170522;180000;102.1;102.1;102;102;8;0
РусАква ао;60;20170523;100000;102.1;102.1;102;102;15;0
РусАква ао;60;20170523;120000;106.6;119;106.6;119;34;0
РусАква ао;60;20170523;160000;115;115;115;115;9;0
РусАква ао;60;20170523;170000;108.6;108.6;108.6;108.6;1;0
РусАква ао;60;20170523;180000;113.5;113.5;113.5;113.5;1;0
РусАква ао;60;20170524;100000;104.4;104.4;103.5;103.5;50;0
РусАква ао;60;20170524;110000;103.8;108.3;103.5;108.3;34;0
РусАква ао;60;20170524;120000;109;110;109;110;3;0
РусАква ао;60;20170524;130000;103.9;103.9;103.5;103.5;30;0
РусАква ао;60;20170525;100000;103.6;103.6;103.6;103.6;1;0
РусАква ао;60;20170525;110000;104;104;104;104;1;0
РусАква ао;60;20170525;130000;103.6;103.6;103.6;103.6;1;0
РусАква ао;60;20170525;140000;103.5;103.5;103.5;103.5;2;0
РусАква ао;60;20170525;150000;103.9;104;103.9;104;3;0
РусАква ао;60;20170525;160000;105.1;105.1;105;105;5;0
РусАква ао;60;20170525;170000;105;105;105;105;1;0
РусАква ао;60;20170526;100000;105;105;105;105;1;0
РусАква ао;60;20170526;110000;105;105;105;105;5;0
РусАква ао;60;20170526;120000;105;105;105;105;1;0
РусАква ао;60;20170526;150000;105;105;105;105;1;0
РусАква ао;60;20170530;140000;105;105;105;105;4;0
РусАква ао;60;20170530;180000;105;105;105;105;11;0
РусАква ао;60;20170531;140000;105;105;105;105;1;0
РусАква ао;60;20170531;150000;105;105;105;105;46;0
РусАква ао;60;20170531;160000;105;105;105;105;5;0
РусАква ао;60;20170531;170000;105;105;105;105;5;0
РусАква ао;60;20170531;180000;105;105;105;105;4;0
РусАква ао;60;20170601;110000;105.1;105.1;105;105;6;0
РусАква ао;60;20170601;130000;105;105;105;105;1;0
РусАква ао;60;20170601;150000;109.1;109.1;109.1;109.1;1;0
РусАква ао;60;20170601;170000;107.7;109;107.7;109;4;0
РусАква ао;60;20170602;100000;105.3;105.3;105.3;105.3;2;0
РусАква ао;60;20170602;140000;105.2;105.2;105.2;105.2;1;0
РусАква ао;60;20170605;110000;105;105;105;105;1;0
РусАква ао;60;20170605;150000;110.3;111;110.3;111;7;0
РусАква ао;60;20170606;140000;110.3;110.3;110;110;3;0
РусАква ао;60;20170608;120000;106.9;106.9;106;106;3;0
РусАква ао;60;20170608;150000;105.1;105.1;105.1;105.1;2;0
РусАква ао;60;20170608;160000;105;105;105;105;50;0
РусАква ао;60;20170608;180000;104;104;104;104;2;0
РусАква ао;60;20170609;120000;105;105;105;105;10;0
РусАква ао;60;20170609;170000;104.5;104.5;104.5;104.5;1;0
РусАква ао;60;20170609;180000;104.9;105;104.9;105;56;0
РусАква ао;60;20170614;110000;118.9;119;112.9;112.9;3;0
РусАква ао;60;20170614;180000;112.7;112.7;112.7;112.7;1;0
РусАква ао;60;20170615;120000;114.9;114.9;112.6;112.6;5;0
РусАква ао;60;20170616;120000;115;115;115;115;1;0
РусАква ао;60;20170622;110000;115;115;115;115;1;0
РусАква ао;60;20170623;130000;119.4;130;119.4;130;9;0
РусАква ао;60;20170623;150000;120;120;120;120;2;0
РусАква ао;60;20170623;170000;116;116;116;116;3;0
РусАква ао;60;20170623;180000;108;115.9;106.5;115.9;4;0
РусАква ао;60;20170626;100000;129.5;130;115.8;115.8;14;0
РусАква ао;60;20170626;110000;118;140;118;140;60;0
РусАква ао;60;20170626;120000;140.3;140.3;140;140;10;0
РусАква ао;60;20170626;130000;140;140;140;140;3;0
РусАква ао;60;20170626;150000;125.3;125.3;122.1;122.1;5;0
РусАква ао;60;20170626;170000;129.8;130;129.8;130;2;0
РусАква ао;60;20170627;110000;137.7;139.5;137.7;139.5;11;0
РусАква ао;60;20170627;160000;133.1;133.1;133.1;133.1;1;0
РусАква ао;60;20170628;100000;139.9;140;139.9;140;4;0
РусАква ао;60;20170628;110000;135.5;135.5;135.5;135.5;1;0
РусАква ао;60;20170628;120000;135.1;135.1;135;135;5;0
РусАква ао;60;20170628;140000;130.3;140;128;140;6;0
РусАква ао;60;20170629;110000;140.1;140.1;140.1;140.1;2;0
РусАква ао;60;20170629;120000;149.7;149.8;141;142;4;0
РусАква ао;60;20170629;140000;140.1;140.1;140.1;140.1;2;0
РусАква ао;60;20170629;150000;149.7;149.9;149.7;149.9;13;0
РусАква ао;60;20170629;170000;147;147;147;147;2;0
РусАква ао;60;20170629;180000;146.8;146.8;145;145;2;0
РусАква ао;60;20170630;110000;159.2;159.2;150;150;2;0
РусАква ао;60;20170630;130000;152;152;152;152;1;0
РусАква ао;60;20170630;140000;157;157;157;157;3;0
РусАква ао;60;20170630;150000;157;160;157;160;10;0
РусАква ао;60;20170630;170000;147.4;155;147.4;149.6;5;0
РусАква ао;60;20170630;180000;160;160;160;160;1;0
РусАква ао;60;20170703;100000;160;165;160;165;9;0
РусАква ао;60;20170703;140000;175;175;175;175;1;0
РусАква ао;60;20170703;150000;175;175;175;175;1;0
РусАква ао;60;20170703;170000;177;177;177;177;1;0
РусАква ао;60;20170703;180000;177;180;176.9;180;21;0
РусАква ао;60;20170704;110000;175.3;180;172;180;13;0
РусАква ао;60;20170704;120000;179;179;179;179;8;0
РусАква ао;60;20170704;160000;181;181;180;180;2;0
РусАква ао;60;20170704;180000;164.3;180;164.2;180;6;0
РусАква ао;60;20170705;140000;172.1;172.1;170.2;170.2;10;0
РусАква ао;60;20170705;150000;177.9;180;171.1;171.2;34;0
РусАква ао;60;20170705;160000;171.2;171.2;171.2;171.2;3;0
РусАква ао;60;20170705;170000;171.2;171.2;156.2;156.2;7;0
РусАква ао;60;20170705;180000;158;174;158;174;2;0
РусАква ао;60;20170706;140000;164.6;164.6;164.6;164.6;1;0
РусАква ао;60;20170706;150000;155;155;140.1;140.1;7;0
РусАква ао;60;20170706;160000;147;147;147;147;1;0
РусАква ао;60;20170706;180000;158.3;158.3;158.3;158.3;1;0
РусАква ао;60;20170707;100000;157;157;157;157;1;0
РусАква ао;60;20170707;120000;150.5;150.5;150.5;150.5;2;0
РусАква ао;60;20170707;130000;149.1;149.1;149.1;149.1;1;0
РусАква ао;60;20170707;140000;145.5;145.5;140.5;140.5;6;0
РусАква ао;60;20170707;160000;147.9;170;147.9;170;56;0
РусАква ао;60;20170707;170000;152;160;152;160;3;0
РусАква ао;60;20170710;110000;160.4;160.4;155;155;4;0
РусАква ао;60;20170710;120000;162.8;163;155.1;155.1;15;0
РусАква ао;60;20170710;140000;159.9;160;159.9;160;2;0
РусАква ао;60;20170711;100000;162.7;162.7;162.7;162.7;1;0
РусАква ао;60;20170711;110000;160.1;160.1;159.8;160;10;0
РусАква ао;60;20170711;120000;160.1;160.1;160.1;160.1;1;0
РусАква ао;60;20170711;130000;160;160.1;160;160.1;5;0
РусАква ао;60;20170711;160000;173.8;178.9;173.8;178.9;2;0
РусАква ао;60;20170711;180000;178.6;178.6;178.6;178.6;1;0
РусАква ао;60;20170712;100000;178.6;178.6;178.6;178.6;6;0
РусАква ао;60;20170712;150000;169.6;169.6;168;168;7;0
РусАква ао;60;20170712;170000;160.1;160.1;160.1;160.1;1;0
РусАква ао;60;20170717;120000;160;160;160;160;1;0
РусАква ао;60;20170718;130000;160;160;159.9;160;13;0
РусАква ао;60;20170718;160000;160.1;160.1;160;160;7;0
РусАква ао;60;20170718;170000;160;160.1;120.1;120.8;63;0
РусАква ао;60;20170718;180000;133.5;142.6;133;137.7;13;0
РусАква ао;60;20170719;100000;149;150;149;150;8;0
РусАква ао;60;20170719;110000;145.3;150;145.1;150;15;0
РусАква ао;60;20170719;120000;150;155.8;150;155.8;15;0
РусАква ао;60;20170719;150000;154;154;154;154;1;0
РусАква ао;60;20170720;170000;150.1;150.1;150;150;6;0
РусАква ао;60;20170721;100000;150;150;150;150;5;0
РусАква ао;60;20170725;100000;150;150;150;150;2;0
РусАква ао;60;20170725;110000;150;150;150;150;1;0
РусАква ао;60;20170726;100000;150;150;150;150;6;0
РусАква ао;60;20170726;130000;168.9;168.9;168.9;168.9;1;0
РусАква ао;60;20170727;100000;167;167;167;167;3;0
РусАква ао;60;20170728;100000;167;167;167;167;2;0
РусАква ао;60;20170728;120000;167;167;167;167;6;0
РусАква ао;60;20170728;130000;152.8;152.8;152;152;5;0
РусАква ао;60;20170728;180000;162;167;162;167;2;0
РусАква ао;60;20170731;110000;180.7;180.7;180.7;180.7;1;0
РусАква ао;60;20170731;130000;153.1;153.1;153;153;5;0
РусАква ао;60;20170731;170000;155;155;153;153;7;0
РусАква ао;60;20170731;180000;155;155;155;155;1;0
РусАква ао;60;20170801;130000;160;173.5;160;173.5;9;0
РусАква ао;60;20170802;100000;168;168.5;168;168.5;2;0
РусАква ао;60;20170802;120000;160;160;160;160;5;0
РусАква ао;60;20170802;130000;160;165;160;160;4;0
РусАква ао;60;20170802;140000;159;159;159;159;5;0
РусАква ао;60;20170802;160000;160.5;160.5;159;159;19;0
РусАква ао;60;20170802;180000;157;157;153;153;12;0
РусАква ао;60;20170803;150000;155;155;155;155;1;0
РусАква ао;60;20170803;180000;157;157;157;157;1;0
РусАква ао;60;20170804;100000;158.5;158.5;158.5;158.5;1;0
РусАква ао;60;20170807;110000;158;158;158;158;1;0
РусАква ао;60;20170807;160000;157;157;157;157;1;0
РусАква ао;60;20170808;100000;159.5;186;159.5;186;7;0
РусАква ао;60;20170808;110000;161;161;159;159;4;0
РусАква ао;60;20170808;120000;159;159;159;159;1;0
РусАква ао;60;20170808;130000;159;159.5;159;159.5;4;0
РусАква ао;60;20170808;150000;159.5;159.5;159.5;159.5;1;0
РусАква ао;60;20170808;160000;160;160;160;160;1;0
РусАква ао;60;20170808;170000;160;160;160;160;1;0
РусАква ао;60;20170808;180000;160;160;160;160;2;0
РусАква ао;60;20170809;100000;162;162;162;162;1;0
РусАква ао;60;20170809;140000;161;161;161;161;2;0
РусАква ао;60;20170809;150000;161;161.5;161;161.5;6;0
РусАква ао;60;20170809;170000;162.5;179.5;162.5;179.5;3;0
РусАква ао;60;20170811;100000;152.5;152.5;152.5;152.5;10;0
РусАква ао;60;20170811;110000;161;161;157.5;157.5;4;0
РусАква ао;60;20170811;120000;158.5;158.5;157.5;157.5;2;0
РусАква ао;60;20170811;130000;157;157;157;157;1;0
РусАква ао;60;20170811;140000;157.5;158;157.5;158;2;0
РусАква ао;60;20170811;150000;154.5;165.5;154.5;165.5;3;0
РусАква ао;60;20170811;160000;167.5;167.5;167.5;167.5;1;0
РусАква ао;60;20170811;180000;174;174;174;174;1;0
РусАква ао;60;20170814;120000;168;168;168;168;1;0
РусАква ао;60;20170814;150000;174.5;174.5;174.5;174.5;1;0
РусАква ао;60;20170815;110000;169.5;169.5;169.5;169.5;1;0
РусАква ао;60;20170815;130000;170;170;170;170;3;0
РусАква ао;60;20170815;180000;155.5;169.5;141.5;160.5;25;0
РусАква ао;60;20170817;110000;152;152;151;151;2;0
РусАква ао;60;20170817;130000;158.5;160;158.5;160;2;0
РусАква ао;60;20170817;150000;159;159.5;158.5;158.5;3;0
РусАква ао;60;20170818;180000;158;165;158;165;21;0
РусАква ао;60;20170821;110000;164.5;164.5;164.5;164.5;1;0
РусАква ао;60;20170821;140000;164.5;164.5;164.5;164.5;1;0
РусАква ао;60;20170822;110000;154;154;154;154;1;0
РусАква ао;60;20170822;120000;154;156;154;156;3;0
РусАква ао;60;20170822;140000;158;160.5;158;160.5;4;0
РусАква ао;60;20170824;110000;160;167.5;160;167.5;3;0
РусАква ао;60;20170824;130000;167.5;167.5;165.5;165.5;2;0
РусАква ао;60;20170825;100000;172;175;172;175;2;0
РусАква ао;60;20170825;170000;157.5;157.5;152.5;155.5;5;0
РусАква ао;60;20170828;180000;153.5;153.5;153.5;153.5;1;0
РусАква ао;60;20170829;110000;162;162.5;162;162.5;49;0
РусАква ао;60;20170829;140000;161.5;162.5;161.5;162.5;2;0
РусАква ао;60;20170829;170000;163;163;163;163;1;0
РусАква ао;60;20170830;100000;176;176;168;172;6;0
РусАква ао;60;20170830;110000;174;174;174;174;2;0
РусАква ао;60;20170830;120000;174;174;174;174;1;0
РусАква ао;60;20170830;170000;171.5;171.5;171.5;171.5;1;0
РусАква ао;60;20170831;140000;174;174.5;174;174.5;15;0
РусАква ао;60;20170831;150000;174.5;174.5;174.5;174.5;2;0
РусАква ао;60;20170901;100000;179.5;179.5;179.5;179.5;1;0
РусАква ао;60;20170901;160000;163.5;165;163.5;165;2;0
РусАква ао;60;20170901;180000;172;172;172;172;1;0
РусАква ао;60;20170904;100000;155.5;165;150;165;23;0
РусАква ао;60;20170905;120000;160;160;155.5;155.5;2;0
РусАква ао;60;20170905;140000;157;157;157;157;1;0
РусАква ао;60;20170905;160000;161;161;161;161;1;0
РусАква ао;60;20170906;100000;161.5;161.5;161.5;161.5;1;0
РусАква ао;60;20170906;130000;162;162;162;162;1;0
РусАква ао;60;20170906;180000;163.5;163.5;163.5;163.5;1;0
РусАква ао;60;20170907;100000;170;172.5;170;172.5;2;0
РусАква ао;60;20170907;180000;163.5;168.5;163.5;168.5;2;0
РусАква ао;60;20170908;100000;168;174.5;167.5;174.5;11;0
РусАква ао;60;20170908;110000;174;180;174;180;22;0
РусАква ао;60;20170908;120000;180;180;168;168;4;0
РусАква ао;60;20170908;140000;186.5;186.5;186.5;186.5;6;0
РусАква ао;60;20170908;150000;177;177;177;177;1;0
РусАква ао;60;20170908;160000;180;180;180;180;1;0
РусАква ао;60;20170908;180000;185.5;185.5;185.5;185.5;1;0
РусАква ао;60;20170911;100000;196.5;196.5;176;176;4;0
РусАква ао;60;20170911;130000;176;176;176;176;1;0
РусАква ао;60;20170911;150000;186;186;186;186;1;0
РусАква ао;60;20170912;110000;185.5;186;185.5;186;2;0
РусАква ао;60;20170912;140000;179;179;179;179;2;0
РусАква ао;60;20170912;160000;179;179;179;179;2;0
РусАква ао;60;20170912;180000;179;179;179;179;3;0
РусАква ао;60;20170913;100000;186;186;186;186;18;0
РусАква ао;60;20170913;110000;180;186.5;180;186.5;2;0
РусАква ао;60;20170913;120000;198.5;200;198.5;200;82;0
РусАква ао;60;20170913;130000;210;214;210;214;5;0
РусАква ао;60;20170913;150000;214;214;214;214;1;0
РусАква ао;60;20170913;160000;202;202;201;201;3;0
РусАква ао;60;20170914;110000;199;199;192;192;2;0
РусАква ао;60;20170914;120000;199;200;199;200;230;0
РусАква ао;60;20170914;170000;192;192;180.5;180.5;14;0
РусАква ао;60;20170914;180000;178;178;178;178;5;0
РусАква ао;60;20170915;100000;177.5;180;170;170;17;0
РусАква ао;60;20170915;110000;169.5;170;167;167;3;0
РусАква ао;60;20170915;120000;167.5;167.5;167.5;167.5;1;0
РусАква ао;60;20170915;130000;164.5;164.5;155.5;159;19;0
РусАква ао;60;20170915;140000;156;159.5;150;158.5;69;0
РусАква ао;60;20170915;160000;158;160;158;160;4;0
РусАква ао;60;20170915;170000;161;163.5;159.5;159.5;13;0
РусАква ао;60;20170915;180000;161.5;165;161.5;163;25;0
РусАква ао;60;20170918;100000;170;177.5;170;170;4;0
РусАква ао;60;20170918;130000;168;168;168;168;1;0
РусАква ао;60;20170918;160000;168.5;168.5;168.5;168.5;2;0
РусАква ао;60;20170919;100000;173.5;173.5;173.5;173.5;1;0
РусАква ао;60;20170919;120000;172.5;176;172.5;176;8;0
РусАква ао;60;20170919;130000;176;178;176;177;25;0
РусАква ао;60;20170919;140000;183;183;183;183;1;0
РусАква ао;60;20170919;160000;177;184.5;177;184.5;9;0
РусАква ао;60;20170919;180000;180;180;180;180;3;0
РусАква ао;60;20170920;100000;188;188;188;188;1;0
РусАква ао;60;20170920;110000;187.5;189;187.5;189;3;0
РусАква ао;60;20170920;130000;187;190;187;190;8;0
РусАква ао;60;20170920;140000;185;185;185;185;1;0
РусАква ао;60;20170920;150000;182;182;180;180;6;0
РусАква ао;60;20170920;160000;180;180;180;180;2;0
РусАква ао;60;20170920;170000;179.5;179.5;178.5;178.5;4;0
РусАква ао;60;20170920;180000;185;186;185;186;4;0
РусАква ао;60;20170921;090000;195;195;195;195;1;0
РусАква ао;60;20170921;110000;182;182;181.5;181.5;2;0
РусАква ао;60;20170921;120000;189;190.5;189;190.5;2;0
РусАква ао;60;20170921;180000;186;186;186;186;1;0
РусАква ао;60;20170922;120000;190;190;189.5;189.5;2;0
РусАква ао;60;20170922;130000;189.5;189.5;180;180;15;0
РусАква ао;60;20170922;180000;180;180;180;180;9;0
РусАква ао;60;20170925;100000;173;176.5;170;176.5;10;0
РусАква ао;60;20170925;130000;180.5;183.5;180.5;183.5;7;0
РусАква ао;60;20170925;150000;185.5;185.5;185.5;185.5;1;0
РусАква ао;60;20170925;160000;185;185;185;185;1;0
РусАква ао;60;20170926;100000;174.5;189.5;174.5;189.5;2;0
РусАква ао;60;20170926;170000;186;186;186;186;1;0
РусАква ао;60;20170926;180000;185.5;185.5;185.5;185.5;1;0
РусАква ао;60;20170927;160000;184;185.5;184;185.5;3;0
РусАква ао;60;20170927;170000;181;184.5;181;184.5;2;0
РусАква ао;60;20170927;180000;184.5;184.5;184.5;184.5;2;0
РусАква ао;60;20170929;170000;185.5;185.5;185;185;11;0
РусАква ао;60;20171002;140000;189.5;190;189.5;190;7;0
РусАква ао;60;20171002;180000;185.5;185.5;185;185;3;0
РусАква ао;60;20171003;100000;185.5;185.5;185;185;2;0
РусАква ао;60;20171003;110000;185;190;185;190;2;0
РусАква ао;60;20171003;140000;194.5;199;194.5;199;8;0
РусАква ао;60;20171003;150000;191.5;191.5;191;191;2;0
РусАква ао;60;20171003;160000;191;192;190.5;190.5;7;0
РусАква ао;60;20171003;170000;193.5;193.5;193.5;193.5;1;0
РусАква ао;60;20171003;180000;194;194;194;194;1;0
РусАква ао;60;20171004;100000;192;192;192;192;2;0
РусАква ао;60;20171004;110000;193;199;193;195;7;0
РусАква ао;60;20171004;120000;195;195;195;195;5;0
РусАква ао;60;20171004;130000;195;198.5;195;198.5;5;0
РусАква ао;60;20171004;150000;199;200;199;200;5;0
РусАква ао;60;20171004;170000;197;197;197;197;1;0
РусАква ао;60;20171004;180000;200;200;200;200;14;0
РусАква ао;60;20171005;100000;218.5;218.5;200;200;7;0
РусАква ао;60;20171005;110000;200;200;200;200;10;0
РусАква ао;60;20171005;130000;192;200;192;200;3;0
РусАква ао;60;20171009;120000;199;200;199;200;3;0
РусАква ао;60;20171009;130000;200;200;200;200;1;0
РусАква ао;60;20171010;100000;200;200;200;200;1;0
РусАква ао;60;20171010;120000;200;200;200;200;1;0
РусАква ао;60;20171011;100000;196.5;196.5;195;195;23;0
РусАква ао;60;20171011;110000;198.5;199;195;195;11;0
РусАква ао;60;20171012;110000;196;196;196;196;1;0
РусАква ао;60;20171012;120000;199.5;200;199.5;200;2;0
РусАква ао;60;20171012;140000;197;197;195;195;50;0
РусАква ао;60;20171012;160000;195.5;195.5;195;195;2;0
РусАква ао;60;20171013;140000;199;200;199;200;3;0
РусАква ао;60;20171016;110000;200;200;200;200;1;0
РусАква ао;60;20171016;140000;199.5;199.5;199.5;199.5;1;0
РусАква ао;60;20171016;150000;196.5;196.5;195;195;15;0
РусАква ао;60;20171016;160000;195;195;195;195;16;0
РусАква ао;60;20171017;170000;195;195;195;195;1;0
РусАква ао;60;20171017;180000;195;195;195;195;3;0
РусАква ао;60;20171019;130000;195;195;195;195;5;0
РусАква ао;60;20171020;100000;195.5;195.5;195.5;195.5;1;0
РусАква ао;60;20171020;110000;195;195;195;195;49;0
РусАква ао;60;20171020;120000;194.5;194.5;194.5;194.5;1;0
РусАква ао;60;20171023;170000;185.5;185.5;175;175;5;0
РусАква ао;60;20171023;180000;193.5;193.5;193.5;193.5;1;0
РусАква ао;60;20171024;100000;182.5;182.5;181;181;6;0
РусАква ао;60;20171024;110000;182;182;182;182;1;0
РусАква ао;60;20171025;110000;171;172.5;165;172.5;14;0
РусАква ао;60;20171025;130000;171.5;175;171.5;175;2;0
РусАква ао;60;20171025;140000;175;175;175;175;1;0
РусАква ао;60;20171025;150000;182;182;182;182;1;0
РусАква ао;60;20171026;100000;168.5;171;165;171;9;0
РусАква ао;60;20171026;150000;170;171;170;171;2;0
РусАква ао;60;20171027;120000;165.5;171;162.5;170;10;0
РусАква ао;60;20171027;130000;170;174.5;170;174.5;4;0
РусАква ао;60;20171027;150000;168.5;168.5;168;168;3;0
РусАква ао;60;20171027;180000;170.5;170.5;170.5;170.5;1;0
РусАква ао;60;20171030;110000;167;167;160.5;160.5;10;0
РусАква ао;60;20171030;120000;162;162;159.5;160.5;5;0
РусАква ао;60;20171030;130000;167;169;167;169;3;0
РусАква ао;60;20171030;140000;166.5;166.5;166.5;166.5;1;0
РусАква ао;60;20171030;150000;167;167;167;167;1;0
РусАква ао;60;20171030;170000;162;162.5;158.5;162.5;8;0
РусАква ао;60;20171030;180000;164.5;164.5;164.5;164.5;1;0
РусАква ао;60;20171031;110000;166.5;167.5;165;165;3;0
РусАква ао;60;20171031;120000;165.5;165.5;165.5;165.5;1;0
РусАква ао;60;20171031;130000;165;165;165;165;1;0
РусАква ао;60;20171031;170000;165.5;165.5;165.5;165.5;1;0
РусАква ао;60;20171101;110000;165.5;169;165.5;169;3;0
РусАква ао;60;20171101;150000;167.5;167.5;167.5;167.5;1;0
РусАква ао;60;20171101;170000;165;165;165;165;1;0
РусАква ао;60;20171102;160000;161.5;162.5;159;161.5;5;0
РусАква ао;60;20171102;170000;164.5;164.5;164.5;164.5;1;0
РусАква ао;60;20171103;100000;165.5;167.5;165.5;167.5;3;0
РусАква ао;60;20171107;110000;167.5;168.5;167.5;168.5;3;0
РусАква ао;60;20171107;150000;167.5;167.5;167.5;167.5;2;0
РусАква ао;60;20171107;180000;168;168;168;168;1;0
РусАква ао;60;20171108;100000;173;173;173;173;1;0
РусАква ао;60;20171108;140000;168;168;168;168;1;0
РусАква ао;60;20171108;160000;169;169;169;169;1;0
РусАква ао;60;20171109;120000;164.5;164.5;164.5;164.5;1;0
РусАква ао;60;20171109;130000;169.5;172.5;169.5;172.5;2;0
РусАква ао;60;20171110;110000;165;165;165;165;1;0
РусАква ао;60;20171110;130000;167.5;167.5;167.5;167.5;1;0
РусАква ао;60;20171110;140000;170;173.5;170;173.5;4;0
РусАква ао;60;20171110;160000;171;171;171;171;1;0
РусАква ао;60;20171110;180000;171.5;171.5;171.5;171.5;1;0
РусАква ао;60;20171113;100000;177;178;177;178;3;0
РусАква ао;60;20171113;120000;177.5;184;177.5;184;12;0
РусАква ао;60;20171113;150000;184;184;184;184;2;0
РусАква ао;60;20171114;110000;185;190;185;190;4;0
РусАква ао;60;20171114;120000;195;195;195;195;1;0
РусАква ао;60;20171114;130000;178.5;180;178.5;180;3;0
РусАква ао;60;20171114;150000;176;176;165;168;45;0
РусАква ао;60;20171114;170000;166.5;166.5;163;163.5;12;0
РусАква ао;60;20171114;180000;164;164;162.5;164;3;0
РусАква ао;60;20171115;090000;162;162;162;162;1;0
РусАква ао;60;20171115;100000;152;160;142;148;20;0
РусАква ао;60;20171115;110000;148;154.5;148;150;16;0
РусАква ао;60;20171115;130000;153;153;153;153;2;0
РусАква ао;60;20171115;150000;150;150;150;150;2;0
РусАква ао;60;20171115;170000;150;150;150;150;1;0
РусАква ао;60;20171115;180000;150;150;150;150;1;0
РусАква ао;60;20171116;110000;146.5;148;145;148;6;0
РусАква ао;60;20171116;130000;150;150;150;150;1;0
РусАква ао;60;20171116;150000;149;150;149;150;2;0
РусАква ао;60;20171117;150000;150;150;150;150;1;0
РусАква ао;60;20171117;180000;152;152;152;152;1;0
РусАква ао;60;20171120;170000;152;152;152;152;1;0
РусАква ао;60;20171121;110000;150.5;150.5;150;150;2;0
РусАква ао;60;20171121;160000;151.5;152;150;150;4;0
РусАква ао;60;20171121;170000;152;152;152;152;1;0
РусАква ао;60;20171121;180000;152;152;152;152;2;0
РусАква ао;60;20171122;130000;145.5;148.5;143.5;148;13;0
РусАква ао;60;20171124;120000;141;146;139;143.5;13;0
РусАква ао;60;20171124;150000;143;143;142;142;3;0
РусАква ао;60;20171124;170000;145;145;144;144;2;0
РусАква ао;60;20171127;170000;144.5;144.5;144.5;144.5;1;0
РусАква ао;60;20171127;180000;142;142;137;140;18;0
РусАква ао;60;20171128;120000;143.5;143.5;140;140;3;0
РусАква ао;60;20171128;140000;140.5;140.5;140.5;140.5;1;0
РусАква ао;60;20171129;100000;134.5;140;134.5;140;2;0
РусАква ао;60;20171129;130000;138.5;138.5;138.5;138.5;1;0
РусАква ао;60;20171130;140000;132;138;132;138;2;0
РусАква ао;60;20171130;150000;136;136;134;134;2;0
РусАква ао;60;20171201;100000;123.5;132.5;123.5;132;3;0
РусАква ао;60;20171201;170000;132.5;132.5;132.5;132.5;1;0
РусАква ао;60;20171201;180000;135.5;135.5;132;133;3;0
РусАква ао;60;20171204;100000;131.5;131.5;126;130;5;0
РусАква ао;60;20171204;110000;131.5;131.5;131.5;131.5;1;0
РусАква ао;60;20171204;120000;128;128;128;128;1;0
РусАква ао;60;20171204;160000;128;128.5;128;128.5;4;0
РусАква ао;60;20171205;120000;123.5;126;123.5;123.5;5;0
РусАква ао;60;20171205;130000;122.5;123;120.5;123;8;0
РусАква ао;60;20171205;140000;121.5;121.5;121.5;121.5;2;0
РусАква ао;60;20171205;150000;121.5;121.5;121.5;121.5;2;0
РусАква ао;60;20171205;180000;124;124;124;124;2;0
РусАква ао;60;20171206;100000;121.5;124;121.5;124;3;0
РусАква ао;60;20171206;110000;120.5;124;120.5;124;4;0
РусАква ао;60;20171206;120000;125.5;125.5;125.5;125.5;1;0
РусАква ао;60;20171206;180000;126;126;126;126;1;0
РусАква ао;60;20171207;120000;126.5;126.5;126;126;3;0
РусАква ао;60;20171207;150000;129.5;130;129.5;130;2;0
РусАква ао;60;20171207;180000;127.5;128;127.5;128;2;0
РусАква ао;60;20171211;140000;133;133;131.5;131.5;3;0
РусАква ао;60;20171211;150000;132.5;133.5;132.5;133.5;3;0
РусАква ао;60;20171211;170000;133.5;133.5;133.5;133.5;1;0
РусАква ао;60;20171212;100000;124.5;133.5;124.5;133.5;10;0
РусАква ао;60;20171212;110000;130;159;130;147.5;77;0
РусАква ао;60;20171212;130000;142;143.5;142;143.5;3;0
РусАква ао;60;20171212;140000;144;145;144;145;2;0
РусАква ао;60;20171212;150000;144.5;144.5;144;144;16;0
РусАква ао;60;20171212;160000;144.5;144.5;144.5;144.5;1;0
РусАква ао;60;20171212;170000;145;145;140.5;142;6;0
РусАква ао;60;20171213;100000;146.5;150;146.5;149;26;0
РусАква ао;60;20171213;110000;149.5;149.5;149.5;149.5;2;0
РусАква ао;60;20171213;140000;150;150;150;150;16;0
РусАква ао;60;20171213;160000;150;150;150;150;4;0
РусАква ао;60;20171213;170000;150;150;150;150;14;0
РусАква ао;60;20171213;180000;145.5;145.5;145.5;145.5;1;0
РусАква ао;60;20171214;110000;133.5;136;132;136;23;0
РусАква ао;60;20171214;120000;135.5;136.5;135.5;136;7;0
РусАква ао;60;20171214;170000;136;136;136;136;1;0
РусАква ао;60;20171214;180000;140;140;140;140;1;0
РусАква ао;60;20171215;100000;133.5;135.5;129;132;28;0
РусАква ао;60;20171215;110000;135.5;136;134;136;4;0
РусАква ао;60;20171215;120000;134;134;134;134;2;0
РусАква ао;60;20171215;130000;139;139;136;136;2;0
РусАква ао;60;20171215;170000;137;137;137;137;1;0
РусАква ао;60;20171215;180000;138;143;138;140.5;6;0
РусАква ао;60;20171218;120000;138;138;138;138;2;0
РусАква ао;60;20171219;100000;134;134;134;134;4;0
РусАква ао;60;20171219;160000;132.5;132.5;132.5;132.5;1;0
РусАква ао;60;20171219;170000;133;133;132.5;132.5;2;0
РусАква ао;60;20171219;180000;133;133;133;133;1;0
РусАква ао;60;20171220;100000;134;134;134;134;1;0
РусАква ао;60;20171221;100000;126.5;133;126.5;133;2;0
РусАква ао;60;20171221;110000;133.5;133.5;132;132;3;0
РусАква ао;60;20171221;130000;132.5;132.5;132.5;132.5;1;0
РусАква ао;60;20171221;140000;133.5;133.5;133.5;133.5;1;0
РусАква ао;60;20171225;120000;129;129;129;129;1;0
РусАква ао;60;20171225;160000;133;133;133;133;1;0
РусАква ао;60;20171225;170000;133.5;133.5;133.5;133.5;1;0
РусАква ао;60;20171226;110000;134;134;134;134;1;0
РусАква ао;60;20171226;170000;134;134;134;134;1;0
РусАква ао;60;20171227;100000;128;134;128;130.5;6;0
РусАква ао;60;20171227;110000;133;133;133;133;1;0
РусАква ао;60;20171227;130000;133;133.5;133;133.5;2;0
РусАква ао;60;20171227;140000;133.5;133.5;133.5;133.5;1;0
РусАква ао;60;20171227;180000;130.5;130.5;130.5;130.5;1;0
РусАква ао;60;20171228;100000;127.5;127.5;127.5;127.5;2;0
РусАква ао;60;20171228;110000;130.5;130.5;125.5;126;22;0
РусАква ао;60;20171228;120000;129.5;130;129.5;130;2;0
РусАква ао;60;20171228;170000;129.5;131;129.5;131;3;0
РусАква ао;60;20171228;180000;131.5;132;127;132;3;0
РусАква ао;60;20171229;120000;131.5;133.5;127.5;127.5;33;0
РусАква ао;60;20171229;130000;127.5;127.5;127.5;127.5;1;0
РусАква ао;60;20171229;150000;129.5;130;129.5;130;3;0
РусАква ао;60;20171229;180000;131;157;131;157;28;0
