<TICKER>;<PER>;<DATE>;<TIME>;<OPEN>;<HIGH>;<LOW>;<CLOSE>;<VOL>;<OPENINT>
СамарЭн-ао;60;20170124;100000;0.293;0.294;0.289;0.294;7;0
СамарЭн-ао;60;20170124;110000;0.29;0.29;0.285;0.285;89;0
СамарЭн-ао;60;20170124;150000;0.286;0.286;0.286;0.286;12;0
СамарЭн-ао;60;20170124;160000;0.286;0.29;0.286;0.29;23;0
СамарЭн-ао;60;20170124;170000;0.29;0.294;0.29;0.294;506;0
СамарЭн-ао;60;20170125;100000;0.294;0.3;0.294;0.3;45;0
СамарЭн-ао;60;20170125;110000;0.291;0.293;0.275;0.285;1245;0
СамарЭн-ао;60;20170125;120000;0.282;0.282;0.275;0.276;1062;0
СамарЭн-ао;60;20170125;130000;0.28;0.285;0.28;0.285;24;0
СамарЭн-ао;60;20170125;140000;0.28;0.28;0.28;0.28;32;0
СамарЭн-ао;60;20170125;150000;0.284;0.288;0.284;0.288;21;0
СамарЭн-ао;60;20170125;170000;0.286;0.288;0.286;0.288;100;0
СамарЭн-ао;60;20170125;180000;0.285;0.289;0.285;0.289;4;0
СамарЭн-ао;60;20170126;100000;0.285;0.285;0.28;0.28;19;0
СамарЭн-ао;60;20170126;120000;0.284;0.289;0.284;0.289;2;0
СамарЭн-ао;60;20170126;170000;0.29;0.292;0.29;0.292;64;0
СамарЭн-ао;60;20170126;180000;0.293;0.293;0.293;0.293;9;0
СамарЭн-ао;60;20170127;100000;0.29;0.29;0.29;0.29;42;0
СамарЭн-ао;60;20170127;110000;0.294;0.294;0.294;0.294;1;0
СамарЭн-ао;60;20170127;130000;0.293;0.305;0.293;0.3;611;0
СамарЭн-ао;60;20170127;140000;0.305;0.305;0.3;0.3;9;0
СамарЭн-ао;60;20170127;150000;0.3;0.305;0.3;0.3;26;0
СамарЭн-ао;60;20170127;160000;0.3;0.301;0.3;0.301;9;0
СамарЭн-ао;60;20170127;170000;0.304;0.304;0.29;0.292;229;0
СамарЭн-ао;60;20170127;180000;0.294;0.294;0.294;0.294;1;0
СамарЭн-ао;60;20170130;120000;0.301;0.301;0.301;0.301;5;0
СамарЭн-ао;60;20170130;130000;0.296;0.296;0.293;0.293;5;0
СамарЭн-ао;60;20170130;170000;0.295;0.295;0.294;0.294;3;0
СамарЭн-ао;60;20170131;110000;0.298;0.299;0.298;0.299;3;0
СамарЭн-ао;60;20170131;130000;0.296;0.3;0.296;0.299;67;0
СамарЭн-ао;60;20170201;100000;0.299;0.299;0.299;0.299;1;0
СамарЭн-ао;60;20170201;120000;0.3;0.3;0.3;0.3;49;0
СамарЭн-ао;60;20170201;130000;0.3;0.3;0.3;0.3;1;0
СамарЭн-ао;60;20170201;170000;0.303;0.31;0.303;0.309;131;0
СамарЭн-ао;60;20170201;180000;0.308;0.308;0.305;0.307;38;0
СамарЭн-ао;60;20170202;110000;0.309;0.31;0.307;0.309;61;0
СамарЭн-ао;60;20170202;120000;0.307;0.307;0.307;0.307;3;0
СамарЭн-ао;60;20170202;130000;0.308;0.308;0.308;0.308;1;0
СамарЭн-ао;60;20170202;150000;0.308;0.309;0.308;0.308;31;0
СамарЭн-ао;60;20170202;160000;0.308;0.308;0.308;0.308;56;0
СамарЭн-ао;60;20170202;180000;0.308;0.308;0.308;0.308;11;0
СамарЭн-ао;60;20170203;120000;0.308;0.31;0.308;0.31;10;0
СамарЭн-ао;60;20170203;130000;0.31;0.31;0.308;0.308;6;0
СамарЭн-ао;60;20170203;140000;0.31;0.311;0.31;0.311;88;0
СамарЭн-ао;60;20170203;150000;0.318;0.318;0.318;0.318;1;0
СамарЭн-ао;60;20170203;160000;0.318;0.318;0.318;0.318;10;0
СамарЭн-ао;60;20170203;170000;0.31;0.311;0.31;0.31;61;0
СамарЭн-ао;60;20170203;180000;0.31;0.31;0.31;0.31;50;0
СамарЭн-ао;60;20170206;100000;0.294;0.294;0.294;0.294;2;0
СамарЭн-ао;60;20170206;110000;0.297;0.297;0.297;0.297;1;0
СамарЭн-ао;60;20170206;120000;0.296;0.298;0.296;0.298;13;0
СамарЭн-ао;60;20170206;130000;0.296;0.296;0.291;0.291;36;0
СамарЭн-ао;60;20170206;150000;0.293;0.31;0.291;0.297;56;0
СамарЭн-ао;60;20170207;110000;0.303;0.308;0.303;0.308;16;0
СамарЭн-ао;60;20170207;120000;0.3;0.3;0.29;0.296;45;0
СамарЭн-ао;60;20170207;130000;0.295;0.295;0.295;0.295;1;0
СамарЭн-ао;60;20170207;140000;0.295;0.295;0.29;0.29;16;0
СамарЭн-ао;60;20170207;150000;0.294;0.294;0.29;0.29;4;0
СамарЭн-ао;60;20170207;160000;0.292;0.292;0.292;0.292;1;0
СамарЭн-ао;60;20170207;170000;0.294;0.295;0.291;0.291;97;0
СамарЭн-ао;60;20170207;180000;0.293;0.293;0.293;0.293;1;0
СамарЭн-ао;60;20170208;100000;0.296;0.297;0.296;0.296;33;0
СамарЭн-ао;60;20170208;110000;0.296;0.296;0.296;0.296;1;0
СамарЭн-ао;60;20170208;140000;0.296;0.296;0.296;0.296;105;0
СамарЭн-ао;60;20170208;160000;0.296;0.301;0.296;0.301;147;0
СамарЭн-ао;60;20170208;170000;0.299;0.299;0.299;0.299;30;0
СамарЭн-ао;60;20170208;180000;0.299;0.299;0.296;0.296;34;0
СамарЭн-ао;60;20170209;110000;0.3;0.3;0.3;0.3;20;0
СамарЭн-ао;60;20170209;130000;0.3;0.301;0.3;0.301;33;0
СамарЭн-ао;60;20170209;150000;0.299;0.299;0.299;0.299;5;0
СамарЭн-ао;60;20170209;160000;0.299;0.3;0.297;0.297;61;0
СамарЭн-ао;60;20170210;110000;0.295;0.295;0.295;0.295;5;0
СамарЭн-ао;60;20170210;120000;0.291;0.297;0.291;0.297;9;0
СамарЭн-ао;60;20170210;130000;0.298;0.31;0.298;0.302;179;0
СамарЭн-ао;60;20170210;140000;0.302;0.302;0.302;0.302;1;0
СамарЭн-ао;60;20170210;150000;0.303;0.31;0.303;0.31;18;0
СамарЭн-ао;60;20170210;160000;0.304;0.304;0.303;0.303;6;0
СамарЭн-ао;60;20170210;170000;0.307;0.311;0.307;0.311;14;0
СамарЭн-ао;60;20170210;180000;0.312;0.321;0.312;0.321;111;0
СамарЭн-ао;60;20170213;100000;0.31;0.31;0.307;0.307;6;0
СамарЭн-ао;60;20170213;110000;0.316;0.316;0.316;0.316;2;0
СамарЭн-ао;60;20170213;170000;0.311;0.311;0.308;0.308;6;0
СамарЭн-ао;60;20170213;180000;0.306;0.306;0.3;0.3;14;0
СамарЭн-ао;60;20170214;100000;0.299;0.301;0.299;0.301;5;0
СамарЭн-ао;60;20170214;110000;0.31;0.31;0.302;0.302;2;0
СамарЭн-ао;60;20170214;150000;0.302;0.302;0.301;0.301;6;0
СамарЭн-ао;60;20170214;160000;0.301;0.301;0.3;0.3;2;0
СамарЭн-ао;60;20170214;170000;0.3;0.3;0.285;0.299;66;0
СамарЭн-ао;60;20170214;180000;0.299;0.299;0.299;0.299;1;0
СамарЭн-ао;60;20170215;090000;0.295;0.295;0.295;0.295;98;0
СамарЭн-ао;60;20170215;100000;0.293;0.313;0.293;0.302;271;0
СамарЭн-ао;60;20170215;110000;0.3;0.3;0.285;0.296;46;0
СамарЭн-ао;60;20170215;120000;0.296;0.296;0.296;0.296;3;0
СамарЭн-ао;60;20170215;130000;0.296;0.3;0.296;0.3;110;0
СамарЭн-ао;60;20170215;170000;0.299;0.3;0.299;0.3;4;0
СамарЭн-ао;60;20170215;180000;0.301;0.319;0.3;0.305;60;0
СамарЭн-ао;60;20170216;100000;0.304;0.307;0.304;0.306;10;0
СамарЭн-ао;60;20170216;110000;0.307;0.317;0.307;0.317;4;0
СамарЭн-ао;60;20170216;120000;0.304;0.304;0.303;0.303;4;0
СамарЭн-ао;60;20170216;140000;0.303;0.303;0.302;0.302;4;0
СамарЭн-ао;60;20170216;150000;0.302;0.302;0.296;0.302;9;0
СамарЭн-ао;60;20170216;160000;0.302;0.304;0.302;0.304;4;0
СамарЭн-ао;60;20170216;170000;0.305;0.305;0.302;0.302;2;0
СамарЭн-ао;60;20170216;180000;0.302;0.302;0.302;0.302;2;0
СамарЭн-ао;60;20170217;100000;0.301;0.303;0.301;0.301;57;0
СамарЭн-ао;60;20170217;120000;0.302;0.302;0.301;0.301;51;0
СамарЭн-ао;60;20170217;140000;0.302;0.31;0.302;0.31;47;0
СамарЭн-ао;60;20170217;160000;0.303;0.303;0.303;0.303;2;0
СамарЭн-ао;60;20170217;170000;0.302;0.302;0.301;0.301;3;0
СамарЭн-ао;60;20170220;100000;0.301;0.301;0.301;0.301;1;0
СамарЭн-ао;60;20170220;110000;0.302;0.311;0.302;0.311;12;0
СамарЭн-ао;60;20170220;130000;0.315;0.316;0.315;0.316;31;0
СамарЭн-ао;60;20170220;140000;0.317;0.317;0.317;0.317;2;0
СамарЭн-ао;60;20170220;150000;0.315;0.315;0.315;0.315;2;0
СамарЭн-ао;60;20170220;160000;0.315;0.315;0.315;0.315;1;0
СамарЭн-ао;60;20170220;170000;0.313;0.313;0.31;0.31;20;0
СамарЭн-ао;60;20170220;180000;0.311;0.311;0.31;0.31;82;0
СамарЭн-ао;60;20170221;100000;0.312;0.312;0.307;0.307;6;0
СамарЭн-ао;60;20170221;160000;0.304;0.304;0.3;0.3;86;0
СамарЭн-ао;60;20170221;170000;0.3;0.304;0.3;0.304;15;0
СамарЭн-ао;60;20170222;100000;0.305;0.312;0.3;0.3;7;0
СамарЭн-ао;60;20170222;110000;0.301;0.301;0.301;0.301;1;0
СамарЭн-ао;60;20170222;170000;0.297;0.297;0.293;0.293;40;0
СамарЭн-ао;60;20170222;180000;0.292;0.292;0.291;0.291;30;0
СамарЭн-ао;60;20170224;100000;0.29;0.29;0.29;0.29;39;0
СамарЭн-ао;60;20170224;110000;0.289;0.29;0.289;0.29;18;0
СамарЭн-ао;60;20170224;160000;0.289;0.289;0.288;0.288;2;0
СамарЭн-ао;60;20170224;180000;0.287;0.287;0.285;0.285;3;0
СамарЭн-ао;60;20170227;090000;0.299;0.299;0.299;0.299;2;0
СамарЭн-ао;60;20170227;100000;0.298;0.298;0.291;0.291;9;0
СамарЭн-ао;60;20170227;120000;0.29;0.29;0.29;0.29;1;0
СамарЭн-ао;60;20170227;130000;0.29;0.29;0.29;0.29;2;0
СамарЭн-ао;60;20170227;140000;0.289;0.289;0.286;0.286;7;0
СамарЭн-ао;60;20170227;180000;0.285;0.285;0.284;0.284;53;0
СамарЭн-ао;60;20170228;100000;0.287;0.287;0.28;0.28;43;0
СамарЭн-ао;60;20170228;110000;0.274;0.274;0.271;0.274;57;0
СамарЭн-ао;60;20170228;140000;0.275;0.275;0.273;0.273;6;0
СамарЭн-ао;60;20170228;160000;0.275;0.275;0.273;0.273;4;0
СамарЭн-ао;60;20170228;170000;0.276;0.28;0.276;0.28;307;0
СамарЭн-ао;60;20170228;180000;0.276;0.276;0.273;0.273;11;0
СамарЭн-ао;60;20170301;110000;0.28;0.28;0.28;0.28;4;0
СамарЭн-ао;60;20170301;120000;0.28;0.29;0.28;0.29;8;0
СамарЭн-ао;60;20170301;150000;0.285;0.285;0.285;0.285;6;0
СамарЭн-ао;60;20170302;110000;0.288;0.288;0.288;0.288;1;0
СамарЭн-ао;60;20170302;120000;0.288;0.288;0.288;0.288;4;0
СамарЭн-ао;60;20170302;150000;0.287;0.287;0.286;0.286;4;0
СамарЭн-ао;60;20170302;170000;0.286;0.286;0.285;0.285;52;0
СамарЭн-ао;60;20170303;100000;0.283;0.283;0.28;0.28;6;0
СамарЭн-ао;60;20170306;100000;0.275;0.283;0.275;0.283;27;0
СамарЭн-ао;60;20170306;130000;0.276;0.276;0.263;0.27;284;0
СамарЭн-ао;60;20170306;140000;0.272;0.279;0.272;0.279;6;0
СамарЭн-ао;60;20170306;180000;0.275;0.275;0.267;0.272;12;0
СамарЭн-ао;60;20170307;140000;0.267;0.267;0.267;0.267;4;0
СамарЭн-ао;60;20170307;170000;0.27;0.27;0.27;0.27;1;0
СамарЭн-ао;60;20170307;180000;0.267;0.267;0.266;0.266;6;0
СамарЭн-ао;60;20170309;100000;0.274;0.274;0.274;0.274;52;0
СамарЭн-ао;60;20170309;120000;0.265;0.265;0.265;0.265;1;0
СамарЭн-ао;60;20170309;130000;0.257;0.257;0.256;0.256;4;0
СамарЭн-ао;60;20170309;150000;0.266;0.267;0.266;0.267;10;0
СамарЭн-ао;60;20170309;160000;0.267;0.267;0.267;0.267;10;0
СамарЭн-ао;60;20170309;170000;0.257;0.257;0.25;0.25;45;0
СамарЭн-ао;60;20170309;180000;0.251;0.251;0.251;0.251;2;0
СамарЭн-ао;60;20170310;110000;0.249;0.252;0.247;0.251;15;0
СамарЭн-ао;60;20170310;160000;0.252;0.252;0.251;0.251;4;0
СамарЭн-ао;60;20170310;170000;0.251;0.339;0.251;0.328;494;0
СамарЭн-ао;60;20170310;180000;0.319;0.325;0.312;0.323;88;0
СамарЭн-ао;60;20170313;090000;0.331;0.331;0.331;0.331;9;0
СамарЭн-ао;60;20170313;100000;0.345;0.397;0.345;0.364;1621;0
СамарЭн-ао;60;20170313;110000;0.361;0.369;0.35;0.35;221;0
СамарЭн-ао;60;20170313;120000;0.35;0.363;0.35;0.352;63;0
СамарЭн-ао;60;20170313;130000;0.351;0.369;0.35;0.369;127;0
СамарЭн-ао;60;20170313;140000;0.368;0.368;0.35;0.35;18;0
СамарЭн-ао;60;20170313;150000;0.346;0.346;0.34;0.343;113;0
СамарЭн-ао;60;20170313;160000;0.342;0.342;0.34;0.341;26;0
СамарЭн-ао;60;20170313;170000;0.352;0.352;0.34;0.34;99;0
СамарЭн-ао;60;20170313;180000;0.34;0.35;0.34;0.341;89;0
СамарЭн-ао;60;20170314;100000;0.358;0.358;0.335;0.336;61;0
СамарЭн-ао;60;20170314;110000;0.337;0.358;0.33;0.33;472;0
СамарЭн-ао;60;20170314;120000;0.335;0.337;0.331;0.332;20;0
СамарЭн-ао;60;20170314;130000;0.332;0.337;0.331;0.336;16;0
СамарЭн-ао;60;20170314;140000;0.336;0.336;0.332;0.332;5;0
СамарЭн-ао;60;20170314;150000;0.332;0.332;0.332;0.332;3;0
СамарЭн-ао;60;20170314;160000;0.336;0.336;0.332;0.336;9;0
СамарЭн-ао;60;20170314;170000;0.333;0.345;0.333;0.336;228;0
СамарЭн-ао;60;20170314;180000;0.336;0.339;0.336;0.339;96;0
СамарЭн-ао;60;20170315;090000;0.339;0.339;0.339;0.339;24;0
СамарЭн-ао;60;20170315;120000;0.331;0.331;0.331;0.331;4;0
СамарЭн-ао;60;20170315;130000;0.331;0.331;0.331;0.331;15;0
СамарЭн-ао;60;20170315;160000;0.331;0.331;0.331;0.331;2;0
СамарЭн-ао;60;20170315;170000;0.331;0.331;0.331;0.331;1;0
СамарЭн-ао;60;20170315;180000;0.331;0.331;0.331;0.331;1;0
СамарЭн-ао;60;20170316;100000;0.337;0.338;0.337;0.338;3;0
СамарЭн-ао;60;20170316;110000;0.34;0.34;0.34;0.34;1;0
СамарЭн-ао;60;20170316;180000;0.331;0.331;0.331;0.331;2;0
СамарЭн-ао;60;20170317;120000;0.332;0.332;0.33;0.33;6;0
СамарЭн-ао;60;20170317;130000;0.33;0.33;0.329;0.33;101;0
СамарЭн-ао;60;20170317;140000;0.332;0.332;0.33;0.33;53;0
СамарЭн-ао;60;20170317;180000;0.33;0.33;0.33;0.33;4;0
СамарЭн-ао;60;20170321;110000;0.334;0.335;0.334;0.335;11;0
СамарЭн-ао;60;20170321;130000;0.333;0.333;0.33;0.33;10;0
СамарЭн-ао;60;20170321;160000;0.333;0.333;0.331;0.331;3;0
СамарЭн-ао;60;20170322;130000;0.348;0.348;0.348;0.348;2;0
СамарЭн-ао;60;20170322;180000;0.339;0.34;0.339;0.34;72;0
СамарЭн-ао;60;20170323;120000;0.334;0.334;0.334;0.334;2;0
СамарЭн-ао;60;20170323;160000;0.335;0.335;0.334;0.334;21;0
СамарЭн-ао;60;20170324;130000;0.331;0.331;0.331;0.331;10;0
СамарЭн-ао;60;20170324;140000;0.334;0.339;0.334;0.339;26;0
СамарЭн-ао;60;20170324;150000;0.34;0.34;0.34;0.34;23;0
СамарЭн-ао;60;20170324;160000;0.345;0.348;0.345;0.346;17;0
СамарЭн-ао;60;20170324;170000;0.346;0.346;0.346;0.346;5;0
СамарЭн-ао;60;20170327;110000;0.338;0.338;0.338;0.338;1;0
СамарЭн-ао;60;20170327;120000;0.344;0.344;0.344;0.344;20;0
СамарЭн-ао;60;20170327;140000;0.343;0.361;0.343;0.36;48;0
СамарЭн-ао;60;20170327;150000;0.364;0.365;0.364;0.365;13;0
СамарЭн-ао;60;20170327;160000;0.351;0.351;0.351;0.351;1;0
СамарЭн-ао;60;20170328;090000;0.316;0.316;0.316;0.316;6;0
СамарЭн-ао;60;20170328;100000;0.288;0.288;0.275;0.279;2877;0
СамарЭн-ао;60;20170328;110000;0.278;0.28;0.278;0.279;43;0
СамарЭн-ао;60;20170328;120000;0.278;0.279;0.278;0.279;373;0
СамарЭн-ао;60;20170328;130000;0.279;0.279;0.278;0.278;49;0
СамарЭн-ао;60;20170328;140000;0.278;0.278;0.276;0.276;250;0
СамарЭн-ао;60;20170328;150000;0.278;0.278;0.275;0.277;625;0
СамарЭн-ао;60;20170328;160000;0.276;0.278;0.275;0.278;11;0
СамарЭн-ао;60;20170328;170000;0.278;0.278;0.275;0.277;158;0
СамарЭн-ао;60;20170328;180000;0.277;0.277;0.276;0.276;268;0
СамарЭн-ао;60;20170329;100000;0.276;0.277;0.275;0.275;84;0
СамарЭн-ао;60;20170329;110000;0.276;0.276;0.276;0.276;5;0
СамарЭн-ао;60;20170329;120000;0.275;0.276;0.274;0.275;1177;0
СамарЭн-ао;60;20170329;130000;0.276;0.277;0.276;0.276;31;0
СамарЭн-ао;60;20170329;140000;0.277;0.279;0.277;0.278;348;0
СамарЭн-ао;60;20170329;160000;0.278;0.278;0.278;0.278;9;0
СамарЭн-ао;60;20170329;170000;0.278;0.278;0.278;0.278;1;0
СамарЭн-ао;60;20170330;100000;0.28;0.282;0.276;0.278;141;0
СамарЭн-ао;60;20170330;120000;0.278;0.28;0.278;0.28;4;0
СамарЭн-ао;60;20170330;130000;0.278;0.278;0.278;0.278;102;0
СамарЭн-ао;60;20170330;140000;0.279;0.279;0.279;0.279;252;0
СамарЭн-ао;60;20170330;150000;0.278;0.279;0.278;0.279;1454;0
СамарЭн-ао;60;20170330;160000;0.279;0.28;0.279;0.28;1007;0
СамарЭн-ао;60;20170330;170000;0.28;0.28;0.278;0.279;13;0
СамарЭн-ао;60;20170331;110000;0.279;0.279;0.279;0.279;1;0
СамарЭн-ао;60;20170331;170000;0.278;0.278;0.278;0.278;64;0
СамарЭн-ао;60;20170403;100000;0.279;0.279;0.278;0.278;62;0
СамарЭн-ао;60;20170403;150000;0.279;0.279;0.279;0.279;7;0
СамарЭн-ао;60;20170403;160000;0.279;0.279;0.279;0.279;2;0
СамарЭн-ао;60;20170403;170000;0.279;0.279;0.279;0.279;10;0
СамарЭн-ао;60;20170403;180000;0.279;0.279;0.278;0.279;1100;0
СамарЭн-ао;60;20170404;090000;0.279;0.279;0.279;0.279;10;0
СамарЭн-ао;60;20170404;100000;0.279;0.28;0.279;0.28;3746;0
СамарЭн-ао;60;20170404;110000;0.28;0.28;0.28;0.28;6;0
СамарЭн-ао;60;20170404;120000;0.278;0.279;0.278;0.279;3;0
СамарЭн-ао;60;20170404;130000;0.279;0.281;0.279;0.281;8;0
СамарЭн-ао;60;20170404;140000;0.281;0.281;0.281;0.281;100;0
СамарЭн-ао;60;20170404;160000;0.279;0.279;0.279;0.279;5;0
СамарЭн-ао;60;20170405;120000;0.28;0.28;0.28;0.28;50;0
СамарЭн-ао;60;20170405;160000;0.28;0.28;0.28;0.28;4;0
СамарЭн-ао;60;20170405;180000;0.28;0.28;0.28;0.28;1;0
СамарЭн-ао;60;20170406;110000;0.281;0.281;0.281;0.281;58;0
СамарЭн-ао;60;20170406;160000;0.28;0.28;0.28;0.28;5;0
СамарЭн-ао;60;20170407;110000;0.28;0.28;0.28;0.28;2;0
СамарЭн-ао;60;20170407;120000;0.28;0.281;0.28;0.281;12;0
СамарЭн-ао;60;20170407;130000;0.28;0.28;0.28;0.28;1;0
СамарЭн-ао;60;20170407;140000;0.28;0.28;0.28;0.28;2;0
СамарЭн-ао;60;20170407;160000;0.28;0.28;0.28;0.28;1;0
СамарЭн-ао;60;20170407;180000;0.281;0.281;0.281;0.281;70;0
СамарЭн-ао;60;20170410;100000;0.28;0.281;0.28;0.28;24;0
СамарЭн-ао;60;20170410;120000;0.281;0.281;0.281;0.281;4;0
СамарЭн-ао;60;20170410;140000;0.281;0.281;0.28;0.28;5;0
СамарЭн-ао;60;20170410;180000;0.28;0.28;0.28;0.28;1;0
СамарЭн-ао;60;20170411;100000;0.281;0.281;0.281;0.281;1;0
СамарЭн-ао;60;20170411;110000;0.281;0.281;0.281;0.281;4;0
СамарЭн-ао;60;20170411;130000;0.281;0.281;0.281;0.281;1;0
СамарЭн-ао;60;20170411;170000;0.282;0.282;0.282;0.282;18;0
СамарЭн-ао;60;20170412;100000;0.282;0.282;0.282;0.282;5;0
СамарЭн-ао;60;20170412;110000;0.282;0.282;0.282;0.282;7;0
СамарЭн-ао;60;20170412;120000;0.282;0.282;0.281;0.281;17;0
СамарЭн-ао;60;20170412;150000;0.281;0.281;0.281;0.281;1;0
СамарЭн-ао;60;20170412;160000;0.281;0.282;0.281;0.281;2168;0
СамарЭн-ао;60;20170413;100000;0.281;0.281;0.281;0.281;1;0
СамарЭн-ао;60;20170413;110000;0.281;0.281;0.281;0.281;23;0
СамарЭн-ао;60;20170413;120000;0.281;0.281;0.281;0.281;10;0
СамарЭн-ао;60;20170413;130000;0.281;0.281;0.281;0.281;13;0
СамарЭн-ао;60;20170413;140000;0.281;0.281;0.281;0.281;13;0
СамарЭн-ао;60;20170413;160000;0.281;0.281;0.281;0.281;52;0
СамарЭн-ао;60;20170413;180000;0.282;0.282;0.282;0.282;10;0
СамарЭн-ао;60;20170414;140000;0.281;0.281;0.28;0.28;25;0
СамарЭн-ао;60;20170414;150000;0.281;0.281;0.281;0.281;47;0
СамарЭн-ао;60;20170414;160000;0.28;0.28;0.28;0.28;5;0
СамарЭн-ао;60;20170414;170000;0.28;0.281;0.28;0.281;36;0
СамарЭн-ао;60;20170414;180000;0.281;0.281;0.281;0.281;4;0
СамарЭн-ао;60;20170417;100000;0.281;0.281;0.281;0.281;16;0
СамарЭн-ао;60;20170417;110000;0.281;0.281;0.281;0.281;5;0
СамарЭн-ао;60;20170418;120000;0.281;0.281;0.281;0.281;100;0
СамарЭн-ао;60;20170418;160000;0.281;0.281;0.281;0.281;24;0
СамарЭн-ао;60;20170418;170000;0.281;0.281;0.281;0.281;20;0
СамарЭн-ао;60;20170419;110000;0.281;0.281;0.281;0.281;1;0
СамарЭн-ао;60;20170419;150000;0.282;0.282;0.282;0.282;4;0
СамарЭн-ао;60;20170419;170000;0.281;0.281;0.281;0.281;3;0
СамарЭн-ао;60;20170420;100000;0.281;0.282;0.281;0.282;11;0
СамарЭн-ао;60;20170420;110000;0.282;0.282;0.282;0.282;1;0
СамарЭн-ао;60;20170420;130000;0.282;0.282;0.282;0.282;40;0
СамарЭн-ао;60;20170420;140000;0.283;0.283;0.283;0.283;25;0
СамарЭн-ао;60;20170420;150000;0.282;0.282;0.282;0.282;5;0
СамарЭн-ао;60;20170420;180000;0.282;0.282;0.282;0.282;20;0
СамарЭн-ао;60;20170421;100000;0.282;0.283;0.282;0.283;30;0
СамарЭн-ао;60;20170421;120000;0.283;0.283;0.283;0.283;10;0
СамарЭн-ао;60;20170424;100000;0.283;0.283;0.283;0.283;165;0
СамарЭн-ао;60;20170424;110000;0.283;0.283;0.283;0.283;17;0
СамарЭн-ао;60;20170424;120000;0.283;0.283;0.283;0.283;25;0
СамарЭн-ао;60;20170425;100000;0.283;0.283;0.283;0.283;32;0
СамарЭн-ао;60;20170426;110000;0.283;0.283;0.283;0.283;10;0
СамарЭн-ао;60;20170426;160000;0.284;0.284;0.284;0.284;1;0
СамарЭн-ао;60;20170427;100000;0.284;0.284;0.283;0.283;474;0
СамарЭн-ао;60;20170427;140000;0.284;0.284;0.284;0.284;1;0
СамарЭн-ао;60;20170427;160000;0.284;0.284;0.284;0.284;12;0
СамарЭн-ао;60;20170428;110000;0.283;0.283;0.283;0.283;36;0
СамарЭн-ао;60;20170428;120000;0.283;0.283;0.283;0.283;17;0
СамарЭн-ао;60;20170428;150000;0.284;0.284;0.283;0.283;4;0
СамарЭн-ао;60;20170428;170000;0.283;0.283;0.283;0.283;4;0
СамарЭн-ао;60;20170502;100000;0.284;0.284;0.284;0.284;40;0
СамарЭн-ао;60;20170502;110000;0.283;0.283;0.283;0.283;28;0
СамарЭн-ао;60;20170502;120000;0.283;0.283;0.283;0.283;50;0
СамарЭн-ао;60;20170502;170000;0.284;0.284;0.284;0.284;100;0
СамарЭн-ао;60;20170503;150000;0.281;0.281;0.28;0.28;20;0
СамарЭн-ао;60;20170504;110000;0.28;0.28;0.28;0.28;13;0
СамарЭн-ао;60;20170504;160000;0.284;0.284;0.284;0.284;1;0
СамарЭн-ао;60;20170504;170000;0.285;0.285;0.285;0.285;19;0
СамарЭн-ао;60;20170505;170000;0.283;0.283;0.283;0.283;7;0
СамарЭн-ао;60;20170510;130000;0.281;0.281;0.281;0.281;5;0
СамарЭн-ао;60;20170510;150000;0.281;0.281;0.281;0.281;35;0
СамарЭн-ао;60;20170511;150000;0.283;0.283;0.283;0.283;34;0
СамарЭн-ао;60;20170511;160000;0.283;0.283;0.283;0.283;49;0
СамарЭн-ао;60;20170511;170000;0.283;0.283;0.283;0.283;3;0
СамарЭн-ао;60;20170511;180000;0.283;0.283;0.283;0.283;3;0
СамарЭн-ао;60;20170512;100000;0.285;0.285;0.285;0.285;3;0
СамарЭн-ао;60;20170512;110000;0.284;0.284;0.284;0.284;40;0
СамарЭн-ао;60;20170512;160000;0.284;0.284;0.284;0.284;170;0
СамарЭн-ао;60;20170515;110000;0.284;0.284;0.284;0.284;2;0
СамарЭн-ао;60;20170515;130000;0.285;0.285;0.285;0.285;3;0
СамарЭн-ао;60;20170515;140000;0.285;0.285;0.285;0.285;7;0
СамарЭн-ао;60;20170515;150000;0.285;0.285;0.285;0.285;5;0
СамарЭн-ао;60;20170515;160000;0.284;0.284;0.284;0.284;6;0
СамарЭн-ао;60;20170516;100000;0.283;0.283;0.283;0.283;36;0
СамарЭн-ао;60;20170516;110000;0.283;0.283;0.283;0.283;12;0
СамарЭн-ао;60;20170516;130000;0.283;0.283;0.283;0.283;9;0
СамарЭн-ао;60;20170516;140000;0.284;0.284;0.284;0.284;5;0
СамарЭн-ао;60;20170516;150000;0.283;0.284;0.283;0.284;130;0
СамарЭн-ао;60;20170517;100000;0.284;0.284;0.284;0.284;47;0
СамарЭн-ао;60;20170518;130000;0.285;0.285;0.285;0.285;3071;0
СамарЭн-ао;60;20170518;150000;0.284;0.284;0.284;0.284;3;0
СамарЭн-ао;60;20170518;160000;0.283;0.284;0.283;0.284;2;0
СамарЭн-ао;60;20170518;170000;0.284;0.284;0.284;0.284;140;0
СамарЭн-ао;60;20170519;150000;0.285;0.285;0.285;0.285;4;0
СамарЭн-ао;60;20170522;120000;0.284;0.284;0.284;0.284;100;0
СамарЭн-ао;60;20170525;100000;0.285;0.285;0.285;0.285;1;0
СамарЭн-ао;60;20170525;120000;0.285;0.285;0.285;0.285;11;0
СамарЭн-ао;60;20170525;160000;0.285;0.285;0.285;0.285;9;0
СамарЭн-ао;60;20170526;100000;0.284;0.285;0.284;0.285;22;0
СамарЭн-ао;60;20170526;140000;0.285;0.285;0.285;0.285;5;0
СамарЭн-ао;60;20170526;160000;0.286;0.286;0.286;0.286;1;0
СамарЭн-ао;60;20170529;100000;0.286;0.286;0.286;0.286;70;0
СамарЭн-ао;60;20170529;140000;0.286;0.286;0.286;0.286;22;0
СамарЭн-ао;60;20170529;150000;0.287;0.287;0.287;0.287;2;0
СамарЭн-ао;60;20170529;180000;0.286;0.287;0.286;0.287;21;0
СамарЭн-ао;60;20170530;110000;0.285;0.285;0.285;0.285;25;0
СамарЭн-ао;60;20170530;160000;0.267;0.267;0.264;0.264;10;0
СамарЭн-ао;60;20170531;100000;0.238;0.238;0.237;0.237;2;0
СамарЭн-ао;60;20170531;180000;0.263;0.263;0.263;0.263;1;0
СамарЭн-ао;60;20170601;160000;0.238;0.274;0.238;0.274;2;0
СамарЭн-ао;60;20170601;180000;0.263;0.263;0.263;0.263;1;0
СамарЭн-ао;60;20170602;170000;0.263;0.263;0.263;0.263;1;0
СамарЭн-ао;60;20170606;110000;0.283;0.284;0.281;0.284;13;0
СамарЭн-ао;60;20170606;160000;0.284;0.284;0.284;0.284;2;0
СамарЭн-ао;60;20170607;120000;0.236;0.236;0.236;0.236;1;0
СамарЭн-ао;60;20170607;180000;0.264;0.264;0.264;0.264;1;0
СамарЭн-ао;60;20170615;100000;0.236;0.254;0.236;0.254;11;0
СамарЭн-ао;60;20170615;130000;0.25;0.25;0.25;0.25;1;0
СамарЭн-ао;60;20170619;180000;0.274;0.274;0.274;0.274;1;0
СамарЭн-ао;60;20170620;120000;0.237;0.237;0.217;0.23;7;0
СамарЭн-ао;60;20170620;130000;0.24;0.245;0.24;0.245;3;0
СамарЭн-ао;60;20170620;160000;0.224;0.224;0.224;0.224;1;0
СамарЭн-ао;60;20170620;170000;0.225;0.225;0.224;0.224;2;0
СамарЭн-ао;60;20170621;170000;0.243;0.244;0.243;0.244;6;0
СамарЭн-ао;60;20170621;180000;0.228;0.228;0.219;0.219;16;0
СамарЭн-ао;60;20170622;100000;0.219;0.219;0.219;0.219;1;0
СамарЭн-ао;60;20170622;140000;0.237;0.237;0.237;0.237;2;0
СамарЭн-ао;60;20170623;160000;0.237;0.237;0.237;0.237;1;0
СамарЭн-ао;60;20170628;130000;0.243;0.243;0.243;0.243;1;0
СамарЭн-ао;60;20170629;110000;0.243;0.243;0.243;0.243;1;0
СамарЭн-ао;60;20170629;180000;0.257;0.257;0.257;0.257;1;0
СамарЭн-ао;60;20170630;130000;0.276;0.276;0.259;0.259;2;0
СамарЭн-ао;60;20170703;110000;0.26;0.26;0.26;0.26;3;0
СамарЭн-ао;60;20170703;180000;0.255;0.255;0.255;0.255;1;0
СамарЭн-ао;60;20170704;120000;0.274;0.274;0.274;0.274;2;0
СамарЭн-ао;60;20170704;130000;0.244;0.244;0.242;0.242;2;0
СамарЭн-ао;60;20170707;100000;0.242;0.242;0.222;0.222;12;0
СамарЭн-ао;60;20170707;110000;0.273;0.273;0.273;0.273;1;0
СамарЭн-ао;60;20170711;140000;0.224;0.224;0.223;0.223;2;0
СамарЭн-ао;60;20170713;100000;0.223;0.223;0.222;0.222;5;0
СамарЭн-ао;60;20170714;130000;0.268;0.268;0.268;0.268;1;0
СамарЭн-ао;60;20170714;150000;0.259;0.259;0.259;0.259;1;0
СамарЭн-ао;60;20170719;180000;0.257;0.257;0.257;0.257;1;0
СамарЭн-ао;60;20170721;140000;0.231;0.231;0.231;0.231;1;0
СамарЭн-ао;60;20170721;150000;0.235;0.235;0.235;0.235;1;0
СамарЭн-ао;60;20170725;160000;0.233;0.234;0.227;0.234;38;0
СамарЭн-ао;60;20170725;180000;0.24;0.24;0.233;0.233;9;0
СамарЭн-ао;60;20170728;100000;0.233;0.233;0.233;0.233;1;0
СамарЭн-ао;60;20170802;180000;0.248;0.248;0.248;0.248;1;0
СамарЭн-ао;60;20170803;180000;0.265;0.265;0.265;0.265;50;0
СамарЭн-ао;60;20170804;170000;0.248;0.248;0.248;0.248;1;0
СамарЭн-ао;60;20170807;150000;0.242;0.242;0.242;0.242;3;0
СамарЭн-ао;60;20170808;180000;0.243;0.243;0.22;0.22;77;0
СамарЭн-ао;60;20170809;100000;0.225;0.23;0.225;0.23;2;0
СамарЭн-ао;60;20170809;110000;0.247;0.247;0.247;0.247;1;0
СамарЭн-ао;60;20170817;100000;0.231;0.231;0.23;0.23;3;0
СамарЭн-ао;60;20170817;110000;0.235;0.235;0.235;0.235;10;0
СамарЭн-ао;60;20170817;180000;0.252;0.252;0.252;0.252;1;0
СамарЭн-ао;60;20170823;100000;0.253;0.254;0.253;0.254;2;0
СамарЭн-ао;60;20170825;160000;0.257;0.258;0.257;0.258;17;0
СамарЭн-ао;60;20170825;170000;0.258;0.258;0.258;0.258;1;0
СамарЭн-ао;60;20170825;180000;0.258;0.258;0.258;0.258;1;0
СамарЭн-ао;60;20170829;130000;0.26;0.265;0.26;0.265;6;0
СамарЭн-ао;60;20170904;130000;0.267;0.267;0.267;0.267;2;0
СамарЭн-ао;60;20170904;180000;0.246;0.246;0.246;0.246;1;0
СамарЭн-ао;60;20170907;130000;0.24;0.24;0.24;0.24;14;0
СамарЭн-ао;60;20170911;110000;0.245;0.26;0.245;0.26;4;0
СамарЭн-ао;60;20170911;180000;0.26;0.265;0.26;0.265;4;0
СамарЭн-ао;60;20170912;110000;0.275;0.275;0.275;0.275;1;0
СамарЭн-ао;60;20170913;130000;0.245;0.245;0.245;0.245;14;0
СамарЭн-ао;60;20170913;150000;0.25;0.25;0.25;0.25;4;0
СамарЭн-ао;60;20170914;170000;0.252;0.256;0.252;0.256;13;0
СамарЭн-ао;60;20170918;100000;0.266;0.266;0.266;0.266;1;0
СамарЭн-ао;60;20170918;110000;0.264;0.264;0.264;0.264;1;0
СамарЭн-ао;60;20170918;120000;0.269;0.275;0.269;0.272;4;0
СамарЭн-ао;60;20170918;140000;0.274;0.275;0.272;0.272;4;0
СамарЭн-ао;60;20170919;120000;0.272;0.272;0.27;0.27;4;0
СамарЭн-ао;60;20170926;110000;0.272;0.275;0.272;0.275;2;0
СамарЭн-ао;60;20170926;140000;0.253;0.253;0.247;0.25;40;0
СамарЭн-ао;60;20170926;150000;0.255;0.258;0.255;0.257;10;0
СамарЭн-ао;60;20170926;160000;0.256;0.257;0.256;0.257;9;0
СамарЭн-ао;60;20170926;180000;0.255;0.258;0.255;0.258;7;0
СамарЭн-ао;60;20170927;180000;0.274;0.274;0.274;0.274;1;0
СамарЭн-ао;60;20170928;170000;0.274;0.278;0.274;0.278;6;0
СамарЭн-ао;60;20170929;130000;0.278;0.278;0.278;0.278;1;0
СамарЭн-ао;60;20170929;150000;0.279;0.28;0.279;0.28;11;0
СамарЭн-ао;60;20171002;130000;0.28;0.29;0.28;0.29;11;0
СамарЭн-ао;60;20171002;140000;0.283;0.284;0.283;0.284;2;0
СамарЭн-ао;60;20171003;120000;0.259;0.283;0.259;0.283;7;0
СамарЭн-ао;60;20171004;160000;0.255;0.255;0.253;0.253;5;0
СамарЭн-ао;60;20171005;120000;0.26;0.26;0.26;0.26;2;0
СамарЭн-ао;60;20171005;130000;0.261;0.261;0.261;0.261;1;0
СамарЭн-ао;60;20171010;180000;0.262;0.262;0.258;0.258;11;0
СамарЭн-ао;60;20171012;180000;0.278;0.278;0.278;0.278;1;0
СамарЭн-ао;60;20171013;180000;0.258;0.26;0.252;0.257;93;0
СамарЭн-ао;60;20171016;120000;0.257;0.257;0.25;0.255;362;0
СамарЭн-ао;60;20171016;130000;0.255;0.258;0.255;0.255;222;0
СамарЭн-ао;60;20171016;140000;0.255;0.255;0.255;0.255;31;0
СамарЭн-ао;60;20171016;170000;0.262;0.262;0.262;0.262;1;0
СамарЭн-ао;60;20171017;180000;0.26;0.26;0.26;0.26;1;0
СамарЭн-ао;60;20171018;180000;0.254;0.254;0.254;0.254;2;0
СамарЭн-ао;60;20171019;110000;0.266;0.269;0.266;0.269;6;0
СамарЭн-ао;60;20171019;120000;0.253;0.255;0.247;0.255;7;0
СамарЭн-ао;60;20171023;120000;0.252;0.255;0.252;0.255;2;0
СамарЭн-ао;60;20171023;140000;0.255;0.255;0.255;0.255;1;0
СамарЭн-ао;60;20171027;160000;0.255;0.255;0.25;0.25;11;0
СамарЭн-ао;60;20171027;170000;0.25;0.255;0.25;0.255;11;0
СамарЭн-ао;60;20171027;180000;0.258;0.258;0.258;0.258;1;0
СамарЭн-ао;60;20171030;160000;0.258;0.265;0.258;0.265;6;0
СамарЭн-ао;60;20171031;150000;0.264;0.264;0.264;0.264;1;0
СамарЭн-ао;60;20171101;120000;0.255;0.255;0.255;0.255;1;0
СамарЭн-ао;60;20171101;140000;0.264;0.264;0.264;0.264;1;0
СамарЭн-ао;60;20171101;180000;0.262;0.264;0.262;0.264;2;0
СамарЭн-ао;60;20171103;170000;0.264;0.265;0.264;0.265;28;0
СамарЭн-ао;60;20171108;150000;0.264;0.264;0.264;0.264;1;0
СамарЭн-ао;60;20171115;110000;0.268;0.268;0.268;0.268;2;0
СамарЭн-ао;60;20171116;100000;0.256;0.256;0.255;0.255;3;0
СамарЭн-ао;60;20171116;150000;0.268;0.268;0.268;0.268;1;0
СамарЭн-ао;60;20171116;170000;0.268;0.268;0.268;0.268;2;0
СамарЭн-ао;60;20171121;150000;0.27;0.27;0.27;0.27;2;0
СамарЭн-ао;60;20171122;120000;0.275;0.275;0.275;0.275;1;0
СамарЭн-ао;60;20171122;130000;0.285;0.285;0.285;0.285;16;0
СамарЭн-ао;60;20171122;150000;0.28;0.287;0.28;0.287;9;0
СамарЭн-ао;60;20171122;170000;0.294;0.301;0.294;0.301;10;0
СамарЭн-ао;60;20171122;180000;0.301;0.301;0.301;0.301;1;0
СамарЭн-ао;60;20171123;130000;0.301;0.31;0.301;0.307;11;0
СамарЭн-ао;60;20171123;150000;0.304;0.304;0.304;0.304;1;0
СамарЭн-ао;60;20171123;170000;0.279;0.279;0.261;0.273;42;0
СамарЭн-ао;60;20171123;180000;0.272;0.279;0.272;0.279;7;0
СамарЭн-ао;60;20171124;120000;0.296;0.296;0.296;0.296;2;0
СамарЭн-ао;60;20171124;170000;0.29;0.29;0.29;0.29;1;0
СамарЭн-ао;60;20171127;100000;0.271;0.285;0.271;0.28;3;0
СамарЭн-ао;60;20171127;120000;0.288;0.288;0.285;0.285;2;0
СамарЭн-ао;60;20171127;130000;0.288;0.288;0.288;0.288;1;0
СамарЭн-ао;60;20171127;150000;0.288;0.29;0.288;0.29;2;0
СамарЭн-ао;60;20171127;170000;0.29;0.29;0.29;0.29;1;0
СамарЭн-ао;60;20171128;100000;0.294;0.296;0.294;0.295;22;0
СамарЭн-ао;60;20171129;110000;0.29;0.29;0.29;0.29;2;0
СамарЭн-ао;60;20171129;120000;0.285;0.285;0.285;0.285;4;0
СамарЭн-ао;60;20171129;160000;0.282;0.282;0.282;0.282;3;0
СамарЭн-ао;60;20171130;160000;0.29;0.29;0.29;0.29;2;0
СамарЭн-ао;60;20171201;150000;0.293;0.293;0.293;0.293;1;0
СамарЭн-ао;60;20171201;180000;0.277;0.28;0.275;0.275;5;0
СамарЭн-ао;60;20171204;120000;0.264;0.275;0.263;0.263;13;0
СамарЭн-ао;60;20171204;140000;0.263;0.263;0.262;0.262;11;0
СамарЭн-ао;60;20171205;120000;0.274;0.274;0.274;0.274;1;0
СамарЭн-ао;60;20171206;170000;0.273;0.273;0.273;0.273;2;0
СамарЭн-ао;60;20171208;100000;0.274;0.274;0.274;0.274;1;0
СамарЭн-ао;60;20171208;130000;0.266;0.266;0.266;0.266;1;0
СамарЭн-ао;60;20171211;130000;0.275;0.275;0.275;0.275;2;0
СамарЭн-ао;60;20171212;110000;0.282;0.282;0.281;0.281;2;0
СамарЭн-ао;60;20171212;120000;0.284;0.284;0.284;0.284;1;0
СамарЭн-ао;60;20171212;130000;0.285;0.285;0.285;0.285;2;0
СамарЭн-ао;60;20171212;140000;0.288;0.288;0.288;0.288;1;0
СамарЭн-ао;60;20171212;150000;0.292;0.292;0.291;0.291;2;0
СамарЭн-ао;60;20171212;170000;0.295;0.296;0.295;0.296;3;0
СамарЭн-ао;60;20171212;180000;0.295;0.295;0.294;0.294;2;0
СамарЭн-ао;60;20171213;100000;0.293;0.293;0.293;0.293;1;0
СамарЭн-ао;60;20171213;110000;0.292;0.292;0.29;0.29;3;0
СамарЭн-ао;60;20171215;140000;0.29;0.29;0.29;0.29;1;0
СамарЭн-ао;60;20171218;100000;0.29;0.29;0.287;0.287;4;0
СамарЭн-ао;60;20171218;120000;0.286;0.286;0.286;0.286;1;0
СамарЭн-ао;60;20171218;140000;0.285;0.285;0.284;0.285;3;0
СамарЭн-ао;60;20171219;120000;0.284;0.284;0.284;0.284;1;0
СамарЭн-ао;60;20171219;170000;0.284;0.284;0.284;0.284;1;0
СамарЭн-ао;60;20171220;150000;0.283;0.283;0.281;0.281;3;0
СамарЭн-ао;60;20171221;110000;0.285;0.285;0.285;0.285;1;0
СамарЭн-ао;60;20171221;130000;0.282;0.282;0.274;0.274;10;0
СамарЭн-ао;60;20171221;150000;0.275;0.275;0.275;0.275;1;0
СамарЭн-ао;60;20171221;160000;0.274;0.274;0.274;0.274;4;0
СамарЭн-ао;60;20171221;170000;0.273;0.273;0.273;0.273;1;0
СамарЭн-ао;60;20171221;180000;0.272;0.272;0.27;0.27;3;0
СамарЭн-ао;60;20171222;120000;0.273;0.273;0.273;0.273;1;0
СамарЭн-ао;60;20171222;140000;0.274;0.274;0.274;0.274;1;0
СамарЭн-ао;60;20171225;140000;0.272;0.272;0.272;0.272;1;0
СамарЭн-ао;60;20171225;150000;0.271;0.271;0.271;0.271;1;0
СамарЭн-ао;60;20171225;170000;0.272;0.272;0.27;0.27;13;0
СамарЭн-ао;60;20171225;180000;0.269;0.269;0.268;0.268;3;0
СамарЭн-ао;60;20171226;100000;0.267;0.267;0.266;0.266;2;0
СамарЭн-ао;60;20171226;150000;0.267;0.269;0.267;0.269;20;0
СамарЭн-ао;60;20171226;160000;0.267;0.27;0.267;0.27;3;0
СамарЭн-ао;60;20171226;170000;0.27;0.27;0.27;0.27;1;0
СамарЭн-ао;60;20171229;100000;0.274;0.274;0.274;0.274;1;0
СамарЭн-ао;60;20171229;130000;0.271;0.274;0.271;0.274;4;0
СамарЭн-ао;60;20171229;160000;0.272;0.275;0.272;0.275;4;0
