<TICKER>;<PER>;<DATE>;<TIME>;<OPEN>;<HIGH>;<LOW>;<CLOSE>;<VOL>;<OPENINT>
СаратЭн-ао;60;20170124;100000;0.1355;0.1375;0.1355;0.1375;35;0
СаратЭн-ао;60;20170124;130000;0.136;0.136;0.136;0.136;1;0
СаратЭн-ао;60;20170124;140000;0.1375;0.1375;0.1375;0.1375;11;0
СаратЭн-ао;60;20170124;150000;0.136;0.136;0.1345;0.135;12;0
СаратЭн-ао;60;20170124;160000;0.136;0.1395;0.136;0.139;31;0
СаратЭн-ао;60;20170124;170000;0.139;0.1395;0.139;0.1395;11;0
СаратЭн-ао;60;20170124;180000;0.1395;0.14;0.1395;0.14;100;0
СаратЭн-ао;60;20170125;100000;0.1395;0.1415;0.1395;0.1415;6;0
СаратЭн-ао;60;20170125;110000;0.14;0.14;0.1385;0.1385;10;0
СаратЭн-ао;60;20170125;140000;0.139;0.139;0.1385;0.1385;6;0
СаратЭн-ао;60;20170125;150000;0.138;0.139;0.137;0.1375;15;0
СаратЭн-ао;60;20170125;160000;0.1385;0.1405;0.1385;0.1405;8;0
СаратЭн-ао;60;20170125;170000;0.1405;0.1405;0.1405;0.1405;1;0
СаратЭн-ао;60;20170125;180000;0.1405;0.1405;0.1405;0.1405;1;0
СаратЭн-ао;60;20170126;100000;0.139;0.1395;0.139;0.139;15;0
СаратЭн-ао;60;20170126;120000;0.139;0.14;0.139;0.14;5;0
СаратЭн-ао;60;20170126;140000;0.1405;0.141;0.1405;0.141;3;0
СаратЭн-ао;60;20170126;150000;0.1395;0.1405;0.1385;0.14;23;0
СаратЭн-ао;60;20170126;160000;0.14;0.14;0.14;0.14;2;0
СаратЭн-ао;60;20170127;130000;0.1355;0.1395;0.133;0.133;18;0
СаратЭн-ао;60;20170127;140000;0.138;0.138;0.137;0.137;4;0
СаратЭн-ао;60;20170127;150000;0.137;0.137;0.137;0.137;1;0
СаратЭн-ао;60;20170127;160000;0.1385;0.1405;0.1385;0.139;17;0
СаратЭн-ао;60;20170130;100000;0.138;0.138;0.136;0.137;131;0
СаратЭн-ао;60;20170130;110000;0.1375;0.139;0.1375;0.139;10;0
СаратЭн-ао;60;20170130;150000;0.1385;0.14;0.1385;0.14;20;0
СаратЭн-ао;60;20170130;160000;0.14;0.14;0.14;0.14;26;0
СаратЭн-ао;60;20170131;130000;0.1385;0.1385;0.1375;0.1375;3;0
СаратЭн-ао;60;20170131;140000;0.139;0.14;0.139;0.14;3;0
СаратЭн-ао;60;20170131;160000;0.1395;0.141;0.1395;0.1405;16;0
СаратЭн-ао;60;20170131;170000;0.1395;0.1395;0.138;0.138;8;0
СаратЭн-ао;60;20170201;100000;0.138;0.138;0.1355;0.1365;25;0
СаратЭн-ао;60;20170201;110000;0.137;0.137;0.137;0.137;1;0
СаратЭн-ао;60;20170201;140000;0.1375;0.1385;0.136;0.1385;9;0
СаратЭн-ао;60;20170201;160000;0.1375;0.1375;0.135;0.135;250;0
СаратЭн-ао;60;20170201;170000;0.1365;0.1365;0.1365;0.1365;3;0
СаратЭн-ао;60;20170201;180000;0.1355;0.1365;0.135;0.1365;89;0
СаратЭн-ао;60;20170202;100000;0.137;0.137;0.137;0.137;1;0
СаратЭн-ао;60;20170202;110000;0.136;0.136;0.136;0.136;2;0
СаратЭн-ао;60;20170202;120000;0.137;0.137;0.137;0.137;4;0
СаратЭн-ао;60;20170202;140000;0.136;0.136;0.136;0.136;6;0
СаратЭн-ао;60;20170202;170000;0.137;0.1395;0.137;0.137;79;0
СаратЭн-ао;60;20170202;180000;0.1365;0.1365;0.136;0.136;2;0
СаратЭн-ао;60;20170203;100000;0.137;0.138;0.1355;0.138;12;0
СаратЭн-ао;60;20170206;100000;0.137;0.14;0.137;0.14;18;0
СаратЭн-ао;60;20170206;110000;0.1385;0.1385;0.138;0.138;2;0
СаратЭн-ао;60;20170206;120000;0.1375;0.1375;0.1375;0.1375;6;0
СаратЭн-ао;60;20170206;130000;0.1375;0.1375;0.1375;0.1375;5;0
СаратЭн-ао;60;20170206;150000;0.137;0.137;0.137;0.137;11;0
СаратЭн-ао;60;20170206;160000;0.138;0.138;0.138;0.138;1;0
СаратЭн-ао;60;20170206;170000;0.139;0.139;0.139;0.139;1;0
СаратЭн-ао;60;20170207;110000;0.1395;0.141;0.1395;0.1405;44;0
СаратЭн-ао;60;20170207;120000;0.1405;0.141;0.138;0.138;13;0
СаратЭн-ао;60;20170207;150000;0.1395;0.1395;0.1395;0.1395;22;0
СаратЭн-ао;60;20170207;170000;0.14;0.1405;0.14;0.1405;2;0
СаратЭн-ао;60;20170207;180000;0.139;0.139;0.139;0.139;11;0
СаратЭн-ао;60;20170208;110000;0.1385;0.1385;0.138;0.138;4;0
СаратЭн-ао;60;20170208;120000;0.1385;0.1385;0.1385;0.1385;2;0
СаратЭн-ао;60;20170208;150000;0.1385;0.1385;0.138;0.138;18;0
СаратЭн-ао;60;20170208;160000;0.138;0.138;0.138;0.138;5;0
СаратЭн-ао;60;20170208;180000;0.138;0.138;0.1375;0.1375;4;0
СаратЭн-ао;60;20170209;100000;0.1385;0.139;0.1375;0.1375;45;0
СаратЭн-ао;60;20170209;140000;0.1375;0.1375;0.1375;0.1375;1;0
СаратЭн-ао;60;20170209;160000;0.139;0.14;0.139;0.14;20;0
СаратЭн-ао;60;20170209;170000;0.1385;0.1385;0.1385;0.1385;1;0
СаратЭн-ао;60;20170210;100000;0.138;0.138;0.138;0.138;4;0
СаратЭн-ао;60;20170210;140000;0.1375;0.1375;0.1375;0.1375;5;0
СаратЭн-ао;60;20170210;160000;0.138;0.138;0.138;0.138;4;0
СаратЭн-ао;60;20170213;110000;0.139;0.139;0.139;0.139;3;0
СаратЭн-ао;60;20170213;120000;0.1385;0.1385;0.1385;0.1385;96;0
СаратЭн-ао;60;20170213;130000;0.139;0.139;0.139;0.139;1;0
СаратЭн-ао;60;20170213;140000;0.1385;0.1385;0.1385;0.1385;1;0
СаратЭн-ао;60;20170213;150000;0.139;0.139;0.139;0.139;2;0
СаратЭн-ао;60;20170213;160000;0.139;0.139;0.139;0.139;28;0
СаратЭн-ао;60;20170213;170000;0.1385;0.1385;0.138;0.138;4;0
СаратЭн-ао;60;20170214;100000;0.145;0.145;0.138;0.141;37;0
СаратЭн-ао;60;20170214;110000;0.14;0.1405;0.14;0.1405;20;0
СаратЭн-ао;60;20170214;130000;0.1395;0.1395;0.139;0.139;3;0
СаратЭн-ао;60;20170214;180000;0.1385;0.1385;0.1375;0.1375;24;0
СаратЭн-ао;60;20170215;100000;0.1375;0.138;0.135;0.1365;31;0
СаратЭн-ао;60;20170215;110000;0.1375;0.138;0.1375;0.138;31;0
СаратЭн-ао;60;20170215;120000;0.1365;0.1365;0.136;0.136;10;0
СаратЭн-ао;60;20170215;130000;0.136;0.1365;0.135;0.1365;21;0
СаратЭн-ао;60;20170215;140000;0.1365;0.1365;0.1365;0.1365;2;0
СаратЭн-ао;60;20170215;150000;0.136;0.136;0.136;0.136;1;0
СаратЭн-ао;60;20170215;160000;0.136;0.136;0.1355;0.1355;23;0
СаратЭн-ао;60;20170215;170000;0.135;0.135;0.1335;0.1335;46;0
СаратЭн-ао;60;20170215;180000;0.135;0.135;0.135;0.135;5;0
СаратЭн-ао;60;20170216;090000;0.1355;0.1355;0.1355;0.1355;1;0
СаратЭн-ао;60;20170216;100000;0.1355;0.1355;0.135;0.1355;14;0
СаратЭн-ао;60;20170216;110000;0.1345;0.1345;0.1345;0.1345;3;0
СаратЭн-ао;60;20170216;120000;0.1345;0.1345;0.134;0.134;23;0
СаратЭн-ао;60;20170217;110000;0.135;0.1355;0.135;0.1355;23;0
СаратЭн-ао;60;20170217;120000;0.135;0.1355;0.134;0.1355;46;0
СаратЭн-ао;60;20170217;130000;0.136;0.136;0.136;0.136;1;0
СаратЭн-ао;60;20170217;140000;0.1345;0.1345;0.134;0.134;7;0
СаратЭн-ао;60;20170217;180000;0.134;0.134;0.134;0.134;5;0
СаратЭн-ао;60;20170220;150000;0.1345;0.1415;0.1345;0.1385;53;0
СаратЭн-ао;60;20170220;160000;0.138;0.138;0.1375;0.1375;2;0
СаратЭн-ао;60;20170221;110000;0.137;0.137;0.137;0.137;1;0
СаратЭн-ао;60;20170221;120000;0.137;0.137;0.137;0.137;1;0
СаратЭн-ао;60;20170221;140000;0.137;0.137;0.1365;0.1365;12;0
СаратЭн-ао;60;20170221;150000;0.137;0.137;0.1365;0.1365;5;0
СаратЭн-ао;60;20170221;170000;0.138;0.138;0.138;0.138;1;0
СаратЭн-ао;60;20170222;120000;0.1385;0.1385;0.1385;0.1385;3;0
СаратЭн-ао;60;20170222;130000;0.1375;0.1385;0.1375;0.1385;6;0
СаратЭн-ао;60;20170222;150000;0.138;0.138;0.138;0.138;2;0
СаратЭн-ао;60;20170222;160000;0.1375;0.1375;0.1375;0.1375;4;0
СаратЭн-ао;60;20170222;170000;0.1375;0.1375;0.1375;0.1375;42;0
СаратЭн-ао;60;20170224;100000;0.137;0.137;0.1365;0.1365;18;0
СаратЭн-ао;60;20170224;110000;0.136;0.136;0.136;0.136;11;0
СаратЭн-ао;60;20170224;150000;0.136;0.1365;0.136;0.1365;29;0
СаратЭн-ао;60;20170224;170000;0.1375;0.1385;0.1375;0.138;13;0
СаратЭн-ао;60;20170227;110000;0.137;0.137;0.137;0.137;3;0
СаратЭн-ао;60;20170227;120000;0.137;0.137;0.136;0.1365;10;0
СаратЭн-ао;60;20170227;150000;0.136;0.136;0.136;0.136;1;0
СаратЭн-ао;60;20170227;160000;0.136;0.136;0.136;0.136;1;0
СаратЭн-ао;60;20170227;170000;0.1355;0.1355;0.1355;0.1355;1;0
СаратЭн-ао;60;20170227;180000;0.1355;0.1355;0.1345;0.135;21;0
СаратЭн-ао;60;20170228;090000;0.136;0.136;0.136;0.136;12;0
СаратЭн-ао;60;20170228;100000;0.1345;0.1345;0.13;0.131;41;0
СаратЭн-ао;60;20170228;110000;0.1305;0.1305;0.1295;0.1295;7;0
СаратЭн-ао;60;20170228;120000;0.1295;0.1295;0.128;0.128;12;0
СаратЭн-ао;60;20170228;130000;0.128;0.1295;0.128;0.1295;10;0
СаратЭн-ао;60;20170228;140000;0.1285;0.1285;0.128;0.128;9;0
СаратЭн-ао;60;20170228;150000;0.128;0.128;0.128;0.128;4;0
СаратЭн-ао;60;20170228;160000;0.129;0.1295;0.1245;0.126;53;0
СаратЭн-ао;60;20170228;170000;0.126;0.136;0.126;0.132;96;0
СаратЭн-ао;60;20170228;180000;0.1315;0.1315;0.123;0.1285;93;0
СаратЭн-ао;60;20170301;100000;0.129;0.1315;0.1275;0.1315;36;0
СаратЭн-ао;60;20170301;130000;0.1305;0.1315;0.1305;0.1315;2;0
СаратЭн-ао;60;20170301;140000;0.1315;0.1315;0.1315;0.1315;2;0
СаратЭн-ао;60;20170301;150000;0.132;0.135;0.132;0.135;12;0
СаратЭн-ао;60;20170301;160000;0.132;0.132;0.1305;0.1305;11;0
СаратЭн-ао;60;20170301;170000;0.1345;0.1345;0.1305;0.1305;2;0
СаратЭн-ао;60;20170301;180000;0.1305;0.1335;0.1305;0.1305;26;0
СаратЭн-ао;60;20170302;100000;0.1305;0.1305;0.1305;0.1305;2;0
СаратЭн-ао;60;20170302;120000;0.1315;0.132;0.1315;0.132;2;0
СаратЭн-ао;60;20170302;130000;0.132;0.132;0.132;0.132;2;0
СаратЭн-ао;60;20170302;140000;0.1325;0.1325;0.13;0.1315;56;0
СаратЭн-ао;60;20170302;160000;0.1315;0.1315;0.13;0.13;20;0
СаратЭн-ао;60;20170302;180000;0.1295;0.134;0.1295;0.134;18;0
СаратЭн-ао;60;20170303;100000;0.133;0.133;0.121;0.1285;89;0
СаратЭн-ао;60;20170303;110000;0.129;0.129;0.1275;0.1275;2;0
СаратЭн-ао;60;20170303;120000;0.129;0.1295;0.129;0.1295;2;0
СаратЭн-ао;60;20170303;130000;0.1275;0.128;0.1275;0.128;5;0
СаратЭн-ао;60;20170303;140000;0.128;0.128;0.128;0.128;2;0
СаратЭн-ао;60;20170303;150000;0.128;0.128;0.128;0.128;7;0
СаратЭн-ао;60;20170303;160000;0.128;0.129;0.128;0.129;7;0
СаратЭн-ао;60;20170303;170000;0.129;0.1335;0.129;0.1335;79;0
СаратЭн-ао;60;20170303;180000;0.132;0.1335;0.132;0.1335;2;0
СаратЭн-ао;60;20170306;130000;0.133;0.133;0.133;0.133;1;0
СаратЭн-ао;60;20170306;180000;0.132;0.132;0.132;0.132;3;0
СаратЭн-ао;60;20170307;120000;0.1315;0.1315;0.1305;0.1305;3;0
СаратЭн-ао;60;20170307;130000;0.13;0.13;0.13;0.13;1;0
СаратЭн-ао;60;20170307;150000;0.1295;0.13;0.1295;0.13;7;0
СаратЭн-ао;60;20170309;100000;0.138;0.138;0.138;0.138;1;0
СаратЭн-ао;60;20170309;110000;0.1305;0.131;0.13;0.131;22;0
СаратЭн-ао;60;20170309;120000;0.1295;0.1295;0.122;0.1295;18;0
СаратЭн-ао;60;20170309;130000;0.13;0.135;0.121;0.1255;124;0
СаратЭн-ао;60;20170309;140000;0.1205;0.121;0.12;0.12;37;0
СаратЭн-ао;60;20170309;160000;0.1235;0.1235;0.1235;0.1235;1;0
СаратЭн-ао;60;20170309;170000;0.121;0.121;0.121;0.121;8;0
СаратЭн-ао;60;20170309;180000;0.121;0.1225;0.1175;0.1225;9;0
СаратЭн-ао;60;20170310;090000;0.1275;0.1275;0.1275;0.1275;2;0
СаратЭн-ао;60;20170310;100000;0.12;0.12;0.12;0.12;17;0
СаратЭн-ао;60;20170310;110000;0.1185;0.1195;0.1185;0.1195;27;0
СаратЭн-ао;60;20170310;120000;0.1195;0.1275;0.1195;0.1245;174;0
СаратЭн-ао;60;20170310;130000;0.124;0.1245;0.1205;0.1205;10;0
СаратЭн-ао;60;20170310;150000;0.1215;0.1215;0.121;0.121;2;0
СаратЭн-ао;60;20170310;160000;0.1205;0.1205;0.1205;0.1205;1;0
СаратЭн-ао;60;20170310;170000;0.1215;0.1245;0.1215;0.1245;29;0
СаратЭн-ао;60;20170310;180000;0.124;0.124;0.124;0.124;5;0
СаратЭн-ао;60;20170313;100000;0.1235;0.1265;0.1235;0.1265;5;0
СаратЭн-ао;60;20170313;110000;0.127;0.1325;0.127;0.1325;23;0
СаратЭн-ао;60;20170313;150000;0.132;0.1345;0.132;0.1325;26;0
СаратЭн-ао;60;20170313;160000;0.1305;0.1305;0.128;0.128;11;0
СаратЭн-ао;60;20170314;100000;0.127;0.1285;0.1245;0.1285;52;0
СаратЭн-ао;60;20170314;110000;0.1265;0.1265;0.1245;0.1245;10;0
СаратЭн-ао;60;20170314;120000;0.131;0.131;0.131;0.131;1;0
СаратЭн-ао;60;20170314;130000;0.1255;0.1305;0.1255;0.1305;2;0
СаратЭн-ао;60;20170314;180000;0.126;0.1265;0.126;0.1265;2;0
СаратЭн-ао;60;20170315;120000;0.1265;0.1265;0.1265;0.1265;2;0
СаратЭн-ао;60;20170315;150000;0.1245;0.1245;0.124;0.124;4;0
СаратЭн-ао;60;20170315;160000;0.1265;0.1265;0.1265;0.1265;1;0
СаратЭн-ао;60;20170316;100000;0.127;0.127;0.127;0.127;5;0
СаратЭн-ао;60;20170316;180000;0.125;0.125;0.125;0.125;1;0
СаратЭн-ао;60;20170317;090000;0.126;0.126;0.126;0.126;20;0
СаратЭн-ао;60;20170317;100000;0.126;0.126;0.126;0.126;7;0
СаратЭн-ао;60;20170317;120000;0.126;0.1305;0.126;0.1285;6;0
СаратЭн-ао;60;20170320;150000;0.1275;0.1275;0.1275;0.1275;10;0
СаратЭн-ао;60;20170320;160000;0.128;0.1325;0.1275;0.1325;15;0
СаратЭн-ао;60;20170320;170000;0.1275;0.1275;0.127;0.127;6;0
СаратЭн-ао;60;20170321;110000;0.1275;0.1275;0.1275;0.1275;1;0
СаратЭн-ао;60;20170321;130000;0.1275;0.135;0.1275;0.135;49;0
СаратЭн-ао;60;20170321;140000;0.1335;0.134;0.1335;0.134;20;0
СаратЭн-ао;60;20170321;160000;0.129;0.13;0.1275;0.13;37;0
СаратЭн-ао;60;20170321;180000;0.1325;0.1325;0.132;0.132;2;0
СаратЭн-ао;60;20170322;090000;0.13;0.13;0.13;0.13;15;0
СаратЭн-ао;60;20170322;100000;0.13;0.13;0.13;0.13;4;0
СаратЭн-ао;60;20170322;110000;0.132;0.1335;0.132;0.1335;40;0
СаратЭн-ао;60;20170322;120000;0.1335;0.139;0.1335;0.139;15;0
СаратЭн-ао;60;20170322;140000;0.135;0.135;0.1295;0.1295;12;0
СаратЭн-ао;60;20170322;150000;0.1345;0.1345;0.1275;0.1275;15;0
СаратЭн-ао;60;20170322;170000;0.1345;0.1345;0.1345;0.1345;1;0
СаратЭн-ао;60;20170322;180000;0.128;0.134;0.1265;0.1335;24;0
СаратЭн-ао;60;20170323;140000;0.1305;0.1305;0.1305;0.1305;1;0
СаратЭн-ао;60;20170323;170000;0.134;0.137;0.134;0.137;60;0
СаратЭн-ао;60;20170323;180000;0.137;0.137;0.137;0.137;4;0
СаратЭн-ао;60;20170324;090000;0.135;0.135;0.135;0.135;5;0
СаратЭн-ао;60;20170324;100000;0.136;0.136;0.1335;0.1335;27;0
СаратЭн-ао;60;20170324;130000;0.1345;0.1425;0.1345;0.1425;250;0
СаратЭн-ао;60;20170324;140000;0.1405;0.1545;0.137;0.1485;310;0
СаратЭн-ао;60;20170324;150000;0.1465;0.1465;0.1395;0.1405;40;0
СаратЭн-ао;60;20170324;160000;0.1405;0.156;0.14;0.143;560;0
СаратЭн-ао;60;20170324;170000;0.146;0.148;0.146;0.146;15;0
СаратЭн-ао;60;20170324;180000;0.145;0.145;0.1395;0.144;37;0
СаратЭн-ао;60;20170327;100000;0.141;0.1425;0.1385;0.1385;24;0
СаратЭн-ао;60;20170327;110000;0.1395;0.141;0.1395;0.14;19;0
СаратЭн-ао;60;20170327;120000;0.1405;0.1405;0.1405;0.1405;1;0
СаратЭн-ао;60;20170327;130000;0.139;0.139;0.139;0.139;1;0
СаратЭн-ао;60;20170327;140000;0.14;0.14;0.1345;0.138;93;0
СаратЭн-ао;60;20170327;150000;0.135;0.141;0.1305;0.141;77;0
СаратЭн-ао;60;20170327;160000;0.1385;0.1405;0.138;0.1395;43;0
СаратЭн-ао;60;20170327;170000;0.1395;0.1425;0.1335;0.14;72;0
СаратЭн-ао;60;20170327;180000;0.1395;0.141;0.1395;0.141;3;0
СаратЭн-ао;60;20170328;100000;0.136;0.142;0.136;0.142;5;0
СаратЭн-ао;60;20170328;110000;0.14;0.1415;0.14;0.1415;12;0
СаратЭн-ао;60;20170328;120000;0.1365;0.14;0.1365;0.14;3;0
СаратЭн-ао;60;20170329;100000;0.139;0.139;0.1385;0.1385;2;0
СаратЭн-ао;60;20170329;110000;0.137;0.137;0.1345;0.1345;5;0
СаратЭн-ао;60;20170329;130000;0.136;0.136;0.1315;0.134;33;0
СаратЭн-ао;60;20170329;140000;0.1345;0.136;0.1345;0.136;2;0
СаратЭн-ао;60;20170329;170000;0.1355;0.137;0.1355;0.137;20;0
СаратЭн-ао;60;20170329;180000;0.1345;0.1365;0.1335;0.1365;11;0
СаратЭн-ао;60;20170330;100000;0.135;0.135;0.13;0.13;94;0
СаратЭн-ао;60;20170330;110000;0.13;0.132;0.1295;0.132;8;0
СаратЭн-ао;60;20170330;120000;0.1325;0.1325;0.1325;0.1325;3;0
СаратЭн-ао;60;20170330;130000;0.1325;0.1335;0.1325;0.1335;30;0
СаратЭн-ао;60;20170330;140000;0.1335;0.1335;0.1315;0.1335;7;0
СаратЭн-ао;60;20170330;150000;0.1315;0.1315;0.1315;0.1315;1;0
СаратЭн-ао;60;20170330;160000;0.1315;0.1335;0.13;0.1335;47;0
СаратЭн-ао;60;20170330;170000;0.133;0.1335;0.13;0.13;45;0
СаратЭн-ао;60;20170330;180000;0.132;0.1345;0.13;0.1345;13;0
СаратЭн-ао;60;20170331;100000;0.132;0.1335;0.132;0.1335;30;0
СаратЭн-ао;60;20170331;110000;0.132;0.132;0.132;0.132;1;0
СаратЭн-ао;60;20170331;120000;0.1315;0.132;0.1295;0.132;53;0
СаратЭн-ао;60;20170331;130000;0.129;0.129;0.129;0.129;1;0
СаратЭн-ао;60;20170331;140000;0.1315;0.1315;0.1315;0.1315;13;0
СаратЭн-ао;60;20170331;150000;0.132;0.132;0.132;0.132;20;0
СаратЭн-ао;60;20170331;160000;0.1325;0.1325;0.1325;0.1325;1;0
СаратЭн-ао;60;20170331;170000;0.1305;0.1325;0.13;0.1325;73;0
СаратЭн-ао;60;20170331;180000;0.132;0.1335;0.13;0.1335;66;0
СаратЭн-ао;60;20170403;090000;0.131;0.131;0.131;0.131;1;0
СаратЭн-ао;60;20170403;100000;0.131;0.131;0.1305;0.1305;4;0
СаратЭн-ао;60;20170403;120000;0.1305;0.132;0.1305;0.132;5;0
СаратЭн-ао;60;20170403;130000;0.1325;0.1325;0.1305;0.132;19;0
СаратЭн-ао;60;20170403;150000;0.1325;0.1345;0.131;0.1345;59;0
СаратЭн-ао;60;20170403;160000;0.133;0.133;0.133;0.133;1;0
СаратЭн-ао;60;20170403;170000;0.134;0.1345;0.1335;0.1335;8;0
СаратЭн-ао;60;20170404;100000;0.134;0.1345;0.134;0.1345;20;0
СаратЭн-ао;60;20170404;110000;0.1345;0.1345;0.1345;0.1345;1;0
СаратЭн-ао;60;20170404;120000;0.135;0.135;0.135;0.135;10;0
СаратЭн-ао;60;20170404;130000;0.134;0.1385;0.134;0.138;8;0
СаратЭн-ао;60;20170404;140000;0.1365;0.1365;0.1365;0.1365;1;0
СаратЭн-ао;60;20170404;170000;0.135;0.135;0.1345;0.1345;2;0
СаратЭн-ао;60;20170404;180000;0.136;0.138;0.136;0.138;10;0
СаратЭн-ао;60;20170405;100000;0.135;0.136;0.133;0.136;26;0
СаратЭн-ао;60;20170405;130000;0.1355;0.1395;0.1355;0.1395;18;0
СаратЭн-ао;60;20170405;150000;0.1365;0.1365;0.1335;0.136;16;0
СаратЭн-ао;60;20170405;170000;0.136;0.1385;0.136;0.1385;10;0
СаратЭн-ао;60;20170405;180000;0.137;0.139;0.137;0.139;3;0
СаратЭн-ао;60;20170406;110000;0.1405;0.142;0.1405;0.142;10;0
СаратЭн-ао;60;20170406;120000;0.1395;0.1395;0.1395;0.1395;1;0
СаратЭн-ао;60;20170406;150000;0.14;0.1405;0.137;0.137;10;0
СаратЭн-ао;60;20170406;160000;0.14;0.14;0.14;0.14;3;0
СаратЭн-ао;60;20170406;170000;0.14;0.14;0.14;0.14;3;0
СаратЭн-ао;60;20170406;180000;0.137;0.1385;0.1365;0.1385;6;0
СаратЭн-ао;60;20170407;100000;0.1365;0.1365;0.1365;0.1365;1;0
СаратЭн-ао;60;20170407;110000;0.135;0.138;0.135;0.138;5;0
СаратЭн-ао;60;20170407;120000;0.138;0.138;0.138;0.138;1;0
СаратЭн-ао;60;20170407;140000;0.135;0.135;0.135;0.135;2;0
СаратЭн-ао;60;20170407;180000;0.135;0.136;0.1315;0.136;24;0
СаратЭн-ао;60;20170410;110000;0.133;0.133;0.11;0.128;55;0
СаратЭн-ао;60;20170410;120000;0.1245;0.13;0.1245;0.13;14;0
СаратЭн-ао;60;20170410;130000;0.1265;0.1265;0.1265;0.1265;5;0
СаратЭн-ао;60;20170410;150000;0.126;0.126;0.126;0.126;5;0
СаратЭн-ао;60;20170410;170000;0.125;0.1265;0.122;0.1265;24;0
СаратЭн-ао;60;20170411;100000;0.125;0.126;0.125;0.126;4;0
СаратЭн-ао;60;20170411;110000;0.1265;0.1265;0.1265;0.1265;1;0
СаратЭн-ао;60;20170411;160000;0.1285;0.1285;0.1285;0.1285;1;0
СаратЭн-ао;60;20170411;170000;0.1265;0.1265;0.1235;0.1265;105;0
СаратЭн-ао;60;20170412;130000;0.1255;0.1255;0.125;0.125;17;0
СаратЭн-ао;60;20170412;140000;0.1245;0.1245;0.1235;0.1235;42;0
СаратЭн-ао;60;20170412;150000;0.126;0.126;0.126;0.126;5;0
СаратЭн-ао;60;20170412;160000;0.1265;0.134;0.1265;0.1325;35;0
СаратЭн-ао;60;20170412;170000;0.1325;0.1325;0.1305;0.1305;21;0
СаратЭн-ао;60;20170412;180000;0.129;0.1325;0.129;0.1325;3;0
СаратЭн-ао;60;20170413;130000;0.124;0.135;0.124;0.135;60;0
СаратЭн-ао;60;20170413;140000;0.1265;0.1265;0.125;0.125;33;0
СаратЭн-ао;60;20170413;160000;0.133;0.133;0.133;0.133;1;0
СаратЭн-ао;60;20170413;180000;0.132;0.132;0.132;0.132;1;0
СаратЭн-ао;60;20170414;120000;0.1255;0.1255;0.1255;0.1255;2;0
СаратЭн-ао;60;20170414;140000;0.1255;0.1315;0.125;0.1315;3;0
СаратЭн-ао;60;20170414;180000;0.131;0.131;0.131;0.131;10;0
СаратЭн-ао;60;20170417;160000;0.131;0.131;0.131;0.131;1;0
СаратЭн-ао;60;20170418;100000;0.13;0.13;0.13;0.13;1;0
СаратЭн-ао;60;20170418;110000;0.127;0.129;0.127;0.129;2;0
СаратЭн-ао;60;20170418;120000;0.128;0.128;0.1265;0.1265;2;0
СаратЭн-ао;60;20170418;160000;0.1265;0.1325;0.126;0.129;17;0
СаратЭн-ао;60;20170418;180000;0.127;0.1285;0.124;0.1285;41;0
СаратЭн-ао;60;20170419;110000;0.125;0.125;0.125;0.125;1;0
СаратЭн-ао;60;20170419;180000;0.128;0.128;0.128;0.128;1;0
СаратЭн-ао;60;20170420;090000;0.1235;0.1235;0.1235;0.1235;30;0
СаратЭн-ао;60;20170420;100000;0.124;0.126;0.1235;0.1235;103;0
СаратЭн-ао;60;20170420;110000;0.125;0.125;0.125;0.125;10;0
СаратЭн-ао;60;20170420;150000;0.124;0.124;0.124;0.124;9;0
СаратЭн-ао;60;20170420;160000;0.124;0.124;0.1235;0.1235;16;0
СаратЭн-ао;60;20170421;100000;0.125;0.125;0.125;0.125;2;0
СаратЭн-ао;60;20170421;110000;0.125;0.125;0.125;0.125;8;0
СаратЭн-ао;60;20170421;130000;0.122;0.122;0.117;0.1205;50;0
СаратЭн-ао;60;20170421;150000;0.123;0.1235;0.123;0.1235;10;0
СаратЭн-ао;60;20170421;180000;0.123;0.123;0.123;0.123;1;0
СаратЭн-ао;60;20170424;110000;0.1215;0.1215;0.118;0.118;8;0
СаратЭн-ао;60;20170424;120000;0.1215;0.1215;0.1215;0.1215;8;0
СаратЭн-ао;60;20170424;130000;0.1225;0.1245;0.1225;0.1245;11;0
СаратЭн-ао;60;20170424;150000;0.1225;0.1225;0.122;0.122;18;0
СаратЭн-ао;60;20170424;160000;0.122;0.122;0.12;0.12;43;0
СаратЭн-ао;60;20170424;180000;0.1225;0.1225;0.121;0.121;9;0
СаратЭн-ао;60;20170425;100000;0.122;0.122;0.117;0.121;81;0
СаратЭн-ао;60;20170425;120000;0.121;0.121;0.121;0.121;10;0
СаратЭн-ао;60;20170425;130000;0.121;0.121;0.121;0.121;18;0
СаратЭн-ао;60;20170425;140000;0.1205;0.1205;0.1205;0.1205;10;0
СаратЭн-ао;60;20170425;180000;0.1215;0.1215;0.1215;0.1215;50;0
СаратЭн-ао;60;20170426;100000;0.121;0.121;0.118;0.1195;88;0
СаратЭн-ао;60;20170426;110000;0.1195;0.1215;0.117;0.1215;69;0
СаратЭн-ао;60;20170426;120000;0.12;0.121;0.12;0.121;15;0
СаратЭн-ао;60;20170426;140000;0.12;0.12;0.12;0.12;1;0
СаратЭн-ао;60;20170426;170000;0.1195;0.12;0.1195;0.1195;52;0
СаратЭн-ао;60;20170426;180000;0.119;0.1215;0.119;0.1215;15;0
СаратЭн-ао;60;20170427;110000;0.1225;0.1225;0.1225;0.1225;1;0
СаратЭн-ао;60;20170427;120000;0.12;0.12;0.12;0.12;5;0
СаратЭн-ао;60;20170427;140000;0.12;0.12;0.12;0.12;2;0
СаратЭн-ао;60;20170427;160000;0.1215;0.1215;0.119;0.119;38;0
СаратЭн-ао;60;20170427;180000;0.1215;0.1215;0.1215;0.1215;1;0
СаратЭн-ао;60;20170428;100000;0.1195;0.1195;0.1175;0.118;12;0
СаратЭн-ао;60;20170428;110000;0.119;0.1195;0.119;0.1195;6;0
СаратЭн-ао;60;20170428;120000;0.118;0.118;0.118;0.118;10;0
СаратЭн-ао;60;20170428;160000;0.1175;0.1175;0.117;0.117;24;0
СаратЭн-ао;60;20170428;180000;0.1175;0.119;0.115;0.1185;166;0
СаратЭн-ао;60;20170502;100000;0.117;0.117;0.117;0.117;1;0
СаратЭн-ао;60;20170502;110000;0.1155;0.1175;0.1155;0.1175;5;0
СаратЭн-ао;60;20170502;120000;0.117;0.117;0.117;0.117;1;0
СаратЭн-ао;60;20170502;130000;0.1155;0.1155;0.1145;0.1145;30;0
СаратЭн-ао;60;20170502;150000;0.1145;0.1145;0.1115;0.114;81;0
СаратЭн-ао;60;20170502;160000;0.1145;0.1145;0.1145;0.1145;2;0
СаратЭн-ао;60;20170502;170000;0.1145;0.1145;0.1145;0.1145;1;0
СаратЭн-ао;60;20170502;180000;0.115;0.115;0.115;0.115;2;0
СаратЭн-ао;60;20170503;090000;0.1195;0.1195;0.1195;0.1195;1;0
СаратЭн-ао;60;20170503;160000;0.1155;0.1155;0.115;0.115;15;0
СаратЭн-ао;60;20170503;180000;0.115;0.115;0.115;0.115;1;0
СаратЭн-ао;60;20170504;090000;0.1195;0.1195;0.1195;0.1195;1;0
СаратЭн-ао;60;20170504;170000;0.1115;0.1115;0.107;0.1095;58;0
СаратЭн-ао;60;20170504;180000;0.109;0.111;0.109;0.111;7;0
СаратЭн-ао;60;20170505;090000;0.113;0.113;0.113;0.113;1;0
СаратЭн-ао;60;20170505;100000;0.109;0.109;0.107;0.107;4;0
СаратЭн-ао;60;20170505;110000;0.109;0.111;0.1085;0.111;11;0
СаратЭн-ао;60;20170505;140000;0.1075;0.111;0.107;0.111;10;0
СаратЭн-ао;60;20170505;150000;0.108;0.111;0.108;0.111;17;0
СаратЭн-ао;60;20170505;160000;0.1085;0.1085;0.1085;0.1085;2;0
СаратЭн-ао;60;20170505;170000;0.107;0.111;0.1055;0.111;24;0
СаратЭн-ао;60;20170505;180000;0.1055;0.1095;0.1055;0.1095;5;0
СаратЭн-ао;60;20170510;100000;0.108;0.108;0.108;0.108;10;0
СаратЭн-ао;60;20170510;110000;0.1065;0.1065;0.105;0.105;45;0
СаратЭн-ао;60;20170510;120000;0.107;0.1075;0.107;0.1075;3;0
СаратЭн-ао;60;20170510;140000;0.106;0.106;0.106;0.106;10;0
СаратЭн-ао;60;20170510;150000;0.105;0.106;0.103;0.106;15;0
СаратЭн-ао;60;20170510;180000;0.106;0.11;0.106;0.11;20;0
СаратЭн-ао;60;20170511;140000;0.109;0.1095;0.109;0.1095;4;0
СаратЭн-ао;60;20170512;100000;0.1125;0.1125;0.1095;0.1095;2;0
СаратЭн-ао;60;20170512;110000;0.1065;0.1115;0.1045;0.1085;33;0
СаратЭн-ао;60;20170512;150000;0.106;0.1075;0.1025;0.1075;8;0
СаратЭн-ао;60;20170512;170000;0.108;0.108;0.108;0.108;1;0
СаратЭн-ао;60;20170512;180000;0.1055;0.1085;0.1055;0.1085;4;0
СаратЭн-ао;60;20170515;100000;0.112;0.112;0.106;0.106;5;0
СаратЭн-ао;60;20170515;110000;0.107;0.1075;0.106;0.1075;22;0
СаратЭн-ао;60;20170515;120000;0.1095;0.1095;0.1095;0.1095;1;0
СаратЭн-ао;60;20170515;130000;0.1095;0.1095;0.106;0.106;11;0
СаратЭн-ао;60;20170515;140000;0.1055;0.1055;0.1055;0.1055;3;0
СаратЭн-ао;60;20170515;150000;0.105;0.1055;0.105;0.1055;15;0
СаратЭн-ао;60;20170515;160000;0.107;0.107;0.107;0.107;1;0
СаратЭн-ао;60;20170515;170000;0.1035;0.1035;0.1015;0.103;79;0
СаратЭн-ао;60;20170515;180000;0.1025;0.1065;0.1025;0.1055;44;0
СаратЭн-ао;60;20170516;090000;0.112;0.112;0.112;0.112;1;0
СаратЭн-ао;60;20170516;100000;0.102;0.104;0.102;0.104;21;0
СаратЭн-ао;60;20170516;110000;0.1035;0.1035;0.1035;0.1035;1;0
СаратЭн-ао;60;20170516;140000;0.102;0.1035;0.1015;0.102;24;0
СаратЭн-ао;60;20170516;150000;0.102;0.1045;0.102;0.1045;3;0
СаратЭн-ао;60;20170516;160000;0.1025;0.105;0.101;0.105;25;0
СаратЭн-ао;60;20170516;170000;0.1025;0.1035;0.1015;0.1025;20;0
СаратЭн-ао;60;20170516;180000;0.102;0.105;0.1015;0.1025;29;0
СаратЭн-ао;60;20170517;130000;0.101;0.1015;0.0995;0.0995;270;0
СаратЭн-ао;60;20170517;140000;0.1015;0.108;0.1015;0.108;112;0
СаратЭн-ао;60;20170517;150000;0.108;0.1125;0.108;0.1125;58;0
СаратЭн-ао;60;20170517;160000;0.113;0.115;0.113;0.115;14;0
СаратЭн-ао;60;20170517;170000;0.112;0.112;0.111;0.111;2;0
СаратЭн-ао;60;20170517;180000;0.1105;0.1105;0.1065;0.1065;15;0
СаратЭн-ао;60;20170518;120000;0.108;0.112;0.108;0.112;6;0
СаратЭн-ао;60;20170518;150000;0.1125;0.1125;0.1125;0.1125;6;0
СаратЭн-ао;60;20170518;160000;0.112;0.112;0.112;0.112;1;0
СаратЭн-ао;60;20170518;180000;0.112;0.112;0.112;0.112;4;0
СаратЭн-ао;60;20170519;110000;0.11;0.116;0.11;0.116;31;0
СаратЭн-ао;60;20170522;170000;0.114;0.114;0.11;0.11;17;0
СаратЭн-ао;60;20170523;100000;0.115;0.115;0.115;0.115;1;0
СаратЭн-ао;60;20170523;130000;0.1135;0.1135;0.1135;0.1135;1;0
СаратЭн-ао;60;20170523;140000;0.112;0.112;0.112;0.112;1;0
СаратЭн-ао;60;20170523;150000;0.11;0.11;0.11;0.11;1;0
СаратЭн-ао;60;20170523;170000;0.1115;0.112;0.1115;0.1115;15;0
СаратЭн-ао;60;20170524;110000;0.11;0.11;0.11;0.11;1;0
СаратЭн-ао;60;20170524;150000;0.113;0.1135;0.112;0.112;8;0
СаратЭн-ао;60;20170524;160000;0.1115;0.1115;0.1115;0.1115;6;0
СаратЭн-ао;60;20170525;100000;0.1105;0.114;0.1105;0.114;4;0
СаратЭн-ао;60;20170525;110000;0.114;0.114;0.114;0.114;1;0
СаратЭн-ао;60;20170525;120000;0.1105;0.114;0.1105;0.114;9;0
СаратЭн-ао;60;20170525;130000;0.1105;0.1105;0.11;0.11;5;0
СаратЭн-ао;60;20170525;150000;0.1095;0.11;0.1095;0.11;8;0
СаратЭн-ао;60;20170526;100000;0.112;0.112;0.11;0.11;5;0
СаратЭн-ао;60;20170526;110000;0.1125;0.116;0.1125;0.116;18;0
СаратЭн-ао;60;20170526;130000;0.1125;0.1125;0.1105;0.1105;15;0
СаратЭн-ао;60;20170529;090000;0.114;0.114;0.114;0.114;1;0
СаратЭн-ао;60;20170529;100000;0.1135;0.1135;0.111;0.112;9;0
СаратЭн-ао;60;20170529;120000;0.1125;0.113;0.1125;0.113;2;0
СаратЭн-ао;60;20170529;130000;0.1125;0.1125;0.1125;0.1125;1;0
СаратЭн-ао;60;20170530;100000;0.1125;0.1125;0.111;0.111;7;0
СаратЭн-ао;60;20170530;110000;0.1105;0.1105;0.11;0.11;6;0
СаратЭн-ао;60;20170530;120000;0.11;0.111;0.11;0.111;18;0
СаратЭн-ао;60;20170530;130000;0.111;0.111;0.1105;0.1105;6;0
СаратЭн-ао;60;20170531;100000;0.1105;0.1105;0.1105;0.1105;1;0
СаратЭн-ао;60;20170531;110000;0.1105;0.1105;0.11;0.11;27;0
СаратЭн-ао;60;20170531;130000;0.1095;0.1095;0.1095;0.1095;2;0
СаратЭн-ао;60;20170531;150000;0.109;0.109;0.1;0.107;51;0
СаратЭн-ао;60;20170531;160000;0.1065;0.107;0.1065;0.107;3;0
СаратЭн-ао;60;20170531;180000;0.106;0.106;0.1045;0.1045;5;0
СаратЭн-ао;60;20170601;100000;0.1045;0.1095;0.1045;0.1095;15;0
СаратЭн-ао;60;20170601;110000;0.1085;0.1095;0.1085;0.1095;2;0
СаратЭн-ао;60;20170601;130000;0.1085;0.1085;0.0905;0.1055;59;0
СаратЭн-ао;60;20170601;140000;0.1055;0.1065;0.104;0.1045;102;0
СаратЭн-ао;60;20170601;150000;0.1045;0.1045;0.1045;0.1045;2;0
СаратЭн-ао;60;20170601;170000;0.1035;0.1035;0.1035;0.1035;1;0
СаратЭн-ао;60;20170601;180000;0.105;0.105;0.105;0.105;2;0
СаратЭн-ао;60;20170602;100000;0.1025;0.1025;0.1025;0.1025;1;0
СаратЭн-ао;60;20170602;110000;0.1085;0.1085;0.1085;0.1085;1;0
СаратЭн-ао;60;20170602;140000;0.106;0.106;0.106;0.106;9;0
СаратЭн-ао;60;20170605;110000;0.1065;0.1065;0.1065;0.1065;1;0
СаратЭн-ао;60;20170605;140000;0.1065;0.1065;0.106;0.106;4;0
СаратЭн-ао;60;20170605;150000;0.1055;0.1055;0.1055;0.1055;1;0
СаратЭн-ао;60;20170605;170000;0.1055;0.1055;0.1045;0.1045;9;0
СаратЭн-ао;60;20170605;180000;0.104;0.1055;0.1005;0.1055;47;0
СаратЭн-ао;60;20170606;100000;0.1065;0.1065;0.1065;0.1065;1;0
СаратЭн-ао;60;20170606;120000;0.106;0.1065;0.104;0.104;16;0
СаратЭн-ао;60;20170606;180000;0.105;0.105;0.105;0.105;1;0
СаратЭн-ао;60;20170607;100000;0.1055;0.1055;0.104;0.1055;18;0
СаратЭн-ао;60;20170607;110000;0.1055;0.1055;0.1055;0.1055;10;0
СаратЭн-ао;60;20170607;120000;0.1045;0.1045;0.1045;0.1045;1;0
СаратЭн-ао;60;20170607;130000;0.1045;0.1045;0.0945;0.1025;61;0
СаратЭн-ао;60;20170607;140000;0.1025;0.1035;0.1025;0.1035;4;0
СаратЭн-ао;60;20170607;180000;0.104;0.104;0.104;0.104;1;0
СаратЭн-ао;60;20170608;100000;0.1085;0.1085;0.1085;0.1085;1;0
СаратЭн-ао;60;20170608;120000;0.1035;0.1035;0.103;0.103;6;0
СаратЭн-ао;60;20170608;130000;0.1035;0.1035;0.103;0.103;2;0
СаратЭн-ао;60;20170608;180000;0.1025;0.103;0.1025;0.103;3;0
СаратЭн-ао;60;20170609;120000;0.1035;0.104;0.1035;0.104;6;0
СаратЭн-ао;60;20170609;160000;0.1085;0.1085;0.1085;0.1085;1;0
СаратЭн-ао;60;20170609;180000;0.1025;0.1065;0.102;0.1065;5;0
СаратЭн-ао;60;20170613;110000;0.1035;0.1035;0.1035;0.1035;1;0
СаратЭн-ао;60;20170613;160000;0.1025;0.103;0.102;0.103;6;0
СаратЭн-ао;60;20170613;170000;0.102;0.102;0.102;0.102;3;0
СаратЭн-ао;60;20170613;180000;0.103;0.103;0.103;0.103;1;0
СаратЭн-ао;60;20170614;100000;0.1025;0.1025;0.1015;0.1015;11;0
СаратЭн-ао;60;20170614;160000;0.102;0.102;0.102;0.102;1;0
СаратЭн-ао;60;20170615;100000;0.1005;0.1005;0.09;0.0975;26;0
СаратЭн-ао;60;20170615;110000;0.096;0.1;0.096;0.1;5;0
СаратЭн-ао;60;20170615;120000;0.0955;0.0955;0.09;0.09;40;0
СаратЭн-ао;60;20170615;130000;0.095;0.095;0.095;0.095;1;0
СаратЭн-ао;60;20170615;150000;0.094;0.094;0.091;0.091;13;0
СаратЭн-ао;60;20170615;160000;0.093;0.093;0.092;0.093;6;0
СаратЭн-ао;60;20170615;170000;0.0935;0.094;0.092;0.0935;11;0
СаратЭн-ао;60;20170616;100000;0.091;0.091;0.0905;0.0905;4;0
СаратЭн-ао;60;20170616;110000;0.0935;0.0945;0.0935;0.0945;24;0
СаратЭн-ао;60;20170616;120000;0.0945;0.0945;0.091;0.093;29;0
СаратЭн-ао;60;20170616;140000;0.092;0.092;0.09;0.09;65;0
СаратЭн-ао;60;20170616;150000;0.09;0.09;0.089;0.09;16;0
СаратЭн-ао;60;20170616;170000;0.09;0.09;0.09;0.09;11;0
СаратЭн-ао;60;20170616;180000;0.09;0.0905;0.089;0.09;40;0
СаратЭн-ао;60;20170619;130000;0.089;0.089;0.0885;0.089;8;0
СаратЭн-ао;60;20170619;140000;0.0885;0.0885;0.0885;0.0885;8;0
СаратЭн-ао;60;20170619;160000;0.0885;0.0885;0.082;0.0855;47;0
СаратЭн-ао;60;20170619;170000;0.086;0.0865;0.084;0.085;367;0
СаратЭн-ао;60;20170619;180000;0.0855;0.0855;0.084;0.0855;42;0
СаратЭн-ао;60;20170620;100000;0.087;0.087;0.083;0.083;6;0
СаратЭн-ао;60;20170620;110000;0.086;0.0865;0.086;0.0865;27;0
СаратЭн-ао;60;20170620;120000;0.0865;0.0865;0.086;0.086;13;0
СаратЭн-ао;60;20170620;130000;0.086;0.0875;0.086;0.086;15;0
СаратЭн-ао;60;20170620;140000;0.0855;0.0855;0.0845;0.0845;11;0
СаратЭн-ао;60;20170620;160000;0.0855;0.0855;0.084;0.084;10;0
СаратЭн-ао;60;20170620;170000;0.0845;0.085;0.0845;0.0845;13;0
СаратЭн-ао;60;20170620;180000;0.084;0.0855;0.084;0.0855;7;0
СаратЭн-ао;60;20170621;100000;0.085;0.0855;0.08;0.084;47;0
СаратЭн-ао;60;20170621;110000;0.0825;0.083;0.081;0.083;21;0
СаратЭн-ао;60;20170621;120000;0.083;0.083;0.083;0.083;1;0
СаратЭн-ао;60;20170621;150000;0.0825;0.083;0.082;0.083;16;0
СаратЭн-ао;60;20170621;160000;0.083;0.084;0.083;0.084;7;0
СаратЭн-ао;60;20170621;180000;0.0825;0.0835;0.082;0.0835;11;0
СаратЭн-ао;60;20170622;130000;0.0845;0.1045;0.0845;0.0915;176;0
СаратЭн-ао;60;20170622;140000;0.0915;0.0955;0.0915;0.0955;5;0
СаратЭн-ао;60;20170622;150000;0.0915;0.0915;0.0865;0.09;28;0
СаратЭн-ао;60;20170622;180000;0.087;0.0895;0.087;0.0895;5;0
СаратЭн-ао;60;20170623;100000;0.0895;0.0895;0.087;0.087;7;0
СаратЭн-ао;60;20170623;120000;0.0865;0.0865;0.0865;0.0865;3;0
СаратЭн-ао;60;20170623;130000;0.0875;0.0885;0.0875;0.0885;5;0
СаратЭн-ао;60;20170623;150000;0.093;0.0975;0.09;0.09;7;0
СаратЭн-ао;60;20170623;160000;0.089;0.0955;0.089;0.092;21;0
СаратЭн-ао;60;20170626;100000;0.0915;0.0915;0.0885;0.0885;8;0
СаратЭн-ао;60;20170626;110000;0.088;0.088;0.088;0.088;1;0
СаратЭн-ао;60;20170626;120000;0.088;0.09;0.0875;0.09;15;0
СаратЭн-ао;60;20170626;180000;0.0885;0.0885;0.0885;0.0885;9;0
СаратЭн-ао;60;20170627;100000;0.0895;0.0895;0.0845;0.0845;16;0
СаратЭн-ао;60;20170627;120000;0.086;0.086;0.086;0.086;5;0
СаратЭн-ао;60;20170627;130000;0.086;0.086;0.086;0.086;9;0
СаратЭн-ао;60;20170627;140000;0.086;0.086;0.085;0.085;14;0
СаратЭн-ао;60;20170627;170000;0.0885;0.0885;0.0885;0.0885;15;0
СаратЭн-ао;60;20170627;180000;0.089;0.09;0.0885;0.09;34;0
СаратЭн-ао;60;20170628;110000;0.0905;0.091;0.0905;0.091;2;0
СаратЭн-ао;60;20170628;140000;0.0905;0.0905;0.0905;0.0905;4;0
СаратЭн-ао;60;20170628;180000;0.09;0.09;0.0895;0.0895;4;0
СаратЭн-ао;60;20170629;150000;0.0905;0.0905;0.0905;0.0905;1;0
СаратЭн-ао;60;20170629;160000;0.0905;0.0905;0.09;0.09;4;0
СаратЭн-ао;60;20170630;130000;0.09;0.099;0.09;0.0965;48;0
СаратЭн-ао;60;20170630;140000;0.0955;0.0955;0.084;0.0905;59;0
СаратЭн-ао;60;20170630;150000;0.091;0.0965;0.091;0.0935;27;0
СаратЭн-ао;60;20170630;160000;0.094;0.094;0.094;0.094;1;0
СаратЭн-ао;60;20170630;180000;0.093;0.093;0.0925;0.0925;2;0
СаратЭн-ао;60;20170703;100000;0.0935;0.094;0.0935;0.094;2;0
СаратЭн-ао;60;20170703;110000;0.094;0.094;0.094;0.094;10;0
СаратЭн-ао;60;20170703;120000;0.094;0.094;0.094;0.094;2;0
СаратЭн-ао;60;20170703;130000;0.094;0.094;0.094;0.094;10;0
СаратЭн-ао;60;20170703;140000;0.094;0.094;0.094;0.094;9;0
СаратЭн-ао;60;20170703;160000;0.093;0.095;0.093;0.095;4;0
СаратЭн-ао;60;20170703;180000;0.095;0.095;0.095;0.095;1;0
СаратЭн-ао;60;20170704;120000;0.0925;0.098;0.092;0.098;51;0
СаратЭн-ао;60;20170704;130000;0.0955;0.0955;0.0955;0.0955;5;0
СаратЭн-ао;60;20170704;140000;0.0955;0.0955;0.0955;0.0955;1;0
СаратЭн-ао;60;20170704;160000;0.0955;0.0965;0.0955;0.0965;6;0
СаратЭн-ао;60;20170705;130000;0.0965;0.0965;0.0965;0.0965;1;0
СаратЭн-ао;60;20170705;140000;0.0965;0.0965;0.0965;0.0965;1;0
СаратЭн-ао;60;20170705;170000;0.095;0.095;0.095;0.095;4;0
СаратЭн-ао;60;20170706;140000;0.095;0.0965;0.089;0.0965;29;0
СаратЭн-ао;60;20170706;160000;0.0925;0.0955;0.0925;0.0955;13;0
СаратЭн-ао;60;20170706;170000;0.0905;0.0905;0.089;0.089;12;0
СаратЭн-ао;60;20170706;180000;0.0955;0.0955;0.0955;0.0955;1;0
СаратЭн-ао;60;20170707;100000;0.0945;0.0965;0.089;0.094;20;0
СаратЭн-ао;60;20170707;110000;0.0915;0.097;0.0915;0.097;9;0
СаратЭн-ао;60;20170707;120000;0.0975;0.0975;0.097;0.097;8;0
СаратЭн-ао;60;20170707;180000;0.0935;0.0955;0.0935;0.0955;5;0
СаратЭн-ао;60;20170710;100000;0.0865;0.097;0.0845;0.0965;68;0
СаратЭн-ао;60;20170710;130000;0.09;0.095;0.09;0.095;3;0
СаратЭн-ао;60;20170710;150000;0.09;0.094;0.09;0.094;5;0
СаратЭн-ао;60;20170710;160000;0.0945;0.0945;0.0945;0.0945;1;0
СаратЭн-ао;60;20170712;130000;0.094;0.094;0.094;0.094;1;0
СаратЭн-ао;60;20170712;150000;0.094;0.0945;0.094;0.0945;14;0
СаратЭн-ао;60;20170712;160000;0.095;0.098;0.095;0.098;32;0
СаратЭн-ао;60;20170712;170000;0.098;0.0985;0.0915;0.0985;8;0
СаратЭн-ао;60;20170713;110000;0.098;0.098;0.098;0.098;1;0
СаратЭн-ао;60;20170713;160000;0.096;0.0975;0.096;0.0975;2;0
СаратЭн-ао;60;20170714;100000;0.096;0.096;0.0955;0.0955;12;0
СаратЭн-ао;60;20170714;150000;0.0945;0.0945;0.0945;0.0945;1;0
СаратЭн-ао;60;20170717;140000;0.093;0.093;0.0895;0.0895;33;0
СаратЭн-ао;60;20170717;150000;0.09;0.09;0.09;0.09;6;0
СаратЭн-ао;60;20170717;160000;0.09;0.09;0.09;0.09;3;0
СаратЭн-ао;60;20170717;170000;0.09;0.09;0.09;0.09;30;0
СаратЭн-ао;60;20170717;180000;0.09;0.09;0.09;0.09;1;0
СаратЭн-ао;60;20170719;130000;0.0885;0.0885;0.0885;0.0885;1;0
СаратЭн-ао;60;20170719;140000;0.089;0.089;0.0885;0.0885;10;0
СаратЭн-ао;60;20170719;180000;0.0915;0.0915;0.0915;0.0915;1;0
СаратЭн-ао;60;20170720;100000;0.086;0.092;0.084;0.092;11;0
СаратЭн-ао;60;20170720;110000;0.0905;0.0905;0.0905;0.0905;1;0
СаратЭн-ао;60;20170720;120000;0.0885;0.0895;0.088;0.0895;40;0
СаратЭн-ао;60;20170720;170000;0.088;0.0885;0.088;0.0885;2;0
СаратЭн-ао;60;20170720;180000;0.089;0.089;0.089;0.089;5;0
СаратЭн-ао;60;20170721;100000;0.0875;0.088;0.082;0.088;44;0
СаратЭн-ао;60;20170721;110000;0.0875;0.0875;0.0875;0.0875;3;0
СаратЭн-ао;60;20170721;140000;0.0875;0.0875;0.0875;0.0875;7;0
СаратЭн-ао;60;20170721;180000;0.0885;0.0885;0.0885;0.0885;1;0
СаратЭн-ао;60;20170724;110000;0.086;0.089;0.086;0.086;4;0
СаратЭн-ао;60;20170724;120000;0.0865;0.0875;0.0865;0.0875;2;0
СаратЭн-ао;60;20170724;170000;0.088;0.088;0.088;0.088;12;0
СаратЭн-ао;60;20170724;180000;0.0885;0.0885;0.0885;0.0885;1;0
СаратЭн-ао;60;20170725;120000;0.088;0.089;0.088;0.089;2;0
СаратЭн-ао;60;20170725;130000;0.089;0.09;0.089;0.09;42;0
СаратЭн-ао;60;20170725;140000;0.09;0.09;0.09;0.09;12;0
СаратЭн-ао;60;20170726;100000;0.096;0.096;0.096;0.096;1;0
СаратЭн-ао;60;20170727;100000;0.096;0.106;0.0905;0.0905;61;0
СаратЭн-ао;60;20170727;110000;0.097;0.097;0.097;0.097;1;0
СаратЭн-ао;60;20170727;120000;0.0925;0.0925;0.0925;0.0925;1;0
СаратЭн-ао;60;20170727;140000;0.0915;0.0915;0.0905;0.0905;5;0
СаратЭн-ао;60;20170727;150000;0.096;0.096;0.096;0.096;1;0
СаратЭн-ао;60;20170727;180000;0.092;0.096;0.092;0.096;3;0
СаратЭн-ао;60;20170728;140000;0.092;0.0985;0.091;0.0985;11;0
СаратЭн-ао;60;20170728;160000;0.095;0.1005;0.095;0.1005;6;0
СаратЭн-ао;60;20170731;100000;0.098;0.098;0.095;0.095;15;0
СаратЭн-ао;60;20170731;120000;0.099;0.1;0.099;0.1;20;0
СаратЭн-ао;60;20170731;140000;0.0995;0.1;0.0995;0.1;3;0
СаратЭн-ао;60;20170801;090000;0.11;0.11;0.11;0.11;8;0
СаратЭн-ао;60;20170801;100000;0.098;0.108;0.098;0.0995;23;0
СаратЭн-ао;60;20170801;110000;0.0985;0.101;0.0985;0.101;31;0
СаратЭн-ао;60;20170801;130000;0.1;0.101;0.1;0.101;87;0
СаратЭн-ао;60;20170801;140000;0.1005;0.1005;0.1;0.1;48;0
СаратЭн-ао;60;20170801;160000;0.1;0.1;0.1;0.1;2;0
СаратЭн-ао;60;20170802;100000;0.096;0.096;0.0955;0.0955;30;0
СаратЭн-ао;60;20170802;150000;0.1;0.1;0.1;0.1;1;0
СаратЭн-ао;60;20170802;160000;0.098;0.099;0.096;0.099;21;0
СаратЭн-ао;60;20170803;100000;0.0955;0.0955;0.0955;0.0955;1;0
СаратЭн-ао;60;20170803;110000;0.099;0.099;0.099;0.099;1;0
СаратЭн-ао;60;20170803;130000;0.0955;0.0955;0.095;0.095;27;0
СаратЭн-ао;60;20170803;140000;0.097;0.098;0.097;0.098;5;0
СаратЭн-ао;60;20170803;150000;0.0955;0.0955;0.0955;0.0955;1;0
СаратЭн-ао;60;20170804;110000;0.098;0.098;0.0975;0.0975;2;0
СаратЭн-ао;60;20170804;150000;0.0975;0.0975;0.0975;0.0975;1;0
СаратЭн-ао;60;20170807;100000;0.0955;0.0955;0.094;0.094;10;0
СаратЭн-ао;60;20170807;110000;0.0965;0.0965;0.094;0.094;17;0
СаратЭн-ао;60;20170807;180000;0.0975;0.0975;0.096;0.096;2;0
СаратЭн-ао;60;20170808;100000;0.094;0.094;0.0935;0.0935;4;0
СаратЭн-ао;60;20170808;160000;0.095;0.095;0.095;0.095;5;0
СаратЭн-ао;60;20170808;180000;0.094;0.094;0.0935;0.0935;80;0
СаратЭн-ао;60;20170809;100000;0.093;0.093;0.093;0.093;3;0
СаратЭн-ао;60;20170809;120000;0.093;0.093;0.092;0.092;7;0
СаратЭн-ао;60;20170809;130000;0.092;0.092;0.091;0.091;10;0
СаратЭн-ао;60;20170809;170000;0.094;0.0945;0.0935;0.0935;7;0
СаратЭн-ао;60;20170809;180000;0.094;0.1005;0.094;0.0995;119;0
СаратЭн-ао;60;20170810;100000;0.0995;0.1045;0.096;0.096;12;0
СаратЭн-ао;60;20170810;120000;0.0985;0.0985;0.0985;0.0985;1;0
СаратЭн-ао;60;20170810;150000;0.098;0.098;0.098;0.098;1;0
СаратЭн-ао;60;20170810;170000;0.0965;0.0965;0.0965;0.0965;1;0
СаратЭн-ао;60;20170810;180000;0.0985;0.0985;0.0985;0.0985;1;0
СаратЭн-ао;60;20170811;100000;0.0925;0.1135;0.0915;0.096;10;0
СаратЭн-ао;60;20170811;110000;0.094;0.0945;0.0935;0.0935;5;0
СаратЭн-ао;60;20170811;120000;0.094;0.094;0.093;0.0935;61;0
СаратЭн-ао;60;20170811;130000;0.093;0.0935;0.093;0.0935;5;0
СаратЭн-ао;60;20170811;140000;0.093;0.093;0.092;0.0925;23;0
СаратЭн-ао;60;20170811;160000;0.093;0.093;0.093;0.093;6;0
СаратЭн-ао;60;20170811;170000;0.0955;0.0955;0.0955;0.0955;1;0
СаратЭн-ао;60;20170811;180000;0.093;0.096;0.093;0.096;5;0
СаратЭн-ао;60;20170814;100000;0.092;0.0935;0.092;0.0935;8;0
СаратЭн-ао;60;20170814;110000;0.096;0.1;0.0955;0.098;12;0
СаратЭн-ао;60;20170814;120000;0.096;0.096;0.095;0.095;6;0
СаратЭн-ао;60;20170814;130000;0.0945;0.0945;0.0945;0.0945;1;0
СаратЭн-ао;60;20170814;150000;0.094;0.094;0.094;0.094;1;0
СаратЭн-ао;60;20170814;170000;0.0955;0.096;0.0955;0.096;10;0
СаратЭн-ао;60;20170815;110000;0.095;0.095;0.094;0.094;18;0
СаратЭн-ао;60;20170815;120000;0.094;0.094;0.094;0.094;1;0
СаратЭн-ао;60;20170815;130000;0.0955;0.096;0.0955;0.096;20;0
СаратЭн-ао;60;20170815;150000;0.094;0.094;0.094;0.094;16;0
СаратЭн-ао;60;20170815;170000;0.0955;0.0955;0.0955;0.0955;1;0
СаратЭн-ао;60;20170816;160000;0.094;0.094;0.0935;0.0935;4;0
СаратЭн-ао;60;20170817;150000;0.095;0.095;0.095;0.095;1;0
СаратЭн-ао;60;20170817;160000;0.094;0.0965;0.093;0.096;7;0
СаратЭн-ао;60;20170818;150000;0.0945;0.0945;0.0945;0.0945;1;0
СаратЭн-ао;60;20170818;160000;0.094;0.094;0.0935;0.0935;2;0
СаратЭн-ао;60;20170818;180000;0.093;0.093;0.093;0.093;3;0
СаратЭн-ао;60;20170821;100000;0.0945;0.0945;0.094;0.094;7;0
СаратЭн-ао;60;20170821;110000;0.0935;0.0935;0.0935;0.0935;10;0
СаратЭн-ао;60;20170821;120000;0.095;0.095;0.095;0.095;2;0
СаратЭн-ао;60;20170821;170000;0.094;0.094;0.0925;0.0925;4;0
СаратЭн-ао;60;20170821;180000;0.095;0.095;0.095;0.095;1;0
СаратЭн-ао;60;20170823;110000;0.0935;0.0935;0.0935;0.0935;1;0
СаратЭн-ао;60;20170823;120000;0.0925;0.0925;0.09;0.09;30;0
СаратЭн-ао;60;20170823;130000;0.0895;0.0895;0.0895;0.0895;1;0
СаратЭн-ао;60;20170823;140000;0.09;0.09;0.09;0.09;6;0
СаратЭн-ао;60;20170823;150000;0.09;0.093;0.09;0.093;165;0
СаратЭн-ао;60;20170823;180000;0.09;0.092;0.0895;0.092;105;0
СаратЭн-ао;60;20170824;100000;0.0925;0.0925;0.0925;0.0925;1;0
СаратЭн-ао;60;20170824;170000;0.091;0.091;0.091;0.091;20;0
СаратЭн-ао;60;20170824;180000;0.09;0.09;0.09;0.09;10;0
СаратЭн-ао;60;20170825;100000;0.0915;0.0925;0.0905;0.0905;13;0
СаратЭн-ао;60;20170825;110000;0.091;0.091;0.0905;0.0905;5;0
СаратЭн-ао;60;20170825;130000;0.0905;0.0905;0.0905;0.0905;1;0
СаратЭн-ао;60;20170828;110000;0.091;0.091;0.09;0.09;28;0
СаратЭн-ао;60;20170828;140000;0.091;0.0915;0.091;0.0915;4;0
СаратЭн-ао;60;20170828;150000;0.0915;0.092;0.0905;0.0905;8;0
СаратЭн-ао;60;20170828;160000;0.09;0.092;0.0885;0.092;38;0
СаратЭн-ао;60;20170828;170000;0.09;0.0905;0.09;0.0905;5;0
СаратЭн-ао;60;20170828;180000;0.089;0.0905;0.0885;0.0905;5;0
СаратЭн-ао;60;20170829;090000;0.09;0.09;0.09;0.09;1;0
СаратЭн-ао;60;20170829;110000;0.0905;0.0905;0.0905;0.0905;2;0
СаратЭн-ао;60;20170829;120000;0.0905;0.0905;0.0905;0.0905;3;0
СаратЭн-ао;60;20170829;130000;0.09;0.09;0.089;0.089;18;0
СаратЭн-ао;60;20170829;140000;0.09;0.125;0.0845;0.0965;488;0
СаратЭн-ао;60;20170829;150000;0.0935;0.0935;0.0905;0.091;44;0
СаратЭн-ао;60;20170829;160000;0.092;0.0955;0.092;0.0955;69;0
СаратЭн-ао;60;20170829;180000;0.0925;0.093;0.091;0.093;29;0
СаратЭн-ао;60;20170830;100000;0.098;0.1045;0.094;0.0995;20;0
СаратЭн-ао;60;20170830;110000;0.0965;0.0965;0.096;0.096;3;0
СаратЭн-ао;60;20170830;130000;0.096;0.1;0.0955;0.1;19;0
СаратЭн-ао;60;20170830;140000;0.098;0.1;0.098;0.1;4;0
СаратЭн-ао;60;20170830;150000;0.0995;0.101;0.0995;0.101;6;0
СаратЭн-ао;60;20170830;160000;0.1035;0.1035;0.1035;0.1035;2;0
СаратЭн-ао;60;20170830;170000;0.1035;0.1035;0.1035;0.1035;4;0
СаратЭн-ао;60;20170830;180000;0.1035;0.104;0.1035;0.104;27;0
СаратЭн-ао;60;20170831;100000;0.104;0.104;0.104;0.104;1;0
СаратЭн-ао;60;20170831;120000;0.107;0.1135;0.107;0.1105;20;0
СаратЭн-ао;60;20170831;130000;0.1095;0.1095;0.1055;0.109;5;0
СаратЭн-ао;60;20170831;160000;0.1055;0.108;0.105;0.108;3;0
СаратЭн-ао;60;20170831;170000;0.1085;0.1085;0.1085;0.1085;5;0
СаратЭн-ао;60;20170831;180000;0.1085;0.1085;0.1085;0.1085;3;0
СаратЭн-ао;60;20170901;100000;0.1095;0.1095;0.109;0.109;3;0
СаратЭн-ао;60;20170901;130000;0.1055;0.108;0.103;0.108;21;0
СаратЭн-ао;60;20170901;140000;0.1085;0.1085;0.1085;0.1085;1;0
СаратЭн-ао;60;20170904;100000;0.109;0.1105;0.106;0.106;7;0
СаратЭн-ао;60;20170904;110000;0.1055;0.1055;0.1025;0.1025;3;0
СаратЭн-ао;60;20170904;120000;0.102;0.102;0.102;0.102;1;0
СаратЭн-ао;60;20170904;130000;0.102;0.102;0.102;0.102;1;0
СаратЭн-ао;60;20170904;140000;0.1035;0.114;0.1035;0.114;33;0
СаратЭн-ао;60;20170904;150000;0.115;0.115;0.0955;0.1125;48;0
СаратЭн-ао;60;20170904;160000;0.113;0.113;0.113;0.113;2;0
СаратЭн-ао;60;20170904;170000;0.111;0.111;0.111;0.111;5;0
СаратЭн-ао;60;20170904;180000;0.1085;0.1085;0.1085;0.1085;2;0
СаратЭн-ао;60;20170905;100000;0.1175;0.1175;0.1175;0.1175;1;0
СаратЭн-ао;60;20170905;110000;0.106;0.114;0.1055;0.114;7;0
СаратЭн-ао;60;20170905;130000;0.114;0.1155;0.111;0.115;10;0
СаратЭн-ао;60;20170905;150000;0.11;0.114;0.11;0.114;3;0
СаратЭн-ао;60;20170905;160000;0.11;0.114;0.105;0.105;8;0
СаратЭн-ао;60;20170905;170000;0.114;0.114;0.107;0.113;13;0
СаратЭн-ао;60;20170905;180000;0.1125;0.115;0.112;0.115;16;0
СаратЭн-ао;60;20170906;100000;0.111;0.115;0.111;0.1145;11;0
СаратЭн-ао;60;20170906;110000;0.112;0.115;0.112;0.115;19;0
СаратЭн-ао;60;20170906;130000;0.114;0.1145;0.114;0.1145;12;0
СаратЭн-ао;60;20170906;140000;0.1145;0.115;0.112;0.114;19;0
СаратЭн-ао;60;20170906;150000;0.112;0.1135;0.11;0.1135;46;0
СаратЭн-ао;60;20170906;160000;0.1135;0.1145;0.1135;0.1145;10;0
СаратЭн-ао;60;20170907;110000;0.112;0.1145;0.112;0.1145;2;0
СаратЭн-ао;60;20170907;120000;0.115;0.115;0.115;0.115;9;0
СаратЭн-ао;60;20170907;130000;0.1155;0.116;0.1155;0.116;8;0
СаратЭн-ао;60;20170907;160000;0.1095;0.115;0.1095;0.115;3;0
СаратЭн-ао;60;20170907;170000;0.1105;0.115;0.1105;0.115;4;0
СаратЭн-ао;60;20170908;100000;0.1175;0.118;0.1115;0.1175;4;0
СаратЭн-ао;60;20170908;110000;0.118;0.118;0.116;0.118;8;0
СаратЭн-ао;60;20170908;150000;0.117;0.117;0.117;0.117;1;0
СаратЭн-ао;60;20170911;100000;0.118;0.1185;0.118;0.1185;2;0
СаратЭн-ао;60;20170911;130000;0.116;0.1175;0.116;0.1175;6;0
СаратЭн-ао;60;20170911;140000;0.1175;0.1175;0.1175;0.1175;9;0
СаратЭн-ао;60;20170911;150000;0.1175;0.1175;0.1175;0.1175;10;0
СаратЭн-ао;60;20170911;170000;0.1155;0.118;0.1155;0.118;3;0
СаратЭн-ао;60;20170912;100000;0.119;0.1195;0.118;0.1195;14;0
СаратЭн-ао;60;20170912;110000;0.119;0.1195;0.118;0.1195;9;0
СаратЭн-ао;60;20170912;130000;0.118;0.119;0.118;0.119;6;0
СаратЭн-ао;60;20170912;140000;0.1175;0.1195;0.1175;0.1195;10;0
СаратЭн-ао;60;20170912;150000;0.12;0.123;0.118;0.123;12;0
СаратЭн-ао;60;20170912;180000;0.1175;0.1185;0.0855;0.1185;127;0
СаратЭн-ао;60;20170913;100000;0.118;0.12;0.118;0.12;4;0
СаратЭн-ао;60;20170913;120000;0.117;0.12;0.117;0.1175;4;0
СаратЭн-ао;60;20170913;130000;0.119;0.1195;0.117;0.119;10;0
СаратЭн-ао;60;20170913;140000;0.117;0.119;0.115;0.115;13;0
СаратЭн-ао;60;20170913;150000;0.1145;0.12;0.114;0.12;34;0
СаратЭн-ао;60;20170913;160000;0.117;0.117;0.115;0.115;11;0
СаратЭн-ао;60;20170913;170000;0.1175;0.119;0.115;0.119;11;0
СаратЭн-ао;60;20170913;180000;0.116;0.119;0.1145;0.119;9;0
СаратЭн-ао;60;20170914;100000;0.123;0.123;0.11;0.11;72;0
СаратЭн-ао;60;20170914;110000;0.11;0.12;0.11;0.118;77;0
СаратЭн-ао;60;20170914;130000;0.114;0.117;0.1125;0.117;18;0
СаратЭн-ао;60;20170914;150000;0.116;0.1175;0.116;0.1175;2;0
СаратЭн-ао;60;20170914;160000;0.1165;0.1185;0.1165;0.1185;6;0
СаратЭн-ао;60;20170914;180000;0.116;0.1185;0.116;0.1185;3;0
СаратЭн-ао;60;20170915;100000;0.119;0.1195;0.119;0.1195;2;0
СаратЭн-ао;60;20170915;110000;0.117;0.117;0.117;0.117;1;0
СаратЭн-ао;60;20170915;130000;0.119;0.119;0.119;0.119;1;0
СаратЭн-ао;60;20170915;180000;0.1195;0.1195;0.1195;0.1195;4;0
СаратЭн-ао;60;20170918;120000;0.119;0.124;0.119;0.124;10;0
СаратЭн-ао;60;20170918;130000;0.123;0.125;0.1205;0.1205;29;0
СаратЭн-ао;60;20170918;140000;0.1205;0.1205;0.1205;0.1205;1;0
СаратЭн-ао;60;20170918;150000;0.12;0.1205;0.1195;0.12;12;0
СаратЭн-ао;60;20170918;160000;0.12;0.12;0.12;0.12;5;0
СаратЭн-ао;60;20170918;170000;0.12;0.1205;0.12;0.12;6;0
СаратЭн-ао;60;20170918;180000;0.1205;0.1205;0.12;0.12;3;0
СаратЭн-ао;60;20170919;100000;0.122;0.126;0.1205;0.1205;115;0
СаратЭн-ао;60;20170919;110000;0.1225;0.1225;0.1175;0.12;17;0
СаратЭн-ао;60;20170919;150000;0.1185;0.1185;0.1185;0.1185;1;0
СаратЭн-ао;60;20170919;160000;0.118;0.1185;0.116;0.1175;32;0
СаратЭн-ао;60;20170919;170000;0.1165;0.1175;0.1165;0.1175;2;0
СаратЭн-ао;60;20170919;180000;0.116;0.12;0.115;0.1175;46;0
СаратЭн-ао;60;20170920;100000;0.117;0.117;0.1145;0.1145;16;0
СаратЭн-ао;60;20170920;130000;0.114;0.119;0.1105;0.1155;113;0
СаратЭн-ао;60;20170920;140000;0.1145;0.1145;0.1145;0.1145;1;0
СаратЭн-ао;60;20170920;160000;0.116;0.1165;0.116;0.1165;6;0
СаратЭн-ао;60;20170920;180000;0.115;0.117;0.115;0.117;2;0
СаратЭн-ао;60;20170921;120000;0.117;0.119;0.117;0.119;21;0
СаратЭн-ао;60;20170921;160000;0.117;0.117;0.117;0.117;1;0
СаратЭн-ао;60;20170921;170000;0.117;0.1175;0.117;0.1175;3;0
СаратЭн-ао;60;20170921;180000;0.1175;0.1235;0.1175;0.1195;30;0
СаратЭн-ао;60;20170922;100000;0.12;0.12;0.12;0.12;1;0
СаратЭн-ао;60;20170925;100000;0.1205;0.1215;0.1205;0.1215;2;0
СаратЭн-ао;60;20170925;140000;0.1195;0.1195;0.1195;0.1195;1;0
СаратЭн-ао;60;20170925;150000;0.119;0.119;0.119;0.119;1;0
СаратЭн-ао;60;20170925;180000;0.119;0.122;0.119;0.122;4;0
СаратЭн-ао;60;20170926;100000;0.123;0.123;0.123;0.123;1;0
СаратЭн-ао;60;20170926;110000;0.121;0.123;0.1195;0.123;24;0
СаратЭн-ао;60;20170926;130000;0.123;0.123;0.1195;0.1195;3;0
СаратЭн-ао;60;20170926;140000;0.1225;0.1235;0.119;0.1235;7;0
СаратЭн-ао;60;20170927;100000;0.1235;0.1235;0.1195;0.1225;12;0
СаратЭн-ао;60;20170927;180000;0.1205;0.1205;0.1205;0.1205;1;0
СаратЭн-ао;60;20170928;100000;0.12;0.124;0.12;0.1225;22;0
СаратЭн-ао;60;20170928;110000;0.1225;0.1235;0.12;0.1235;9;0
СаратЭн-ао;60;20170928;120000;0.121;0.123;0.12;0.123;14;0
СаратЭн-ао;60;20170929;100000;0.12;0.1235;0.12;0.1235;4;0
СаратЭн-ао;60;20170929;120000;0.1205;0.1215;0.119;0.1215;17;0
СаратЭн-ао;60;20170929;130000;0.1185;0.1225;0.1185;0.1225;13;0
СаратЭн-ао;60;20171003;120000;0.12;0.12;0.12;0.12;2;0
СаратЭн-ао;60;20171003;130000;0.119;0.119;0.1185;0.1185;6;0
СаратЭн-ао;60;20171003;150000;0.1185;0.1185;0.1175;0.118;28;0
СаратЭн-ао;60;20171003;160000;0.118;0.118;0.117;0.117;6;0
СаратЭн-ао;60;20171003;170000;0.117;0.117;0.1165;0.1165;4;0
СаратЭн-ао;60;20171003;180000;0.12;0.12;0.12;0.12;1;0
СаратЭн-ао;60;20171004;100000;0.1165;0.1175;0.115;0.1175;10;0
СаратЭн-ао;60;20171004;110000;0.116;0.116;0.116;0.116;1;0
СаратЭн-ао;60;20171004;160000;0.117;0.117;0.117;0.117;1;0
СаратЭн-ао;60;20171005;100000;0.118;0.118;0.118;0.118;1;0
СаратЭн-ао;60;20171005;140000;0.1155;0.1175;0.1155;0.1175;2;0
СаратЭн-ао;60;20171005;160000;0.1155;0.116;0.115;0.115;10;0
СаратЭн-ао;60;20171006;100000;0.1145;0.123;0.111;0.115;346;0
СаратЭн-ао;60;20171006;110000;0.1135;0.115;0.113;0.115;55;0
СаратЭн-ао;60;20171006;120000;0.118;0.118;0.118;0.118;1;0
СаратЭн-ао;60;20171006;140000;0.115;0.115;0.114;0.114;32;0
СаратЭн-ао;60;20171006;160000;0.115;0.115;0.112;0.115;95;0
СаратЭн-ао;60;20171006;170000;0.114;0.114;0.114;0.114;1;0
СаратЭн-ао;60;20171006;180000;0.114;0.115;0.1125;0.1125;43;0
СаратЭн-ао;60;20171009;100000;0.115;0.12;0.115;0.119;55;0
СаратЭн-ао;60;20171009;110000;0.1195;0.1235;0.1185;0.1235;105;0
СаратЭн-ао;60;20171009;120000;0.122;0.127;0.1185;0.127;60;0
СаратЭн-ао;60;20171009;130000;0.125;0.127;0.123;0.127;6;0
СаратЭн-ао;60;20171009;140000;0.1235;0.128;0.1235;0.128;22;0
СаратЭн-ао;60;20171009;150000;0.128;0.1355;0.128;0.13;440;0
СаратЭн-ао;60;20171009;160000;0.1315;0.1315;0.1315;0.1315;8;0
СаратЭн-ао;60;20171009;170000;0.1305;0.1305;0.1285;0.129;33;0
СаратЭн-ао;60;20171009;180000;0.128;0.132;0.128;0.132;58;0
СаратЭн-ао;60;20171010;100000;0.1305;0.139;0.1305;0.1345;13;0
СаратЭн-ао;60;20171010;110000;0.1345;0.1355;0.132;0.1355;76;0
СаратЭн-ао;60;20171010;120000;0.1335;0.136;0.1335;0.136;4;0
СаратЭн-ао;60;20171010;160000;0.1315;0.133;0.1305;0.132;31;0
СаратЭн-ао;60;20171010;170000;0.1305;0.1305;0.1305;0.1305;6;0
СаратЭн-ао;60;20171010;180000;0.1305;0.1305;0.127;0.13;405;0
СаратЭн-ао;60;20171011;100000;0.13;0.13;0.13;0.13;58;0
СаратЭн-ао;60;20171011;110000;0.13;0.13;0.128;0.128;3;0
СаратЭн-ао;60;20171011;140000;0.1285;0.1285;0.1285;0.1285;3;0
СаратЭн-ао;60;20171012;120000;0.13;0.1305;0.13;0.1305;35;0
СаратЭн-ао;60;20171012;130000;0.1295;0.1295;0.12;0.122;224;0
СаратЭн-ао;60;20171012;140000;0.1305;0.1305;0.125;0.127;92;0
СаратЭн-ао;60;20171012;150000;0.1275;0.128;0.1275;0.128;24;0
СаратЭн-ао;60;20171012;160000;0.1285;0.1285;0.1285;0.1285;1;0
СаратЭн-ао;60;20171012;170000;0.128;0.128;0.128;0.128;40;0
СаратЭн-ао;60;20171013;100000;0.1275;0.1275;0.1275;0.1275;3;0
СаратЭн-ао;60;20171013;110000;0.1285;0.1285;0.1285;0.1285;23;0
СаратЭн-ао;60;20171013;120000;0.1275;0.1275;0.127;0.127;40;0
СаратЭн-ао;60;20171013;140000;0.128;0.128;0.128;0.128;1;0
СаратЭн-ао;60;20171013;170000;0.1265;0.128;0.124;0.126;27;0
СаратЭн-ао;60;20171013;180000;0.1235;0.1275;0.123;0.1275;9;0
СаратЭн-ао;60;20171016;100000;0.129;0.129;0.128;0.128;13;0
СаратЭн-ао;60;20171016;120000;0.1265;0.1265;0.125;0.125;42;0
СаратЭн-ао;60;20171016;130000;0.1245;0.1245;0.1245;0.1245;1;0
СаратЭн-ао;60;20171016;140000;0.124;0.125;0.1235;0.125;5;0
СаратЭн-ао;60;20171016;160000;0.123;0.1275;0.123;0.1265;323;0
СаратЭн-ао;60;20171016;170000;0.1265;0.1265;0.12;0.1265;213;0
СаратЭн-ао;60;20171016;180000;0.1265;0.1265;0.121;0.1265;246;0
СаратЭн-ао;60;20171017;100000;0.1245;0.1265;0.124;0.1265;7;0
СаратЭн-ао;60;20171017;120000;0.1245;0.1265;0.1245;0.1265;12;0
СаратЭн-ао;60;20171017;150000;0.1245;0.1265;0.124;0.1265;4;0
СаратЭн-ао;60;20171017;180000;0.125;0.1265;0.125;0.1265;4;0
СаратЭн-ао;60;20171018;100000;0.1275;0.1275;0.1275;0.1275;15;0
СаратЭн-ао;60;20171018;110000;0.1255;0.126;0.123;0.126;166;0
СаратЭн-ао;60;20171018;140000;0.1245;0.1265;0.1225;0.1225;102;0
СаратЭн-ао;60;20171018;150000;0.1225;0.123;0.1195;0.1215;104;0
СаратЭн-ао;60;20171018;160000;0.122;0.1225;0.122;0.1225;2;0
СаратЭн-ао;60;20171018;180000;0.1205;0.1225;0.1205;0.1225;5;0
СаратЭн-ао;60;20171019;090000;0.124;0.124;0.124;0.124;1;0
СаратЭн-ао;60;20171019;100000;0.1225;0.1225;0.1225;0.1225;2;0
СаратЭн-ао;60;20171019;110000;0.122;0.122;0.1215;0.1215;2;0
СаратЭн-ао;60;20171019;120000;0.1215;0.1215;0.1215;0.1215;2;0
СаратЭн-ао;60;20171019;130000;0.121;0.121;0.116;0.121;101;0
СаратЭн-ао;60;20171019;140000;0.118;0.119;0.1155;0.1175;11;0
СаратЭн-ао;60;20171019;160000;0.116;0.116;0.115;0.115;14;0
СаратЭн-ао;60;20171019;170000;0.117;0.117;0.116;0.116;3;0
СаратЭн-ао;60;20171019;180000;0.115;0.117;0.115;0.117;4;0
СаратЭн-ао;60;20171020;090000;0.1185;0.1185;0.1185;0.1185;1;0
СаратЭн-ао;60;20171020;100000;0.1155;0.1175;0.115;0.1175;7;0
СаратЭн-ао;60;20171020;160000;0.1165;0.1165;0.1165;0.1165;2;0
СаратЭн-ао;60;20171020;180000;0.1175;0.1175;0.1175;0.1175;4;0
СаратЭн-ао;60;20171023;100000;0.1185;0.1185;0.1185;0.1185;1;0
СаратЭн-ао;60;20171023;150000;0.116;0.116;0.116;0.116;2;0
СаратЭн-ао;60;20171023;160000;0.1175;0.1175;0.1155;0.1155;2;0
СаратЭн-ао;60;20171023;170000;0.1165;0.1165;0.1165;0.1165;1;0
СаратЭн-ао;60;20171023;180000;0.118;0.118;0.118;0.118;2;0
СаратЭн-ао;60;20171024;100000;0.1155;0.1155;0.1155;0.1155;1;0
СаратЭн-ао;60;20171024;110000;0.116;0.117;0.116;0.117;2;0
СаратЭн-ао;60;20171024;130000;0.1155;0.1195;0.1095;0.1155;104;0
СаратЭн-ао;60;20171024;150000;0.1135;0.1145;0.1125;0.1145;11;0
СаратЭн-ао;60;20171024;170000;0.114;0.114;0.114;0.114;1;0
СаратЭн-ао;60;20171024;180000;0.114;0.114;0.114;0.114;1;0
СаратЭн-ао;60;20171025;100000;0.114;0.115;0.1135;0.115;9;0
СаратЭн-ао;60;20171025;120000;0.112;0.115;0.112;0.115;3;0
СаратЭн-ао;60;20171025;130000;0.1115;0.1135;0.1115;0.1135;7;0
СаратЭн-ао;60;20171025;140000;0.1135;0.1135;0.1105;0.113;11;0
СаратЭн-ао;60;20171025;160000;0.111;0.113;0.111;0.113;23;0
СаратЭн-ао;60;20171026;090000;0.113;0.113;0.113;0.113;1;0
СаратЭн-ао;60;20171026;100000;0.11;0.1125;0.11;0.1125;2;0
СаратЭн-ао;60;20171026;110000;0.111;0.1115;0.1075;0.1115;54;0
СаратЭн-ао;60;20171026;140000;0.11;0.1115;0.11;0.1115;11;0
СаратЭн-ао;60;20171026;150000;0.11;0.11;0.11;0.11;6;0
СаратЭн-ао;60;20171026;160000;0.111;0.111;0.111;0.111;1;0
СаратЭн-ао;60;20171026;170000;0.1115;0.1115;0.111;0.111;3;0
СаратЭн-ао;60;20171026;180000;0.1105;0.112;0.11;0.112;12;0
СаратЭн-ао;60;20171027;090000;0.1125;0.1125;0.1125;0.1125;1;0
СаратЭн-ао;60;20171027;100000;0.1125;0.1215;0.111;0.111;4;0
СаратЭн-ао;60;20171027;150000;0.111;0.1115;0.111;0.1115;16;0
СаратЭн-ао;60;20171027;170000;0.1115;0.1115;0.1115;0.1115;15;0
СаратЭн-ао;60;20171027;180000;0.1115;0.112;0.1115;0.112;2;0
СаратЭн-ао;60;20171030;100000;0.1135;0.122;0.1135;0.116;70;0
СаратЭн-ао;60;20171030;110000;0.1145;0.1145;0.112;0.114;30;0
СаратЭн-ао;60;20171030;120000;0.115;0.116;0.115;0.116;9;0
СаратЭн-ао;60;20171030;140000;0.115;0.115;0.115;0.115;8;0
СаратЭн-ао;60;20171030;150000;0.1165;0.1165;0.1165;0.1165;1;0
СаратЭн-ао;60;20171030;160000;0.1175;0.118;0.116;0.118;18;0
СаратЭн-ао;60;20171030;180000;0.117;0.117;0.117;0.117;1;0
СаратЭн-ао;60;20171031;110000;0.1165;0.1245;0.1165;0.1195;64;0
СаратЭн-ао;60;20171031;150000;0.12;0.12;0.12;0.12;12;0
СаратЭн-ао;60;20171031;170000;0.121;0.1215;0.121;0.1215;3;0
СаратЭн-ао;60;20171031;180000;0.122;0.122;0.122;0.122;1;0
СаратЭн-ао;60;20171101;150000;0.118;0.1195;0.118;0.1195;2;0
СаратЭн-ао;60;20171101;180000;0.119;0.119;0.119;0.119;7;0
СаратЭн-ао;60;20171102;110000;0.118;0.118;0.118;0.118;35;0
СаратЭн-ао;60;20171102;140000;0.1185;0.1185;0.118;0.118;23;0
СаратЭн-ао;60;20171102;160000;0.118;0.118;0.118;0.118;7;0
СаратЭн-ао;60;20171102;170000;0.118;0.118;0.118;0.118;3;0
СаратЭн-ао;60;20171103;170000;0.117;0.117;0.117;0.117;4;0
СаратЭн-ао;60;20171107;110000;0.121;0.121;0.121;0.121;1;0
СаратЭн-ао;60;20171108;140000;0.1225;0.1225;0.1195;0.12;3;0
СаратЭн-ао;60;20171109;160000;0.1195;0.1195;0.1195;0.1195;11;0
СаратЭн-ао;60;20171109;170000;0.1195;0.1195;0.1195;0.1195;1;0
СаратЭн-ао;60;20171110;100000;0.1185;0.1185;0.118;0.118;8;0
СаратЭн-ао;60;20171110;120000;0.118;0.118;0.118;0.118;14;0
СаратЭн-ао;60;20171110;180000;0.118;0.118;0.118;0.118;3;0
СаратЭн-ао;60;20171113;130000;0.116;0.116;0.116;0.116;3;0
СаратЭн-ао;60;20171113;160000;0.116;0.116;0.1135;0.1135;52;0
СаратЭн-ао;60;20171113;170000;0.1155;0.1155;0.114;0.114;2;0
СаратЭн-ао;60;20171113;180000;0.1155;0.117;0.1145;0.117;6;0
СаратЭн-ао;60;20171114;100000;0.115;0.115;0.115;0.115;1;0
СаратЭн-ао;60;20171114;120000;0.1165;0.1165;0.116;0.116;2;0
СаратЭн-ао;60;20171114;130000;0.1155;0.1155;0.1155;0.1155;1;0
СаратЭн-ао;60;20171114;150000;0.1145;0.116;0.112;0.116;4;0
СаратЭн-ао;60;20171114;170000;0.114;0.114;0.114;0.114;12;0
СаратЭн-ао;60;20171114;180000;0.1135;0.117;0.1135;0.116;35;0
СаратЭн-ао;60;20171115;120000;0.114;0.114;0.1125;0.114;8;0
СаратЭн-ао;60;20171115;140000;0.1145;0.1145;0.1145;0.1145;1;0
СаратЭн-ао;60;20171115;160000;0.1135;0.1135;0.112;0.112;5;0
СаратЭн-ао;60;20171115;170000;0.1135;0.1135;0.1105;0.1115;33;0
СаратЭн-ао;60;20171115;180000;0.113;0.113;0.1115;0.1125;8;0
СаратЭн-ао;60;20171116;100000;0.122;0.122;0.114;0.114;2;0
СаратЭн-ао;60;20171116;160000;0.112;0.1145;0.111;0.112;36;0
СаратЭн-ао;60;20171116;180000;0.114;0.114;0.11;0.1125;21;0
СаратЭн-ао;60;20171117;090000;0.1155;0.1155;0.1155;0.1155;1;0
СаратЭн-ао;60;20171117;110000;0.108;0.1115;0.1075;0.111;17;0
СаратЭн-ао;60;20171117;120000;0.11;0.11;0.11;0.11;1;0
СаратЭн-ао;60;20171117;130000;0.109;0.112;0.109;0.1115;10;0
СаратЭн-ао;60;20171117;150000;0.1095;0.111;0.108;0.111;9;0
СаратЭн-ао;60;20171117;170000;0.1095;0.1105;0.1095;0.1105;3;0
СаратЭн-ао;60;20171117;180000;0.1115;0.1115;0.1115;0.1115;2;0
СаратЭн-ао;60;20171120;160000;0.1135;0.1135;0.1125;0.1125;2;0
СаратЭн-ао;60;20171121;160000;0.1185;0.1185;0.115;0.115;2;0
СаратЭн-ао;60;20171121;170000;0.1145;0.115;0.1095;0.1105;37;0
СаратЭн-ао;60;20171121;180000;0.1095;0.11;0.109;0.11;6;0
СаратЭн-ао;60;20171122;100000;0.1085;0.1095;0.108;0.1095;9;0
СаратЭн-ао;60;20171122;130000;0.109;0.109;0.109;0.109;1;0
СаратЭн-ао;60;20171122;150000;0.109;0.109;0.109;0.109;1;0
СаратЭн-ао;60;20171122;160000;0.109;0.109;0.1075;0.1085;20;0
СаратЭн-ао;60;20171123;100000;0.108;0.11;0.108;0.1095;49;0
СаратЭн-ао;60;20171123;120000;0.109;0.109;0.109;0.109;4;0
СаратЭн-ао;60;20171123;130000;0.109;0.109;0.109;0.109;1;0
СаратЭн-ао;60;20171123;170000;0.1085;0.1085;0.1085;0.1085;1;0
СаратЭн-ао;60;20171123;180000;0.1085;0.1085;0.1085;0.1085;9;0
СаратЭн-ао;60;20171124;180000;0.109;0.11;0.1085;0.11;4;0
СаратЭн-ао;60;20171127;100000;0.1105;0.112;0.11;0.111;30;0
СаратЭн-ао;60;20171127;110000;0.111;0.112;0.111;0.112;10;0
СаратЭн-ао;60;20171127;140000;0.112;0.112;0.1115;0.1115;3;0
СаратЭн-ао;60;20171127;150000;0.1115;0.1115;0.1115;0.1115;6;0
СаратЭн-ао;60;20171127;160000;0.1125;0.1125;0.1125;0.1125;2;0
СаратЭн-ао;60;20171127;180000;0.1115;0.1235;0.1115;0.1235;17;0
СаратЭн-ао;60;20171128;100000;0.1165;0.1165;0.116;0.116;2;0
СаратЭн-ао;60;20171128;120000;0.117;0.1235;0.117;0.1235;30;0
СаратЭн-ао;60;20171128;140000;0.1215;0.1245;0.1215;0.1245;72;0
СаратЭн-ао;60;20171128;160000;0.1235;0.1245;0.117;0.1245;31;0
СаратЭн-ао;60;20171128;180000;0.123;0.1245;0.123;0.1245;5;0
СаратЭн-ао;60;20171129;090000;0.125;0.125;0.125;0.125;6;0
СаратЭн-ао;60;20171129;100000;0.1245;0.1245;0.1245;0.1245;1;0
СаратЭн-ао;60;20171129;110000;0.1245;0.1245;0.124;0.124;2;0
СаратЭн-ао;60;20171129;120000;0.1235;0.1245;0.123;0.1245;8;0
СаратЭн-ао;60;20171129;140000;0.123;0.1245;0.123;0.1245;7;0
СаратЭн-ао;60;20171129;160000;0.123;0.1245;0.123;0.1245;13;0
СаратЭн-ао;60;20171129;180000;0.125;0.126;0.12;0.126;25;0
СаратЭн-ао;60;20171130;100000;0.123;0.125;0.123;0.125;9;0
СаратЭн-ао;60;20171130;120000;0.1235;0.125;0.11;0.121;186;0
СаратЭн-ао;60;20171130;130000;0.1205;0.1205;0.12;0.12;3;0
СаратЭн-ао;60;20171130;140000;0.1195;0.1195;0.119;0.119;5;0
СаратЭн-ао;60;20171130;160000;0.12;0.121;0.12;0.1205;6;0
СаратЭн-ао;60;20171130;170000;0.1205;0.1205;0.1195;0.12;6;0
СаратЭн-ао;60;20171130;180000;0.1205;0.121;0.1205;0.121;5;0
СаратЭн-ао;60;20171201;120000;0.12;0.1205;0.12;0.1205;7;0
СаратЭн-ао;60;20171201;130000;0.119;0.119;0.119;0.119;4;0
СаратЭн-ао;60;20171201;180000;0.1185;0.1185;0.1185;0.1185;1;0
СаратЭн-ао;60;20171204;160000;0.1185;0.1185;0.1185;0.1185;1;0
СаратЭн-ао;60;20171204;180000;0.118;0.118;0.118;0.118;1;0
СаратЭн-ао;60;20171205;100000;0.1175;0.1175;0.117;0.117;2;0
СаратЭн-ао;60;20171205;170000;0.118;0.118;0.11;0.116;60;0
СаратЭн-ао;60;20171205;180000;0.1165;0.118;0.1165;0.118;4;0
СаратЭн-ао;60;20171207;170000;0.1175;0.1175;0.1175;0.1175;5;0
СаратЭн-ао;60;20171208;110000;0.117;0.118;0.117;0.118;22;0
СаратЭн-ао;60;20171208;120000;0.118;0.1195;0.118;0.1195;4;0
СаратЭн-ао;60;20171208;180000;0.1195;0.1195;0.118;0.118;13;0
СаратЭн-ао;60;20171211;110000;0.118;0.118;0.1175;0.1175;3;0
СаратЭн-ао;60;20171211;120000;0.117;0.117;0.116;0.116;9;0
СаратЭн-ао;60;20171211;180000;0.1175;0.1175;0.1175;0.1175;1;0
СаратЭн-ао;60;20171212;110000;0.1175;0.1175;0.1175;0.1175;1;0
СаратЭн-ао;60;20171212;170000;0.118;0.118;0.118;0.118;2;0
СаратЭн-ао;60;20171213;110000;0.117;0.117;0.117;0.117;10;0
СаратЭн-ао;60;20171213;140000;0.1165;0.117;0.115;0.117;29;0
СаратЭн-ао;60;20171213;170000;0.1155;0.1155;0.1155;0.1155;1;0
СаратЭн-ао;60;20171213;180000;0.1165;0.1175;0.1165;0.1175;4;0
СаратЭн-ао;60;20171214;110000;0.1155;0.1155;0.115;0.115;5;0
СаратЭн-ао;60;20171214;130000;0.116;0.117;0.113;0.116;35;0
СаратЭн-ао;60;20171214;140000;0.1155;0.1165;0.1155;0.1165;5;0
СаратЭн-ао;60;20171214;180000;0.115;0.1165;0.115;0.1165;2;0
СаратЭн-ао;60;20171215;100000;0.1165;0.1165;0.1165;0.1165;2;0
СаратЭн-ао;60;20171215;110000;0.1155;0.1165;0.1155;0.1165;3;0
СаратЭн-ао;60;20171215;130000;0.1155;0.1155;0.1155;0.1155;2;0
СаратЭн-ао;60;20171215;170000;0.1155;0.1155;0.1155;0.1155;10;0
СаратЭн-ао;60;20171215;180000;0.115;0.115;0.115;0.115;11;0
СаратЭн-ао;60;20171218;100000;0.1145;0.1145;0.1145;0.1145;2;0
СаратЭн-ао;60;20171218;150000;0.1145;0.1145;0.1145;0.1145;9;0
СаратЭн-ао;60;20171218;180000;0.115;0.115;0.115;0.115;2;0
СаратЭн-ао;60;20171219;100000;0.115;0.115;0.115;0.115;5;0
СаратЭн-ао;60;20171219;110000;0.1145;0.115;0.1145;0.115;6;0
СаратЭн-ао;60;20171219;130000;0.114;0.114;0.113;0.113;20;0
СаратЭн-ао;60;20171219;170000;0.1145;0.115;0.1145;0.115;5;0
СаратЭн-ао;60;20171219;180000;0.1145;0.1145;0.1145;0.1145;1;0
СаратЭн-ао;60;20171220;100000;0.1135;0.114;0.1125;0.1125;6;0
СаратЭн-ао;60;20171220;110000;0.1135;0.1135;0.111;0.1125;24;0
СаратЭн-ао;60;20171220;130000;0.1125;0.1125;0.1125;0.1125;5;0
СаратЭн-ао;60;20171220;150000;0.113;0.1135;0.113;0.1135;33;0
СаратЭн-ао;60;20171220;160000;0.114;0.1145;0.114;0.1145;50;0
СаратЭн-ао;60;20171221;100000;0.115;0.122;0.115;0.117;16;0
СаратЭн-ао;60;20171221;130000;0.1165;0.1165;0.112;0.1145;9;0
СаратЭн-ао;60;20171221;140000;0.1155;0.116;0.1145;0.116;6;0
СаратЭн-ао;60;20171221;180000;0.115;0.115;0.115;0.115;1;0
СаратЭн-ао;60;20171222;120000;0.115;0.116;0.114;0.115;16;0
СаратЭн-ао;60;20171222;130000;0.116;0.1165;0.116;0.1165;3;0
СаратЭн-ао;60;20171225;100000;0.115;0.115;0.1145;0.1145;2;0
СаратЭн-ао;60;20171225;110000;0.1155;0.119;0.1155;0.119;21;0
СаратЭн-ао;60;20171225;150000;0.119;0.1205;0.119;0.1205;4;0
СаратЭн-ао;60;20171225;170000;0.119;0.119;0.119;0.119;1;0
СаратЭн-ао;60;20171225;180000;0.119;0.119;0.1185;0.1185;149;0
СаратЭн-ао;60;20171226;100000;0.12;0.12;0.119;0.119;2;0
СаратЭн-ао;60;20171226;170000;0.1195;0.1195;0.1195;0.1195;10;0
СаратЭн-ао;60;20171226;180000;0.119;0.119;0.1185;0.1185;2;0
СаратЭн-ао;60;20171227;100000;0.1185;0.1185;0.1175;0.1175;9;0
СаратЭн-ао;60;20171227;130000;0.117;0.117;0.114;0.1155;38;0
СаратЭн-ао;60;20171227;170000;0.115;0.115;0.1145;0.1145;17;0
СаратЭн-ао;60;20171227;180000;0.115;0.115;0.113;0.113;51;0
СаратЭн-ао;60;20171228;100000;0.1145;0.1145;0.1145;0.1145;1;0
СаратЭн-ао;60;20171228;140000;0.115;0.1155;0.115;0.1155;2;0
СаратЭн-ао;60;20171228;150000;0.1145;0.1145;0.1135;0.1135;11;0
СаратЭн-ао;60;20171228;180000;0.115;0.1155;0.115;0.1155;10;0
СаратЭн-ао;60;20171229;180000;0.1145;0.1165;0.1145;0.1155;8;0
