<TICKER>;<PER>;<DATE>;<TIME>;<OPEN>;<HIGH>;<LOW>;<CLOSE>;<VOL>;<OPENINT>
Селестра;60;20170124;110000;489;489;489;489;1;0
Селестра;60;20170125;130000;493;499;493;499;7;0
Селестра;60;20170125;150000;494;494;489;489;6;0
Селестра;60;20170125;180000;490;490;490;490;93;0
Селестра;60;20170126;140000;494;521;494;499;11;0
Селестра;60;20170126;170000;494;494;490;490;7;0
Селестра;60;20170126;180000;496;496;490;490;2;0
Селестра;60;20170127;100000;427;490;427;490;14;0
Селестра;60;20170127;110000;492;492;492;492;1;0
Селестра;60;20170127;140000;493;493;493;493;20;0
Селестра;60;20170127;160000;494;495;494;495;2;0
Селестра;60;20170127;180000;493;493;493;493;1;0
Селестра;60;20170130;150000;496;511;496;501;10;0
Селестра;60;20170130;160000;501;522;499;509;104;0
Селестра;60;20170130;170000;508;508;508;508;1;0
Селестра;60;20170131;100000;507;507;507;507;1;0
Селестра;60;20170131;110000;506;506;506;506;1;0
Селестра;60;20170131;130000;505;505;400;411;2542;0
Селестра;60;20170131;140000;411;423;400;414;858;0
Селестра;60;20170131;150000;414;426;395;405;1804;0
Селестра;60;20170131;160000;405;415;402;414;370;0
Селестра;60;20170131;170000;411;417;407;415;289;0
Селестра;60;20170131;180000;418;418;407;411;367;0
Селестра;60;20170201;100000;409;417;401;411;58;0
Селестра;60;20170201;110000;406;409;402;409;45;0
Селестра;60;20170201;120000;403;403;402;402;12;0
Селестра;60;20170201;130000;408;408;408;408;1;0
Селестра;60;20170201;140000;408;408;408;408;2;0
Селестра;60;20170201;150000;409;411;409;411;9;0
Селестра;60;20170201;170000;405;405;402;405;44;0
Селестра;60;20170201;180000;404;404;404;404;46;0
Селестра;60;20170202;100000;403;419;392;399;48;0
Селестра;60;20170202;120000;403;411;394;411;80;0
Селестра;60;20170202;130000;404;404;400;404;11;0
Селестра;60;20170202;140000;403;403;403;403;1;0
Селестра;60;20170202;150000;401;401;401;401;1;0
Селестра;60;20170202;160000;404;405;404;405;3;0
Селестра;60;20170202;170000;406;410;406;409;7;0
Селестра;60;20170202;180000;410;410;410;410;1;0
Селестра;60;20170203;100000;409;411;398;403;14;0
Селестра;60;20170203;110000;406;406;406;406;1;0
Селестра;60;20170203;120000;409;409;409;409;1;0
Селестра;60;20170203;140000;403;409;403;409;8;0
Селестра;60;20170203;160000;410;410;410;410;5;0
Селестра;60;20170203;180000;410;410;410;410;30;0
Селестра;60;20170206;100000;398;398;390;390;80;0
Селестра;60;20170206;110000;393;405;393;405;28;0
Селестра;60;20170206;120000;404;404;404;404;1;0
Селестра;60;20170206;130000;400;400;390;390;90;0
Селестра;60;20170206;140000;395;399;395;399;10;0
Селестра;60;20170206;150000;394;394;385;394;104;0
Селестра;60;20170206;160000;393;393;389;389;3;0
Селестра;60;20170206;170000;394;396;392;392;3;0
Селестра;60;20170206;180000;396;397;396;397;3;0
Селестра;60;20170207;100000;406;406;398;398;11;0
Селестра;60;20170207;110000;400;400;400;400;1;0
Селестра;60;20170207;120000;398;398;396;396;10;0
Селестра;60;20170207;130000;396;396;390;395;21;0
Селестра;60;20170207;160000;396;396;394;394;2;0
Селестра;60;20170207;180000;396;396;396;396;1;0
Селестра;60;20170208;110000;396;396;392;392;9;0
Селестра;60;20170208;150000;392;392;392;392;2;0
Селестра;60;20170208;160000;392;399;392;399;50;0
Селестра;60;20170208;170000;394;396;394;396;9;0
Селестра;60;20170208;180000;393;394;393;394;25;0
Селестра;60;20170209;100000;392;392;392;392;1;0
Селестра;60;20170209;110000;391;391;378;382;46;0
Селестра;60;20170209;120000;384;388;373;374;115;0
Селестра;60;20170209;150000;378;378;378;378;1;0
Селестра;60;20170209;160000;375;375;375;375;2;0
Селестра;60;20170209;170000;374;374;374;374;23;0
Селестра;60;20170209;180000;379;379;379;379;1;0
Селестра;60;20170210;100000;382;382;382;382;1;0
Селестра;60;20170210;110000;381;381;381;381;1;0
Селестра;60;20170210;130000;381;381;381;381;1;0
Селестра;60;20170210;160000;376;376;376;376;174;0
Селестра;60;20170210;180000;375;375;365;366;48;0
Селестра;60;20170213;100000;380;389;373;380;26;0
Селестра;60;20170213;110000;379;383;377;383;62;0
Селестра;60;20170213;120000;384;387;384;387;6;0
Селестра;60;20170213;130000;386;386;385;385;4;0
Селестра;60;20170213;140000;388;393;388;393;6;0
Селестра;60;20170213;150000;390;393;390;393;2;0
Селестра;60;20170213;160000;394;398;394;398;33;0
Селестра;60;20170213;170000;395;395;392;392;3;0
Селестра;60;20170214;100000;392;497;392;424;1287;0
Селестра;60;20170214;110000;425;433;405;425;334;0
Селестра;60;20170214;120000;424;424;403;421;54;0
Селестра;60;20170214;130000;417;419;414;419;7;0
Селестра;60;20170214;140000;415;415;415;415;1;0
Селестра;60;20170214;150000;415;433;415;423;58;0
Селестра;60;20170214;160000;427;427;410;410;57;0
Селестра;60;20170214;170000;414;423;410;423;52;0
Селестра;60;20170215;090000;390;390;390;390;1;0
Селестра;60;20170215;100000;393;400;385;391;160;0
Селестра;60;20170215;110000;392;392;377;377;416;0
Селестра;60;20170215;120000;382;382;365;382;562;0
Селестра;60;20170215;130000;377;379;365;379;57;0
Селестра;60;20170215;140000;380;382;380;382;11;0
Селестра;60;20170215;150000;377;377;372;374;16;0
Селестра;60;20170215;160000;373;381;366;381;63;0
Селестра;60;20170215;170000;380;382;380;381;21;0
Селестра;60;20170215;180000;380;382;380;382;57;0
Селестра;60;20170216;100000;375;382;372;382;59;0
Селестра;60;20170216;110000;382;382;382;382;5;0
Селестра;60;20170216;130000;376;376;325;347;501;0
Селестра;60;20170216;140000;352;371;345;367;103;0
Селестра;60;20170216;150000;363;363;331;343;104;0
Селестра;60;20170216;160000;346;356;346;353;23;0
Селестра;60;20170216;170000;354;379;354;367;340;0
Селестра;60;20170216;180000;367;367;366;367;7;0
Селестра;60;20170217;100000;367;370;364;364;11;0
Селестра;60;20170217;110000;365;365;342;360;8;0
Селестра;60;20170217;120000;360;360;360;360;13;0
Селестра;60;20170217;130000;360;376;360;376;27;0
Селестра;60;20170217;140000;370;370;370;370;1;0
Селестра;60;20170217;150000;369;369;369;369;22;0
Селестра;60;20170217;160000;368;368;364;364;5;0
Селестра;60;20170217;170000;363;363;360;360;10;0
Селестра;60;20170217;180000;361;361;252;342;439;0
Селестра;60;20170220;110000;328;345;328;345;3;0
Селестра;60;20170220;120000;328;328;326;326;5;0
Селестра;60;20170220;130000;335;335;328;328;3;0
Селестра;60;20170220;140000;343;344;343;344;2;0
Селестра;60;20170220;150000;344;347;344;347;68;0
Селестра;60;20170220;160000;340;340;318;325;34;0
Селестра;60;20170220;170000;335;335;318;318;21;0
Селестра;60;20170220;180000;323;346;317;346;82;0
Селестра;60;20170221;120000;321;322;317;317;38;0
Селестра;60;20170221;130000;318;318;318;318;3;0
Селестра;60;20170221;140000;318;335;318;335;2;0
Селестра;60;20170221;150000;338;339;338;339;2;0
Селестра;60;20170221;180000;320;326;318;326;16;0
Селестра;60;20170222;090000;338;338;338;338;2;0
Селестра;60;20170222;100000;338;338;328;328;13;0
Селестра;60;20170222;110000;330;331;330;331;81;0
Селестра;60;20170222;130000;331;334;330;330;11;0
Селестра;60;20170222;150000;334;334;334;334;3;0
Селестра;60;20170222;160000;327;327;327;327;1;0
Селестра;60;20170222;170000;330;330;330;330;2;0
Селестра;60;20170222;180000;326;326;326;326;1;0
Селестра;60;20170224;130000;325;325;325;325;1;0
Селестра;60;20170224;140000;324;324;324;324;2;0
Селестра;60;20170224;170000;323;323;317;317;56;0
