<TICKER>;<PER>;<DATE>;<TIME>;<OPEN>;<HIGH>;<LOW>;<CLOSE>;<VOL>;<OPENINT>
Селигдар;60;20170124;100000;10.37;10.5;10.07;10.2;1212;0
Селигдар;60;20170124;110000;10.28;10.28;10.04;10.2;1017;0
Селигдар;60;20170124;120000;10.2;10.34;10.06;10.18;1466;0
Селигдар;60;20170124;130000;10.26;10.32;10.06;10.1;745;0
Селигдар;60;20170124;140000;10.05;10.26;10.02;10.1;1037;0
Селигдар;60;20170124;150000;10.23;10.35;10.1;10.35;452;0
Селигдар;60;20170124;160000;10.26;10.44;10.25;10.44;404;0
Селигдар;60;20170124;170000;10.44;10.5;10.1;10.1;1158;0
Селигдар;60;20170124;180000;10.25;10.3;10.15;10.3;128;0
Селигдар;60;20170125;100000;10.35;10.57;10.24;10.38;790;0
Селигдар;60;20170125;110000;10.39;10.46;10.15;10.16;1868;0
Селигдар;60;20170125;120000;10.17;10.25;10.16;10.25;5;0
Селигдар;60;20170125;130000;10.24;10.3;10.16;10.29;45;0
Селигдар;60;20170125;140000;10.28;10.36;10.18;10.2;144;0
Селигдар;60;20170125;150000;10.19;10.24;10.15;10.21;503;0
Селигдар;60;20170125;160000;10.2;10.25;10.2;10.25;225;0
Селигдар;60;20170125;170000;10.18;10.3;10.15;10.3;171;0
Селигдар;60;20170125;180000;10.28;10.28;10.15;10.15;969;0
Селигдар;60;20170126;100000;10.2;10.25;9.92;10.19;2100;0
Селигдар;60;20170126;110000;10.11;10.2;10.1;10.1;305;0
Селигдар;60;20170126;120000;10.11;10.23;10.09;10.1;478;0
Селигдар;60;20170126;130000;10.13;10.24;10.1;10.17;144;0
Селигдар;60;20170126;140000;10.11;10.12;10.05;10.05;458;0
Селигдар;60;20170126;150000;10.05;10.1;9.94;10.1;412;0
Селигдар;60;20170126;160000;10.1;10.2;10.1;10.19;621;0
Селигдар;60;20170126;170000;10.19;10.19;10.1;10.15;74;0
Селигдар;60;20170126;180000;10.12;10.17;10.1;10.17;105;0
Селигдар;60;20170127;100000;10.12;10.12;9.99;10.01;560;0
Селигдар;60;20170127;110000;10.01;10.29;10.01;10.21;443;0
Селигдар;60;20170127;120000;10.2;10.34;10.2;10.21;77;0
Селигдар;60;20170127;130000;10.25;10.36;10.21;10.23;204;0
Селигдар;60;20170127;140000;10.22;10.29;10.2;10.28;92;0
Селигдар;60;20170127;150000;10.22;10.24;10.22;10.24;4;0
Селигдар;60;20170127;170000;10.22;10.24;10.2;10.2;24;0
Селигдар;60;20170127;180000;10.2;10.22;10.2;10.21;35;0
Селигдар;60;20170130;100000;10.17;10.24;10.12;10.12;205;0
Селигдар;60;20170130;110000;10.17;10.17;10.17;10.17;1;0
Селигдар;60;20170130;140000;10.18;10.22;10.18;10.22;22;0
Селигдар;60;20170130;150000;10.16;10.16;10.15;10.15;2;0
Селигдар;60;20170130;160000;10.15;10.15;10.1;10.1;479;0
Селигдар;60;20170130;170000;10.11;10.11;10.1;10.1;62;0
Селигдар;60;20170130;180000;10.14;10.24;10.1;10.24;4;0
Селигдар;60;20170131;100000;10.18;10.2;10.15;10.2;391;0
Селигдар;60;20170131;110000;10.2;10.2;10.2;10.2;46;0
Селигдар;60;20170131;120000;10.19;10.28;10.17;10.28;65;0
Селигдар;60;20170131;140000;10.26;10.26;10.26;10.26;1;0
Селигдар;60;20170131;150000;10.28;10.58;10.28;10.5;824;0
Селигдар;60;20170131;160000;10.5;10.5;10.5;10.5;2;0
Селигдар;60;20170131;170000;10.51;10.57;10.51;10.51;43;0
Селигдар;60;20170131;180000;10.57;12;10.57;11.9;3516;0
Селигдар;60;20170201;090000;12;12;12;12;6;0
Селигдар;60;20170201;100000;11.99;11.99;11.3;11.48;512;0
Селигдар;60;20170201;110000;11.48;11.49;10.88;10.88;752;0
Селигдар;60;20170201;120000;11.02;11.25;10.87;11.05;979;0
Селигдар;60;20170201;130000;11.05;11.19;10.96;11.15;339;0
Селигдар;60;20170201;140000;11.2;11.24;11.11;11.22;103;0
Селигдар;60;20170201;150000;11.24;11.91;11.21;11.78;449;0
Селигдар;60;20170201;160000;11.77;11.87;11.52;11.64;158;0
Селигдар;60;20170201;170000;11.64;11.64;11.41;11.58;11;0
Селигдар;60;20170201;180000;11.43;11.5;11.31;11.47;33;0
Селигдар;60;20170202;100000;11.49;11.55;11.05;11.2;254;0
Селигдар;60;20170202;110000;11.2;11.2;11.15;11.18;19;0
Селигдар;60;20170202;120000;11.14;11.18;11;11.15;197;0
Селигдар;60;20170202;130000;11.2;11.21;11.2;11.2;15;0
Селигдар;60;20170202;140000;11.2;11.33;11.2;11.33;47;0
Селигдар;60;20170202;150000;11.33;11.33;11.25;11.25;15;0
Селигдар;60;20170202;160000;11.24;11.24;11.24;11.24;2;0
Селигдар;60;20170202;170000;11.33;11.54;11.33;11.54;31;0
Селигдар;60;20170202;180000;11.4;11.4;11.22;11.3;32;0
Селигдар;60;20170203;100000;11.17;11.45;11.17;11.38;149;0
Селигдар;60;20170203;110000;11.37;11.44;11.37;11.44;6;0
Селигдар;60;20170203;120000;11.4;11.48;11.26;11.26;46;0
Селигдар;60;20170203;130000;11.45;11.55;11.45;11.55;408;0
Селигдар;60;20170203;140000;11.58;11.95;11.56;11.56;1277;0
Селигдар;60;20170203;150000;11.56;11.56;11.47;11.47;256;0
Селигдар;60;20170203;160000;11.58;11.62;11.47;11.62;17;0
Селигдар;60;20170203;170000;11.63;11.95;11.5;11.9;468;0
Селигдар;60;20170203;180000;11.84;11.84;11.55;11.8;6;0
Селигдар;60;20170206;090000;12;12;12;12;1;0
Селигдар;60;20170206;100000;11.84;11.92;11.68;11.88;129;0
Селигдар;60;20170206;110000;11.78;12.2;11.78;12.2;291;0
Селигдар;60;20170206;120000;12.2;13.75;12.2;13.07;4426;0
Селигдар;60;20170206;130000;13.08;13.14;12.88;13;437;0
Селигдар;60;20170206;140000;12.93;13.24;12.89;13.05;266;0
Селигдар;60;20170206;150000;13;13.49;12.75;13.11;1063;0
Селигдар;60;20170206;160000;13.28;13.34;13.16;13.18;226;0
Селигдар;60;20170206;170000;13.18;13.36;12.85;13.2;449;0
Селигдар;60;20170206;180000;13.03;13.34;12.85;13.3;357;0
Селигдар;60;20170207;090000;13.49;13.49;13.49;13.49;1;0
Селигдар;60;20170207;100000;13.48;13.49;12.66;12.88;370;0
Селигдар;60;20170207;110000;12.89;13.18;12.89;12.93;394;0
Селигдар;60;20170207;120000;13.08;13.09;12.67;12.72;291;0
Селигдар;60;20170207;130000;12.83;12.84;12.8;12.8;12;0
Селигдар;60;20170207;140000;12.81;13;12.81;12.92;90;0
Селигдар;60;20170207;150000;12.93;13.04;12.9;13;22;0
Селигдар;60;20170207;160000;13.07;13.15;12.86;13.15;142;0
Селигдар;60;20170207;170000;13.05;13.21;13;13.01;40;0
Селигдар;60;20170207;180000;13.01;13.28;12.96;13.21;63;0
Селигдар;60;20170208;100000;13.08;13.14;12.57;12.75;694;0
Селигдар;60;20170208;110000;12.71;12.73;12.59;12.73;253;0
Селигдар;60;20170208;120000;12.78;13.1;12.78;13.05;424;0
Селигдар;60;20170208;130000;12.99;13.08;12.99;13.08;31;0
Селигдар;60;20170208;140000;13.06;13.06;13.05;13.05;35;0
Селигдар;60;20170208;150000;13.03;13.03;12.99;12.99;66;0
Селигдар;60;20170208;160000;12.99;12.99;12.99;12.99;13;0
Селигдар;60;20170208;170000;13.04;13.09;13;13.09;198;0
Селигдар;60;20170208;180000;13.18;13.2;12.99;13.2;203;0
Селигдар;60;20170209;100000;13.04;13.18;13.04;13.05;14;0
Селигдар;60;20170209;110000;13.04;13.04;12.99;13.04;126;0
Селигдар;60;20170209;120000;13;13.14;13;13.14;9;0
Селигдар;60;20170209;130000;13.15;13.2;13;13.2;261;0
Селигдар;60;20170209;140000;13.02;13.03;12.9;12.9;865;0
Селигдар;60;20170209;150000;12.87;12.87;12.7;12.72;170;0
Селигдар;60;20170209;160000;12.82;12.88;12.45;12.78;972;0
Селигдар;60;20170209;170000;12.8;12.88;12.8;12.86;117;0
Селигдар;60;20170209;180000;12.83;12.9;12.77;12.9;119;0
Селигдар;60;20170210;090000;12.67;12.67;12.67;12.67;1;0
Селигдар;60;20170210;100000;12.73;12.85;12.5;12.8;109;0
Селигдар;60;20170210;110000;12.79;12.79;12.74;12.74;21;0
Селигдар;60;20170210;120000;12.72;12.84;12.71;12.84;37;0
Селигдар;60;20170210;130000;12.84;12.87;12.72;12.84;17;0
Селигдар;60;20170210;140000;12.76;12.76;12.56;12.56;492;0
Селигдар;60;20170210;150000;12.62;12.87;12.6;12.87;96;0
Селигдар;60;20170210;160000;12.7;12.71;12.52;12.52;24;0
Селигдар;60;20170210;170000;12.52;12.52;12.43;12.5;644;0
Селигдар;60;20170210;180000;12.58;12.84;12.58;12.84;58;0
Селигдар;60;20170213;100000;12.61;12.61;12.49;12.5;511;0
Селигдар;60;20170213;110000;12.45;12.5;12.09;12.3;421;0
Селигдар;60;20170213;120000;12.3;12.42;12.15;12.35;239;0
Селигдар;60;20170213;130000;12.33;12.33;12.3;12.3;5;0
Селигдар;60;20170213;140000;12.3;12.3;12.3;12.3;2;0
Селигдар;60;20170213;150000;12.23;12.23;12;12.16;1028;0
Селигдар;60;20170213;160000;12.05;12.13;11.93;12.1;176;0
Селигдар;60;20170213;170000;12.02;12.1;12;12.1;56;0
Селигдар;60;20170213;180000;12.15;12.42;12.15;12.3;357;0
Селигдар;60;20170214;100000;12.16;12.48;11.79;12.48;1022;0
Селигдар;60;20170214;110000;12.39;12.73;12.36;12.58;332;0
Селигдар;60;20170214;120000;12.54;12.54;12.31;12.34;547;0
Селигдар;60;20170214;130000;12.31;12.31;12.08;12.23;119;0
Селигдар;60;20170214;140000;12.22;12.23;12.08;12.08;18;0
Селигдар;60;20170214;150000;12.2;12.2;12.07;12.07;7;0
Селигдар;60;20170214;160000;12.17;12.3;12.1;12.1;69;0
Селигдар;60;20170214;170000;12.25;12.25;12.24;12.25;12;0
Селигдар;60;20170214;180000;12.14;12.14;12.02;12.08;87;0
Селигдар;60;20170215;100000;12.02;12.02;11.7;11.7;438;0
Селигдар;60;20170215;110000;11.69;11.9;11.69;11.9;133;0
Селигдар;60;20170215;120000;11.88;11.9;11.7;11.73;141;0
Селигдар;60;20170215;130000;11.75;11.75;11.65;11.69;71;0
Селигдар;60;20170215;140000;11.69;11.81;11.66;11.81;521;0
Селигдар;60;20170215;150000;11.72;11.72;11.7;11.71;532;0
Селигдар;60;20170215;160000;11.7;11.7;11.66;11.66;22;0
Селигдар;60;20170215;170000;11.78;11.78;11.78;11.78;3;0
Селигдар;60;20170215;180000;11.8;11.8;11.78;11.78;24;0
Селигдар;60;20170216;100000;11.82;11.82;11.36;11.4;440;0
Селигдар;60;20170216;110000;11.4;11.48;11.37;11.43;43;0
Селигдар;60;20170216;120000;11.42;11.61;11.37;11.61;189;0
Селигдар;60;20170216;130000;11.5;11.5;11.49;11.5;12;0
Селигдар;60;20170216;140000;11.5;11.5;11.49;11.49;2;0
Селигдар;60;20170216;150000;11.5;11.5;11.5;11.5;1;0
Селигдар;60;20170216;160000;11.5;11.5;11.5;11.5;1;0
Селигдар;60;20170216;170000;11.57;11.58;11.57;11.58;5;0
Селигдар;60;20170216;180000;11.52;11.57;11.47;11.55;12;0
Селигдар;60;20170217;100000;11.41;11.41;11.1;11.28;661;0
Селигдар;60;20170217;110000;11.29;11.3;11.15;11.21;120;0
Селигдар;60;20170217;140000;11.15;11.23;11.07;11.23;280;0
Селигдар;60;20170217;150000;11.22;11.23;11.22;11.23;50;0
Селигдар;60;20170217;160000;11.23;11.23;11;11.12;574;0
Селигдар;60;20170217;170000;11.12;11.13;11.07;11.13;11;0
Селигдар;60;20170217;180000;11.07;11.12;11.01;11.11;99;0
Селигдар;60;20170220;100000;11.02;11.02;10.91;10.93;23;0
Селигдар;60;20170220;110000;11.01;11.09;10.83;10.83;451;0
Селигдар;60;20170220;120000;11;11;10.66;10.66;524;0
Селигдар;60;20170220;130000;10.66;10.67;10.66;10.67;51;0
Селигдар;60;20170220;140000;10.74;10.81;10.67;10.68;95;0
Селигдар;60;20170220;150000;10.68;10.68;10.57;10.57;320;0
Селигдар;60;20170220;160000;10.63;10.66;10.6;10.66;261;0
Селигдар;60;20170220;170000;10.69;10.7;10.69;10.7;11;0
Селигдар;60;20170220;180000;10.7;10.7;10.53;10.65;125;0
Селигдар;60;20170221;100000;10.59;10.59;10.51;10.51;7;0
Селигдар;60;20170221;110000;10.58;10.65;10.5;10.5;531;0
Селигдар;60;20170221;120000;10.55;10.55;10.51;10.55;85;0
Селигдар;60;20170221;130000;10.52;10.54;10.51;10.54;33;0
Селигдар;60;20170221;140000;10.54;10.55;10.54;10.55;5;0
Селигдар;60;20170221;150000;10.57;10.57;10.57;10.57;1;0
Селигдар;60;20170221;160000;10.61;10.61;10.6;10.6;35;0
Селигдар;60;20170221;170000;10.63;10.67;10.61;10.67;18;0
Селигдар;60;20170221;180000;10.68;10.72;10.6;10.72;22;0
Селигдар;60;20170222;090000;10.75;10.75;10.75;10.75;3;0
Селигдар;60;20170222;100000;10.76;10.79;10.73;10.75;96;0
Селигдар;60;20170222;110000;10.75;10.75;10.73;10.73;15;0
Селигдар;60;20170222;130000;10.72;10.75;10.72;10.75;160;0
Селигдар;60;20170222;140000;10.74;10.76;10.57;10.57;551;0
Селигдар;60;20170222;150000;10.55;10.69;10.51;10.65;285;0
Селигдар;60;20170222;160000;10.55;10.55;10.53;10.53;2;0
Селигдар;60;20170222;170000;10.6;10.6;10.49;10.49;348;0
Селигдар;60;20170222;180000;10.48;10.51;10.31;10.44;70;0
Селигдар;60;20170224;090000;10.48;10.48;10.48;10.48;1;0
Селигдар;60;20170224;100000;10.5;10.5;10.5;10.5;10;0
Селигдар;60;20170224;110000;10.42;10.42;10.37;10.37;20;0
Селигдар;60;20170224;120000;10.33;10.33;10.14;10.2;34;0
Селигдар;60;20170224;130000;10.1;10.1;10.1;10.1;60;0
Селигдар;60;20170224;140000;10.12;10.12;9.83;10;359;0
Селигдар;60;20170224;150000;10;10.1;10;10.1;43;0
Селигдар;60;20170224;160000;10.1;10.23;10.1;10.23;27;0
Селигдар;60;20170224;170000;10.1;10.1;10.1;10.1;1;0
Селигдар;60;20170224;180000;10.06;10.2;10;10;50;0
Селигдар;60;20170227;100000;10.01;10.2;10.01;10.19;276;0
Селигдар;60;20170227;110000;10.2;10.3;10.2;10.3;76;0
Селигдар;60;20170227;120000;10.29;10.57;10.29;10.53;175;0
Селигдар;60;20170227;130000;10.53;10.53;10.45;10.45;4;0
Селигдар;60;20170227;140000;10.44;10.44;10.08;10.11;394;0
Селигдар;60;20170227;150000;10.11;10.23;10.03;10.17;409;0
Селигдар;60;20170227;160000;10.18;10.94;10.17;10.94;823;0
Селигдар;60;20170227;170000;10.95;11.18;10.79;11;474;0
Селигдар;60;20170227;180000;11;11.18;10.98;11.18;92;0
Селигдар;60;20170228;100000;11.05;11.18;10.36;10.45;364;0
Селигдар;60;20170228;110000;10.42;10.42;10.37;10.37;17;0
Селигдар;60;20170228;120000;10.38;10.51;10.36;10.51;55;0
Селигдар;60;20170228;130000;10.5;10.8;10.4;10.8;182;0
Селигдар;60;20170228;140000;10.6;10.6;10.6;10.6;1;0
Селигдар;60;20170228;150000;10.57;10.7;10.57;10.7;66;0
Селигдар;60;20170228;160000;10.68;10.71;10.44;10.51;98;0
Селигдар;60;20170228;170000;10.5;10.5;10.5;10.5;290;0
Селигдар;60;20170228;180000;10.53;10.91;10.49;10.91;78;0
Селигдар;60;20170301;100000;10.91;10.91;10.51;10.6;68;0
Селигдар;60;20170301;110000;10.6;10.6;10.58;10.59;22;0
Селигдар;60;20170301;120000;10.5;10.51;10.5;10.5;43;0
Селигдар;60;20170301;130000;10.59;10.59;10.59;10.59;1;0
Селигдар;60;20170301;140000;10.53;10.53;10.52;10.52;2;0
Селигдар;60;20170301;150000;10.51;10.51;10.5;10.5;30;0
Селигдар;60;20170301;160000;10.5;10.66;10.5;10.66;106;0
Селигдар;60;20170301;170000;10.67;10.75;10.51;10.75;136;0
Селигдар;60;20170301;180000;10.76;10.76;10.6;10.68;4;0
Селигдар;60;20170302;100000;10.55;10.57;10.55;10.56;29;0
Селигдар;60;20170302;110000;10.56;10.6;10.51;10.6;41;0
Селигдар;60;20170302;120000;10.51;10.51;10.39;10.44;459;0
Селигдар;60;20170302;130000;10.5;10.5;10.5;10.5;100;0
Селигдар;60;20170302;140000;10.5;10.58;10.5;10.5;302;0
Селигдар;60;20170302;150000;10.51;10.51;10.5;10.5;402;0
Селигдар;60;20170302;160000;10.47;10.47;10.47;10.47;6;0
Селигдар;60;20170302;170000;10.57;10.75;10.57;10.75;112;0
Селигдар;60;20170302;180000;10.57;10.57;10.53;10.55;7;0
Селигдар;60;20170303;100000;10.55;10.61;10.39;10.61;428;0
Селигдар;60;20170303;110000;10.6;10.63;10.6;10.63;19;0
Селигдар;60;20170303;120000;10.45;10.45;10.45;10.45;2;0
Селигдар;60;20170303;130000;10.45;10.45;10.44;10.44;5;0
Селигдар;60;20170303;150000;10.44;10.44;10.41;10.41;11;0
Селигдар;60;20170303;160000;10.4;10.4;10.3;10.3;110;0
Селигдар;60;20170303;170000;10.4;10.42;10.3;10.3;7;0
Селигдар;60;20170303;180000;10.29;10.42;10.28;10.42;15;0
Селигдар;60;20170306;100000;10.42;10.42;10.36;10.36;5;0
Селигдар;60;20170306;130000;10.42;10.5;10.41;10.41;31;0
Селигдар;60;20170306;140000;10.42;10.42;10.4;10.4;5;0
Селигдар;60;20170306;150000;10.4;10.4;10.4;10.4;11;0
Селигдар;60;20170306;160000;10.42;10.61;10.42;10.61;126;0
Селигдар;60;20170306;170000;10.5;10.5;10.5;10.5;5;0
Селигдар;60;20170306;180000;10.43;10.43;10.43;10.43;1;0
Селигдар;60;20170307;100000;10.49;11.5;10.45;10.7;47;0
Селигдар;60;20170307;110000;10.71;10.82;10.6;10.61;369;0
Селигдар;60;20170307;120000;10.57;10.61;10.37;10.37;238;0
Селигдар;60;20170307;130000;10.4;10.4;10.37;10.37;24;0
Селигдар;60;20170307;140000;10.36;10.38;10.3;10.38;53;0
Селигдар;60;20170307;150000;10.38;10.38;10.18;10.22;664;0
Селигдар;60;20170307;160000;10.28;10.32;10.28;10.32;8;0
Селигдар;60;20170307;170000;10.38;10.49;10.38;10.49;15;0
Селигдар;60;20170307;180000;10.51;10.52;10.51;10.52;3;0
Селигдар;60;20170309;110000;10.45;10.5;10.32;10.32;92;0
Селигдар;60;20170309;120000;10.33;10.37;10.15;10.37;224;0
Селигдар;60;20170309;130000;10.23;10.23;10.23;10.23;1;0
Селигдар;60;20170309;140000;10.23;10.23;10.14;10.14;19;0
Селигдар;60;20170309;150000;10.14;10.14;10;10.01;36;0
Селигдар;60;20170309;160000;10.13;10.14;10;10.14;30;0
Селигдар;60;20170309;170000;10.02;10.03;9.91;9.91;99;0
Селигдар;60;20170309;180000;9.88;9.9;9.84;9.84;36;0
Селигдар;60;20170310;100000;9.8;9.8;9.39;9.56;445;0
Селигдар;60;20170310;110000;9.68;9.74;9.39;9.49;618;0
Селигдар;60;20170310;120000;9.5;9.65;9.49;9.65;28;0
Селигдар;60;20170310;130000;9.5;9.53;9.49;9.53;25;0
Селигдар;60;20170310;140000;9.46;9.5;9.4;9.5;77;0
Селигдар;60;20170310;150000;9.41;9.41;9.4;9.4;82;0
Селигдар;60;20170310;160000;9.45;10.24;9.4;9.81;1937;0
Селигдар;60;20170310;170000;9.93;11.82;9.82;9.83;950;0
Селигдар;60;20170310;180000;9.99;10.18;9.99;9.99;24;0
Селигдар;60;20170313;100000;10.02;10.19;9.84;10;510;0
Селигдар;60;20170313;120000;9.83;9.83;9.83;9.83;4;0
Селигдар;60;20170313;130000;9.81;9.9;9.8;9.9;29;0
Селигдар;60;20170313;140000;9.8;9.94;9.8;9.9;96;0
Селигдар;60;20170313;160000;9.9;9.9;9.78;9.78;35;0
Селигдар;60;20170313;170000;9.78;9.87;9.78;9.87;5;0
Селигдар;60;20170313;180000;9.92;9.92;9.77;9.77;5;0
Селигдар;60;20170314;100000;9.71;9.9;9.71;9.9;21;0
Селигдар;60;20170314;110000;9.9;9.99;9.9;9.99;40;0
Селигдар;60;20170314;130000;9.9;9.9;9.9;9.9;21;0
Селигдар;60;20170314;140000;9.85;9.85;9.85;9.85;4;0
Селигдар;60;20170314;150000;9.9;9.95;9.9;9.95;30;0
Селигдар;60;20170314;170000;9.9;9.9;9.82;9.82;5;0
Селигдар;60;20170314;180000;9.82;9.82;9.81;9.81;11;0
Селигдар;60;20170315;100000;9.94;9.95;9.94;9.95;7;0
Селигдар;60;20170315;110000;9.94;9.94;9.94;9.94;3;0
Селигдар;60;20170315;120000;9.8;9.8;9.77;9.77;13;0
Селигдар;60;20170315;130000;9.78;10;9.75;10;143;0
Селигдар;60;20170315;140000;9.99;10;9.99;10;8;0
Селигдар;60;20170315;150000;9.98;9.98;9.98;9.98;1;0
Селигдар;60;20170315;160000;9.92;10;9.9;10;136;0
Селигдар;60;20170315;170000;9.99;9.99;9.89;9.9;23;0
Селигдар;60;20170315;180000;9.9;9.9;9.9;9.9;1;0
Селигдар;60;20170316;090000;10;10;10;10;20;0
Селигдар;60;20170316;100000;10.32;10.32;9.98;10;384;0
Селигдар;60;20170316;110000;10;10;10;10;82;0
Селигдар;60;20170316;120000;10;10;9.97;9.97;6;0
Селигдар;60;20170316;130000;9.96;10;9.93;10;24;0
Селигдар;60;20170316;140000;10;10;9.86;9.86;27;0
Селигдар;60;20170316;150000;9.92;9.92;9.92;9.92;9;0
Селигдар;60;20170316;160000;9.96;10;9.96;10;440;0
Селигдар;60;20170316;170000;10;10;9.96;10;171;0
Селигдар;60;20170316;180000;9.94;10.25;9.94;10.25;27;0
Селигдар;60;20170317;090000;10.33;10.33;10.33;10.33;1;0
Селигдар;60;20170317;100000;10.34;10.35;9.98;10;144;0
Селигдар;60;20170317;110000;10;10;9.98;10;21;0
Селигдар;60;20170317;120000;10;10;10;10;41;0
Селигдар;60;20170317;130000;10;10;10;10;1;0
Селигдар;60;20170317;140000;10;10;9.91;9.91;75;0
Селигдар;60;20170317;150000;9.99;10;9.99;9.99;55;0
Селигдар;60;20170317;160000;9.92;10;9.91;9.99;157;0
Селигдар;60;20170317;170000;10;10;10;10;15;0
Селигдар;60;20170317;180000;9.99;9.99;9.86;9.99;111;0
Селигдар;60;20170320;150000;9.97;10;9.86;9.86;17;0
Селигдар;60;20170320;160000;9.86;9.9;9.85;9.85;16;0
Селигдар;60;20170320;170000;9.85;9.85;9.84;9.84;100;0
Селигдар;60;20170320;180000;9.89;9.98;9.89;9.98;3;0
Селигдар;60;20170321;100000;9.9;9.99;9.9;9.99;5;0
Селигдар;60;20170321;110000;9.99;9.99;9.99;9.99;2;0
Селигдар;60;20170321;120000;9.9;9.9;9.9;9.9;1;0
Селигдар;60;20170321;130000;9.9;9.9;9.9;9.9;2;0
Селигдар;60;20170321;140000;9.9;9.9;9.9;9.9;3;0
Селигдар;60;20170321;150000;9.98;9.99;9.98;9.99;10;0
Селигдар;60;20170321;160000;9.99;9.99;9.99;9.99;6;0
Селигдар;60;20170321;170000;9.96;9.96;9.75;9.8;89;0
Селигдар;60;20170321;180000;9.88;9.99;9.88;9.98;13;0
Селигдар;60;20170322;100000;9.82;9.82;9.79;9.8;504;0
Селигдар;60;20170322;120000;9.8;9.8;9.8;9.8;1;0
Селигдар;60;20170322;150000;9.8;9.8;9.8;9.8;1;0
Селигдар;60;20170322;160000;9.71;9.71;9.69;9.69;31;0
Селигдар;60;20170322;170000;9.76;9.77;9.76;9.77;7;0
Селигдар;60;20170322;180000;9.78;9.78;9.78;9.78;1;0
Селигдар;60;20170323;100000;9.81;9.82;9.81;9.82;10;0
Селигдар;60;20170323;110000;9.7;9.8;9.6;9.6;82;0
Селигдар;60;20170323;120000;9.63;9.72;9.61;9.72;36;0
Селигдар;60;20170323;130000;9.72;9.77;9.72;9.77;4;0
Селигдар;60;20170323;150000;9.79;9.79;9.6;9.76;203;0
Селигдар;60;20170323;160000;9.61;9.69;9.61;9.69;12;0
Селигдар;60;20170323;170000;9.62;9.62;9.62;9.62;2;0
Селигдар;60;20170323;180000;9.62;9.71;9.61;9.71;14;0
Селигдар;60;20170324;100000;9.72;9.72;9.67;9.67;8;0
Селигдар;60;20170324;110000;9.68;9.68;9.66;9.66;13;0
Селигдар;60;20170324;120000;9.66;9.66;9.54;9.65;5;0
Селигдар;60;20170324;130000;9.65;9.66;9.65;9.66;3;0
Селигдар;60;20170324;150000;9.61;9.61;9.51;9.57;446;0
Селигдар;60;20170324;160000;9.57;10.39;9.35;10.39;710;0
Селигдар;60;20170324;170000;10.13;10.35;9.67;9.67;690;0
Селигдар;60;20170324;180000;9.68;9.68;9.52;9.52;73;0
Селигдар;60;20170327;100000;9.55;9.64;9.43;9.43;77;0
Селигдар;60;20170327;110000;9.54;9.59;9.43;9.58;60;0
Селигдар;60;20170327;120000;9.5;9.5;9.43;9.43;21;0
Селигдар;60;20170327;130000;9.37;9.4;9.1;9.26;92;0
Селигдар;60;20170327;140000;9.1;9.12;9.06;9.06;71;0
Селигдар;60;20170327;150000;9.13;9.23;9.13;9.21;54;0
Селигдар;60;20170327;160000;9.22;9.23;9.12;9.12;5;0
Селигдар;60;20170327;170000;9.11;9.34;9.05;9.31;220;0
Селигдар;60;20170327;180000;9.27;9.3;9.07;9.3;17;0
Селигдар;60;20170328;100000;9.34;9.35;9.14;9.32;43;0
Селигдар;60;20170328;110000;9.15;9.37;9.11;9.13;430;0
Селигдар;60;20170328;120000;9.29;9.34;9.29;9.34;100;0
Селигдар;60;20170328;140000;9.34;9.44;9.34;9.4;21;0
Селигдар;60;20170328;170000;9.4;9.4;9.21;9.34;8;0
Селигдар;60;20170328;180000;9.2;9.32;9.2;9.32;18;0
Селигдар;60;20170329;100000;9.12;9.35;9.12;9.34;4;0
Селигдар;60;20170329;110000;9.34;9.36;9.34;9.36;36;0
Селигдар;60;20170329;120000;9.16;9.16;9.16;9.16;1;0
Селигдар;60;20170329;130000;9.17;9.4;9.16;9.4;27;0
Селигдар;60;20170329;140000;9.4;9.4;9.4;9.4;3;0
Селигдар;60;20170329;150000;9.2;9.38;9.18;9.38;12;0
Селигдар;60;20170329;170000;9.38;9.47;9.28;9.47;83;0
Селигдар;60;20170330;100000;9.49;10.31;9.49;9.64;288;0
Селигдар;60;20170330;110000;9.64;9.64;9.57;9.57;35;0
Селигдар;60;20170330;120000;9.6;9.75;9.6;9.74;103;0
Селигдар;60;20170330;140000;9.6;9.73;9.52;9.73;52;0
Селигдар;60;20170330;150000;9.7;9.73;9.7;9.73;2;0
Селигдар;60;20170330;170000;9.64;9.75;9.64;9.75;12;0
Селигдар;60;20170330;180000;9.65;9.75;9.65;9.75;18;0
Селигдар;60;20170331;100000;9.78;9.98;9.59;9.59;4;0
Селигдар;60;20170331;120000;9.57;9.57;9.57;9.57;1;0
Селигдар;60;20170331;150000;9.74;9.74;9.74;9.74;1;0
Селигдар;60;20170331;170000;9.75;9.88;9.75;9.88;152;0
Селигдар;60;20170331;180000;9.7;9.8;9.7;9.8;2;0
Селигдар;60;20170403;100000;9.77;9.77;9.75;9.75;22;0
Селигдар;60;20170403;120000;9.7;9.85;9.7;9.83;125;0
Селигдар;60;20170403;150000;9.81;9.81;9.71;9.71;145;0
Селигдар;60;20170403;160000;9.69;9.69;9.69;9.69;1;0
Селигдар;60;20170403;170000;9.67;9.67;9.67;9.67;5;0
Селигдар;60;20170403;180000;9.63;9.63;9.62;9.62;12;0
Селигдар;60;20170404;100000;9.74;9.75;9.74;9.75;19;0
Селигдар;60;20170404;110000;9.61;9.61;9.6;9.6;87;0
Селигдар;60;20170404;120000;9.6;9.6;9.6;9.6;10;0
Селигдар;60;20170404;130000;9.68;9.75;9.68;9.75;146;0
Селигдар;60;20170404;140000;9.69;9.76;9.6;9.62;139;0
Селигдар;60;20170404;180000;9.61;9.7;9.61;9.7;3;0
Селигдар;60;20170405;100000;9.63;9.63;9.55;9.55;200;0
Селигдар;60;20170405;110000;9.67;9.67;9.67;9.67;1;0
Селигдар;60;20170405;130000;9.56;9.65;9.53;9.65;5;0
Селигдар;60;20170405;150000;9.59;9.59;9.59;9.59;1;0
Селигдар;60;20170405;170000;9.65;9.65;9.65;9.65;6;0
Селигдар;60;20170405;180000;9.65;9.69;9.6;9.6;19;0
Селигдар;60;20170406;100000;9.62;10.29;9.62;9.95;564;0
Селигдар;60;20170406;110000;10.01;10.05;9.86;10.04;335;0
Селигдар;60;20170406;120000;9.86;9.98;9.77;9.77;105;0
Селигдар;60;20170406;130000;9.85;9.85;9.8;9.8;3;0
Селигдар;60;20170406;140000;9.77;9.85;9.75;9.85;260;0
Селигдар;60;20170406;160000;9.88;9.88;9.88;9.88;1;0
Селигдар;60;20170406;170000;9.87;9.87;9.87;9.87;1;0
Селигдар;60;20170406;180000;9.74;9.74;9.73;9.73;2;0
Селигдар;60;20170407;100000;9.84;10.01;9.81;9.81;25;0
Селигдар;60;20170407;110000;9.78;9.8;9.78;9.8;11;0
Селигдар;60;20170407;130000;9.69;9.69;9.68;9.68;22;0
Селигдар;60;20170407;140000;9.69;9.69;9.68;9.68;4;0
Селигдар;60;20170407;160000;9.69;9.69;9.68;9.68;19;0
Селигдар;60;20170407;170000;9.68;9.68;9.67;9.67;2;0
Селигдар;60;20170407;180000;9.64;9.75;9.41;9.75;72;0
Селигдар;60;20170410;100000;9.61;9.61;9.4;9.4;77;0
Селигдар;60;20170410;110000;9.45;9.45;9.45;9.45;1;0
Селигдар;60;20170410;130000;9.43;9.43;9.35;9.35;6;0
Селигдар;60;20170410;140000;9.44;9.44;9.42;9.42;3;0
Селигдар;60;20170410;150000;9.42;9.42;9.42;9.42;1;0
Селигдар;60;20170410;160000;9.43;9.44;9.35;9.35;26;0
Селигдар;60;20170410;180000;9.43;9.43;9.43;9.43;1;0
Селигдар;60;20170411;100000;9.3;9.49;9.3;9.49;34;0
Селигдар;60;20170411;110000;9.49;9.49;9.49;9.49;1;0
Селигдар;60;20170411;120000;9.47;9.48;9.43;9.48;63;0
Селигдар;60;20170411;130000;9.49;10;9.35;9.78;540;0
Селигдар;60;20170411;140000;9.79;9.8;9.6;9.6;15;0
Селигдар;60;20170411;150000;9.69;9.8;9.6;9.79;30;0
Селигдар;60;20170411;170000;9.77;9.8;9.7;9.7;14;0
Селигдар;60;20170411;180000;9.63;9.63;9.62;9.62;4;0
Селигдар;60;20170412;100000;9.97;10.15;9.78;9.78;207;0
Селигдар;60;20170412;110000;9.7;9.8;9.68;9.69;71;0
Селигдар;60;20170412;120000;9.8;10;9.8;10;224;0
Селигдар;60;20170412;130000;10;10;9.85;9.86;16;0
Селигдар;60;20170412;140000;9.94;9.98;9.84;9.84;34;0
Селигдар;60;20170412;150000;9.83;9.83;9.74;9.74;22;0
Селигдар;60;20170412;160000;9.72;9.73;9.72;9.73;54501;0
Селигдар;60;20170412;170000;9.72;9.84;9.7;9.7;68;0
Селигдар;60;20170412;180000;9.71;9.71;9.59;9.61;89;0
Селигдар;60;20170413;100000;9.65;9.65;9.65;9.65;2;0
Селигдар;60;20170413;110000;9.61;9.61;9.61;9.61;1;0
Селигдар;60;20170413;130000;9.53;9.58;9.51;9.57;8;0
Селигдар;60;20170413;140000;9.51;9.51;9.51;9.51;2;0
Селигдар;60;20170413;160000;9.52;9.52;9.5;9.5;36;0
Селигдар;60;20170413;170000;9.5;9.5;9.01;9.44;155;0
Селигдар;60;20170414;110000;9.52;9.63;9.52;9.63;69;0
Селигдар;60;20170414;130000;9.52;9.52;9.49;9.49;13;0
Селигдар;60;20170414;150000;9.5;9.59;9.27;9.27;859;0
Селигдар;60;20170414;160000;9.16;9.16;9.11;9.11;100;0
Селигдар;60;20170414;170000;9.2;9.26;9.19;9.26;12;0
Селигдар;60;20170414;180000;9.27;9.28;9.2;9.28;15;0
Селигдар;60;20170417;100000;9.29;9.58;9.28;9.3;448;0
Селигдар;60;20170417;110000;9.28;9.28;9.15;9.21;267;0
Селигдар;60;20170417;130000;9.31;9.31;9.31;9.31;1;0
Селигдар;60;20170417;140000;9.31;9.31;9.24;9.25;53;0
Селигдар;60;20170417;150000;9.22;9.22;9.1;9.1;105;0
Селигдар;60;20170417;160000;9.14;9.22;9.1;9.22;16;0
Селигдар;60;20170417;170000;9.22;9.24;9.1;9.24;34;0
Селигдар;60;20170417;180000;9.23;9.24;9.2;9.2;3;0
Селигдар;60;20170418;160000;9.15;9.15;9.11;9.11;60;0
Селигдар;60;20170418;180000;9.26;9.26;9.11;9.11;3;0
Селигдар;60;20170419;100000;9.23;9.23;9.23;9.23;1;0
Селигдар;60;20170419;110000;9.22;9.22;9.22;9.22;2;0
Селигдар;60;20170419;120000;9.22;9.39;9.22;9.39;596;0
Селигдар;60;20170419;130000;9.39;9.39;9.19;9.39;315;0
Селигдар;60;20170419;140000;9.29;9.29;9.28;9.28;3;0
Селигдар;60;20170419;180000;9.22;9.22;9.22;9.22;2;0
Селигдар;60;20170420;100000;9.2;9.2;9.15;9.15;7;0
Селигдар;60;20170420;110000;9.13;9.13;9.07;9.07;4;0
Селигдар;60;20170420;120000;9.06;9.1;9.06;9.1;11;0
Селигдар;60;20170420;130000;9.1;9.1;9.03;9.03;30;0
Селигдар;60;20170420;140000;9.03;9.03;9.01;9.01;22;0
Селигдар;60;20170420;150000;9.02;9.02;8.92;9;242;0
Селигдар;60;20170420;160000;9.01;9.15;9.01;9.1;28;0
Селигдар;60;20170420;170000;9.1;9.1;8.85;8.86;54;0
Селигдар;60;20170420;180000;8.94;8.97;8.2;8.54;159;0
Селигдар;60;20170421;100000;8.68;8.97;8.68;8.81;38;0
Селигдар;60;20170421;110000;8.93;8.96;8.9;8.9;66;0
Селигдар;60;20170421;120000;8.91;8.93;8.91;8.93;3;0
Селигдар;60;20170421;160000;8.92;8.93;8.92;8.93;25;0
Селигдар;60;20170421;170000;8.93;8.93;8.93;8.93;4;0
Селигдар;60;20170421;180000;8.93;8.93;8.9;8.9;7;0
Селигдар;60;20170424;100000;8.93;9.14;8.93;9;26;0
Селигдар;60;20170424;110000;9.14;9.15;9.14;9.15;5;0
Селигдар;60;20170424;120000;9.1;9.14;9.1;9.14;6;0
Селигдар;60;20170424;140000;9.05;9.05;9.05;9.05;1;0
Селигдар;60;20170424;150000;9.05;9.05;9.05;9.05;5;0
Селигдар;60;20170424;170000;9;9.13;8.99;9.02;88;0
Селигдар;60;20170425;100000;9.23;9.23;9.23;9.23;1;0
Селигдар;60;20170425;110000;9.19;9.19;9.19;9.19;2;0
Селигдар;60;20170425;150000;9.2;9.2;9.2;9.2;1;0
Селигдар;60;20170425;170000;9.2;9.3;9.2;9.2;27;0
Селигдар;60;20170425;180000;9.21;9.32;9.2;9.2;172;0
Селигдар;60;20170426;110000;9.37;9.39;9.27;9.27;25;0
Селигдар;60;20170426;120000;9.37;9.4;9.25;9.39;58;0
Селигдар;60;20170426;130000;9.32;9.32;9.29;9.29;24;0
Селигдар;60;20170426;140000;9.27;9.27;9.04;9.19;271;0
Селигдар;60;20170426;150000;9.18;9.2;9.18;9.2;51;0
Селигдар;60;20170426;170000;9.2;9.7;9.2;9.7;868;0
Селигдар;60;20170426;180000;9.7;9.78;9.61;9.78;24;0
Селигдар;60;20170427;100000;9.58;9.75;9.58;9.69;50073;0
Селигдар;60;20170427;110000;9.7;9.7;9.67;9.69;153;0
Селигдар;60;20170427;120000;9.7;9.7;9.7;9.7;66;0
Селигдар;60;20170427;130000;9.7;9.7;9.7;9.7;20;0
Селигдар;60;20170427;140000;9.58;9.7;9.57;9.7;25;0
Селигдар;60;20170427;150000;9.7;9.7;9.7;9.7;200;0
Селигдар;60;20170427;160000;9.7;9.96;9.7;9.75;3945;0
Селигдар;60;20170427;170000;9.63;9.73;9.57;9.71;29;0
Селигдар;60;20170427;180000;9.72;9.74;9.5;9.74;25;0
Селигдар;60;20170428;100000;9.63;9.8;9.63;9.8;3;0
Селигдар;60;20170428;160000;9.64;9.65;9.64;9.65;8;0
Селигдар;60;20170428;170000;9.62;9.65;9.5;9.65;173;0
Селигдар;60;20170428;180000;9.65;10.38;9.65;10.38;1539;0
Селигдар;60;20170502;090000;10.5;10.5;10.5;10.5;10;0
Селигдар;60;20170502;100000;10.5;10.61;10.18;10.36;147;0
Селигдар;60;20170502;110000;10.4;10.4;10.29;10.29;23;0
Селигдар;60;20170502;120000;10.32;10.51;10.32;10.51;19;0
Селигдар;60;20170502;130000;10.51;10.55;10.51;10.51;25;0
Селигдар;60;20170502;160000;10.43;10.43;10.31;10.31;400;0
Селигдар;60;20170502;170000;10.31;10.31;10.25;10.25;218;0
Селигдар;60;20170502;180000;10.25;10.3;10.08;10.29;359;0
Селигдар;60;20170503;100000;10.11;10.5;10.03;10.5;509;0
Селигдар;60;20170503;110000;10.47;10.47;10.47;10.47;11;0
Селигдар;60;20170503;120000;10.25;10.25;10.23;10.23;3;0
Селигдар;60;20170503;130000;10.21;10.21;10.14;10.14;4;0
Селигдар;60;20170503;150000;10.12;10.12;10;10;77;0
Селигдар;60;20170503;160000;9.97;9.97;9.84;9.85;55;0
Селигдар;60;20170503;170000;9.85;9.85;9.85;9.85;10;0
Селигдар;60;20170503;180000;9.84;9.85;9.71;9.85;27;0
Селигдар;60;20170504;100000;9.94;10.19;9.86;9.95;345;0
Селигдар;60;20170504;110000;10.03;10.08;9.92;9.92;224;0
Селигдар;60;20170504;140000;9.96;9.96;9.84;9.91;41;0
Селигдар;60;20170504;160000;9.88;9.88;9.78;9.87;52;0
Селигдар;60;20170504;170000;9.87;9.96;9.77;9.96;57;0
Селигдар;60;20170504;180000;9.91;9.95;9.91;9.95;100;0
Селигдар;60;20170505;100000;9.85;9.9;6.56;9.9;1488;0
Селигдар;60;20170505;110000;9.89;9.97;9.56;9.77;247;0
Селигдар;60;20170505;120000;9.68;9.68;9.35;9.35;115;0
Селигдар;60;20170505;130000;9.43;10.57;9;9.45;2807;0
Селигдар;60;20170505;140000;9.42;9.77;9.4;9.63;162;0
Селигдар;60;20170505;150000;9.63;9.72;9.63;9.68;32;0
Селигдар;60;20170505;160000;9.62;9.62;9.33;9.5;57;0
Селигдар;60;20170505;170000;9.47;9.59;9.45;9.46;441;0
Селигдар;60;20170505;180000;9.53;9.54;9.4;9.54;26;0
Селигдар;60;20170510;090000;9.58;9.58;9.58;9.58;1;0
Селигдар;60;20170510;100000;9.63;9.98;9.45;9.67;530;0
Селигдар;60;20170510;110000;9.77;9.77;9.59;9.59;206;0
Селигдар;60;20170510;120000;9.58;9.58;9.46;9.46;233;0
Селигдар;60;20170510;130000;9.44;9.44;9.44;9.44;2;0
Селигдар;60;20170510;140000;9.43;9.43;9.41;9.41;4;0
Селигдар;60;20170510;150000;9.41;9.41;9.35;9.35;55;0
Селигдар;60;20170510;160000;9.4;9.4;9.17;9.17;517;0
Селигдар;60;20170510;170000;9.23;9.27;9.17;9.27;36;0
Селигдар;60;20170510;180000;9.27;9.29;9.18;9.24;14;0
Селигдар;60;20170511;100000;9.22;9.22;9.16;9.16;5;0
Селигдар;60;20170511;110000;9.18;9.19;9.05;9.05;179;0
Селигдар;60;20170511;120000;9.12;9.12;8.9;9.05;334;0
Селигдар;60;20170511;130000;9.02;9.06;9;9;66;0
Селигдар;60;20170511;140000;9.05;9.05;9.05;9.05;1;0
Селигдар;60;20170511;150000;9.05;9.05;8.95;8.95;26;0
Селигдар;60;20170511;160000;8.96;9.03;8.9;8.93;65;0
Селигдар;60;20170511;170000;8.91;9.01;8.9;9.01;15;0
Селигдар;60;20170511;180000;9.01;9.05;9.01;9.05;5;0
Селигдар;60;20170512;110000;9.08;9.08;9;9;2;0
Селигдар;60;20170512;150000;9.08;9.08;9.08;9.08;1;0
Селигдар;60;20170512;170000;9.08;9.08;9.01;9.01;2;0
Селигдар;60;20170512;180000;9.09;9.2;9.09;9.2;12;0
Селигдар;60;20170515;100000;9.24;9.28;9.24;9.27;44;0
Селигдар;60;20170515;110000;9.17;9.17;9.08;9.08;31;0
Селигдар;60;20170515;140000;9.23;9.23;9.23;9.23;1;0
Селигдар;60;20170515;150000;9.24;9.25;9.16;9.16;6;0
Селигдар;60;20170515;180000;9.16;9.24;9.02;9.24;9;0
Селигдар;60;20170516;100000;9.13;9.43;9.05;9.28;747;0
Селигдар;60;20170516;110000;9.39;9.5;9.39;9.5;299;0
Селигдар;60;20170516;120000;9.45;9.45;9.45;9.45;1;0
Селигдар;60;20170516;130000;9.36;9.5;9.31;9.5;151;0
Селигдар;60;20170516;140000;9.5;9.5;9.49;9.5;201;0
Селигдар;60;20170516;170000;9.5;9.5;9.5;9.5;15;0
Селигдар;60;20170517;100000;9.37;9.37;9.15;9.15;169;0
Селигдар;60;20170517;110000;9.29;9.4;9.29;9.4;201;0
Селигдар;60;20170517;120000;9.39;9.4;9.39;9.4;6;0
Селигдар;60;20170517;130000;9.3;9.4;9.3;9.4;105;0
Селигдар;60;20170517;140000;9.4;9.4;9.4;9.4;300;0
Селигдар;60;20170517;150000;9.31;9.31;9.26;9.26;12;0
Селигдар;60;20170517;160000;9.37;9.37;9.37;9.37;1;0
Селигдар;60;20170517;170000;9.3;9.3;9.3;9.3;10;0
Селигдар;60;20170517;180000;9.3;9.3;9.1;9.2;55;0
Селигдар;60;20170518;100000;9.18;9.18;9.03;9.03;59;0
Селигдар;60;20170518;120000;9.06;9.06;9.06;9.06;2;0
Селигдар;60;20170518;130000;9.12;9.12;9.12;9.12;1;0
Селигдар;60;20170518;140000;9.1;9.1;9.06;9.06;50;0
Селигдар;60;20170518;150000;9.1;9.1;9.1;9.1;10;0
Селигдар;60;20170518;160000;9.14;9.14;9.14;9.14;1;0
Селигдар;60;20170519;100000;9.16;9.17;9.16;9.17;2;0
Селигдар;60;20170519;180000;9.16;9.16;9.16;9.16;2;0
Селигдар;60;20170522;100000;9.06;9.06;9.06;9.06;4;0
Селигдар;60;20170522;110000;9.06;9.06;8.99;8.99;223;0
Селигдар;60;20170522;120000;9.09;9.1;9.09;9.1;2;0
Селигдар;60;20170522;150000;9.14;9.14;9.14;9.14;1;0
Селигдар;60;20170522;160000;9.15;9.15;9.15;9.15;1;0
Селигдар;60;20170523;100000;9.17;9.17;9.1;9.1;6;0
Селигдар;60;20170523;110000;9.11;9.11;9.11;9.11;1;0
Селигдар;60;20170523;140000;9.1;9.1;9.1;9.1;2;0
Селигдар;60;20170523;150000;9.17;9.17;9.17;9.17;2;0
Селигдар;60;20170523;160000;9.18;9.18;9.18;9.18;1;0
Селигдар;60;20170523;170000;9.19;9.23;9.19;9.23;24;0
Селигдар;60;20170523;180000;9.22;9.22;9.22;9.22;11;0
Селигдар;60;20170524;110000;9.24;9.3;9.24;9.3;30;0
Селигдар;60;20170524;120000;9.3;9.3;9.3;9.3;5;0
Селигдар;60;20170524;130000;9.17;9.17;9.1;9.1;15;0
Селигдар;60;20170524;140000;9.13;9.13;9.07;9.07;62;0
Селигдар;60;20170524;150000;9.07;9.07;9.07;9.07;1;0
Селигдар;60;20170524;180000;9.03;9.05;9;9.05;33;0
Селигдар;60;20170525;100000;9.07;9.07;9.07;9.07;1;0
Селигдар;60;20170525;120000;9.01;9.01;9;9;6;0
Селигдар;60;20170525;130000;9.01;9.1;9;9;29;0
Селигдар;60;20170525;140000;9.01;9.01;9;9;10;0
Селигдар;60;20170525;170000;9;9;8.97;8.97;2;0
Селигдар;60;20170525;180000;9.09;9.09;9.09;9.09;1;0
Селигдар;60;20170526;090000;9.09;9.09;9.09;9.09;6;0
Селигдар;60;20170526;100000;9.09;9.09;9.09;9.09;1;0
Селигдар;60;20170526;140000;9.09;9.09;9.09;9.09;2;0
Селигдар;60;20170526;150000;9.1;9.16;9.1;9.16;70;0
Селигдар;60;20170529;130000;9.18;9.2;9.18;9.2;77;0
Селигдар;60;20170529;140000;9.2;9.2;9.2;9.2;20;0
Селигдар;60;20170529;150000;9.2;9.2;9.2;9.2;15;0
Селигдар;60;20170529;180000;9.2;9.24;9.2;9.2;39;0
Селигдар;60;20170530;100000;9.22;9.22;9.22;9.22;1;0
Селигдар;60;20170530;130000;9.25;9.25;9.25;9.25;2;0
Селигдар;60;20170530;140000;9.25;9.25;9.25;9.25;8;0
Селигдар;60;20170530;150000;9.27;9.6;9.27;9.58;246;0
Селигдар;60;20170530;160000;9.57;9.58;9.57;9.58;7;0
Селигдар;60;20170530;180000;9.58;9.58;9.58;9.58;1;0
Селигдар;60;20170531;100000;9.35;9.35;9.25;9.25;8;0
Селигдар;60;20170531;110000;9.25;9.25;9.25;9.25;3;0
Селигдар;60;20170531;120000;9.26;9.26;9.25;9.25;20;0
Селигдар;60;20170531;140000;9.26;9.26;9.26;9.26;1;0
Селигдар;60;20170531;150000;9.27;9.27;9.26;9.26;7;0
Селигдар;60;20170531;160000;9.25;9.4;9.25;9.3;108032;0
Селигдар;60;20170531;170000;9.3;9.3;9.3;9.3;2;0
Селигдар;60;20170531;180000;9.3;9.3;9.2;9.2;119;0
Селигдар;60;20170601;100000;9.17;9.23;9.1;9.23;101;0
Селигдар;60;20170601;110000;9.24;9.27;9.12;9.12;57;0
Селигдар;60;20170601;120000;9.12;9.12;9.12;9.12;1;0
Селигдар;60;20170601;130000;9.12;9.12;9.12;9.12;10;0
Селигдар;60;20170601;170000;9.12;9.12;9.07;9.09;102;0
Селигдар;60;20170601;180000;9.08;9.08;9.06;9.06;6;0
Селигдар;60;20170602;100000;9.05;9.05;9.03;9.03;2;0
Селигдар;60;20170602;110000;9.02;9.09;8.93;9.09;177;0
Селигдар;60;20170602;120000;9.13;9.22;9.13;9.22;5;0
Селигдар;60;20170602;130000;9.2;9.25;9.2;9.25;10;0
Селигдар;60;20170602;180000;9.24;9.24;9.24;9.24;1;0
Селигдар;60;20170605;110000;9.14;9.15;9.01;9.15;228;0
Селигдар;60;20170605;120000;9.1;9.12;9.1;9.12;5;0
Селигдар;60;20170605;180000;9.18;9.24;9.18;9.2;16;0
Селигдар;60;20170606;100000;9.23;9.25;9.23;9.25;12;0
Селигдар;60;20170606;110000;9.26;9.26;9.03;9.03;42;0
Селигдар;60;20170606;130000;9.17;9.41;9.17;9.33;54379;0
Селигдар;60;20170606;140000;9.33;9.45;9.33;9.45;49951;0
Селигдар;60;20170606;150000;9.44;9.45;9.44;9.45;33;0
Селигдар;60;20170606;160000;9.36;9.36;9.33;9.33;18;0
Селигдар;60;20170606;170000;9.4;9.43;9.34;9.35;20;0
Селигдар;60;20170606;180000;9.33;9.33;9.33;9.33;22;0
Селигдар;60;20170607;110000;9.29;9.3;9.15;9.2;28;0
Селигдар;60;20170607;130000;9.23;9.33;9.23;9.33;700;0
Селигдар;60;20170607;140000;9.3;9.3;9.27;9.27;217;0
Селигдар;60;20170607;150000;9.3;9.3;9.14;9.14;209;0
Селигдар;60;20170607;170000;9.15;9.15;9.07;9.07;50;0
Селигдар;60;20170607;180000;9.18;9.18;9.18;9.18;1;0
Селигдар;60;20170608;100000;9.25;9.26;9.25;9.26;4;0
Селигдар;60;20170608;140000;9.08;9.09;9.08;9.08;10;0
Селигдар;60;20170608;150000;9.18;9.18;9.18;9.18;1;0
Селигдар;60;20170608;160000;9.09;9.09;9.07;9.07;70;0
Селигдар;60;20170608;170000;9.08;9.13;8.87;9.13;264;0
Селигдар;60;20170608;180000;9;9.1;8.97;9.1;11;0
Селигдар;60;20170609;100000;9.13;9.13;9.1;9.1;12;0
Селигдар;60;20170609;110000;9.14;9.77;9.14;9.44;1446;0
Селигдар;60;20170609;120000;9.43;9.45;9.4;9.4;10;0
Селигдар;60;20170609;130000;9.29;9.4;8.98;8.98;684;0
Селигдар;60;20170609;140000;9.03;9.15;8.76;9.1;1619;0
Селигдар;60;20170609;150000;9.1;9.1;9.03;9.03;28;0
Селигдар;60;20170609;160000;9.09;9.15;9.09;9.15;100;0
Селигдар;60;20170609;170000;9.14;9.3;9.05;9.05;150;0
Селигдар;60;20170609;180000;9.09;9.13;9.07;9.13;7;0
Селигдар;60;20170613;100000;9.18;9.18;9.17;9.17;4;0
Селигдар;60;20170613;110000;9.18;9.18;9.18;9.18;1;0
Селигдар;60;20170613;120000;9.19;9.55;9.19;9.55;469;0
Селигдар;60;20170613;130000;9.34;9.34;9.25;9.26;115;0
Селигдар;60;20170613;140000;9.23;9.23;9.19;9.2;12;0
Селигдар;60;20170613;150000;9.19;9.19;9.19;9.19;1;0
Селигдар;60;20170613;180000;9.27;9.27;9.27;9.27;1;0
Селигдар;60;20170614;100000;9.19;9.35;9.17;9.2;5;0
Селигдар;60;20170614;110000;9.17;9.17;9.05;9.05;290;0
Селигдар;60;20170614;120000;9.05;9.05;9.02;9.05;16;0
Селигдар;60;20170614;130000;9.05;9.05;9.04;9.04;5;0
Селигдар;60;20170614;140000;9.04;9.05;9.04;9.05;20;0
Селигдар;60;20170614;150000;9.05;9.05;9.05;9.05;74;0
Селигдар;60;20170614;160000;9.05;9.05;9.05;9.05;75;0
Селигдар;60;20170614;180000;9.03;9.04;9.03;9.04;5;0
Селигдар;60;20170615;100000;8.98;9;8.91;8.92;155;0
Селигдар;60;20170615;110000;8.96;9.2;8.96;9.02;273;0
Селигдар;60;20170615;120000;9.04;9.04;8.7;8.78;734;0
Селигдар;60;20170615;130000;8.9;8.9;8.9;8.9;401;0
Селигдар;60;20170615;140000;8.89;8.9;8.58;8.78;365;0
Селигдар;60;20170615;150000;8.79;8.9;8.79;8.9;10;0
Селигдар;60;20170615;160000;8.9;8.9;8.73;8.76;31;0
Селигдар;60;20170615;180000;8.87;8.87;8.87;8.87;1;0
Селигдар;60;20170616;100000;8.94;9.19;8.93;9.1;666;0
Селигдар;60;20170616;110000;9.1;9.1;9.1;9.1;15;0
Селигдар;60;20170616;120000;9.1;9.1;9.1;9.1;5;0
Селигдар;60;20170616;140000;9.1;9.1;9.1;9.1;50;0
Селигдар;60;20170616;150000;9.09;9.09;9.09;9.09;4;0
Селигдар;60;20170616;160000;9.09;9.1;9.08;9.09;194;0
Селигдар;60;20170616;180000;9.07;9.15;9.05;9.15;219;0
Селигдар;60;20170619;110000;9.2;9.2;9.05;9.05;230;0
Селигдар;60;20170619;120000;9.13;9.13;9.1;9.1;6;0
Селигдар;60;20170619;130000;9.11;9.11;9.1;9.1;98;0
Селигдар;60;20170619;150000;9.17;9.2;9.17;9.2;50;0
Селигдар;60;20170619;160000;9.11;9.11;9.1;9.1;163;0
Селигдар;60;20170619;170000;9.18;9.2;9.18;9.2;100;0
Селигдар;60;20170619;180000;9.19;9.23;9.19;9.23;51;0
Селигдар;60;20170620;100000;9.16;9.16;9.01;9.1;351;0
Селигдар;60;20170620;110000;9.1;9.1;9.1;9.1;186;0
Селигдар;60;20170620;150000;9.11;9.11;9.1;9.1;11;0
Селигдар;60;20170620;170000;9.1;9.15;9.1;9.15;3;0
Селигдар;60;20170621;100000;9.1;9.1;9.06;9.06;387;0
Селигдар;60;20170621;140000;9.09;9.09;9.08;9.08;10;0
Селигдар;60;20170621;150000;9.1;9.1;9.1;9.1;100;0
Селигдар;60;20170621;160000;9.1;9.1;9.1;9.1;100;0
Селигдар;60;20170621;170000;9.1;9.1;9.1;9.1;79;0
Селигдар;60;20170621;180000;9.1;9.14;9.09;9.14;86;0
Селигдар;60;20170622;110000;9.13;9.15;9.13;9.15;101;0
Селигдар;60;20170622;120000;9.11;9.24;9.1;9.24;31;0
Селигдар;60;20170622;140000;9.24;9.3;9.24;9.3;40;0
Селигдар;60;20170622;150000;9.22;9.23;9.22;9.23;2;0
Селигдар;60;20170622;160000;9.27;9.28;9.27;9.28;4;0
Селигдар;60;20170622;180000;9.28;9.3;9.21;9.21;56;0
Селигдар;60;20170623;100000;9.3;9.3;9.3;9.3;113;0
Селигдар;60;20170623;120000;9.16;9.16;9.15;9.15;8;0
Селигдар;60;20170623;130000;9.28;9.3;9.28;9.3;170;0
Селигдар;60;20170623;150000;9.3;9.3;9.3;9.3;18;0
Селигдар;60;20170623;160000;9.29;9.29;9.29;9.29;1;0
Селигдар;60;20170623;170000;9.29;9.3;9.29;9.3;28;0
Селигдар;60;20170623;180000;9.33;9.33;9.33;9.33;5;0
Селигдар;60;20170626;100000;9.25;9.25;9.25;9.25;10;0
Селигдар;60;20170626;110000;9.21;9.21;9.19;9.19;8;0
Селигдар;60;20170626;130000;9.2;9.2;9.2;9.2;5;0
Селигдар;60;20170626;150000;9.19;9.19;9.17;9.17;35;0
Селигдар;60;20170626;160000;9.18;9.18;9.18;9.18;1;0
Селигдар;60;20170626;180000;9.18;9.18;9.16;9.16;10;0
Селигдар;60;20170627;150000;9.16;9.16;9.14;9.14;303;0
Селигдар;60;20170627;170000;9.17;9.25;9.14;9.25;443;0
Селигдар;60;20170627;180000;9.18;9.45;9.14;9.45;160;0
Селигдар;60;20170628;090000;9.21;9.21;9.21;9.21;1;0
Селигдар;60;20170628;100000;9.25;9.25;9.24;9.25;31;0
Селигдар;60;20170628;120000;9.19;9.19;9.16;9.16;28;0
Селигдар;60;20170629;100000;9.28;9.28;9.28;9.28;1;0
Селигдар;60;20170629;160000;9.19;9.19;9.18;9.18;4;0
Селигдар;60;20170630;120000;9.28;9.29;9.28;9.29;8;0
Селигдар;60;20170630;150000;9.2;9.2;9.19;9.19;5;0
Селигдар;60;20170630;160000;9.18;9.18;9.07;9.16;86;0
Селигдар;60;20170630;180000;9.16;9.16;9.15;9.15;23;0
Селигдар;60;20170703;100000;9.1;9.32;9.1;9.32;230;0
Селигдар;60;20170703;140000;9.3;9.3;9.3;9.3;1;0
Селигдар;60;20170703;170000;9.3;9.3;9.15;9.15;16;0
Селигдар;60;20170703;180000;9.18;9.18;9.15;9.15;27;0
Селигдар;60;20170704;100000;9.29;9.43;9.15;9.15;76;0
Селигдар;60;20170704;140000;9.17;9.25;9.15;9.25;20;0
Селигдар;60;20170704;150000;9.16;9.16;9.16;9.16;1;0
Селигдар;60;20170704;180000;9.19;9.2;9.19;9.2;7;0
Селигдар;60;20170705;090000;9.15;9.15;9.15;9.15;1;0
Селигдар;60;20170705;100000;9.16;9.4;9.16;9.3;822;0
Селигдар;60;20170705;110000;9.3;9.35;9.3;9.35;24;0
Селигдар;60;20170705;120000;9.35;9.4;9.35;9.4;100;0
Селигдар;60;20170705;140000;9.35;9.35;9.32;9.32;2;0
Селигдар;60;20170705;180000;9.3;9.3;9.3;9.3;1;0
Селигдар;60;20170706;100000;9.24;9.24;9.23;9.23;2;0
Селигдар;60;20170706;110000;9.25;9.4;9.25;9.4;87;0
Селигдар;60;20170706;120000;9.39;9.4;9.39;9.4;100;0
Селигдар;60;20170706;150000;9.28;9.28;9.28;9.28;1;0
Селигдар;60;20170706;160000;9.28;9.28;9.21;9.21;16;0
Селигдар;60;20170706;180000;9.29;9.29;9.29;9.29;1;0
Селигдар;60;20170707;100000;9.31;9.37;9.31;9.37;4;0
Селигдар;60;20170707;110000;9.2;9.2;9.15;9.15;44;0
Селигдар;60;20170707;120000;9.2;9.38;9.2;9.38;98;0
Селигдар;60;20170707;140000;9.37;9.37;9.37;9.37;4;0
Селигдар;60;20170707;150000;9.26;9.26;9.23;9.23;18;0
Селигдар;60;20170707;180000;9.27;9.27;9.27;9.27;170;0
Селигдар;60;20170710;100000;9.29;9.3;9.29;9.29;77;0
Селигдар;60;20170710;110000;9.3;9.3;9.3;9.3;15;0
Селигдар;60;20170710;120000;9.3;9.3;9.3;9.3;10;0
Селигдар;60;20170710;130000;9.3;9.3;9.3;9.3;331;0
Селигдар;60;20170710;140000;9.3;9.3;9.3;9.3;1;0
Селигдар;60;20170710;150000;9.3;9.3;9.3;9.3;1;0
Селигдар;60;20170710;160000;9.28;9.28;9.25;9.25;2;0
Селигдар;60;20170710;170000;9.25;9.25;9.25;9.25;1;0
Селигдар;60;20170711;120000;9.22;9.22;9.2;9.2;70;0
Селигдар;60;20170711;160000;9.29;9.29;9.29;9.29;1;0
Селигдар;60;20170711;170000;9.2;9.2;9.2;9.2;1;0
Селигдар;60;20170711;180000;9.28;9.28;9.28;9.28;3;0
Селигдар;60;20170712;100000;9.28;9.28;9.28;9.28;80;0
Селигдар;60;20170712;110000;9.29;9.29;9.29;9.29;10;0
Селигдар;60;20170712;130000;9.28;9.39;9.28;9.39;540;0
Селигдар;60;20170712;140000;9.39;9.39;9.39;9.39;3;0
Селигдар;60;20170712;160000;9.28;9.42;9.26;9.42;72;0
Селигдар;60;20170712;170000;9.4;9.64;9.4;9.47;569;0
Селигдар;60;20170712;180000;9.47;9.63;9.44;9.44;163;0
Селигдар;60;20170713;100000;9.46;9.46;9.37;9.39;46;0
Селигдар;60;20170713;110000;9.41;9.43;9.41;9.43;25;0
Селигдар;60;20170713;120000;9.43;9.65;9.38;9.65;1069;0
Селигдар;60;20170713;130000;9.68;9.68;9.68;9.68;11;0
Селигдар;60;20170713;140000;9.69;10.24;9.69;10.14;828;0
Селигдар;60;20170713;150000;10.06;10.15;9.91;10.09;657;0
Селигдар;60;20170713;160000;9.96;10;9.93;9.95;73;0
Селигдар;60;20170713;170000;9.98;10.07;9.88;9.88;10;0
Селигдар;60;20170713;180000;9.98;10;9.98;10;12;0
Селигдар;60;20170714;100000;9.91;9.91;9.5;9.66;252;0
Селигдар;60;20170714;110000;9.65;9.66;9.65;9.66;15;0
Селигдар;60;20170714;120000;9.67;9.67;9.67;9.67;3;0
Селигдар;60;20170714;130000;9.69;9.73;9.69;9.73;35;0
Селигдар;60;20170714;140000;9.73;9.73;9.73;9.73;5;0
Селигдар;60;20170714;150000;9.75;9.77;9.73;9.77;69;0
Селигдар;60;20170714;160000;9.76;9.76;9.67;9.67;250;0
Селигдар;60;20170714;170000;9.68;9.68;9.67;9.67;2;0
Селигдар;60;20170717;100000;9.83;9.88;9.57;9.67;533;0
Селигдар;60;20170717;110000;9.67;9.67;9.67;9.67;1;0
Селигдар;60;20170717;130000;9.72;9.72;9.56;9.56;248;0
Селигдар;60;20170717;170000;9.61;9.61;9.56;9.56;14;0
Селигдар;60;20170717;180000;9.66;9.66;9.66;9.66;1;0
Селигдар;60;20170718;100000;9.54;9.68;9.47;9.68;119;0
Селигдар;60;20170718;110000;9.57;9.57;9.57;9.57;3;0
Селигдар;60;20170718;150000;9.58;9.58;9.58;9.58;1;0
Селигдар;60;20170718;170000;9.55;9.55;9.19;9.41;65;0
Селигдар;60;20170718;180000;9.42;9.42;9.36;9.36;11;0
Селигдар;60;20170719;100000;9.33;9.39;9.16;9.16;1755;0
Селигдар;60;20170719;110000;9.16;9.17;9.16;9.16;5;0
Селигдар;60;20170719;120000;9.26;9.27;9.26;9.27;4;0
Селигдар;60;20170719;140000;9.22;9.33;9.22;9.33;23;0
Селигдар;60;20170719;150000;9.25;9.26;9.24;9.25;58;0
Селигдар;60;20170719;160000;9.25;9.25;9.16;9.16;342;0
Селигдар;60;20170719;170000;9.2;9.25;9.2;9.25;2;0
Селигдар;60;20170720;100000;9.3;10;9.3;9.4;580;0
Селигдар;60;20170720;110000;9.47;9.47;9.47;9.47;1;0
Селигдар;60;20170720;140000;9.46;9.47;9.46;9.47;9;0
Селигдар;60;20170720;150000;9.4;9.4;9.4;9.4;7;0
Селигдар;60;20170720;170000;9.37;9.37;9.37;9.37;1;0
Селигдар;60;20170720;180000;9.37;9.5;9.37;9.48;291;0
Селигдар;60;20170721;090000;9.54;9.54;9.54;9.54;1;0
Селигдар;60;20170721;100000;9.58;9.88;9.36;9.36;89;0
Селигдар;60;20170721;110000;9.33;9.33;9.33;9.33;1;0
Селигдар;60;20170721;120000;9.28;9.38;9.23;9.38;31;0
Селигдар;60;20170724;100000;9.31;9.36;9.31;9.36;2;0
Селигдар;60;20170724;130000;9.35;9.35;9.35;9.35;3;0
Селигдар;60;20170724;150000;9.36;9.36;9.36;9.36;1;0
Селигдар;60;20170724;160000;9.37;9.37;9.37;9.37;1;0
Селигдар;60;20170725;100000;9.44;9.48;9.44;9.48;2;0
Селигдар;60;20170725;110000;9.44;9.45;9.44;9.45;4;0
Селигдар;60;20170725;120000;9.44;9.44;9.44;9.44;17;0
Селигдар;60;20170725;140000;9.34;9.34;9.28;9.28;10;0
Селигдар;60;20170725;150000;9.43;9.43;9.43;9.43;2;0
Селигдар;60;20170725;180000;9.35;9.46;9.35;9.46;2;0
Селигдар;60;20170726;100000;9.79;9.79;9.33;9.44;954;0
Селигдар;60;20170726;130000;9.49;9.59;9.49;9.58;180;0
Селигдар;60;20170726;160000;9.5;9.5;9.5;9.5;1;0
Селигдар;60;20170726;170000;9.49;9.5;9.35;9.35;26;0
Селигдар;60;20170726;180000;9.48;9.48;9.48;9.48;1;0
Селигдар;60;20170727;100000;9.45;9.45;9.42;9.42;4;0
Селигдар;60;20170727;110000;9.45;9.45;9.45;9.45;25;0
Селигдар;60;20170727;120000;9.5;9.96;9.5;9.58;3153;0
Селигдар;60;20170727;130000;9.72;9.72;9.38;9.45;885;0
Селигдар;60;20170727;140000;9.47;9.49;9.47;9.49;50;0
Селигдар;60;20170727;170000;9.44;9.44;9.4;9.43;45;0
Селигдар;60;20170727;180000;9.43;9.43;9.42;9.42;6;0
Селигдар;60;20170728;110000;9.4;9.4;9.29;9.4;284;0
Селигдар;60;20170728;130000;9.46;9.46;9.34;9.34;4;0
Селигдар;60;20170728;150000;9.33;9.33;9.33;9.33;1;0
Селигдар;60;20170728;170000;9.31;9.4;9.3;9.4;53;0
Селигдар;60;20170728;180000;9.35;9.36;9.35;9.36;3;0
Селигдар;60;20170731;100000;9.36;9.36;9.31;9.31;5;0
Селигдар;60;20170731;110000;9.32;9.32;9.32;9.32;65;0
Селигдар;60;20170731;120000;9.33;9.33;9.33;9.33;3;0
Селигдар;60;20170731;130000;9.32;9.32;9.32;9.32;5;0
Селигдар;60;20170731;140000;9.32;9.32;9.21;9.21;540;0
Селигдар;60;20170801;100000;9.39;9.39;9.39;9.39;4;0
Селигдар;60;20170802;100000;9.29;9.29;9.29;9.29;11;0
Селигдар;60;20170802;140000;9.3;9.3;9.29;9.29;44;0
Селигдар;60;20170803;170000;9.36;9.36;9.36;9.36;1;0
Селигдар;60;20170804;100000;9.39;9.39;9.39;9.39;1;0
Селигдар;60;20170804;110000;9.27;9.39;9.27;9.39;3;0
Селигдар;60;20170804;140000;9.4;9.4;9.24;9.24;18;0
Селигдар;60;20170804;180000;9.25;9.31;9.24;9.31;11;0
Селигдар;60;20170807;120000;9.29;9.29;9.29;9.29;1;0
Селигдар;60;20170807;130000;9.37;9.37;9.2;9.3;290;0
Селигдар;60;20170807;170000;9.28;9.93;9.28;9.47;1095;0
Селигдар;60;20170807;180000;9.53;9.63;9.2;9.58;344;0
Селигдар;60;20170808;100000;9.63;9.78;9.4;9.49;962;0
Селигдар;60;20170808;110000;9.49;9.77;9.49;9.7;526;0
Селигдар;60;20170808;120000;9.69;9.7;9.62;9.62;18;0
Селигдар;60;20170808;130000;9.7;9.7;9.7;9.7;1;0
Селигдар;60;20170808;140000;9.7;9.72;9.7;9.72;30;0
Селигдар;60;20170808;160000;9.78;9.78;9.77;9.77;2;0
Селигдар;60;20170809;100000;9.78;9.98;9.54;9.54;42;0
Селигдар;60;20170809;110000;9.57;9.6;9.46;9.54;40;0
Селигдар;60;20170809;120000;9.53;9.53;9.25;9.37;989;0
Селигдар;60;20170809;130000;9.35;9.35;9.32;9.32;13;0
Селигдар;60;20170809;140000;9.38;9.38;9.36;9.36;33;0
Селигдар;60;20170809;150000;9.35;9.35;9.35;9.35;334;0
Селигдар;60;20170809;160000;9.44;9.46;9.41;9.41;5;0
Селигдар;60;20170809;170000;9.41;9.41;9.4;9.4;167;0
Селигдар;60;20170809;180000;9.46;9.46;9.4;9.41;12;0
Селигдар;60;20170810;100000;9.43;9.5;9.43;9.5;27;0
Селигдар;60;20170810;110000;9.5;9.5;9.5;9.5;3;0
Селигдар;60;20170810;130000;9.5;9.5;9.5;9.5;21;0
Селигдар;60;20170810;170000;9.44;9.44;9.4;9.4;45;0
Селигдар;60;20170811;100000;9.39;9.5;9.39;9.5;97;0
Селигдар;60;20170811;110000;9.54;9.64;9.54;9.64;312;0
Селигдар;60;20170811;120000;9.64;9.65;9.64;9.65;20;0
Селигдар;60;20170811;140000;9.65;9.72;9.65;9.72;90;0
Селигдар;60;20170811;150000;9.73;9.77;9.73;9.74;42;0
Селигдар;60;20170811;160000;9.74;9.77;9.7;9.77;71;0
Селигдар;60;20170811;170000;9.71;9.71;9.7;9.7;18;0
Селигдар;60;20170811;180000;9.7;9.7;9.5;9.62;122;0
Селигдар;60;20170814;120000;9.61;9.63;9.6;9.63;4;0
Селигдар;60;20170814;140000;9.55;9.55;9.47;9.47;5;0
Селигдар;60;20170814;150000;9.62;9.71;9.62;9.71;41;0
Селигдар;60;20170814;160000;9.7;9.71;9.7;9.71;58;0
Селигдар;60;20170814;170000;9.71;9.71;9.71;9.71;2;0
Селигдар;60;20170814;180000;9.71;9.71;9.71;9.71;1;0
Селигдар;60;20170815;110000;9.57;9.57;9.5;9.5;31;0
Селигдар;60;20170815;120000;9.48;9.48;9.32;9.42;195;0
Селигдар;60;20170815;130000;9.43;9.45;9.43;9.45;28;0
Селигдар;60;20170815;140000;9.45;9.45;9.4;9.4;42;0
Селигдар;60;20170815;150000;9.44;9.45;9.35;9.35;30;0
Селигдар;60;20170815;160000;9.36;9.36;9.32;9.32;85;0
Селигдар;60;20170815;170000;9.32;9.35;9.31;9.35;35;0
Селигдар;60;20170816;110000;9.35;9.46;9.35;9.36;88;0
Селигдар;60;20170816;120000;9.36;9.36;9.36;9.36;3;0
Селигдар;60;20170816;140000;9.36;9.36;9.36;9.36;1;0
Селигдар;60;20170816;160000;9.37;9.37;9.33;9.33;14;0
Селигдар;60;20170816;170000;9.34;9.34;9.33;9.33;20;0
Селигдар;60;20170817;100000;9.28;9.28;9.2;9.2;71;0
Селигдар;60;20170817;110000;9.28;9.29;9.2;9.2;105;0
Селигдар;60;20170817;120000;9.27;9.29;9.27;9.28;31;0
Селигдар;60;20170817;130000;9.28;9.28;9.28;9.28;2;0
Селигдар;60;20170817;140000;9.29;9.29;9.29;9.29;1;0
Селигдар;60;20170817;150000;9.29;9.29;9.28;9.28;10;0
Селигдар;60;20170817;160000;9.29;9.29;9.29;9.29;2;0
Селигдар;60;20170817;170000;9.29;9.29;9.29;9.29;274;0
Селигдар;60;20170818;100000;9.26;9.26;9.22;9.22;16;0
Селигдар;60;20170818;120000;9.27;9.27;9.25;9.25;10;0
Селигдар;60;20170818;170000;9.33;9.41;9.33;9.41;6;0
Селигдар;60;20170821;110000;9.42;9.46;9.4;9.46;75;0
Селигдар;60;20170821;120000;9.42;9.44;9.42;9.44;11;0
Селигдар;60;20170821;150000;9.45;9.45;9.35;9.35;43;0
Селигдар;60;20170821;160000;9.34;9.35;9.33;9.35;50;0
Селигдар;60;20170821;170000;9.34;9.34;9.32;9.32;7;0
Селигдар;60;20170821;180000;9.28;9.28;9.26;9.26;3;0
Селигдар;60;20170822;110000;9.26;9.26;9.25;9.25;10;0
Селигдар;60;20170822;120000;9.24;9.24;9.17;9.21;210;0
Селигдар;60;20170822;130000;9.28;9.3;9.28;9.3;14;0
Селигдар;60;20170822;150000;9.21;9.3;9.21;9.3;8;0
Селигдар;60;20170822;180000;9.26;9.31;9.21;9.31;15;0
Селигдар;60;20170823;120000;9.3;9.3;9.3;9.3;2;0
Селигдар;60;20170823;180000;9.29;9.3;9.29;9.3;2;0
Селигдар;60;20170824;110000;9.29;9.3;9.29;9.3;10;0
Селигдар;60;20170824;120000;9.18;9.2;9.13;9.14;21;0
Селигдар;60;20170824;140000;9.24;9.37;9.24;9.37;29;0
Селигдар;60;20170824;150000;9.37;9.38;9.19;9.19;109;0
Селигдар;60;20170824;160000;9.22;9.22;9.22;9.22;1;0
Селигдар;60;20170824;170000;9.34;9.42;9.31;9.31;71;0
Селигдар;60;20170824;180000;9.31;9.38;9.3;9.38;17;0
Селигдар;60;20170825;100000;9.39;9.51;9.38;9.38;9;0
Селигдар;60;20170825;110000;9.38;9.59;9.38;9.59;18;0
Селигдар;60;20170825;130000;9.48;9.48;9.48;9.48;2;0
Селигдар;60;20170825;140000;9.45;9.45;9.45;9.45;7;0
Селигдар;60;20170825;150000;9.38;9.48;9.38;9.48;64;0
Селигдар;60;20170825;160000;9.48;9.66;9.43;9.43;646;0
Селигдар;60;20170825;170000;9.44;9.44;9.44;9.44;2;0
Селигдар;60;20170825;180000;9.42;9.42;9.36;9.36;118;0
Селигдар;60;20170828;110000;9.38;9.38;9.38;9.38;4;0
Селигдар;60;20170828;130000;9.39;9.39;9.31;9.31;21;0
Селигдар;60;20170828;140000;9.38;9.47;9.38;9.47;9;0
Селигдар;60;20170828;150000;9.34;9.34;9.26;9.26;247;0
Селигдар;60;20170828;160000;9.34;9.35;9.21;9.21;41;0
Селигдар;60;20170828;170000;9.3;9.35;9.3;9.35;17;0
Селигдар;60;20170828;180000;9.35;9.35;9.29;9.29;2;0
Селигдар;60;20170829;100000;9.38;9.4;9.38;9.4;19;0
Селигдар;60;20170829;110000;9.4;9.51;9.34;9.51;97;0
Селигдар;60;20170829;140000;9.5;9.5;9.49;9.49;2;0
Селигдар;60;20170829;150000;9.48;9.5;9.48;9.5;45;0
Селигдар;60;20170829;160000;9.5;9.53;9.5;9.53;13;0
Селигдар;60;20170829;170000;9.5;9.5;9.5;9.5;7;0
Селигдар;60;20170830;110000;9.5;9.57;9.5;9.54;60;0
Селигдар;60;20170830;120000;9.54;9.54;9.54;9.54;19;0
Селигдар;60;20170830;140000;9.46;9.53;9.43;9.53;30;0
Селигдар;60;20170830;150000;9.5;9.5;9.4;9.4;2;0
Селигдар;60;20170830;160000;9.5;9.5;9.5;9.5;1;0
Селигдар;60;20170830;170000;9.41;9.41;9.41;9.41;1;0
Селигдар;60;20170830;180000;9.4;9.41;9.3;9.3;236;0
Селигдар;60;20170831;130000;9.41;9.41;9.41;9.41;1;0
Селигдар;60;20170831;170000;9.35;9.35;9.18;9.3;489;0
Селигдар;60;20170831;180000;9.3;9.3;9.3;9.3;2;0
Селигдар;60;20170901;140000;9.3;9.3;9.24;9.29;14;0
Селигдар;60;20170901;150000;9.3;9.3;9.3;9.3;5;0
Селигдар;60;20170901;160000;9.36;9.36;9.26;9.26;3;0
Селигдар;60;20170901;170000;9.26;9.26;9.2;9.2;56;0
Селигдар;60;20170901;180000;9.2;9.25;9.2;9.25;13;0
Селигдар;60;20170904;100000;9.28;9.28;9.14;9.15;137;0
Селигдар;60;20170904;120000;9.24;9.24;9.24;9.24;1;0
Селигдар;60;20170904;130000;9.22;9.23;9.22;9.23;13;0
Селигдар;60;20170904;160000;9.26;9.29;9.23;9.23;26;0
Селигдар;60;20170905;100000;9.29;9.42;9.19;9.38;216;0
Селигдар;60;20170905;110000;9.39;9.4;9.39;9.4;5;0
Селигдар;60;20170905;120000;9.32;9.42;9.32;9.42;210;0
Селигдар;60;20170905;130000;9.33;9.33;9.33;9.33;2;0
Селигдар;60;20170905;160000;9.4;9.4;9.4;9.4;1;0
Селигдар;60;20170905;170000;9.34;9.34;9.34;9.34;2;0
Селигдар;60;20170906;100000;9.37;9.38;9.37;9.38;3;0
Селигдар;60;20170906;110000;9.38;9.38;9.38;9.38;1;0
Селигдар;60;20170906;120000;9.38;9.38;9.38;9.38;1;0
Селигдар;60;20170906;140000;9.33;9.33;9.33;9.33;2;0
Селигдар;60;20170906;180000;9.32;9.32;9.32;9.32;1;0
Селигдар;60;20170907;100000;9.3;9.3;9.2;9.2;46;0
Селигдар;60;20170907;110000;9.27;9.27;9.27;9.27;1;0
Селигдар;60;20170907;120000;9.29;9.3;9.29;9.3;6;0
Селигдар;60;20170907;140000;9.42;9.73;9.32;9.32;1780;0
Селигдар;60;20170907;150000;9.34;9.44;9.32;9.38;37;0
Селигдар;60;20170907;160000;9.38;9.38;9.38;9.38;1;0
Селигдар;60;20170908;100000;9.45;9.69;9.41;9.63;115;0
Селигдар;60;20170908;110000;9.57;9.57;9.56;9.56;20;0
Селигдар;60;20170908;120000;9.6;9.89;9.55;9.89;1088;0
Селигдар;60;20170908;130000;9.89;9.89;9.4;9.4;668;0
Селигдар;60;20170908;140000;9.42;9.57;9.42;9.5;31;0
Селигдар;60;20170908;150000;9.49;9.49;9.49;9.49;1;0
Селигдар;60;20170908;160000;9.45;9.63;9.37;9.63;252;0
Селигдар;60;20170908;180000;9.51;9.51;9.46;9.46;7;0
Селигдар;60;20170911;110000;9.49;9.5;9.49;9.5;100;0
Селигдар;60;20170911;120000;9.49;9.49;9.49;9.49;1;0
Селигдар;60;20170911;130000;9.5;9.5;9.5;9.5;3;0
Селигдар;60;20170911;140000;9.5;9.5;9.36;9.36;140;0
Селигдар;60;20170911;160000;9.43;9.43;9.42;9.42;7;0
Селигдар;60;20170911;170000;9.42;9.42;9.42;9.42;8;0
Селигдар;60;20170911;180000;9.42;9.63;9.42;9.63;11;0
Селигдар;60;20170912;100000;9.48;9.48;9.37;9.39;469;0
Селигдар;60;20170912;110000;9.39;9.4;9.39;9.4;8;0
Селигдар;60;20170912;120000;9.4;9.88;9.4;9.57;2409;0
Селигдар;60;20170912;130000;9.59;9.6;9.36;9.54;877;0
Селигдар;60;20170912;140000;9.52;9.67;9.52;9.59;686;0
Селигдар;60;20170912;150000;9.59;9.73;9.52;9.67;36;0
Селигдар;60;20170912;160000;9.61;9.67;9.55;9.55;56;0
Селигдар;60;20170912;170000;9.53;9.53;9.4;9.5;58;0
Селигдар;60;20170912;180000;9.47;9.54;9.47;9.54;62;0
Селигдар;60;20170913;100000;9.49;9.5;9.49;9.5;6;0
Селигдар;60;20170913;120000;9.47;9.47;9.47;9.47;1;0
Селигдар;60;20170913;130000;9.51;9.51;9.43;9.43;67;0
Селигдар;60;20170913;140000;9.45;9.45;9.4;9.4;203;0
Селигдар;60;20170913;180000;9.39;9.49;9.35;9.37;31;0
Селигдар;60;20170914;110000;9.34;9.34;9.34;9.34;1;0
Селигдар;60;20170914;120000;9.33;9.33;9.32;9.32;49;0
Селигдар;60;20170914;150000;9.36;9.36;9.32;9.32;9;0
Селигдар;60;20170914;160000;9.35;9.35;9.35;9.35;1;0
Селигдар;60;20170914;170000;9.34;9.42;9.34;9.39;40;0
Селигдар;60;20170915;160000;9.35;9.35;9.35;9.35;43;0
Селигдар;60;20170915;170000;9.35;9.44;9.35;9.36;8;0
Селигдар;60;20170915;180000;9.45;9.45;9.45;9.45;1;0
Селигдар;60;20170918;100000;9.44;9.44;9.44;9.44;2;0
Селигдар;60;20170918;140000;9.35;9.43;9.26;9.42;39;0
Селигдар;60;20170918;160000;9.34;9.35;9.34;9.35;508;0
Селигдар;60;20170918;170000;9.36;9.37;9.34;9.35;523;0
Селигдар;60;20170918;180000;9.39;9.39;9.39;9.39;1;0
Селигдар;60;20170919;100000;9.35;9.35;9.31;9.31;12;0
Селигдар;60;20170919;110000;9.31;9.31;9.31;9.31;1;0
Селигдар;60;20170919;130000;9.3;9.3;9.3;9.3;23;0
Селигдар;60;20170919;140000;9.3;9.3;9.3;9.3;3;0
Селигдар;60;20170919;150000;9.33;9.34;9.29;9.29;601;0
Селигдар;60;20170919;160000;9.33;9.34;9.28;9.34;418;0
Селигдар;60;20170919;180000;9.34;9.34;9.34;9.34;4;0
Селигдар;60;20170920;120000;9.27;9.27;9.2;9.24;75;0
Селигдар;60;20170920;130000;9.2;9.2;9.2;9.2;633;0
Селигдар;60;20170920;140000;9.2;9.2;9.2;9.2;208;0
Селигдар;60;20170920;150000;9.2;9.23;9.2;9.23;191;0
Селигдар;60;20170920;170000;9.23;9.24;9.2;9.2;48;0
Селигдар;60;20170920;180000;9.24;9.24;9.24;9.24;137;0
Селигдар;60;20170921;100000;9.24;9.24;9.24;9.24;13;0
Селигдар;60;20170921;110000;9.29;9.33;9.29;9.33;4;0
Селигдар;60;20170921;120000;9.22;9.23;9.22;9.23;4;0
Селигдар;60;20170921;130000;9.28;9.33;9.28;9.33;514;0
Селигдар;60;20170921;140000;9.25;9.35;9.24;9.35;517;0
Селигдар;60;20170921;150000;9.35;9.69;9.35;9.46;1217;0
Селигдар;60;20170921;160000;9.38;9.4;9.27;9.3;104;0
Селигдар;60;20170921;170000;9.26;9.31;9.23;9.31;13;0
Селигдар;60;20170921;180000;9.25;9.26;9.23;9.23;48;0
Селигдар;60;20170922;100000;9.31;9.4;9.23;9.4;35;0
Селигдар;60;20170922;110000;9.39;9.46;9.39;9.44;59;0
Селигдар;60;20170922;130000;9.4;9.4;9.32;9.4;623;0
Селигдар;60;20170922;140000;9.39;9.4;9.39;9.4;432;0
Селигдар;60;20170922;150000;9.34;9.34;9.34;9.34;2;0
Селигдар;60;20170922;170000;9.33;9.37;9.31;9.37;7;0
Селигдар;60;20170925;100000;9.35;9.36;9.27;9.3;433;0
Селигдар;60;20170925;110000;9.33;9.4;9.18;9.34;645;0
Селигдар;60;20170925;120000;9.27;9.32;9.26;9.32;9;0
Селигдар;60;20170925;130000;9.32;9.33;9.3;9.3;810;0
Селигдар;60;20170925;140000;9.3;9.33;9.3;9.33;212;0
Селигдар;60;20170925;150000;9.33;9.33;9.33;9.33;200;0
Селигдар;60;20170925;160000;9.28;9.32;9.27;9.32;5;0
Селигдар;60;20170925;170000;9.28;9.31;9.22;9.31;12;0
Селигдар;60;20170925;180000;9.31;9.33;9.31;9.33;58;0
Селигдар;60;20170926;100000;9.28;9.28;9.28;9.28;1;0
Селигдар;60;20170926;110000;9.32;9.32;9.31;9.31;2;0
Селигдар;60;20170926;120000;9.28;9.28;9.21;9.24;41;0
Селигдар;60;20170926;130000;9.3;9.35;9.3;9.35;750;0
Селигдар;60;20170926;140000;9.34;9.35;9.29;9.29;251;0
Селигдар;60;20170926;150000;9.28;9.28;9.26;9.28;10;0
Селигдар;60;20170926;170000;9.28;9.28;9.22;9.22;11;0
Селигдар;60;20170926;180000;9.27;9.28;9.22;9.28;21;0
Селигдар;60;20170927;100000;9.24;9.24;9.23;9.23;3;0
Селигдар;60;20170927;110000;9.3;9.34;9.3;9.31;7046;0
Селигдар;60;20170927;120000;9.3;9.36;9.3;9.31;3059;0
Селигдар;60;20170927;130000;9.31;9.37;9.27;9.37;10045;0
Селигдар;60;20170927;140000;9.31;9.32;9.29;9.3;15042;0
Селигдар;60;20170927;150000;9.3;9.32;9.29;9.3;11899;0
Селигдар;60;20170927;160000;9.32;9.33;9.28;9.33;24;0
Селигдар;60;20170927;180000;9.28;9.28;9.28;9.28;4;0
Селигдар;60;20170928;110000;9.3;9.31;9.25;9.25;11;0
Селигдар;60;20170928;120000;9.25;9.25;9.25;9.25;1;0
Селигдар;60;20170928;140000;9.25;9.25;9.25;9.25;4;0
Селигдар;60;20170928;150000;9.24;9.24;9.23;9.23;15;0
Селигдар;60;20170928;160000;9.23;9.23;9.22;9.22;110;0
Селигдар;60;20170928;170000;9.22;9.22;9.22;9.22;3;0
Селигдар;60;20170928;180000;9.21;9.21;9.21;9.21;1;0
Селигдар;60;20170929;100000;9.22;9.3;9.22;9.3;32;0
Селигдар;60;20170929;110000;9.22;9.3;9.2;9.26;466;0
Селигдар;60;20170929;120000;9.24;9.24;9.24;9.24;1;0
Селигдар;60;20171002;100000;9.3;9.33;9.3;9.33;7;0
Селигдар;60;20171002;110000;9.25;9.25;9.25;9.25;2;0
Селигдар;60;20171002;120000;9.25;9.25;9.25;9.25;16;0
Селигдар;60;20171002;130000;9.24;9.24;9.24;9.24;1;0
Селигдар;60;20171002;140000;9.24;9.35;9.18;9.34;374;0
Селигдар;60;20171002;160000;9.25;9.25;9.22;9.22;7;0
Селигдар;60;20171002;180000;9.25;9.25;9.25;9.25;1;0
Селигдар;60;20171003;100000;9.3;9.31;9.3;9.31;55;0
Селигдар;60;20171003;170000;9.24;9.24;9.23;9.23;18;0
Селигдар;60;20171004;100000;9.31;9.44;9.3;9.3;89;0
Селигдар;60;20171004;110000;9.3;9.3;9.3;9.3;59;0
Селигдар;60;20171004;120000;9.3;9.3;9.3;9.3;18;0
Селигдар;60;20171004;130000;9.3;9.3;9.27;9.27;30;0
Селигдар;60;20171004;170000;9.31;9.35;9.31;9.34;30;0
Селигдар;60;20171004;180000;9.34;9.34;9.34;9.34;2;0
Селигдар;60;20171005;090000;9.35;9.35;9.35;9.35;1;0
Селигдар;60;20171005;100000;9.38;9.48;9.36;9.36;19;0
Селигдар;60;20171005;110000;9.35;9.35;9.35;9.35;3;0
Селигдар;60;20171005;120000;9.33;9.33;9.32;9.32;2;0
Селигдар;60;20171005;130000;9.3;9.33;9.17;9.33;300;0
Селигдар;60;20171005;150000;9.31;9.31;9.31;9.31;3;0
Селигдар;60;20171005;160000;9.27;9.27;9.17;9.25;273;0
Селигдар;60;20171005;170000;9.23;9.24;9.23;9.24;7;0
Селигдар;60;20171005;180000;9.23;9.23;9.2;9.2;4;0
Селигдар;60;20171006;100000;9.2;9.2;9.2;9.2;129;0
Селигдар;60;20171006;110000;9.2;9.2;9.2;9.2;87;0
Селигдар;60;20171006;120000;9.2;9.2;9.2;9.2;118;0
Селигдар;60;20171006;130000;9.2;9.2;9.2;9.2;10;0
Селигдар;60;20171006;150000;9.19;9.19;9.19;9.19;1;0
Селигдар;60;20171006;160000;9.2;9.2;9.2;9.2;2;0
Селигдар;60;20171006;180000;9.2;9.2;9.2;9.2;4;0
Селигдар;60;20171009;100000;9.2;9.2;9.2;9.2;30;0
Селигдар;60;20171009;110000;9.2;9.3;9.2;9.3;163;0
Селигдар;60;20171009;120000;9.26;9.26;9.26;9.26;1;0
Селигдар;60;20171009;170000;9.27;9.28;9.27;9.28;20;0
Селигдар;60;20171009;180000;9.27;9.27;9.27;9.27;7;0
Селигдар;60;20171010;110000;9.22;9.27;9.22;9.27;370;0
Селигдар;60;20171010;120000;9.26;9.26;9.26;9.26;2;0
Селигдар;60;20171010;130000;9.25;9.25;9.25;9.25;1;0
Селигдар;60;20171010;140000;9.25;9.27;9.25;9.27;2;0
Селигдар;60;20171010;150000;9.26;9.76;9.26;9.41;1709;0
Селигдар;60;20171010;160000;9.42;9.44;9.27;9.27;342;0
Селигдар;60;20171010;170000;9.32;9.32;9.25;9.26;62;0
Селигдар;60;20171010;180000;9.31;9.31;9.25;9.26;109;0
Селигдар;60;20171011;100000;9.3;9.32;9.28;9.28;9;0
Селигдар;60;20171011;110000;9.28;9.28;9.26;9.26;5;0
Селигдар;60;20171011;120000;9.3;9.3;9.25;9.25;126;0
Селигдар;60;20171011;140000;9.26;9.26;9.25;9.25;6;0
Селигдар;60;20171011;150000;9.25;9.3;9.25;9.3;44;0
Селигдар;60;20171011;160000;9.27;9.27;9.26;9.26;6;0
Селигдар;60;20171011;180000;9.28;9.28;9.24;9.25;21;0
Селигдар;60;20171012;100000;9.26;9.26;9.21;9.22;104;0
Селигдар;60;20171012;120000;9.26;9.26;9.26;9.26;48;0
Селигдар;60;20171012;130000;9.23;9.26;9.2;9.26;11;0
Селигдар;60;20171012;140000;9.27;9.29;9.26;9.26;13;0
Селигдар;60;20171013;130000;9.25;9.25;9.2;9.2;705;0
Селигдар;60;20171013;140000;9.28;9.3;9.28;9.3;320;0
Селигдар;60;20171013;150000;9.26;9.26;9.24;9.24;158;0
Селигдар;60;20171013;160000;9.23;9.23;9.21;9.21;32;0
Селигдар;60;20171013;170000;9.24;9.24;9.24;9.24;8;0
Селигдар;60;20171013;180000;9.26;9.26;9.26;9.26;2;0
Селигдар;60;20171016;100000;9.29;9.29;9.29;9.29;4;0
Селигдар;60;20171016;110000;9.33;9.41;9.33;9.41;440;0
Селигдар;60;20171016;120000;9.35;9.41;9.35;9.41;88;0
Селигдар;60;20171016;170000;9.32;9.32;9.32;9.32;4;0
Селигдар;60;20171016;180000;9.36;9.36;9.36;9.36;1;0
Селигдар;60;20171017;100000;9.35;9.35;9.35;9.35;20;0
Селигдар;60;20171017;140000;9.32;9.32;9.32;9.32;2;0
Селигдар;60;20171017;150000;9.34;9.34;9.34;9.34;14;0
Селигдар;60;20171017;170000;9.32;9.32;9.26;9.26;353;0
Селигдар;60;20171017;180000;9.26;9.26;9.26;9.26;1;0
Селигдар;60;20171018;120000;9.25;9.26;9.2;9.2;620;0
Селигдар;60;20171018;130000;9.22;9.22;9.2;9.2;50;0
Селигдар;60;20171018;150000;9.24;9.24;9.24;9.24;1;0
Селигдар;60;20171018;160000;9.27;9.29;9.27;9.29;50;0
Селигдар;60;20171018;170000;9.28;9.29;9.28;9.29;2;0
Селигдар;60;20171018;180000;9.28;9.28;9.28;9.28;2;0
Селигдар;60;20171019;100000;9.28;9.28;9.28;9.28;1;0
Селигдар;60;20171019;110000;9.28;9.28;9.28;9.28;12;0
Селигдар;60;20171019;170000;9.28;9.28;9.21;9.22;92;0
Селигдар;60;20171019;180000;9.22;9.27;9.21;9.27;40;0
Селигдар;60;20171020;100000;9.21;9.21;9.21;9.21;1;0
Селигдар;60;20171020;120000;9.23;9.23;9.23;9.23;1;0
Селигдар;60;20171020;130000;9.25;9.34;9.25;9.34;40;0
Селигдар;60;20171020;180000;9.25;9.31;9.25;9.31;4;0
Селигдар;60;20171023;130000;9.33;9.34;9.33;9.34;6;0
Селигдар;60;20171023;170000;9.34;9.35;9.34;9.35;10;0
Селигдар;60;20171023;180000;9.35;9.35;9.35;9.35;14;0
Селигдар;60;20171024;100000;9.24;9.32;9.22;9.32;11;0
Селигдар;60;20171024;110000;9.3;9.38;9.3;9.38;7;0
Селигдар;60;20171024;160000;9.28;9.28;9.27;9.27;2;0
Селигдар;60;20171024;170000;9.25;9.25;9.25;9.25;1;0
Селигдар;60;20171024;180000;9.27;9.36;9.27;9.36;18;0
Селигдар;60;20171025;100000;9.38;9.38;9.38;9.38;5;0
Селигдар;60;20171025;120000;9.35;9.35;9.35;9.35;90;0
Селигдар;60;20171025;130000;9.29;9.29;9.28;9.28;30;0
Селигдар;60;20171025;140000;9.29;9.3;9.23;9.27;92;0
Селигдар;60;20171025;150000;9.3;9.35;9.3;9.35;77;0
Селигдар;60;20171025;160000;9.35;9.38;9.21;9.38;262;0
Селигдар;60;20171025;180000;9.32;9.32;9.27;9.32;21;0
Селигдар;60;20171026;100000;9.25;9.28;9.18;9.21;253;0
Селигдар;60;20171026;110000;9.26;9.35;9.26;9.3;318;0
Селигдар;60;20171026;120000;9.3;9.3;9.28;9.28;23;0
Селигдар;60;20171026;130000;9.28;9.28;9.21;9.26;88;0
Селигдар;60;20171026;150000;9.25;9.25;9.25;9.25;1;0
Селигдар;60;20171026;180000;9.25;9.25;9.25;9.25;5;0
Селигдар;60;20171027;130000;9.27;9.38;9.27;9.38;210;0
Селигдар;60;20171027;150000;9.36;9.36;9.35;9.35;5;0
Селигдар;60;20171027;170000;9.35;9.36;9.35;9.36;80;0
Селигдар;60;20171030;100000;9.31;9.46;9.28;9.46;50;0
Селигдар;60;20171030;110000;9.45;9.46;9.38;9.38;9;0
Селигдар;60;20171030;120000;9.35;9.36;9.35;9.36;57;0
Селигдар;60;20171030;140000;9.32;9.32;9.28;9.28;99;0
Селигдар;60;20171030;150000;9.3;9.3;9.3;9.3;1;0
Селигдар;60;20171030;160000;9.37;9.39;9.37;9.39;3;0
Селигдар;60;20171031;100000;9.35;9.4;9.25;9.35;74;0
Селигдар;60;20171031;110000;9.26;9.3;9.26;9.3;333;0
Селигдар;60;20171031;120000;9.3;9.3;9.3;9.3;22;0
Селигдар;60;20171031;130000;9.3;9.3;9.3;9.3;23;0
Селигдар;60;20171031;140000;9.27;9.27;9.22;9.22;110;0
Селигдар;60;20171031;150000;9.27;9.27;9.27;9.27;1;0
Селигдар;60;20171101;100000;9.3;9.3;9.3;9.3;1;0
Селигдар;60;20171101;110000;9.3;9.3;9.3;9.3;1;0
Селигдар;60;20171101;120000;9.26;9.26;9.26;9.26;8;0
Селигдар;60;20171101;130000;9.26;9.26;9.26;9.26;2;0
Селигдар;60;20171101;140000;9.26;9.26;9.26;9.26;48;0
Селигдар;60;20171101;150000;9.26;9.26;9.25;9.25;9;0
Селигдар;60;20171101;160000;9.31;9.33;9.3;9.3;10;0
Селигдар;60;20171101;170000;9.3;9.3;9.3;9.3;110;0
Селигдар;60;20171101;180000;9.29;9.3;9.26;9.3;106;0
Селигдар;60;20171102;090000;9.3;9.3;9.3;9.3;9;0
Селигдар;60;20171102;100000;9.3;9.3;9.3;9.3;13;0
Селигдар;60;20171102;120000;9.3;9.3;9.3;9.3;1;0
Селигдар;60;20171102;130000;9.26;9.29;9.24;9.29;42;0
Селигдар;60;20171102;150000;9.27;9.27;9.27;9.27;1;0
Селигдар;60;20171102;170000;9.28;9.29;9.28;9.28;4;0
Селигдар;60;20171102;180000;9.29;9.29;9.29;9.29;1;0
Селигдар;60;20171103;100000;9.24;9.24;9.22;9.22;7;0
Селигдар;60;20171103;110000;9.23;9.23;9.2;9.2;213;0
Селигдар;60;20171103;120000;9.25;9.25;9.25;9.25;12;0
Селигдар;60;20171103;140000;9.2;9.2;9.2;9.2;2;0
Селигдар;60;20171103;150000;9.24;9.25;9.24;9.25;12;0
Селигдар;60;20171103;160000;9.24;9.3;9.17;9.3;339;0
Селигдар;60;20171103;170000;9.3;9.31;9.3;9.31;144;0
Селигдар;60;20171103;180000;9.3;9.33;9.3;9.33;156;0
Селигдар;60;20171107;100000;9.34;9.42;9.34;9.42;506;0
Селигдар;60;20171107;110000;9.42;9.44;9.42;9.44;10;0
Селигдар;60;20171107;120000;9.37;9.37;9.37;9.37;1;0
Селигдар;60;20171107;130000;9.37;9.37;9.36;9.36;4;0
Селигдар;60;20171107;140000;9.36;9.4;9.35;9.4;13;0
Селигдар;60;20171107;150000;9.34;9.46;9.34;9.46;93;0
Селигдар;60;20171107;160000;9.46;9.46;9.46;9.46;45;0
Селигдар;60;20171107;170000;9.44;9.44;9.31;9.32;138;0
Селигдар;60;20171107;180000;9.39;9.4;9.39;9.4;163;0
Селигдар;60;20171108;100000;9.35;9.35;9.24;9.35;101;0
Селигдар;60;20171108;110000;9.34;9.4;9.3;9.4;237;0
Селигдар;60;20171108;120000;9.44;9.44;9.44;9.44;1;0
Селигдар;60;20171108;130000;9.34;9.44;9.33;9.44;55;0
Селигдар;60;20171108;150000;9.45;9.56;9.3;9.37;1176;0
Селигдар;60;20171108;160000;9.41;9.54;9.41;9.54;468;0
Селигдар;60;20171108;170000;9.54;9.69;9.54;9.69;569;0
Селигдар;60;20171108;180000;9.69;9.77;9.61;9.76;249;0
Селигдар;60;20171109;100000;9.61;9.82;9.6;9.82;205;0
Селигдар;60;20171109;110000;9.8;10.99;9.8;10.2;4081;0
Селигдар;60;20171109;120000;10.36;10.44;10.21;10.36;842;0
Селигдар;60;20171109;130000;10.39;10.4;10.19;10.33;125;0
Селигдар;60;20171109;140000;10.32;10.48;10.32;10.39;385;0
Селигдар;60;20171109;150000;10.39;10.4;10.39;10.4;144;0
Селигдар;60;20171109;160000;10.41;10.41;10.26;10.26;164;0
Селигдар;60;20171109;170000;10.26;10.26;10.21;10.21;35;0
Селигдар;60;20171109;180000;10.22;10.31;10.2;10.31;164;0
Селигдар;60;20171110;100000;10.17;10.56;10.02;10.28;286;0
Селигдар;60;20171110;110000;10.2;10.3;10.09;10.29;114;0
Селигдар;60;20171110;120000;10.25;10.27;10.25;10.27;2;0
Селигдар;60;20171110;130000;10.13;10.26;10.13;10.26;11;0
Селигдар;60;20171110;140000;10.25;10.34;10.25;10.27;164;0
Селигдар;60;20171110;150000;10.21;10.3;10.18;10.28;27;0
Селигдар;60;20171110;160000;10.28;10.28;10.17;10.17;33;0
Селигдар;60;20171110;170000;10.17;10.17;10.1;10.1;36;0
Селигдар;60;20171110;180000;10.15;10.15;10.15;10.15;5;0
Селигдар;60;20171113;100000;10.23;10.23;9.88;9.93;63;0
Селигдар;60;20171113;110000;10;10;9.84;9.85;76;0
Селигдар;60;20171113;120000;9.84;10;9.83;10;1071;0
Селигдар;60;20171113;130000;10.04;10.07;10.04;10.07;28;0
Селигдар;60;20171113;140000;10.03;10.03;10.01;10.01;18;0
Селигдар;60;20171113;150000;9.97;9.98;9.96;9.98;11;0
Селигдар;60;20171113;160000;10;10.18;10;10.18;10070;0
Селигдар;60;20171114;100000;10.07;10.07;10;10;1000;0
Селигдар;60;20171114;110000;10.01;10.1;10;10.1;10006;0
Селигдар;60;20171114;120000;10.18;10.28;10.05;10.05;33;0
Селигдар;60;20171114;150000;10.24;10.24;10.24;10.24;3;0
Селигдар;60;20171114;160000;10.32;10.5;10.32;10.49;102;0
Селигдар;60;20171114;170000;10.45;10.48;10.3;10.42;486;0
Селигдар;60;20171114;180000;10.39;10.4;10.32;10.32;83;0
Селигдар;60;20171115;100000;10.58;10.7;10.35;10.4;159;0
Селигдар;60;20171115;110000;10.39;10.39;10.35;10.39;24;0
Селигдар;60;20171115;120000;10.39;10.39;10.39;10.39;1;0
Селигдар;60;20171115;130000;10.35;10.4;10.3;10.3;556;0
Селигдар;60;20171115;150000;10.31;10.32;10.3;10.32;9;0
Селигдар;60;20171115;160000;10.3;10.32;10.3;10.32;11;0
Селигдар;60;20171115;170000;10.3;10.34;10.3;10.34;106;0
Селигдар;60;20171115;180000;10.3;10.3;10.3;10.3;51;0
Селигдар;60;20171116;100000;10.3;10.32;10.12;10.2;28;0
Селигдар;60;20171116;110000;10.3;10.3;10.06;10.06;19;0
Селигдар;60;20171116;120000;10.08;10.11;9.82;9.82;902;0
Селигдар;60;20171116;130000;9.82;9.98;9.8;9.98;193;0
Селигдар;60;20171116;140000;10.01;10.01;10.01;10.01;1;0
Селигдар;60;20171116;150000;10.06;10.06;10.06;10.06;17;0
Селигдар;60;20171116;160000;10.08;10.21;10.05;10.05;144;0
Селигдар;60;20171116;170000;10.19;10.25;10.19;10.25;6;0
Селигдар;60;20171116;180000;10.28;10.29;10.28;10.29;5;0
Селигдар;60;20171117;100000;10.12;10.38;10.12;10.38;35;0
Селигдар;60;20171117;110000;10.38;10.44;10.3;10.37;209;0
Селигдар;60;20171117;120000;10.43;10.5;10.42;10.42;76;0
Селигдар;60;20171117;130000;10.49;10.54;10.49;10.52;38;0
Селигдар;60;20171117;140000;10.51;10.54;10.45;10.45;9;0
Селигдар;60;20171117;150000;10.46;10.49;10.45;10.49;21;0
Селигдар;60;20171117;160000;10.44;10.53;10.42;10.53;25;0
Селигдар;60;20171117;180000;10.53;10.53;10.42;10.42;54;0
Селигдар;60;20171120;100000;10.33;10.33;10.33;10.33;2;0
Селигдар;60;20171120;110000;10.37;10.37;10.37;10.37;2;0
Селигдар;60;20171120;120000;10.4;10.4;10.4;10.4;89;0
Селигдар;60;20171120;130000;10.35;10.35;10.33;10.33;38;0
Селигдар;60;20171120;140000;10.33;10.33;10.33;10.33;3;0
Селигдар;60;20171120;160000;10.34;10.34;10.33;10.33;3;0
Селигдар;60;20171120;170000;10.46;10.5;10.46;10.5;12;0
Селигдар;60;20171120;180000;10.36;10.36;10.33;10.33;22;0
Селигдар;60;20171121;100000;10.33;10.52;10.3;10.52;499;0
Селигдар;60;20171121;110000;10.52;10.54;10.52;10.53;8;0
Селигдар;60;20171121;140000;10.53;10.53;10.53;10.53;3;0
Селигдар;60;20171121;160000;10.46;10.46;10.46;10.46;1;0
Селигдар;60;20171121;180000;10.5;10.5;10.5;10.5;1;0
Селигдар;60;20171122;100000;10.53;10.53;10.4;10.4;112;0
Селигдар;60;20171122;110000;10.47;10.47;10.33;10.33;72;0
Селигдар;60;20171122;140000;10.33;10.33;10.3;10.3;50;0
Селигдар;60;20171122;170000;10.32;10.32;10.3;10.3;3;0
Селигдар;60;20171122;180000;10.46;10.46;10.3;10.42;14;0
Селигдар;60;20171123;100000;10.28;10.39;10.21;10.39;103;0
Селигдар;60;20171123;110000;10.41;10.45;10.41;10.45;7;0
Селигдар;60;20171123;140000;10.41;10.43;10.3;10.43;35;0
Селигдар;60;20171123;150000;10.43;10.43;10.43;10.43;3;0
Селигдар;60;20171123;160000;10.44;10.44;10.44;10.44;1;0
Селигдар;60;20171123;170000;10.4;10.45;10.3;10.45;59;0
Селигдар;60;20171124;100000;10.43;10.43;10.41;10.42;38;0
Селигдар;60;20171124;110000;10.32;10.32;10.3;10.3;50;0
Селигдар;60;20171124;120000;10.39;10.39;10.3;10.3;225;0
Селигдар;60;20171124;130000;10.31;10.31;10.3;10.3;81;0
Селигдар;60;20171124;140000;10.3;10.3;10.3;10.3;32;0
Селигдар;60;20171124;160000;10.32;10.33;10.32;10.33;4;0
Селигдар;60;20171124;180000;10.31;10.31;10.31;10.31;2;0
Селигдар;60;20171127;100000;10.32;10.32;10.26;10.26;14;0
Селигдар;60;20171127;110000;10.27;10.27;10.27;10.27;21;0
Селигдар;60;20171127;120000;10.34;10.34;10.34;10.34;2;0
Селигдар;60;20171127;130000;10.27;10.27;10.27;10.27;1;0
Селигдар;60;20171127;150000;10.29;10.29;10.29;10.29;1;0
Селигдар;60;20171127;160000;10.27;10.34;10.27;10.34;3;0
Селигдар;60;20171128;100000;10.23;10.4;10.21;10.3;136;0
Селигдар;60;20171128;110000;10.3;10.3;10.3;10.3;6;0
Селигдар;60;20171128;120000;10.3;10.3;10.3;10.3;2;0
Селигдар;60;20171128;130000;10.3;10.3;10.3;10.3;15;0
Селигдар;60;20171128;150000;10.36;10.36;10.36;10.36;1;0
Селигдар;60;20171128;180000;10.36;10.39;10.36;10.37;13;0
Селигдар;60;20171129;100000;10.23;10.36;10.23;10.36;11;0
Селигдар;60;20171129;110000;10.3;10.3;10.26;10.3;6595;0
Селигдар;60;20171129;120000;10.3;10.3;10.3;10.3;3008;0
Селигдар;60;20171129;130000;10.3;10.3;10.23;10.23;27;0
Селигдар;60;20171129;140000;10.21;10.29;10.2;10.29;23;0
Селигдар;60;20171129;170000;10.28;10.28;10.2;10.25;15;0
Селигдар;60;20171129;180000;10.25;10.28;10.25;10.28;10;0
Селигдар;60;20171130;100000;10.39;10.39;10.21;10.21;19;0
Селигдар;60;20171130;110000;10.2;10.2;10.2;10.2;4;0
Селигдар;60;20171130;120000;10.2;10.2;10.2;10.2;4;0
Селигдар;60;20171130;130000;10.19;10.2;10.16;10.2;31;0
Селигдар;60;20171130;140000;10.25;10.26;10.25;10.26;2;0
Селигдар;60;20171130;150000;10.25;10.3;10.25;10.3;82;0
Селигдар;60;20171130;160000;10.3;10.3;10.25;10.25;105;0
Селигдар;60;20171130;170000;10.28;10.28;10.21;10.21;8;0
Селигдар;60;20171130;180000;10.2;10.22;10.1;10.2;149;0
Селигдар;60;20171201;100000;10.17;10.17;10.02;10.09;34;0
Селигдар;60;20171201;110000;10.13;10.2;10.13;10.2;52;0
Селигдар;60;20171201;120000;10.2;10.2;10.2;10.2;26;0
Селигдар;60;20171201;160000;10.26;10.45;10.26;10.45;147;0
Селигдар;60;20171201;170000;10.35;10.35;10.32;10.32;2;0
Селигдар;60;20171201;180000;10.35;10.36;10.33;10.36;23;0
Селигдар;60;20171204;100000;10.29;10.29;10.29;10.29;7;0
Селигдар;60;20171204;110000;10.38;10.38;10.2;10.2;149;0
Селигдар;60;20171204;140000;10.37;10.37;10.37;10.37;1;0
Селигдар;60;20171204;150000;10.37;10.4;10.37;10.4;8;0
Селигдар;60;20171205;120000;10.26;10.26;10.21;10.21;10;0
Селигдар;60;20171205;130000;10.38;10.45;10.38;10.45;20;0
Селигдар;60;20171205;160000;10.47;10.56;10.47;10.56;206;0
Селигдар;60;20171205;170000;10.36;10.36;10.36;10.36;1;0
Селигдар;60;20171206;100000;10.49;10.49;10.49;10.49;1;0
Селигдар;60;20171206;110000;10.33;10.33;10.32;10.32;8;0
Селигдар;60;20171206;120000;10.32;10.32;10.32;10.32;4;0
Селигдар;60;20171206;130000;10.28;10.28;10.23;10.23;16;0
Селигдар;60;20171206;140000;10.32;10.45;10.32;10.45;247;0
Селигдар;60;20171206;150000;10.5;10.5;10.5;10.5;103;0
Селигдар;60;20171206;160000;10.5;10.5;10.5;10.5;5;0
Селигдар;60;20171206;170000;10.36;10.4;10.36;10.36;10;0
Селигдар;60;20171206;180000;10.48;10.5;10.48;10.5;99;0
Селигдар;60;20171207;100000;10.32;10.32;10.2;10.2;251;0
Селигдар;60;20171207;110000;10.2;10.2;10.2;10.2;107;0
Селигдар;60;20171207;120000;10.17;10.2;10.17;10.2;48;0
Селигдар;60;20171207;130000;10.25;10.25;10.23;10.23;115;0
Селигдар;60;20171207;150000;10.24;10.24;10.24;10.24;1;0
Селигдар;60;20171207;160000;10.25;10.25;10.25;10.25;4;0
Селигдар;60;20171207;170000;10.24;10.24;10.24;10.24;7;0
Селигдар;60;20171207;180000;10.29;10.29;10.29;10.29;1;0
Селигдар;60;20171208;100000;10.23;10.31;10.23;10.31;7;0
Селигдар;60;20171208;120000;10.29;10.29;10.29;10.29;14;0
Селигдар;60;20171208;130000;10.29;10.29;10.29;10.29;3;0
Селигдар;60;20171208;140000;10.33;10.34;10.33;10.34;8;0
Селигдар;60;20171208;160000;10.33;10.34;10.33;10.34;14;0
Селигдар;60;20171208;170000;10.35;10.35;10.35;10.35;1;0
Селигдар;60;20171208;180000;10.34;10.36;10.34;10.36;7;0
Селигдар;60;20171211;130000;10.41;10.41;10.41;10.41;1;0
Селигдар;60;20171211;140000;10.31;10.31;10.3;10.3;5;0
Селигдар;60;20171212;100000;10.26;10.26;10.18;10.18;50;0
Селигдар;60;20171212;110000;10.27;10.27;10.23;10.23;3;0
Селигдар;60;20171212;140000;10.23;10.29;10.23;10.29;12;0
Селигдар;60;20171212;150000;10.29;10.29;10.23;10.23;3;0
Селигдар;60;20171213;100000;10.19;10.29;10.17;10.17;32;0
Селигдар;60;20171213;110000;10.16;10.16;10.16;10.16;10;0
Селигдар;60;20171213;120000;10.24;10.24;10.24;10.24;1;0
Селигдар;60;20171213;130000;10.2;10.2;10.2;10.2;3;0
Селигдар;60;20171213;160000;10.2;10.2;10.2;10.2;10;0
Селигдар;60;20171213;170000;10.19;10.29;10.18;10.29;18;0
Селигдар;60;20171213;180000;10.19;10.19;10.19;10.19;3;0
Селигдар;60;20171214;110000;10.18;10.18;10.15;10.15;20;0
Селигдар;60;20171214;120000;10.15;10.34;10.15;10.15;239;0
Селигдар;60;20171214;170000;10.32;10.32;10.32;10.32;1;0
Селигдар;60;20171214;180000;10.2;10.2;10.19;10.19;3;0
Селигдар;60;20171215;100000;10.13;10.14;10.11;10.13;203;0
Селигдар;60;20171215;110000;10.14;10.15;10.04;10.15;177;0
Селигдар;60;20171215;120000;10.13;10.14;10.04;10.12;49;0
Селигдар;60;20171215;130000;10.1;10.1;10.1;10.1;2;0
Селигдар;60;20171215;140000;10.13;10.14;10.13;10.14;3;0
Селигдар;60;20171215;160000;10.17;10.48;10.15;10.15;545;0
Селигдар;60;20171215;170000;10.19;10.2;10.19;10.19;92;0
Селигдар;60;20171215;180000;10.2;10.2;10.2;10.2;17;0
Селигдар;60;20171218;100000;10.13;10.13;10.13;10.13;2;0
Селигдар;60;20171218;150000;10.14;10.14;10.05;10.05;82;0
Селигдар;60;20171218;160000;10.05;10.05;10;10.05;66;0
Селигдар;60;20171218;180000;10.03;10.03;10.03;10.03;1;0
Селигдар;60;20171219;100000;10.07;10.21;10.07;10.21;11;0
Селигдар;60;20171219;110000;10.1;10.1;10.1;10.1;1;0
Селигдар;60;20171219;140000;10.08;10.08;10.08;10.08;3;0
Селигдар;60;20171219;150000;10.15;10.15;10.15;10.15;1;0
Селигдар;60;20171220;100000;10.15;10.15;10.03;10.1;217;0
Селигдар;60;20171220;110000;10.02;10.02;10.02;10.02;1;0
Селигдар;60;20171220;120000;10.05;10.1;10.05;10.1;8;0
Селигдар;60;20171220;130000;10.11;10.2;10.11;10.2;156;0
Селигдар;60;20171220;140000;10.19;10.19;10.19;10.19;1;0
Селигдар;60;20171220;150000;10.18;10.18;9.95;9.95;1016;0
Селигдар;60;20171220;170000;10;10;10;10;1;0
Селигдар;60;20171220;180000;10.01;10.13;9.99;10.13;214;0
Селигдар;60;20171221;100000;10.01;10.01;9.73;10;739;0
Селигдар;60;20171221;110000;10;10.15;9.96;9.96;4601;0
Селигдар;60;20171221;120000;9.94;9.94;9.75;9.75;62;0
Селигдар;60;20171221;140000;9.81;9.86;9.81;9.86;11;0
Селигдар;60;20171221;150000;9.85;9.86;9.85;9.85;50;0
Селигдар;60;20171221;160000;9.84;9.84;9.76;9.76;7;0
Селигдар;60;20171222;100000;9.8;9.8;9.8;9.8;1;0
Селигдар;60;20171222;110000;9.76;9.76;9.67;9.72;60;0
Селигдар;60;20171222;140000;9.72;9.72;9.72;9.72;4;0
Селигдар;60;20171222;160000;9.77;9.81;9.77;9.81;25;0
Селигдар;60;20171222;180000;9.74;9.74;9.72;9.72;34;0
Селигдар;60;20171225;100000;9.71;9.78;9.71;9.78;2;0
Селигдар;60;20171225;110000;9.69;9.69;9.68;9.68;30;0
Селигдар;60;20171225;120000;9.69;9.75;9.67;9.75;26;0
Селигдар;60;20171225;140000;9.81;9.87;9.81;9.87;25;0
Селигдар;60;20171225;150000;9.76;9.76;9.68;9.68;20;0
Селигдар;60;20171226;140000;9.78;9.82;9.78;9.82;136;0
Селигдар;60;20171226;170000;9.81;9.83;9.81;9.83;57;0
Селигдар;60;20171226;180000;9.74;9.74;9.72;9.73;9;0
Селигдар;60;20171227;100000;9.83;9.88;9.83;9.88;139;0
Селигдар;60;20171227;110000;9.88;9.88;9.73;9.73;31;0
Селигдар;60;20171227;120000;9.75;9.75;9.68;9.68;152;0
Селигдар;60;20171227;160000;9.71;9.71;9.64;9.64;42;0
Селигдар;60;20171227;170000;9.74;9.74;9.73;9.73;2;0
Селигдар;60;20171228;100000;9.67;9.67;9.67;9.67;1;0
Селигдар;60;20171228;120000;9.68;9.73;9.64;9.73;215;0
Селигдар;60;20171228;130000;9.74;9.79;9.74;9.79;3;0
Селигдар;60;20171228;150000;9.73;9.73;9.73;9.73;43;0
Селигдар;60;20171229;100000;9.71;9.71;9.62;9.62;50;0
Селигдар;60;20171229;110000;9.73;9.75;9.73;9.75;17;0
Селигдар;60;20171229;120000;9.78;9.83;9.78;9.83;5;0
Селигдар;60;20171229;140000;9.83;9.9;9.83;9.89;76;0
Селигдар;60;20171229;150000;9.94;10;9.92;9.93;79;0
Селигдар;60;20171229;160000;9.93;9.93;9.93;9.93;7;0
Селигдар;60;20171229;170000;9.98;9.98;9.95;9.95;11;0
Селигдар;60;20171229;180000;9.97;9.97;9.96;9.97;10;0
