<TICKER>;<PER>;<DATE>;<TIME>;<OPEN>;<HIGH>;<LOW>;<CLOSE>;<VOL>;<OPENINT>
Славн-ЯНОС;60;20170125;100000;28.5;28.5;28.5;28.5;10;0
Славн-ЯНОС;60;20170125;110000;28.9;29.8;28.9;29.8;3;0
Славн-ЯНОС;60;20170125;130000;29.3;29.3;28.9;28.9;3;0
Славн-ЯНОС;60;20170125;150000;29.3;29.3;29.3;29.3;1;0
Славн-ЯНОС;60;20170125;170000;29.7;29.8;29.2;29.8;3;0
Славн-ЯНОС;60;20170126;100000;29.6;31.1;29.6;30.1;8;0
Славн-ЯНОС;60;20170126;110000;29.6;29.6;29.6;29.6;1;0
Славн-ЯНОС;60;20170126;150000;29.1;29.1;29.1;29.1;1;0
Славн-ЯНОС;60;20170131;160000;28.8;28.8;28.5;28.5;2;0
Славн-ЯНОС;60;20170131;170000;28.5;28.5;28.2;28.2;4;0
Славн-ЯНОС;60;20170131;180000;28.7;28.7;28.7;28.7;1;0
Славн-ЯНОС;60;20170201;100000;28.2;28.2;28.2;28.2;3;0
Славн-ЯНОС;60;20170201;140000;28.2;28.2;28.2;28.2;1;0
Славн-ЯНОС;60;20170202;110000;28.1;28.1;28.1;28.1;2;0
Славн-ЯНОС;60;20170203;100000;28;28;28;28;2;0
Славн-ЯНОС;60;20170203;110000;28.1;28.1;28.1;28.1;7;0
Славн-ЯНОС;60;20170203;120000;28.5;28.5;28.5;28.5;1;0
Славн-ЯНОС;60;20170203;130000;28.8;28.8;28.8;28.8;1;0
Славн-ЯНОС;60;20170203;140000;28.3;28.3;28.3;28.3;5;0
Славн-ЯНОС;60;20170203;160000;28.3;28.3;28.3;28.3;7;0
Славн-ЯНОС;60;20170203;180000;28.8;28.8;28.8;28.8;1;0
Славн-ЯНОС;60;20170206;110000;28.2;28.2;28.2;28.2;1;0
Славн-ЯНОС;60;20170206;120000;28.2;28.2;28.2;28.2;1;0
Славн-ЯНОС;60;20170210;180000;28;28;28;28;13;0
Славн-ЯНОС;60;20170213;110000;28;28;28;28;11;0
Славн-ЯНОС;60;20170214;110000;27.7;27.7;27.7;27.7;1;0
Славн-ЯНОС;60;20170214;120000;28.1;28.1;28.1;28.1;1;0
Славн-ЯНОС;60;20170215;110000;28.6;28.6;28.6;28.6;1;0
Славн-ЯНОС;60;20170215;120000;28.5;28.5;28.5;28.5;1;0
Славн-ЯНОС;60;20170215;160000;28;28;28;28;2;0
Славн-ЯНОС;60;20170216;100000;27.6;27.6;27.6;27.6;1;0
Славн-ЯНОС;60;20170217;100000;26.7;26.7;26.7;26.7;14;0
Славн-ЯНОС;60;20170217;110000;26.5;26.5;26.5;26.5;1;0
Славн-ЯНОС;60;20170217;160000;26.5;26.5;26.1;26.1;14;0
Славн-ЯНОС;60;20170217;170000;26;26;26;26;2;0
Славн-ЯНОС;60;20170217;180000;27;27;27;27;3;0
Славн-ЯНОС;60;20170221;120000;26.4;26.5;26.4;26.5;6;0
Славн-ЯНОС;60;20170221;130000;26.2;26.2;26.2;26.2;4;0
Славн-ЯНОС;60;20170221;140000;26.1;26.1;25.8;25.8;3;0
Славн-ЯНОС;60;20170221;170000;26.3;26.6;26.3;26.6;5;0
Славн-ЯНОС;60;20170221;180000;26.7;26.7;26.7;26.7;1;0
Славн-ЯНОС;60;20170222;140000;26.1;26.1;25.5;25.5;21;0
Славн-ЯНОС;60;20170222;170000;25.3;25.3;25.3;25.3;1;0
Славн-ЯНОС;60;20170224;100000;25;25;25;25;5;0
Славн-ЯНОС;60;20170227;150000;25.2;25.2;25;25;18;0
Славн-ЯНОС;60;20170227;180000;24.6;24.6;24.6;24.6;1;0
Славн-ЯНОС;60;20170228;110000;24.5;27;23.3;27;20;0
Славн-ЯНОС;60;20170228;140000;24.4;24.4;24.4;24.4;1;0
Славн-ЯНОС;60;20170228;160000;23.9;24;23.9;24;4;0
Славн-ЯНОС;60;20170301;130000;24.6;24.6;24.5;24.5;2;0
Славн-ЯНОС;60;20170302;100000;24.6;26.5;24.6;26.5;3;0
Славн-ЯНОС;60;20170310;150000;26.5;26.5;26.5;26.5;2;0
Славн-ЯНОС;60;20170315;110000;25.2;26;25.2;25.5;5;0
Славн-ЯНОС;60;20170316;170000;24.6;25;24.6;25;2;0
Славн-ЯНОС;60;20170320;150000;26.7;26.7;26.7;26.7;1;0
Славн-ЯНОС;60;20170320;170000;25.4;25.4;25.4;25.4;3;0
Славн-ЯНОС;60;20170320;180000;25.4;26.5;25.4;26.5;5;0
Славн-ЯНОС;60;20170321;100000;26.9;26.9;26.9;26.9;1;0
Славн-ЯНОС;60;20170321;180000;26.3;26.9;26.2;26.9;7;0
Славн-ЯНОС;60;20170327;180000;27;27;27;27;2;0
Славн-ЯНОС;60;20170328;100000;28.5;28.5;28.5;28.5;1;0
Славн-ЯНОС;60;20170328;110000;27;28.5;27;28.5;4;0
Славн-ЯНОС;60;20170329;100000;29;29;29;29;1;0
Славн-ЯНОС;60;20170329;150000;26.5;28;24.3;26;50;0
Славн-ЯНОС;60;20170329;160000;27;27;25.7;25.7;2;0
Славн-ЯНОС;60;20170329;170000;26.1;28;25.9;28;11;0
Славн-ЯНОС;60;20170329;180000;28;28;28;28;11;0
Славн-ЯНОС;60;20170330;110000;27.6;27.7;27.6;27.7;14;0
Славн-ЯНОС;60;20170330;140000;26;26;26;26;30;0
Славн-ЯНОС;60;20170330;170000;27.9;27.9;27.9;27.9;2;0
Славн-ЯНОС;60;20170330;180000;26.5;27.9;26.5;27.9;5;0
Славн-ЯНОС;60;20170331;100000;25.8;28.6;25.8;28.6;5;0
Славн-ЯНОС;60;20170331;110000;27;27;27;27;1;0
Славн-ЯНОС;60;20170331;120000;26.5;26.5;24.7;24.7;14;0
Славн-ЯНОС;60;20170331;170000;25.5;25.5;25.4;25.5;4;0
Славн-ЯНОС;60;20170331;180000;26;28.7;26;28.6;24;0
Славн-ЯНОС;60;20170403;100000;29;29.9;27.2;27.5;6;0
Славн-ЯНОС;60;20170403;120000;28.5;28.5;28.5;28.5;1;0
Славн-ЯНОС;60;20170404;110000;26.7;28.6;25.9;27;8;0
Славн-ЯНОС;60;20170404;180000;28;28;28;28;1;0
Славн-ЯНОС;60;20170405;120000;29.3;29.3;27.9;29;15;0
Славн-ЯНОС;60;20170406;120000;29;29.9;29;29.9;5;0
Славн-ЯНОС;60;20170407;150000;28.9;28.9;28.9;28.9;23;0
Славн-ЯНОС;60;20170418;120000;28.5;28.5;28.5;28.5;4;0
Славн-ЯНОС;60;20170421;140000;27;28.4;27;28.4;5;0
Славн-ЯНОС;60;20170421;150000;27.1;28.5;27;28.4;7;0
Славн-ЯНОС;60;20170425;110000;28.4;28.4;27.5;27.5;4;0
Славн-ЯНОС;60;20170426;150000;28.3;28.3;28.3;28.3;2;0
Славн-ЯНОС;60;20170427;100000;29;29;27;27;6;0
Славн-ЯНОС;60;20170427;110000;27.1;27.1;27;27;2;0
Славн-ЯНОС;60;20170427;130000;27.1;27.1;27;27;4;0
Славн-ЯНОС;60;20170427;150000;27;27;27;27;1;0
Славн-ЯНОС;60;20170504;150000;28;28;28;28;1;0
Славн-ЯНОС;60;20170505;110000;26.8;28.3;26.8;28.3;5;0
Славн-ЯНОС;60;20170505;120000;27.4;27.4;27.4;27.4;3;0
Славн-ЯНОС;60;20170511;120000;27.4;27.4;27.4;27.4;1;0
Славн-ЯНОС;60;20170516;100000;26.7;26.7;25.3;25.5;6;0
Славн-ЯНОС;60;20170516;120000;25.7;25.7;24.5;24.5;15;0
Славн-ЯНОС;60;20170516;130000;25.1;25.1;24;24;28;0
Славн-ЯНОС;60;20170516;160000;25;25;24.5;25;3;0
Славн-ЯНОС;60;20170516;170000;24.3;24.5;23.6;24.2;15;0
Славн-ЯНОС;60;20170517;100000;25.2;25.2;24;24;10;0
Славн-ЯНОС;60;20170517;110000;24.5;24.5;23.1;23.5;7;0
Славн-ЯНОС;60;20170517;120000;23;23.9;22;22.1;24;0
Славн-ЯНОС;60;20170517;130000;22.1;23.5;22;23.5;8;0
Славн-ЯНОС;60;20170518;150000;22.3;23;22.1;23;3;0
Славн-ЯНОС;60;20170518;170000;22.5;22.5;22.5;22.5;1;0
Славн-ЯНОС;60;20170519;160000;22.3;22.3;22.3;22.3;1;0
Славн-ЯНОС;60;20170522;170000;23.8;23.8;23;23.5;7;0
Славн-ЯНОС;60;20170522;180000;24.1;24.3;24;24;3;0
Славн-ЯНОС;60;20170524;100000;25.5;25.6;24.4;24.4;8;0
Славн-ЯНОС;60;20170529;150000;23;23.5;21;22.5;33;0
Славн-ЯНОС;60;20170530;130000;22;22;22;22;2;0
Славн-ЯНОС;60;20170531;100000;22;22;22;22;1;0
Славн-ЯНОС;60;20170616;120000;21.7;21.7;21.1;21.5;22;0
Славн-ЯНОС;60;20170620;180000;23;23;23;23;1;0
Славн-ЯНОС;60;20170621;160000;21.1;21.1;21;21;5;0
Славн-ЯНОС;60;20170621;170000;21.1;21.1;21.1;21.1;5;0
Славн-ЯНОС;60;20170622;170000;22.4;22.4;22;22;3;0
Славн-ЯНОС;60;20170626;100000;21.6;21.6;21.6;21.6;1;0
Славн-ЯНОС;60;20170704;120000;23.1;23.1;23.1;23.1;1;0
Славн-ЯНОС;60;20170704;160000;22.5;22.5;22.5;22.5;1;0
Славн-ЯНОС;60;20170706;160000;22;22;21;22;11;0
Славн-ЯНОС;60;20170710;100000;23.7;23.9;23.7;23.9;8;0
Славн-ЯНОС;60;20170710;160000;22.5;22.5;21.7;21.7;4;0
Славн-ЯНОС;60;20170718;140000;21.8;21.8;21.8;21.8;1;0
Славн-ЯНОС;60;20170719;100000;22.2;22.2;22.2;22.2;3;0
Славн-ЯНОС;60;20170721;170000;23.4;23.4;23.4;23.4;1;0
Славн-ЯНОС;60;20170725;100000;24;24;24;24;37;0
Славн-ЯНОС;60;20170725;170000;23;23;23;23;2;0
Славн-ЯНОС;60;20170726;110000;22.2;22.5;21.9;21.9;37;0
Славн-ЯНОС;60;20170726;160000;22.1;22.1;22.1;22.1;2;0
Славн-ЯНОС;60;20170727;150000;22.5;22.5;22.5;22.5;2;0
Славн-ЯНОС;60;20170802;150000;23.4;23.4;23.4;23.4;2;0
Славн-ЯНОС;60;20170803;110000;22.5;22.9;22.5;22.9;3;0
Славн-ЯНОС;60;20170803;120000;22.9;23.7;22.9;23;3;0
Славн-ЯНОС;60;20170809;110000;23.1;23.1;23;23;3;0
Славн-ЯНОС;60;20170809;120000;23.6;23.6;23.6;23.6;1;0
Славн-ЯНОС;60;20170809;150000;23.5;23.5;23.5;23.5;2;0
Славн-ЯНОС;60;20170811;100000;22.6;23;22;23;9;0
Славн-ЯНОС;60;20170811;180000;23.1;23.1;23.1;23.1;1;0
Славн-ЯНОС;60;20170821;180000;22.9;23;22.9;23;5;0
Славн-ЯНОС;60;20170822;140000;22.6;22.9;22;22.9;4;0
Славн-ЯНОС;60;20170904;130000;22.4;22.4;22.4;22.4;1;0
Славн-ЯНОС;60;20170906;100000;22.1;22.1;22.1;22.1;2;0
Славн-ЯНОС;60;20170911;110000;22.6;23.1;22.3;23;6;0
Славн-ЯНОС;60;20170911;120000;23.7;23.7;23.5;23.7;8;0
Славн-ЯНОС;60;20170911;160000;22.7;23;22.7;23;3;0
Славн-ЯНОС;60;20170911;180000;23;23;23;23;1;0
Славн-ЯНОС;60;20170912;100000;23.5;23.5;23.5;23.5;2;0
Славн-ЯНОС;60;20170913;110000;23;23;23;23;2;0
Славн-ЯНОС;60;20170913;180000;23;23;23;23;13;0
Славн-ЯНОС;60;20170920;160000;22.9;22.9;22.9;22.9;1;0
Славн-ЯНОС;60;20170921;170000;23;23;23;23;1;0
Славн-ЯНОС;60;20170928;140000;23;23;23;23;1;0
Славн-ЯНОС;60;20170928;170000;23;23;23;23;20;0
Славн-ЯНОС;60;20170929;150000;23;23;23;23;80;0
Славн-ЯНОС;60;20170929;170000;23;23;23;23;2;0
Славн-ЯНОС;60;20171002;100000;21.3;22.6;20;22.6;25;0
Славн-ЯНОС;60;20171002;130000;23.1;23.1;23.1;23.1;1;0
Славн-ЯНОС;60;20171004;140000;22.5;22.7;22.5;22.7;6;0
Славн-ЯНОС;60;20171009;100000;23;23;23;23;10;0
Славн-ЯНОС;60;20171009;130000;23;23;23;23;6;0
Славн-ЯНОС;60;20171009;160000;23;23;23;23;4;0
Славн-ЯНОС;60;20171009;170000;23;23.8;23;23.5;31;0
Славн-ЯНОС;60;20171010;130000;23.6;23.8;23.6;23.8;34;0
Славн-ЯНОС;60;20171011;180000;23.3;23.3;23.3;23.3;3;0
Славн-ЯНОС;60;20171012;110000;24.3;24.3;24.2;24.2;2;0
Славн-ЯНОС;60;20171012;180000;24;24;24;24;21;0
Славн-ЯНОС;60;20171013;130000;25;25.1;25;25.1;10;0
Славн-ЯНОС;60;20171013;140000;26;26;25.5;26;3;0
Славн-ЯНОС;60;20171013;150000;26.9;27;26.9;27;20;0
Славн-ЯНОС;60;20171013;180000;26.2;26.2;26.2;26.2;3;0
Славн-ЯНОС;60;20171016;120000;27.8;27.8;26.9;27;3;0
Славн-ЯНОС;60;20171016;130000;27.5;27.5;27.5;27.5;1;0
Славн-ЯНОС;60;20171016;170000;27;28;27;28;4;0
Славн-ЯНОС;60;20171017;150000;27.9;27.9;27.9;27.9;1;0
Славн-ЯНОС;60;20171018;100000;23.4;26;23.1;26;9;0
Славн-ЯНОС;60;20171018;110000;27.9;27.9;27.9;27.9;1;0
Славн-ЯНОС;60;20171019;130000;27.8;27.8;27.5;27.5;3;0
Славн-ЯНОС;60;20171020;120000;27.9;27.9;27.9;27.9;6;0
Славн-ЯНОС;60;20171023;100000;27.9;27.9;27.9;27.9;7;0
Славн-ЯНОС;60;20171024;110000;27.8;27.8;27.8;27.8;1;0
Славн-ЯНОС;60;20171024;150000;27.2;27.2;27.2;27.2;5;0
Славн-ЯНОС;60;20171024;180000;26.2;26.2;26.2;26.2;1;0
Славн-ЯНОС;60;20171031;170000;23.8;27;23.7;27;35;0
Славн-ЯНОС;60;20171101;120000;25;26.5;25;26;12;0
Славн-ЯНОС;60;20171101;150000;25.5;25.5;25.5;25.5;1;0
Славн-ЯНОС;60;20171101;160000;25.4;25.5;25.4;25.5;12;0
Славн-ЯНОС;60;20171103;130000;25;25;25;25;10;0
Славн-ЯНОС;60;20171103;150000;25.3;25.3;25.3;25.3;1;0
Славн-ЯНОС;60;20171103;180000;25;25;25;25;1;0
Славн-ЯНОС;60;20171107;110000;25;25;25;25;6;0
Славн-ЯНОС;60;20171107;120000;25;25;25;25;1;0
Славн-ЯНОС;60;20171108;120000;24.6;24.6;24.5;24.5;17;0
Славн-ЯНОС;60;20171108;130000;23.6;24;23.5;24;4;0
Славн-ЯНОС;60;20171108;170000;24;24;23.7;23.7;101;0
Славн-ЯНОС;60;20171109;100000;22.3;23.8;22.3;23.5;9;0
Славн-ЯНОС;60;20171109;120000;23.6;23.6;22.5;22.5;135;0
Славн-ЯНОС;60;20171109;130000;22.5;22.5;22.4;22.4;14;0
Славн-ЯНОС;60;20171109;140000;23.3;23.6;23;23.6;9;0
Славн-ЯНОС;60;20171109;180000;22.8;23;22.8;23;2;0
Славн-ЯНОС;60;20171110;120000;23.2;23.2;23.2;23.2;1;0
Славн-ЯНОС;60;20171110;130000;22.9;22.9;22.9;22.9;1;0
Славн-ЯНОС;60;20171110;180000;23.5;23.6;23.5;23.6;4;0
Славн-ЯНОС;60;20171113;170000;25.3;25.3;25.3;25.3;1;0
Славн-ЯНОС;60;20171114;100000;27;27;24;24;2;0
Славн-ЯНОС;60;20171114;170000;24;24;24;24;1;0
Славн-ЯНОС;60;20171114;180000;23.5;26;23.3;26;13;0
Славн-ЯНОС;60;20171115;100000;26;26.9;26;26.9;55;0
Славн-ЯНОС;60;20171115;110000;26.4;26.9;26.4;26.8;102;0
Славн-ЯНОС;60;20171115;160000;24.6;26;24.6;26;3;0
Славн-ЯНОС;60;20171115;180000;25.5;25.5;24;24;42;0
Славн-ЯНОС;60;20171116;180000;23.5;23.8;23.5;23.8;4;0
Славн-ЯНОС;60;20171117;100000;23.5;23.9;23.5;23.9;3;0
Славн-ЯНОС;60;20171117;110000;23.6;23.8;23.6;23.8;4;0
Славн-ЯНОС;60;20171117;160000;23.7;23.7;23.7;23.7;1;0
Славн-ЯНОС;60;20171120;120000;23.3;23.3;23.3;23.3;1;0
Славн-ЯНОС;60;20171121;110000;24;24;24;24;1;0
Славн-ЯНОС;60;20171121;160000;23.7;23.7;23.5;23.5;2;0
Славн-ЯНОС;60;20171122;140000;23.8;23.8;23.8;23.8;1;0
Славн-ЯНОС;60;20171123;100000;23.6;23.6;23.6;23.6;1;0
Славн-ЯНОС;60;20171124;140000;24.1;24.2;24.1;24.2;4;0
Славн-ЯНОС;60;20171127;130000;24.5;24.5;24.5;24.5;1;0
Славн-ЯНОС;60;20171128;100000;24.3;24.3;24.3;24.3;1;0
Славн-ЯНОС;60;20171130;140000;25.1;25.1;24.6;24.9;3;0
Славн-ЯНОС;60;20171130;150000;25;25;25;25;1;0
Славн-ЯНОС;60;20171130;180000;24.7;24.7;24.4;24.5;3;0
Славн-ЯНОС;60;20171201;140000;24.7;24.7;24.7;24.7;1;0
Славн-ЯНОС;60;20171201;180000;25;25;25;25;2;0
Славн-ЯНОС;60;20171204;150000;25.2;25.2;25.2;25.2;2;0
Славн-ЯНОС;60;20171204;160000;25.2;25.2;25.2;25.2;1;0
Славн-ЯНОС;60;20171204;170000;25.2;26;25.2;26;5;0
Славн-ЯНОС;60;20171205;120000;24;25;24;24.5;3;0
Славн-ЯНОС;60;20171205;140000;24;24;23.3;23.3;6;0
Славн-ЯНОС;60;20171205;150000;23.5;23.5;23.5;23.5;1;0
Славн-ЯНОС;60;20171215;100000;23.1;23.1;23;23;157;0
Славн-ЯНОС;60;20171215;170000;25.8;25.9;25.8;25.9;3;0
Славн-ЯНОС;60;20171219;100000;26;29.8;24;24;162;0
Славн-ЯНОС;60;20171219;110000;25.5;25.5;25.5;25.5;1;0
Славн-ЯНОС;60;20171219;150000;25.5;27.8;25.5;26;3;0
Славн-ЯНОС;60;20171220;100000;26;26;25.5;26;12;0
Славн-ЯНОС;60;20171221;110000;26.7;27.1;24.2;24.8;11;0
Славн-ЯНОС;60;20171221;130000;25;25;25;25;1;0
Славн-ЯНОС;60;20171225;100000;27;27;27;27;1;0
Славн-ЯНОС;60;20171225;120000;25.5;25.5;25.5;25.5;1;0
Славн-ЯНОС;60;20171225;150000;26;26;26;26;1;0
Славн-ЯНОС;60;20171226;100000;23.6;25.5;23.6;25.5;162;0
Славн-ЯНОС;60;20171226;130000;26.9;26.9;26.9;26.9;3;0
Славн-ЯНОС;60;20171226;140000;26;26.5;26;26.5;2;0
Славн-ЯНОС;60;20171227;120000;26.8;26.8;26.8;26.8;21;0
Славн-ЯНОС;60;20171227;130000;26.8;26.8;26.8;26.8;38;0
Славн-ЯНОС;60;20171227;150000;26.7;26.7;26.7;26.7;10;0
Славн-ЯНОС;60;20171228;140000;24.4;26;24.4;26;2;0
Славн-ЯНОС;60;20171228;170000;25.5;25.5;25;25;2;0
Славн-ЯНОС;60;20171229;110000;24.3;24.3;24.3;24.3;2;0
Славн-ЯНОС;60;20171229;120000;24.5;24.5;23.6;23.6;13;0
Славн-ЯНОС;60;20171229;130000;23.7;23.7;23.6;23.6;3;0
Славн-ЯНОС;60;20171229;140000;23.5;23.5;23.5;23.5;5;0
