<TICKER>;<PER>;<DATE>;<TIME>;<OPEN>;<HIGH>;<LOW>;<CLOSE>;<VOL>;<OPENINT>
СМЗ-ао;60;20170124;110000;4030;4030;3990;3990;52;0
СМЗ-ао;60;20170124;120000;4000;4000;4000;4000;25;0
СМЗ-ао;60;20170124;130000;4000;4000;4000;4000;8;0
СМЗ-ао;60;20170124;140000;4000;4000;4000;4000;7;0
СМЗ-ао;60;20170124;150000;3990;3990;3990;3990;1;0
СМЗ-ао;60;20170124;170000;4000;4000;4000;4000;12;0
СМЗ-ао;60;20170126;110000;3980;3980;3980;3980;1;0
СМЗ-ао;60;20170126;140000;4050;4050;4050;4050;1;0
СМЗ-ао;60;20170130;100000;4000;4000;4000;4000;1;0
СМЗ-ао;60;20170130;140000;4000;4000;4000;4000;5;0
СМЗ-ао;60;20170130;160000;3990;3990;3990;3990;1;0
СМЗ-ао;60;20170131;180000;3990;3990;3990;3990;1;0
СМЗ-ао;60;20170201;150000;4000;4000;4000;4000;1;0
СМЗ-ао;60;20170201;170000;3980;3980;3980;3980;1;0
СМЗ-ао;60;20170201;180000;3980;3980;3970;3970;3;0
СМЗ-ао;60;20170203;100000;3970;3970;3970;3970;1;0
СМЗ-ао;60;20170206;130000;4010;4010;4010;4010;1;0
СМЗ-ао;60;20170206;180000;4000;4000;4000;4000;2;0
СМЗ-ао;60;20170208;150000;3980;3980;3970;3970;3;0
СМЗ-ао;60;20170213;100000;4070;4090;4070;4090;3;0
СМЗ-ао;60;20170214;170000;3980;3980;3970;3970;15;0
СМЗ-ао;60;20170214;180000;3880;3880;3870;3870;2;0
СМЗ-ао;60;20170215;100000;3870;3870;3870;3870;5;0
СМЗ-ао;60;20170216;180000;3900;3900;3900;3900;2;0
СМЗ-ао;60;20170217;150000;3990;3990;3990;3990;3;0
СМЗ-ао;60;20170220;100000;3910;3910;3910;3910;8;0
СМЗ-ао;60;20170220;130000;4030;4030;4030;4030;1;0
СМЗ-ао;60;20170220;150000;4030;4030;4030;4030;2;0
СМЗ-ао;60;20170220;170000;4000;4000;4000;4000;6;0
СМЗ-ао;60;20170221;100000;3930;3930;3930;3930;1;0
СМЗ-ао;60;20170221;150000;4040;4040;4040;4040;1;0
СМЗ-ао;60;20170222;160000;3940;3940;3900;3900;26;0
СМЗ-ао;60;20170222;170000;3990;3990;3990;3990;1;0
СМЗ-ао;60;20170228;160000;3900;3900;3820;3820;6;0
СМЗ-ао;60;20170228;170000;3850;3860;3850;3850;10;0
СМЗ-ао;60;20170228;180000;3850;3850;3850;3850;1;0
СМЗ-ао;60;20170301;120000;3940;3940;3940;3940;1;0
СМЗ-ао;60;20170302;100000;3940;3940;3940;3940;3;0
СМЗ-ао;60;20170303;160000;3870;3870;3870;3870;1;0
СМЗ-ао;60;20170306;100000;3940;3940;3940;3940;1;0
СМЗ-ао;60;20170306;110000;3870;3870;3870;3870;1;0
СМЗ-ао;60;20170309;120000;3850;3850;3850;3850;2;0
СМЗ-ао;60;20170309;170000;3820;3820;3820;3820;2;0
СМЗ-ао;60;20170309;180000;3860;3860;3860;3860;1;0
СМЗ-ао;60;20170310;170000;3880;3880;3880;3880;1;0
СМЗ-ао;60;20170313;100000;3880;3880;3820;3820;2;0
СМЗ-ао;60;20170314;140000;3930;3940;3930;3940;2;0
СМЗ-ао;60;20170315;100000;3870;3870;3870;3870;1;0
СМЗ-ао;60;20170316;110000;3820;3820;3800;3800;15;0
СМЗ-ао;60;20170316;120000;3800;3860;3800;3800;6;0
СМЗ-ао;60;20170316;180000;3790;3790;3790;3790;5;0
СМЗ-ао;60;20170317;110000;3770;3770;3720;3720;10;0
СМЗ-ао;60;20170317;120000;3880;3880;3880;3880;1;0
СМЗ-ао;60;20170317;140000;3840;3840;3840;3840;5;0
СМЗ-ао;60;20170317;180000;3770;3770;3770;3770;2;0
СМЗ-ао;60;20170320;180000;3880;3880;3880;3880;1;0
СМЗ-ао;60;20170321;110000;3770;3770;3710;3710;13;0
СМЗ-ао;60;20170321;120000;3730;3750;3730;3750;73;0
СМЗ-ао;60;20170321;130000;3750;3750;3750;3750;3;0
СМЗ-ао;60;20170321;140000;3750;3770;3750;3770;3;0
СМЗ-ао;60;20170321;160000;3770;3770;3770;3770;1;0
СМЗ-ао;60;20170321;180000;3720;3790;3720;3790;3;0
СМЗ-ао;60;20170322;090000;3730;3730;3730;3730;1;0
СМЗ-ао;60;20170322;100000;3720;3730;3710;3730;3;0
СМЗ-ао;60;20170322;130000;3740;3740;3740;3740;4;0
СМЗ-ао;60;20170323;100000;3770;3770;3770;3770;1;0
СМЗ-ао;60;20170323;160000;3710;3710;3710;3710;1;0
СМЗ-ао;60;20170323;170000;3710;3710;3710;3710;1;0
СМЗ-ао;60;20170324;100000;3720;3720;3720;3720;1;0
СМЗ-ао;60;20170324;130000;3710;3710;3710;3710;1;0
СМЗ-ао;60;20170324;180000;3710;3710;3710;3710;1;0
СМЗ-ао;60;20170327;100000;3780;3840;3780;3840;10;0
СМЗ-ао;60;20170327;110000;3880;3880;3880;3880;1;0
СМЗ-ао;60;20170327;120000;3810;3810;3810;3810;10;0
СМЗ-ао;60;20170328;180000;3850;3850;3850;3850;2;0
СМЗ-ао;60;20170329;100000;3770;3770;3700;3700;5;0
СМЗ-ао;60;20170329;110000;3760;3760;3710;3710;4;0
СМЗ-ао;60;20170331;170000;3700;3700;3700;3700;1;0
СМЗ-ао;60;20170403;130000;3670;3670;3600;3600;20;0
СМЗ-ао;60;20170403;140000;3600;3600;3600;3600;1;0
СМЗ-ао;60;20170403;150000;3600;3600;3270;3450;31;0
СМЗ-ао;60;20170403;160000;3580;3580;3580;3580;1;0
СМЗ-ао;60;20170404;100000;3410;3480;3410;3480;2;0
СМЗ-ао;60;20170404;120000;3430;3640;3430;3550;5;0
СМЗ-ао;60;20170404;180000;3640;3640;3640;3640;1;0
СМЗ-ао;60;20170405;090000;3550;3550;3550;3550;1;0
СМЗ-ао;60;20170405;100000;3430;3480;3410;3480;4;0
СМЗ-ао;60;20170405;110000;3480;3540;3480;3540;11;0
СМЗ-ао;60;20170405;150000;3500;3500;3500;3500;1;0
СМЗ-ао;60;20170405;180000;3500;3590;3500;3590;5;0
СМЗ-ао;60;20170406;120000;3480;3480;3370;3370;15;0
СМЗ-ао;60;20170406;130000;3410;3410;3200;3200;238;0
СМЗ-ао;60;20170406;140000;3300;3300;3260;3280;55;0
СМЗ-ао;60;20170406;160000;3250;3300;3250;3300;4;0
СМЗ-ао;60;20170406;170000;3290;3300;3250;3250;10;0
СМЗ-ао;60;20170406;180000;3300;3310;3250;3260;26;0
СМЗ-ао;60;20170407;160000;3200;3200;3200;3200;1;0
СМЗ-ао;60;20170407;170000;3200;3200;3200;3200;8;0
СМЗ-ао;60;20170407;180000;3200;3200;3180;3180;10;0
СМЗ-ао;60;20170410;100000;3240;3240;3240;3240;1;0
СМЗ-ао;60;20170410;110000;3240;3240;3240;3240;1;0
СМЗ-ао;60;20170410;160000;3280;3280;3280;3280;1;0
СМЗ-ао;60;20170410;180000;3270;3280;3270;3280;10;0
СМЗ-ао;60;20170411;140000;3280;3390;3280;3350;7;0
СМЗ-ао;60;20170411;150000;3350;3350;3300;3300;4;0
СМЗ-ао;60;20170412;130000;3300;3300;3300;3300;5;0
СМЗ-ао;60;20170412;140000;3250;3250;3250;3250;1;0
СМЗ-ао;60;20170412;160000;3150;3150;3150;3150;5;0
СМЗ-ао;60;20170413;140000;3290;3290;3290;3290;1;0
СМЗ-ао;60;20170414;150000;3230;3230;3230;3230;1;0
СМЗ-ао;60;20170414;160000;3200;3200;3200;3200;1;0
СМЗ-ао;60;20170417;180000;3260;3260;3260;3260;2;0
СМЗ-ао;60;20170418;120000;3200;3200;3200;3200;1;0
СМЗ-ао;60;20170418;130000;3140;3140;3120;3120;5;0
СМЗ-ао;60;20170418;150000;3130;3130;3130;3130;1;0
СМЗ-ао;60;20170418;160000;3150;3150;3150;3150;2;0
СМЗ-ао;60;20170421;110000;3150;3150;3150;3150;1;0
СМЗ-ао;60;20170421;120000;3150;3190;3150;3190;2;0
СМЗ-ао;60;20170425;180000;3150;3150;3150;3150;2;0
СМЗ-ао;60;20170427;110000;3130;3130;3130;3130;1;0
СМЗ-ао;60;20170427;140000;3120;3170;3120;3170;3;0
СМЗ-ао;60;20170427;150000;3110;3110;3090;3100;6;0
СМЗ-ао;60;20170427;170000;3100;3100;3100;3100;1;0
СМЗ-ао;60;20170502;100000;3040;3090;3040;3090;3;0
СМЗ-ао;60;20170502;110000;3030;3080;3030;3080;3;0
СМЗ-ао;60;20170502;130000;3040;3040;3040;3040;5;0
СМЗ-ао;60;20170502;140000;3050;3050;3040;3050;4;0
СМЗ-ао;60;20170503;100000;3100;3100;3100;3100;4;0
СМЗ-ао;60;20170503;110000;3040;3040;3040;3040;1;0
СМЗ-ао;60;20170503;130000;3110;3190;3110;3190;15;0
СМЗ-ао;60;20170503;140000;3180;3200;3180;3200;16;0
СМЗ-ао;60;20170503;160000;3120;3120;3110;3110;2;0
СМЗ-ао;60;20170504;180000;3050;3050;3010;3010;15;0
СМЗ-ао;60;20170510;160000;3100;3100;3100;3100;1;0
СМЗ-ао;60;20170510;170000;3170;3200;3170;3200;32;0
СМЗ-ао;60;20170511;100000;3100;3200;3100;3200;51;0
СМЗ-ао;60;20170511;160000;3200;3200;3200;3200;3;0
СМЗ-ао;60;20170511;170000;3140;3140;3120;3120;8;0
СМЗ-ао;60;20170512;120000;3190;3190;3190;3190;1;0
СМЗ-ао;60;20170515;170000;3190;3190;3190;3190;1;0
СМЗ-ао;60;20170517;180000;3100;3100;3100;3100;1;0
СМЗ-ао;60;20170518;180000;3150;3150;3110;3110;5;0
СМЗ-ао;60;20170519;130000;3240;3320;3240;3320;6;0
СМЗ-ао;60;20170519;180000;3270;3270;3270;3270;1;0
СМЗ-ао;60;20170522;100000;3210;3210;3210;3210;1;0
СМЗ-ао;60;20170525;170000;3200;3200;3200;3200;1;0
СМЗ-ао;60;20170525;180000;3200;3200;3200;3200;1;0
СМЗ-ао;60;20170530;140000;3020;3060;3010;3060;6;0
СМЗ-ао;60;20170601;100000;3020;3020;3000;3000;81;0
СМЗ-ао;60;20170601;110000;3000;3000;3000;3000;10;0
СМЗ-ао;60;20170601;120000;3000;3000;3000;3000;13;0
СМЗ-ао;60;20170601;130000;3000;3000;3000;3000;17;0
СМЗ-ао;60;20170601;180000;2960;2960;2950;2950;8;0
СМЗ-ао;60;20170602;140000;2950;2950;2950;2950;2;0
СМЗ-ао;60;20170602;160000;2940;2950;2940;2950;24;0
СМЗ-ао;60;20170602;170000;2950;2950;2950;2950;9;0
СМЗ-ао;60;20170605;110000;2950;2950;2950;2950;10;0
СМЗ-ао;60;20170605;120000;3000;3000;3000;3000;2;0
СМЗ-ао;60;20170605;180000;2990;3000;2990;3000;2;0
СМЗ-ао;60;20170607;100000;3070;3100;3070;3100;2;0
СМЗ-ао;60;20170607;130000;3000;3000;3000;3000;2;0
СМЗ-ао;60;20170607;140000;3000;3000;3000;3000;5;0
СМЗ-ао;60;20170607;150000;2940;3000;2940;3000;4;0
СМЗ-ао;60;20170608;100000;2980;2980;2970;2970;2;0
СМЗ-ао;60;20170608;110000;2940;2940;2940;2940;10;0
СМЗ-ао;60;20170608;170000;2910;2910;2900;2900;10;0
СМЗ-ао;60;20170609;100000;2870;2870;2870;2870;5;0
СМЗ-ао;60;20170609;160000;2870;2870;2830;2830;3;0
СМЗ-ао;60;20170613;120000;2940;2940;2940;2940;4;0
СМЗ-ао;60;20170613;150000;2920;2920;2920;2920;1;0
СМЗ-ао;60;20170616;110000;2910;2910;2850;2850;15;0
СМЗ-ао;60;20170616;120000;2900;2910;2900;2910;6;0
СМЗ-ао;60;20170620;180000;2870;2870;2850;2850;21;0
СМЗ-ао;60;20170622;180000;2940;2940;2940;2940;4;0
СМЗ-ао;60;20170623;140000;3020;3630;2830;3200;24;0
СМЗ-ао;60;20170623;150000;3040;3040;2970;2970;8;0
СМЗ-ао;60;20170623;180000;3070;3070;3070;3070;1;0
СМЗ-ао;60;20170627;180000;3070;3070;3070;3070;1;0
СМЗ-ао;60;20170628;110000;3040;3040;2860;2860;14;0
СМЗ-ао;60;20170628;120000;3040;3040;3040;3040;1;0
СМЗ-ао;60;20170628;160000;3020;3020;3020;3020;1;0
СМЗ-ао;60;20170628;170000;3020;3020;3020;3020;1;0
СМЗ-ао;60;20170628;180000;3040;3040;3040;3040;2;0
СМЗ-ао;60;20170630;100000;3030;3030;3030;3030;1;0
СМЗ-ао;60;20170630;120000;3030;3040;3030;3040;6;0
СМЗ-ао;60;20170630;160000;3060;3060;3060;3060;1;0
СМЗ-ао;60;20170704;140000;3060;3060;3060;3060;3;0
СМЗ-ао;60;20170706;130000;3030;3030;2950;2950;2;0
СМЗ-ао;60;20170710;100000;3090;3090;3090;3090;1;0
СМЗ-ао;60;20170710;140000;3010;3010;2880;2930;11;0
СМЗ-ао;60;20170710;150000;3010;3010;3010;3010;1;0
СМЗ-ао;60;20170712;180000;3080;3080;3080;3080;1;0
СМЗ-ао;60;20170714;170000;3030;3030;3000;3000;21;0
СМЗ-ао;60;20170717;180000;3050;3050;3050;3050;5;0
СМЗ-ао;60;20170718;100000;3030;3090;3030;3090;6;0
СМЗ-ао;60;20170718;130000;3070;3070;3070;3070;1;0
СМЗ-ао;60;20170718;150000;3130;3130;3130;3130;1;0
СМЗ-ао;60;20170718;160000;3240;3240;3010;3010;9;0
СМЗ-ао;60;20170720;170000;3010;3010;3000;3000;13;0
СМЗ-ао;60;20170720;180000;3020;3020;3010;3010;14;0
СМЗ-ао;60;20170721;180000;3000;3000;3000;3000;10;0
СМЗ-ао;60;20170726;160000;2990;2990;2990;2990;1;0
СМЗ-ао;60;20170726;170000;3050;3050;3050;3050;1;0
СМЗ-ао;60;20170727;100000;3160;3160;3160;3160;4;0
СМЗ-ао;60;20170727;110000;3100;3100;3100;3100;1;0
СМЗ-ао;60;20170727;140000;3080;3080;3080;3080;1;0
СМЗ-ао;60;20170727;180000;3000;3000;3000;3000;1;0
СМЗ-ао;60;20170728;120000;3000;3000;3000;3000;1;0
СМЗ-ао;60;20170728;150000;2980;2980;2980;2980;1;0
СМЗ-ао;60;20170728;160000;2910;2910;2890;2890;30;0
СМЗ-ао;60;20170728;170000;2890;2890;2890;2890;1;0
СМЗ-ао;60;20170731;100000;2880;2880;2790;2790;55;0
СМЗ-ао;60;20170731;110000;2790;2800;2790;2790;96;0
СМЗ-ао;60;20170731;130000;2790;2790;2790;2790;1;0
СМЗ-ао;60;20170731;140000;2780;2790;2640;2790;47;0
СМЗ-ао;60;20170731;150000;2800;2850;2800;2820;22;0
СМЗ-ао;60;20170731;160000;2820;2820;2790;2800;77;0
СМЗ-ао;60;20170731;170000;2820;2820;2800;2800;4;0
СМЗ-ао;60;20170801;150000;2850;2920;2800;2850;67;0
СМЗ-ао;60;20170801;170000;2800;2800;2800;2800;19;0
СМЗ-ао;60;20170801;180000;2800;2840;2800;2800;17;0
СМЗ-ао;60;20170802;150000;2800;2800;2800;2800;3;0
СМЗ-ао;60;20170802;160000;2800;2800;2800;2800;35;0
СМЗ-ао;60;20170803;100000;2760;2760;2650;2750;32;0
СМЗ-ао;60;20170803;110000;2750;2750;2750;2750;3;0
СМЗ-ао;60;20170803;120000;2750;2750;2750;2750;1;0
СМЗ-ао;60;20170803;130000;2750;2750;2750;2750;2;0
СМЗ-ао;60;20170803;160000;2790;2790;2790;2790;1;0
СМЗ-ао;60;20170804;130000;2760;2760;2760;2760;1;0
СМЗ-ао;60;20170804;160000;2760;2760;2760;2760;1;0
СМЗ-ао;60;20170804;180000;2780;2820;2780;2820;2;0
СМЗ-ао;60;20170807;160000;2780;2780;2780;2780;1;0
СМЗ-ао;60;20170807;170000;2770;2770;2770;2770;1;0
СМЗ-ао;60;20170807;180000;2830;2830;2830;2830;1;0
СМЗ-ао;60;20170808;100000;2790;2790;2790;2790;1;0
СМЗ-ао;60;20170808;110000;2780;2800;2780;2800;3;0
СМЗ-ао;60;20170808;120000;2760;2760;2720;2720;4;0
СМЗ-ао;60;20170808;130000;2790;2790;2790;2790;1;0
СМЗ-ао;60;20170808;160000;2800;2800;2800;2800;9;0
СМЗ-ао;60;20170808;170000;2800;2800;2800;2800;4;0
СМЗ-ао;60;20170808;180000;2750;2750;2750;2750;1;0
СМЗ-ао;60;20170809;150000;2750;2760;2750;2750;147;0
СМЗ-ао;60;20170809;170000;2800;2800;2790;2790;5;0
СМЗ-ао;60;20170810;120000;2800;2810;2800;2810;4;0
СМЗ-ао;60;20170810;150000;2810;2810;2800;2800;2;0
СМЗ-ао;60;20170810;180000;2770;2770;2750;2750;441;0
СМЗ-ао;60;20170811;100000;2800;2800;2800;2800;1;0
СМЗ-ао;60;20170811;140000;2810;2810;2810;2810;1;0
СМЗ-ао;60;20170811;160000;2800;2810;2800;2810;3;0
СМЗ-ао;60;20170814;110000;2760;2760;2760;2760;1;0
СМЗ-ао;60;20170814;180000;2820;2820;2820;2820;1;0
СМЗ-ао;60;20170817;100000;2750;2750;2750;2750;3;0
СМЗ-ао;60;20170818;100000;2780;2780;2780;2780;3;0
СМЗ-ао;60;20170821;100000;2790;2790;2790;2790;1;0
СМЗ-ао;60;20170821;120000;2770;2770;2760;2760;32;0
СМЗ-ао;60;20170821;160000;2790;2790;2790;2790;1;0
СМЗ-ао;60;20170821;170000;2760;2770;2750;2750;4;0
СМЗ-ао;60;20170821;180000;2760;2770;2750;2770;14;0
СМЗ-ао;60;20170822;110000;2760;2760;2750;2750;10;0
СМЗ-ао;60;20170822;150000;2750;2750;2750;2750;8;0
СМЗ-ао;60;20170823;180000;2830;2830;2830;2830;2;0
СМЗ-ао;60;20170824;100000;2860;2860;2860;2860;2;0
СМЗ-ао;60;20170825;140000;2800;2800;2800;2800;5;0
СМЗ-ао;60;20170825;180000;2860;2860;2860;2860;1;0
СМЗ-ао;60;20170828;100000;2780;2820;2780;2820;2;0
СМЗ-ао;60;20170828;170000;2930;2930;2930;2930;1;0
СМЗ-ао;60;20170830;160000;2930;2930;2930;2930;1;0
СМЗ-ао;60;20170904;150000;2980;3000;2980;3000;17;0
СМЗ-ао;60;20170905;100000;2950;2950;2950;2950;4;0
СМЗ-ао;60;20170905;110000;2940;2940;2720;2720;10;0
СМЗ-ао;60;20170905;120000;2950;2950;2950;2950;1;0
СМЗ-ао;60;20170905;180000;2940;2940;2940;2940;1;0
СМЗ-ао;60;20170906;110000;2850;2850;2850;2850;6;0
СМЗ-ао;60;20170906;150000;2900;2900;2900;2900;1;0
СМЗ-ао;60;20170907;130000;2900;2900;2900;2900;10;0
СМЗ-ао;60;20170908;120000;2940;2940;2940;2940;4;0
СМЗ-ао;60;20170912;160000;2900;2900;2850;2890;18;0
СМЗ-ао;60;20170912;170000;2950;2950;2950;2950;12;0
СМЗ-ао;60;20170912;180000;2950;2950;2950;2950;5;0
СМЗ-ао;60;20170913;150000;2900;2900;2870;2870;2;0
СМЗ-ао;60;20170915;140000;3000;3000;3000;3000;6;0
СМЗ-ао;60;20170915;170000;3110;3300;3110;3240;472;0
СМЗ-ао;60;20170915;180000;3240;3240;3240;3240;20;0
СМЗ-ао;60;20170918;100000;3340;3770;3140;3310;52;0
СМЗ-ао;60;20170918;120000;3310;3310;3310;3310;1;0
СМЗ-ао;60;20170918;160000;3320;3320;3320;3320;1;0
СМЗ-ао;60;20170918;180000;3330;3330;3330;3330;5;0
СМЗ-ао;60;20170919;160000;3300;3300;3300;3300;2;0
СМЗ-ао;60;20170919;170000;3300;3300;3300;3300;1;0
СМЗ-ао;60;20170920;100000;3200;3210;3160;3160;15;0
СМЗ-ао;60;20170920;110000;3170;3170;3170;3170;4;0
СМЗ-ао;60;20170920;120000;3220;3300;3220;3300;2;0
СМЗ-ао;60;20170920;130000;3310;3730;3300;3320;71;0
СМЗ-ао;60;20170920;140000;3450;3450;3450;3450;7;0
СМЗ-ао;60;20170920;150000;3410;3420;3400;3400;14;0
СМЗ-ао;60;20170920;160000;3480;3480;3480;3480;4;0
СМЗ-ао;60;20170920;170000;3490;3730;3490;3730;57;0
СМЗ-ао;60;20170922;120000;3700;3750;3700;3750;10;0
СМЗ-ао;60;20170922;160000;3750;3750;3750;3750;3;0
СМЗ-ао;60;20170925;160000;3770;3770;3770;3770;2;0
СМЗ-ао;60;20170926;180000;3670;3670;3670;3670;1;0
СМЗ-ао;60;20170927;130000;3320;3600;3320;3450;7;0
СМЗ-ао;60;20170929;160000;3370;3370;3340;3340;10;0
СМЗ-ао;60;20170929;170000;3400;3400;3400;3400;1;0
СМЗ-ао;60;20171002;130000;3320;3320;3320;3320;2;0
СМЗ-ао;60;20171003;170000;3300;3350;3060;3200;9;0
СМЗ-ао;60;20171004;100000;3280;3460;3280;3350;18;0
СМЗ-ао;60;20171004;110000;3370;3400;3370;3400;2;0
СМЗ-ао;60;20171004;120000;3380;3380;3370;3370;7;0
СМЗ-ао;60;20171004;180000;3370;3370;3370;3370;1;0
СМЗ-ао;60;20171005;130000;3320;3350;3320;3350;2;0
СМЗ-ао;60;20171005;160000;3410;3410;3410;3410;3;0
СМЗ-ао;60;20171006;110000;3650;3700;3400;3540;31;0
СМЗ-ао;60;20171006;120000;3550;3550;3550;3550;1;0
СМЗ-ао;60;20171006;150000;3510;3510;3480;3480;9;0
СМЗ-ао;60;20171006;160000;3500;3500;3400;3450;24;0
СМЗ-ао;60;20171010;100000;3450;3450;3450;3450;1;0
СМЗ-ао;60;20171010;160000;3430;3430;3430;3430;1;0
СМЗ-ао;60;20171011;100000;3400;3400;3400;3400;1;0
СМЗ-ао;60;20171012;140000;3450;3450;3450;3450;10;0
СМЗ-ао;60;20171012;180000;3600;3750;3500;3500;26;0
СМЗ-ао;60;20171013;100000;3510;3510;3500;3500;7;0
СМЗ-ао;60;20171013;120000;3500;3500;3500;3500;1;0
СМЗ-ао;60;20171013;160000;3500;3500;3500;3500;3;0
СМЗ-ао;60;20171016;150000;3370;3450;3370;3450;3;0
СМЗ-ао;60;20171017;100000;3380;3400;3380;3400;2;0
СМЗ-ао;60;20171020;140000;3570;3570;3450;3450;2;0
СМЗ-ао;60;20171023;160000;3400;3400;3400;3400;1;0
СМЗ-ао;60;20171024;170000;3400;3400;3400;3400;1;0
СМЗ-ао;60;20171024;180000;3400;3400;3300;3300;8;0
СМЗ-ао;60;20171025;180000;3140;3200;3130;3200;11;0
СМЗ-ао;60;20171026;140000;3440;3540;3300;3350;5;0
СМЗ-ао;60;20171030;110000;3200;3300;3200;3300;2;0
СМЗ-ао;60;20171030;140000;3390;3390;3390;3390;1;0
СМЗ-ао;60;20171030;160000;3260;3260;3200;3200;15;0
СМЗ-ао;60;20171101;140000;3200;3200;3200;3200;26;0
СМЗ-ао;60;20171102;100000;3200;3200;3200;3200;1;0
СМЗ-ао;60;20171102;140000;3470;3470;3250;3250;3;0
СМЗ-ао;60;20171107;160000;3300;3300;3300;3300;2;0
СМЗ-ао;60;20171107;180000;3200;3350;3200;3350;22;0
СМЗ-ао;60;20171108;110000;3260;3260;3260;3260;2;0
СМЗ-ао;60;20171108;160000;3370;3370;3370;3370;1;0
СМЗ-ао;60;20171108;180000;3350;3350;3350;3350;1;0
СМЗ-ао;60;20171110;100000;3260;3300;3230;3230;5;0
СМЗ-ао;60;20171110;110000;3230;3240;3230;3240;2;0
СМЗ-ао;60;20171110;130000;3230;3230;3230;3230;1;0
СМЗ-ао;60;20171114;120000;3280;3280;3280;3280;1;0
СМЗ-ао;60;20171114;150000;3230;3230;3200;3200;12;0
СМЗ-ао;60;20171115;180000;3170;3170;3160;3160;10;0
СМЗ-ао;60;20171116;130000;3200;3200;3200;3200;12;0
СМЗ-ао;60;20171116;140000;3200;3200;3200;3200;1;0
СМЗ-ао;60;20171116;160000;3200;3200;3200;3200;1;0
СМЗ-ао;60;20171117;120000;3250;3350;3250;3250;39;0
СМЗ-ао;60;20171117;130000;3250;3250;3250;3250;4;0
СМЗ-ао;60;20171117;180000;3250;3250;3200;3200;6;0
СМЗ-ао;60;20171120;150000;3650;3650;3300;3300;2;0
СМЗ-ао;60;20171121;120000;3300;3300;3300;3300;4;0
СМЗ-ао;60;20171121;130000;3300;3300;3300;3300;3;0
СМЗ-ао;60;20171121;140000;3300;3300;3300;3300;6;0
СМЗ-ао;60;20171122;110000;3300;3300;3300;3300;1;0
СМЗ-ао;60;20171122;120000;3300;3300;3300;3300;6;0
СМЗ-ао;60;20171123;160000;3560;3580;3350;3500;20;0
СМЗ-ао;60;20171123;180000;3550;3550;3550;3550;31;0
СМЗ-ао;60;20171124;110000;3550;3550;3550;3550;23;0
СМЗ-ао;60;20171124;130000;3550;3550;3550;3550;2;0
СМЗ-ао;60;20171124;150000;3550;3550;3550;3550;1;0
СМЗ-ао;60;20171128;140000;3370;3370;3370;3370;1;0
СМЗ-ао;60;20171128;150000;3500;3500;3400;3400;3;0
СМЗ-ао;60;20171129;160000;3410;3410;3410;3410;1;0
СМЗ-ао;60;20171129;170000;3420;3420;3420;3420;1;0
СМЗ-ао;60;20171130;110000;3360;3440;3350;3400;7;0
СМЗ-ао;60;20171201;130000;3530;3540;3440;3500;7;0
СМЗ-ао;60;20171204;100000;3500;3500;3500;3500;10;0
СМЗ-ао;60;20171204;110000;3350;3600;3350;3400;13;0
СМЗ-ао;60;20171204;120000;3450;3600;3450;3500;5;0
СМЗ-ао;60;20171204;140000;3550;3550;3550;3550;1;0
СМЗ-ао;60;20171204;150000;3500;3500;3500;3500;1;0
СМЗ-ао;60;20171204;160000;3550;3600;3550;3600;4;0
СМЗ-ао;60;20171204;180000;3590;3600;3590;3600;7;0
СМЗ-ао;60;20171206;110000;3590;3600;3590;3600;3;0
СМЗ-ао;60;20171206;120000;3630;3700;3630;3700;11;0
СМЗ-ао;60;20171206;130000;3700;3700;3700;3700;4;0
СМЗ-ао;60;20171206;140000;3410;3410;3410;3410;2;0
СМЗ-ао;60;20171206;150000;3650;3650;3600;3600;2;0
СМЗ-ао;60;20171208;120000;3600;3730;3600;3650;56;0
СМЗ-ао;60;20171208;180000;3600;3650;3600;3650;7;0
СМЗ-ао;60;20171211;110000;3690;3690;3690;3690;2;0
СМЗ-ао;60;20171211;120000;3650;3650;3650;3650;5;0
СМЗ-ао;60;20171211;160000;3650;3650;3650;3650;4;0
СМЗ-ао;60;20171212;140000;3780;3780;3780;3780;2;0
СМЗ-ао;60;20171213;150000;3470;3470;3470;3470;2;0
СМЗ-ао;60;20171214;170000;3700;3700;3700;3700;1;0
СМЗ-ао;60;20171218;110000;3700;3700;3700;3700;193;0
СМЗ-ао;60;20171218;120000;3700;3700;3320;3600;86;0
СМЗ-ао;60;20171218;180000;3550;3590;3460;3590;9;0
СМЗ-ао;60;20171219;100000;3700;3700;3550;3650;5;0
СМЗ-ао;60;20171219;140000;3680;3690;3680;3690;3;0
СМЗ-ао;60;20171222;090000;3690;3690;3690;3690;2;0
СМЗ-ао;60;20171222;120000;3550;3700;3550;3700;7;0
СМЗ-ао;60;20171222;180000;3610;3610;3610;3610;1;0
СМЗ-ао;60;20171226;150000;3560;3600;3560;3600;3;0
СМЗ-ао;60;20171226;180000;3580;3580;3540;3570;6;0
СМЗ-ао;60;20171227;170000;3440;3480;3440;3480;4;0
СМЗ-ао;60;20171228;120000;3540;3540;3540;3540;1;0
