<TICKER>;<PER>;<DATE>;<TIME>;<OPEN>;<HIGH>;<LOW>;<CLOSE>;<VOL>;<OPENINT>
СОЛЛЕРС;60;20170124;100000;599;602;599;601;9;0
СОЛЛЕРС;60;20170124;110000;600;600;599;600;58;0
СОЛЛЕРС;60;20170124;120000;598;599;597;598;8;0
СОЛЛЕРС;60;20170124;130000;599;600;598;598;42;0
СОЛЛЕРС;60;20170124;140000;600;617;599;617;591;0
СОЛЛЕРС;60;20170124;150000;617;623;613;615;2808;0
СОЛЛЕРС;60;20170124;160000;614;625;614;616;195;0
СОЛЛЕРС;60;20170124;170000;617;618;615;615;11;0
СОЛЛЕРС;60;20170124;180000;614;617;611;614;61;0
СОЛЛЕРС;60;20170125;100000;616;626;616;620;40;0
СОЛЛЕРС;60;20170125;110000;618;618;613;613;22;0
СОЛЛЕРС;60;20170125;120000;613;615;612;615;11;0
СОЛЛЕРС;60;20170125;130000;613;615;613;615;6;0
СОЛЛЕРС;60;20170125;140000;613;613;613;613;1;0
СОЛЛЕРС;60;20170125;150000;615;615;615;615;5;0
СОЛЛЕРС;60;20170125;160000;616;617;614;614;17;0
СОЛЛЕРС;60;20170125;170000;613;615;613;613;41;0
СОЛЛЕРС;60;20170125;180000;612;613;610;610;27;0
СОЛЛЕРС;60;20170126;090000;609;609;609;609;2;0
СОЛЛЕРС;60;20170126;100000;608;620;606;615;70;0
СОЛЛЕРС;60;20170126;110000;615;619;614;618;46;0
СОЛЛЕРС;60;20170126;120000;615;619;615;616;23;0
СОЛЛЕРС;60;20170126;130000;615;637;614;633;779;0
СОЛЛЕРС;60;20170126;140000;635;635;623;626;284;0
СОЛЛЕРС;60;20170126;150000;624;627;623;625;65;0
СОЛЛЕРС;60;20170126;160000;625;628;625;625;56;0
СОЛЛЕРС;60;20170126;170000;627;628;617;622;499;0
СОЛЛЕРС;60;20170126;180000;623;624;619;620;121;0
СОЛЛЕРС;60;20170127;090000;619;619;619;619;5;0
СОЛЛЕРС;60;20170127;100000;622;630;617;630;129;0
СОЛЛЕРС;60;20170127;110000;632;636;627;632;60;0
СОЛЛЕРС;60;20170127;120000;630;632;629;630;1161;0
СОЛЛЕРС;60;20170127;130000;629;631;627;630;65;0
СОЛЛЕРС;60;20170127;140000;630;630;626;629;28;0
СОЛЛЕРС;60;20170127;150000;628;633;626;630;100;0
СОЛЛЕРС;60;20170127;160000;630;633;630;630;28;0
СОЛЛЕРС;60;20170127;170000;632;633;629;630;1291;0
СОЛЛЕРС;60;20170127;180000;629;635;628;628;264;0
СОЛЛЕРС;60;20170130;090000;629;629;629;629;1;0
СОЛЛЕРС;60;20170130;100000;628;657;624;640;639;0
СОЛЛЕРС;60;20170130;110000;643;644;638;640;104;0
СОЛЛЕРС;60;20170130;120000;638;640;638;639;37;0
СОЛЛЕРС;60;20170130;130000;639;640;639;640;21;0
СОЛЛЕРС;60;20170130;140000;640;642;638;642;364;0
СОЛЛЕРС;60;20170130;150000;643;643;643;643;1;0
СОЛЛЕРС;60;20170130;160000;644;644;640;641;28;0
СОЛЛЕРС;60;20170130;170000;642;646;641;646;80;0
СОЛЛЕРС;60;20170130;180000;645;646;640;646;110;0
СОЛЛЕРС;60;20170131;100000;647;647;642;642;27;0
СОЛЛЕРС;60;20170131;110000;642;643;630;635;155;0
СОЛЛЕРС;60;20170131;120000;637;637;628;630;105;0
СОЛЛЕРС;60;20170131;130000;632;633;630;632;76;0
СОЛЛЕРС;60;20170131;140000;634;640;631;640;101;0
СОЛЛЕРС;60;20170131;150000;640;640;636;637;87;0
СОЛЛЕРС;60;20170131;160000;637;644;636;644;42;0
СОЛЛЕРС;60;20170131;170000;643;644;640;644;249;0
СОЛЛЕРС;60;20170131;180000;644;648;639;648;208;0
СОЛЛЕРС;60;20170201;090000;648;648;648;648;13;0
СОЛЛЕРС;60;20170201;100000;650;653;646;653;151;0
СОЛЛЕРС;60;20170201;110000;650;652;645;645;48;0
СОЛЛЕРС;60;20170201;120000;646;652;646;652;147;0
СОЛЛЕРС;60;20170201;130000;652;656;651;654;88;0
СОЛЛЕРС;60;20170201;140000;652;653;651;652;20;0
СОЛЛЕРС;60;20170201;150000;651;652;650;650;437;0
СОЛЛЕРС;60;20170201;160000;650;651;650;651;148;0
СОЛЛЕРС;60;20170201;170000;650;651;650;651;46;0
СОЛЛЕРС;60;20170201;180000;650;651;649;651;32;0
СОЛЛЕРС;60;20170202;100000;651;651;648;650;74;0
СОЛЛЕРС;60;20170202;110000;650;655;648;653;22;0
СОЛЛЕРС;60;20170202;120000;650;650;650;650;12;0
СОЛЛЕРС;60;20170202;130000;652;652;650;650;30;0
СОЛЛЕРС;60;20170202;140000;650;651;650;651;22;0
СОЛЛЕРС;60;20170202;150000;650;650;645;650;238;0
СОЛЛЕРС;60;20170202;160000;650;650;650;650;5;0
СОЛЛЕРС;60;20170202;170000;651;651;650;650;16;0
СОЛЛЕРС;60;20170202;180000;650;650;645;648;35;0
СОЛЛЕРС;60;20170203;100000;647;647;636;640;68;0
СОЛЛЕРС;60;20170203;110000;640;640;610;624;358;0
СОЛЛЕРС;60;20170203;120000;625;626;625;626;4;0
СОЛЛЕРС;60;20170203;130000;623;628;623;627;22;0
СОЛЛЕРС;60;20170203;140000;627;627;624;627;5;0
СОЛЛЕРС;60;20170203;150000;627;627;620;620;47;0
СОЛЛЕРС;60;20170203;160000;622;624;622;624;9;0
СОЛЛЕРС;60;20170203;170000;623;624;620;624;34;0
СОЛЛЕРС;60;20170203;180000;624;624;621;623;15;0
СОЛЛЕРС;60;20170206;100000;620;621;619;620;39;0
СОЛЛЕРС;60;20170206;110000;620;620;620;620;2;0
СОЛЛЕРС;60;20170206;120000;621;622;621;622;29;0
СОЛЛЕРС;60;20170206;130000;620;620;617;620;68;0
СОЛЛЕРС;60;20170206;150000;618;618;614;614;69;0
СОЛЛЕРС;60;20170206;160000;612;618;612;615;37;0
СОЛЛЕРС;60;20170206;170000;616;616;613;614;50;0
СОЛЛЕРС;60;20170206;180000;614;619;614;619;52;0
СОЛЛЕРС;60;20170207;100000;619;620;617;620;85;0
СОЛЛЕРС;60;20170207;110000;620;621;614;618;153;0
СОЛЛЕРС;60;20170207;120000;618;619;615;616;101;0
СОЛЛЕРС;60;20170207;130000;618;619;615;616;97;0
СОЛЛЕРС;60;20170207;140000;618;621;616;620;104;0
СОЛЛЕРС;60;20170207;150000;620;621;618;619;81;0
СОЛЛЕРС;60;20170207;160000;619;619;618;618;41;0
СОЛЛЕРС;60;20170207;170000;618;620;618;618;71;0
СОЛЛЕРС;60;20170207;180000;618;620;616;620;73;0
СОЛЛЕРС;60;20170208;100000;619;622;619;619;14;0
СОЛЛЕРС;60;20170208;110000;620;622;620;622;11;0
СОЛЛЕРС;60;20170208;120000;622;622;622;622;1;0
СОЛЛЕРС;60;20170208;130000;619;619;619;619;11;0
СОЛЛЕРС;60;20170208;140000;619;623;619;623;32;0
СОЛЛЕРС;60;20170208;150000;620;624;620;623;14;0
СОЛЛЕРС;60;20170208;160000;621;621;618;618;32;0
СОЛЛЕРС;60;20170208;170000;618;620;618;620;11;0
СОЛЛЕРС;60;20170208;180000;618;619;615;619;51;0
СОЛЛЕРС;60;20170209;100000;615;616;615;616;10;0
СОЛЛЕРС;60;20170209;110000;616;616;612;612;26;0
СОЛЛЕРС;60;20170209;120000;612;612;602;610;247;0
СОЛЛЕРС;60;20170209;130000;607;608;603;603;57;0
СОЛЛЕРС;60;20170209;140000;605;606;597;601;132;0
СОЛЛЕРС;60;20170209;150000;603;603;600;601;78;0
СОЛЛЕРС;60;20170209;160000;603;604;600;600;247;0
СОЛЛЕРС;60;20170209;170000;600;604;589;596;402;0
СОЛЛЕРС;60;20170209;180000;599;599;597;597;14;0
СОЛЛЕРС;60;20170210;100000;596;596;595;596;24;0
СОЛЛЕРС;60;20170210;110000;596;598;596;598;18;0
СОЛЛЕРС;60;20170210;120000;599;601;599;601;25;0
СОЛЛЕРС;60;20170210;130000;603;607;603;607;27;0
СОЛЛЕРС;60;20170210;140000;604;607;604;607;50;0
СОЛЛЕРС;60;20170210;150000;605;605;605;605;3;0
СОЛЛЕРС;60;20170210;160000;605;607;603;605;22;0
СОЛЛЕРС;60;20170210;170000;605;605;605;605;1;0
СОЛЛЕРС;60;20170210;180000;603;606;602;606;197;0
СОЛЛЕРС;60;20170213;090000;616;616;616;616;20;0
СОЛЛЕРС;60;20170213;100000;618;618;608;616;22;0
СОЛЛЕРС;60;20170213;110000;617;623;617;620;106;0
СОЛЛЕРС;60;20170213;120000;622;624;617;624;54;0
СОЛЛЕРС;60;20170213;130000;624;630;624;629;263;0
СОЛЛЕРС;60;20170213;140000;629;629;627;628;12;0
СОЛЛЕРС;60;20170213;150000;626;645;626;635;266;0
СОЛЛЕРС;60;20170213;160000;634;638;632;636;36;0
СОЛЛЕРС;60;20170213;170000;635;638;633;638;46;0
СОЛЛЕРС;60;20170213;180000;636;637;625;625;105;0
СОЛЛЕРС;60;20170214;100000;627;649;627;634;70;0
СОЛЛЕРС;60;20170214;110000;636;636;633;633;19;0
СОЛЛЕРС;60;20170214;120000;632;633;631;633;12;0
СОЛЛЕРС;60;20170214;130000;632;633;618;618;155;0
СОЛЛЕРС;60;20170214;140000;621;628;621;623;51;0
СОЛЛЕРС;60;20170214;150000;621;623;619;620;12;0
СОЛЛЕРС;60;20170214;160000;623;629;623;629;27;0
СОЛЛЕРС;60;20170214;170000;626;626;624;624;11;0
СОЛЛЕРС;60;20170214;180000;624;624;623;623;16;0
СОЛЛЕРС;60;20170215;090000;626;626;626;626;4;0
СОЛЛЕРС;60;20170215;100000;622;624;602;605;116;0
СОЛЛЕРС;60;20170215;110000;604;611;604;610;25;0
СОЛЛЕРС;60;20170215;120000;610;610;610;610;19;0
СОЛЛЕРС;60;20170215;130000;610;610;610;610;22;0
СОЛЛЕРС;60;20170215;140000;610;610;610;610;12;0
СОЛЛЕРС;60;20170215;150000;610;615;610;615;63;0
СОЛЛЕРС;60;20170215;160000;615;618;615;618;53;0
СОЛЛЕРС;60;20170215;170000;614;620;613;619;12;0
СОЛЛЕРС;60;20170215;180000;618;620;616;620;22;0
СОЛЛЕРС;60;20170216;100000;619;619;602;610;45;0
СОЛЛЕРС;60;20170216;110000;613;613;613;613;2;0
СОЛЛЕРС;60;20170216;120000;617;617;617;617;11;0
СОЛЛЕРС;60;20170216;150000;612;612;611;611;3;0
СОЛЛЕРС;60;20170216;160000;612;617;612;613;4;0
СОЛЛЕРС;60;20170216;180000;616;620;616;620;3;0
СОЛЛЕРС;60;20170217;100000;608;611;606;611;5;0
СОЛЛЕРС;60;20170217;110000;614;614;614;614;3;0
СОЛЛЕРС;60;20170217;120000;611;611;611;611;7;0
СОЛЛЕРС;60;20170217;130000;612;612;610;610;14;0
СОЛЛЕРС;60;20170217;150000;614;614;614;614;1;0
СОЛЛЕРС;60;20170217;160000;614;614;614;614;4;0
СОЛЛЕРС;60;20170217;170000;614;614;614;614;2;0
СОЛЛЕРС;60;20170217;180000;611;613;610;613;24;0
СОЛЛЕРС;60;20170220;100000;607;611;607;607;67;0
СОЛЛЕРС;60;20170220;110000;606;611;599;600;59;0
СОЛЛЕРС;60;20170220;120000;600;602;599;601;58;0
СОЛЛЕРС;60;20170220;130000;602;602;600;600;9;0
СОЛЛЕРС;60;20170220;140000;599;600;597;600;12;0
СОЛЛЕРС;60;20170220;150000;598;599;597;597;27;0
СОЛЛЕРС;60;20170220;160000;597;600;597;597;68;0
СОЛЛЕРС;60;20170220;170000;596;596;590;593;141;0
СОЛЛЕРС;60;20170220;180000;594;595;590;595;62;0
СОЛЛЕРС;60;20170221;100000;590;592;590;591;8;0
СОЛЛЕРС;60;20170221;110000;592;596;592;596;57;0
СОЛЛЕРС;60;20170221;120000;595;595;595;595;1;0
СОЛЛЕРС;60;20170221;130000;595;595;592;592;42;0
СОЛЛЕРС;60;20170221;140000;593;593;593;593;4;0
СОЛЛЕРС;60;20170221;150000;591;591;591;591;3;0
СОЛЛЕРС;60;20170221;160000;590;590;590;590;27;0
СОЛЛЕРС;60;20170221;170000;590;618;590;609;170;0
СОЛЛЕРС;60;20170221;180000;608;671;608;641;993;0
СОЛЛЕРС;60;20170222;090000;641;641;641;641;20;0
СОЛЛЕРС;60;20170222;100000;642;642;626;629;343;0
СОЛЛЕРС;60;20170222;110000;630;630;622;622;589;0
СОЛЛЕРС;60;20170222;120000;626;626;611;615;362;0
СОЛЛЕРС;60;20170222;130000;615;615;615;615;40;0
СОЛЛЕРС;60;20170222;140000;615;615;615;615;6;0
СОЛЛЕРС;60;20170222;150000;613;613;612;613;14;0
СОЛЛЕРС;60;20170222;160000;611;611;611;611;3;0
СОЛЛЕРС;60;20170222;170000;611;611;597;600;342;0
СОЛЛЕРС;60;20170222;180000;600;605;599;605;74;0
СОЛЛЕРС;60;20170224;110000;598;599;596;598;18;0
СОЛЛЕРС;60;20170224;120000;599;603;595;595;123;0
СОЛЛЕРС;60;20170224;130000;593;597;592;593;275;0
СОЛЛЕРС;60;20170224;140000;596;596;591;591;21;0
СОЛЛЕРС;60;20170224;150000;596;596;596;596;2;0
СОЛЛЕРС;60;20170224;160000;595;595;592;592;7;0
СОЛЛЕРС;60;20170224;170000;596;597;596;597;60;0
СОЛЛЕРС;60;20170224;180000;605;605;605;605;4;0
СОЛЛЕРС;60;20170227;100000;596;603;596;603;3;0
СОЛЛЕРС;60;20170227;110000;595;600;592;600;6;0
СОЛЛЕРС;60;20170227;120000;599;603;596;596;48;0
СОЛЛЕРС;60;20170227;130000;601;601;601;601;1;0
СОЛЛЕРС;60;20170227;140000;598;598;596;596;32;0
СОЛЛЕРС;60;20170227;150000;595;595;595;595;4;0
СОЛЛЕРС;60;20170227;160000;594;595;590;593;37;0
СОЛЛЕРС;60;20170227;170000;597;600;594;597;74;0
СОЛЛЕРС;60;20170227;180000;594;597;593;596;31;0
СОЛЛЕРС;60;20170228;100000;593;596;586;586;215;0
СОЛЛЕРС;60;20170228;110000;593;594;586;594;25;0
СОЛЛЕРС;60;20170228;120000;593;594;590;594;15;0
СОЛЛЕРС;60;20170228;130000;593;594;590;594;256;0
СОЛЛЕРС;60;20170228;140000;594;594;590;590;10;0
СОЛЛЕРС;60;20170228;150000;592;592;589;589;34;0
СОЛЛЕРС;60;20170228;160000;589;590;589;589;24;0
СОЛЛЕРС;60;20170228;170000;590;590;588;588;56;0
СОЛЛЕРС;60;20170228;180000;588;589;581;586;81;0
СОЛЛЕРС;60;20170301;090000;579;579;579;579;4;0
СОЛЛЕРС;60;20170301;100000;580;586;567;586;78;0
СОЛЛЕРС;60;20170301;110000;585;587;585;587;5;0
СОЛЛЕРС;60;20170301;120000;587;588;587;588;11;0
СОЛЛЕРС;60;20170301;130000;588;590;588;590;11;0
СОЛЛЕРС;60;20170301;150000;590;595;590;595;39;0
СОЛЛЕРС;60;20170301;160000;595;600;595;600;7;0
СОЛЛЕРС;60;20170301;170000;597;606;597;606;30;0
СОЛЛЕРС;60;20170301;180000;605;605;600;600;25;0
СОЛЛЕРС;60;20170302;090000;582;582;582;582;30;0
СОЛЛЕРС;60;20170302;100000;603;611;602;604;45;0
СОЛЛЕРС;60;20170302;110000;604;604;602;602;5;0
СОЛЛЕРС;60;20170302;120000;596;600;596;597;3;0
СОЛЛЕРС;60;20170302;130000;598;603;598;603;23;0
СОЛЛЕРС;60;20170302;140000;600;603;600;602;4;0
СОЛЛЕРС;60;20170302;150000;602;602;602;602;3;0
СОЛЛЕРС;60;20170302;170000;600;600;597;600;3;0
СОЛЛЕРС;60;20170302;180000;598;598;598;598;3;0
СОЛЛЕРС;60;20170303;090000;601;601;601;601;10;0
СОЛЛЕРС;60;20170303;100000;590;599;590;599;27;0
СОЛЛЕРС;60;20170303;110000;600;601;600;601;2;0
СОЛЛЕРС;60;20170303;130000;596;596;596;596;2;0
СОЛЛЕРС;60;20170303;140000;596;596;595;595;9;0
СОЛЛЕРС;60;20170303;170000;595;597;595;597;3;0
СОЛЛЕРС;60;20170306;100000;600;618;597;610;108;0
СОЛЛЕРС;60;20170306;110000;609;613;601;603;77;0
СОЛЛЕРС;60;20170306;120000;608;608;600;605;42;0
СОЛЛЕРС;60;20170306;130000;606;613;606;613;10;0
СОЛЛЕРС;60;20170306;140000;614;616;606;615;90;0
СОЛЛЕРС;60;20170306;150000;616;617;616;617;13;0
СОЛЛЕРС;60;20170306;160000;617;617;617;617;2;0
СОЛЛЕРС;60;20170306;170000;611;613;611;613;14;0
СОЛЛЕРС;60;20170306;180000;610;610;607;609;16;0
СОЛЛЕРС;60;20170307;100000;610;618;610;616;101;0
СОЛЛЕРС;60;20170307;110000;618;623;615;615;22;0
СОЛЛЕРС;60;20170307;120000;615;616;615;616;4;0
СОЛЛЕРС;60;20170307;130000;618;620;615;616;160;0
СОЛЛЕРС;60;20170307;140000;615;615;615;615;26;0
СОЛЛЕРС;60;20170307;150000;615;616;615;615;16;0
СОЛЛЕРС;60;20170307;160000;615;620;615;616;88;0
СОЛЛЕРС;60;20170307;170000;619;619;619;619;1;0
СОЛЛЕРС;60;20170307;180000;616;617;615;617;38;0
СОЛЛЕРС;60;20170309;100000;607;607;591;606;11;0
СОЛЛЕРС;60;20170309;110000;607;615;607;613;44;0
СОЛЛЕРС;60;20170309;120000;608;612;601;611;26;0
СОЛЛЕРС;60;20170309;130000;604;615;604;613;43;0
СОЛЛЕРС;60;20170309;140000;612;616;612;613;289;0
СОЛЛЕРС;60;20170309;150000;613;615;612;613;24;0
СОЛЛЕРС;60;20170309;160000;612;620;612;620;354;0
СОЛЛЕРС;60;20170309;170000;614;617;602;613;124;0
СОЛЛЕРС;60;20170309;180000;611;613;611;612;287;0
СОЛЛЕРС;60;20170310;100000;605;605;594;605;13;0
СОЛЛЕРС;60;20170310;110000;603;605;603;605;3;0
СОЛЛЕРС;60;20170310;120000;606;606;606;606;1;0
СОЛЛЕРС;60;20170310;130000;605;605;605;605;2;0
СОЛЛЕРС;60;20170310;140000;605;605;605;605;2;0
СОЛЛЕРС;60;20170310;150000;602;605;600;602;12;0
СОЛЛЕРС;60;20170310;160000;603;603;603;603;1;0
СОЛЛЕРС;60;20170310;170000;603;605;603;605;2;0
СОЛЛЕРС;60;20170313;100000;602;602;598;600;27;0
СОЛЛЕРС;60;20170313;110000;600;600;595;600;16;0
СОЛЛЕРС;60;20170313;120000;601;601;600;601;7;0
СОЛЛЕРС;60;20170313;130000;600;600;600;600;2;0
СОЛЛЕРС;60;20170313;140000;602;603;602;603;5;0
СОЛЛЕРС;60;20170313;150000;599;602;596;602;8;0
СОЛЛЕРС;60;20170313;160000;600;604;597;603;339;0
СОЛЛЕРС;60;20170313;170000;603;608;603;603;942;0
СОЛЛЕРС;60;20170313;180000;603;604;603;604;590;0
СОЛЛЕРС;60;20170314;090000;603;603;603;603;1;0
СОЛЛЕРС;60;20170314;100000;605;606;605;605;14;0
СОЛЛЕРС;60;20170314;110000;605;609;605;609;32;0
СОЛЛЕРС;60;20170314;120000;606;609;606;609;16;0
СОЛЛЕРС;60;20170314;130000;609;609;609;609;1;0
СОЛЛЕРС;60;20170314;140000;606;610;606;610;36;0
СОЛЛЕРС;60;20170314;150000;607;610;606;606;14;0
СОЛЛЕРС;60;20170314;170000;609;609;609;609;1;0
СОЛЛЕРС;60;20170314;180000;605;614;605;614;25;0
СОЛЛЕРС;60;20170315;100000;613;618;612;618;21;0
СОЛЛЕРС;60;20170315;110000;618;620;615;616;13;0
СОЛЛЕРС;60;20170315;120000;613;618;612;615;37;0
СОЛЛЕРС;60;20170315;130000;615;615;615;615;22;0
СОЛЛЕРС;60;20170315;140000;615;615;610;615;137;0
СОЛЛЕРС;60;20170315;150000;615;615;612;615;7;0
СОЛЛЕРС;60;20170315;160000;615;616;615;616;4;0
СОЛЛЕРС;60;20170315;170000;615;615;610;615;542;0
СОЛЛЕРС;60;20170315;180000;615;616;614;615;276;0
СОЛЛЕРС;60;20170316;100000;616;617;615;615;12;0
СОЛЛЕРС;60;20170316;110000;615;615;609;614;46;0
СОЛЛЕРС;60;20170316;120000;613;613;613;613;1;0
СОЛЛЕРС;60;20170316;130000;609;609;609;609;4;0
СОЛЛЕРС;60;20170316;140000;611;611;611;611;2;0
СОЛЛЕРС;60;20170316;150000;610;610;606;606;13;0
СОЛЛЕРС;60;20170316;160000;606;612;606;612;25;0
СОЛЛЕРС;60;20170316;180000;609;609;609;609;1;0
СОЛЛЕРС;60;20170317;100000;610;613;607;608;60;0
СОЛЛЕРС;60;20170317;110000;608;608;605;607;106;0
СОЛЛЕРС;60;20170317;140000;607;607;607;607;6;0
СОЛЛЕРС;60;20170317;160000;606;606;605;605;5;0
СОЛЛЕРС;60;20170317;170000;607;607;605;605;4;0
СОЛЛЕРС;60;20170317;180000;605;607;605;606;33;0
СОЛЛЕРС;60;20170320;100000;605;606;597;606;19;0
СОЛЛЕРС;60;20170320;110000;602;602;597;600;14;0
СОЛЛЕРС;60;20170320;120000;601;613;601;610;65;0
СОЛЛЕРС;60;20170320;130000;607;610;607;610;13;0
СОЛЛЕРС;60;20170320;140000;607;607;607;607;1;0
СОЛЛЕРС;60;20170320;150000;607;607;607;607;2;0
СОЛЛЕРС;60;20170320;160000;607;607;605;605;9;0
СОЛЛЕРС;60;20170320;170000;605;607;605;607;26;0
СОЛЛЕРС;60;20170320;180000;604;609;604;609;5;0
СОЛЛЕРС;60;20170321;100000;609;613;609;613;8;0
СОЛЛЕРС;60;20170321;110000;612;615;612;614;24;0
СОЛЛЕРС;60;20170321;120000;613;613;605;609;27;0
СОЛЛЕРС;60;20170321;130000;611;611;611;611;3;0
СОЛЛЕРС;60;20170321;160000;607;609;605;606;16;0
СОЛЛЕРС;60;20170321;170000;605;605;603;603;23;0
СОЛЛЕРС;60;20170321;180000;603;605;602;602;12;0
СОЛЛЕРС;60;20170322;090000;602;602;602;602;1;0
СОЛЛЕРС;60;20170322;100000;603;604;599;599;58;0
СОЛЛЕРС;60;20170322;110000;602;603;599;603;31;0
СОЛЛЕРС;60;20170322;120000;601;603;599;601;17;0
СОЛЛЕРС;60;20170322;130000;599;603;599;603;13;0
СОЛЛЕРС;60;20170322;150000;600;600;598;598;19;0
СОЛЛЕРС;60;20170322;160000;599;599;597;599;92;0
СОЛЛЕРС;60;20170322;170000;599;600;597;597;58;0
СОЛЛЕРС;60;20170322;180000;595;600;593;599;18;0
СОЛЛЕРС;60;20170323;100000;599;599;572;595;119;0
СОЛЛЕРС;60;20170323;110000;595;595;591;595;63;0
СОЛЛЕРС;60;20170323;120000;595;595;590;591;52;0
СОЛЛЕРС;60;20170323;130000;594;594;590;592;74;0
СОЛЛЕРС;60;20170323;140000;590;590;590;590;1;0
СОЛЛЕРС;60;20170323;150000;590;592;588;592;26;0
СОЛЛЕРС;60;20170323;160000;590;590;590;590;1;0
СОЛЛЕРС;60;20170323;170000;590;590;590;590;4;0
СОЛЛЕРС;60;20170323;180000;589;590;587;590;58;0
СОЛЛЕРС;60;20170324;100000;585;592;584;592;20;0
СОЛЛЕРС;60;20170324;150000;589;589;588;588;5;0
СОЛЛЕРС;60;20170324;160000;588;588;588;588;1;0
СОЛЛЕРС;60;20170324;180000;588;590;588;590;2;0
СОЛЛЕРС;60;20170327;090000;592;592;592;592;5;0
СОЛЛЕРС;60;20170327;100000;592;592;587;591;9;0
СОЛЛЕРС;60;20170327;110000;585;585;581;585;26;0
СОЛЛЕРС;60;20170327;120000;586;586;583;583;2;0
СОЛЛЕРС;60;20170327;130000;582;594;582;590;52;0
СОЛЛЕРС;60;20170327;140000;591;591;591;591;4;0
СОЛЛЕРС;60;20170327;150000;591;592;590;592;13;0
СОЛЛЕРС;60;20170327;160000;592;593;590;590;4;0
СОЛЛЕРС;60;20170327;170000;589;589;589;589;3;0
СОЛЛЕРС;60;20170327;180000;589;593;589;592;4;0
СОЛЛЕРС;60;20170328;100000;592;598;592;598;24;0
СОЛЛЕРС;60;20170328;110000;594;594;594;594;1;0
СОЛЛЕРС;60;20170328;140000;593;593;593;593;1;0
СОЛЛЕРС;60;20170328;160000;595;595;595;595;1;0
СОЛЛЕРС;60;20170328;170000;595;596;595;596;2;0
СОЛЛЕРС;60;20170328;180000;595;595;593;593;8;0
СОЛЛЕРС;60;20170329;100000;593;601;593;600;50;0
СОЛЛЕРС;60;20170329;110000;600;601;600;601;7;0
СОЛЛЕРС;60;20170329;120000;600;601;600;601;5;0
СОЛЛЕРС;60;20170329;140000;600;607;600;606;66;0
СОЛЛЕРС;60;20170329;150000;604;604;604;604;1;0
СОЛЛЕРС;60;20170329;170000;608;608;608;608;1;0
СОЛЛЕРС;60;20170329;180000;604;606;604;605;6;0
СОЛЛЕРС;60;20170330;100000;603;603;586;602;34;0
СОЛЛЕРС;60;20170330;120000;597;597;594;597;24;0
СОЛЛЕРС;60;20170330;140000;592;592;591;591;8;0
СОЛЛЕРС;60;20170330;150000;595;596;595;596;12;0
СОЛЛЕРС;60;20170330;170000;595;596;593;596;8;0
СОЛЛЕРС;60;20170330;180000;599;599;599;599;1;0
СОЛЛЕРС;60;20170331;110000;598;600;598;600;6;0
СОЛЛЕРС;60;20170331;120000;596;607;553;594;273;0
СОЛЛЕРС;60;20170331;130000;592;592;592;592;2;0
СОЛЛЕРС;60;20170331;140000;590;592;588;592;10;0
СОЛЛЕРС;60;20170331;150000;593;593;593;593;4;0
СОЛЛЕРС;60;20170331;170000;592;592;592;592;1;0
СОЛЛЕРС;60;20170331;180000;588;592;579;579;145;0
СОЛЛЕРС;60;20170403;100000;586;586;580;582;8;0
СОЛЛЕРС;60;20170403;110000;580;581;577;577;13;0
СОЛЛЕРС;60;20170403;120000;577;580;576;579;18;0
СОЛЛЕРС;60;20170403;130000;577;577;569;570;11;0
СОЛЛЕРС;60;20170403;140000;569;572;565;572;35;0
СОЛЛЕРС;60;20170403;150000;572;572;571;571;7;0
СОЛЛЕРС;60;20170403;160000;573;573;571;573;4;0
СОЛЛЕРС;60;20170403;170000;573;580;573;580;60;0
СОЛЛЕРС;60;20170403;180000;582;583;582;582;6;0
СОЛЛЕРС;60;20170404;120000;576;576;575;575;15;0
СОЛЛЕРС;60;20170404;130000;578;579;578;579;3;0
СОЛЛЕРС;60;20170404;150000;578;578;576;578;18;0
СОЛЛЕРС;60;20170404;160000;577;577;576;576;9;0
СОЛЛЕРС;60;20170404;180000;577;577;577;577;7;0
СОЛЛЕРС;60;20170405;100000;575;580;573;580;24;0
СОЛЛЕРС;60;20170405;120000;580;586;580;586;4;0
СОЛЛЕРС;60;20170405;140000;588;591;588;591;11;0
СОЛЛЕРС;60;20170405;150000;591;593;591;593;6;0
СОЛЛЕРС;60;20170405;160000;594;594;594;594;15;0
СОЛЛЕРС;60;20170405;170000;594;594;589;589;17;0
СОЛЛЕРС;60;20170405;180000;588;589;588;589;10;0
СОЛЛЕРС;60;20170406;100000;581;587;580;587;21;0
СОЛЛЕРС;60;20170406;110000;586;589;586;589;10;0
СОЛЛЕРС;60;20170406;120000;591;591;590;590;12;0
СОЛЛЕРС;60;20170406;130000;590;590;590;590;1;0
СОЛЛЕРС;60;20170406;140000;590;590;590;590;1;0
СОЛЛЕРС;60;20170406;160000;587;587;587;587;4;0
СОЛЛЕРС;60;20170406;170000;587;587;587;587;1;0
СОЛЛЕРС;60;20170406;180000;586;587;583;587;10;0
СОЛЛЕРС;60;20170407;100000;581;585;580;585;7;0
СОЛЛЕРС;60;20170407;110000;580;580;574;579;36;0
СОЛЛЕРС;60;20170407;120000;576;584;575;584;34;0
СОЛЛЕРС;60;20170407;130000;585;585;585;585;2;0
СОЛЛЕРС;60;20170407;150000;585;585;585;585;1;0
СОЛЛЕРС;60;20170407;180000;586;588;586;588;3;0
СОЛЛЕРС;60;20170410;100000;578;585;578;585;7;0
СОЛЛЕРС;60;20170410;110000;578;578;572;572;22;0
СОЛЛЕРС;60;20170410;120000;576;581;576;580;183;0
СОЛЛЕРС;60;20170410;130000;579;586;576;582;332;0
СОЛЛЕРС;60;20170410;140000;580;581;579;579;30;0
СОЛЛЕРС;60;20170410;150000;577;577;577;577;2;0
СОЛЛЕРС;60;20170410;160000;576;610;575;588;1637;0
СОЛЛЕРС;60;20170410;170000;589;590;572;583;382;0
СОЛЛЕРС;60;20170410;180000;579;579;573;573;10;0
СОЛЛЕРС;60;20170411;100000;578;586;577;584;33;0
СОЛЛЕРС;60;20170411;110000;577;582;575;582;36;0
СОЛЛЕРС;60;20170411;120000;579;580;579;580;4;0
СОЛЛЕРС;60;20170411;130000;582;587;582;585;21;0
СОЛЛЕРС;60;20170411;140000;585;587;585;587;3;0
СОЛЛЕРС;60;20170411;150000;586;586;586;586;15;0
СОЛЛЕРС;60;20170411;160000;583;583;583;583;2;0
СОЛЛЕРС;60;20170411;170000;582;586;580;586;53;0
СОЛЛЕРС;60;20170411;180000;586;587;579;587;37;0
СОЛЛЕРС;60;20170412;100000;587;587;550;575;179;0
СОЛЛЕРС;60;20170412;110000;579;605;578;595;510;0
СОЛЛЕРС;60;20170412;120000;593;593;577;582;170;0
СОЛЛЕРС;60;20170412;130000;577;578;575;575;33;0
СОЛЛЕРС;60;20170412;140000;577;579;570;579;263;0
СОЛЛЕРС;60;20170412;150000;577;579;572;578;50;0
СОЛЛЕРС;60;20170412;160000;578;578;578;578;1;0
СОЛЛЕРС;60;20170412;170000;573;573;573;573;2;0
СОЛЛЕРС;60;20170412;180000;576;578;575;576;30;0
СОЛЛЕРС;60;20170413;110000;577;577;564;566;67;0
СОЛЛЕРС;60;20170413;120000;568;576;568;576;259;0
СОЛЛЕРС;60;20170413;130000;576;584;576;584;98;0
СОЛЛЕРС;60;20170413;140000;580;589;570;588;146;0
СОЛЛЕРС;60;20170413;150000;583;583;583;583;2;0
СОЛЛЕРС;60;20170413;160000;583;587;583;584;6;0
СОЛЛЕРС;60;20170413;170000;587;590;585;585;18;0
СОЛЛЕРС;60;20170413;180000;588;590;588;590;7;0
СОЛЛЕРС;60;20170414;090000;592;592;592;592;5;0
СОЛЛЕРС;60;20170414;100000;594;598;588;591;54;0
СОЛЛЕРС;60;20170414;110000;587;587;586;586;8;0
СОЛЛЕРС;60;20170414;120000;590;590;590;590;1;0
СОЛЛЕРС;60;20170414;160000;586;586;584;584;12;0
СОЛЛЕРС;60;20170414;170000;587;587;587;587;2;0
СОЛЛЕРС;60;20170414;180000;587;587;587;587;1;0
СОЛЛЕРС;60;20170417;120000;582;582;582;582;1;0
СОЛЛЕРС;60;20170417;130000;583;583;583;583;1;0
СОЛЛЕРС;60;20170417;140000;582;586;582;586;15;0
СОЛЛЕРС;60;20170417;160000;586;586;586;586;1;0
СОЛЛЕРС;60;20170417;170000;585;589;585;589;26;0
СОЛЛЕРС;60;20170418;100000;594;594;591;591;13;0
СОЛЛЕРС;60;20170418;140000;588;588;588;588;2;0
СОЛЛЕРС;60;20170418;150000;587;587;581;581;14;0
СОЛЛЕРС;60;20170418;170000;585;585;585;585;1;0
СОЛЛЕРС;60;20170418;180000;583;583;583;583;4;0
СОЛЛЕРС;60;20170419;100000;580;582;580;581;13;0
СОЛЛЕРС;60;20170419;110000;580;585;580;584;15;0
СОЛЛЕРС;60;20170419;120000;585;595;585;595;51;0
СОЛЛЕРС;60;20170419;130000;593;593;593;593;12;0
СОЛЛЕРС;60;20170419;150000;591;593;590;591;265;0
СОЛЛЕРС;60;20170419;160000;591;593;590;591;137;0
СОЛЛЕРС;60;20170419;170000;593;597;591;591;146;0
СОЛЛЕРС;60;20170420;100000;594;596;594;596;2;0
СОЛЛЕРС;60;20170420;110000;593;596;593;593;13;0
СОЛЛЕРС;60;20170420;120000;594;594;594;594;11;0
СОЛЛЕРС;60;20170420;130000;593;595;592;595;55;0
СОЛЛЕРС;60;20170420;140000;595;595;592;592;32;0
СОЛЛЕРС;60;20170420;150000;594;594;594;594;6;0
СОЛЛЕРС;60;20170420;160000;595;595;595;595;3;0
СОЛЛЕРС;60;20170420;170000;595;595;595;595;1;0
СОЛЛЕРС;60;20170420;180000;595;595;595;595;1;0
СОЛЛЕРС;60;20170421;100000;593;593;593;593;1;0
СОЛЛЕРС;60;20170421;110000;596;596;588;588;14;0
СОЛЛЕРС;60;20170421;120000;589;589;589;589;2;0
СОЛЛЕРС;60;20170421;130000;590;590;590;590;4;0
СОЛЛЕРС;60;20170421;140000;590;590;588;588;57;0
СОЛЛЕРС;60;20170421;150000;589;589;579;583;158;0
СОЛЛЕРС;60;20170421;160000;583;583;573;573;173;0
СОЛЛЕРС;60;20170421;170000;575;588;575;583;808;0
СОЛЛЕРС;60;20170421;180000;579;580;573;573;142;0
СОЛЛЕРС;60;20170424;100000;578;584;575;583;39;0
СОЛЛЕРС;60;20170424;110000;581;582;581;582;30;0
СОЛЛЕРС;60;20170424;120000;579;579;579;579;3;0
СОЛЛЕРС;60;20170424;130000;578;578;578;578;5;0
СОЛЛЕРС;60;20170424;150000;580;580;580;580;1;0
СОЛЛЕРС;60;20170424;160000;580;580;580;580;1;0
СОЛЛЕРС;60;20170424;170000;579;583;577;582;82;0
СОЛЛЕРС;60;20170424;180000;583;586;582;586;53;0
СОЛЛЕРС;60;20170425;100000;591;591;589;590;7;0
СОЛЛЕРС;60;20170425;110000;590;591;590;591;8;0
СОЛЛЕРС;60;20170425;120000;590;590;590;590;1;0
СОЛЛЕРС;60;20170425;130000;590;590;590;590;13;0
СОЛЛЕРС;60;20170425;140000;590;590;590;590;4;0
СОЛЛЕРС;60;20170425;160000;589;589;589;589;6;0
СОЛЛЕРС;60;20170425;180000;589;590;588;588;8;0
СОЛЛЕРС;60;20170426;100000;587;587;586;586;4;0
СОЛЛЕРС;60;20170426;120000;586;586;585;585;4;0
СОЛЛЕРС;60;20170426;130000;588;588;588;588;3;0
СОЛЛЕРС;60;20170426;160000;587;588;586;586;27;0
СОЛЛЕРС;60;20170426;170000;586;587;586;587;17;0
СОЛЛЕРС;60;20170426;180000;587;589;585;589;15;0
СОЛЛЕРС;60;20170427;100000;587;587;587;587;1;0
СОЛЛЕРС;60;20170427;110000;586;586;586;586;2;0
СОЛЛЕРС;60;20170427;120000;586;586;586;586;2;0
СОЛЛЕРС;60;20170427;130000;586;586;586;586;52;0
СОЛЛЕРС;60;20170427;140000;586;586;586;586;6;0
СОЛЛЕРС;60;20170427;160000;586;586;586;586;65;0
СОЛЛЕРС;60;20170427;170000;586;586;586;586;9;0
СОЛЛЕРС;60;20170427;180000;586;586;586;586;1;0
СОЛЛЕРС;60;20170428;100000;577;589;577;589;2;0
СОЛЛЕРС;60;20170428;110000;590;590;562;567;209;0
СОЛЛЕРС;60;20170428;120000;571;577;569;575;260;0
СОЛЛЕРС;60;20170428;130000;576;576;573;573;983;0
СОЛЛЕРС;60;20170428;140000;571;571;570;570;30;0
СОЛЛЕРС;60;20170428;150000;570;572;570;571;85;0
СОЛЛЕРС;60;20170428;160000;571;575;571;571;155;0
СОЛЛЕРС;60;20170428;170000;574;578;574;577;20;0
СОЛЛЕРС;60;20170428;180000;576;576;575;575;4;0
СОЛЛЕРС;60;20170502;100000;580;580;578;580;6;0
СОЛЛЕРС;60;20170502;110000;580;580;574;574;60;0
СОЛЛЕРС;60;20170502;130000;573;575;572;575;15;0
СОЛЛЕРС;60;20170502;140000;575;575;575;575;29;0
СОЛЛЕРС;60;20170502;160000;573;575;573;575;10;0
СОЛЛЕРС;60;20170502;170000;572;572;572;572;1;0
СОЛЛЕРС;60;20170502;180000;572;572;572;572;7;0
СОЛЛЕРС;60;20170503;100000;576;576;573;573;47;0
СОЛЛЕРС;60;20170503;110000;574;575;573;573;27;0
СОЛЛЕРС;60;20170503;120000;571;571;570;570;12;0
СОЛЛЕРС;60;20170503;140000;570;570;570;570;1;0
СОЛЛЕРС;60;20170503;150000;573;573;570;570;14;0
СОЛЛЕРС;60;20170503;160000;569;569;565;565;27;0
СОЛЛЕРС;60;20170503;180000;565;568;565;565;20;0
СОЛЛЕРС;60;20170504;100000;566;566;558;561;83;0
СОЛЛЕРС;60;20170504;110000;561;564;561;564;3;0
СОЛЛЕРС;60;20170504;130000;563;563;561;563;10;0
СОЛЛЕРС;60;20170504;140000;562;562;561;561;6;0
СОЛЛЕРС;60;20170504;160000;562;562;561;562;17;0
СОЛЛЕРС;60;20170504;170000;562;562;558;558;31;0
СОЛЛЕРС;60;20170504;180000;558;558;555;558;19;0
СОЛЛЕРС;60;20170505;100000;555;555;540;545;215;0
СОЛЛЕРС;60;20170505;110000;548;548;542;545;82;0
СОЛЛЕРС;60;20170505;120000;545;549;545;549;304;0
СОЛЛЕРС;60;20170505;130000;550;551;550;551;9;0
СОЛЛЕРС;60;20170505;140000;552;552;552;552;3;0
СОЛЛЕРС;60;20170505;160000;552;552;551;551;3;0
СОЛЛЕРС;60;20170505;170000;552;553;551;551;6;0
СОЛЛЕРС;60;20170505;180000;551;554;550;554;118;0
СОЛЛЕРС;60;20170510;100000;552;552;552;552;3;0
СОЛЛЕРС;60;20170510;110000;550;550;550;550;2;0
СОЛЛЕРС;60;20170510;120000;548;553;548;553;17;0
СОЛЛЕРС;60;20170510;140000;553;554;553;554;7;0
СОЛЛЕРС;60;20170510;160000;553;553;551;551;13;0
СОЛЛЕРС;60;20170510;170000;554;555;554;555;41;0
СОЛЛЕРС;60;20170510;180000;555;562;553;562;29;0
СОЛЛЕРС;60;20170511;100000;556;559;554;555;11;0
СОЛЛЕРС;60;20170511;110000;559;559;559;559;24;0
СОЛЛЕРС;60;20170511;120000;559;559;556;556;21;0
СОЛЛЕРС;60;20170511;130000;555;557;555;557;32;0
СОЛЛЕРС;60;20170511;140000;557;557;557;557;3;0
СОЛЛЕРС;60;20170511;160000;555;555;555;555;1;0
СОЛЛЕРС;60;20170511;170000;555;555;555;555;1;0
СОЛЛЕРС;60;20170511;180000;555;556;555;555;12;0
СОЛЛЕРС;60;20170512;100000;555;555;552;552;13;0
СОЛЛЕРС;60;20170512;110000;555;556;553;553;13;0
СОЛЛЕРС;60;20170512;120000;555;555;555;555;1;0
СОЛЛЕРС;60;20170512;140000;553;553;553;553;9;0
СОЛЛЕРС;60;20170512;160000;552;552;549;549;20;0
СОЛЛЕРС;60;20170512;170000;548;550;547;550;16;0
СОЛЛЕРС;60;20170512;180000;547;547;547;547;1;0
СОЛЛЕРС;60;20170515;100000;547;547;547;547;3;0
СОЛЛЕРС;60;20170515;110000;546;546;542;544;25;0
СОЛЛЕРС;60;20170515;120000;542;543;540;541;19;0
СОЛЛЕРС;60;20170515;130000;543;543;540;540;21;0
СОЛЛЕРС;60;20170515;140000;540;540;540;540;3;0
СОЛЛЕРС;60;20170515;150000;539;539;535;539;27;0
СОЛЛЕРС;60;20170515;160000;537;537;534;534;41;0
СОЛЛЕРС;60;20170515;170000;536;538;531;531;389;0
СОЛЛЕРС;60;20170515;180000;533;533;531;531;8;0
СОЛЛЕРС;60;20170516;100000;535;535;531;531;25;0
СОЛЛЕРС;60;20170516;110000;533;534;533;534;18;0
СОЛЛЕРС;60;20170516;120000;532;532;532;532;2;0
СОЛЛЕРС;60;20170516;130000;534;538;534;538;690;0
СОЛЛЕРС;60;20170516;140000;538;539;538;539;7;0
СОЛЛЕРС;60;20170516;150000;539;539;538;538;3;0
СОЛЛЕРС;60;20170516;160000;539;541;539;541;5;0
СОЛЛЕРС;60;20170516;170000;542;542;542;542;2;0
СОЛЛЕРС;60;20170517;100000;540;540;540;540;3;0
СОЛЛЕРС;60;20170517;110000;540;542;540;542;12;0
СОЛЛЕРС;60;20170517;120000;542;550;542;550;44;0
СОЛЛЕРС;60;20170517;130000;549;550;549;549;52;0
СОЛЛЕРС;60;20170517;140000;550;550;546;546;24;0
СОЛЛЕРС;60;20170517;170000;548;548;548;548;1;0
СОЛЛЕРС;60;20170517;180000;546;550;546;550;3;0
СОЛЛЕРС;60;20170518;100000;550;550;550;550;1;0
СОЛЛЕРС;60;20170518;110000;549;549;545;545;21;0
СОЛЛЕРС;60;20170518;140000;544;544;544;544;1;0
СОЛЛЕРС;60;20170518;150000;537;537;527;528;95;0
СОЛЛЕРС;60;20170518;160000;528;530;528;528;14;0
СОЛЛЕРС;60;20170518;180000;529;529;527;527;6;0
СОЛЛЕРС;60;20170519;100000;534;536;533;533;11;0
СОЛЛЕРС;60;20170519;110000;531;533;531;533;9;0
СОЛЛЕРС;60;20170519;120000;530;530;530;530;1;0
СОЛЛЕРС;60;20170519;130000;531;531;531;531;2;0
СОЛЛЕРС;60;20170519;140000;531;531;531;531;2;0
СОЛЛЕРС;60;20170519;150000;530;530;527;527;5;0
СОЛЛЕРС;60;20170519;160000;527;528;527;528;2;0
СОЛЛЕРС;60;20170519;170000;528;528;528;528;11;0
СОЛЛЕРС;60;20170519;180000;526;526;526;526;2;0
СОЛЛЕРС;60;20170522;100000;530;533;530;530;9;0
СОЛЛЕРС;60;20170522;110000;526;526;526;526;4;0
СОЛЛЕРС;60;20170522;120000;524;525;523;525;17;0
СОЛЛЕРС;60;20170522;130000;525;525;525;525;3;0
СОЛЛЕРС;60;20170522;140000;525;525;523;523;14;0
СОЛЛЕРС;60;20170522;150000;523;523;523;523;1;0
СОЛЛЕРС;60;20170522;160000;523;526;523;526;21;0
СОЛЛЕРС;60;20170522;170000;527;527;527;527;2;0
СОЛЛЕРС;60;20170522;180000;526;526;526;526;1;0
СОЛЛЕРС;60;20170523;100000;534;534;525;526;27;0
СОЛЛЕРС;60;20170523;110000;524;526;523;525;15;0
СОЛЛЕРС;60;20170523;120000;526;526;525;525;5;0
СОЛЛЕРС;60;20170523;130000;524;524;522;522;4;0
СОЛЛЕРС;60;20170523;140000;522;523;518;523;25;0
СОЛЛЕРС;60;20170523;150000;521;521;517;517;26;0
СОЛЛЕРС;60;20170523;160000;520;520;520;520;1;0
СОЛЛЕРС;60;20170523;170000;520;521;520;521;7;0
СОЛЛЕРС;60;20170523;180000;522;522;518;521;13;0
СОЛЛЕРС;60;20170524;100000;527;527;527;527;1;0
СОЛЛЕРС;60;20170524;110000;525;527;522;522;7;0
СОЛЛЕРС;60;20170524;140000;523;524;522;522;6;0
СОЛЛЕРС;60;20170524;160000;522;522;522;522;1;0
СОЛЛЕРС;60;20170524;170000;521;523;521;523;3;0
СОЛЛЕРС;60;20170524;180000;521;521;520;520;6;0
СОЛЛЕРС;60;20170525;090000;570;570;570;570;20;0
СОЛЛЕРС;60;20170525;100000;542;542;520;520;22;0
СОЛЛЕРС;60;20170525;110000;520;522;520;522;7;0
СОЛЛЕРС;60;20170525;120000;520;520;520;520;3;0
СОЛЛЕРС;60;20170525;130000;519;519;513;513;35;0
СОЛЛЕРС;60;20170525;140000;513;513;512;512;4;0
СОЛЛЕРС;60;20170525;150000;514;516;514;516;12;0
СОЛЛЕРС;60;20170525;160000;514;514;514;514;5;0
СОЛЛЕРС;60;20170525;170000;514;514;514;514;7;0
СОЛЛЕРС;60;20170525;180000;514;515;512;513;31;0
СОЛЛЕРС;60;20170526;100000;509;527;500;500;267;0
СОЛЛЕРС;60;20170526;110000;498;503;492;500;203;0
СОЛЛЕРС;60;20170526;120000;501;506;498;505;95;0
СОЛЛЕРС;60;20170526;130000;506;516;506;516;201;0
СОЛЛЕРС;60;20170526;140000;515;515;515;515;3;0
СОЛЛЕРС;60;20170526;160000;515;516;515;515;88;0
СОЛЛЕРС;60;20170526;170000;516;516;516;516;1;0
СОЛЛЕРС;60;20170526;180000;516;516;509;513;300;0
СОЛЛЕРС;60;20170529;100000;510;510;494;500;37;0
СОЛЛЕРС;60;20170529;110000;500;500;500;500;1;0
СОЛЛЕРС;60;20170529;120000;502;503;501;503;53;0
СОЛЛЕРС;60;20170529;130000;502;509;502;509;47;0
СОЛЛЕРС;60;20170529;140000;509;511;507;511;24;0
СОЛЛЕРС;60;20170529;150000;511;515;511;511;35;0
СОЛЛЕРС;60;20170529;160000;510;512;510;512;3;0
СОЛЛЕРС;60;20170529;170000;512;515;511;511;13;0
СОЛЛЕРС;60;20170529;180000;511;514;511;514;19;0
СОЛЛЕРС;60;20170530;100000;514;514;507;510;17;0
СОЛЛЕРС;60;20170530;110000;514;514;510;510;2;0
СОЛЛЕРС;60;20170530;120000;510;510;510;510;1;0
СОЛЛЕРС;60;20170530;150000;511;511;510;510;4;0
СОЛЛЕРС;60;20170530;160000;510;510;509;509;26;0
СОЛЛЕРС;60;20170531;100000;510;510;487;500;126;0
СОЛЛЕРС;60;20170531;110000;504;504;500;503;19;0
СОЛЛЕРС;60;20170531;120000;500;500;497;500;26;0
СОЛЛЕРС;60;20170531;130000;500;502;500;502;28;0
СОЛЛЕРС;60;20170531;140000;501;505;498;505;52;0
СОЛЛЕРС;60;20170531;160000;506;506;505;505;9;0
СОЛЛЕРС;60;20170531;170000;505;505;504;504;2;0
СОЛЛЕРС;60;20170531;180000;503;503;503;503;2;0
СОЛЛЕРС;60;20170601;100000;508;508;508;508;2;0
СОЛЛЕРС;60;20170601;130000;515;528;507;510;117;0
СОЛЛЕРС;60;20170601;140000;516;519;507;519;92;0
СОЛЛЕРС;60;20170601;150000;519;519;506;519;147;0
СОЛЛЕРС;60;20170601;160000;519;523;516;523;14;0
СОЛЛЕРС;60;20170601;180000;520;520;520;520;6;0
СОЛЛЕРС;60;20170602;100000;516;516;514;515;17;0
СОЛЛЕРС;60;20170602;110000;517;520;516;516;26;0
СОЛЛЕРС;60;20170602;120000;522;522;522;522;9;0
СОЛЛЕРС;60;20170602;130000;518;518;518;518;1;0
СОЛЛЕРС;60;20170602;140000;522;546;520;541;201;0
СОЛЛЕРС;60;20170602;150000;541;541;538;539;28;0
СОЛЛЕРС;60;20170602;160000;537;550;530;550;210;0
СОЛЛЕРС;60;20170602;170000;546;546;536;537;27;0
СОЛЛЕРС;60;20170602;180000;541;552;541;551;97;0
СОЛЛЕРС;60;20170605;100000;542;542;541;542;3;0
СОЛЛЕРС;60;20170605;110000;541;546;541;546;19;0
СОЛЛЕРС;60;20170605;120000;546;546;545;545;26;0
СОЛЛЕРС;60;20170605;130000;545;545;542;542;6;0
СОЛЛЕРС;60;20170605;140000;541;541;538;540;895;0
СОЛЛЕРС;60;20170605;150000;540;541;540;540;268;0
СОЛЛЕРС;60;20170605;160000;537;537;537;537;2;0
СОЛЛЕРС;60;20170605;180000;535;535;535;535;1;0
СОЛЛЕРС;60;20170606;110000;529;531;529;531;5;0
СОЛЛЕРС;60;20170606;120000;530;530;523;523;20;0
СОЛЛЕРС;60;20170606;130000;525;533;525;533;17;0
СОЛЛЕРС;60;20170606;140000;530;530;530;530;1;0
СОЛЛЕРС;60;20170606;150000;527;533;527;533;12;0
СОЛЛЕРС;60;20170606;160000;533;533;533;533;10;0
СОЛЛЕРС;60;20170606;170000;527;536;527;536;9;0
СОЛЛЕРС;60;20170606;180000;537;540;527;539;15;0
СОЛЛЕРС;60;20170607;100000;538;538;538;538;1;0
СОЛЛЕРС;60;20170607;140000;536;536;536;536;1;0
СОЛЛЕРС;60;20170607;150000;529;529;529;529;1;0
СОЛЛЕРС;60;20170607;170000;535;535;535;535;1;0
СОЛЛЕРС;60;20170608;100000;526;534;525;527;34;0
СОЛЛЕРС;60;20170608;110000;524;533;523;533;5;0
СОЛЛЕРС;60;20170608;120000;534;546;534;546;42;0
СОЛЛЕРС;60;20170608;130000;548;548;538;538;5;0
СОЛЛЕРС;60;20170608;140000;538;538;538;538;2;0
СОЛЛЕРС;60;20170608;170000;539;542;539;542;7;0
СОЛЛЕРС;60;20170609;100000;537;545;534;545;3;0
СОЛЛЕРС;60;20170609;110000;537;540;534;540;9;0
СОЛЛЕРС;60;20170609;120000;540;545;540;545;28;0
СОЛЛЕРС;60;20170609;130000;546;552;546;552;33;0
СОЛЛЕРС;60;20170609;140000;547;552;537;552;147;0
СОЛЛЕРС;60;20170609;150000;548;548;548;548;2;0
СОЛЛЕРС;60;20170609;160000;548;548;548;548;1;0
СОЛЛЕРС;60;20170609;170000;550;551;550;551;5;0
СОЛЛЕРС;60;20170609;180000;547;547;546;546;12;0
СОЛЛЕРС;60;20170613;100000;533;540;523;537;92;0
СОЛЛЕРС;60;20170613;110000;539;539;528;531;68;0
СОЛЛЕРС;60;20170613;120000;532;538;532;538;59;0
СОЛЛЕРС;60;20170613;130000;537;541;537;540;42;0
СОЛЛЕРС;60;20170613;140000;540;543;540;543;33;0
СОЛЛЕРС;60;20170613;150000;542;542;542;542;1;0
СОЛЛЕРС;60;20170613;170000;541;541;539;540;39;0
СОЛЛЕРС;60;20170613;180000;539;539;539;539;1;0
СОЛЛЕРС;60;20170614;100000;535;535;535;535;6;0
СОЛЛЕРС;60;20170614;120000;535;535;535;535;3;0
СОЛЛЕРС;60;20170614;130000;537;538;537;538;12;0
СОЛЛЕРС;60;20170614;160000;536;536;525;535;80;0
СОЛЛЕРС;60;20170614;170000;536;552;536;550;184;0
СОЛЛЕРС;60;20170614;180000;550;550;546;548;146;0
СОЛЛЕРС;60;20170615;100000;548;548;545;545;16;0
СОЛЛЕРС;60;20170615;110000;541;545;541;545;3;0
СОЛЛЕРС;60;20170615;120000;542;547;526;546;320;0
СОЛЛЕРС;60;20170615;130000;542;542;542;542;4;0
СОЛЛЕРС;60;20170615;160000;544;555;544;545;94;0
СОЛЛЕРС;60;20170615;170000;546;546;546;546;1;0
СОЛЛЕРС;60;20170615;180000;544;544;544;544;2;0
СОЛЛЕРС;60;20170616;100000;548;550;548;550;7;0
СОЛЛЕРС;60;20170616;110000;548;548;544;545;3;0
СОЛЛЕРС;60;20170616;120000;548;548;548;548;1;0
СОЛЛЕРС;60;20170616;130000;550;550;545;545;6;0
СОЛЛЕРС;60;20170616;140000;549;549;548;548;7;0
СОЛЛЕРС;60;20170616;160000;546;552;546;550;114;0
СОЛЛЕРС;60;20170616;170000;550;551;549;550;100;0
СОЛЛЕРС;60;20170616;180000;546;551;546;550;78;0
СОЛЛЕРС;60;20170619;100000;541;551;541;551;4;0
СОЛЛЕРС;60;20170619;110000;550;564;539;559;78;0
СОЛЛЕРС;60;20170619;120000;559;559;555;555;7;0
СОЛЛЕРС;60;20170619;140000;556;556;555;555;32;0
СОЛЛЕРС;60;20170619;150000;553;553;553;553;1;0
СОЛЛЕРС;60;20170620;100000;548;561;548;561;16;0
СОЛЛЕРС;60;20170620;110000;560;560;560;560;24;0
СОЛЛЕРС;60;20170620;120000;556;556;553;555;33;0
СОЛЛЕРС;60;20170620;130000;558;559;558;559;4;0
СОЛЛЕРС;60;20170620;160000;557;560;557;559;64;0
СОЛЛЕРС;60;20170620;180000;560;560;560;560;5;0
СОЛЛЕРС;60;20170621;100000;551;551;548;548;3;0
СОЛЛЕРС;60;20170621;110000;558;560;558;560;2;0
СОЛЛЕРС;60;20170621;120000;557;557;557;557;1;0
СОЛЛЕРС;60;20170621;130000;560;566;560;566;78;0
СОЛЛЕРС;60;20170621;140000;565;565;565;565;3;0
СОЛЛЕРС;60;20170621;150000;565;565;565;565;4;0
СОЛЛЕРС;60;20170621;170000;565;565;565;565;14;0
СОЛЛЕРС;60;20170621;180000;563;563;563;563;1;0
СОЛЛЕРС;60;20170622;100000;560;565;560;565;9;0
СОЛЛЕРС;60;20170622;120000;565;570;565;570;51;0
СОЛЛЕРС;60;20170622;130000;570;570;561;561;44;0
СОЛЛЕРС;60;20170622;140000;562;564;559;564;39;0
СОЛЛЕРС;60;20170622;150000;567;568;567;568;5;0
СОЛЛЕРС;60;20170622;160000;567;582;567;582;203;0
СОЛЛЕРС;60;20170622;170000;580;580;574;574;3;0
СОЛЛЕРС;60;20170622;180000;578;579;578;579;5;0
СОЛЛЕРС;60;20170623;100000;577;584;570;583;49;0
СОЛЛЕРС;60;20170623;110000;584;585;584;585;25;0
СОЛЛЕРС;60;20170623;120000;581;585;580;585;26;0
СОЛЛЕРС;60;20170623;140000;584;588;584;588;59;0
СОЛЛЕРС;60;20170623;150000;588;588;588;588;6;0
СОЛЛЕРС;60;20170623;170000;584;584;580;580;8;0
СОЛЛЕРС;60;20170623;180000;581;587;581;587;27;0
СОЛЛЕРС;60;20170626;090000;587;587;587;587;43;0
СОЛЛЕРС;60;20170626;100000;581;594;581;591;24;0
СОЛЛЕРС;60;20170626;110000;587;587;587;587;1;0
СОЛЛЕРС;60;20170626;120000;588;588;588;588;1;0
СОЛЛЕРС;60;20170626;130000;588;590;588;590;5;0
СОЛЛЕРС;60;20170626;150000;586;590;586;590;7;0
СОЛЛЕРС;60;20170627;100000;588;588;570;571;56;0
СОЛЛЕРС;60;20170627;110000;576;583;503;583;465;0
СОЛЛЕРС;60;20170627;120000;585;585;575;576;93;0
СОЛЛЕРС;60;20170627;130000;576;576;576;576;101;0
СОЛЛЕРС;60;20170627;140000;576;576;576;576;1;0
СОЛЛЕРС;60;20170627;160000;576;576;576;576;1;0
СОЛЛЕРС;60;20170627;170000;578;592;578;592;114;0
СОЛЛЕРС;60;20170628;100000;584;584;580;584;19;0
СОЛЛЕРС;60;20170628;110000;580;591;580;591;57;0
СОЛЛЕРС;60;20170628;120000;590;590;590;590;6;0
СОЛЛЕРС;60;20170628;150000;585;591;583;591;202;0
СОЛЛЕРС;60;20170628;160000;592;592;592;592;18;0
СОЛЛЕРС;60;20170628;170000;593;593;586;592;23;0
СОЛЛЕРС;60;20170628;180000;588;592;580;592;182;0
СОЛЛЕРС;60;20170629;100000;592;592;592;592;1;0
СОЛЛЕРС;60;20170629;110000;590;591;590;591;6;0
СОЛЛЕРС;60;20170629;130000;589;589;587;587;5;0
СОЛЛЕРС;60;20170629;140000;587;590;587;590;71;0
СОЛЛЕРС;60;20170629;150000;586;587;581;585;44;0
СОЛЛЕРС;60;20170629;160000;586;589;586;589;15;0
СОЛЛЕРС;60;20170629;170000;587;587;586;586;6;0
СОЛЛЕРС;60;20170629;180000;586;590;585;590;54;0
СОЛЛЕРС;60;20170630;100000;589;589;589;589;1;0
СОЛЛЕРС;60;20170630;120000;582;582;582;582;2;0
СОЛЛЕРС;60;20170630;140000;581;581;581;581;1;0
СОЛЛЕРС;60;20170630;150000;583;584;578;578;24;0
СОЛЛЕРС;60;20170630;160000;584;584;584;584;12;0
СОЛЛЕРС;60;20170630;170000;585;597;585;595;73;0
СОЛЛЕРС;60;20170630;180000;595;595;587;587;42;0
СОЛЛЕРС;60;20170703;100000;591;591;580;580;60;0
СОЛЛЕРС;60;20170703;110000;573;573;570;573;10;0
СОЛЛЕРС;60;20170703;120000;568;568;565;565;9;0
СОЛЛЕРС;60;20170703;140000;569;569;569;569;1;0
СОЛЛЕРС;60;20170703;160000;574;574;574;574;1;0
СОЛЛЕРС;60;20170703;170000;571;571;571;571;1;0
СОЛЛЕРС;60;20170703;180000;569;569;560;560;44;0
СОЛЛЕРС;60;20170704;090000;557;557;557;557;2;0
СОЛЛЕРС;60;20170704;100000;561;565;559;565;19;0
СОЛЛЕРС;60;20170704;110000;560;560;550;554;71;0
СОЛЛЕРС;60;20170704;120000;552;556;552;556;6;0
СОЛЛЕРС;60;20170704;130000;556;558;556;558;28;0
СОЛЛЕРС;60;20170704;140000;559;559;559;559;1;0
СОЛЛЕРС;60;20170705;100000;558;559;558;559;5;0
СОЛЛЕРС;60;20170705;110000;552;553;552;553;3;0
СОЛЛЕРС;60;20170705;130000;556;557;556;557;2;0
СОЛЛЕРС;60;20170705;170000;556;556;556;556;3;0
СОЛЛЕРС;60;20170705;180000;557;558;557;558;10;0
СОЛЛЕРС;60;20170706;110000;560;560;560;560;7;0
СОЛЛЕРС;60;20170706;120000;560;560;560;560;15;0
СОЛЛЕРС;60;20170706;130000;560;560;560;560;19;0
СОЛЛЕРС;60;20170706;150000;561;561;561;561;1;0
СОЛЛЕРС;60;20170706;160000;561;562;560;561;5;0
СОЛЛЕРС;60;20170706;170000;560;560;560;560;17;0
СОЛЛЕРС;60;20170706;180000;560;560;560;560;2;0
СОЛЛЕРС;60;20170707;100000;554;554;551;551;5;0
СОЛЛЕРС;60;20170707;110000;553;553;550;550;12;0
СОЛЛЕРС;60;20170707;120000;549;549;547;547;16;0
СОЛЛЕРС;60;20170707;130000;546;548;542;548;39;0
СОЛЛЕРС;60;20170707;140000;548;548;548;548;1;0
СОЛЛЕРС;60;20170707;150000;546;546;544;544;2;0
СОЛЛЕРС;60;20170707;160000;544;564;544;560;122;0
СОЛЛЕРС;60;20170707;170000;554;554;551;551;24;0
СОЛЛЕРС;60;20170707;180000;550;550;546;550;39;0
СОЛЛЕРС;60;20170710;130000;544;544;505;530;318;0
СОЛЛЕРС;60;20170710;140000;530;535;530;535;50;0
СОЛЛЕРС;60;20170710;150000;535;536;535;536;27;0
СОЛЛЕРС;60;20170710;160000;537;537;537;537;1;0
СОЛЛЕРС;60;20170710;170000;539;539;539;539;5;0
СОЛЛЕРС;60;20170710;180000;538;539;537;537;41;0
СОЛЛЕРС;60;20170711;100000;539;546;539;540;17;0
СОЛЛЕРС;60;20170711;110000;542;542;540;540;103;0
СОЛЛЕРС;60;20170711;120000;535;535;535;535;21;0
СОЛЛЕРС;60;20170711;130000;538;542;535;536;20;0
СОЛЛЕРС;60;20170711;140000;537;539;537;539;23;0
СОЛЛЕРС;60;20170711;160000;537;537;530;530;68;0
СОЛЛЕРС;60;20170711;170000;532;635;528;539;766;0
СОЛЛЕРС;60;20170711;180000;539;539;534;537;105;0
СОЛЛЕРС;60;20170712;100000;533;533;532;532;23;0
СОЛЛЕРС;60;20170712;110000;536;546;536;544;98;0
СОЛЛЕРС;60;20170712;120000;544;544;544;544;3;0
СОЛЛЕРС;60;20170712;130000;543;545;543;545;16;0
СОЛЛЕРС;60;20170712;140000;547;550;546;550;16;0
СОЛЛЕРС;60;20170712;150000;549;549;543;543;47;0
СОЛЛЕРС;60;20170712;160000;547;547;547;547;2;0
СОЛЛЕРС;60;20170712;170000;546;548;545;546;30;0
СОЛЛЕРС;60;20170712;180000;547;549;547;549;10;0
СОЛЛЕРС;60;20170713;100000;546;546;545;545;5;0
СОЛЛЕРС;60;20170713;110000;546;552;545;552;15;0
СОЛЛЕРС;60;20170713;120000;544;544;543;543;10;0
СОЛЛЕРС;60;20170713;130000;541;541;541;541;1;0
СОЛЛЕРС;60;20170713;140000;542;565;542;550;131;0
СОЛЛЕРС;60;20170713;150000;549;549;545;545;46;0
СОЛЛЕРС;60;20170713;160000;546;546;544;546;37;0
СОЛЛЕРС;60;20170713;170000;545;545;545;545;4;0
СОЛЛЕРС;60;20170713;180000;542;550;541;550;34;0
СОЛЛЕРС;60;20170714;100000;540;540;540;540;3;0
СОЛЛЕРС;60;20170714;110000;544;545;544;545;3;0
СОЛЛЕРС;60;20170714;120000;545;545;544;544;4;0
СОЛЛЕРС;60;20170714;140000;545;545;543;543;5;0
СОЛЛЕРС;60;20170714;150000;541;541;541;541;1;0
СОЛЛЕРС;60;20170714;170000;545;545;544;544;52;0
СОЛЛЕРС;60;20170717;100000;543;543;528;535;59;0
СОЛЛЕРС;60;20170717;180000;535;535;530;535;53;0
СОЛЛЕРС;60;20170718;110000;530;533;530;533;2;0
СОЛЛЕРС;60;20170718;130000;535;535;535;535;5;0
СОЛЛЕРС;60;20170718;140000;535;535;535;535;1;0
СОЛЛЕРС;60;20170718;150000;533;533;530;530;96;0
СОЛЛЕРС;60;20170718;180000;536;536;536;536;4;0
СОЛЛЕРС;60;20170719;110000;536;537;536;537;34;0
СОЛЛЕРС;60;20170719;120000;538;538;538;538;2;0
СОЛЛЕРС;60;20170719;130000;539;539;539;539;1;0
СОЛЛЕРС;60;20170719;150000;544;544;541;541;2;0
СОЛЛЕРС;60;20170719;160000;545;545;545;545;17;0
СОЛЛЕРС;60;20170719;170000;546;553;546;553;44;0
СОЛЛЕРС;60;20170719;180000;553;553;549;549;19;0
СОЛЛЕРС;60;20170720;100000;555;557;555;556;36;0
СОЛЛЕРС;60;20170720;110000;552;555;552;555;14;0
СОЛЛЕРС;60;20170720;120000;557;564;553;561;68;0
СОЛЛЕРС;60;20170720;130000;560;563;558;559;56;0
СОЛЛЕРС;60;20170720;140000;559;561;555;560;37;0
СОЛЛЕРС;60;20170720;150000;556;559;555;559;23;0
СОЛЛЕРС;60;20170720;160000;556;561;555;560;71;0
СОЛЛЕРС;60;20170720;170000;559;564;559;564;83;0
СОЛЛЕРС;60;20170720;180000;564;573;564;573;131;0
СОЛЛЕРС;60;20170721;100000;577;579;575;577;13;0
СОЛЛЕРС;60;20170721;110000;577;578;577;578;30;0
СОЛЛЕРС;60;20170721;130000;574;574;570;570;27;0
СОЛЛЕРС;60;20170721;140000;569;569;566;567;7;0
СОЛЛЕРС;60;20170721;150000;567;570;566;570;3;0
СОЛЛЕРС;60;20170721;160000;569;569;568;569;4;0
СОЛЛЕРС;60;20170721;170000;568;568;568;568;1;0
СОЛЛЕРС;60;20170724;100000;566;575;566;568;31;0
СОЛЛЕРС;60;20170724;110000;572;581;572;579;14;0
СОЛЛЕРС;60;20170724;120000;574;574;573;573;5;0
СОЛЛЕРС;60;20170724;150000;573;573;573;573;1;0
СОЛЛЕРС;60;20170724;170000;573;573;573;573;1;0
СОЛЛЕРС;60;20170725;150000;566;566;561;561;83;0
СОЛЛЕРС;60;20170725;160000;561;561;560;560;3;0
СОЛЛЕРС;60;20170725;170000;558;558;548;550;213;0
СОЛЛЕРС;60;20170725;180000;550;553;548;553;27;0
СОЛЛЕРС;60;20170726;110000;550;550;537;540;146;0
СОЛЛЕРС;60;20170726;120000;540;540;537;537;14;0
СОЛЛЕРС;60;20170726;130000;537;537;537;537;1;0
СОЛЛЕРС;60;20170726;140000;539;541;539;541;217;0
СОЛЛЕРС;60;20170726;150000;540;540;540;540;2;0
СОЛЛЕРС;60;20170726;160000;539;540;539;540;31;0
СОЛЛЕРС;60;20170726;170000;540;540;540;540;4;0
СОЛЛЕРС;60;20170726;180000;539;539;538;538;27;0
СОЛЛЕРС;60;20170727;100000;538;538;537;538;28;0
СОЛЛЕРС;60;20170727;110000;538;540;538;538;60;0
СОЛЛЕРС;60;20170727;130000;538;538;537;537;18;0
СОЛЛЕРС;60;20170727;140000;537;537;537;537;1;0
СОЛЛЕРС;60;20170727;170000;537;537;537;537;1;0
СОЛЛЕРС;60;20170728;100000;537;537;537;537;1;0
СОЛЛЕРС;60;20170728;110000;538;549;538;549;60;0
СОЛЛЕРС;60;20170728;130000;542;545;542;545;3;0
СОЛЛЕРС;60;20170728;140000;542;546;542;546;2;0
СОЛЛЕРС;60;20170728;180000;541;544;541;544;18;0
СОЛЛЕРС;60;20170731;120000;540;540;535;535;49;0
СОЛЛЕРС;60;20170731;130000;535;536;535;536;16;0
СОЛЛЕРС;60;20170731;140000;536;536;535;535;17;0
СОЛЛЕРС;60;20170731;150000;535;535;530;531;174;0
СОЛЛЕРС;60;20170731;160000;531;532;531;532;5;0
СОЛЛЕРС;60;20170731;170000;534;534;534;534;3;0
СОЛЛЕРС;60;20170731;180000;533;534;523;525;203;0
СОЛЛЕРС;60;20170801;100000;531;531;527;530;58;0
СОЛЛЕРС;60;20170801;110000;527;530;517;526;99;0
СОЛЛЕРС;60;20170801;120000;530;530;525;525;177;0
СОЛЛЕРС;60;20170801;130000;529;530;528;528;14;0
СОЛЛЕРС;60;20170801;140000;529;529;529;529;5;0
СОЛЛЕРС;60;20170801;150000;530;530;530;530;2;0
СОЛЛЕРС;60;20170801;160000;529;530;529;530;2;0
СОЛЛЕРС;60;20170801;170000;530;530;527;527;132;0
СОЛЛЕРС;60;20170801;180000;526;526;526;526;37;0
СОЛЛЕРС;60;20170802;100000;530;544;521;529;50;0
СОЛЛЕРС;60;20170802;110000;532;532;529;529;6;0
СОЛЛЕРС;60;20170802;120000;528;528;527;528;12;0
СОЛЛЕРС;60;20170802;140000;530;530;530;530;5;0
СОЛЛЕРС;60;20170802;150000;530;530;530;530;1;0
СОЛЛЕРС;60;20170802;160000;530;530;528;529;54;0
СОЛЛЕРС;60;20170802;170000;530;530;528;529;23;0
СОЛЛЕРС;60;20170802;180000;529;530;528;528;26;0
СОЛЛЕРС;60;20170803;100000;528;528;528;528;3;0
СОЛЛЕРС;60;20170803;110000;527;527;522;526;28;0
СОЛЛЕРС;60;20170803;120000;524;525;524;524;11;0
СОЛЛЕРС;60;20170803;130000;524;527;523;524;29;0
СОЛЛЕРС;60;20170803;140000;523;524;523;523;8;0
СОЛЛЕРС;60;20170803;150000;523;527;523;527;19;0
СОЛЛЕРС;60;20170803;160000;525;526;523;524;14;0
СОЛЛЕРС;60;20170803;170000;523;525;523;523;19;0
СОЛЛЕРС;60;20170803;180000;523;525;521;524;23;0
СОЛЛЕРС;60;20170804;100000;523;523;523;523;1;0
СОЛЛЕРС;60;20170804;110000;524;524;524;524;4;0
СОЛЛЕРС;60;20170804;120000;522;522;522;522;5;0
СОЛЛЕРС;60;20170804;150000;524;525;524;525;3;0
СОЛЛЕРС;60;20170804;170000;526;526;526;526;2;0
СОЛЛЕРС;60;20170804;180000;525;526;525;526;5;0
СОЛЛЕРС;60;20170807;100000;527;531;525;531;46;0
СОЛЛЕРС;60;20170807;110000;528;535;528;531;28;0
СОЛЛЕРС;60;20170807;120000;531;532;531;531;14;0
СОЛЛЕРС;60;20170807;130000;531;532;531;532;8;0
СОЛЛЕРС;60;20170807;140000;532;532;531;531;8;0
СОЛЛЕРС;60;20170807;150000;532;532;531;531;10;0
СОЛЛЕРС;60;20170807;160000;531;532;530;530;23;0
СОЛЛЕРС;60;20170807;170000;530;531;529;529;16;0
СОЛЛЕРС;60;20170807;180000;529;530;528;530;12;0
СОЛЛЕРС;60;20170808;100000;534;534;534;534;2;0
СОЛЛЕРС;60;20170808;140000;530;532;530;532;20;0
СОЛЛЕРС;60;20170808;170000;533;533;533;533;4;0
СОЛЛЕРС;60;20170808;180000;533;538;533;537;11;0
СОЛЛЕРС;60;20170809;100000;537;537;532;532;14;0
СОЛЛЕРС;60;20170809;110000;529;532;528;532;11;0
СОЛЛЕРС;60;20170809;140000;530;530;527;527;8;0
СОЛЛЕРС;60;20170809;150000;528;528;524;526;38;0
СОЛЛЕРС;60;20170809;160000;525;526;524;526;24;0
СОЛЛЕРС;60;20170809;170000;526;526;523;523;62;0
СОЛЛЕРС;60;20170809;180000;522;538;520;535;160;0
СОЛЛЕРС;60;20170810;100000;532;533;532;533;2;0
СОЛЛЕРС;60;20170810;110000;532;532;528;530;47;0
СОЛЛЕРС;60;20170810;120000;531;534;528;528;121;0
СОЛЛЕРС;60;20170810;140000;529;530;529;529;7;0
СОЛЛЕРС;60;20170810;150000;529;529;529;529;5;0
СОЛЛЕРС;60;20170810;160000;529;529;529;529;7;0
СОЛЛЕРС;60;20170810;170000;529;529;527;527;29;0
СОЛЛЕРС;60;20170810;180000;527;527;527;527;4;0
СОЛЛЕРС;60;20170811;100000;531;534;526;526;7;0
СОЛЛЕРС;60;20170811;120000;529;529;529;529;1;0
СОЛЛЕРС;60;20170811;130000;527;527;527;527;2;0
СОЛЛЕРС;60;20170811;150000;527;527;527;527;5;0
СОЛЛЕРС;60;20170811;170000;524;524;524;524;2;0
СОЛЛЕРС;60;20170811;180000;526;526;526;526;1;0
СОЛЛЕРС;60;20170814;100000;527;531;525;531;110;0
СОЛЛЕРС;60;20170814;110000;526;526;520;520;108;0
СОЛЛЕРС;60;20170814;120000;524;524;522;522;11;0
СОЛЛЕРС;60;20170814;130000;522;525;522;525;15;0
СОЛЛЕРС;60;20170814;140000;525;525;525;525;2;0
СОЛЛЕРС;60;20170814;160000;525;525;524;525;6;0
СОЛЛЕРС;60;20170814;170000;524;526;522;522;66;0
СОЛЛЕРС;60;20170814;180000;523;523;523;523;4;0
СОЛЛЕРС;60;20170815;150000;522;524;522;524;4;0
СОЛЛЕРС;60;20170815;160000;522;522;520;520;34;0
СОЛЛЕРС;60;20170815;170000;521;523;520;520;42;0
СОЛЛЕРС;60;20170815;180000;520;523;519;523;46;0
СОЛЛЕРС;60;20170816;100000;526;527;526;527;18;0
СОЛЛЕРС;60;20170816;110000;523;523;523;523;4;0
СОЛЛЕРС;60;20170816;120000;523;527;523;527;208;0
СОЛЛЕРС;60;20170816;150000;527;527;524;525;65;0
СОЛЛЕРС;60;20170816;160000;525;525;525;525;1;0
СОЛЛЕРС;60;20170817;110000;527;527;524;524;2;0
СОЛЛЕРС;60;20170817;120000;525;525;525;525;1;0
СОЛЛЕРС;60;20170817;140000;526;526;526;526;2;0
СОЛЛЕРС;60;20170817;150000;527;527;527;527;2;0
СОЛЛЕРС;60;20170818;140000;524;526;521;526;11;0
СОЛЛЕРС;60;20170818;150000;526;527;526;527;3;0
СОЛЛЕРС;60;20170818;180000;527;527;523;523;22;0
СОЛЛЕРС;60;20170821;140000;529;529;529;529;2;0
СОЛЛЕРС;60;20170821;150000;528;528;528;528;5;0
СОЛЛЕРС;60;20170821;170000;528;528;527;527;6;0
СОЛЛЕРС;60;20170822;090000;525;525;525;525;3;0
СОЛЛЕРС;60;20170822;100000;525;537;518;530;80;0
СОЛЛЕРС;60;20170822;110000;528;528;528;528;1;0
СОЛЛЕРС;60;20170822;130000;528;528;520;520;19;0
СОЛЛЕРС;60;20170822;180000;524;524;524;524;1;0
СОЛЛЕРС;60;20170823;110000;523;523;520;520;16;0
СОЛЛЕРС;60;20170823;120000;523;523;522;522;2;0
СОЛЛЕРС;60;20170823;130000;525;525;525;525;1;0
СОЛЛЕРС;60;20170824;090000;525;525;525;525;1;0
СОЛЛЕРС;60;20170824;110000;523;523;523;523;4;0
СОЛЛЕРС;60;20170824;120000;524;524;523;523;5;0
СОЛЛЕРС;60;20170824;130000;523;524;522;524;23;0
СОЛЛЕРС;60;20170824;140000;523;525;523;525;8;0
СОЛЛЕРС;60;20170824;150000;525;527;525;527;24;0
СОЛЛЕРС;60;20170824;160000;525;529;525;527;26;0
СОЛЛЕРС;60;20170824;170000;526;526;526;526;1;0
СОЛЛЕРС;60;20170824;180000;527;528;519;526;139;0
СОЛЛЕРС;60;20170825;100000;528;530;528;530;3;0
СОЛЛЕРС;60;20170825;110000;529;530;529;530;6;0
СОЛЛЕРС;60;20170825;120000;527;527;523;526;6;0
СОЛЛЕРС;60;20170825;130000;524;524;520;520;13;0
СОЛЛЕРС;60;20170825;150000;522;522;522;522;1;0
СОЛЛЕРС;60;20170825;160000;524;527;522;525;44;0
СОЛЛЕРС;60;20170825;170000;525;530;525;527;41;0
СОЛЛЕРС;60;20170825;180000;529;530;529;529;11;0
СОЛЛЕРС;60;20170828;100000;528;530;524;530;18;0
СОЛЛЕРС;60;20170828;110000;530;530;528;528;34;0
СОЛЛЕРС;60;20170828;120000;525;531;525;528;24;0
СОЛЛЕРС;60;20170828;130000;528;533;518;520;352;0
СОЛЛЕРС;60;20170828;140000;520;520;518;520;292;0
СОЛЛЕРС;60;20170828;150000;519;520;519;520;4;0
СОЛЛЕРС;60;20170828;160000;522;523;519;519;30;0
СОЛЛЕРС;60;20170828;170000;521;523;521;523;11;0
СОЛЛЕРС;60;20170828;180000;521;521;521;521;4;0
СОЛЛЕРС;60;20170829;090000;528;528;528;528;22;0
СОЛЛЕРС;60;20170829;100000;526;528;524;528;73;0
СОЛЛЕРС;60;20170829;110000;527;528;526;528;5;0
СОЛЛЕРС;60;20170829;120000;528;531;528;528;31;0
СОЛЛЕРС;60;20170829;130000;530;530;528;528;2;0
СОЛЛЕРС;60;20170829;140000;528;533;528;533;29;0
СОЛЛЕРС;60;20170829;150000;530;531;530;531;2;0
СОЛЛЕРС;60;20170829;170000;530;530;528;528;11;0
СОЛЛЕРС;60;20170829;180000;530;531;528;531;38;0
СОЛЛЕРС;60;20170830;100000;532;538;532;538;21;0
СОЛЛЕРС;60;20170830;110000;537;543;535;538;146;0
СОЛЛЕРС;60;20170830;120000;538;540;532;536;123;0
СОЛЛЕРС;60;20170830;130000;535;535;535;535;8;0
СОЛЛЕРС;60;20170830;140000;534;536;534;535;9;0
СОЛЛЕРС;60;20170830;150000;534;536;534;535;22;0
СОЛЛЕРС;60;20170830;160000;535;535;535;535;6;0
СОЛЛЕРС;60;20170830;170000;534;539;534;538;51;0
СОЛЛЕРС;60;20170830;180000;538;540;536;536;53;0
СОЛЛЕРС;60;20170831;100000;530;547;530;534;154;0
СОЛЛЕРС;60;20170831;110000;536;540;534;535;231;0
СОЛЛЕРС;60;20170831;120000;534;534;533;533;15;0
СОЛЛЕРС;60;20170831;140000;535;535;535;535;4;0
СОЛЛЕРС;60;20170831;150000;535;540;535;537;55;0
СОЛЛЕРС;60;20170831;160000;538;538;538;538;1;0
СОЛЛЕРС;60;20170831;170000;539;539;539;539;5;0
СОЛЛЕРС;60;20170831;180000;539;540;538;539;59;0
СОЛЛЕРС;60;20170901;100000;539;539;539;539;1;0
СОЛЛЕРС;60;20170901;110000;542;542;540;540;4;0
СОЛЛЕРС;60;20170901;120000;541;541;541;541;1;0
СОЛЛЕРС;60;20170901;130000;540;540;539;540;18;0
СОЛЛЕРС;60;20170901;150000;538;538;538;538;2;0
СОЛЛЕРС;60;20170901;170000;537;540;537;540;10;0
СОЛЛЕРС;60;20170901;180000;540;540;539;540;13;0
СОЛЛЕРС;60;20170904;100000;550;570;531;554;156;0
СОЛЛЕРС;60;20170904;110000;552;562;540;541;126;0
СОЛЛЕРС;60;20170904;120000;542;544;542;544;7;0
СОЛЛЕРС;60;20170904;130000;541;541;540;540;8;0
СОЛЛЕРС;60;20170904;140000;543;545;543;545;7;0
СОЛЛЕРС;60;20170904;150000;545;546;542;542;16;0
СОЛЛЕРС;60;20170904;160000;542;542;542;542;2;0
СОЛЛЕРС;60;20170904;170000;542;542;542;542;1;0
СОЛЛЕРС;60;20170905;100000;545;545;543;543;2;0
СОЛЛЕРС;60;20170905;110000;541;546;540;546;17;0
СОЛЛЕРС;60;20170905;120000;547;549;542;542;31;0
СОЛЛЕРС;60;20170905;130000;544;547;544;547;12;0
СОЛЛЕРС;60;20170905;160000;544;544;544;544;2;0
СОЛЛЕРС;60;20170905;170000;544;544;544;544;2;0
СОЛЛЕРС;60;20170905;180000;544;545;541;545;32;0
СОЛЛЕРС;60;20170906;100000;540;542;539;542;27;0
СОЛЛЕРС;60;20170906;110000;542;542;538;538;125;0
СОЛЛЕРС;60;20170906;120000;539;539;527;527;164;0
СОЛЛЕРС;60;20170906;130000;528;530;528;530;20;0
СОЛЛЕРС;60;20170906;140000;530;533;528;533;74;0
СОЛЛЕРС;60;20170906;150000;534;536;527;527;29;0
СОЛЛЕРС;60;20170906;160000;530;531;527;531;18;0
СОЛЛЕРС;60;20170906;170000;530;539;530;534;32;0
СОЛЛЕРС;60;20170907;110000;540;540;532;532;9;0
СОЛЛЕРС;60;20170907;130000;537;537;537;537;1;0
СОЛЛЕРС;60;20170907;150000;535;535;533;533;10;0
СОЛЛЕРС;60;20170907;160000;536;536;536;536;1;0
СОЛЛЕРС;60;20170907;170000;536;536;529;529;52;0
СОЛЛЕРС;60;20170907;180000;529;529;526;529;15;0
СОЛЛЕРС;60;20170908;100000;528;531;528;531;5;0
СОЛЛЕРС;60;20170908;110000;530;535;530;533;31;0
СОЛЛЕРС;60;20170908;120000;531;533;531;533;2;0
СОЛЛЕРС;60;20170908;140000;532;532;518;523;145;0
СОЛЛЕРС;60;20170908;150000;525;530;525;530;170;0
СОЛЛЕРС;60;20170908;160000;530;532;529;532;411;0
СОЛЛЕРС;60;20170908;170000;532;532;528;529;14;0
СОЛЛЕРС;60;20170908;180000;529;529;529;529;1;0
СОЛЛЕРС;60;20170911;100000;528;532;526;526;18;0
СОЛЛЕРС;60;20170911;110000;527;530;527;530;10;0
СОЛЛЕРС;60;20170911;120000;529;530;529;530;25;0
СОЛЛЕРС;60;20170911;140000;529;529;529;529;60;0
СОЛЛЕРС;60;20170911;150000;528;528;519;520;366;0
СОЛЛЕРС;60;20170911;160000;520;520;520;520;299;0
СОЛЛЕРС;60;20170911;170000;520;520;519;520;57;0
СОЛЛЕРС;60;20170911;180000;520;520;518;520;80;0
СОЛЛЕРС;60;20170912;100000;516;519;511;518;54;0
СОЛЛЕРС;60;20170912;110000;517;517;513;514;197;0
СОЛЛЕРС;60;20170912;120000;515;515;515;515;16;0
СОЛЛЕРС;60;20170912;130000;514;515;514;515;31;0
СОЛЛЕРС;60;20170912;140000;515;515;515;515;28;0
СОЛЛЕРС;60;20170912;150000;515;515;514;515;83;0
СОЛЛЕРС;60;20170912;160000;515;515;514;515;140;0
СОЛЛЕРС;60;20170912;170000;515;517;515;517;76;0
СОЛЛЕРС;60;20170912;180000;519;519;516;516;28;0
СОЛЛЕРС;60;20170913;100000;520;520;516;516;3;0
СОЛЛЕРС;60;20170913;110000;517;517;517;517;1;0
СОЛЛЕРС;60;20170913;120000;517;517;517;517;6;0
СОЛЛЕРС;60;20170913;130000;518;520;517;520;16;0
СОЛЛЕРС;60;20170913;140000;518;525;515;521;157;0
СОЛЛЕРС;60;20170913;150000;521;523;521;523;4;0
СОЛЛЕРС;60;20170913;160000;521;522;520;522;9;0
СОЛЛЕРС;60;20170913;170000;520;521;514;517;308;0
СОЛЛЕРС;60;20170913;180000;519;519;519;519;1;0
СОЛЛЕРС;60;20170914;110000;522;522;515;518;42;0
СОЛЛЕРС;60;20170914;130000;516;516;515;515;30;0
СОЛЛЕРС;60;20170914;140000;515;520;515;517;226;0
СОЛЛЕРС;60;20170914;150000;517;517;516;516;50;0
СОЛЛЕРС;60;20170914;160000;516;516;515;515;43;0
СОЛЛЕРС;60;20170914;170000;516;520;516;519;14;0
СОЛЛЕРС;60;20170914;180000;517;518;517;517;6;0
СОЛЛЕРС;60;20170915;100000;521;522;519;519;7;0
СОЛЛЕРС;60;20170915;110000;516;516;513;513;92;0
СОЛЛЕРС;60;20170915;120000;512;514;512;514;58;0
СОЛЛЕРС;60;20170915;130000;513;514;513;514;20;0
СОЛЛЕРС;60;20170915;140000;515;515;515;515;22;0
СОЛЛЕРС;60;20170915;150000;515;517;515;515;148;0
СОЛЛЕРС;60;20170915;160000;516;517;514;517;18;0
СОЛЛЕРС;60;20170915;170000;516;517;514;516;27;0
СОЛЛЕРС;60;20170915;180000;517;517;514;515;17;0
СОЛЛЕРС;60;20170918;100000;518;518;515;515;27;0
СОЛЛЕРС;60;20170918;110000;515;521;514;521;30;0
СОЛЛЕРС;60;20170918;120000;521;522;520;520;73;0
СОЛЛЕРС;60;20170918;130000;520;525;520;520;237;0
СОЛЛЕРС;60;20170918;140000;520;531;520;531;147;0
СОЛЛЕРС;60;20170918;150000;530;531;525;525;55;0
СОЛЛЕРС;60;20170918;160000;527;528;525;527;14;0
СОЛЛЕРС;60;20170918;170000;526;530;524;530;75;0
СОЛЛЕРС;60;20170918;180000;530;530;527;529;29;0
СОЛЛЕРС;60;20170919;090000;529;529;529;529;5;0
СОЛЛЕРС;60;20170919;100000;533;542;532;540;234;0
СОЛЛЕРС;60;20170919;110000;541;542;540;540;107;0
СОЛЛЕРС;60;20170919;120000;540;546;540;545;225;0
СОЛЛЕРС;60;20170919;130000;543;543;541;541;19;0
СОЛЛЕРС;60;20170919;140000;543;543;540;540;50;0
СОЛЛЕРС;60;20170919;150000;540;540;534;539;294;0
СОЛЛЕРС;60;20170919;160000;537;537;537;537;1;0
СОЛЛЕРС;60;20170919;170000;537;540;537;538;37;0
СОЛЛЕРС;60;20170919;180000;537;537;535;537;20;0
СОЛЛЕРС;60;20170920;090000;532;532;532;532;1;0
СОЛЛЕРС;60;20170920;100000;539;550;535;536;204;0
СОЛЛЕРС;60;20170920;110000;537;547;535;547;66;0
СОЛЛЕРС;60;20170920;120000;543;550;540;548;223;0
СОЛЛЕРС;60;20170920;130000;550;550;544;546;92;0
СОЛЛЕРС;60;20170920;140000;546;547;545;545;3;0
СОЛЛЕРС;60;20170920;160000;545;545;543;543;17;0
СОЛЛЕРС;60;20170920;170000;543;543;543;543;1;0
СОЛЛЕРС;60;20170920;180000;542;542;542;542;1;0
СОЛЛЕРС;60;20170921;100000;542;548;541;542;20;0
СОЛЛЕРС;60;20170921;110000;541;541;540;540;328;0
СОЛЛЕРС;60;20170921;120000;542;542;542;542;2;0
СОЛЛЕРС;60;20170921;130000;540;543;540;543;23;0
СОЛЛЕРС;60;20170921;140000;541;541;540;540;67;0
СОЛЛЕРС;60;20170921;150000;540;541;540;541;8;0
СОЛЛЕРС;60;20170921;160000;541;541;540;540;13;0
СОЛЛЕРС;60;20170921;170000;540;541;540;541;2;0
СОЛЛЕРС;60;20170922;100000;540;545;539;541;73;0
СОЛЛЕРС;60;20170922;110000;543;544;543;544;2;0
СОЛЛЕРС;60;20170922;130000;541;541;540;541;98;0
СОЛЛЕРС;60;20170922;140000;541;541;541;541;1;0
СОЛЛЕРС;60;20170922;150000;540;540;540;540;7;0
СОЛЛЕРС;60;20170922;160000;540;541;540;540;4;0
СОЛЛЕРС;60;20170922;170000;541;541;540;540;43;0
СОЛЛЕРС;60;20170922;180000;541;541;541;541;1;0
СОЛЛЕРС;60;20170925;100000;540;542;538;538;6;0
СОЛЛЕРС;60;20170925;110000;539;541;539;541;43;0
СОЛЛЕРС;60;20170925;120000;542;545;542;545;15;0
СОЛЛЕРС;60;20170925;130000;546;548;546;547;40;0
СОЛЛЕРС;60;20170925;140000;548;558;547;555;346;0
СОЛЛЕРС;60;20170925;150000;554;556;553;555;23;0
СОЛЛЕРС;60;20170925;160000;555;555;553;555;55;0
СОЛЛЕРС;60;20170925;170000;555;562;555;562;185;0
СОЛЛЕРС;60;20170925;180000;561;562;560;561;45;0
СОЛЛЕРС;60;20170926;090000;560;560;560;560;1;0
СОЛЛЕРС;60;20170926;100000;559;570;559;568;236;0
СОЛЛЕРС;60;20170926;110000;568;574;567;572;1192;0
СОЛЛЕРС;60;20170926;120000;570;572;566;570;423;0
СОЛЛЕРС;60;20170926;130000;570;572;569;572;42;0
СОЛЛЕРС;60;20170926;140000;573;575;573;575;929;0
СОЛЛЕРС;60;20170926;150000;575;579;575;579;331;0
СОЛЛЕРС;60;20170926;160000;579;580;576;577;69;0
СОЛЛЕРС;60;20170926;170000;579;582;545;580;2062;0
СОЛЛЕРС;60;20170926;180000;580;582;576;576;101;0
СОЛЛЕРС;60;20170927;100000;580;581;575;575;16;0
СОЛЛЕРС;60;20170927;110000;576;585;575;583;176;0
СОЛЛЕРС;60;20170927;130000;581;582;580;580;31;0
СОЛЛЕРС;60;20170927;140000;579;579;573;574;39;0
СОЛЛЕРС;60;20170927;150000;574;585;571;580;202;0
СОЛЛЕРС;60;20170927;160000;578;578;573;577;30;0
СОЛЛЕРС;60;20170927;170000;575;575;573;574;5;0
СОЛЛЕРС;60;20170927;180000;573;574;569;573;40;0
СОЛЛЕРС;60;20170928;100000;573;573;572;572;2;0
СОЛЛЕРС;60;20170928;110000;569;570;569;570;6;0
СОЛЛЕРС;60;20170928;120000;570;571;570;571;17;0
СОЛЛЕРС;60;20170928;130000;571;571;570;570;4;0
СОЛЛЕРС;60;20170928;140000;570;574;570;574;114;0
СОЛЛЕРС;60;20170928;150000;572;580;572;580;109;0
СОЛЛЕРС;60;20170928;160000;577;579;577;577;12;0
СОЛЛЕРС;60;20170928;170000;579;579;579;579;6;0
СОЛЛЕРС;60;20170928;180000;579;579;579;579;1;0
СОЛЛЕРС;60;20170929;100000;577;577;577;577;1;0
СОЛЛЕРС;60;20170929;110000;577;577;575;575;14;0
СОЛЛЕРС;60;20170929;120000;574;574;574;574;2;0
СОЛЛЕРС;60;20170929;130000;574;579;574;576;15;0
СОЛЛЕРС;60;20170929;140000;578;578;578;578;1;0
СОЛЛЕРС;60;20170929;150000;578;578;578;578;1;0
СОЛЛЕРС;60;20170929;160000;579;579;579;579;2;0
СОЛЛЕРС;60;20170929;170000;579;598;574;580;377;0
СОЛЛЕРС;60;20170929;180000;579;579;573;573;37;0
СОЛЛЕРС;60;20171002;100000;574;575;560;561;104;0
СОЛЛЕРС;60;20171002;110000;565;565;561;561;13;0
СОЛЛЕРС;60;20171002;120000;563;571;563;571;152;0
СОЛЛЕРС;60;20171002;130000;569;573;567;570;1522;0
СОЛЛЕРС;60;20171002;140000;571;571;570;571;9;0
СОЛЛЕРС;60;20171002;150000;571;571;571;571;1;0
СОЛЛЕРС;60;20171002;160000;571;571;571;571;1;0
СОЛЛЕРС;60;20171002;170000;570;570;570;570;19;0
СОЛЛЕРС;60;20171002;180000;570;570;570;570;2;0
СОЛЛЕРС;60;20171003;100000;575;575;573;575;20;0
СОЛЛЕРС;60;20171003;110000;574;574;573;574;13;0
СОЛЛЕРС;60;20171003;120000;572;572;572;572;8;0
СОЛЛЕРС;60;20171003;130000;571;574;571;574;8;0
СОЛЛЕРС;60;20171003;140000;576;580;576;578;25;0
СОЛЛЕРС;60;20171003;150000;576;579;576;579;13;0
СОЛЛЕРС;60;20171003;160000;579;580;576;580;53;0
СОЛЛЕРС;60;20171003;170000;580;582;579;580;195;0
СОЛЛЕРС;60;20171003;180000;578;578;577;577;15;0
СОЛЛЕРС;60;20171004;100000;578;578;578;578;3;0
СОЛЛЕРС;60;20171004;110000;579;581;579;581;29;0
СОЛЛЕРС;60;20171004;120000;581;582;581;582;38;0
СОЛЛЕРС;60;20171004;130000;585;585;581;581;46;0
СОЛЛЕРС;60;20171004;150000;581;581;581;581;5;0
СОЛЛЕРС;60;20171004;160000;581;581;581;581;4;0
СОЛЛЕРС;60;20171004;180000;581;582;580;582;31;0
СОЛЛЕРС;60;20171005;100000;584;590;584;587;36;0
СОЛЛЕРС;60;20171005;110000;587;587;580;585;606;0
СОЛЛЕРС;60;20171005;120000;586;587;585;587;71;0
СОЛЛЕРС;60;20171005;130000;586;587;577;577;497;0
СОЛЛЕРС;60;20171005;140000;579;587;579;587;223;0
СОЛЛЕРС;60;20171005;150000;585;585;580;582;41;0
СОЛЛЕРС;60;20171005;160000;580;581;580;580;175;0
СОЛЛЕРС;60;20171005;170000;582;585;582;585;6;0
СОЛЛЕРС;60;20171005;180000;583;583;583;583;4;0
СОЛЛЕРС;60;20171006;100000;583;591;583;590;17;0
СОЛЛЕРС;60;20171006;110000;586;586;586;586;1;0
СОЛЛЕРС;60;20171006;120000;586;592;586;592;31;0
СОЛЛЕРС;60;20171006;130000;592;592;580;586;88;0
СОЛЛЕРС;60;20171006;140000;585;587;585;587;13;0
СОЛЛЕРС;60;20171006;150000;587;590;587;587;296;0
СОЛЛЕРС;60;20171006;160000;585;587;585;587;11;0
СОЛЛЕРС;60;20171006;170000;587;587;587;587;1;0
СОЛЛЕРС;60;20171006;180000;588;588;587;587;8;0
СОЛЛЕРС;60;20171009;100000;585;585;583;585;15;0
СОЛЛЕРС;60;20171009;110000;584;584;584;584;1;0
СОЛЛЕРС;60;20171009;120000;584;584;583;583;40;0
СОЛЛЕРС;60;20171009;130000;585;586;585;586;10;0
СОЛЛЕРС;60;20171009;140000;584;584;584;584;1;0
СОЛЛЕРС;60;20171009;150000;584;584;582;583;6;0
СОЛЛЕРС;60;20171009;160000;584;584;584;584;1;0
СОЛЛЕРС;60;20171009;170000;583;583;583;583;2;0
СОЛЛЕРС;60;20171009;180000;582;582;582;582;11;0
СОЛЛЕРС;60;20171010;100000;582;591;577;585;37;0
СОЛЛЕРС;60;20171010;110000;583;585;583;585;4;0
СОЛЛЕРС;60;20171010;120000;583;583;580;582;69;0
СОЛЛЕРС;60;20171010;130000;583;584;582;584;19;0
СОЛЛЕРС;60;20171010;140000;582;582;582;582;4;0
СОЛЛЕРС;60;20171010;150000;582;582;580;580;8;0
СОЛЛЕРС;60;20171010;160000;582;582;580;580;4;0
СОЛЛЕРС;60;20171010;170000;581;581;581;581;1;0
СОЛЛЕРС;60;20171010;180000;582;582;580;582;13;0
СОЛЛЕРС;60;20171011;100000;582;585;579;585;60;0
СОЛЛЕРС;60;20171011;110000;582;582;582;582;1;0
СОЛЛЕРС;60;20171011;120000;583;583;581;581;18;0
СОЛЛЕРС;60;20171011;130000;582;582;582;582;3;0
СОЛЛЕРС;60;20171011;140000;582;583;582;583;2;0
СОЛЛЕРС;60;20171011;150000;583;584;583;584;6;0
СОЛЛЕРС;60;20171011;160000;583;586;582;586;8;0
СОЛЛЕРС;60;20171011;180000;585;585;585;585;9;0
СОЛЛЕРС;60;20171012;090000;589;589;589;589;5;0
СОЛЛЕРС;60;20171012;100000;587;590;587;590;15;0
СОЛЛЕРС;60;20171012;110000;589;589;589;589;1;0
СОЛЛЕРС;60;20171012;120000;589;590;589;590;21;0
СОЛЛЕРС;60;20171012;130000;590;590;587;587;7;0
СОЛЛЕРС;60;20171012;160000;586;586;583;583;21;0
СОЛЛЕРС;60;20171013;100000;586;591;584;584;217;0
СОЛЛЕРС;60;20171013;110000;585;585;584;584;6;0
СОЛЛЕРС;60;20171013;120000;586;586;583;584;17;0
СОЛЛЕРС;60;20171013;130000;583;585;580;584;57;0
СОЛЛЕРС;60;20171013;140000;585;585;585;585;19;0
СОЛЛЕРС;60;20171013;150000;586;586;585;586;53;0
СОЛЛЕРС;60;20171013;160000;587;588;587;588;17;0
СОЛЛЕРС;60;20171013;170000;588;588;586;586;28;0
СОЛЛЕРС;60;20171013;180000;587;590;586;590;107;0
СОЛЛЕРС;60;20171016;100000;586;586;586;586;2;0
СОЛЛЕРС;60;20171016;110000;585;585;585;585;1;0
СОЛЛЕРС;60;20171016;120000;589;590;589;590;6;0
СОЛЛЕРС;60;20171016;140000;587;588;586;588;13;0
СОЛЛЕРС;60;20171016;150000;589;589;589;589;2;0
СОЛЛЕРС;60;20171016;160000;586;588;586;586;21;0
СОЛЛЕРС;60;20171016;170000;585;588;585;586;17;0
СОЛЛЕРС;60;20171016;180000;588;588;585;585;9;0
СОЛЛЕРС;60;20171017;100000;587;587;586;586;5;0
СОЛЛЕРС;60;20171017;110000;586;586;585;585;30;0
СОЛЛЕРС;60;20171017;120000;586;587;581;587;116;0
СОЛЛЕРС;60;20171017;130000;587;589;585;589;68;0
СОЛЛЕРС;60;20171017;140000;585;587;585;587;24;0
СОЛЛЕРС;60;20171017;170000;585;587;580;587;205;0
СОЛЛЕРС;60;20171017;180000;585;585;585;585;1;0
СОЛЛЕРС;60;20171018;100000;587;587;587;587;1;0
СОЛЛЕРС;60;20171018;110000;588;588;585;588;38;0
СОЛЛЕРС;60;20171018;120000;588;588;588;588;3;0
СОЛЛЕРС;60;20171018;130000;586;586;585;585;20;0
СОЛЛЕРС;60;20171018;140000;586;586;586;586;1;0
СОЛЛЕРС;60;20171018;150000;588;588;586;586;12;0
СОЛЛЕРС;60;20171018;160000;589;593;589;590;85;0
СОЛЛЕРС;60;20171018;170000;588;588;586;586;40;0
СОЛЛЕРС;60;20171018;180000;588;588;586;586;2;0
СОЛЛЕРС;60;20171019;100000;586;586;586;586;2;0
СОЛЛЕРС;60;20171019;110000;586;586;586;586;2;0
СОЛЛЕРС;60;20171019;120000;586;586;586;586;1;0
СОЛЛЕРС;60;20171019;140000;586;586;586;586;47;0
СОЛЛЕРС;60;20171019;150000;586;587;586;586;33;0
СОЛЛЕРС;60;20171019;170000;586;586;586;586;1;0
СОЛЛЕРС;60;20171019;180000;587;587;585;585;51;0
СОЛЛЕРС;60;20171020;100000;584;590;576;590;80;0
СОЛЛЕРС;60;20171020;110000;590;590;585;585;16;0
СОЛЛЕРС;60;20171020;120000;589;604;588;588;317;0
СОЛЛЕРС;60;20171020;130000;590;591;590;591;2;0
СОЛЛЕРС;60;20171020;140000;588;588;587;587;2;0
СОЛЛЕРС;60;20171020;150000;589;602;589;601;1053;0
СОЛЛЕРС;60;20171020;160000;601;601;600;601;79;0
СОЛЛЕРС;60;20171020;170000;601;606;601;605;101;0
СОЛЛЕРС;60;20171020;180000;606;610;601;609;153;0
СОЛЛЕРС;60;20171023;100000;613;616;609;609;65;0
СОЛЛЕРС;60;20171023;110000;609;620;600;608;250;0
СОЛЛЕРС;60;20171023;120000;604;605;603;605;19;0
СОЛЛЕРС;60;20171023;130000;604;604;602;602;20;0
СОЛЛЕРС;60;20171023;140000;602;604;602;604;8;0
СОЛЛЕРС;60;20171023;150000;602;602;598;598;108;0
СОЛЛЕРС;60;20171023;160000;599;604;598;604;123;0
СОЛЛЕРС;60;20171023;170000;602;603;602;603;2;0
СОЛЛЕРС;60;20171023;180000;602;610;602;610;73;0
СОЛЛЕРС;60;20171024;100000;608;609;599;609;75;0
СОЛЛЕРС;60;20171024;110000;608;610;604;604;19;0
СОЛЛЕРС;60;20171024;120000;608;608;608;608;2;0
СОЛЛЕРС;60;20171024;130000;605;608;605;608;3;0
СОЛЛЕРС;60;20171024;150000;605;606;600;600;51;0
СОЛЛЕРС;60;20171024;160000;599;604;599;604;6;0
СОЛЛЕРС;60;20171024;170000;601;605;600;605;248;0
СОЛЛЕРС;60;20171024;180000;603;609;603;609;120;0
СОЛЛЕРС;60;20171025;100000;609;609;609;609;1;0
СОЛЛЕРС;60;20171025;130000;606;606;600;600;26;0
СОЛЛЕРС;60;20171025;140000;600;609;591;604;90;0
СОЛЛЕРС;60;20171025;150000;605;605;605;605;1;0
СОЛЛЕРС;60;20171025;160000;604;605;604;605;192;0
СОЛЛЕРС;60;20171025;170000;602;606;595;606;68;0
СОЛЛЕРС;60;20171025;180000;606;609;603;608;41;0
СОЛЛЕРС;60;20171026;100000;603;606;603;606;7;0
СОЛЛЕРС;60;20171026;120000;606;606;606;606;4;0
СОЛЛЕРС;60;20171026;130000;605;605;600;600;4;0
СОЛЛЕРС;60;20171026;140000;602;602;602;602;1;0
СОЛЛЕРС;60;20171026;150000;602;606;602;606;9;0
СОЛЛЕРС;60;20171026;160000;605;608;605;608;65;0
СОЛЛЕРС;60;20171026;170000;606;606;606;606;1;0
СОЛЛЕРС;60;20171026;180000;604;604;600;600;865;0
СОЛЛЕРС;60;20171027;110000;601;601;601;601;5;0
СОЛЛЕРС;60;20171027;130000;602;602;602;602;23;0
СОЛЛЕРС;60;20171027;150000;602;607;602;607;103;0
СОЛЛЕРС;60;20171027;160000;606;606;606;606;10;0
СОЛЛЕРС;60;20171027;170000;606;606;606;606;16;0
СОЛЛЕРС;60;20171027;180000;607;612;606;607;121;0
СОЛЛЕРС;60;20171030;100000;608;608;608;608;1;0
СОЛЛЕРС;60;20171030;110000;606;606;603;603;4;0
СОЛЛЕРС;60;20171030;120000;603;610;601;609;126;0
СОЛЛЕРС;60;20171030;130000;610;612;610;610;32;0
СОЛЛЕРС;60;20171030;150000;608;608;597;605;139;0
СОЛЛЕРС;60;20171030;160000;605;605;602;602;15;0
СОЛЛЕРС;60;20171030;170000;607;610;607;610;38;0
СОЛЛЕРС;60;20171030;180000;610;610;610;610;5;0
СОЛЛЕРС;60;20171031;100000;603;611;600;611;11;0
СОЛЛЕРС;60;20171031;150000;609;609;609;609;1;0
СОЛЛЕРС;60;20171031;160000;611;615;611;615;107;0
СОЛЛЕРС;60;20171031;170000;615;616;614;615;16;0
СОЛЛЕРС;60;20171031;180000;615;617;615;617;63;0
СОЛЛЕРС;60;20171101;100000;614;616;613;616;3;0
СОЛЛЕРС;60;20171101;120000;615;615;613;613;4;0
СОЛЛЕРС;60;20171101;130000;612;614;611;614;25;0
СОЛЛЕРС;60;20171101;140000;614;615;614;615;25;0
СОЛЛЕРС;60;20171101;150000;614;617;613;616;69;0
СОЛЛЕРС;60;20171101;160000;617;617;616;616;8;0
СОЛЛЕРС;60;20171101;180000;614;614;614;614;1;0
СОЛЛЕРС;60;20171102;110000;614;620;613;613;66;0
СОЛЛЕРС;60;20171102;120000;612;612;608;608;25;0
СОЛЛЕРС;60;20171102;130000;610;614;610;610;20;0
СОЛЛЕРС;60;20171102;140000;612;612;610;610;23;0
СОЛЛЕРС;60;20171102;150000;613;614;613;614;12;0
СОЛЛЕРС;60;20171102;170000;612;612;612;612;1;0
СОЛЛЕРС;60;20171102;180000;612;612;605;608;213;0
СОЛЛЕРС;60;20171103;100000;610;610;610;610;1;0
СОЛЛЕРС;60;20171103;110000;607;607;605;605;13;0
СОЛЛЕРС;60;20171103;130000;604;614;603;611;52;0
СОЛЛЕРС;60;20171103;140000;606;606;604;604;15;0
СОЛЛЕРС;60;20171103;150000;606;606;606;606;1;0
СОЛЛЕРС;60;20171103;170000;607;622;607;622;141;0
СОЛЛЕРС;60;20171103;180000;622;636;620;629;216;0
СОЛЛЕРС;60;20171107;100000;630;631;630;630;54;0
СОЛЛЕРС;60;20171107;110000;630;631;630;630;57;0
СОЛЛЕРС;60;20171107;120000;630;631;630;631;20;0
СОЛЛЕРС;60;20171107;130000;630;630;630;630;10;0
СОЛЛЕРС;60;20171107;140000;630;637;630;635;118;0
СОЛЛЕРС;60;20171107;150000;635;637;635;635;21;0
СОЛЛЕРС;60;20171107;160000;636;637;632;637;28;0
СОЛЛЕРС;60;20171107;170000;635;637;635;637;4;0
СОЛЛЕРС;60;20171107;180000;637;644;635;644;125;0
СОЛЛЕРС;60;20171108;100000;647;649;646;649;18;0
СОЛЛЕРС;60;20171108;110000;646;646;645;645;83;0
СОЛЛЕРС;60;20171108;120000;645;645;645;645;40;0
СОЛЛЕРС;60;20171108;130000;642;642;641;641;7;0
СОЛЛЕРС;60;20171108;140000;641;641;641;641;9;0
СОЛЛЕРС;60;20171108;150000;641;641;640;640;78;0
СОЛЛЕРС;60;20171108;160000;640;645;640;645;58;0
СОЛЛЕРС;60;20171108;180000;639;639;633;635;55;0
СОЛЛЕРС;60;20171109;110000;640;640;640;640;2;0
СОЛЛЕРС;60;20171109;120000;638;638;636;637;8;0
СОЛЛЕРС;60;20171109;130000;636;639;635;639;68;0
СОЛЛЕРС;60;20171109;150000;638;638;637;637;9;0
СОЛЛЕРС;60;20171109;170000;637;637;637;637;1;0
СОЛЛЕРС;60;20171109;180000;639;648;635;648;534;0
СОЛЛЕРС;60;20171110;100000;642;670;641;643;209;0
СОЛЛЕРС;60;20171110;110000;648;648;646;648;11;0
СОЛЛЕРС;60;20171110;120000;641;641;640;641;3;0
СОЛЛЕРС;60;20171110;130000;639;639;636;636;30;0
СОЛЛЕРС;60;20171110;140000;636;638;636;637;4;0
СОЛЛЕРС;60;20171110;150000;638;638;638;638;1;0
СОЛЛЕРС;60;20171110;180000;636;640;636;640;10;0
СОЛЛЕРС;60;20171113;100000;637;637;615;625;53;0
СОЛЛЕРС;60;20171113;110000;626;626;623;623;4;0
СОЛЛЕРС;60;20171113;120000;625;625;623;623;7;0
СОЛЛЕРС;60;20171113;130000;623;623;621;622;4;0
СОЛЛЕРС;60;20171113;140000;621;621;618;618;11;0
СОЛЛЕРС;60;20171113;150000;622;630;622;630;90;0
СОЛЛЕРС;60;20171113;160000;625;627;623;627;6;0
СОЛЛЕРС;60;20171113;170000;628;630;628;630;8;0
СОЛЛЕРС;60;20171113;180000;630;641;630;640;33;0
СОЛЛЕРС;60;20171114;110000;637;637;628;631;12;0
СОЛЛЕРС;60;20171114;120000;630;630;626;626;10;0
СОЛЛЕРС;60;20171114;130000;626;626;626;626;1;0
СОЛЛЕРС;60;20171114;140000;626;626;624;624;10;0
СОЛЛЕРС;60;20171114;150000;624;624;623;623;4;0
СОЛЛЕРС;60;20171114;160000;623;623;623;623;1;0
СОЛЛЕРС;60;20171114;180000;622;622;619;622;7;0
СОЛЛЕРС;60;20171115;100000;623;623;606;610;45;0
СОЛЛЕРС;60;20171115;110000;607;607;604;605;8;0
СОЛЛЕРС;60;20171115;120000;605;605;597;600;62;0
СОЛЛЕРС;60;20171115;130000;601;601;601;601;1;0
СОЛЛЕРС;60;20171115;140000;601;601;601;601;1;0
СОЛЛЕРС;60;20171115;160000;601;601;599;599;10;0
СОЛЛЕРС;60;20171115;180000;598;598;598;598;22;0
СОЛЛЕРС;60;20171116;110000;596;596;592;592;11;0
СОЛЛЕРС;60;20171116;120000;591;593;590;593;71;0
СОЛЛЕРС;60;20171116;130000;593;593;592;592;19;0
СОЛЛЕРС;60;20171116;140000;592;592;592;592;15;0
СОЛЛЕРС;60;20171116;150000;592;592;592;592;3;0
СОЛЛЕРС;60;20171116;160000;592;592;592;592;13;0
СОЛЛЕРС;60;20171116;170000;593;593;593;593;1;0
СОЛЛЕРС;60;20171116;180000;592;594;592;594;20;0
СОЛЛЕРС;60;20171117;100000;599;599;599;599;1;0
СОЛЛЕРС;60;20171117;110000;594;594;593;593;15;0
СОЛЛЕРС;60;20171117;160000;591;591;591;591;1;0
СОЛЛЕРС;60;20171117;170000;592;593;587;587;11;0
СОЛЛЕРС;60;20171117;180000;590;590;589;589;2;0
СОЛЛЕРС;60;20171120;120000;590;590;590;590;1;0
СОЛЛЕРС;60;20171120;130000;589;589;589;589;2;0
СОЛЛЕРС;60;20171120;150000;589;589;589;589;1;0
СОЛЛЕРС;60;20171120;160000;592;592;592;592;1;0
СОЛЛЕРС;60;20171120;170000;591;592;591;592;7;0
СОЛЛЕРС;60;20171120;180000;590;590;590;590;1;0
СОЛЛЕРС;60;20171121;110000;596;596;596;596;2;0
СОЛЛЕРС;60;20171121;130000;599;604;597;597;7;0
СОЛЛЕРС;60;20171121;140000;600;604;600;600;7;0
СОЛЛЕРС;60;20171121;150000;604;605;604;605;3;0
СОЛЛЕРС;60;20171121;160000;602;604;602;604;2;0
СОЛЛЕРС;60;20171121;170000;601;601;600;600;6;0
СОЛЛЕРС;60;20171121;180000;600;600;600;600;6;0
СОЛЛЕРС;60;20171122;120000;599;603;599;599;13;0
СОЛЛЕРС;60;20171122;130000;599;599;599;599;2;0
СОЛЛЕРС;60;20171122;140000;602;602;598;598;3;0
СОЛЛЕРС;60;20171122;150000;599;600;599;600;7;0
СОЛЛЕРС;60;20171122;170000;598;601;598;601;33;0
СОЛЛЕРС;60;20171122;180000;602;604;602;604;22;0
СОЛЛЕРС;60;20171123;110000;603;603;603;603;7;0
СОЛЛЕРС;60;20171123;140000;602;602;601;601;5;0
СОЛЛЕРС;60;20171123;150000;600;600;591;597;22;0
СОЛЛЕРС;60;20171123;160000;597;601;597;597;91;0
СОЛЛЕРС;60;20171123;170000;597;600;597;600;34;0
СОЛЛЕРС;60;20171124;100000;605;605;602;602;3;0
СОЛЛЕРС;60;20171124;120000;601;601;598;598;3;0
СОЛЛЕРС;60;20171124;130000;597;600;597;600;14;0
СОЛЛЕРС;60;20171124;140000;600;606;599;606;58;0
СОЛЛЕРС;60;20171124;160000;602;602;602;602;1;0
СОЛЛЕРС;60;20171124;170000;602;602;600;600;32;0
СОЛЛЕРС;60;20171124;180000;604;605;600;600;13;0
СОЛЛЕРС;60;20171127;110000;605;609;603;609;16;0
СОЛЛЕРС;60;20171127;120000;609;614;608;608;6;0
СОЛЛЕРС;60;20171127;130000;607;607;607;607;2;0
СОЛЛЕРС;60;20171127;140000;608;608;608;608;10;0
СОЛЛЕРС;60;20171127;150000;607;608;607;608;3;0
СОЛЛЕРС;60;20171127;160000;607;607;606;606;5;0
СОЛЛЕРС;60;20171127;170000;605;605;600;601;69;0
СОЛЛЕРС;60;20171127;180000;601;601;601;601;1;0
СОЛЛЕРС;60;20171128;110000;600;600;600;600;14;0
СОЛЛЕРС;60;20171128;130000;601;601;600;600;57;0
СОЛЛЕРС;60;20171128;140000;601;601;600;600;280;0
СОЛЛЕРС;60;20171128;150000;601;604;600;600;42;0
СОЛЛЕРС;60;20171128;160000;600;603;600;603;15;0
СОЛЛЕРС;60;20171128;170000;602;602;602;602;1;0
СОЛЛЕРС;60;20171128;180000;601;604;600;604;33;0
СОЛЛЕРС;60;20171129;110000;600;601;600;600;121;0
СОЛЛЕРС;60;20171129;120000;600;600;600;600;94;0
СОЛЛЕРС;60;20171129;130000;600;600;600;600;48;0
СОЛЛЕРС;60;20171129;140000;600;600;600;600;41;0
СОЛЛЕРС;60;20171129;180000;600;600;590;590;165;0
СОЛЛЕРС;60;20171130;100000;600;600;600;600;550;0
СОЛЛЕРС;60;20171130;110000;600;601;600;601;3;0
СОЛЛЕРС;60;20171130;130000;603;604;601;601;12;0
СОЛЛЕРС;60;20171130;140000;601;601;600;600;58;0
СОЛЛЕРС;60;20171130;150000;600;600;600;600;97;0
СОЛЛЕРС;60;20171130;160000;602;602;600;600;6;0
СОЛЛЕРС;60;20171130;170000;600;600;600;600;1;0
СОЛЛЕРС;60;20171130;180000;603;604;600;600;10;0
СОЛЛЕРС;60;20171201;100000;603;613;603;613;3;0
СОЛЛЕРС;60;20171201;110000;607;607;607;607;1;0
СОЛЛЕРС;60;20171201;120000;605;613;605;613;30;0
СОЛЛЕРС;60;20171201;130000;609;612;608;608;98;0
СОЛЛЕРС;60;20171201;140000;607;610;607;610;3;0
СОЛЛЕРС;60;20171201;160000;609;609;609;609;1;0
СОЛЛЕРС;60;20171201;170000;609;609;607;607;6;0
СОЛЛЕРС;60;20171201;180000;607;607;607;607;2;0
СОЛЛЕРС;60;20171204;100000;607;607;607;607;2;0
СОЛЛЕРС;60;20171204;120000;602;602;601;601;10;0
СОЛЛЕРС;60;20171204;130000;604;604;603;603;12;0
СОЛЛЕРС;60;20171204;160000;604;604;604;604;4;0
СОЛЛЕРС;60;20171204;170000;602;604;600;603;35;0
СОЛЛЕРС;60;20171204;180000;601;601;600;601;8;0
СОЛЛЕРС;60;20171205;100000;602;602;602;602;1;0
СОЛЛЕРС;60;20171205;110000;608;628;603;614;60;0
СОЛЛЕРС;60;20171205;120000;612;612;609;609;5;0
СОЛЛЕРС;60;20171205;140000;606;606;600;600;209;0
СОЛЛЕРС;60;20171206;100000;599;600;599;600;3;0
СОЛЛЕРС;60;20171206;110000;595;601;595;600;11;0
СОЛЛЕРС;60;20171206;120000;601;601;601;601;1;0
СОЛЛЕРС;60;20171206;130000;601;601;601;601;1;0
СОЛЛЕРС;60;20171206;150000;601;601;600;600;19;0
СОЛЛЕРС;60;20171206;170000;600;600;600;600;8;0
СОЛЛЕРС;60;20171206;180000;600;600;600;600;4;0
СОЛЛЕРС;60;20171207;100000;597;603;594;601;31;0
СОЛЛЕРС;60;20171207;130000;601;602;601;602;9;0
СОЛЛЕРС;60;20171207;140000;601;601;601;601;23;0
СОЛЛЕРС;60;20171207;160000;601;601;600;600;70;0
СОЛЛЕРС;60;20171207;170000;600;600;600;600;29;0
СОЛЛЕРС;60;20171208;110000;599;599;595;595;12;0
СОЛЛЕРС;60;20171208;120000;601;601;600;600;9;0
СОЛЛЕРС;60;20171208;130000;602;603;602;603;4;0
СОЛЛЕРС;60;20171208;170000;600;600;600;600;2;0
СОЛЛЕРС;60;20171211;100000;613;620;613;614;52;0
СОЛЛЕРС;60;20171211;110000;610;610;610;610;2;0
СОЛЛЕРС;60;20171211;130000;611;611;610;610;69;0
СОЛЛЕРС;60;20171211;140000;611;611;611;611;2;0
СОЛЛЕРС;60;20171211;160000;611;612;610;612;10;0
СОЛЛЕРС;60;20171211;170000;610;612;610;612;3;0
СОЛЛЕРС;60;20171211;180000;610;632;610;632;299;0
СОЛЛЕРС;60;20171212;100000;631;631;630;630;12;0
СОЛЛЕРС;60;20171212;110000;628;628;628;628;1;0
СОЛЛЕРС;60;20171212;120000;623;623;614;616;49;0
СОЛЛЕРС;60;20171212;130000;616;616;616;616;8;0
СОЛЛЕРС;60;20171212;140000;616;616;615;616;66;0
СОЛЛЕРС;60;20171212;150000;617;617;617;617;3;0
СОЛЛЕРС;60;20171212;170000;617;617;617;617;1;0
СОЛЛЕРС;60;20171212;180000;618;627;618;621;17;0
СОЛЛЕРС;60;20171213;110000;620;620;620;620;1;0
СОЛЛЕРС;60;20171213;120000;618;618;618;618;2;0
СОЛЛЕРС;60;20171213;160000;618;618;618;618;2;0
СОЛЛЕРС;60;20171213;170000;620;620;620;620;4;0
СОЛЛЕРС;60;20171213;180000;620;621;620;621;7;0
СОЛЛЕРС;60;20171214;120000;618;618;618;618;1;0
СОЛЛЕРС;60;20171214;140000;617;617;617;617;4;0
СОЛЛЕРС;60;20171214;150000;616;616;616;616;1;0
СОЛЛЕРС;60;20171214;160000;617;620;615;620;24;0
СОЛЛЕРС;60;20171214;170000;620;620;620;620;3;0
СОЛЛЕРС;60;20171215;110000;619;619;618;618;4;0
СОЛЛЕРС;60;20171215;120000;618;620;615;620;29;0
СОЛЛЕРС;60;20171215;140000;616;616;615;615;47;0
СОЛЛЕРС;60;20171215;160000;617;617;616;616;13;0
СОЛЛЕРС;60;20171215;170000;617;617;617;617;1;0
СОЛЛЕРС;60;20171215;180000;617;617;617;617;1;0
СОЛЛЕРС;60;20171218;100000;607;618;606;618;6;0
СОЛЛЕРС;60;20171218;110000;616;620;615;620;73;0
СОЛЛЕРС;60;20171218;120000;617;617;616;616;30;0
СОЛЛЕРС;60;20171218;130000;615;615;615;615;47;0
СОЛЛЕРС;60;20171218;160000;616;616;616;616;3;0
СОЛЛЕРС;60;20171219;120000;620;626;620;626;152;0
СОЛЛЕРС;60;20171219;130000;626;640;626;635;67;0
СОЛЛЕРС;60;20171219;140000;631;633;629;633;13;0
СОЛЛЕРС;60;20171219;150000;630;634;630;634;14;0
СОЛЛЕРС;60;20171219;170000;630;630;630;630;111;0
СОЛЛЕРС;60;20171219;180000;630;631;630;630;3;0
СОЛЛЕРС;60;20171220;100000;630;630;628;628;5;0
СОЛЛЕРС;60;20171220;120000;629;630;625;627;80;0
СОЛЛЕРС;60;20171220;130000;629;635;629;630;32;0
СОЛЛЕРС;60;20171220;140000;633;633;630;630;19;0
СОЛЛЕРС;60;20171220;150000;630;630;630;630;1;0
СОЛЛЕРС;60;20171220;160000;630;630;630;630;1;0
СОЛЛЕРС;60;20171220;170000;629;630;629;630;77;0
СОЛЛЕРС;60;20171220;180000;630;634;630;630;23;0
СОЛЛЕРС;60;20171221;100000;627;632;627;632;4;0
СОЛЛЕРС;60;20171221;110000;631;637;630;637;16;0
СОЛЛЕРС;60;20171221;120000;634;645;632;640;603;0
СОЛЛЕРС;60;20171221;130000;637;637;636;637;4;0
СОЛЛЕРС;60;20171221;140000;637;637;635;635;10;0
СОЛЛЕРС;60;20171221;150000;635;635;632;633;29;0
СОЛЛЕРС;60;20171221;160000;633;633;632;632;21;0
СОЛЛЕРС;60;20171221;170000;635;637;634;634;17;0
СОЛЛЕРС;60;20171221;180000;633;634;632;634;32;0
СОЛЛЕРС;60;20171222;100000;630;636;624;627;26;0
СОЛЛЕРС;60;20171222;110000;619;619;619;619;20;0
СОЛЛЕРС;60;20171222;130000;620;620;620;620;1;0
СОЛЛЕРС;60;20171222;160000;621;625;621;625;7;0
СОЛЛЕРС;60;20171222;170000;624;625;624;625;6;0
СОЛЛЕРС;60;20171222;180000;626;627;621;627;18;0
СОЛЛЕРС;60;20171225;100000;615;627;615;625;16;0
СОЛЛЕРС;60;20171225;110000;625;625;625;625;1;0
СОЛЛЕРС;60;20171225;130000;626;628;626;626;36;0
СОЛЛЕРС;60;20171225;140000;627;627;627;627;745;0
СОЛЛЕРС;60;20171225;150000;626;626;626;626;30;0
СОЛЛЕРС;60;20171225;160000;626;628;626;628;20;0
СОЛЛЕРС;60;20171225;170000;627;627;627;627;1;0
СОЛЛЕРС;60;20171226;100000;625;625;625;625;114;0
СОЛЛЕРС;60;20171226;140000;626;626;626;626;8;0
СОЛЛЕРС;60;20171226;150000;626;626;626;626;10;0
СОЛЛЕРС;60;20171226;170000;627;627;627;627;1;0
СОЛЛЕРС;60;20171226;180000;627;629;626;629;8;0
СОЛЛЕРС;60;20171227;100000;634;634;634;634;32;0
СОЛЛЕРС;60;20171227;110000;634;635;634;634;188;0
СОЛЛЕРС;60;20171227;120000;634;634;629;629;35;0
СОЛЛЕРС;60;20171227;130000;635;642;635;635;105;0
СОЛЛЕРС;60;20171227;140000;635;635;635;635;4;0
СОЛЛЕРС;60;20171227;150000;634;634;634;634;2;0
СОЛЛЕРС;60;20171227;160000;636;640;636;640;3;0
СОЛЛЕРС;60;20171227;170000;632;632;631;631;5;0
СОЛЛЕРС;60;20171227;180000;634;634;632;632;7;0
СОЛЛЕРС;60;20171228;100000;626;628;620;625;56;0
СОЛЛЕРС;60;20171228;110000;627;627;627;627;3;0
СОЛЛЕРС;60;20171228;120000;627;627;626;626;4;0
СОЛЛЕРС;60;20171228;140000;627;627;627;627;1;0
СОЛЛЕРС;60;20171228;150000;627;627;627;627;1;0
СОЛЛЕРС;60;20171228;160000;627;627;627;627;4;0
СОЛЛЕРС;60;20171228;180000;626;626;626;626;9;0
СОЛЛЕРС;60;20171229;100000;633;633;629;629;4;0
СОЛЛЕРС;60;20171229;110000;631;631;631;631;4;0
СОЛЛЕРС;60;20171229;140000;633;633;629;629;4;0
СОЛЛЕРС;60;20171229;170000;631;631;620;620;131;0
СОЛЛЕРС;60;20171229;180000;622;622;622;622;4;0
