<TICKER>;<PER>;<DATE>;<TIME>;<OPEN>;<HIGH>;<LOW>;<CLOSE>;<VOL>;<OPENINT>
СтаврЭнСбп;60;20170124;100000;0.265;0.265;0.2515;0.2515;2;0
СтаврЭнСбп;60;20170124;110000;0.2495;0.251;0.2495;0.251;3;0
СтаврЭнСбп;60;20170124;120000;0.2485;0.251;0.2485;0.251;4;0
СтаврЭнСбп;60;20170124;130000;0.248;0.248;0.234;0.244;923;0
СтаврЭнСбп;60;20170124;140000;0.245;0.2475;0.2435;0.2435;20;0
СтаврЭнСбп;60;20170124;150000;0.243;0.243;0.2395;0.2395;19;0
СтаврЭнСбп;60;20170124;160000;0.2415;0.2415;0.236;0.236;33;0
СтаврЭнСбп;60;20170124;170000;0.238;0.242;0.238;0.242;32;0
СтаврЭнСбп;60;20170124;180000;0.243;0.243;0.243;0.243;4;0
СтаврЭнСбп;60;20170125;100000;0.243;0.2435;0.243;0.2435;2;0
СтаврЭнСбп;60;20170125;110000;0.2415;0.2415;0.2415;0.2415;1;0
СтаврЭнСбп;60;20170125;120000;0.24;0.24;0.24;0.24;4;0
СтаврЭнСбп;60;20170125;130000;0.241;0.241;0.2395;0.2395;8;0
СтаврЭнСбп;60;20170125;140000;0.242;0.2425;0.24;0.24;5;0
СтаврЭнСбп;60;20170125;170000;0.24;0.24;0.2395;0.2395;11;0
СтаврЭнСбп;60;20170125;180000;0.24;0.24;0.24;0.24;8;0
СтаврЭнСбп;60;20170126;100000;0.241;0.241;0.2395;0.2405;6;0
СтаврЭнСбп;60;20170126;110000;0.24;0.241;0.2395;0.241;22;0
СтаврЭнСбп;60;20170126;120000;0.24;0.24;0.24;0.24;300;0
СтаврЭнСбп;60;20170126;130000;0.2415;0.244;0.2415;0.244;4;0
СтаврЭнСбп;60;20170126;140000;0.244;0.244;0.244;0.244;1;0
СтаврЭнСбп;60;20170126;150000;0.244;0.2445;0.244;0.2445;3;0
СтаврЭнСбп;60;20170126;170000;0.242;0.242;0.2405;0.2405;13;0
СтаврЭнСбп;60;20170126;180000;0.242;0.2465;0.2405;0.2465;37;0
СтаврЭнСбп;60;20170127;100000;0.2445;0.2445;0.239;0.2405;80;0
СтаврЭнСбп;60;20170127;110000;0.241;0.241;0.2405;0.2405;2;0
СтаврЭнСбп;60;20170127;120000;0.241;0.2435;0.241;0.241;25;0
СтаврЭнСбп;60;20170127;130000;0.2425;0.243;0.2425;0.243;2;0
СтаврЭнСбп;60;20170127;140000;0.2425;0.247;0.2425;0.247;328;0
СтаврЭнСбп;60;20170127;150000;0.2475;0.2475;0.247;0.247;16;0
СтаврЭнСбп;60;20170127;160000;0.247;0.2475;0.247;0.247;5;0
СтаврЭнСбп;60;20170127;170000;0.2455;0.247;0.2445;0.247;10;0
СтаврЭнСбп;60;20170127;180000;0.2445;0.2475;0.2445;0.2475;6;0
СтаврЭнСбп;60;20170130;100000;0.2475;0.2475;0.2475;0.2475;10;0
СтаврЭнСбп;60;20170130;110000;0.2475;0.249;0.2475;0.249;15;0
СтаврЭнСбп;60;20170130;120000;0.2495;0.2505;0.2495;0.2505;3;0
СтаврЭнСбп;60;20170130;140000;0.251;0.252;0.251;0.252;8;0
СтаврЭнСбп;60;20170130;150000;0.2505;0.2515;0.249;0.2505;59;0
СтаврЭнСбп;60;20170130;160000;0.2505;0.251;0.25;0.25;42;0
СтаврЭнСбп;60;20170130;170000;0.25;0.25;0.25;0.25;1;0
СтаврЭнСбп;60;20170130;180000;0.251;0.251;0.251;0.251;1;0
СтаврЭнСбп;60;20170131;100000;0.254;0.254;0.2485;0.2485;12;0
СтаврЭнСбп;60;20170131;110000;0.2495;0.2495;0.2495;0.2495;1;0
СтаврЭнСбп;60;20170131;120000;0.2485;0.2485;0.2485;0.2485;2;0
СтаврЭнСбп;60;20170131;130000;0.249;0.249;0.2485;0.2485;3;0
СтаврЭнСбп;60;20170131;170000;0.248;0.249;0.248;0.249;7;0
СтаврЭнСбп;60;20170201;100000;0.2495;0.2495;0.248;0.248;6;0
СтаврЭнСбп;60;20170201;120000;0.2495;0.2495;0.2495;0.2495;1;0
СтаврЭнСбп;60;20170201;130000;0.2475;0.2475;0.2475;0.2475;12;0
СтаврЭнСбп;60;20170201;140000;0.2475;0.2475;0.243;0.247;53;0
СтаврЭнСбп;60;20170201;160000;0.247;0.2475;0.247;0.2475;2;0
СтаврЭнСбп;60;20170201;170000;0.245;0.245;0.2315;0.2415;62;0
СтаврЭнСбп;60;20170201;180000;0.241;0.241;0.239;0.241;18;0
СтаврЭнСбп;60;20170202;100000;0.2425;0.247;0.24;0.244;37;0
СтаврЭнСбп;60;20170202;110000;0.24;0.24;0.24;0.24;12;0
СтаврЭнСбп;60;20170202;120000;0.24;0.24;0.24;0.24;1;0
СтаврЭнСбп;60;20170202;130000;0.24;0.2415;0.24;0.2415;34;0
СтаврЭнСбп;60;20170202;160000;0.24;0.24;0.2385;0.2385;150;0
СтаврЭнСбп;60;20170202;170000;0.2385;0.2385;0.2385;0.2385;52;0
СтаврЭнСбп;60;20170203;110000;0.239;0.239;0.2355;0.236;11;0
СтаврЭнСбп;60;20170203;120000;0.238;0.243;0.238;0.2395;8;0
СтаврЭнСбп;60;20170203;130000;0.241;0.241;0.241;0.241;1;0
СтаврЭнСбп;60;20170203;140000;0.243;0.243;0.243;0.243;1;0
СтаврЭнСбп;60;20170203;160000;0.2425;0.2455;0.2425;0.245;46;0
СтаврЭнСбп;60;20170203;170000;0.246;0.2465;0.246;0.2465;11;0
СтаврЭнСбп;60;20170203;180000;0.2455;0.2465;0.2455;0.2465;4;0
СтаврЭнСбп;60;20170206;100000;0.247;0.2475;0.2465;0.2475;18;0
СтаврЭнСбп;60;20170206;110000;0.2465;0.2475;0.2465;0.2475;6;0
СтаврЭнСбп;60;20170206;120000;0.2465;0.2465;0.2465;0.2465;1;0
СтаврЭнСбп;60;20170206;130000;0.248;0.252;0.248;0.252;86;0
СтаврЭнСбп;60;20170206;140000;0.252;0.252;0.252;0.252;9;0
СтаврЭнСбп;60;20170206;150000;0.2515;0.254;0.2515;0.254;43;0
СтаврЭнСбп;60;20170206;180000;0.253;0.253;0.2505;0.253;3;0
СтаврЭнСбп;60;20170207;100000;0.254;0.255;0.254;0.255;7;0
СтаврЭнСбп;60;20170207;110000;0.2545;0.2545;0.2545;0.2545;24;0
СтаврЭнСбп;60;20170207;120000;0.256;0.256;0.255;0.255;2;0
СтаврЭнСбп;60;20170207;170000;0.2535;0.256;0.2535;0.2545;6;0
СтаврЭнСбп;60;20170207;180000;0.2545;0.2555;0.253;0.255;15;0
СтаврЭнСбп;60;20170208;110000;0.2565;0.257;0.2565;0.257;2;0
СтаврЭнСбп;60;20170208;120000;0.2545;0.2545;0.251;0.251;10;0
СтаврЭнСбп;60;20170208;170000;0.25;0.25;0.247;0.247;18;0
СтаврЭнСбп;60;20170208;180000;0.247;0.2555;0.247;0.2555;554;0
СтаврЭнСбп;60;20170209;120000;0.2535;0.256;0.2535;0.256;3;0
СтаврЭнСбп;60;20170209;130000;0.253;0.2545;0.253;0.2545;2;0
СтаврЭнСбп;60;20170209;160000;0.2545;0.255;0.2545;0.255;2;0
СтаврЭнСбп;60;20170209;170000;0.253;0.253;0.253;0.253;1;0
СтаврЭнСбп;60;20170209;180000;0.2545;0.256;0.2545;0.256;132;0
СтаврЭнСбп;60;20170210;150000;0.255;0.255;0.255;0.255;1;0
СтаврЭнСбп;60;20170210;170000;0.255;0.255;0.255;0.255;1;0
СтаврЭнСбп;60;20170213;100000;0.2585;0.2585;0.2525;0.2525;5;0
СтаврЭнСбп;60;20170213;120000;0.2545;0.255;0.2545;0.255;2;0
СтаврЭнСбп;60;20170213;130000;0.255;0.257;0.255;0.257;24;0
СтаврЭнСбп;60;20170213;160000;0.2555;0.2565;0.2545;0.2545;36;0
СтаврЭнСбп;60;20170213;170000;0.256;0.2565;0.2545;0.2545;26;0
СтаврЭнСбп;60;20170213;180000;0.254;0.2565;0.254;0.2565;3;0
СтаврЭнСбп;60;20170214;110000;0.2555;0.2555;0.255;0.2555;9;0
СтаврЭнСбп;60;20170214;120000;0.2555;0.2555;0.2555;0.2555;6;0
СтаврЭнСбп;60;20170214;140000;0.255;0.255;0.255;0.255;1;0
СтаврЭнСбп;60;20170214;150000;0.2555;0.258;0.2555;0.2565;222;0
СтаврЭнСбп;60;20170214;160000;0.2555;0.256;0.2555;0.256;3;0
СтаврЭнСбп;60;20170214;170000;0.256;0.2595;0.256;0.2595;180;0
СтаврЭнСбп;60;20170214;180000;0.2555;0.2615;0.2555;0.2585;513;0
СтаврЭнСбп;60;20170215;100000;0.2455;0.259;0.24;0.254;200;0
СтаврЭнСбп;60;20170215;110000;0.2515;0.2535;0.2515;0.2535;4;0
СтаврЭнСбп;60;20170215;120000;0.2535;0.2535;0.2535;0.2535;1;0
СтаврЭнСбп;60;20170215;140000;0.254;0.254;0.254;0.254;1;0
СтаврЭнСбп;60;20170215;150000;0.255;0.255;0.255;0.255;2;0
СтаврЭнСбп;60;20170215;160000;0.252;0.252;0.252;0.252;1;0
СтаврЭнСбп;60;20170215;170000;0.2575;0.26;0.2495;0.2495;235;0
СтаврЭнСбп;60;20170215;180000;0.251;0.2585;0.251;0.256;3;0
СтаврЭнСбп;60;20170216;120000;0.263;0.2645;0.253;0.253;520;0
СтаврЭнСбп;60;20170216;130000;0.255;0.255;0.254;0.254;25;0
СтаврЭнСбп;60;20170216;140000;0.255;0.261;0.255;0.261;5;0
СтаврЭнСбп;60;20170216;160000;0.261;0.261;0.256;0.256;5;0
СтаврЭнСбп;60;20170216;170000;0.2535;0.2595;0.2505;0.2565;16;0
СтаврЭнСбп;60;20170217;160000;0.2555;0.2555;0.2545;0.2545;6;0
СтаврЭнСбп;60;20170217;170000;0.2555;0.2555;0.2555;0.2555;1;0
СтаврЭнСбп;60;20170220;100000;0.221;0.249;0.2105;0.249;83;0
СтаврЭнСбп;60;20170220;110000;0.255;0.255;0.255;0.255;1;0
СтаврЭнСбп;60;20170220;120000;0.254;0.254;0.254;0.254;1;0
СтаврЭнСбп;60;20170220;160000;0.2515;0.2615;0.2515;0.255;12;0
СтаврЭнСбп;60;20170220;170000;0.2545;0.2545;0.2545;0.2545;1;0
СтаврЭнСбп;60;20170220;180000;0.2525;0.2525;0.2455;0.2455;8;0
СтаврЭнСбп;60;20170221;100000;0.2895;0.2895;0.2895;0.2895;1;0
СтаврЭнСбп;60;20170221;110000;0.258;0.258;0.258;0.258;1;0
СтаврЭнСбп;60;20170221;150000;0.256;0.256;0.256;0.256;4;0
СтаврЭнСбп;60;20170221;170000;0.2565;0.2565;0.2565;0.2565;1;0
СтаврЭнСбп;60;20170221;180000;0.2565;0.2565;0.2565;0.2565;1;0
СтаврЭнСбп;60;20170222;100000;0.263;0.263;0.263;0.263;1;0
СтаврЭнСбп;60;20170222;110000;0.2525;0.254;0.2515;0.254;10;0
СтаврЭнСбп;60;20170222;120000;0.2485;0.254;0.2485;0.254;4;0
СтаврЭнСбп;60;20170222;130000;0.2485;0.2485;0.2395;0.24;444;0
СтаврЭнСбп;60;20170222;140000;0.24;0.24;0.238;0.239;41;0
СтаврЭнСбп;60;20170222;150000;0.24;0.24;0.239;0.24;11;0
СтаврЭнСбп;60;20170222;160000;0.238;0.241;0.2375;0.241;11;0
СтаврЭнСбп;60;20170222;170000;0.2405;0.2475;0.2405;0.2475;100;0
СтаврЭнСбп;60;20170222;180000;0.2485;0.2485;0.24;0.2475;19;0
СтаврЭнСбп;60;20170227;110000;0.2495;0.2495;0.2495;0.2495;1;0
СтаврЭнСбп;60;20170227;120000;0.251;0.251;0.243;0.243;7;0
СтаврЭнСбп;60;20170227;130000;0.2435;0.2435;0.228;0.228;289;0
СтаврЭнСбп;60;20170227;140000;0.227;0.229;0.2235;0.229;28;0
СтаврЭнСбп;60;20170227;150000;0.225;0.225;0.2225;0.2225;5;0
СтаврЭнСбп;60;20170227;160000;0.2255;0.2265;0.2255;0.226;9;0
СтаврЭнСбп;60;20170227;170000;0.225;0.2265;0.225;0.2265;79;0
СтаврЭнСбп;60;20170227;180000;0.2265;0.2265;0.2265;0.2265;100;0
СтаврЭнСбп;60;20170228;100000;0.224;0.225;0.2225;0.2225;13;0
СтаврЭнСбп;60;20170228;110000;0.2235;0.2235;0.2235;0.2235;1;0
СтаврЭнСбп;60;20170228;130000;0.2225;0.2225;0.2225;0.2225;1;0
СтаврЭнСбп;60;20170228;140000;0.2205;0.2205;0.2105;0.2165;46;0
СтаврЭнСбп;60;20170228;150000;0.2155;0.2185;0.2145;0.2185;12;0
СтаврЭнСбп;60;20170228;160000;0.219;0.2195;0.219;0.2195;4;0
СтаврЭнСбп;60;20170228;180000;0.2205;0.222;0.2165;0.2165;30;0
СтаврЭнСбп;60;20170301;100000;0.2255;0.2255;0.2225;0.224;3;0
СтаврЭнСбп;60;20170301;110000;0.225;0.225;0.2235;0.2235;4;0
СтаврЭнСбп;60;20170301;120000;0.2215;0.2235;0.217;0.2235;5;0
СтаврЭнСбп;60;20170301;150000;0.2205;0.224;0.22;0.224;29;0
СтаврЭнСбп;60;20170301;160000;0.222;0.2235;0.222;0.2235;2;0
СтаврЭнСбп;60;20170301;170000;0.2235;0.224;0.2215;0.2235;6;0
СтаврЭнСбп;60;20170301;180000;0.224;0.224;0.2235;0.2235;2;0
СтаврЭнСбп;60;20170302;100000;0.2235;0.224;0.2235;0.224;4;0
СтаврЭнСбп;60;20170302;160000;0.2235;0.2235;0.2235;0.2235;1;0
СтаврЭнСбп;60;20170302;170000;0.224;0.224;0.224;0.224;133;0
СтаврЭнСбп;60;20170302;180000;0.219;0.224;0.2185;0.2185;7;0
СтаврЭнСбп;60;20170303;100000;0.2235;0.224;0.2235;0.224;6;0
СтаврЭнСбп;60;20170303;150000;0.219;0.2215;0.219;0.2215;4;0
СтаврЭнСбп;60;20170303;170000;0.2225;0.226;0.2225;0.224;338;0
СтаврЭнСбп;60;20170306;120000;0.226;0.226;0.226;0.226;5;0
СтаврЭнСбп;60;20170306;130000;0.2265;0.2335;0.226;0.229;330;0
СтаврЭнСбп;60;20170306;140000;0.2285;0.2285;0.2285;0.2285;1;0
СтаврЭнСбп;60;20170306;180000;0.2325;0.234;0.2325;0.234;4;0
СтаврЭнСбп;60;20170307;100000;0.235;0.2495;0.2315;0.2485;137;0
СтаврЭнСбп;60;20170307;110000;0.2415;0.248;0.2415;0.244;8;0
СтаврЭнСбп;60;20170307;120000;0.2415;0.242;0.2405;0.242;16;0
СтаврЭнСбп;60;20170307;170000;0.2385;0.2385;0.236;0.236;12;0
СтаврЭнСбп;60;20170309;100000;0.237;0.237;0.237;0.237;1;0
СтаврЭнСбп;60;20170309;110000;0.2355;0.2355;0.2355;0.2355;2;0
СтаврЭнСбп;60;20170309;120000;0.236;0.2365;0.1555;0.212;599;0
СтаврЭнСбп;60;20170309;130000;0.207;0.215;0.206;0.2075;51;0
СтаврЭнСбп;60;20170309;140000;0.207;0.211;0.2045;0.205;24;0
СтаврЭнСбп;60;20170309;150000;0.209;0.211;0.2055;0.2055;83;0
СтаврЭнСбп;60;20170309;160000;0.21;0.214;0.2085;0.214;34;0
СтаврЭнСбп;60;20170309;170000;0.2105;0.2105;0.2105;0.2105;3;0
СтаврЭнСбп;60;20170309;180000;0.2105;0.212;0.2075;0.21;30;0
СтаврЭнСбп;60;20170310;100000;0.2155;0.2155;0.2155;0.2155;1;0
СтаврЭнСбп;60;20170310;110000;0.209;0.209;0.2065;0.2065;11;0
СтаврЭнСбп;60;20170310;120000;0.2065;0.2065;0.2;0.2025;116;0
СтаврЭнСбп;60;20170310;130000;0.2045;0.205;0.2;0.2005;98;0
СтаврЭнСбп;60;20170310;140000;0.2035;0.205;0.2035;0.205;6;0
СтаврЭнСбп;60;20170310;160000;0.2055;0.208;0.2055;0.208;7;0
СтаврЭнСбп;60;20170310;170000;0.208;0.217;0.206;0.215;90;0
СтаврЭнСбп;60;20170310;180000;0.21;0.2125;0.205;0.2125;14;0
СтаврЭнСбп;60;20170313;110000;0.2135;0.2175;0.2135;0.2175;15;0
СтаврЭнСбп;60;20170313;120000;0.216;0.2175;0.216;0.2175;13;0
СтаврЭнСбп;60;20170313;130000;0.214;0.214;0.214;0.214;4;0
СтаврЭнСбп;60;20170313;160000;0.217;0.217;0.217;0.217;1;0
СтаврЭнСбп;60;20170313;170000;0.218;0.219;0.218;0.219;6;0
СтаврЭнСбп;60;20170313;180000;0.219;0.219;0.219;0.219;2;0
СтаврЭнСбп;60;20170314;130000;0.219;0.219;0.218;0.218;3;0
СтаврЭнСбп;60;20170314;140000;0.2195;0.2195;0.2175;0.2175;6;0
СтаврЭнСбп;60;20170314;150000;0.2165;0.2165;0.215;0.215;2;0
СтаврЭнСбп;60;20170314;160000;0.2135;0.2135;0.2135;0.2135;10;0
СтаврЭнСбп;60;20170314;170000;0.2135;0.2135;0.2135;0.2135;9;0
СтаврЭнСбп;60;20170315;100000;0.212;0.215;0.212;0.215;2;0
СтаврЭнСбп;60;20170315;110000;0.215;0.215;0.215;0.215;13;0
СтаврЭнСбп;60;20170315;120000;0.215;0.215;0.215;0.215;6;0
СтаврЭнСбп;60;20170315;130000;0.215;0.215;0.215;0.215;1;0
СтаврЭнСбп;60;20170315;140000;0.2145;0.215;0.2145;0.215;2;0
СтаврЭнСбп;60;20170315;150000;0.215;0.215;0.215;0.215;3;0
СтаврЭнСбп;60;20170315;170000;0.2175;0.2195;0.2175;0.2195;8;0
СтаврЭнСбп;60;20170315;180000;0.2195;0.22;0.2195;0.22;9;0
СтаврЭнСбп;60;20170316;100000;0.22;0.22;0.22;0.22;22;0
СтаврЭнСбп;60;20170316;110000;0.225;0.248;0.2205;0.24;248;0
СтаврЭнСбп;60;20170316;120000;0.24;0.245;0.236;0.2445;749;0
СтаврЭнСбп;60;20170316;130000;0.24;0.244;0.2395;0.2395;455;0
СтаврЭнСбп;60;20170316;140000;0.241;0.2415;0.2395;0.2415;9;0
СтаврЭнСбп;60;20170316;150000;0.2385;0.2385;0.2385;0.2385;2;0
СтаврЭнСбп;60;20170316;160000;0.2375;0.2375;0.2375;0.2375;2;0
СтаврЭнСбп;60;20170316;180000;0.237;0.24;0.237;0.24;4;0
СтаврЭнСбп;60;20170317;100000;0.225;0.2485;0.225;0.2405;14;0
СтаврЭнСбп;60;20170317;120000;0.24;0.24;0.24;0.24;2;0
СтаврЭнСбп;60;20170317;130000;0.2385;0.2385;0.2385;0.2385;24;0
СтаврЭнСбп;60;20170317;140000;0.241;0.241;0.241;0.241;1;0
СтаврЭнСбп;60;20170317;180000;0.2425;0.246;0.2425;0.246;4;0
СтаврЭнСбп;60;20170320;100000;0.2165;0.2405;0.197;0.2365;31;0
СтаврЭнСбп;60;20170320;110000;0.235;0.2365;0.235;0.2365;9;0
СтаврЭнСбп;60;20170320;120000;0.241;0.243;0.24;0.243;21;0
СтаврЭнСбп;60;20170320;130000;0.2435;0.244;0.242;0.242;96;0
СтаврЭнСбп;60;20170320;140000;0.244;0.246;0.244;0.246;12;0
СтаврЭнСбп;60;20170320;150000;0.2435;0.2435;0.2435;0.2435;3;0
СтаврЭнСбп;60;20170320;160000;0.2455;0.2455;0.243;0.243;2;0
СтаврЭнСбп;60;20170320;170000;0.2415;0.2415;0.241;0.2415;10;0
СтаврЭнСбп;60;20170321;100000;0.248;0.258;0.246;0.249;1351;0
СтаврЭнСбп;60;20170321;110000;0.2495;0.2505;0.249;0.2505;287;0
СтаврЭнСбп;60;20170321;140000;0.2475;0.2505;0.2475;0.2505;97;0
СтаврЭнСбп;60;20170321;150000;0.2475;0.2475;0.244;0.244;20;0
СтаврЭнСбп;60;20170321;160000;0.246;0.251;0.246;0.251;1200;0
СтаврЭнСбп;60;20170321;170000;0.245;0.245;0.245;0.245;25;0
СтаврЭнСбп;60;20170321;180000;0.2445;0.2445;0.2385;0.2385;46;0
СтаврЭнСбп;60;20170322;120000;0.236;0.236;0.235;0.2355;22;0
СтаврЭнСбп;60;20170322;130000;0.2355;0.2435;0.2355;0.2435;19;0
СтаврЭнСбп;60;20170322;140000;0.238;0.243;0.238;0.239;19;0
СтаврЭнСбп;60;20170322;150000;0.2445;0.2445;0.2365;0.238;14;0
СтаврЭнСбп;60;20170322;160000;0.243;0.243;0.238;0.241;12;0
СтаврЭнСбп;60;20170322;170000;0.24;0.2415;0.2385;0.2385;11;0
СтаврЭнСбп;60;20170322;180000;0.24;0.24;0.238;0.238;20;0
СтаврЭнСбп;60;20170323;130000;0.2475;0.2475;0.2475;0.2475;1;0
СтаврЭнСбп;60;20170323;140000;0.243;0.243;0.243;0.243;1;0
СтаврЭнСбп;60;20170323;160000;0.243;0.244;0.243;0.244;3;0
СтаврЭнСбп;60;20170323;170000;0.247;0.2475;0.247;0.2475;2;0
СтаврЭнСбп;60;20170323;180000;0.2475;0.2475;0.2475;0.2475;1;0
СтаврЭнСбп;60;20170324;100000;0.2435;0.2435;0.241;0.241;62;0
СтаврЭнСбп;60;20170324;120000;0.241;0.241;0.241;0.241;1;0
СтаврЭнСбп;60;20170324;140000;0.235;0.2645;0.235;0.257;532;0
СтаврЭнСбп;60;20170324;150000;0.257;0.258;0.251;0.2555;368;0
СтаврЭнСбп;60;20170324;160000;0.2555;0.268;0.2555;0.2585;299;0
СтаврЭнСбп;60;20170324;170000;0.258;0.2595;0.255;0.255;22;0
СтаврЭнСбп;60;20170324;180000;0.255;0.2595;0.253;0.2565;40;0
СтаврЭнСбп;60;20170327;100000;0.2465;0.2595;0.2445;0.2595;29;0
СтаврЭнСбп;60;20170327;110000;0.252;0.2585;0.249;0.2515;14;0
СтаврЭнСбп;60;20170327;120000;0.2515;0.2585;0.2515;0.2585;84;0
СтаврЭнСбп;60;20170327;130000;0.251;0.251;0.251;0.251;7;0
СтаврЭнСбп;60;20170327;140000;0.25;0.25;0.2485;0.2485;12;0
СтаврЭнСбп;60;20170327;150000;0.2505;0.2505;0.2505;0.2505;1;0
СтаврЭнСбп;60;20170327;160000;0.248;0.248;0.2465;0.2465;5;0
СтаврЭнСбп;60;20170327;170000;0.2455;0.249;0.245;0.247;4;0
СтаврЭнСбп;60;20170327;180000;0.248;0.248;0.244;0.247;5;0
СтаврЭнСбп;60;20170328;100000;0.2385;0.247;0.2385;0.247;12;0
СтаврЭнСбп;60;20170328;110000;0.244;0.245;0.244;0.245;3;0
СтаврЭнСбп;60;20170328;130000;0.2455;0.25;0.2455;0.25;495;0
СтаврЭнСбп;60;20170328;140000;0.249;0.253;0.248;0.253;134;0
СтаврЭнСбп;60;20170328;150000;0.2535;0.2625;0.2535;0.2565;314;0
СтаврЭнСбп;60;20170328;160000;0.2605;0.264;0.26;0.2605;240;0
СтаврЭнСбп;60;20170328;170000;0.26;0.2625;0.2575;0.2625;113;0
СтаврЭнСбп;60;20170328;180000;0.259;0.262;0.2585;0.2605;76;0
СтаврЭнСбп;60;20170329;100000;0.2565;0.268;0.2565;0.266;52;0
СтаврЭнСбп;60;20170329;110000;0.267;0.267;0.267;0.267;1;0
СтаврЭнСбп;60;20170329;120000;0.267;0.267;0.255;0.26;488;0
СтаврЭнСбп;60;20170329;130000;0.26;0.2615;0.259;0.259;13;0
СтаврЭнСбп;60;20170329;140000;0.2595;0.2605;0.259;0.26;17;0
СтаврЭнСбп;60;20170329;150000;0.2605;0.2675;0.257;0.259;197;0
СтаврЭнСбп;60;20170329;160000;0.261;0.263;0.261;0.263;8;0
СтаврЭнСбп;60;20170329;170000;0.2615;0.2625;0.2545;0.2545;23;0
СтаврЭнСбп;60;20170329;180000;0.2535;0.259;0.2535;0.2535;197;0
СтаврЭнСбп;60;20170330;100000;0.25;0.254;0.248;0.248;318;0
СтаврЭнСбп;60;20170330;110000;0.25;0.25;0.247;0.247;136;0
СтаврЭнСбп;60;20170330;130000;0.2495;0.2495;0.2495;0.2495;1;0
СтаврЭнСбп;60;20170330;140000;0.248;0.248;0.248;0.248;1;0
СтаврЭнСбп;60;20170330;150000;0.2505;0.251;0.2505;0.251;3;0
СтаврЭнСбп;60;20170330;170000;0.2515;0.2515;0.2515;0.2515;3;0
СтаврЭнСбп;60;20170330;180000;0.252;0.252;0.2485;0.2485;10;0
СтаврЭнСбп;60;20170331;100000;0.248;0.249;0.247;0.2475;6;0
СтаврЭнСбп;60;20170331;120000;0.248;0.248;0.248;0.248;1;0
СтаврЭнСбп;60;20170331;130000;0.2485;0.2535;0.246;0.246;162;0
СтаврЭнСбп;60;20170331;140000;0.25;0.2525;0.25;0.2525;2;0
СтаврЭнСбп;60;20170331;150000;0.251;0.251;0.251;0.251;584;0
СтаврЭнСбп;60;20170331;160000;0.2525;0.253;0.251;0.251;17;0
СтаврЭнСбп;60;20170331;170000;0.251;0.252;0.251;0.252;174;0
СтаврЭнСбп;60;20170331;180000;0.2525;0.258;0.2525;0.258;338;0
СтаврЭнСбп;60;20170403;100000;0.25;0.256;0.25;0.256;2;0
СтаврЭнСбп;60;20170403;110000;0.258;0.2585;0.258;0.2585;20;0
СтаврЭнСбп;60;20170403;120000;0.2585;0.259;0.2585;0.259;8;0
СтаврЭнСбп;60;20170403;130000;0.2595;0.2595;0.2595;0.2595;1;0
СтаврЭнСбп;60;20170403;140000;0.26;0.26;0.26;0.26;10;0
СтаврЭнСбп;60;20170403;160000;0.26;0.26;0.26;0.26;192;0
СтаврЭнСбп;60;20170403;170000;0.2595;0.2595;0.259;0.2595;7;0
СтаврЭнСбп;60;20170404;100000;0.2695;0.2695;0.255;0.2575;10;0
СтаврЭнСбп;60;20170404;110000;0.2575;0.2605;0.256;0.257;11;0
СтаврЭнСбп;60;20170404;130000;0.2605;0.2605;0.257;0.257;2;0
СтаврЭнСбп;60;20170404;140000;0.26;0.2605;0.26;0.2605;3;0
СтаврЭнСбп;60;20170404;150000;0.2615;0.262;0.2615;0.2615;5;0
СтаврЭнСбп;60;20170404;160000;0.2605;0.2635;0.256;0.2635;11;0
СтаврЭнСбп;60;20170404;170000;0.261;0.264;0.261;0.2615;121;0
СтаврЭнСбп;60;20170404;180000;0.2635;0.2635;0.2635;0.2635;1;0
СтаврЭнСбп;60;20170405;100000;0.263;0.263;0.263;0.263;2;0
СтаврЭнСбп;60;20170405;110000;0.26;0.2645;0.26;0.2645;22;0
СтаврЭнСбп;60;20170405;120000;0.265;0.265;0.265;0.265;1;0
СтаврЭнСбп;60;20170405;130000;0.262;0.262;0.2615;0.2615;2;0
СтаврЭнСбп;60;20170405;150000;0.2635;0.2635;0.2635;0.2635;1;0
СтаврЭнСбп;60;20170405;160000;0.2635;0.2635;0.2635;0.2635;6;0
СтаврЭнСбп;60;20170405;170000;0.2635;0.2635;0.2615;0.2615;7;0
СтаврЭнСбп;60;20170405;180000;0.2665;0.2665;0.2655;0.2665;4;0
СтаврЭнСбп;60;20170406;100000;0.269;0.269;0.2665;0.2665;2;0
СтаврЭнСбп;60;20170406;110000;0.2665;0.267;0.2515;0.2595;102;0
СтаврЭнСбп;60;20170406;120000;0.2595;0.2595;0.2595;0.2595;1;0
СтаврЭнСбп;60;20170406;130000;0.261;0.261;0.2595;0.2595;36;0
СтаврЭнСбп;60;20170406;140000;0.259;0.2595;0.2575;0.2585;7;0
СтаврЭнСбп;60;20170406;150000;0.2595;0.2595;0.2595;0.2595;22;0
СтаврЭнСбп;60;20170406;160000;0.2595;0.2595;0.2595;0.2595;1;0
СтаврЭнСбп;60;20170406;170000;0.2595;0.2665;0.2595;0.2665;8;0
СтаврЭнСбп;60;20170407;100000;0.2515;0.262;0.251;0.262;801;0
СтаврЭнСбп;60;20170407;110000;0.258;0.2585;0.258;0.2585;4;0
СтаврЭнСбп;60;20170407;120000;0.2545;0.2545;0.2545;0.2545;2;0
СтаврЭнСбп;60;20170407;160000;0.2615;0.2615;0.2615;0.2615;1;0
СтаврЭнСбп;60;20170407;170000;0.2645;0.2645;0.2645;0.2645;1;0
СтаврЭнСбп;60;20170407;180000;0.2645;0.2645;0.2645;0.2645;1;0
СтаврЭнСбп;60;20170410;110000;0.26;0.26;0.26;0.26;2;0
СтаврЭнСбп;60;20170410;120000;0.255;0.255;0.2415;0.25;9;0
СтаврЭнСбп;60;20170410;130000;0.2505;0.252;0.249;0.249;5;0
СтаврЭнСбп;60;20170410;150000;0.252;0.252;0.248;0.248;4;0
СтаврЭнСбп;60;20170410;160000;0.252;0.2575;0.252;0.2575;10;0
СтаврЭнСбп;60;20170410;180000;0.2575;0.2575;0.2575;0.2575;22;0
СтаврЭнСбп;60;20170411;150000;0.248;0.259;0.244;0.259;26;0
СтаврЭнСбп;60;20170411;160000;0.252;0.252;0.25;0.25;2;0
СтаврЭнСбп;60;20170411;170000;0.248;0.2585;0.248;0.252;12;0
СтаврЭнСбп;60;20170411;180000;0.2525;0.26;0.2525;0.26;15;0
СтаврЭнСбп;60;20170412;120000;0.2515;0.2515;0.251;0.251;10;0
СтаврЭнСбп;60;20170412;130000;0.251;0.251;0.251;0.251;4;0
СтаврЭнСбп;60;20170412;140000;0.2465;0.25;0.2465;0.25;66;0
СтаврЭнСбп;60;20170412;150000;0.248;0.249;0.245;0.248;112;0
СтаврЭнСбп;60;20170412;160000;0.2465;0.2465;0.245;0.245;104;0
СтаврЭнСбп;60;20170412;170000;0.245;0.246;0.23;0.244;271;0
СтаврЭнСбп;60;20170412;180000;0.244;0.244;0.244;0.244;2;0
СтаврЭнСбп;60;20170413;130000;0.2545;0.2545;0.2545;0.2545;3;0
СтаврЭнСбп;60;20170413;140000;0.253;0.2535;0.2415;0.2535;4;0
СтаврЭнСбп;60;20170413;150000;0.2425;0.254;0.2425;0.254;6;0
СтаврЭнСбп;60;20170413;160000;0.2515;0.2515;0.2515;0.2515;1;0
СтаврЭнСбп;60;20170414;110000;0.25;0.25;0.2445;0.2445;2;0
СтаврЭнСбп;60;20170414;140000;0.2525;0.2525;0.2525;0.2525;1;0
СтаврЭнСбп;60;20170414;160000;0.246;0.246;0.246;0.246;8;0
СтаврЭнСбп;60;20170414;180000;0.2475;0.253;0.2475;0.253;16;0
СтаврЭнСбп;60;20170417;160000;0.246;0.25;0.244;0.249;120;0
СтаврЭнСбп;60;20170417;170000;0.2495;0.2495;0.2495;0.2495;4;0
СтаврЭнСбп;60;20170417;180000;0.2525;0.253;0.2525;0.253;10;0
СтаврЭнСбп;60;20170418;100000;0.26;0.26;0.26;0.26;1;0
СтаврЭнСбп;60;20170418;130000;0.248;0.248;0.248;0.248;1;0
СтаврЭнСбп;60;20170418;170000;0.251;0.251;0.248;0.248;3;0
СтаврЭнСбп;60;20170419;150000;0.2485;0.2485;0.246;0.246;32;0
СтаврЭнСбп;60;20170419;170000;0.2445;0.249;0.24;0.249;8;0
СтаврЭнСбп;60;20170419;180000;0.2495;0.2495;0.245;0.2455;18;0
СтаврЭнСбп;60;20170420;100000;0.259;0.259;0.2525;0.2525;4;0
СтаврЭнСбп;60;20170420;120000;0.248;0.248;0.248;0.248;3;0
СтаврЭнСбп;60;20170420;130000;0.2515;0.2515;0.2515;0.2515;1;0
СтаврЭнСбп;60;20170420;140000;0.2475;0.2475;0.246;0.246;2;0
СтаврЭнСбп;60;20170420;150000;0.248;0.2485;0.2315;0.245;153;0
СтаврЭнСбп;60;20170420;160000;0.244;0.244;0.244;0.244;1;0
СтаврЭнСбп;60;20170420;180000;0.2405;0.2405;0.2405;0.2405;4;0
СтаврЭнСбп;60;20170421;100000;0.237;0.237;0.237;0.237;13;0
СтаврЭнСбп;60;20170421;110000;0.2425;0.2425;0.2405;0.2405;12;0
СтаврЭнСбп;60;20170421;120000;0.24;0.24;0.235;0.235;11;0
СтаврЭнСбп;60;20170421;130000;0.2375;0.2375;0.2375;0.2375;6;0
СтаврЭнСбп;60;20170421;140000;0.237;0.237;0.237;0.237;1;0
СтаврЭнСбп;60;20170421;160000;0.237;0.237;0.2365;0.2365;8;0
СтаврЭнСбп;60;20170421;170000;0.238;0.238;0.2375;0.2375;13;0
СтаврЭнСбп;60;20170421;180000;0.237;0.2385;0.23;0.2305;151;0
СтаврЭнСбп;60;20170424;100000;0.227;0.227;0.2265;0.227;4;0
СтаврЭнСбп;60;20170424;110000;0.234;0.234;0.2335;0.2335;2;0
СтаврЭнСбп;60;20170424;130000;0.2365;0.237;0.2365;0.237;14;0
СтаврЭнСбп;60;20170424;140000;0.2375;0.243;0.2375;0.243;100;0
СтаврЭнСбп;60;20170424;170000;0.2385;0.244;0.23;0.244;312;0
СтаврЭнСбп;60;20170424;180000;0.244;0.2445;0.239;0.239;4;0
СтаврЭнСбп;60;20170425;100000;0.24;0.24;0.24;0.24;8;0
СтаврЭнСбп;60;20170425;120000;0.242;0.245;0.242;0.245;7;0
СтаврЭнСбп;60;20170425;130000;0.2455;0.252;0.2455;0.252;66;0
СтаврЭнСбп;60;20170425;150000;0.251;0.254;0.251;0.254;4;0
СтаврЭнСбп;60;20170425;160000;0.251;0.251;0.251;0.251;46;0
СтаврЭнСбп;60;20170425;170000;0.254;0.2555;0.254;0.254;398;0
СтаврЭнСбп;60;20170425;180000;0.254;0.254;0.254;0.254;14;0
СтаврЭнСбп;60;20170426;100000;0.2415;0.2485;0.2415;0.2485;24;0
СтаврЭнСбп;60;20170426;130000;0.25;0.25;0.2495;0.2495;10;0
СтаврЭнСбп;60;20170426;180000;0.25;0.2525;0.2475;0.2475;3;0
СтаврЭнСбп;60;20170427;130000;0.242;0.2485;0.2415;0.2455;183;0
СтаврЭнСбп;60;20170427;140000;0.2435;0.2465;0.2435;0.2455;96;0
СтаврЭнСбп;60;20170427;150000;0.2435;0.2465;0.2435;0.2465;73;0
СтаврЭнСбп;60;20170427;160000;0.2435;0.247;0.2435;0.246;127;0
СтаврЭнСбп;60;20170427;170000;0.244;0.2465;0.24;0.245;153;0
СтаврЭнСбп;60;20170427;180000;0.242;0.25;0.242;0.2495;101;0
СтаврЭнСбп;60;20170428;110000;0.247;0.247;0.2465;0.2465;4;0
СтаврЭнСбп;60;20170428;140000;0.2465;0.2465;0.2465;0.2465;1;0
СтаврЭнСбп;60;20170428;150000;0.2445;0.2445;0.2445;0.2445;2;0
СтаврЭнСбп;60;20170428;170000;0.246;0.2475;0.246;0.2475;2;0
СтаврЭнСбп;60;20170428;180000;0.2495;0.255;0.2495;0.255;26;0
СтаврЭнСбп;60;20170502;100000;0.2565;0.257;0.255;0.255;101;0
СтаврЭнСбп;60;20170502;120000;0.2525;0.2525;0.2525;0.2525;1;0
СтаврЭнСбп;60;20170502;130000;0.2535;0.2535;0.2535;0.2535;1;0
СтаврЭнСбп;60;20170502;140000;0.2525;0.2525;0.241;0.241;50;0
СтаврЭнСбп;60;20170502;150000;0.249;0.249;0.249;0.249;2;0
СтаврЭнСбп;60;20170502;170000;0.2455;0.2455;0.2455;0.2455;1;0
СтаврЭнСбп;60;20170502;180000;0.2455;0.2455;0.2455;0.2455;2;0
СтаврЭнСбп;60;20170503;110000;0.241;0.246;0.24;0.246;7;0
СтаврЭнСбп;60;20170503;130000;0.245;0.2455;0.245;0.2455;3;0
СтаврЭнСбп;60;20170503;170000;0.244;0.244;0.244;0.244;1;0
СтаврЭнСбп;60;20170503;180000;0.244;0.244;0.24;0.24;10;0
СтаврЭнСбп;60;20170504;130000;0.244;0.246;0.244;0.246;4;0
СтаврЭнСбп;60;20170505;100000;0.238;0.2385;0.238;0.2385;3;0
СтаврЭнСбп;60;20170505;110000;0.247;0.247;0.247;0.247;1;0
СтаврЭнСбп;60;20170505;180000;0.245;0.2455;0.245;0.2455;7;0
СтаврЭнСбп;60;20170510;130000;0.255;0.255;0.255;0.255;1;0
СтаврЭнСбп;60;20170510;160000;0.2495;0.2495;0.2495;0.2495;1;0
СтаврЭнСбп;60;20170510;170000;0.2475;0.248;0.247;0.248;10;0
СтаврЭнСбп;60;20170511;100000;0.249;0.2525;0.2225;0.25;41;0
СтаврЭнСбп;60;20170511;110000;0.2495;0.25;0.2495;0.25;6;0
СтаврЭнСбп;60;20170511;130000;0.2455;0.2455;0.233;0.233;8;0
СтаврЭнСбп;60;20170511;140000;0.243;0.243;0.243;0.243;1;0
СтаврЭнСбп;60;20170511;150000;0.243;0.243;0.243;0.243;90;0
СтаврЭнСбп;60;20170511;160000;0.245;0.245;0.243;0.243;5;0
СтаврЭнСбп;60;20170511;180000;0.247;0.2495;0.247;0.2495;12;0
СтаврЭнСбп;60;20170512;110000;0.2435;0.2485;0.2345;0.2415;12;0
СтаврЭнСбп;60;20170512;120000;0.242;0.242;0.238;0.238;4;0
СтаврЭнСбп;60;20170512;130000;0.242;0.242;0.24;0.24;2;0
СтаврЭнСбп;60;20170512;140000;0.241;0.2415;0.241;0.2415;5;0
СтаврЭнСбп;60;20170512;150000;0.242;0.242;0.242;0.242;2;0
СтаврЭнСбп;60;20170512;180000;0.244;0.244;0.244;0.244;1;0
СтаврЭнСбп;60;20170515;100000;0.243;0.2495;0.2395;0.2465;15;0
СтаврЭнСбп;60;20170515;110000;0.2465;0.2465;0.246;0.246;3;0
СтаврЭнСбп;60;20170515;130000;0.246;0.25;0.245;0.25;13;0
СтаврЭнСбп;60;20170515;140000;0.25;0.25;0.25;0.25;1;0
СтаврЭнСбп;60;20170515;150000;0.246;0.246;0.2455;0.2455;7;0
СтаврЭнСбп;60;20170515;160000;0.2455;0.249;0.237;0.2415;35;0
СтаврЭнСбп;60;20170516;100000;0.241;0.245;0.234;0.245;11;0
СтаврЭнСбп;60;20170516;110000;0.2505;0.2505;0.2505;0.2505;1;0
СтаврЭнСбп;60;20170516;120000;0.243;0.243;0.243;0.243;1;0
СтаврЭнСбп;60;20170516;130000;0.246;0.2475;0.2435;0.2475;7;0
СтаврЭнСбп;60;20170516;180000;0.2435;0.2445;0.2415;0.2415;4;0
СтаврЭнСбп;60;20170517;150000;0.2465;0.2475;0.2465;0.2475;14;0
СтаврЭнСбп;60;20170517;170000;0.247;0.247;0.247;0.247;2;0
СтаврЭнСбп;60;20170517;180000;0.2475;0.2475;0.2475;0.2475;2;0
СтаврЭнСбп;60;20170518;100000;0.2585;0.259;0.2395;0.2395;17;0
СтаврЭнСбп;60;20170518;110000;0.246;0.246;0.246;0.246;5;0
СтаврЭнСбп;60;20170518;120000;0.2475;0.2475;0.2475;0.2475;2;0
СтаврЭнСбп;60;20170518;140000;0.2445;0.2445;0.2445;0.2445;1;0
СтаврЭнСбп;60;20170518;150000;0.2435;0.247;0.2435;0.247;4;0
СтаврЭнСбп;60;20170518;160000;0.243;0.243;0.243;0.243;1;0
СтаврЭнСбп;60;20170518;170000;0.247;0.2475;0.247;0.247;7;0
СтаврЭнСбп;60;20170518;180000;0.247;0.25;0.245;0.25;5;0
СтаврЭнСбп;60;20170519;100000;0.2435;0.2555;0.2395;0.2555;13;0
СтаврЭнСбп;60;20170519;110000;0.247;0.247;0.247;0.247;2;0
СтаврЭнСбп;60;20170519;120000;0.245;0.247;0.24;0.24;820;0
СтаврЭнСбп;60;20170519;130000;0.2425;0.2435;0.242;0.2435;7;0
СтаврЭнСбп;60;20170519;150000;0.252;0.252;0.241;0.245;16;0
СтаврЭнСбп;60;20170519;160000;0.247;0.2475;0.247;0.2475;6;0
СтаврЭнСбп;60;20170519;170000;0.247;0.2505;0.247;0.2505;9;0
СтаврЭнСбп;60;20170519;180000;0.2465;0.2505;0.2465;0.2505;2;0
СтаврЭнСбп;60;20170522;100000;0.252;0.256;0.252;0.2525;43;0
СтаврЭнСбп;60;20170522;110000;0.2525;0.2525;0.252;0.252;111;0
СтаврЭнСбп;60;20170522;120000;0.2515;0.252;0.251;0.251;8;0
СтаврЭнСбп;60;20170522;140000;0.253;0.2545;0.252;0.253;24;0
СтаврЭнСбп;60;20170522;150000;0.253;0.2535;0.2515;0.2515;14;0
СтаврЭнСбп;60;20170522;170000;0.2525;0.253;0.25;0.25;13;0
СтаврЭнСбп;60;20170522;180000;0.253;0.253;0.25;0.25;2;0
СтаврЭнСбп;60;20170523;100000;0.2455;0.2455;0.243;0.243;5;0
СтаврЭнСбп;60;20170523;110000;0.2455;0.246;0.2455;0.246;4;0
СтаврЭнСбп;60;20170523;120000;0.247;0.247;0.247;0.247;2;0
СтаврЭнСбп;60;20170523;150000;0.2475;0.2475;0.2465;0.2465;20;0
СтаврЭнСбп;60;20170523;170000;0.247;0.247;0.247;0.247;13;0
СтаврЭнСбп;60;20170524;100000;0.2415;0.2415;0.2415;0.2415;2;0
СтаврЭнСбп;60;20170524;110000;0.2445;0.2445;0.243;0.243;3;0
СтаврЭнСбп;60;20170524;120000;0.247;0.2475;0.247;0.2475;2;0
СтаврЭнСбп;60;20170524;130000;0.2475;0.2475;0.2475;0.2475;2;0
СтаврЭнСбп;60;20170524;140000;0.253;0.253;0.253;0.253;2;0
СтаврЭнСбп;60;20170524;170000;0.25;0.25;0.25;0.25;1;0
СтаврЭнСбп;60;20170524;180000;0.25;0.25;0.25;0.25;1;0
СтаврЭнСбп;60;20170525;130000;0.2575;0.2575;0.2565;0.2575;18;0
СтаврЭнСбп;60;20170526;130000;0.255;0.255;0.255;0.255;1;0
СтаврЭнСбп;60;20170526;180000;0.2575;0.2575;0.2575;0.2575;1;0
СтаврЭнСбп;60;20170529;180000;0.258;0.258;0.258;0.258;2;0
СтаврЭнСбп;60;20170530;100000;0.258;0.258;0.255;0.2575;6;0
СтаврЭнСбп;60;20170530;110000;0.2575;0.2575;0.2575;0.2575;1;0
СтаврЭнСбп;60;20170530;130000;0.2505;0.2505;0.235;0.25;46;0
СтаврЭнСбп;60;20170530;140000;0.2495;0.253;0.2495;0.253;5;0
СтаврЭнСбп;60;20170530;150000;0.25;0.251;0.246;0.251;36;0
СтаврЭнСбп;60;20170530;160000;0.2515;0.2515;0.2515;0.2515;1;0
СтаврЭнСбп;60;20170531;150000;0.25;0.25;0.25;0.25;2;0
СтаврЭнСбп;60;20170531;180000;0.2495;0.25;0.2495;0.25;5;0
СтаврЭнСбп;60;20170601;110000;0.241;0.2445;0.241;0.2445;9;0
СтаврЭнСбп;60;20170601;120000;0.2445;0.245;0.2445;0.245;16;0
СтаврЭнСбп;60;20170601;130000;0.245;0.245;0.245;0.245;2;0
СтаврЭнСбп;60;20170601;160000;0.2475;0.2475;0.2475;0.2475;1;0
СтаврЭнСбп;60;20170601;170000;0.2455;0.2455;0.245;0.245;50;0
СтаврЭнСбп;60;20170601;180000;0.2475;0.2475;0.2475;0.2475;3;0
СтаврЭнСбп;60;20170602;110000;0.2475;0.2475;0.2475;0.2475;1;0
СтаврЭнСбп;60;20170602;140000;0.2475;0.2475;0.2475;0.2475;20;0
СтаврЭнСбп;60;20170602;160000;0.251;0.251;0.251;0.251;1;0
СтаврЭнСбп;60;20170602;170000;0.2475;0.2475;0.247;0.247;2;0
СтаврЭнСбп;60;20170602;180000;0.248;0.248;0.248;0.248;1;0
СтаврЭнСбп;60;20170605;100000;0.25;0.2505;0.25;0.25;13;0
СтаврЭнСбп;60;20170605;110000;0.2505;0.2505;0.2505;0.2505;1;0
СтаврЭнСбп;60;20170605;120000;0.25;0.25;0.25;0.25;1;0
СтаврЭнСбп;60;20170605;150000;0.2505;0.2505;0.2505;0.2505;2;0
СтаврЭнСбп;60;20170605;160000;0.249;0.25;0.2475;0.25;4;0
СтаврЭнСбп;60;20170606;100000;0.2475;0.2485;0.244;0.248;13;0
СтаврЭнСбп;60;20170606;160000;0.25;0.251;0.25;0.25;12;0
СтаврЭнСбп;60;20170606;170000;0.25;0.25;0.2475;0.248;11;0
СтаврЭнСбп;60;20170606;180000;0.2485;0.251;0.248;0.248;30;0
СтаврЭнСбп;60;20170607;100000;0.25;0.25;0.249;0.249;6;0
СтаврЭнСбп;60;20170607;110000;0.249;0.25;0.249;0.25;3;0
СтаврЭнСбп;60;20170607;120000;0.2505;0.2505;0.25;0.25;3;0
СтаврЭнСбп;60;20170607;130000;0.251;0.251;0.251;0.251;1;0
СтаврЭнСбп;60;20170607;140000;0.25;0.251;0.25;0.25;7;0
СтаврЭнСбп;60;20170607;160000;0.2505;0.2505;0.25;0.2505;15;0
СтаврЭнСбп;60;20170607;170000;0.2505;0.2525;0.25;0.2515;573;0
СтаврЭнСбп;60;20170607;180000;0.25;0.2515;0.25;0.25;12;0
СтаврЭнСбп;60;20170608;100000;0.251;0.251;0.246;0.2495;17;0
СтаврЭнСбп;60;20170608;120000;0.251;0.2515;0.251;0.2515;4;0
СтаврЭнСбп;60;20170608;130000;0.253;0.253;0.2515;0.2515;2;0
СтаврЭнСбп;60;20170608;140000;0.251;0.251;0.245;0.245;14;0
СтаврЭнСбп;60;20170608;150000;0.248;0.249;0.248;0.249;16;0
СтаврЭнСбп;60;20170608;160000;0.2475;0.2475;0.2475;0.2475;1;0
СтаврЭнСбп;60;20170608;170000;0.247;0.247;0.2465;0.247;12;0
СтаврЭнСбп;60;20170609;100000;0.2425;0.247;0.2415;0.247;21;0
СтаврЭнСбп;60;20170609;120000;0.253;0.253;0.253;0.253;1;0
СтаврЭнСбп;60;20170609;170000;0.25;0.25;0.25;0.25;1;0
СтаврЭнСбп;60;20170613;120000;0.25;0.25;0.25;0.25;12;0
СтаврЭнСбп;60;20170613;130000;0.25;0.25;0.25;0.25;2;0
СтаврЭнСбп;60;20170613;140000;0.25;0.25;0.25;0.25;3;0
СтаврЭнСбп;60;20170613;170000;0.254;0.254;0.254;0.254;1;0
СтаврЭнСбп;60;20170614;090000;0.2525;0.2525;0.2525;0.2525;2;0
СтаврЭнСбп;60;20170614;120000;0.2455;0.2545;0.245;0.2505;1717;0
СтаврЭнСбп;60;20170614;130000;0.251;0.254;0.2505;0.2505;2653;0
СтаврЭнСбп;60;20170614;140000;0.251;0.251;0.251;0.251;5;0
СтаврЭнСбп;60;20170614;150000;0.2505;0.251;0.2505;0.251;2846;0
СтаврЭнСбп;60;20170614;160000;0.254;0.256;0.254;0.256;40;0
СтаврЭнСбп;60;20170614;170000;0.251;0.251;0.251;0.251;2;0
СтаврЭнСбп;60;20170614;180000;0.25;0.258;0.25;0.253;320;0
СтаврЭнСбп;60;20170615;100000;0.2515;0.2515;0.251;0.251;13;0
СтаврЭнСбп;60;20170615;120000;0.2515;0.2515;0.2515;0.2515;1;0
СтаврЭнСбп;60;20170615;150000;0.247;0.252;0.247;0.252;3;0
СтаврЭнСбп;60;20170615;170000;0.251;0.2515;0.251;0.2515;3;0
СтаврЭнСбп;60;20170616;130000;0.2525;0.2525;0.252;0.252;10;0
СтаврЭнСбп;60;20170616;140000;0.252;0.252;0.252;0.252;10;0
СтаврЭнСбп;60;20170616;150000;0.251;0.251;0.251;0.251;2;0
СтаврЭнСбп;60;20170616;180000;0.25;0.25;0.25;0.25;2;0
СтаврЭнСбп;60;20170619;100000;0.2555;0.262;0.2555;0.262;33;0
СтаврЭнСбп;60;20170619;110000;0.257;0.261;0.2565;0.259;6;0
СтаврЭнСбп;60;20170619;120000;0.257;0.258;0.2545;0.257;15;0
СтаврЭнСбп;60;20170619;130000;0.258;0.258;0.2535;0.2555;10;0
СтаврЭнСбп;60;20170619;140000;0.258;0.258;0.256;0.2575;6;0
СтаврЭнСбп;60;20170619;150000;0.257;0.257;0.255;0.255;10;0
СтаврЭнСбп;60;20170619;160000;0.2545;0.257;0.253;0.257;6;0
СтаврЭнСбп;60;20170619;170000;0.2545;0.2545;0.254;0.254;2;0
СтаврЭнСбп;60;20170619;180000;0.2525;0.2525;0.2525;0.2525;1;0
СтаврЭнСбп;60;20170620;110000;0.2555;0.257;0.2555;0.257;6;0
СтаврЭнСбп;60;20170620;130000;0.257;0.257;0.257;0.257;1;0
СтаврЭнСбп;60;20170620;140000;0.257;0.257;0.255;0.255;20;0
СтаврЭнСбп;60;20170620;150000;0.255;0.255;0.255;0.255;2;0
СтаврЭнСбп;60;20170620;160000;0.257;0.257;0.257;0.257;112;0
СтаврЭнСбп;60;20170620;170000;0.257;0.257;0.2545;0.2545;105;0
СтаврЭнСбп;60;20170620;180000;0.2545;0.2565;0.2545;0.2565;4;0
СтаврЭнСбп;60;20170621;120000;0.257;0.2595;0.257;0.2595;2;0
СтаврЭнСбп;60;20170621;130000;0.257;0.2595;0.2535;0.2575;23;0
СтаврЭнСбп;60;20170621;160000;0.257;0.258;0.257;0.258;5;0
СтаврЭнСбп;60;20170621;170000;0.255;0.255;0.2545;0.255;22;0
СтаврЭнСбп;60;20170621;180000;0.256;0.261;0.256;0.2605;184;0
СтаврЭнСбп;60;20170622;110000;0.2605;0.2615;0.2605;0.2615;4;0
СтаврЭнСбп;60;20170622;120000;0.2615;0.273;0.2615;0.273;788;0
СтаврЭнСбп;60;20170622;130000;0.272;0.272;0.27;0.27;20;0
СтаврЭнСбп;60;20170622;140000;0.269;0.273;0.262;0.262;186;0
СтаврЭнСбп;60;20170622;150000;0.2695;0.2705;0.2695;0.2705;10;0
СтаврЭнСбп;60;20170622;160000;0.2625;0.2625;0.262;0.262;69;0
СтаврЭнСбп;60;20170622;170000;0.26;0.2655;0.26;0.2655;5;0
СтаврЭнСбп;60;20170622;180000;0.2645;0.2655;0.264;0.2655;8;0
СтаврЭнСбп;60;20170623;100000;0.265;0.265;0.265;0.265;2;0
СтаврЭнСбп;60;20170623;110000;0.2635;0.2635;0.236;0.26;188;0
СтаврЭнСбп;60;20170623;120000;0.263;0.263;0.26;0.26;4;0
СтаврЭнСбп;60;20170623;130000;0.26;0.271;0.26;0.271;349;0
СтаврЭнСбп;60;20170623;140000;0.2705;0.2725;0.2705;0.2725;50;0
СтаврЭнСбп;60;20170623;170000;0.269;0.269;0.269;0.269;4;0
СтаврЭнСбп;60;20170623;180000;0.269;0.269;0.268;0.268;7;0
СтаврЭнСбп;60;20170626;100000;0.2715;0.2715;0.2715;0.2715;1;0
СтаврЭнСбп;60;20170626;110000;0.2725;0.2725;0.2725;0.2725;1;0
СтаврЭнСбп;60;20170626;120000;0.2665;0.2665;0.2605;0.2605;50;0
СтаврЭнСбп;60;20170626;140000;0.2675;0.2675;0.2675;0.2675;1;0
СтаврЭнСбп;60;20170626;150000;0.264;0.264;0.261;0.261;11;0
СтаврЭнСбп;60;20170626;170000;0.261;0.261;0.2595;0.26;104;0
СтаврЭнСбп;60;20170626;180000;0.261;0.269;0.261;0.269;26;0
СтаврЭнСбп;60;20170627;100000;0.2665;0.2665;0.2665;0.2665;3;0
СтаврЭнСбп;60;20170627;130000;0.27;0.27;0.27;0.27;3;0
СтаврЭнСбп;60;20170627;150000;0.27;0.27;0.27;0.27;1;0
СтаврЭнСбп;60;20170627;160000;0.27;0.27;0.27;0.27;1;0
СтаврЭнСбп;60;20170627;170000;0.2665;0.2665;0.266;0.266;5;0
СтаврЭнСбп;60;20170627;180000;0.2675;0.269;0.2675;0.269;2;0
СтаврЭнСбп;60;20170628;100000;0.269;0.269;0.269;0.269;1;0
СтаврЭнСбп;60;20170628;120000;0.2645;0.2645;0.263;0.263;147;0
СтаврЭнСбп;60;20170628;130000;0.2625;0.2625;0.2555;0.2555;59;0
СтаврЭнСбп;60;20170628;140000;0.2635;0.2635;0.262;0.262;33;0
СтаврЭнСбп;60;20170628;160000;0.262;0.262;0.261;0.262;11;0
СтаврЭнСбп;60;20170628;170000;0.2635;0.267;0.2635;0.265;83;0
СтаврЭнСбп;60;20170628;180000;0.2655;0.266;0.2655;0.266;5;0
СтаврЭнСбп;60;20170629;100000;0.266;0.2665;0.178;0.26;693;0
СтаврЭнСбп;60;20170629;110000;0.261;0.261;0.26;0.2605;114;0
СтаврЭнСбп;60;20170629;120000;0.26;0.26;0.26;0.26;113;0
СтаврЭнСбп;60;20170629;130000;0.2615;0.262;0.2615;0.262;2;0
СтаврЭнСбп;60;20170629;140000;0.263;0.266;0.263;0.2645;104;0
СтаврЭнСбп;60;20170629;150000;0.2635;0.2635;0.263;0.263;2;0
СтаврЭнСбп;60;20170629;170000;0.2625;0.2625;0.2625;0.2625;2;0
СтаврЭнСбп;60;20170629;180000;0.264;0.2705;0.264;0.27;653;0
СтаврЭнСбп;60;20170630;090000;0.243;0.243;0.243;0.243;10;0
СтаврЭнСбп;60;20170630;100000;0.243;0.277;0.24;0.244;175;0
СтаврЭнСбп;60;20170630;110000;0.2445;0.245;0.2445;0.2445;66;0
СтаврЭнСбп;60;20170630;120000;0.245;0.246;0.245;0.246;5;0
СтаврЭнСбп;60;20170630;130000;0.246;0.246;0.246;0.246;1;0
СтаврЭнСбп;60;20170630;140000;0.246;0.246;0.2435;0.2435;147;0
СтаврЭнСбп;60;20170630;150000;0.244;0.244;0.244;0.244;4;0
СтаврЭнСбп;60;20170630;160000;0.244;0.244;0.244;0.244;1;0
СтаврЭнСбп;60;20170630;170000;0.243;0.243;0.243;0.243;3;0
СтаврЭнСбп;60;20170630;180000;0.243;0.2435;0.2425;0.2425;5;0
СтаврЭнСбп;60;20170703;100000;0.255;0.255;0.249;0.249;2;0
СтаврЭнСбп;60;20170703;110000;0.241;0.242;0.241;0.2415;8;0
СтаврЭнСбп;60;20170703;120000;0.2405;0.2405;0.2275;0.2275;82;0
СтаврЭнСбп;60;20170703;130000;0.237;0.237;0.237;0.237;1;0
СтаврЭнСбп;60;20170703;150000;0.2325;0.2325;0.224;0.224;49;0
СтаврЭнСбп;60;20170703;160000;0.2355;0.2355;0.2345;0.2345;4;0
СтаврЭнСбп;60;20170703;170000;0.2325;0.2325;0.2325;0.2325;1;0
СтаврЭнСбп;60;20170703;180000;0.233;0.2345;0.233;0.2345;7;0
СтаврЭнСбп;60;20170704;100000;0.2375;0.241;0.235;0.241;4;0
СтаврЭнСбп;60;20170704;110000;0.239;0.25;0.239;0.25;5;0
СтаврЭнСбп;60;20170704;130000;0.2425;0.2425;0.2395;0.2395;23;0
СтаврЭнСбп;60;20170704;140000;0.2435;0.245;0.2405;0.2405;19;0
СтаврЭнСбп;60;20170704;180000;0.241;0.241;0.241;0.241;4;0
СтаврЭнСбп;60;20170705;100000;0.239;0.2465;0.2375;0.2405;34;0
СтаврЭнСбп;60;20170705;110000;0.2405;0.245;0.2405;0.245;6;0
СтаврЭнСбп;60;20170705;120000;0.2395;0.2395;0.2395;0.2395;4;0
СтаврЭнСбп;60;20170705;130000;0.24;0.24;0.2395;0.2395;5;0
СтаврЭнСбп;60;20170705;140000;0.2395;0.2445;0.2395;0.2445;62;0
СтаврЭнСбп;60;20170705;150000;0.241;0.241;0.2375;0.2375;12;0
СтаврЭнСбп;60;20170705;160000;0.237;0.239;0.237;0.239;8;0
СтаврЭнСбп;60;20170705;170000;0.238;0.242;0.238;0.242;4;0
СтаврЭнСбп;60;20170705;180000;0.2375;0.24;0.2375;0.24;3;0
СтаврЭнСбп;60;20170706;090000;0.25;0.25;0.25;0.25;1;0
СтаврЭнСбп;60;20170706;100000;0.248;0.249;0.2395;0.2395;33;0
СтаврЭнСбп;60;20170706;110000;0.2385;0.2385;0.238;0.238;13;0
СтаврЭнСбп;60;20170706;120000;0.2385;0.2385;0.238;0.238;18;0
СтаврЭнСбп;60;20170706;130000;0.239;0.239;0.236;0.236;6;0
СтаврЭнСбп;60;20170706;140000;0.236;0.239;0.236;0.238;11;0
СтаврЭнСбп;60;20170706;150000;0.2385;0.2385;0.2385;0.2385;1;0
СтаврЭнСбп;60;20170706;160000;0.2385;0.2385;0.2385;0.2385;1;0
СтаврЭнСбп;60;20170706;170000;0.2385;0.239;0.237;0.237;3;0
СтаврЭнСбп;60;20170706;180000;0.2375;0.239;0.2305;0.233;83;0
СтаврЭнСбп;60;20170707;100000;0.237;0.237;0.237;0.237;1;0
СтаврЭнСбп;60;20170707;130000;0.235;0.235;0.234;0.234;3;0
СтаврЭнСбп;60;20170707;150000;0.2345;0.236;0.2345;0.2345;3;0
СтаврЭнСбп;60;20170707;170000;0.233;0.233;0.23;0.23;61;0
СтаврЭнСбп;60;20170710;100000;0.2295;0.2375;0.2295;0.232;24;0
СтаврЭнСбп;60;20170710;110000;0.232;0.233;0.232;0.233;6;0
СтаврЭнСбп;60;20170710;120000;0.233;0.233;0.233;0.233;9;0
СтаврЭнСбп;60;20170710;130000;0.2315;0.2315;0.228;0.23;76;0
СтаврЭнСбп;60;20170710;150000;0.231;0.232;0.231;0.2315;7;0
СтаврЭнСбп;60;20170710;160000;0.233;0.2335;0.233;0.2335;6;0
СтаврЭнСбп;60;20170710;170000;0.234;0.234;0.234;0.234;4;0
СтаврЭнСбп;60;20170710;180000;0.2345;0.2345;0.2345;0.2345;2;0
СтаврЭнСбп;60;20170711;100000;0.23;0.231;0.23;0.231;11;0
СтаврЭнСбп;60;20170711;120000;0.234;0.2345;0.234;0.2345;3;0
СтаврЭнСбп;60;20170711;140000;0.2325;0.2325;0.21;0.21;288;0
СтаврЭнСбп;60;20170711;150000;0.23;0.23;0.2205;0.224;127;0
СтаврЭнСбп;60;20170711;160000;0.225;0.227;0.225;0.2255;19;0
СтаврЭнСбп;60;20170711;170000;0.2265;0.227;0.2265;0.227;2;0
СтаврЭнСбп;60;20170711;180000;0.2285;0.2285;0.2255;0.2255;4;0
СтаврЭнСбп;60;20170712;100000;0.232;0.233;0.232;0.233;103;0
СтаврЭнСбп;60;20170712;110000;0.234;0.234;0.231;0.231;2;0
СтаврЭнСбп;60;20170712;120000;0.232;0.232;0.22;0.2255;77;0
СтаврЭнСбп;60;20170712;150000;0.2325;0.2325;0.2325;0.2325;1;0
СтаврЭнСбп;60;20170713;100000;0.2325;0.2325;0.2325;0.2325;1;0
СтаврЭнСбп;60;20170713;180000;0.2325;0.2325;0.2325;0.2325;1;0
СтаврЭнСбп;60;20170714;100000;0.242;0.242;0.232;0.2345;3;0
СтаврЭнСбп;60;20170714;130000;0.235;0.235;0.235;0.235;5;0
СтаврЭнСбп;60;20170714;140000;0.2345;0.2345;0.2345;0.2345;1;0
СтаврЭнСбп;60;20170714;150000;0.235;0.2355;0.235;0.2355;4;0
СтаврЭнСбп;60;20170714;180000;0.2365;0.2365;0.2365;0.2365;3;0
СтаврЭнСбп;60;20170717;100000;0.237;0.2375;0.2355;0.2355;6;0
СтаврЭнСбп;60;20170717;110000;0.233;0.233;0.233;0.233;1;0
СтаврЭнСбп;60;20170717;120000;0.2345;0.2345;0.2345;0.2345;1;0
СтаврЭнСбп;60;20170717;160000;0.233;0.233;0.233;0.233;2;0
СтаврЭнСбп;60;20170718;130000;0.232;0.232;0.232;0.232;1;0
СтаврЭнСбп;60;20170718;150000;0.228;0.2285;0.228;0.2285;23;0
СтаврЭнСбп;60;20170718;170000;0.2295;0.2295;0.226;0.228;98;0
СтаврЭнСбп;60;20170718;180000;0.228;0.228;0.2275;0.2275;16;0
СтаврЭнСбп;60;20170719;110000;0.2295;0.2295;0.2295;0.2295;1;0
СтаврЭнСбп;60;20170719;120000;0.23;0.2315;0.23;0.2315;2;0
СтаврЭнСбп;60;20170719;140000;0.229;0.229;0.229;0.229;1;0
СтаврЭнСбп;60;20170719;170000;0.23;0.2305;0.23;0.2305;2;0
СтаврЭнСбп;60;20170720;100000;0.2485;0.2485;0.23;0.2305;5;0
СтаврЭнСбп;60;20170720;110000;0.2315;0.2315;0.2315;0.2315;1;0
СтаврЭнСбп;60;20170720;120000;0.231;0.232;0.231;0.232;5;0
СтаврЭнСбп;60;20170720;130000;0.231;0.2315;0.23;0.2305;120;0
СтаврЭнСбп;60;20170720;140000;0.2305;0.2305;0.2305;0.2305;1;0
СтаврЭнСбп;60;20170720;150000;0.2325;0.234;0.2325;0.2325;60;0
СтаврЭнСбп;60;20170720;180000;0.2295;0.2295;0.2295;0.2295;1;0
СтаврЭнСбп;60;20170721;100000;0.247;0.247;0.247;0.247;1;0
СтаврЭнСбп;60;20170721;110000;0.2295;0.23;0.229;0.23;6;0
СтаврЭнСбп;60;20170721;120000;0.229;0.23;0.2285;0.23;10;0
СтаврЭнСбп;60;20170721;130000;0.2305;0.2345;0.2305;0.2345;14;0
СтаврЭнСбп;60;20170721;140000;0.234;0.2445;0.234;0.244;65;0
СтаврЭнСбп;60;20170721;150000;0.243;0.246;0.24;0.2405;1046;0
СтаврЭнСбп;60;20170721;160000;0.242;0.242;0.2405;0.241;8;0
СтаврЭнСбп;60;20170721;180000;0.2415;0.2435;0.2415;0.2415;7;0
СтаврЭнСбп;60;20170724;100000;0.243;0.243;0.24;0.24;15;0
СтаврЭнСбп;60;20170724;110000;0.2405;0.2405;0.24;0.24;2;0
СтаврЭнСбп;60;20170724;120000;0.242;0.2425;0.242;0.2425;5;0
СтаврЭнСбп;60;20170724;130000;0.2425;0.2435;0.2425;0.2435;43;0
СтаврЭнСбп;60;20170724;140000;0.2435;0.2435;0.2435;0.2435;1;0
СтаврЭнСбп;60;20170724;150000;0.244;0.248;0.244;0.248;9;0
СтаврЭнСбп;60;20170724;180000;0.2465;0.2465;0.2455;0.2455;3;0
СтаврЭнСбп;60;20170725;100000;0.251;0.251;0.2445;0.245;24;0
СтаврЭнСбп;60;20170725;130000;0.244;0.245;0.244;0.245;31;0
СтаврЭнСбп;60;20170725;160000;0.245;0.247;0.245;0.245;388;0
СтаврЭнСбп;60;20170725;180000;0.244;0.2445;0.24;0.24;18;0
СтаврЭнСбп;60;20170726;100000;0.252;0.252;0.2465;0.2465;6;0
СтаврЭнСбп;60;20170726;110000;0.247;0.2515;0.247;0.2515;23;0
СтаврЭнСбп;60;20170726;120000;0.246;0.246;0.246;0.246;1;0
СтаврЭнСбп;60;20170726;130000;0.248;0.25;0.245;0.245;4;0
СтаврЭнСбп;60;20170726;150000;0.245;0.245;0.238;0.238;312;0
СтаврЭнСбп;60;20170726;160000;0.239;0.2395;0.239;0.2395;2;0
СтаврЭнСбп;60;20170726;170000;0.2395;0.24;0.2295;0.233;278;0
СтаврЭнСбп;60;20170726;180000;0.234;0.24;0.234;0.2395;14;0
СтаврЭнСбп;60;20170727;100000;0.235;0.235;0.231;0.234;55;0
СтаврЭнСбп;60;20170727;110000;0.233;0.234;0.233;0.234;7;0
СтаврЭнСбп;60;20170727;130000;0.234;0.235;0.234;0.235;4;0
СтаврЭнСбп;60;20170727;150000;0.237;0.237;0.237;0.237;1;0
СтаврЭнСбп;60;20170727;180000;0.238;0.238;0.238;0.238;10;0
СтаврЭнСбп;60;20170728;100000;0.2375;0.24;0.2345;0.236;231;0
СтаврЭнСбп;60;20170728;110000;0.2395;0.2395;0.238;0.238;31;0
СтаврЭнСбп;60;20170728;120000;0.2385;0.2405;0.2385;0.2405;4;0
СтаврЭнСбп;60;20170728;130000;0.238;0.239;0.2375;0.238;5;0
СтаврЭнСбп;60;20170728;150000;0.2385;0.2385;0.2385;0.2385;1;0
СтаврЭнСбп;60;20170728;160000;0.24;0.253;0.24;0.253;151;0
СтаврЭнСбп;60;20170728;170000;0.254;0.254;0.254;0.254;1;0
СтаврЭнСбп;60;20170731;100000;0.2525;0.2525;0.238;0.238;22;0
СтаврЭнСбп;60;20170731;110000;0.243;0.243;0.243;0.243;1;0
СтаврЭнСбп;60;20170731;150000;0.2445;0.2455;0.2445;0.2455;6;0
СтаврЭнСбп;60;20170731;160000;0.2455;0.246;0.2385;0.2385;8;0
СтаврЭнСбп;60;20170731;180000;0.2435;0.2485;0.242;0.242;14;0
СтаврЭнСбп;60;20170801;100000;0.254;0.254;0.2405;0.2405;8;0
СтаврЭнСбп;60;20170801;120000;0.241;0.2435;0.241;0.2435;15;0
СтаврЭнСбп;60;20170801;130000;0.2435;0.244;0.237;0.2375;12;0
СтаврЭнСбп;60;20170801;140000;0.2375;0.2495;0.237;0.2495;172;0
СтаврЭнСбп;60;20170801;150000;0.2495;0.2515;0.242;0.245;24;0
СтаврЭнСбп;60;20170801;160000;0.246;0.2495;0.246;0.247;7;0
СтаврЭнСбп;60;20170801;170000;0.248;0.248;0.248;0.248;1;0
СтаврЭнСбп;60;20170801;180000;0.2515;0.252;0.2515;0.252;3;0
СтаврЭнСбп;60;20170802;110000;0.253;0.2585;0.253;0.255;96;0
СтаврЭнСбп;60;20170802;120000;0.2585;0.2595;0.2585;0.2595;5;0
СтаврЭнСбп;60;20170802;130000;0.257;0.257;0.251;0.251;8;0
СтаврЭнСбп;60;20170802;180000;0.2535;0.2535;0.2535;0.2535;1;0
СтаврЭнСбп;60;20170803;100000;0.286;0.286;0.248;0.249;565;0
СтаврЭнСбп;60;20170803;110000;0.2505;0.2505;0.2505;0.2505;2;0
СтаврЭнСбп;60;20170803;130000;0.2515;0.2515;0.2505;0.2515;38;0
СтаврЭнСбп;60;20170803;140000;0.25;0.25;0.249;0.25;261;0
СтаврЭнСбп;60;20170803;150000;0.251;0.259;0.251;0.2585;18;0
СтаврЭнСбп;60;20170803;160000;0.2535;0.2535;0.2515;0.2515;13;0
СтаврЭнСбп;60;20170803;170000;0.25;0.25;0.25;0.25;2;0
СтаврЭнСбп;60;20170803;180000;0.2545;0.2545;0.2545;0.2545;1;0
СтаврЭнСбп;60;20170804;100000;0.2545;0.2555;0.2525;0.253;10;0
СтаврЭнСбп;60;20170804;120000;0.25;0.2505;0.25;0.2505;2;0
СтаврЭнСбп;60;20170804;160000;0.2515;0.2575;0.2515;0.2575;2;0
СтаврЭнСбп;60;20170804;180000;0.2535;0.2535;0.2535;0.2535;1;0
СтаврЭнСбп;60;20170807;100000;0.2485;0.251;0.2485;0.251;11;0
СтаврЭнСбп;60;20170807;110000;0.251;0.2565;0.251;0.2565;3;0
СтаврЭнСбп;60;20170807;130000;0.2515;0.2515;0.2515;0.2515;10;0
СтаврЭнСбп;60;20170807;140000;0.2505;0.258;0.2505;0.258;8;0
СтаврЭнСбп;60;20170807;150000;0.254;0.254;0.2535;0.254;4;0
СтаврЭнСбп;60;20170807;160000;0.252;0.253;0.252;0.253;6;0
СтаврЭнСбп;60;20170807;180000;0.253;0.253;0.253;0.253;1;0
СтаврЭнСбп;60;20170808;100000;0.245;0.2585;0.244;0.2535;24;0
СтаврЭнСбп;60;20170808;110000;0.2585;0.2585;0.2585;0.2585;1;0
СтаврЭнСбп;60;20170808;120000;0.2585;0.2595;0.2585;0.2595;5;0
СтаврЭнСбп;60;20170808;150000;0.255;0.259;0.254;0.259;21;0
СтаврЭнСбп;60;20170808;160000;0.2565;0.2605;0.2565;0.26;37;0
СтаврЭнСбп;60;20170808;170000;0.256;0.256;0.256;0.256;31;0
СтаврЭнСбп;60;20170809;100000;0.264;0.264;0.2505;0.2515;46;0
СтаврЭнСбп;60;20170809;110000;0.2565;0.2635;0.256;0.2635;6;0
СтаврЭнСбп;60;20170809;140000;0.2545;0.263;0.2545;0.257;38;0
СтаврЭнСбп;60;20170809;160000;0.256;0.256;0.252;0.252;16;0
СтаврЭнСбп;60;20170810;100000;0.2495;0.2495;0.247;0.247;32;0
СтаврЭнСбп;60;20170810;110000;0.247;0.263;0.247;0.263;3;0
СтаврЭнСбп;60;20170810;130000;0.253;0.253;0.252;0.253;5;0
СтаврЭнСбп;60;20170810;140000;0.252;0.2575;0.252;0.2575;2;0
СтаврЭнСбп;60;20170810;150000;0.2545;0.2545;0.2545;0.2545;1;0
СтаврЭнСбп;60;20170810;180000;0.253;0.253;0.2515;0.2515;4;0
СтаврЭнСбп;60;20170811;110000;0.252;0.2535;0.247;0.2535;113;0
СтаврЭнСбп;60;20170811;130000;0.2545;0.2545;0.2545;0.2545;30;0
СтаврЭнСбп;60;20170811;160000;0.2545;0.2695;0.2545;0.2695;370;0
СтаврЭнСбп;60;20170811;170000;0.2645;0.269;0.2645;0.268;7;0
СтаврЭнСбп;60;20170811;180000;0.265;0.2695;0.2645;0.267;173;0
СтаврЭнСбп;60;20170814;100000;0.2755;0.2755;0.267;0.27;28;0
СтаврЭнСбп;60;20170814;110000;0.27;0.27;0.268;0.268;3;0
СтаврЭнСбп;60;20170814;120000;0.273;0.273;0.2595;0.2715;40;0
СтаврЭнСбп;60;20170814;130000;0.2625;0.273;0.2625;0.273;154;0
СтаврЭнСбп;60;20170814;140000;0.273;0.2735;0.273;0.2735;131;0
СтаврЭнСбп;60;20170814;160000;0.2695;0.27;0.2695;0.27;38;0
СтаврЭнСбп;60;20170814;170000;0.2695;0.2735;0.2695;0.2735;48;0
СтаврЭнСбп;60;20170815;090000;0.2845;0.2845;0.2845;0.2845;215;0
СтаврЭнСбп;60;20170815;100000;0.2845;0.3175;0.2845;0.3;2839;0
СтаврЭнСбп;60;20170815;110000;0.3;0.32;0.3;0.32;1237;0
СтаврЭнСбп;60;20170815;120000;0.317;0.3275;0.317;0.32;691;0
СтаврЭнСбп;60;20170815;130000;0.3215;0.329;0.303;0.3245;6490;0
СтаврЭнСбп;60;20170815;140000;0.3215;0.3215;0.32;0.32;1035;0
СтаврЭнСбп;60;20170815;150000;0.32;0.32;0.3175;0.3175;13;0
СтаврЭнСбп;60;20170815;160000;0.317;0.3215;0.3155;0.3155;93;0
СтаврЭнСбп;60;20170815;170000;0.3155;0.325;0.315;0.325;478;0
СтаврЭнСбп;60;20170816;100000;0.3345;0.338;0.3235;0.3345;549;0
СтаврЭнСбп;60;20170816;110000;0.333;0.333;0.3295;0.3295;441;0
СтаврЭнСбп;60;20170816;120000;0.325;0.33;0.325;0.33;101;0
СтаврЭнСбп;60;20170816;130000;0.33;0.33;0.325;0.325;31;0
СтаврЭнСбп;60;20170816;140000;0.3295;0.3295;0.3215;0.3215;77;0
СтаврЭнСбп;60;20170816;150000;0.326;0.33;0.3255;0.326;176;0
СтаврЭнСбп;60;20170816;160000;0.3295;0.33;0.3295;0.33;39;0
СтаврЭнСбп;60;20170816;170000;0.33;0.33;0.33;0.33;2;0
СтаврЭнСбп;60;20170816;180000;0.33;0.334;0.33;0.334;6;0
СтаврЭнСбп;60;20170817;100000;0.337;0.337;0.329;0.3345;15;0
СтаврЭнСбп;60;20170817;110000;0.3285;0.33;0.327;0.327;146;0
СтаврЭнСбп;60;20170817;130000;0.327;0.327;0.327;0.327;3;0
СтаврЭнСбп;60;20170817;140000;0.327;0.33;0.327;0.3295;21;0
СтаврЭнСбп;60;20170817;150000;0.33;0.33;0.3215;0.3295;87;0
СтаврЭнСбп;60;20170817;180000;0.3295;0.33;0.3295;0.33;57;0
СтаврЭнСбп;60;20170818;100000;0.33;0.333;0.3275;0.3275;23;0
СтаврЭнСбп;60;20170818;110000;0.3275;0.33;0.3275;0.33;33;0
СтаврЭнСбп;60;20170818;120000;0.3295;0.33;0.3295;0.33;13;0
СтаврЭнСбп;60;20170818;130000;0.3295;0.3295;0.3295;0.3295;2;0
СтаврЭнСбп;60;20170818;140000;0.3295;0.3385;0.3295;0.3345;856;0
СтаврЭнСбп;60;20170818;150000;0.3345;0.3365;0.333;0.3365;40;0
СтаврЭнСбп;60;20170818;160000;0.3355;0.336;0.3355;0.336;13;0
СтаврЭнСбп;60;20170818;170000;0.3345;0.3345;0.325;0.325;286;0
СтаврЭнСбп;60;20170821;100000;0.33;0.332;0.3125;0.324;115;0
СтаврЭнСбп;60;20170821;110000;0.3235;0.3235;0.3235;0.3235;1;0
СтаврЭнСбп;60;20170821;120000;0.327;0.33;0.327;0.33;104;0
СтаврЭнСбп;60;20170821;140000;0.3305;0.3305;0.3305;0.3305;1;0
СтаврЭнСбп;60;20170821;160000;0.33;0.331;0.33;0.331;51;0
СтаврЭнСбп;60;20170821;170000;0.3305;0.3305;0.3175;0.3305;111;0
СтаврЭнСбп;60;20170821;180000;0.323;0.3315;0.323;0.33;544;0
СтаврЭнСбп;60;20170822;100000;0.33;0.3345;0.318;0.3345;60;0
СтаврЭнСбп;60;20170822;120000;0.3325;0.34;0.3255;0.34;943;0
СтаврЭнСбп;60;20170822;130000;0.3415;0.365;0.341;0.36;2508;0
СтаврЭнСбп;60;20170822;140000;0.36;0.362;0.3505;0.359;258;0
СтаврЭнСбп;60;20170822;150000;0.359;0.359;0.344;0.3545;377;0
СтаврЭнСбп;60;20170822;160000;0.347;0.39;0.347;0.387;3197;0
СтаврЭнСбп;60;20170822;170000;0.382;0.3865;0.358;0.359;952;0
СтаврЭнСбп;60;20170822;180000;0.3585;0.3585;0.3215;0.339;4984;0
СтаврЭнСбп;60;20170823;100000;0.3295;0.338;0.3245;0.338;101;0
СтаврЭнСбп;60;20170823;110000;0.332;0.351;0.33;0.35;711;0
СтаврЭнСбп;60;20170823;120000;0.35;0.3575;0.35;0.357;305;0
СтаврЭнСбп;60;20170823;130000;0.3565;0.3565;0.3495;0.3495;6;0
СтаврЭнСбп;60;20170823;140000;0.356;0.357;0.3495;0.3565;30;0
СтаврЭнСбп;60;20170823;150000;0.357;0.357;0.357;0.357;2;0
СтаврЭнСбп;60;20170823;160000;0.3495;0.3495;0.3305;0.3335;584;0
СтаврЭнСбп;60;20170823;170000;0.334;0.35;0.334;0.3485;604;0
СтаврЭнСбп;60;20170823;180000;0.3485;0.36;0.3445;0.3585;1089;0
СтаврЭнСбп;60;20170824;100000;0.3595;0.3595;0.3495;0.358;7;0
СтаврЭнСбп;60;20170824;110000;0.3575;0.358;0.349;0.3575;4;0
СтаврЭнСбп;60;20170824;120000;0.357;0.359;0.357;0.359;70;0
СтаврЭнСбп;60;20170824;130000;0.3575;0.358;0.3575;0.358;10;0
СтаврЭнСбп;60;20170824;160000;0.349;0.357;0.34;0.357;14;0
СтаврЭнСбп;60;20170824;170000;0.3555;0.3555;0.346;0.3495;65;0
СтаврЭнСбп;60;20170824;180000;0.3495;0.3635;0.3495;0.3635;480;0
СтаврЭнСбп;60;20170825;100000;0.364;0.394;0.364;0.3875;10875;0
СтаврЭнСбп;60;20170825;110000;0.386;0.3985;0.385;0.3985;18083;0
СтаврЭнСбп;60;20170825;120000;0.3985;0.399;0.392;0.395;9879;0
СтаврЭнСбп;60;20170825;130000;0.395;0.398;0.3715;0.385;15574;0
СтаврЭнСбп;60;20170825;140000;0.3795;0.385;0.3675;0.372;2270;0
СтаврЭнСбп;60;20170825;150000;0.3685;0.379;0.3675;0.375;314;0
СтаврЭнСбп;60;20170825;160000;0.377;0.3875;0.3755;0.3825;1838;0
СтаврЭнСбп;60;20170825;170000;0.3825;0.39;0.351;0.3645;10992;0
СтаврЭнСбп;60;20170825;180000;0.3625;0.365;0.356;0.365;299;0
СтаврЭнСбп;60;20170828;100000;0.368;0.3885;0.367;0.372;1740;0
СтаврЭнСбп;60;20170828;110000;0.3735;0.388;0.371;0.388;350;0
СтаврЭнСбп;60;20170828;120000;0.376;0.377;0.3695;0.373;420;0
СтаврЭнСбп;60;20170828;130000;0.3685;0.386;0.36;0.369;4216;0
СтаврЭнСбп;60;20170828;140000;0.369;0.369;0.367;0.369;15;0
СтаврЭнСбп;60;20170828;150000;0.363;0.3635;0.3585;0.3635;103;0
СтаврЭнСбп;60;20170828;160000;0.363;0.363;0.3455;0.3495;951;0
СтаврЭнСбп;60;20170828;170000;0.3525;0.3525;0.35;0.35;59;0
СтаврЭнСбп;60;20170828;180000;0.3535;0.3555;0.351;0.3515;42;0
СтаврЭнСбп;60;20170829;100000;0.3535;0.3535;0.352;0.3525;7;0
СтаврЭнСбп;60;20170829;110000;0.3455;0.3455;0.345;0.3455;17;0
СтаврЭнСбп;60;20170829;120000;0.345;0.352;0.3445;0.345;59;0
СтаврЭнСбп;60;20170829;130000;0.346;0.349;0.343;0.3455;90;0
СтаврЭнСбп;60;20170829;140000;0.344;0.344;0.337;0.3395;400;0
СтаврЭнСбп;60;20170829;150000;0.34;0.34;0.3395;0.34;144;0
СтаврЭнСбп;60;20170829;160000;0.3385;0.34;0.335;0.335;168;0
СтаврЭнСбп;60;20170829;170000;0.34;0.343;0.332;0.335;516;0
СтаврЭнСбп;60;20170829;180000;0.336;0.3395;0.3355;0.3355;59;0
СтаврЭнСбп;60;20170830;100000;0.3355;0.3465;0.335;0.345;148;0
СтаврЭнСбп;60;20170830;110000;0.3465;0.352;0.345;0.345;445;0
СтаврЭнСбп;60;20170830;120000;0.347;0.351;0.345;0.3455;26;0
СтаврЭнСбп;60;20170830;130000;0.3425;0.3455;0.3425;0.343;15;0
СтаврЭнСбп;60;20170830;140000;0.3455;0.3455;0.3435;0.345;14;0
СтаврЭнСбп;60;20170830;150000;0.345;0.345;0.3395;0.343;57;0
СтаврЭнСбп;60;20170830;160000;0.34;0.342;0.3395;0.3405;13;0
СтаврЭнСбп;60;20170830;170000;0.3425;0.3425;0.3385;0.3405;21;0
СтаврЭнСбп;60;20170830;180000;0.339;0.3405;0.339;0.3395;23;0
СтаврЭнСбп;60;20170831;100000;0.3395;0.3445;0.3395;0.3425;15;0
СтаврЭнСбп;60;20170831;110000;0.342;0.3425;0.339;0.339;21;0
СтаврЭнСбп;60;20170831;120000;0.3405;0.3445;0.3365;0.3365;76;0
СтаврЭнСбп;60;20170831;130000;0.34;0.341;0.3395;0.3405;35;0
СтаврЭнСбп;60;20170831;140000;0.3395;0.34;0.338;0.3385;21;0
СтаврЭнСбп;60;20170831;150000;0.3385;0.3385;0.338;0.338;17;0
СтаврЭнСбп;60;20170831;160000;0.338;0.34;0.338;0.34;10;0
СтаврЭнСбп;60;20170831;170000;0.34;0.34;0.3375;0.3375;23;0
СтаврЭнСбп;60;20170831;180000;0.3395;0.343;0.338;0.343;9;0
СтаврЭнСбп;60;20170901;100000;0.346;0.356;0.338;0.356;538;0
СтаврЭнСбп;60;20170901;110000;0.3565;0.3605;0.3505;0.357;559;0
СтаврЭнСбп;60;20170901;120000;0.357;0.357;0.3535;0.3535;6;0
СтаврЭнСбп;60;20170901;130000;0.354;0.359;0.3535;0.3565;8;0
СтаврЭнСбп;60;20170901;140000;0.3545;0.3565;0.354;0.3545;12;0
СтаврЭнСбп;60;20170901;150000;0.3535;0.355;0.35;0.353;70;0
СтаврЭнСбп;60;20170901;160000;0.352;0.352;0.352;0.352;1;0
СтаврЭнСбп;60;20170901;170000;0.3525;0.353;0.3525;0.353;2;0
СтаврЭнСбп;60;20170901;180000;0.3525;0.3525;0.351;0.3525;5;0
СтаврЭнСбп;60;20170904;100000;0.353;0.3565;0.353;0.3565;10;0
СтаврЭнСбп;60;20170904;110000;0.352;0.3565;0.352;0.3555;53;0
СтаврЭнСбп;60;20170904;120000;0.3535;0.3535;0.353;0.353;2;0
СтаврЭнСбп;60;20170904;130000;0.354;0.356;0.354;0.356;10;0
СтаврЭнСбп;60;20170904;140000;0.356;0.364;0.3545;0.364;233;0
СтаврЭнСбп;60;20170904;150000;0.364;0.367;0.3615;0.3635;305;0
СтаврЭнСбп;60;20170904;160000;0.365;0.368;0.358;0.3675;123;0
СтаврЭнСбп;60;20170904;180000;0.361;0.3625;0.3605;0.3625;21;0
СтаврЭнСбп;60;20170905;090000;0.365;0.365;0.365;0.365;5;0
СтаврЭнСбп;60;20170905;100000;0.3595;0.36;0.355;0.3595;38;0
СтаврЭнСбп;60;20170905;110000;0.359;0.36;0.359;0.36;3;0
СтаврЭнСбп;60;20170905;120000;0.359;0.3595;0.355;0.3565;30;0
СтаврЭнСбп;60;20170905;130000;0.357;0.357;0.357;0.357;2;0
СтаврЭнСбп;60;20170905;150000;0.354;0.3555;0.353;0.3555;8;0
СтаврЭнСбп;60;20170905;160000;0.3555;0.356;0.3555;0.356;2;0
СтаврЭнСбп;60;20170905;170000;0.3535;0.3535;0.35;0.351;60;0
СтаврЭнСбп;60;20170905;180000;0.349;0.3555;0.349;0.3545;94;0
СтаврЭнСбп;60;20170906;100000;0.3545;0.355;0.3545;0.355;4;0
СтаврЭнСбп;60;20170906;110000;0.356;0.357;0.355;0.355;7;0
СтаврЭнСбп;60;20170906;120000;0.3555;0.3565;0.3555;0.3565;4;0
СтаврЭнСбп;60;20170906;130000;0.3515;0.3515;0.344;0.3515;46;0
СтаврЭнСбп;60;20170906;160000;0.35;0.3505;0.3435;0.3485;233;0
СтаврЭнСбп;60;20170906;170000;0.351;0.351;0.351;0.351;1;0
СтаврЭнСбп;60;20170906;180000;0.3495;0.35;0.332;0.3425;754;0
СтаврЭнСбп;60;20170907;100000;0.339;0.349;0.3375;0.3445;52;0
СтаврЭнСбп;60;20170907;110000;0.3445;0.3445;0.3445;0.3445;1;0
СтаврЭнСбп;60;20170907;120000;0.3445;0.3445;0.3445;0.3445;2;0
СтаврЭнСбп;60;20170907;130000;0.347;0.347;0.347;0.347;10;0
СтаврЭнСбп;60;20170907;140000;0.347;0.347;0.347;0.347;6;0
СтаврЭнСбп;60;20170907;150000;0.3425;0.344;0.335;0.344;201;0
СтаврЭнСбп;60;20170907;160000;0.3435;0.3435;0.3435;0.3435;2;0
СтаврЭнСбп;60;20170907;170000;0.34;0.3435;0.33;0.3345;217;0
СтаврЭнСбп;60;20170907;180000;0.3365;0.3425;0.3305;0.3425;358;0
СтаврЭнСбп;60;20170908;100000;0.336;0.336;0.3165;0.3355;262;0
СтаврЭнСбп;60;20170908;110000;0.336;0.336;0.3355;0.336;3;0
СтаврЭнСбп;60;20170908;120000;0.336;0.336;0.336;0.336;1;0
СтаврЭнСбп;60;20170908;130000;0.3365;0.337;0.3365;0.337;2;0
СтаврЭнСбп;60;20170908;140000;0.337;0.337;0.337;0.337;1;0
СтаврЭнСбп;60;20170908;180000;0.3355;0.3355;0.33;0.33;161;0
СтаврЭнСбп;60;20170911;100000;0.337;0.34;0.337;0.339;124;0
СтаврЭнСбп;60;20170911;120000;0.339;0.339;0.3345;0.338;3;0
СтаврЭнСбп;60;20170911;140000;0.3375;0.3395;0.3375;0.3395;30;0
СтаврЭнСбп;60;20170911;150000;0.3395;0.3395;0.3395;0.3395;13;0
СтаврЭнСбп;60;20170911;160000;0.3395;0.3395;0.3395;0.3395;1;0
СтаврЭнСбп;60;20170911;170000;0.337;0.34;0.335;0.34;284;0
СтаврЭнСбп;60;20170911;180000;0.339;0.3405;0.339;0.3405;329;0
СтаврЭнСбп;60;20170912;100000;0.341;0.341;0.341;0.341;1;0
СтаврЭнСбп;60;20170912;110000;0.3415;0.3415;0.3395;0.34;46;0
СтаврЭнСбп;60;20170912;120000;0.3405;0.3435;0.3405;0.3435;15;0
СтаврЭнСбп;60;20170912;130000;0.3435;0.347;0.3435;0.347;35;0
СтаврЭнСбп;60;20170912;140000;0.347;0.3475;0.347;0.3475;10;0
СтаврЭнСбп;60;20170912;150000;0.345;0.348;0.344;0.347;10;0
СтаврЭнСбп;60;20170912;160000;0.3435;0.346;0.3435;0.344;11;0
СтаврЭнСбп;60;20170912;170000;0.3445;0.3475;0.343;0.344;97;0
СтаврЭнСбп;60;20170912;180000;0.345;0.3465;0.344;0.3465;17;0
СтаврЭнСбп;60;20170913;100000;0.347;0.3475;0.344;0.3455;22;0
СтаврЭнСбп;60;20170913;110000;0.345;0.345;0.343;0.343;3;0
СтаврЭнСбп;60;20170913;120000;0.3445;0.3445;0.3445;0.3445;1;0
СтаврЭнСбп;60;20170913;130000;0.3445;0.347;0.3445;0.347;26;0
СтаврЭнСбп;60;20170913;160000;0.345;0.345;0.345;0.345;1;0
СтаврЭнСбп;60;20170913;170000;0.344;0.346;0.342;0.342;26;0
СтаврЭнСбп;60;20170913;180000;0.341;0.341;0.3385;0.3405;30;0
СтаврЭнСбп;60;20170914;100000;0.3385;0.34;0.3385;0.34;12;0
СтаврЭнСбп;60;20170914;110000;0.34;0.34;0.3385;0.3395;120;0
СтаврЭнСбп;60;20170914;120000;0.34;0.34;0.34;0.34;1;0
СтаврЭнСбп;60;20170914;130000;0.34;0.34;0.34;0.34;1;0
СтаврЭнСбп;60;20170914;140000;0.34;0.34;0.34;0.34;8;0
СтаврЭнСбп;60;20170914;160000;0.3405;0.3405;0.3405;0.3405;5;0
СтаврЭнСбп;60;20170914;170000;0.339;0.34;0.339;0.34;6;0
СтаврЭнСбп;60;20170914;180000;0.34;0.34;0.34;0.34;1;0
СтаврЭнСбп;60;20170915;100000;0.3395;0.3395;0.336;0.3395;29;0
СтаврЭнСбп;60;20170915;110000;0.341;0.341;0.341;0.341;1;0
СтаврЭнСбп;60;20170915;130000;0.341;0.341;0.341;0.341;1;0
СтаврЭнСбп;60;20170915;140000;0.3395;0.34;0.3395;0.34;2;0
СтаврЭнСбп;60;20170915;150000;0.341;0.3415;0.341;0.3415;2;0
СтаврЭнСбп;60;20170915;160000;0.343;0.344;0.341;0.344;9;0
СтаврЭнСбп;60;20170915;180000;0.344;0.345;0.344;0.345;3;0
СтаврЭнСбп;60;20170918;100000;0.346;0.346;0.346;0.346;1;0
СтаврЭнСбп;60;20170918;110000;0.3455;0.346;0.344;0.344;6;0
СтаврЭнСбп;60;20170918;120000;0.3445;0.345;0.344;0.344;9;0
СтаврЭнСбп;60;20170918;140000;0.3445;0.3475;0.3445;0.3475;10;0
СтаврЭнСбп;60;20170918;150000;0.3475;0.348;0.3455;0.3455;10;0
СтаврЭнСбп;60;20170918;160000;0.346;0.346;0.3405;0.3435;29;0
СтаврЭнСбп;60;20170918;170000;0.343;0.343;0.343;0.343;1;0
СтаврЭнСбп;60;20170918;180000;0.3435;0.3465;0.3435;0.3465;11;0
СтаврЭнСбп;60;20170919;100000;0.343;0.348;0.343;0.344;74;0
СтаврЭнСбп;60;20170919;120000;0.3435;0.3435;0.3435;0.3435;12;0
СтаврЭнСбп;60;20170919;130000;0.3435;0.3435;0.3435;0.3435;1;0
СтаврЭнСбп;60;20170919;140000;0.344;0.344;0.341;0.341;44;0
СтаврЭнСбп;60;20170919;150000;0.341;0.342;0.34;0.34;96;0
СтаврЭнСбп;60;20170919;160000;0.341;0.341;0.34;0.34;7;0
СтаврЭнСбп;60;20170919;170000;0.34;0.34;0.337;0.3395;50;0
СтаврЭнСбп;60;20170919;180000;0.337;0.337;0.337;0.337;10;0
СтаврЭнСбп;60;20170920;120000;0.34;0.34;0.34;0.34;1;0
СтаврЭнСбп;60;20170920;150000;0.341;0.341;0.3405;0.341;5;0
СтаврЭнСбп;60;20170921;090000;0.341;0.341;0.341;0.341;2;0
СтаврЭнСбп;60;20170921;100000;0.341;0.341;0.341;0.341;2;0
СтаврЭнСбп;60;20170921;120000;0.341;0.341;0.341;0.341;5;0
СтаврЭнСбп;60;20170921;150000;0.341;0.341;0.341;0.341;6;0
СтаврЭнСбп;60;20170921;170000;0.341;0.341;0.341;0.341;1;0
СтаврЭнСбп;60;20170922;110000;0.341;0.3415;0.34;0.34;106;0
СтаврЭнСбп;60;20170922;120000;0.3405;0.342;0.3405;0.342;11;0
СтаврЭнСбп;60;20170922;130000;0.3405;0.3405;0.34;0.34;19;0
СтаврЭнСбп;60;20170922;140000;0.342;0.342;0.342;0.342;3;0
СтаврЭнСбп;60;20170922;150000;0.342;0.342;0.34;0.34;44;0
СтаврЭнСбп;60;20170922;160000;0.34;0.34;0.34;0.34;1;0
СтаврЭнСбп;60;20170922;180000;0.34;0.34;0.34;0.34;2;0
СтаврЭнСбп;60;20170925;120000;0.3395;0.34;0.339;0.34;7;0
СтаврЭнСбп;60;20170925;130000;0.34;0.3405;0.34;0.3405;2;0
СтаврЭнСбп;60;20170925;140000;0.341;0.341;0.341;0.341;2;0
СтаврЭнСбп;60;20170925;160000;0.3395;0.3395;0.3395;0.3395;4;0
СтаврЭнСбп;60;20170925;170000;0.3385;0.342;0.3385;0.342;202;0
СтаврЭнСбп;60;20170926;120000;0.3425;0.344;0.3425;0.344;9;0
СтаврЭнСбп;60;20170926;140000;0.344;0.344;0.34;0.3435;59;0
СтаврЭнСбп;60;20170926;150000;0.3435;0.345;0.34;0.34;146;0
СтаврЭнСбп;60;20170926;160000;0.342;0.342;0.342;0.342;1;0
СтаврЭнСбп;60;20170926;170000;0.3405;0.3405;0.34;0.34;68;0
СтаврЭнСбп;60;20170926;180000;0.34;0.34;0.34;0.34;3;0
СтаврЭнСбп;60;20170927;100000;0.34;0.3405;0.3395;0.3405;5;0
СтаврЭнСбп;60;20170927;120000;0.3405;0.3415;0.3405;0.3415;93;0
СтаврЭнСбп;60;20170927;150000;0.34;0.34;0.339;0.339;31;0
СтаврЭнСбп;60;20170927;160000;0.3395;0.3415;0.339;0.3415;6;0
СтаврЭнСбп;60;20170927;180000;0.338;0.338;0.3295;0.3355;84;0
СтаврЭнСбп;60;20170928;140000;0.339;0.34;0.3385;0.34;46;0
СтаврЭнСбп;60;20170928;160000;0.3405;0.3405;0.34;0.34;2;0
СтаврЭнСбп;60;20170928;170000;0.34;0.3405;0.34;0.3405;24;0
СтаврЭнСбп;60;20170928;180000;0.3415;0.348;0.3415;0.348;213;0
СтаврЭнСбп;60;20170929;110000;0.348;0.348;0.348;0.348;4;0
СтаврЭнСбп;60;20170929;160000;0.348;0.3485;0.348;0.3485;16;0
СтаврЭнСбп;60;20170929;170000;0.348;0.348;0.348;0.348;10;0
СтаврЭнСбп;60;20171002;100000;0.3495;0.3505;0.3495;0.3505;2;0
СтаврЭнСбп;60;20171002;110000;0.3485;0.3485;0.3485;0.3485;1;0
СтаврЭнСбп;60;20171002;160000;0.348;0.349;0.348;0.349;9;0
СтаврЭнСбп;60;20171002;170000;0.3485;0.3485;0.3485;0.3485;1;0
СтаврЭнСбп;60;20171002;180000;0.349;0.349;0.349;0.349;1;0
СтаврЭнСбп;60;20171003;170000;0.349;0.3495;0.349;0.3495;121;0
СтаврЭнСбп;60;20171003;180000;0.3495;0.3495;0.3495;0.3495;2;0
СтаврЭнСбп;60;20171004;100000;0.349;0.349;0.349;0.349;17;0
СтаврЭнСбп;60;20171004;120000;0.349;0.349;0.349;0.349;40;0
СтаврЭнСбп;60;20171004;140000;0.349;0.349;0.349;0.349;3;0
СтаврЭнСбп;60;20171004;150000;0.3495;0.3495;0.3495;0.3495;10;0
СтаврЭнСбп;60;20171004;170000;0.3495;0.3495;0.3495;0.3495;105;0
СтаврЭнСбп;60;20171004;180000;0.3495;0.35;0.346;0.346;400;0
СтаврЭнСбп;60;20171005;130000;0.3405;0.3405;0.3405;0.3405;1;0
СтаврЭнСбп;60;20171005;150000;0.348;0.349;0.348;0.349;18;0
СтаврЭнСбп;60;20171005;170000;0.349;0.349;0.349;0.349;12;0
СтаврЭнСбп;60;20171006;110000;0.349;0.349;0.349;0.349;2;0
СтаврЭнСбп;60;20171006;120000;0.3415;0.345;0.34;0.345;57;0
СтаврЭнСбп;60;20171006;130000;0.3455;0.3455;0.3445;0.3445;3;0
СтаврЭнСбп;60;20171006;160000;0.3415;0.3415;0.3415;0.3415;2;0
СтаврЭнСбп;60;20171006;180000;0.3435;0.345;0.341;0.345;7;0
СтаврЭнСбп;60;20171009;100000;0.3475;0.3475;0.3405;0.3405;3;0
СтаврЭнСбп;60;20171009;110000;0.3405;0.3405;0.34;0.34;106;0
СтаврЭнСбп;60;20171009;120000;0.3435;0.3435;0.34;0.34;151;0
СтаврЭнСбп;60;20171009;130000;0.345;0.346;0.345;0.346;21;0
СтаврЭнСбп;60;20171009;140000;0.346;0.3485;0.346;0.3485;107;0
СтаврЭнСбп;60;20171009;150000;0.3485;0.3485;0.3485;0.3485;20;0
СтаврЭнСбп;60;20171009;170000;0.3475;0.3485;0.3475;0.3485;150;0
СтаврЭнСбп;60;20171009;180000;0.3485;0.3485;0.3485;0.3485;6;0
СтаврЭнСбп;60;20171010;100000;0.3515;0.3515;0.3515;0.3515;30;0
СтаврЭнСбп;60;20171010;120000;0.348;0.348;0.3465;0.3475;37;0
СтаврЭнСбп;60;20171010;140000;0.347;0.3545;0.3465;0.3545;590;0
СтаврЭнСбп;60;20171010;150000;0.3585;0.359;0.35;0.35;602;0
СтаврЭнСбп;60;20171010;160000;0.355;0.358;0.3545;0.358;10;0
СтаврЭнСбп;60;20171010;170000;0.3555;0.357;0.3495;0.355;431;0
СтаврЭнСбп;60;20171010;180000;0.351;0.3545;0.35;0.3545;112;0
СтаврЭнСбп;60;20171011;100000;0.3665;0.3665;0.356;0.356;4;0
СтаврЭнСбп;60;20171011;110000;0.3595;0.3605;0.3595;0.3605;307;0
СтаврЭнСбп;60;20171011;140000;0.3595;0.3595;0.3565;0.3565;4;0
СтаврЭнСбп;60;20171011;150000;0.3595;0.36;0.357;0.36;158;0
СтаврЭнСбп;60;20171011;160000;0.358;0.358;0.358;0.358;56;0
СтаврЭнСбп;60;20171011;170000;0.3595;0.3595;0.35;0.35;132;0
СтаврЭнСбп;60;20171011;180000;0.3595;0.3615;0.35;0.3615;162;0
СтаврЭнСбп;60;20171012;120000;0.3525;0.353;0.35;0.3525;125;0
СтаврЭнСбп;60;20171012;130000;0.351;0.352;0.3495;0.3495;6;0
СтаврЭнСбп;60;20171012;140000;0.3505;0.365;0.35;0.365;83;0
СтаврЭнСбп;60;20171012;160000;0.3645;0.365;0.3645;0.365;92;0
СтаврЭнСбп;60;20171012;170000;0.365;0.365;0.3645;0.365;6;0
СтаврЭнСбп;60;20171012;180000;0.365;0.367;0.365;0.367;20;0
СтаврЭнСбп;60;20171013;110000;0.3665;0.3665;0.3605;0.366;47;0
СтаврЭнСбп;60;20171013;120000;0.3655;0.3655;0.365;0.365;24;0
СтаврЭнСбп;60;20171013;130000;0.366;0.366;0.366;0.366;4;0
СтаврЭнСбп;60;20171013;180000;0.3655;0.3655;0.3575;0.365;11;0
СтаврЭнСбп;60;20171016;090000;0.3685;0.3685;0.3685;0.3685;20;0
СтаврЭнСбп;60;20171016;100000;0.3685;0.5105;0.3685;0.4135;2158;0
СтаврЭнСбп;60;20171016;110000;0.415;0.42;0.371;0.391;1716;0
СтаврЭнСбп;60;20171016;120000;0.391;0.399;0.3855;0.398;68;0
СтаврЭнСбп;60;20171016;130000;0.396;0.41;0.396;0.408;199;0
СтаврЭнСбп;60;20171016;140000;0.408;0.41;0.4;0.4005;176;0
СтаврЭнСбп;60;20171016;150000;0.4005;0.407;0.3995;0.406;319;0
СтаврЭнСбп;60;20171016;160000;0.4;0.4065;0.4;0.4065;60;0
СтаврЭнСбп;60;20171016;170000;0.4045;0.4305;0.395;0.43;1061;0
СтаврЭнСбп;60;20171016;180000;0.422;0.4295;0.3955;0.4;293;0
СтаврЭнСбп;60;20171017;090000;0.4265;0.4265;0.4265;0.4265;5;0
СтаврЭнСбп;60;20171017;100000;0.392;0.4;0.3905;0.391;19;0
СтаврЭнСбп;60;20171017;110000;0.3905;0.391;0.3855;0.3855;168;0
СтаврЭнСбп;60;20171017;120000;0.3855;0.3855;0.3845;0.3845;17;0
СтаврЭнСбп;60;20171017;130000;0.384;0.384;0.3825;0.383;15;0
СтаврЭнСбп;60;20171017;140000;0.3815;0.3815;0.381;0.381;67;0
СтаврЭнСбп;60;20171017;150000;0.3815;0.3865;0.381;0.3865;98;0
СтаврЭнСбп;60;20171017;160000;0.387;0.3885;0.38;0.38;190;0
СтаврЭнСбп;60;20171017;170000;0.3855;0.3865;0.37;0.3785;1036;0
СтаврЭнСбп;60;20171017;180000;0.375;0.3785;0.371;0.371;468;0
СтаврЭнСбп;60;20171018;090000;0.385;0.385;0.385;0.385;19;0
СтаврЭнСбп;60;20171018;110000;0.3745;0.382;0.37;0.372;83;0
СтаврЭнСбп;60;20171018;120000;0.375;0.375;0.375;0.375;1;0
СтаврЭнСбп;60;20171018;130000;0.3785;0.3795;0.3785;0.3795;5;0
СтаврЭнСбп;60;20171018;140000;0.3795;0.38;0.3795;0.38;5;0
СтаврЭнСбп;60;20171018;150000;0.38;0.38;0.38;0.38;5;0
СтаврЭнСбп;60;20171018;160000;0.377;0.377;0.377;0.377;7;0
СтаврЭнСбп;60;20171018;180000;0.383;0.384;0.375;0.375;26;0
СтаврЭнСбп;60;20171019;100000;0.375;0.375;0.375;0.375;1;0
СтаврЭнСбп;60;20171019;110000;0.375;0.375;0.375;0.375;1;0
СтаврЭнСбп;60;20171019;120000;0.379;0.38;0.379;0.38;12;0
СтаврЭнСбп;60;20171019;130000;0.38;0.38;0.38;0.38;2;0
СтаврЭнСбп;60;20171019;140000;0.375;0.38;0.3725;0.38;10;0
СтаврЭнСбп;60;20171019;150000;0.3805;0.3865;0.3805;0.382;35;0
СтаврЭнСбп;60;20171019;160000;0.385;0.39;0.385;0.389;38;0
СтаврЭнСбп;60;20171019;170000;0.3885;0.39;0.384;0.389;72;0
СтаврЭнСбп;60;20171019;180000;0.389;0.39;0.389;0.39;173;0
СтаврЭнСбп;60;20171020;100000;0.3895;0.394;0.3895;0.394;10;0
СтаврЭнСбп;60;20171020;120000;0.394;0.394;0.393;0.393;3;0
СтаврЭнСбп;60;20171020;130000;0.393;0.393;0.393;0.393;2;0
СтаврЭнСбп;60;20171020;140000;0.393;0.393;0.393;0.393;1;0
СтаврЭнСбп;60;20171020;150000;0.394;0.3945;0.394;0.3945;19;0
СтаврЭнСбп;60;20171020;160000;0.3885;0.392;0.382;0.392;7;0
СтаврЭнСбп;60;20171020;180000;0.394;0.3945;0.39;0.394;42;0
СтаврЭнСбп;60;20171023;100000;0.399;0.4;0.395;0.395;26;0
СтаврЭнСбп;60;20171023;110000;0.395;0.395;0.395;0.395;1;0
СтаврЭнСбп;60;20171023;150000;0.395;0.4;0.395;0.4;20;0
СтаврЭнСбп;60;20171023;160000;0.399;0.399;0.387;0.3985;12;0
СтаврЭнСбп;60;20171023;170000;0.3945;0.3945;0.3905;0.3905;14;0
СтаврЭнСбп;60;20171023;180000;0.396;0.396;0.39;0.39;15;0
СтаврЭнСбп;60;20171024;110000;0.391;0.391;0.39;0.39;53;0
СтаврЭнСбп;60;20171024;120000;0.39;0.39;0.3845;0.389;105;0
СтаврЭнСбп;60;20171024;130000;0.389;0.389;0.389;0.389;2;0
СтаврЭнСбп;60;20171024;140000;0.3855;0.392;0.383;0.383;152;0
СтаврЭнСбп;60;20171024;150000;0.3825;0.3825;0.3825;0.3825;2;0
СтаврЭнСбп;60;20171024;160000;0.3825;0.3825;0.3825;0.3825;1;0
СтаврЭнСбп;60;20171024;170000;0.383;0.3915;0.383;0.391;196;0
СтаврЭнСбп;60;20171024;180000;0.392;0.3945;0.392;0.3945;2;0
СтаврЭнСбп;60;20171025;100000;0.3915;0.403;0.3915;0.403;8;0
СтаврЭнСбп;60;20171025;120000;0.395;0.403;0.395;0.403;25;0
СтаврЭнСбп;60;20171025;160000;0.402;0.403;0.3845;0.3915;134;0
СтаврЭнСбп;60;20171025;170000;0.3915;0.401;0.39;0.398;13;0
СтаврЭнСбп;60;20171025;180000;0.3915;0.3915;0.3915;0.3915;2;0
СтаврЭнСбп;60;20171026;100000;0.384;0.396;0.381;0.3895;602;0
СтаврЭнСбп;60;20171026;110000;0.39;0.396;0.39;0.396;5;0
СтаврЭнСбп;60;20171026;120000;0.39;0.4275;0.3895;0.415;228;0
СтаврЭнСбп;60;20171026;130000;0.41;0.41;0.41;0.41;1;0
СтаврЭнСбп;60;20171026;140000;0.4055;0.4055;0.4055;0.4055;2;0
СтаврЭнСбп;60;20171026;150000;0.405;0.405;0.405;0.405;2;0
СтаврЭнСбп;60;20171026;180000;0.3995;0.4;0.3995;0.4;2;0
СтаврЭнСбп;60;20171027;100000;0.3725;0.414;0.37;0.3955;128;0
СтаврЭнСбп;60;20171027;110000;0.3915;0.395;0.38;0.386;154;0
СтаврЭнСбп;60;20171027;120000;0.388;0.3955;0.388;0.3955;27;0
СтаврЭнСбп;60;20171027;130000;0.39;0.3945;0.39;0.3945;195;0
СтаврЭнСбп;60;20171027;170000;0.395;0.395;0.395;0.395;1;0
СтаврЭнСбп;60;20171030;100000;0.3985;0.4085;0.3985;0.4085;34;0
СтаврЭнСбп;60;20171030;140000;0.392;0.4075;0.392;0.4075;17;0
СтаврЭнСбп;60;20171030;150000;0.407;0.414;0.407;0.41;1121;0
СтаврЭнСбп;60;20171030;160000;0.41;0.41;0.4095;0.41;151;0
СтаврЭнСбп;60;20171030;170000;0.4095;0.41;0.4095;0.41;96;0
СтаврЭнСбп;60;20171031;100000;0.42;0.45;0.42;0.425;204;0
СтаврЭнСбп;60;20171031;110000;0.425;0.425;0.394;0.42;55;0
СтаврЭнСбп;60;20171031;120000;0.42;0.42;0.42;0.42;1;0
СтаврЭнСбп;60;20171031;130000;0.4105;0.4105;0.401;0.4105;75;0
СтаврЭнСбп;60;20171031;140000;0.41;0.4145;0.41;0.4145;38;0
СтаврЭнСбп;60;20171031;150000;0.4145;0.415;0.4145;0.415;2;0
СтаврЭнСбп;60;20171031;160000;0.4145;0.415;0.4145;0.415;128;0
СтаврЭнСбп;60;20171031;170000;0.415;0.415;0.415;0.415;7;0
СтаврЭнСбп;60;20171031;180000;0.413;0.415;0.413;0.415;2;0
СтаврЭнСбп;60;20171101;100000;0.42;0.4425;0.39;0.4105;44;0
СтаврЭнСбп;60;20171101;110000;0.4145;0.416;0.39;0.3965;490;0
СтаврЭнСбп;60;20171101;130000;0.3955;0.406;0.3955;0.4;176;0
СтаврЭнСбп;60;20171101;140000;0.399;0.405;0.3985;0.405;23;0
СтаврЭнСбп;60;20171101;150000;0.4035;0.405;0.4035;0.405;3;0
СтаврЭнСбп;60;20171101;160000;0.404;0.404;0.404;0.404;5;0
СтаврЭнСбп;60;20171101;170000;0.4015;0.4045;0.4;0.4045;28;0
СтаврЭнСбп;60;20171101;180000;0.4055;0.4055;0.3995;0.3995;32;0
СтаврЭнСбп;60;20171102;100000;0.4095;0.4095;0.4;0.4;2;0
СтаврЭнСбп;60;20171102;110000;0.3995;0.3995;0.399;0.399;5;0
СтаврЭнСбп;60;20171102;120000;0.3935;0.395;0.3935;0.395;6;0
СтаврЭнСбп;60;20171102;130000;0.398;0.4;0.398;0.4;2;0
СтаврЭнСбп;60;20171102;140000;0.3935;0.3935;0.38;0.3935;244;0
СтаврЭнСбп;60;20171102;150000;0.3915;0.4;0.39;0.4;166;0
СтаврЭнСбп;60;20171102;170000;0.3975;0.4;0.397;0.4;24;0
СтаврЭнСбп;60;20171103;090000;0.4115;0.4115;0.4115;0.4115;2;0
СтаврЭнСбп;60;20171103;100000;0.411;0.411;0.3765;0.395;13;0
СтаврЭнСбп;60;20171103;110000;0.4;0.4;0.4;0.4;1;0
СтаврЭнСбп;60;20171103;130000;0.3925;0.3935;0.3755;0.388;67;0
СтаврЭнСбп;60;20171103;140000;0.3885;0.3935;0.3885;0.3935;19;0
СтаврЭнСбп;60;20171103;150000;0.39;0.396;0.39;0.396;43;0
СтаврЭнСбп;60;20171103;160000;0.3975;0.4055;0.3975;0.4055;22;0
СтаврЭнСбп;60;20171103;170000;0.4;0.4;0.3955;0.3955;4;0
СтаврЭнСбп;60;20171103;180000;0.395;0.395;0.395;0.395;67;0
СтаврЭнСбп;60;20171107;100000;0.397;0.397;0.3965;0.3965;2;0
СтаврЭнСбп;60;20171107;110000;0.3915;0.395;0.385;0.395;333;0
СтаврЭнСбп;60;20171107;120000;0.3965;0.405;0.3965;0.404;43;0
СтаврЭнСбп;60;20171107;130000;0.397;0.3995;0.3855;0.395;9;0
СтаврЭнСбп;60;20171107;150000;0.3905;0.4;0.3905;0.4;37;0
СтаврЭнСбп;60;20171107;160000;0.4035;0.405;0.4035;0.405;120;0
СтаврЭнСбп;60;20171107;170000;0.402;0.4045;0.402;0.4045;3;0
СтаврЭнСбп;60;20171107;180000;0.4095;0.41;0.3995;0.41;312;0
СтаврЭнСбп;60;20171108;110000;0.409;0.409;0.409;0.409;2;0
СтаврЭнСбп;60;20171109;110000;0.394;0.409;0.3865;0.4;308;0
СтаврЭнСбп;60;20171109;120000;0.3905;0.407;0.365;0.395;1390;0
СтаврЭнСбп;60;20171109;130000;0.39;0.39;0.38;0.387;282;0
СтаврЭнСбп;60;20171109;140000;0.3905;0.3905;0.3875;0.39;5;0
СтаврЭнСбп;60;20171109;160000;0.3915;0.3915;0.369;0.372;1241;0
СтаврЭнСбп;60;20171109;170000;0.3705;0.3745;0.37;0.3745;60;0
СтаврЭнСбп;60;20171109;180000;0.3745;0.3755;0.3745;0.375;102;0
СтаврЭнСбп;60;20171110;100000;0.396;0.396;0.3795;0.382;32;0
СтаврЭнСбп;60;20171110;110000;0.3825;0.3845;0.3825;0.3845;12;0
СтаврЭнСбп;60;20171110;130000;0.3835;0.3845;0.3835;0.3845;10;0
СтаврЭнСбп;60;20171110;140000;0.373;0.373;0.373;0.373;1;0
СтаврЭнСбп;60;20171110;150000;0.3845;0.385;0.3845;0.385;27;0
СтаврЭнСбп;60;20171110;160000;0.3845;0.385;0.3845;0.385;17;0
СтаврЭнСбп;60;20171110;170000;0.385;0.385;0.385;0.385;15;0
СтаврЭнСбп;60;20171110;180000;0.38;0.38;0.38;0.38;31;0
СтаврЭнСбп;60;20171113;100000;0.387;0.4045;0.3675;0.385;383;0
СтаврЭнСбп;60;20171113;110000;0.3885;0.389;0.384;0.389;10;0
СтаврЭнСбп;60;20171113;120000;0.3855;0.3855;0.38;0.38;85;0
СтаврЭнСбп;60;20171113;140000;0.3825;0.3825;0.3825;0.3825;1;0
СтаврЭнСбп;60;20171113;150000;0.382;0.384;0.382;0.382;5;0
СтаврЭнСбп;60;20171113;160000;0.381;0.3855;0.38;0.3855;79;0
СтаврЭнСбп;60;20171113;170000;0.3805;0.3805;0.38;0.38;20;0
СтаврЭнСбп;60;20171113;180000;0.3825;0.3825;0.3825;0.3825;2;0
СтаврЭнСбп;60;20171114;100000;0.385;0.385;0.3745;0.3845;11;0
СтаврЭнСбп;60;20171114;110000;0.38;0.38;0.38;0.38;1;0
СтаврЭнСбп;60;20171114;120000;0.3795;0.3795;0.3605;0.376;207;0
СтаврЭнСбп;60;20171114;130000;0.375;0.375;0.375;0.375;4;0
СтаврЭнСбп;60;20171114;140000;0.378;0.383;0.378;0.3795;12;0
СтаврЭнСбп;60;20171114;160000;0.383;0.383;0.383;0.383;1;0
СтаврЭнСбп;60;20171114;170000;0.3775;0.3775;0.32;0.3415;3545;0
СтаврЭнСбп;60;20171114;180000;0.3415;0.348;0.3355;0.3445;800;0
СтаврЭнСбп;60;20171115;100000;0.3445;0.3475;0.321;0.3475;181;0
СтаврЭнСбп;60;20171115;110000;0.3435;0.3435;0.3435;0.3435;1;0
СтаврЭнСбп;60;20171115;120000;0.337;0.34;0.335;0.3395;67;0
СтаврЭнСбп;60;20171115;130000;0.3355;0.34;0.335;0.34;5;0
СтаврЭнСбп;60;20171115;140000;0.3355;0.3355;0.3;0.315;1419;0
СтаврЭнСбп;60;20171115;150000;0.32;0.3215;0.317;0.3215;8;0
СтаврЭнСбп;60;20171115;160000;0.3155;0.3155;0.31;0.31;155;0
СтаврЭнСбп;60;20171115;170000;0.311;0.321;0.311;0.321;1277;0
СтаврЭнСбп;60;20171115;180000;0.3175;0.335;0.3175;0.334;526;0
СтаврЭнСбп;60;20171116;100000;0.3225;0.3345;0.307;0.3265;80;0
СтаврЭнСбп;60;20171116;110000;0.327;0.33;0.327;0.33;5;0
СтаврЭнСбп;60;20171116;120000;0.327;0.327;0.327;0.327;7;0
СтаврЭнСбп;60;20171116;130000;0.325;0.325;0.322;0.3235;7;0
СтаврЭнСбп;60;20171116;140000;0.3215;0.3215;0.3215;0.3215;2;0
СтаврЭнСбп;60;20171116;150000;0.3265;0.3265;0.3265;0.3265;1;0
СтаврЭнСбп;60;20171116;160000;0.327;0.327;0.32;0.3235;59;0
СтаврЭнСбп;60;20171116;180000;0.32;0.3225;0.316;0.3225;111;0
СтаврЭнСбп;60;20171117;100000;0.3235;0.3235;0.3225;0.3225;3;0
СтаврЭнСбп;60;20171117;110000;0.3135;0.32;0.307;0.32;8;0
СтаврЭнСбп;60;20171117;120000;0.318;0.318;0.318;0.318;30;0
СтаврЭнСбп;60;20171117;140000;0.3205;0.321;0.3205;0.321;2;0
СтаврЭнСбп;60;20171117;150000;0.3235;0.3235;0.3235;0.3235;2;0
СтаврЭнСбп;60;20171117;160000;0.3235;0.3245;0.322;0.3245;5;0
СтаврЭнСбп;60;20171117;170000;0.319;0.32;0.318;0.318;16;0
СтаврЭнСбп;60;20171117;180000;0.317;0.32;0.315;0.32;580;0
СтаврЭнСбп;60;20171120;100000;0.3215;0.3215;0.317;0.3175;6;0
СтаврЭнСбп;60;20171120;110000;0.315;0.3175;0.314;0.3175;24;0
СтаврЭнСбп;60;20171120;120000;0.32;0.32;0.32;0.32;1;0
СтаврЭнСбп;60;20171120;170000;0.32;0.327;0.32;0.325;357;0
СтаврЭнСбп;60;20171120;180000;0.326;0.326;0.326;0.326;1;0
СтаврЭнСбп;60;20171121;100000;0.32;0.3235;0.32;0.32;26;0
СтаврЭнСбп;60;20171121;110000;0.32;0.32;0.32;0.32;1;0
СтаврЭнСбп;60;20171121;120000;0.319;0.32;0.311;0.317;152;0
СтаврЭнСбп;60;20171121;130000;0.3175;0.3195;0.3175;0.3195;19;0
СтаврЭнСбп;60;20171121;150000;0.3185;0.3185;0.3185;0.3185;1;0
СтаврЭнСбп;60;20171121;160000;0.318;0.318;0.3175;0.3175;40;0
СтаврЭнСбп;60;20171121;170000;0.3165;0.3165;0.313;0.3165;9;0
СтаврЭнСбп;60;20171121;180000;0.3175;0.32;0.3175;0.32;30;0
СтаврЭнСбп;60;20171122;100000;0.3165;0.317;0.3165;0.317;5;0
СтаврЭнСбп;60;20171122;110000;0.317;0.317;0.317;0.317;1;0
СтаврЭнСбп;60;20171122;120000;0.317;0.317;0.317;0.317;4;0
СтаврЭнСбп;60;20171122;140000;0.32;0.32;0.32;0.32;63;0
СтаврЭнСбп;60;20171122;150000;0.3195;0.32;0.3195;0.32;12;0
СтаврЭнСбп;60;20171122;170000;0.319;0.319;0.314;0.314;20;0
СтаврЭнСбп;60;20171122;180000;0.314;0.314;0.3135;0.3135;4;0
СтаврЭнСбп;60;20171123;110000;0.318;0.318;0.318;0.318;1;0
СтаврЭнСбп;60;20171123;120000;0.318;0.3235;0.318;0.32;12;0
СтаврЭнСбп;60;20171123;180000;0.32;0.344;0.32;0.341;273;0
СтаврЭнСбп;60;20171124;100000;0.331;0.3315;0.3275;0.3275;13;0
СтаврЭнСбп;60;20171124;110000;0.327;0.328;0.3265;0.3265;325;0
СтаврЭнСбп;60;20171124;120000;0.3255;0.339;0.325;0.335;693;0
СтаврЭнСбп;60;20171124;150000;0.3385;0.339;0.3385;0.339;10;0
СтаврЭнСбп;60;20171124;160000;0.339;0.339;0.339;0.339;2;0
СтаврЭнСбп;60;20171124;180000;0.336;0.336;0.3325;0.3325;6;0
СтаврЭнСбп;60;20171127;100000;0.3365;0.37;0.335;0.349;17;0
СтаврЭнСбп;60;20171127;110000;0.3445;0.3445;0.3445;0.3445;12;0
СтаврЭнСбп;60;20171127;120000;0.34;0.34;0.315;0.333;61;0
СтаврЭнСбп;60;20171127;140000;0.333;0.337;0.333;0.337;11;0
СтаврЭнСбп;60;20171127;160000;0.3355;0.3435;0.3355;0.337;6;0
СтаврЭнСбп;60;20171127;170000;0.34;0.34;0.34;0.34;1;0
СтаврЭнСбп;60;20171127;180000;0.336;0.336;0.335;0.335;2;0
СтаврЭнСбп;60;20171128;100000;0.3365;0.3365;0.3365;0.3365;4;0
СтаврЭнСбп;60;20171128;120000;0.3365;0.3365;0.3365;0.3365;44;0
СтаврЭнСбп;60;20171128;130000;0.3365;0.3365;0.335;0.335;4;0
СтаврЭнСбп;60;20171128;150000;0.337;0.3375;0.335;0.335;16;0
СтаврЭнСбп;60;20171128;160000;0.3375;0.3405;0.335;0.335;52;0
СтаврЭнСбп;60;20171128;170000;0.338;0.3405;0.335;0.335;21;0
СтаврЭнСбп;60;20171128;180000;0.3355;0.3355;0.335;0.335;7;0
СтаврЭнСбп;60;20171129;100000;0.3345;0.337;0.3345;0.337;2;0
СтаврЭнСбп;60;20171129;110000;0.3345;0.337;0.3345;0.337;3;0
СтаврЭнСбп;60;20171129;120000;0.337;0.3375;0.337;0.3375;3;0
СтаврЭнСбп;60;20171129;140000;0.335;0.335;0.333;0.333;5;0
СтаврЭнСбп;60;20171129;170000;0.3335;0.3335;0.333;0.333;2;0
СтаврЭнСбп;60;20171130;110000;0.337;0.337;0.337;0.337;160;0
СтаврЭнСбп;60;20171130;130000;0.3365;0.337;0.334;0.334;111;0
СтаврЭнСбп;60;20171130;150000;0.3365;0.3365;0.309;0.315;484;0
СтаврЭнСбп;60;20171130;160000;0.3165;0.3275;0.288;0.315;848;0
СтаврЭнСбп;60;20171130;170000;0.314;0.315;0.314;0.3145;39;0
СтаврЭнСбп;60;20171130;180000;0.3125;0.315;0.307;0.31;444;0
СтаврЭнСбп;60;20171201;090000;0.2955;0.2955;0.2955;0.2955;2;0
СтаврЭнСбп;60;20171201;100000;0.3105;0.312;0.3095;0.312;13;0
СтаврЭнСбп;60;20171201;120000;0.311;0.311;0.311;0.311;2;0
СтаврЭнСбп;60;20171201;150000;0.3115;0.3115;0.3115;0.3115;2;0
СтаврЭнСбп;60;20171201;160000;0.3095;0.312;0.3095;0.312;4;0
СтаврЭнСбп;60;20171201;170000;0.309;0.3125;0.3025;0.3125;13;0
СтаврЭнСбп;60;20171201;180000;0.3125;0.3135;0.311;0.3135;18;0
СтаврЭнСбп;60;20171204;090000;0.322;0.322;0.322;0.322;4;0
СтаврЭнСбп;60;20171204;100000;0.3135;0.3175;0.3135;0.3175;14;0
СтаврЭнСбп;60;20171204;130000;0.318;0.318;0.318;0.318;1;0
СтаврЭнСбп;60;20171204;140000;0.318;0.319;0.3155;0.3155;6;0
СтаврЭнСбп;60;20171204;160000;0.315;0.317;0.3135;0.317;21;0
СтаврЭнСбп;60;20171204;170000;0.314;0.316;0.3135;0.3135;24;0
СтаврЭнСбп;60;20171204;180000;0.3175;0.3175;0.3175;0.3175;1;0
СтаврЭнСбп;60;20171205;100000;0.314;0.3145;0.314;0.314;406;0
СтаврЭнСбп;60;20171205;110000;0.3145;0.3145;0.3145;0.3145;2;0
СтаврЭнСбп;60;20171205;120000;0.3145;0.3145;0.3145;0.3145;1;0
СтаврЭнСбп;60;20171205;130000;0.3135;0.3135;0.313;0.313;2;0
СтаврЭнСбп;60;20171205;160000;0.3125;0.3125;0.3015;0.309;22;0
СтаврЭнСбп;60;20171205;180000;0.3115;0.312;0.305;0.3105;405;0
СтаврЭнСбп;60;20171206;100000;0.307;0.31;0.3065;0.31;49;0
СтаврЭнСбп;60;20171206;110000;0.3065;0.3065;0.3065;0.3065;1;0
СтаврЭнСбп;60;20171206;120000;0.3095;0.3095;0.298;0.3075;12;0
СтаврЭнСбп;60;20171206;130000;0.304;0.304;0.304;0.304;124;0
СтаврЭнСбп;60;20171206;150000;0.307;0.307;0.301;0.3055;212;0
СтаврЭнСбп;60;20171206;160000;0.305;0.305;0.305;0.305;1;0
СтаврЭнСбп;60;20171206;170000;0.306;0.307;0.306;0.307;3;0
СтаврЭнСбп;60;20171206;180000;0.3045;0.3045;0.3035;0.3035;20;0
СтаврЭнСбп;60;20171207;100000;0.312;0.312;0.299;0.3;239;0
СтаврЭнСбп;60;20171207;110000;0.3;0.305;0.299;0.3015;43;0
СтаврЭнСбп;60;20171207;120000;0.302;0.302;0.288;0.288;424;0
СтаврЭнСбп;60;20171207;130000;0.288;0.291;0.2845;0.29;495;0
СтаврЭнСбп;60;20171207;140000;0.2915;0.2925;0.291;0.291;5;0
СтаврЭнСбп;60;20171207;150000;0.29;0.29;0.29;0.29;6;0
СтаврЭнСбп;60;20171207;160000;0.291;0.291;0.291;0.291;1;0
СтаврЭнСбп;60;20171207;170000;0.2915;0.2925;0.2915;0.2925;5;0
СтаврЭнСбп;60;20171207;180000;0.2925;0.2955;0.2925;0.2955;47;0
СтаврЭнСбп;60;20171208;100000;0.2925;0.295;0.2925;0.295;6;0
СтаврЭнСбп;60;20171208;110000;0.296;0.296;0.296;0.296;1;0
СтаврЭнСбп;60;20171208;130000;0.295;0.295;0.292;0.292;242;0
СтаврЭнСбп;60;20171208;140000;0.293;0.296;0.293;0.2935;10;0
СтаврЭнСбп;60;20171208;160000;0.293;0.293;0.292;0.292;7;0
СтаврЭнСбп;60;20171208;170000;0.2935;0.2935;0.2935;0.2935;2;0
СтаврЭнСбп;60;20171208;180000;0.2955;0.296;0.2955;0.296;8;0
СтаврЭнСбп;60;20171211;100000;0.3;0.3;0.29;0.291;241;0
СтаврЭнСбп;60;20171211;130000;0.2925;0.2925;0.2925;0.2925;1;0
СтаврЭнСбп;60;20171211;150000;0.2925;0.2925;0.2925;0.2925;5;0
СтаврЭнСбп;60;20171211;160000;0.293;0.2935;0.292;0.292;14;0
СтаврЭнСбп;60;20171211;170000;0.2915;0.2935;0.2915;0.2935;5;0
СтаврЭнСбп;60;20171211;180000;0.2925;0.2925;0.292;0.292;3;0
СтаврЭнСбп;60;20171212;100000;0.294;0.2955;0.291;0.291;40;0
СтаврЭнСбп;60;20171212;110000;0.2905;0.292;0.29;0.292;27;0
СтаврЭнСбп;60;20171212;120000;0.2905;0.2905;0.2895;0.2895;35;0
СтаврЭнСбп;60;20171212;130000;0.2905;0.293;0.2905;0.2925;18;0
СтаврЭнСбп;60;20171212;150000;0.29;0.29;0.29;0.29;1;0
СтаврЭнСбп;60;20171212;160000;0.29;0.29;0.2895;0.29;20;0
СтаврЭнСбп;60;20171212;180000;0.29;0.292;0.29;0.292;276;0
СтаврЭнСбп;60;20171213;100000;0.2935;0.2945;0.29;0.29;12;0
СтаврЭнСбп;60;20171213;110000;0.29;0.293;0.2895;0.2895;16;0
СтаврЭнСбп;60;20171213;120000;0.29;0.29;0.29;0.29;4;0
СтаврЭнСбп;60;20171213;130000;0.29;0.29;0.2895;0.29;5;0
СтаврЭнСбп;60;20171213;140000;0.2895;0.2895;0.289;0.289;7;0
СтаврЭнСбп;60;20171213;170000;0.2885;0.29;0.287;0.29;28;0
СтаврЭнСбп;60;20171213;180000;0.29;0.29;0.29;0.29;52;0
СтаврЭнСбп;60;20171214;120000;0.2895;0.2895;0.2895;0.2895;1;0
СтаврЭнСбп;60;20171214;160000;0.2885;0.2885;0.288;0.288;2;0
СтаврЭнСбп;60;20171214;170000;0.2895;0.29;0.2895;0.29;37;0
СтаврЭнСбп;60;20171215;120000;0.2885;0.2885;0.2875;0.2875;5;0
СтаврЭнСбп;60;20171215;130000;0.287;0.287;0.287;0.287;8;0
СтаврЭнСбп;60;20171215;140000;0.287;0.287;0.2855;0.2855;39;0
СтаврЭнСбп;60;20171215;150000;0.286;0.288;0.285;0.288;28;0
СтаврЭнСбп;60;20171215;160000;0.2885;0.29;0.2885;0.29;6;0
СтаврЭнСбп;60;20171215;170000;0.2905;0.2905;0.2905;0.2905;2;0
СтаврЭнСбп;60;20171215;180000;0.2905;0.293;0.2905;0.293;15;0
СтаврЭнСбп;60;20171218;110000;0.2925;0.2935;0.292;0.292;14;0
СтаврЭнСбп;60;20171218;120000;0.292;0.3005;0.292;0.3005;25;0
СтаврЭнСбп;60;20171218;130000;0.2975;0.3;0.2925;0.2985;26;0
СтаврЭнСбп;60;20171218;150000;0.295;0.295;0.2945;0.2945;2;0
СтаврЭнСбп;60;20171218;160000;0.295;0.295;0.294;0.294;4;0
СтаврЭнСбп;60;20171219;110000;0.2935;0.2935;0.2935;0.2935;1;0
СтаврЭнСбп;60;20171219;140000;0.295;0.297;0.295;0.297;8;0
СтаврЭнСбп;60;20171219;150000;0.295;0.296;0.29;0.295;190;0
СтаврЭнСбп;60;20171219;160000;0.292;0.292;0.29;0.2915;8;0
СтаврЭнСбп;60;20171219;170000;0.2915;0.2915;0.29;0.29;2;0
СтаврЭнСбп;60;20171219;180000;0.2895;0.2915;0.287;0.2915;46;0
СтаврЭнСбп;60;20171220;100000;0.29;0.29;0.288;0.288;3;0
СтаврЭнСбп;60;20171220;130000;0.2895;0.29;0.2895;0.29;53;0
СтаврЭнСбп;60;20171220;150000;0.29;0.29;0.29;0.29;14;0
СтаврЭнСбп;60;20171220;170000;0.2895;0.2905;0.2885;0.2905;16;0
СтаврЭнСбп;60;20171221;100000;0.291;0.291;0.29;0.29;71;0
СтаврЭнСбп;60;20171221;110000;0.289;0.29;0.289;0.29;10;0
СтаврЭнСбп;60;20171221;120000;0.29;0.29;0.29;0.29;1;0
СтаврЭнСбп;60;20171221;130000;0.289;0.2895;0.289;0.289;68;0
СтаврЭнСбп;60;20171221;150000;0.2895;0.3345;0.2895;0.3085;664;0
СтаврЭнСбп;60;20171221;160000;0.309;0.309;0.308;0.308;2;0
СтаврЭнСбп;60;20171221;170000;0.3085;0.309;0.3085;0.309;2;0
СтаврЭнСбп;60;20171221;180000;0.3075;0.3075;0.307;0.307;2;0
СтаврЭнСбп;60;20171222;100000;0.3065;0.311;0.3065;0.311;12;0
СтаврЭнСбп;60;20171222;120000;0.31;0.314;0.31;0.314;30;0
СтаврЭнСбп;60;20171222;130000;0.311;0.311;0.3095;0.3095;8;0
СтаврЭнСбп;60;20171222;140000;0.31;0.31;0.31;0.31;15;0
СтаврЭнСбп;60;20171222;150000;0.31;0.31;0.31;0.31;1;0
СтаврЭнСбп;60;20171222;170000;0.31;0.3125;0.31;0.312;4;0
СтаврЭнСбп;60;20171225;100000;0.309;0.3275;0.2875;0.311;41;0
СтаврЭнСбп;60;20171225;110000;0.3135;0.3135;0.3105;0.3105;2;0
СтаврЭнСбп;60;20171225;130000;0.3135;0.3175;0.3135;0.3175;20;0
СтаврЭнСбп;60;20171225;140000;0.318;0.327;0.318;0.327;27;0
СтаврЭнСбп;60;20171225;150000;0.319;0.322;0.3185;0.322;24;0
СтаврЭнСбп;60;20171225;160000;0.322;0.3245;0.322;0.3245;13;0
СтаврЭнСбп;60;20171225;170000;0.3215;0.3215;0.3195;0.3195;5;0
СтаврЭнСбп;60;20171225;180000;0.319;0.3195;0.3185;0.319;10;0
СтаврЭнСбп;60;20171226;100000;0.322;0.3225;0.322;0.3225;4;0
СтаврЭнСбп;60;20171226;150000;0.3215;0.322;0.3195;0.322;67;0
СтаврЭнСбп;60;20171226;160000;0.322;0.339;0.322;0.338;178;0
СтаврЭнСбп;60;20171226;170000;0.3385;0.339;0.33;0.33;81;0
СтаврЭнСбп;60;20171226;180000;0.333;0.336;0.329;0.3305;98;0
СтаврЭнСбп;60;20171227;100000;0.3335;0.341;0.33;0.341;28;0
СтаврЭнСбп;60;20171227;110000;0.3375;0.3375;0.334;0.334;9;0
СтаврЭнСбп;60;20171227;120000;0.336;0.336;0.334;0.335;211;0
СтаврЭнСбп;60;20171227;130000;0.3355;0.337;0.3355;0.337;11;0
СтаврЭнСбп;60;20171227;140000;0.336;0.3365;0.336;0.3365;65;0
СтаврЭнСбп;60;20171227;150000;0.335;0.335;0.33;0.33;10;0
СтаврЭнСбп;60;20171227;160000;0.333;0.3355;0.3205;0.3325;96;0
СтаврЭнСбп;60;20171227;180000;0.3295;0.3325;0.3295;0.3325;7;0
СтаврЭнСбп;60;20171228;100000;0.333;0.3355;0.333;0.3355;7;0
СтаврЭнСбп;60;20171228;160000;0.334;0.334;0.334;0.334;2;0
СтаврЭнСбп;60;20171228;180000;0.3325;0.334;0.3325;0.334;3;0
СтаврЭнСбп;60;20171229;110000;0.332;0.3345;0.3005;0.3345;323;0
СтаврЭнСбп;60;20171229;140000;0.3305;0.3305;0.33;0.33;3;0
СтаврЭнСбп;60;20171229;150000;0.3295;0.33;0.329;0.33;3;0
СтаврЭнСбп;60;20171229;160000;0.3285;0.33;0.3275;0.3275;5;0
СтаврЭнСбп;60;20171229;170000;0.3275;0.3285;0.325;0.325;13;0
СтаврЭнСбп;60;20171229;180000;0.3245;0.3295;0.3245;0.3295;10;0
