<TICKER>;<PER>;<DATE>;<TIME>;<OPEN>;<HIGH>;<LOW>;<CLOSE>;<VOL>;<OPENINT>
Таттел. ао;60;20170124;110000;0.1575;0.1575;0.157;0.157;2;0
Таттел. ао;60;20170124;140000;0.1575;0.16;0.1575;0.16;91;0
Таттел. ао;60;20170124;170000;0.16;0.16;0.16;0.16;10;0
Таттел. ао;60;20170124;180000;0.159;0.159;0.158;0.158;3;0
Таттел. ао;60;20170125;090000;0.1575;0.1575;0.1575;0.1575;2;0
Таттел. ао;60;20170125;100000;0.1545;0.16;0.1525;0.16;134;0
Таттел. ао;60;20170125;150000;0.1595;0.1595;0.1595;0.1595;1;0
Таттел. ао;60;20170125;160000;0.1585;0.1585;0.1585;0.1585;1;0
Таттел. ао;60;20170125;170000;0.159;0.1595;0.159;0.1595;4;0
Таттел. ао;60;20170125;180000;0.16;0.16;0.159;0.16;31;0
Таттел. ао;60;20170126;100000;0.16;0.16;0.159;0.159;2;0
Таттел. ао;60;20170126;130000;0.1595;0.1595;0.1595;0.1595;5;0
Таттел. ао;60;20170126;170000;0.16;0.16;0.16;0.16;1;0
Таттел. ао;60;20170126;180000;0.1595;0.1595;0.1595;0.1595;2;0
Таттел. ао;60;20170127;130000;0.159;0.159;0.159;0.159;1;0
Таттел. ао;60;20170127;170000;0.159;0.159;0.159;0.159;4;0
Таттел. ао;60;20170130;110000;0.1595;0.1605;0.1595;0.1605;3;0
Таттел. ао;60;20170130;130000;0.1605;0.1605;0.1605;0.1605;3;0
Таттел. ао;60;20170130;170000;0.1605;0.161;0.1605;0.161;32;0
Таттел. ао;60;20170130;180000;0.1605;0.163;0.1605;0.163;83;0
Таттел. ао;60;20170131;110000;0.1615;0.1615;0.158;0.158;16;0
Таттел. ао;60;20170131;120000;0.1575;0.161;0.1575;0.161;68;0
Таттел. ао;60;20170131;130000;0.161;0.161;0.161;0.161;2;0
Таттел. ао;60;20170131;140000;0.161;0.1615;0.161;0.1615;7;0
Таттел. ао;60;20170131;150000;0.1615;0.1615;0.1615;0.1615;2;0
Таттел. ао;60;20170131;180000;0.162;0.164;0.162;0.1625;39;0
Таттел. ао;60;20170201;100000;0.1625;0.1625;0.1625;0.1625;1;0
Таттел. ао;60;20170201;110000;0.163;0.164;0.163;0.1635;11;0
Таттел. ао;60;20170201;120000;0.1635;0.1635;0.1635;0.1635;8;0
Таттел. ао;60;20170201;130000;0.164;0.164;0.164;0.164;10;0
Таттел. ао;60;20170201;140000;0.164;0.1655;0.1635;0.1635;67;0
Таттел. ао;60;20170201;150000;0.1645;0.165;0.1645;0.165;7;0
Таттел. ао;60;20170201;170000;0.165;0.165;0.1645;0.1645;7;0
Таттел. ао;60;20170201;180000;0.1645;0.1645;0.1645;0.1645;1;0
Таттел. ао;60;20170202;090000;0.166;0.166;0.166;0.166;1;0
Таттел. ао;60;20170202;100000;0.1625;0.1625;0.1555;0.162;59;0
Таттел. ао;60;20170202;110000;0.16;0.162;0.16;0.16;17;0
Таттел. ао;60;20170202;120000;0.16;0.16;0.16;0.16;8;0
Таттел. ао;60;20170202;130000;0.1615;0.1615;0.1615;0.1615;1;0
Таттел. ао;60;20170202;180000;0.1615;0.162;0.1615;0.1615;40;0
Таттел. ао;60;20170203;130000;0.163;0.163;0.163;0.163;7;0
Таттел. ао;60;20170203;170000;0.1625;0.1635;0.1615;0.1635;14;0
Таттел. ао;60;20170203;180000;0.1635;0.164;0.1635;0.164;2;0
Таттел. ао;60;20170206;100000;0.164;0.164;0.164;0.164;1;0
Таттел. ао;60;20170206;110000;0.1615;0.1625;0.16;0.1625;8;0
Таттел. ао;60;20170206;150000;0.162;0.162;0.162;0.162;1;0
Таттел. ао;60;20170206;160000;0.1625;0.1635;0.1625;0.1635;6;0
Таттел. ао;60;20170206;180000;0.1635;0.167;0.1635;0.167;77;0
Таттел. ао;60;20170207;100000;0.168;0.17;0.168;0.168;22;0
Таттел. ао;60;20170207;110000;0.167;0.167;0.1665;0.1665;10;0
Таттел. ао;60;20170207;130000;0.1675;0.1675;0.165;0.165;31;0
Таттел. ао;60;20170207;140000;0.164;0.164;0.1635;0.1635;142;0
Таттел. ао;60;20170207;170000;0.1635;0.1635;0.1635;0.1635;4;0
Таттел. ао;60;20170207;180000;0.1655;0.1655;0.1655;0.1655;1;0
Таттел. ао;60;20170208;100000;0.169;0.1695;0.169;0.1695;56;0
Таттел. ао;60;20170208;110000;0.169;0.1695;0.167;0.1695;60;0
Таттел. ао;60;20170208;120000;0.1675;0.1675;0.1675;0.1675;1;0
Таттел. ао;60;20170208;150000;0.1655;0.1665;0.163;0.1665;22;0
Таттел. ао;60;20170208;160000;0.164;0.165;0.164;0.165;51;0
Таттел. ао;60;20170208;170000;0.164;0.165;0.164;0.165;5;0
Таттел. ао;60;20170208;180000;0.1635;0.1635;0.1635;0.1635;2;0
Таттел. ао;60;20170209;100000;0.1655;0.1655;0.1655;0.1655;1;0
Таттел. ао;60;20170209;130000;0.165;0.165;0.165;0.165;1;0
Таттел. ао;60;20170209;140000;0.165;0.165;0.164;0.164;2;0
Таттел. ао;60;20170209;160000;0.1645;0.1645;0.1615;0.1615;65;0
Таттел. ао;60;20170209;180000;0.162;0.1635;0.1615;0.1615;15;0
Таттел. ао;60;20170210;090000;0.16;0.16;0.16;0.16;1;0
Таттел. ао;60;20170210;100000;0.1605;0.1685;0.1605;0.1605;4;0
Таттел. ао;60;20170210;110000;0.166;0.166;0.166;0.166;1;0
Таттел. ао;60;20170210;130000;0.1655;0.1655;0.1635;0.1635;33;0
Таттел. ао;60;20170210;180000;0.164;0.164;0.1635;0.1635;4;0
Таттел. ао;60;20170213;100000;0.164;0.164;0.164;0.164;1;0
Таттел. ао;60;20170213;110000;0.166;0.166;0.166;0.166;4;0
Таттел. ао;60;20170213;130000;0.166;0.166;0.161;0.161;26;0
Таттел. ао;60;20170213;140000;0.1665;0.1665;0.1665;0.1665;4;0
Таттел. ао;60;20170213;160000;0.1625;0.1625;0.161;0.161;33;0
Таттел. ао;60;20170213;170000;0.162;0.162;0.161;0.161;10;0
Таттел. ао;60;20170214;100000;0.1605;0.161;0.1605;0.1605;17;0
Таттел. ао;60;20170214;120000;0.161;0.161;0.1605;0.1605;50;0
Таттел. ао;60;20170214;150000;0.1615;0.1615;0.161;0.161;2;0
Таттел. ао;60;20170214;170000;0.161;0.161;0.161;0.161;2;0
Таттел. ао;60;20170215;100000;0.162;0.162;0.162;0.162;2;0
Таттел. ао;60;20170215;110000;0.1615;0.165;0.161;0.165;117;0
Таттел. ао;60;20170215;120000;0.1625;0.1625;0.161;0.1625;151;0
Таттел. ао;60;20170215;130000;0.162;0.162;0.161;0.161;89;0
Таттел. ао;60;20170215;150000;0.163;0.163;0.163;0.163;60;0
Таттел. ао;60;20170215;160000;0.163;0.163;0.163;0.163;1;0
Таттел. ао;60;20170215;170000;0.1645;0.165;0.161;0.161;17;0
Таттел. ао;60;20170215;180000;0.164;0.164;0.164;0.164;1;0
Таттел. ао;60;20170216;100000;0.1625;0.1655;0.1615;0.1655;4;0
Таттел. ао;60;20170216;130000;0.1625;0.163;0.162;0.163;7;0
Таттел. ао;60;20170216;180000;0.165;0.165;0.165;0.165;1;0
Таттел. ао;60;20170217;110000;0.1625;0.1625;0.1615;0.1615;23;0
Таттел. ао;60;20170217;130000;0.162;0.162;0.162;0.162;2;0
Таттел. ао;60;20170217;150000;0.1615;0.1615;0.1615;0.1615;10;0
Таттел. ао;60;20170220;120000;0.1625;0.1625;0.1625;0.1625;1;0
Таттел. ао;60;20170221;100000;0.1625;0.1625;0.1625;0.1625;1;0
Таттел. ао;60;20170221;110000;0.1625;0.1625;0.1625;0.1625;5;0
Таттел. ао;60;20170221;120000;0.164;0.1705;0.164;0.1705;31;0
Таттел. ао;60;20170221;130000;0.166;0.166;0.165;0.165;2;0
Таттел. ао;60;20170221;140000;0.1655;0.1655;0.1655;0.1655;2;0
Таттел. ао;60;20170221;150000;0.1655;0.1655;0.1655;0.1655;3;0
Таттел. ао;60;20170221;170000;0.1655;0.1655;0.1655;0.1655;1;0
Таттел. ао;60;20170221;180000;0.1675;0.1675;0.166;0.166;3;0
Таттел. ао;60;20170222;090000;0.17;0.17;0.17;0.17;1;0
Таттел. ао;60;20170222;120000;0.165;0.165;0.165;0.165;1;0
Таттел. ао;60;20170222;150000;0.165;0.165;0.1645;0.1645;7;0
Таттел. ао;60;20170222;180000;0.1645;0.1645;0.164;0.164;6;0
Таттел. ао;60;20170224;130000;0.1635;0.1635;0.1635;0.1635;1;0
Таттел. ао;60;20170224;160000;0.1625;0.1625;0.162;0.162;5;0
Таттел. ао;60;20170227;110000;0.163;0.163;0.163;0.163;1;0
Таттел. ао;60;20170227;120000;0.1615;0.1615;0.1615;0.1615;1;0
Таттел. ао;60;20170227;160000;0.1625;0.1625;0.1615;0.1615;5;0
Таттел. ао;60;20170227;170000;0.162;0.162;0.1615;0.1615;14;0
Таттел. ао;60;20170227;180000;0.1615;0.1615;0.1615;0.1615;5;0
Таттел. ао;60;20170228;100000;0.162;0.162;0.161;0.161;229;0
Таттел. ао;60;20170228;110000;0.161;0.1615;0.161;0.1615;6;0
Таттел. ао;60;20170228;120000;0.161;0.162;0.161;0.162;19;0
Таттел. ао;60;20170228;130000;0.1615;0.1615;0.1615;0.1615;1;0
Таттел. ао;60;20170228;140000;0.1615;0.1615;0.161;0.161;150;0
Таттел. ао;60;20170228;150000;0.161;0.161;0.161;0.161;116;0
Таттел. ао;60;20170228;160000;0.162;0.162;0.162;0.162;1;0
Таттел. ао;60;20170228;170000;0.1625;0.1625;0.1625;0.1625;1;0
Таттел. ао;60;20170301;100000;0.1615;0.1615;0.1605;0.1605;5;0
Таттел. ао;60;20170301;110000;0.1615;0.1615;0.1615;0.1615;1;0
Таттел. ао;60;20170301;170000;0.162;0.162;0.162;0.162;2;0
Таттел. ао;60;20170301;180000;0.163;0.163;0.163;0.163;1;0
Таттел. ао;60;20170302;110000;0.163;0.163;0.163;0.163;13;0
Таттел. ао;60;20170302;130000;0.1625;0.1625;0.1625;0.1625;1;0
Таттел. ао;60;20170303;120000;0.1615;0.1615;0.1615;0.1615;30;0
Таттел. ао;60;20170303;170000;0.1615;0.1615;0.161;0.161;252;0
Таттел. ао;60;20170303;180000;0.161;0.161;0.161;0.161;148;0
Таттел. ао;60;20170306;100000;0.1615;0.1615;0.1615;0.1615;38;0
Таттел. ао;60;20170306;110000;0.1615;0.1615;0.1615;0.1615;9;0
Таттел. ао;60;20170306;130000;0.1615;0.1625;0.161;0.161;142;0
Таттел. ао;60;20170306;140000;0.162;0.1625;0.162;0.1625;2;0
Таттел. ао;60;20170306;160000;0.1615;0.1615;0.1615;0.1615;11;0
Таттел. ао;60;20170306;180000;0.1615;0.1615;0.1615;0.1615;8;0
Таттел. ао;60;20170307;090000;0.164;0.164;0.164;0.164;1;0
Таттел. ао;60;20170307;100000;0.165;0.1675;0.165;0.1665;3;0
Таттел. ао;60;20170307;110000;0.1625;0.1625;0.1605;0.1615;23;0
Таттел. ао;60;20170307;140000;0.161;0.161;0.161;0.161;2;0
Таттел. ао;60;20170307;150000;0.1605;0.1605;0.16;0.16;91;0
Таттел. ао;60;20170307;170000;0.16;0.16;0.16;0.16;81;0
Таттел. ао;60;20170307;180000;0.16;0.16;0.1585;0.1585;14;0
Таттел. ао;60;20170309;100000;0.159;0.161;0.159;0.161;55;0
Таттел. ао;60;20170309;110000;0.161;0.161;0.161;0.161;49;0
Таттел. ао;60;20170309;120000;0.161;0.161;0.161;0.161;18;0
Таттел. ао;60;20170309;140000;0.161;0.161;0.161;0.161;5;0
Таттел. ао;60;20170309;150000;0.161;0.1615;0.161;0.1615;123;0
Таттел. ао;60;20170309;160000;0.1615;0.1615;0.1615;0.1615;35;0
Таттел. ао;60;20170309;170000;0.1615;0.1615;0.161;0.161;304;0
Таттел. ао;60;20170309;180000;0.161;0.161;0.161;0.161;2;0
Таттел. ао;60;20170310;100000;0.1625;0.1625;0.1615;0.1615;52;0
Таттел. ао;60;20170310;110000;0.1615;0.1615;0.161;0.161;39;0
Таттел. ао;60;20170310;120000;0.1615;0.1615;0.161;0.161;154;0
Таттел. ао;60;20170310;150000;0.1625;0.1625;0.1625;0.1625;1;0
Таттел. ао;60;20170310;160000;0.1615;0.1615;0.1615;0.1615;11;0
Таттел. ао;60;20170310;170000;0.161;0.161;0.161;0.161;130;0
Таттел. ао;60;20170313;100000;0.161;0.161;0.161;0.161;1;0
Таттел. ао;60;20170313;160000;0.1615;0.1615;0.161;0.161;42;0
Таттел. ао;60;20170313;170000;0.1615;0.1615;0.1615;0.1615;1;0
Таттел. ао;60;20170314;110000;0.162;0.162;0.1615;0.1615;50;0
Таттел. ао;60;20170314;150000;0.1615;0.1615;0.1615;0.1615;4;0
Таттел. ао;60;20170314;160000;0.161;0.161;0.161;0.161;3;0
Таттел. ао;60;20170315;100000;0.1605;0.161;0.1605;0.161;46;0
Таттел. ао;60;20170315;170000;0.161;0.161;0.161;0.161;20;0
Таттел. ао;60;20170316;120000;0.1635;0.1645;0.1635;0.1645;7;0
Таттел. ао;60;20170316;130000;0.1615;0.1615;0.1615;0.1615;1;0
Таттел. ао;60;20170316;160000;0.1615;0.1615;0.1615;0.1615;1;0
Таттел. ао;60;20170317;100000;0.1625;0.1625;0.161;0.161;267;0
Таттел. ао;60;20170317;170000;0.1635;0.1635;0.1635;0.1635;81;0
Таттел. ао;60;20170317;180000;0.1635;0.1655;0.1635;0.1655;30;0
Таттел. ао;60;20170320;120000;0.1655;0.1655;0.1655;0.1655;16;0
Таттел. ао;60;20170320;140000;0.1625;0.1625;0.1625;0.1625;11;0
Таттел. ао;60;20170320;160000;0.1625;0.1625;0.162;0.162;17;0
Таттел. ао;60;20170321;100000;0.162;0.162;0.162;0.162;30;0
Таттел. ао;60;20170321;110000;0.1645;0.1645;0.1645;0.1645;1;0
Таттел. ао;60;20170321;120000;0.1625;0.1625;0.1625;0.1625;1;0
Таттел. ао;60;20170321;130000;0.162;0.162;0.162;0.162;80;0
Таттел. ао;60;20170321;140000;0.162;0.162;0.162;0.162;74;0
Таттел. ао;60;20170321;150000;0.1615;0.1635;0.161;0.161;12;0
Таттел. ао;60;20170321;160000;0.1615;0.1615;0.161;0.161;5;0
Таттел. ао;60;20170321;170000;0.161;0.161;0.161;0.161;15;0
Таттел. ао;60;20170322;100000;0.1605;0.162;0.16;0.161;176;0
Таттел. ао;60;20170322;110000;0.1615;0.1615;0.1605;0.161;267;0
Таттел. ао;60;20170322;120000;0.1605;0.161;0.1605;0.161;27;0
Таттел. ао;60;20170322;130000;0.161;0.161;0.161;0.161;30;0
Таттел. ао;60;20170322;140000;0.1615;0.1615;0.1615;0.1615;24;0
Таттел. ао;60;20170322;150000;0.1615;0.1615;0.1615;0.1615;4;0
Таттел. ао;60;20170322;170000;0.1615;0.1615;0.1615;0.1615;1;0
Таттел. ао;60;20170322;180000;0.162;0.162;0.162;0.162;5;0
Таттел. ао;60;20170323;100000;0.1625;0.1635;0.1625;0.163;18;0
Таттел. ао;60;20170323;160000;0.1635;0.1635;0.1635;0.1635;6;0
Таттел. ао;60;20170323;180000;0.1635;0.1635;0.1635;0.1635;2;0
Таттел. ао;60;20170324;100000;0.1635;0.1635;0.1635;0.1635;12;0
Таттел. ао;60;20170324;130000;0.1615;0.1615;0.161;0.161;360;0
Таттел. ао;60;20170324;150000;0.161;0.161;0.161;0.161;2;0
Таттел. ао;60;20170327;100000;0.1605;0.1635;0.1605;0.1635;41;0
Таттел. ао;60;20170327;120000;0.1615;0.1615;0.1615;0.1615;1;0
Таттел. ао;60;20170327;130000;0.1615;0.1615;0.1615;0.1615;4;0
Таттел. ао;60;20170327;150000;0.1615;0.1615;0.1615;0.1615;2;0
Таттел. ао;60;20170327;160000;0.162;0.162;0.162;0.162;1;0
Таттел. ао;60;20170327;180000;0.161;0.161;0.161;0.161;17;0
Таттел. ао;60;20170328;120000;0.161;0.162;0.161;0.162;68;0
Таттел. ао;60;20170328;140000;0.1615;0.1615;0.1615;0.1615;3;0
Таттел. ао;60;20170328;150000;0.1615;0.1615;0.1615;0.1615;4;0
Таттел. ао;60;20170328;170000;0.161;0.161;0.161;0.161;15;0
Таттел. ао;60;20170329;100000;0.162;0.162;0.162;0.162;4;0
Таттел. ао;60;20170329;110000;0.162;0.162;0.162;0.162;2;0
Таттел. ао;60;20170329;130000;0.163;0.163;0.163;0.163;1;0
Таттел. ао;60;20170329;140000;0.162;0.162;0.162;0.162;1;0
Таттел. ао;60;20170329;170000;0.1625;0.1625;0.1615;0.1615;10;0
Таттел. ао;60;20170329;180000;0.163;0.163;0.163;0.163;25;0
Таттел. ао;60;20170330;140000;0.162;0.162;0.162;0.162;10;0
Таттел. ао;60;20170330;160000;0.1625;0.1625;0.1625;0.1625;7;0
Таттел. ао;60;20170330;170000;0.161;0.161;0.161;0.161;35;0
Таттел. ао;60;20170330;180000;0.1615;0.1615;0.1615;0.1615;9;0
Таттел. ао;60;20170331;100000;0.161;0.1615;0.16;0.161;119;0
Таттел. ао;60;20170331;110000;0.161;0.1615;0.161;0.1615;49;0
Таттел. ао;60;20170331;140000;0.1615;0.1615;0.161;0.161;40;0
Таттел. ао;60;20170331;160000;0.161;0.161;0.161;0.161;33;0
Таттел. ао;60;20170331;170000;0.161;0.1615;0.161;0.1615;69;0
Таттел. ао;60;20170403;170000;0.1615;0.1615;0.1615;0.1615;20;0
Таттел. ао;60;20170403;180000;0.1615;0.1615;0.1615;0.1615;1;0
Таттел. ао;60;20170404;100000;0.1625;0.1625;0.1625;0.1625;3;0
Таттел. ао;60;20170404;110000;0.1615;0.1615;0.1615;0.1615;10;0
Таттел. ао;60;20170404;140000;0.1615;0.1615;0.1615;0.1615;2;0
Таттел. ао;60;20170404;160000;0.162;0.1625;0.162;0.1625;6;0
Таттел. ао;60;20170405;100000;0.161;0.161;0.161;0.161;50;0
Таттел. ао;60;20170405;110000;0.161;0.162;0.161;0.162;16;0
Таттел. ао;60;20170405;170000;0.1615;0.1615;0.1615;0.1615;30;0
Таттел. ао;60;20170406;120000;0.1625;0.1625;0.1625;0.1625;3;0
Таттел. ао;60;20170406;140000;0.161;0.161;0.161;0.161;2;0
Таттел. ао;60;20170407;110000;0.161;0.161;0.161;0.161;37;0
Таттел. ао;60;20170407;150000;0.162;0.162;0.162;0.162;4;0
Таттел. ао;60;20170407;160000;0.162;0.162;0.162;0.162;31;0
Таттел. ао;60;20170407;180000;0.1615;0.1615;0.1615;0.1615;32;0
Таттел. ао;60;20170410;100000;0.162;0.1645;0.161;0.161;19;0
Таттел. ао;60;20170410;110000;0.1605;0.161;0.155;0.161;455;0
Таттел. ао;60;20170410;130000;0.161;0.161;0.161;0.161;75;0
Таттел. ао;60;20170410;140000;0.161;0.161;0.161;0.161;1;0
Таттел. ао;60;20170410;150000;0.161;0.161;0.161;0.161;5;0
Таттел. ао;60;20170410;160000;0.161;0.161;0.161;0.161;20;0
Таттел. ао;60;20170410;170000;0.161;0.161;0.161;0.161;16;0
Таттел. ао;60;20170410;180000;0.1615;0.1615;0.1615;0.1615;2;0
Таттел. ао;60;20170411;120000;0.161;0.161;0.161;0.161;2;0
Таттел. ао;60;20170412;160000;0.16;0.16;0.16;0.16;1;0
Таттел. ао;60;20170413;100000;0.1595;0.16;0.1595;0.1595;51;0
Таттел. ао;60;20170413;110000;0.1595;0.1595;0.1595;0.1595;65;0
Таттел. ао;60;20170413;120000;0.159;0.1595;0.159;0.1595;11;0
Таттел. ао;60;20170413;140000;0.159;0.159;0.159;0.159;4;0
Таттел. ао;60;20170413;160000;0.159;0.159;0.159;0.159;2;0
Таттел. ао;60;20170413;170000;0.159;0.159;0.159;0.159;1;0
Таттел. ао;60;20170413;180000;0.159;0.159;0.159;0.159;2;0
Таттел. ао;60;20170414;100000;0.159;0.159;0.159;0.159;10;0
Таттел. ао;60;20170414;170000;0.159;0.16;0.159;0.16;2;0
Таттел. ао;60;20170417;140000;0.16;0.16;0.16;0.16;3;0
Таттел. ао;60;20170417;150000;0.16;0.16;0.1595;0.1595;160;0
Таттел. ао;60;20170417;160000;0.1595;0.1595;0.1595;0.1595;2;0
Таттел. ао;60;20170417;180000;0.16;0.16;0.16;0.16;1;0
Таттел. ао;60;20170418;130000;0.159;0.159;0.1565;0.1565;11;0
Таттел. ао;60;20170418;150000;0.157;0.157;0.157;0.157;2;0
Таттел. ао;60;20170418;160000;0.1585;0.159;0.1585;0.159;52;0
Таттел. ао;60;20170419;120000;0.1585;0.1585;0.154;0.154;20;0
Таттел. ао;60;20170419;140000;0.1575;0.1575;0.1575;0.1575;30;0
Таттел. ао;60;20170419;150000;0.1575;0.162;0.1575;0.16;370;0
Таттел. ао;60;20170419;160000;0.1575;0.158;0.1575;0.158;4;0
Таттел. ао;60;20170419;170000;0.159;0.159;0.159;0.159;16;0
Таттел. ао;60;20170419;180000;0.159;0.16;0.159;0.16;8;0
Таттел. ао;60;20170420;100000;0.1605;0.1605;0.1575;0.1575;17;0
Таттел. ао;60;20170420;110000;0.157;0.157;0.157;0.157;2;0
Таттел. ао;60;20170420;120000;0.157;0.159;0.157;0.159;15;0
Таттел. ао;60;20170420;130000;0.1575;0.1575;0.1555;0.1555;15;0
Таттел. ао;60;20170420;140000;0.1565;0.1585;0.1555;0.1585;31;0
Таттел. ао;60;20170420;160000;0.158;0.1585;0.157;0.157;7;0
Таттел. ао;60;20170420;180000;0.1585;0.1585;0.1585;0.1585;6;0
Таттел. ао;60;20170421;100000;0.157;0.157;0.1555;0.1555;5;0
Таттел. ао;60;20170424;160000;0.16;0.1615;0.16;0.1615;3;0
Таттел. ао;60;20170426;120000;0.162;0.1625;0.162;0.1625;8;0
Таттел. ао;60;20170427;100000;0.1625;0.1625;0.16;0.16;2;0
Таттел. ао;60;20170428;160000;0.1605;0.1605;0.1605;0.1605;1;0
Таттел. ао;60;20170428;170000;0.1625;0.164;0.1625;0.164;30;0
Таттел. ао;60;20170428;180000;0.164;0.164;0.164;0.164;1;0
Таттел. ао;60;20170502;100000;0.1645;0.165;0.1645;0.165;3;0
Таттел. ао;60;20170502;170000;0.1645;0.1645;0.1645;0.1645;1;0
Таттел. ао;60;20170502;180000;0.163;0.163;0.1625;0.1625;2;0
Таттел. ао;60;20170503;110000;0.162;0.162;0.162;0.162;1;0
Таттел. ао;60;20170503;120000;0.1615;0.1615;0.1615;0.1615;2;0
Таттел. ао;60;20170503;130000;0.1625;0.1625;0.1625;0.1625;2;0
Таттел. ао;60;20170503;160000;0.1625;0.164;0.1625;0.164;7;0
Таттел. ао;60;20170504;100000;0.164;0.164;0.164;0.164;1;0
Таттел. ао;60;20170504;110000;0.164;0.164;0.164;0.164;2;0
Таттел. ао;60;20170504;140000;0.164;0.164;0.164;0.164;4;0
Таттел. ао;60;20170504;150000;0.164;0.164;0.164;0.164;6;0
Таттел. ао;60;20170504;160000;0.1645;0.1645;0.1645;0.1645;1;0
Таттел. ао;60;20170504;180000;0.164;0.164;0.164;0.164;1;0
Таттел. ао;60;20170505;130000;0.1645;0.1655;0.1645;0.1655;18;0
Таттел. ао;60;20170505;160000;0.165;0.165;0.165;0.165;12;0
Таттел. ао;60;20170505;170000;0.165;0.1655;0.165;0.1655;2;0
Таттел. ао;60;20170505;180000;0.1655;0.1655;0.165;0.1655;46;0
Таттел. ао;60;20170510;130000;0.162;0.162;0.162;0.162;9;0
Таттел. ао;60;20170510;150000;0.1625;0.1625;0.162;0.162;4;0
Таттел. ао;60;20170510;170000;0.1615;0.162;0.1615;0.162;8;0
Таттел. ао;60;20170510;180000;0.162;0.162;0.162;0.162;1;0
Таттел. ао;60;20170511;110000;0.162;0.162;0.162;0.162;1;0
Таттел. ао;60;20170511;140000;0.162;0.162;0.162;0.162;5;0
Таттел. ао;60;20170511;150000;0.162;0.164;0.162;0.164;34;0
Таттел. ао;60;20170511;170000;0.163;0.163;0.163;0.163;4;0
Таттел. ао;60;20170511;180000;0.162;0.162;0.162;0.162;7;0
Таттел. ао;60;20170512;100000;0.162;0.162;0.1605;0.1605;45;0
Таттел. ао;60;20170512;120000;0.162;0.162;0.162;0.162;1;0
Таттел. ао;60;20170512;140000;0.162;0.162;0.162;0.162;33;0
Таттел. ао;60;20170512;150000;0.162;0.162;0.162;0.162;19;0
Таттел. ао;60;20170512;160000;0.162;0.162;0.162;0.162;17;0
Таттел. ао;60;20170512;170000;0.162;0.162;0.162;0.162;1;0
Таттел. ао;60;20170512;180000;0.1625;0.1635;0.1605;0.1615;31;0
Таттел. ао;60;20170515;090000;0.15;0.15;0.15;0.15;4;0
Таттел. ао;60;20170515;100000;0.1585;0.16;0.1475;0.155;142;0
Таттел. ао;60;20170515;110000;0.155;0.155;0.1545;0.1545;102;0
Таттел. ао;60;20170515;140000;0.1535;0.1535;0.1525;0.1525;8;0
Таттел. ао;60;20170515;160000;0.1535;0.1535;0.1535;0.1535;51;0
Таттел. ао;60;20170515;170000;0.1535;0.1535;0.1535;0.1535;4;0
Таттел. ао;60;20170515;180000;0.1525;0.1525;0.1525;0.1525;5;0
Таттел. ао;60;20170516;100000;0.156;0.156;0.155;0.155;5;0
Таттел. ао;60;20170516;120000;0.154;0.154;0.154;0.154;2;0
Таттел. ао;60;20170516;130000;0.153;0.153;0.152;0.152;10;0
Таттел. ао;60;20170516;160000;0.152;0.152;0.1515;0.1515;9;0
Таттел. ао;60;20170516;170000;0.151;0.151;0.15;0.15;31;0
Таттел. ао;60;20170516;180000;0.15;0.15;0.15;0.15;1;0
Таттел. ао;60;20170517;100000;0.1495;0.1535;0.1495;0.1535;5;0
Таттел. ао;60;20170517;110000;0.153;0.153;0.153;0.153;1;0
Таттел. ао;60;20170517;150000;0.1505;0.1505;0.1505;0.1505;1;0
Таттел. ао;60;20170518;100000;0.153;0.153;0.153;0.153;1;0
Таттел. ао;60;20170518;110000;0.151;0.151;0.151;0.151;20;0
Таттел. ао;60;20170518;130000;0.15;0.15;0.15;0.15;4;0
Таттел. ао;60;20170518;140000;0.15;0.15;0.15;0.15;2;0
Таттел. ао;60;20170518;170000;0.1495;0.1495;0.141;0.141;21;0
Таттел. ао;60;20170518;180000;0.1495;0.15;0.149;0.149;17;0
Таттел. ао;60;20170519;100000;0.148;0.148;0.148;0.148;1;0
Таттел. ао;60;20170519;120000;0.1435;0.1485;0.1425;0.1485;6;0
Таттел. ао;60;20170522;100000;0.142;0.1485;0.1415;0.1485;4;0
Таттел. ао;60;20170522;110000;0.149;0.149;0.149;0.149;1;0
Таттел. ао;60;20170522;150000;0.1465;0.148;0.1425;0.148;25;0
Таттел. ао;60;20170523;100000;0.1435;0.1435;0.1405;0.1405;20;0
Таттел. ао;60;20170523;150000;0.1445;0.1445;0.1445;0.1445;36;0
Таттел. ао;60;20170523;160000;0.1485;0.1495;0.1485;0.1495;2;0
Таттел. ао;60;20170523;180000;0.1495;0.15;0.1495;0.15;11;0
Таттел. ао;60;20170524;100000;0.15;0.15;0.15;0.15;1;0
Таттел. ао;60;20170524;160000;0.15;0.15;0.15;0.15;17;0
Таттел. ао;60;20170525;100000;0.154;0.154;0.154;0.154;2;0
Таттел. ао;60;20170525;130000;0.148;0.148;0.1455;0.1455;2;0
Таттел. ао;60;20170525;150000;0.146;0.1465;0.146;0.1465;2;0
Таттел. ао;60;20170525;170000;0.1495;0.1495;0.1495;0.1495;1;0
Таттел. ао;60;20170526;180000;0.1465;0.1465;0.1465;0.1465;1;0
Таттел. ао;60;20170529;100000;0.1495;0.157;0.1495;0.157;66;0
Таттел. ао;60;20170529;110000;0.15;0.15;0.1495;0.1495;27;0
Таттел. ао;60;20170529;150000;0.149;0.149;0.1425;0.1455;51;0
Таттел. ао;60;20170529;170000;0.1455;0.1455;0.1455;0.1455;1;0
Таттел. ао;60;20170530;100000;0.1485;0.1485;0.147;0.147;2;0
Таттел. ао;60;20170530;110000;0.1455;0.1455;0.1455;0.1455;1;0
Таттел. ао;60;20170530;150000;0.149;0.149;0.149;0.149;1;0
Таттел. ао;60;20170531;130000;0.1445;0.1445;0.144;0.144;3;0
Таттел. ао;60;20170531;140000;0.145;0.145;0.145;0.145;1;0
Таттел. ао;60;20170531;150000;0.143;0.143;0.1415;0.1415;9;0
Таттел. ао;60;20170531;160000;0.1425;0.1425;0.1425;0.1425;2;0
Таттел. ао;60;20170531;170000;0.1425;0.1425;0.1425;0.1425;7;0
Таттел. ао;60;20170531;180000;0.143;0.143;0.143;0.143;1;0
Таттел. ао;60;20170601;100000;0.144;0.144;0.1405;0.141;90;0
Таттел. ао;60;20170601;120000;0.1405;0.1405;0.1405;0.1405;1;0
Таттел. ао;60;20170601;160000;0.1405;0.1405;0.1405;0.1405;30;0
Таттел. ао;60;20170601;170000;0.1405;0.1405;0.1405;0.1405;21;0
Таттел. ао;60;20170601;180000;0.143;0.1435;0.143;0.143;3;0
Таттел. ао;60;20170602;110000;0.146;0.147;0.146;0.147;13;0
Таттел. ао;60;20170602;120000;0.1465;0.1475;0.1465;0.1475;19;0
Таттел. ао;60;20170602;130000;0.1415;0.1415;0.1415;0.1415;1;0
Таттел. ао;60;20170602;140000;0.1425;0.1455;0.14;0.1455;7;0
Таттел. ао;60;20170605;120000;0.145;0.15;0.145;0.15;28;0
Таттел. ао;60;20170605;130000;0.15;0.15;0.15;0.15;18;0
Таттел. ао;60;20170605;180000;0.15;0.152;0.15;0.152;25;0
Таттел. ао;60;20170606;100000;0.15;0.15;0.15;0.15;21;0
Таттел. ао;60;20170606;120000;0.15;0.15;0.15;0.15;186;0
Таттел. ао;60;20170606;140000;0.15;0.15;0.15;0.15;19;0
Таттел. ао;60;20170607;120000;0.149;0.149;0.149;0.149;4;0
Таттел. ао;60;20170607;130000;0.149;0.149;0.149;0.149;31;0
Таттел. ао;60;20170607;140000;0.15;0.15;0.15;0.15;4;0
Таттел. ао;60;20170607;180000;0.1515;0.1515;0.1515;0.1515;1;0
Таттел. ао;60;20170608;110000;0.1525;0.1525;0.1525;0.1525;1455;0
Таттел. ао;60;20170608;150000;0.15;0.15;0.15;0.15;34;0
Таттел. ао;60;20170608;180000;0.15;0.15;0.15;0.15;1;0
Таттел. ао;60;20170609;130000;0.15;0.15;0.15;0.15;4;0
Таттел. ао;60;20170609;140000;0.15;0.15;0.15;0.15;20;0
Таттел. ао;60;20170609;170000;0.1505;0.1505;0.1505;0.1505;2;0
Таттел. ао;60;20170609;180000;0.1505;0.1505;0.1505;0.1505;3;0
Таттел. ао;60;20170613;100000;0.15;0.15;0.15;0.15;100;0
Таттел. ао;60;20170613;130000;0.15;0.15;0.15;0.15;4;0
Таттел. ао;60;20170613;140000;0.15;0.15;0.15;0.15;20;0
Таттел. ао;60;20170613;150000;0.15;0.15;0.15;0.15;2;0
Таттел. ао;60;20170614;100000;0.15;0.15;0.15;0.15;105;0
Таттел. ао;60;20170614;110000;0.1505;0.1505;0.15;0.15;9;0
Таттел. ао;60;20170614;160000;0.15;0.1505;0.15;0.1505;58;0
Таттел. ао;60;20170614;180000;0.15;0.15;0.15;0.15;1;0
Таттел. ао;60;20170615;110000;0.143;0.143;0.143;0.143;1;0
Таттел. ао;60;20170615;140000;0.1485;0.15;0.1485;0.15;29;0
Таттел. ао;60;20170615;180000;0.15;0.15;0.15;0.15;40;0
Таттел. ао;60;20170616;100000;0.15;0.15;0.15;0.15;25;0
Таттел. ао;60;20170616;110000;0.15;0.15;0.15;0.15;11;0
Таттел. ао;60;20170616;120000;0.15;0.15;0.15;0.15;2;0
Таттел. ао;60;20170616;170000;0.15;0.15;0.15;0.15;1;0
Таттел. ао;60;20170616;180000;0.15;0.15;0.15;0.15;1;0
Таттел. ао;60;20170619;110000;0.15;0.15;0.15;0.15;212;0
Таттел. ао;60;20170619;140000;0.15;0.15;0.15;0.15;347;0
Таттел. ао;60;20170619;150000;0.1485;0.1485;0.1485;0.1485;1;0
Таттел. ао;60;20170620;140000;0.15;0.15;0.15;0.15;2;0
Таттел. ао;60;20170621;150000;0.147;0.147;0.147;0.147;1;0
Таттел. ао;60;20170622;150000;0.1415;0.1415;0.14;0.14;30;0
Таттел. ао;60;20170622;160000;0.14;0.145;0.14;0.145;23;0
Таттел. ао;60;20170623;100000;0.1485;0.1485;0.147;0.147;3;0
Таттел. ао;60;20170623;110000;0.147;0.147;0.142;0.142;198;0
Таттел. ао;60;20170623;120000;0.1435;0.1435;0.1435;0.1435;3;0
Таттел. ао;60;20170623;140000;0.1425;0.1425;0.1425;0.1425;10;0
Таттел. ао;60;20170623;160000;0.1455;0.1455;0.1455;0.1455;1;0
Таттел. ао;60;20170623;170000;0.1425;0.1425;0.1425;0.1425;35;0
Таттел. ао;60;20170626;100000;0.145;0.145;0.1435;0.1445;3;0
Таттел. ао;60;20170626;130000;0.144;0.1445;0.144;0.1445;10;0
Таттел. ао;60;20170627;100000;0.1435;0.1435;0.1435;0.1435;4;0
Таттел. ао;60;20170627;110000;0.1435;0.1435;0.1435;0.1435;1;0
Таттел. ао;60;20170627;120000;0.1435;0.1435;0.1405;0.1405;6;0
Таттел. ао;60;20170627;180000;0.141;0.143;0.141;0.143;2;0
Таттел. ао;60;20170628;090000;0.1465;0.1465;0.1465;0.1465;1;0
Таттел. ао;60;20170628;120000;0.1415;0.1415;0.1415;0.1415;4;0
Таттел. ао;60;20170628;140000;0.1415;0.1415;0.141;0.141;2;0
Таттел. ао;60;20170628;150000;0.1425;0.143;0.1425;0.143;9;0
Таттел. ао;60;20170628;180000;0.143;0.143;0.143;0.143;1;0
Таттел. ао;60;20170629;110000;0.146;0.146;0.146;0.146;1;0
Таттел. ао;60;20170629;130000;0.1445;0.147;0.1445;0.147;19;0
Таттел. ао;60;20170629;160000;0.144;0.144;0.1435;0.144;37;0
Таттел. ао;60;20170629;180000;0.145;0.145;0.145;0.145;1;0
Таттел. ао;60;20170630;120000;0.143;0.143;0.143;0.143;3;0
Таттел. ао;60;20170630;130000;0.143;0.143;0.143;0.143;2;0
Таттел. ао;60;20170703;100000;0.1435;0.1435;0.143;0.143;6;0
Таттел. ао;60;20170703;160000;0.143;0.143;0.143;0.143;1;0
Таттел. ао;60;20170705;100000;0.1465;0.1465;0.146;0.1465;9;0
Таттел. ао;60;20170705;110000;0.145;0.145;0.145;0.145;1;0
Таттел. ао;60;20170706;130000;0.1435;0.1435;0.1425;0.1425;10;0
Таттел. ао;60;20170706;150000;0.143;0.143;0.1425;0.1425;5;0
Таттел. ао;60;20170706;170000;0.1425;0.1425;0.1425;0.1425;1;0
Таттел. ао;60;20170707;160000;0.143;0.143;0.142;0.142;10;0
Таттел. ао;60;20170710;100000;0.1435;0.1435;0.1435;0.1435;1;0
Таттел. ао;60;20170711;120000;0.1415;0.1415;0.1415;0.1415;5;0
Таттел. ао;60;20170711;140000;0.1435;0.1435;0.1435;0.1435;4;0
Таттел. ао;60;20170711;150000;0.144;0.144;0.144;0.144;2;0
Таттел. ао;60;20170712;120000;0.1445;0.145;0.141;0.141;28;0
Таттел. ао;60;20170712;140000;0.143;0.143;0.143;0.143;2;0
Таттел. ао;60;20170712;170000;0.1425;0.1425;0.1425;0.1425;1;0
Таттел. ао;60;20170713;160000;0.143;0.1435;0.143;0.1435;48;0
Таттел. ао;60;20170717;130000;0.1435;0.1435;0.1435;0.1435;1;0
Таттел. ао;60;20170717;140000;0.1435;0.1435;0.1435;0.1435;1;0
Таттел. ао;60;20170717;150000;0.1425;0.1425;0.1425;0.1425;1;0
Таттел. ао;60;20170717;160000;0.1435;0.1435;0.1435;0.1435;1;0
Таттел. ао;60;20170717;170000;0.142;0.142;0.142;0.142;10;0
Таттел. ао;60;20170718;130000;0.1425;0.1425;0.1425;0.1425;3;0
Таттел. ао;60;20170718;180000;0.1415;0.1415;0.1415;0.1415;22;0
Таттел. ао;60;20170719;100000;0.1415;0.1415;0.1415;0.1415;1;0
Таттел. ао;60;20170719;130000;0.142;0.142;0.142;0.142;15;0
Таттел. ао;60;20170719;180000;0.1425;0.1425;0.1425;0.1425;5;0
Таттел. ао;60;20170720;110000;0.143;0.143;0.1425;0.1425;7;0
Таттел. ао;60;20170720;120000;0.143;0.143;0.143;0.143;1;0
Таттел. ао;60;20170720;150000;0.143;0.143;0.143;0.143;2;0
Таттел. ао;60;20170721;140000;0.1435;0.1435;0.1435;0.1435;2;0
Таттел. ао;60;20170721;170000;0.1435;0.1435;0.1435;0.1435;1;0
Таттел. ао;60;20170724;110000;0.1435;0.1435;0.1435;0.1435;10;0
Таттел. ао;60;20170725;180000;0.142;0.1425;0.142;0.1425;8;0
Таттел. ао;60;20170726;170000;0.1435;0.147;0.143;0.1465;116;0
Таттел. ао;60;20170727;140000;0.1465;0.1465;0.1465;0.1465;1;0
Таттел. ао;60;20170727;170000;0.147;0.1485;0.147;0.1485;77;0
Таттел. ао;60;20170728;170000;0.1435;0.1435;0.1435;0.1435;1;0
Таттел. ао;60;20170731;130000;0.144;0.144;0.1425;0.1425;70;0
Таттел. ао;60;20170731;160000;0.1445;0.1465;0.1445;0.1465;4;0
Таттел. ао;60;20170731;180000;0.147;0.1475;0.147;0.1475;10;0
Таттел. ао;60;20170801;100000;0.142;0.1435;0.1415;0.143;4;0
Таттел. ао;60;20170801;180000;0.1435;0.1435;0.1435;0.1435;1;0
Таттел. ао;60;20170803;100000;0.142;0.142;0.141;0.141;38;0
Таттел. ао;60;20170803;130000;0.145;0.145;0.145;0.145;11;0
Таттел. ао;60;20170803;140000;0.1455;0.1455;0.1455;0.1455;8;0
Таттел. ао;60;20170803;150000;0.147;0.1505;0.147;0.1505;15;0
Таттел. ао;60;20170803;160000;0.1495;0.151;0.1495;0.151;16;0
Таттел. ао;60;20170803;170000;0.1505;0.1505;0.1505;0.1505;5;0
Таттел. ао;60;20170804;160000;0.147;0.1475;0.147;0.1475;3;0
Таттел. ао;60;20170808;180000;0.147;0.147;0.147;0.147;1;0
Таттел. ао;60;20170809;090000;0.147;0.147;0.147;0.147;1;0
Таттел. ао;60;20170809;100000;0.1495;0.1495;0.1495;0.1495;1;0
Таттел. ао;60;20170809;110000;0.149;0.149;0.149;0.149;2;0
Таттел. ао;60;20170810;120000;0.148;0.148;0.148;0.148;5;0
Таттел. ао;60;20170810;130000;0.146;0.146;0.146;0.146;1;0
Таттел. ао;60;20170811;120000;0.1445;0.1445;0.1445;0.1445;7;0
Таттел. ао;60;20170814;120000;0.1445;0.1445;0.1445;0.1445;2;0
Таттел. ао;60;20170816;110000;0.1445;0.145;0.1445;0.145;5;0
Таттел. ао;60;20170816;120000;0.145;0.145;0.1445;0.1445;26;0
Таттел. ао;60;20170816;160000;0.1465;0.1465;0.1465;0.1465;1;0
Таттел. ао;60;20170817;110000;0.1445;0.1445;0.144;0.144;2;0
Таттел. ао;60;20170817;150000;0.1475;0.1475;0.1475;0.1475;7;0
Таттел. ао;60;20170817;160000;0.1445;0.1445;0.144;0.144;6;0
Таттел. ао;60;20170823;100000;0.144;0.144;0.144;0.144;4;0
Таттел. ао;60;20170823;120000;0.144;0.144;0.144;0.144;2;0
Таттел. ао;60;20170823;130000;0.144;0.144;0.144;0.144;2;0
Таттел. ао;60;20170823;140000;0.144;0.144;0.144;0.144;1;0
Таттел. ао;60;20170824;100000;0.1475;0.1475;0.1475;0.1475;2;0
Таттел. ао;60;20170824;110000;0.1475;0.1475;0.1475;0.1475;1;0
Таттел. ао;60;20170824;160000;0.1455;0.1455;0.145;0.145;6;0
Таттел. ао;60;20170824;170000;0.1485;0.15;0.1475;0.1475;206;0
Таттел. ао;60;20170825;100000;0.1455;0.1465;0.145;0.145;93;0
Таттел. ао;60;20170825;110000;0.1475;0.1475;0.1455;0.1455;8;0
Таттел. ао;60;20170825;120000;0.146;0.146;0.144;0.144;10;0
Таттел. ао;60;20170825;130000;0.146;0.1465;0.146;0.1465;9;0
Таттел. ао;60;20170825;150000;0.147;0.147;0.147;0.147;7;0
Таттел. ао;60;20170825;160000;0.1465;0.1465;0.1465;0.1465;3;0
Таттел. ао;60;20170825;180000;0.1465;0.1465;0.144;0.144;112;0
Таттел. ао;60;20170828;120000;0.1445;0.1445;0.1445;0.1445;25;0
Таттел. ао;60;20170828;130000;0.1445;0.1445;0.144;0.144;110;0
Таттел. ао;60;20170828;160000;0.144;0.144;0.144;0.144;1;0
Таттел. ао;60;20170828;170000;0.144;0.144;0.142;0.142;221;0
Таттел. ао;60;20170828;180000;0.1425;0.1425;0.1425;0.1425;16;0
Таттел. ао;60;20170829;100000;0.146;0.146;0.144;0.1445;115;0
Таттел. ао;60;20170829;110000;0.145;0.146;0.145;0.145;80;0
Таттел. ао;60;20170829;120000;0.1455;0.146;0.1445;0.145;2486;0
Таттел. ао;60;20170829;130000;0.145;0.146;0.1445;0.1455;2693;0
Таттел. ао;60;20170829;150000;0.1455;0.1455;0.1455;0.1455;6;0
Таттел. ао;60;20170830;100000;0.1435;0.1435;0.141;0.142;168;0
Таттел. ао;60;20170830;110000;0.1425;0.1425;0.1425;0.1425;2;0
Таттел. ао;60;20170830;120000;0.144;0.144;0.144;0.144;62;0
Таттел. ао;60;20170830;150000;0.143;0.143;0.143;0.143;7;0
Таттел. ао;60;20170831;100000;0.145;0.145;0.144;0.144;2;0
Таттел. ао;60;20170831;110000;0.1435;0.1435;0.1435;0.1435;1;0
Таттел. ао;60;20170831;150000;0.144;0.144;0.144;0.144;2;0
Таттел. ао;60;20170831;160000;0.144;0.144;0.144;0.144;4;0
Таттел. ао;60;20170901;150000;0.1435;0.1435;0.1435;0.1435;1;0
Таттел. ао;60;20170901;160000;0.145;0.145;0.145;0.145;16;0
Таттел. ао;60;20170901;180000;0.143;0.143;0.143;0.143;16;0
Таттел. ао;60;20170904;130000;0.143;0.1435;0.143;0.1435;3;0
Таттел. ао;60;20170906;160000;0.143;0.143;0.142;0.142;28;0
Таттел. ао;60;20170907;130000;0.143;0.143;0.1425;0.1425;3;0
Таттел. ао;60;20170907;140000;0.142;0.1425;0.142;0.1425;17;0
Таттел. ао;60;20170907;160000;0.143;0.143;0.143;0.143;1;0
Таттел. ао;60;20170907;170000;0.1435;0.1435;0.1435;0.1435;1;0
Таттел. ао;60;20170908;100000;0.1445;0.1445;0.1445;0.1445;1;0
Таттел. ао;60;20170908;170000;0.144;0.144;0.144;0.144;1;0
Таттел. ао;60;20170913;110000;0.143;0.143;0.1425;0.1425;4;0
Таттел. ао;60;20170913;140000;0.1435;0.144;0.1435;0.144;4;0
Таттел. ао;60;20170913;160000;0.144;0.144;0.144;0.144;1;0
Таттел. ао;60;20170914;120000;0.1445;0.1445;0.1445;0.1445;1;0
Таттел. ао;60;20170914;140000;0.1445;0.1445;0.1445;0.1445;11;0
Таттел. ао;60;20170914;170000;0.145;0.145;0.145;0.145;2;0
Таттел. ао;60;20170915;160000;0.145;0.145;0.145;0.145;4;0
Таттел. ао;60;20170918;100000;0.1445;0.1445;0.1445;0.1445;1;0
Таттел. ао;60;20170918;160000;0.1445;0.1445;0.1445;0.1445;3;0
Таттел. ао;60;20170919;150000;0.1445;0.147;0.1445;0.146;13;0
Таттел. ао;60;20170919;160000;0.1465;0.147;0.1465;0.1465;11;0
Таттел. ао;60;20170921;160000;0.1465;0.1465;0.1465;0.1465;2;0
Таттел. ао;60;20170922;140000;0.1445;0.1445;0.1445;0.1445;1;0
Таттел. ао;60;20170925;100000;0.143;0.144;0.1405;0.144;26;0
Таттел. ао;60;20170925;170000;0.1445;0.1445;0.1445;0.1445;2;0
Таттел. ао;60;20170926;100000;0.145;0.1455;0.145;0.1455;2;0
Таттел. ао;60;20170926;130000;0.145;0.145;0.145;0.145;2;0
Таттел. ао;60;20170926;160000;0.145;0.1455;0.145;0.1455;2;0
Таттел. ао;60;20170927;120000;0.1445;0.1445;0.144;0.144;2;0
Таттел. ао;60;20170927;150000;0.145;0.145;0.145;0.145;5;0
Таттел. ао;60;20170927;180000;0.146;0.146;0.146;0.146;17;0
Таттел. ао;60;20170928;110000;0.146;0.149;0.146;0.149;42;0
Таттел. ао;60;20170928;140000;0.148;0.148;0.148;0.148;1;0
Таттел. ао;60;20170928;150000;0.1475;0.1475;0.1475;0.1475;2;0
Таттел. ао;60;20170929;090000;0.147;0.147;0.147;0.147;1;0
Таттел. ао;60;20170929;170000;0.1475;0.1475;0.1475;0.1475;1;0
Таттел. ао;60;20171002;100000;0.145;0.145;0.145;0.145;16;0
Таттел. ао;60;20171002;140000;0.1455;0.149;0.1455;0.1485;26;0
Таттел. ао;60;20171002;170000;0.1475;0.1475;0.1475;0.1475;11;0
Таттел. ао;60;20171002;180000;0.1485;0.1485;0.1485;0.1485;12;0
Таттел. ао;60;20171003;110000;0.1475;0.148;0.1415;0.148;129;0
Таттел. ао;60;20171003;120000;0.1475;0.1485;0.1475;0.1485;2;0
Таттел. ао;60;20171003;130000;0.1475;0.1485;0.146;0.146;6;0
Таттел. ао;60;20171003;150000;0.1455;0.1455;0.1455;0.1455;3;0
Таттел. ао;60;20171003;170000;0.1475;0.1475;0.1475;0.1475;3;0
Таттел. ао;60;20171004;140000;0.147;0.1475;0.147;0.1475;3;0
Таттел. ао;60;20171005;140000;0.146;0.146;0.146;0.146;4;0
Таттел. ао;60;20171009;140000;0.147;0.147;0.147;0.147;5;0
Таттел. ао;60;20171009;170000;0.147;0.149;0.147;0.149;17;0
Таттел. ао;60;20171010;160000;0.1475;0.1475;0.1475;0.1475;1;0
Таттел. ао;60;20171010;180000;0.1475;0.1475;0.1475;0.1475;10;0
Таттел. ао;60;20171011;100000;0.1475;0.15;0.1475;0.15;7;0
Таттел. ао;60;20171011;150000;0.1485;0.167;0.1485;0.1545;450;0
Таттел. ао;60;20171011;160000;0.1545;0.16;0.1545;0.155;286;0
Таттел. ао;60;20171011;170000;0.1545;0.155;0.1505;0.1505;109;0
Таттел. ао;60;20171011;180000;0.15;0.1545;0.15;0.1515;101;0
Таттел. ао;60;20171012;100000;0.1505;0.151;0.1505;0.151;3;0
Таттел. ао;60;20171012;130000;0.152;0.155;0.1475;0.1475;7;0
Таттел. ао;60;20171012;180000;0.148;0.148;0.148;0.148;1;0
Таттел. ао;60;20171013;110000;0.1485;0.1485;0.147;0.1475;252;0
Таттел. ао;60;20171013;120000;0.148;0.148;0.148;0.148;1;0
Таттел. ао;60;20171013;130000;0.148;0.148;0.148;0.148;51;0
Таттел. ао;60;20171013;150000;0.148;0.148;0.148;0.148;1;0
Таттел. ао;60;20171013;160000;0.148;0.148;0.148;0.148;1;0
Таттел. ао;60;20171013;180000;0.1475;0.1475;0.1475;0.1475;34;0
Таттел. ао;60;20171016;130000;0.148;0.149;0.148;0.149;8;0
Таттел. ао;60;20171016;160000;0.1475;0.1475;0.1475;0.1475;1;0
Таттел. ао;60;20171016;170000;0.1475;0.1475;0.147;0.147;52;0
Таттел. ао;60;20171016;180000;0.147;0.147;0.147;0.147;1;0
Таттел. ао;60;20171017;090000;0.145;0.145;0.145;0.145;1;0
Таттел. ао;60;20171017;100000;0.1475;0.1475;0.1475;0.1475;4;0
Таттел. ао;60;20171017;150000;0.1475;0.1475;0.1475;0.1475;2;0
Таттел. ао;60;20171017;180000;0.1465;0.1465;0.1465;0.1465;1;0
Таттел. ао;60;20171018;120000;0.148;0.1485;0.147;0.147;5;0
Таттел. ао;60;20171018;170000;0.1465;0.1465;0.142;0.1455;202;0
Таттел. ао;60;20171018;180000;0.146;0.147;0.146;0.147;3;0
Таттел. ао;60;20171019;090000;0.1455;0.1455;0.1455;0.1455;1;0
Таттел. ао;60;20171019;110000;0.1455;0.1455;0.1455;0.1455;5;0
Таттел. ао;60;20171019;160000;0.146;0.146;0.146;0.146;3;0
Таттел. ао;60;20171020;100000;0.1465;0.1465;0.146;0.146;3;0
Таттел. ао;60;20171020;110000;0.1455;0.146;0.143;0.146;67;0
Таттел. ао;60;20171020;130000;0.145;0.145;0.145;0.145;2;0
Таттел. ао;60;20171020;150000;0.1455;0.1455;0.1455;0.1455;3;0
Таттел. ао;60;20171020;170000;0.1455;0.1455;0.1455;0.1455;3;0
Таттел. ао;60;20171020;180000;0.1455;0.1455;0.145;0.145;3;0
Таттел. ао;60;20171023;110000;0.1455;0.1455;0.1445;0.1445;11;0
Таттел. ао;60;20171023;120000;0.146;0.146;0.146;0.146;10;0
Таттел. ао;60;20171023;140000;0.1455;0.1455;0.1455;0.1455;6;0
Таттел. ао;60;20171023;150000;0.1455;0.1455;0.1455;0.1455;6;0
Таттел. ао;60;20171023;160000;0.1455;0.1455;0.1455;0.1455;15;0
Таттел. ао;60;20171023;170000;0.1455;0.1455;0.1455;0.1455;38;0
Таттел. ао;60;20171023;180000;0.1455;0.146;0.1455;0.146;20;0
Таттел. ао;60;20171024;130000;0.146;0.146;0.146;0.146;2;0
Таттел. ао;60;20171024;160000;0.146;0.146;0.1455;0.1455;4;0
Таттел. ао;60;20171024;180000;0.145;0.145;0.145;0.145;1;0
Таттел. ао;60;20171025;130000;0.1455;0.1455;0.1455;0.1455;1;0
Таттел. ао;60;20171025;180000;0.1455;0.1455;0.145;0.145;3;0
Таттел. ао;60;20171026;100000;0.1455;0.1455;0.1455;0.1455;2;0
Таттел. ао;60;20171026;150000;0.145;0.145;0.145;0.145;1;0
Таттел. ао;60;20171026;170000;0.1455;0.1465;0.1455;0.1465;9;0
Таттел. ао;60;20171026;180000;0.1465;0.1465;0.1465;0.1465;9;0
Таттел. ао;60;20171027;110000;0.1455;0.146;0.1455;0.146;7;0
Таттел. ао;60;20171027;130000;0.145;0.145;0.1445;0.1445;15;0
Таттел. ао;60;20171027;150000;0.1455;0.1455;0.1455;0.1455;9;0
Таттел. ао;60;20171030;110000;0.1455;0.1455;0.1455;0.1455;3;0
Таттел. ао;60;20171030;120000;0.146;0.146;0.146;0.146;1;0
Таттел. ао;60;20171030;170000;0.146;0.146;0.146;0.146;2;0
Таттел. ао;60;20171030;180000;0.1465;0.147;0.145;0.145;5;0
Таттел. ао;60;20171031;180000;0.1445;0.1445;0.1445;0.1445;3;0
Таттел. ао;60;20171101;130000;0.146;0.1475;0.146;0.1475;18;0
Таттел. ао;60;20171101;170000;0.1465;0.1465;0.1465;0.1465;5;0
Таттел. ао;60;20171102;100000;0.146;0.146;0.146;0.146;1;0
Таттел. ао;60;20171102;120000;0.146;0.146;0.146;0.146;1;0
Таттел. ао;60;20171102;130000;0.1465;0.147;0.1465;0.147;7;0
Таттел. ао;60;20171102;140000;0.1475;0.1475;0.147;0.147;35;0
Таттел. ао;60;20171102;170000;0.147;0.147;0.147;0.147;2;0
Таттел. ао;60;20171103;130000;0.147;0.147;0.147;0.147;1;0
Таттел. ао;60;20171103;140000;0.147;0.147;0.147;0.147;1;0
Таттел. ао;60;20171103;150000;0.147;0.147;0.147;0.147;2;0
Таттел. ао;60;20171107;130000;0.1455;0.1455;0.1435;0.1435;16;0
Таттел. ао;60;20171107;180000;0.147;0.147;0.147;0.147;1;0
Таттел. ао;60;20171108;110000;0.144;0.144;0.144;0.144;1;0
Таттел. ао;60;20171108;130000;0.146;0.146;0.144;0.144;5;0
Таттел. ао;60;20171108;160000;0.146;0.146;0.145;0.145;7;0
Таттел. ао;60;20171109;120000;0.147;0.147;0.147;0.147;1;0
Таттел. ао;60;20171109;130000;0.1455;0.1455;0.1455;0.1455;4;0
Таттел. ао;60;20171109;140000;0.146;0.146;0.146;0.146;1;0
Таттел. ао;60;20171109;150000;0.1475;0.1475;0.1475;0.1475;1;0
Таттел. ао;60;20171110;100000;0.1455;0.1455;0.145;0.145;10;0
Таттел. ао;60;20171110;140000;0.1475;0.1475;0.1475;0.1475;1;0
Таттел. ао;60;20171110;150000;0.147;0.147;0.146;0.146;30;0
Таттел. ао;60;20171110;180000;0.1465;0.149;0.1465;0.148;3;0
Таттел. ао;60;20171113;100000;0.146;0.149;0.146;0.149;3;0
Таттел. ао;60;20171113;110000;0.1525;0.1525;0.1525;0.1525;1;0
Таттел. ао;60;20171114;150000;0.1525;0.1545;0.1525;0.1545;15;0
Таттел. ао;60;20171114;160000;0.1485;0.1485;0.1485;0.1485;3;0
Таттел. ао;60;20171115;110000;0.148;0.148;0.144;0.144;10;0
Таттел. ао;60;20171115;130000;0.1465;0.1465;0.1465;0.1465;2;0
Таттел. ао;60;20171115;150000;0.1505;0.151;0.1475;0.1475;10;0
Таттел. ао;60;20171115;170000;0.1495;0.1495;0.1495;0.1495;1;0
Таттел. ао;60;20171116;130000;0.147;0.147;0.1435;0.145;20;0
Таттел. ао;60;20171117;180000;0.1455;0.1455;0.1455;0.1455;2;0
Таттел. ао;60;20171120;100000;0.1485;0.1495;0.1445;0.1445;5;0
Таттел. ао;60;20171120;110000;0.146;0.146;0.146;0.146;1;0
Таттел. ао;60;20171120;120000;0.146;0.146;0.1455;0.1455;2;0
Таттел. ао;60;20171120;130000;0.146;0.146;0.146;0.146;18;0
Таттел. ао;60;20171120;140000;0.148;0.148;0.148;0.148;2;0
Таттел. ао;60;20171120;150000;0.148;0.148;0.148;0.148;1;0
Таттел. ао;60;20171120;180000;0.148;0.151;0.148;0.151;8;0
Таттел. ао;60;20171121;110000;0.15;0.15;0.15;0.15;1;0
Таттел. ао;60;20171121;120000;0.15;0.153;0.15;0.152;3;0
Таттел. ао;60;20171121;140000;0.154;0.1545;0.154;0.1545;4;0
Таттел. ао;60;20171121;150000;0.155;0.155;0.155;0.155;1;0
Таттел. ао;60;20171121;170000;0.155;0.1575;0.155;0.1575;47;0
Таттел. ао;60;20171121;180000;0.153;0.154;0.153;0.154;3;0
Таттел. ао;60;20171122;150000;0.153;0.154;0.153;0.154;3;0
Таттел. ао;60;20171123;120000;0.155;0.155;0.155;0.155;2;0
Таттел. ао;60;20171123;140000;0.155;0.1555;0.155;0.1555;3;0
Таттел. ао;60;20171128;100000;0.153;0.153;0.153;0.153;2;0
Таттел. ао;60;20171128;130000;0.1545;0.1555;0.1545;0.1555;6;0
Таттел. ао;60;20171128;180000;0.153;0.153;0.1525;0.1525;10;0
Таттел. ао;60;20171129;180000;0.152;0.152;0.152;0.152;3;0
Таттел. ао;60;20171130;130000;0.1505;0.1505;0.15;0.15;4;0
Таттел. ао;60;20171130;170000;0.1495;0.15;0.1495;0.15;15;0
Таттел. ао;60;20171201;110000;0.1475;0.1475;0.1475;0.1475;1;0
Таттел. ао;60;20171204;120000;0.1495;0.1495;0.1495;0.1495;2;0
Таттел. ао;60;20171204;150000;0.1495;0.1495;0.1495;0.1495;1;0
Таттел. ао;60;20171204;160000;0.15;0.15;0.15;0.15;1;0
Таттел. ао;60;20171205;170000;0.149;0.149;0.133;0.1465;207;0
Таттел. ао;60;20171205;180000;0.1455;0.1455;0.1455;0.1455;10;0
Таттел. ао;60;20171206;100000;0.147;0.149;0.147;0.149;27;0
Таттел. ао;60;20171206;110000;0.1505;0.1505;0.15;0.1505;11;0
Таттел. ао;60;20171206;120000;0.1495;0.1495;0.1495;0.1495;2;0
Таттел. ао;60;20171206;140000;0.1495;0.1495;0.1495;0.1495;5;0
Таттел. ао;60;20171206;150000;0.1475;0.1475;0.147;0.147;11;0
Таттел. ао;60;20171207;150000;0.1485;0.1485;0.1485;0.1485;10;0
Таттел. ао;60;20171207;160000;0.1485;0.1485;0.1485;0.1485;1;0
Таттел. ао;60;20171207;170000;0.1485;0.1485;0.1485;0.1485;3;0
Таттел. ао;60;20171207;180000;0.147;0.147;0.147;0.147;3;0
Таттел. ао;60;20171208;120000;0.1465;0.1465;0.146;0.146;8;0
Таттел. ао;60;20171208;130000;0.1455;0.146;0.1455;0.1455;121;0
Таттел. ао;60;20171208;140000;0.146;0.146;0.146;0.146;10;0
Таттел. ао;60;20171208;180000;0.1455;0.1455;0.1455;0.1455;40;0
Таттел. ао;60;20171211;100000;0.1445;0.1445;0.1445;0.1445;10;0
Таттел. ао;60;20171211;110000;0.1475;0.1475;0.1475;0.1475;1;0
Таттел. ао;60;20171211;130000;0.147;0.147;0.1465;0.1465;2;0
Таттел. ао;60;20171211;150000;0.1465;0.1465;0.1465;0.1465;1;0
Таттел. ао;60;20171211;170000;0.1465;0.1465;0.1465;0.1465;1;0
Таттел. ао;60;20171212;120000;0.1445;0.1445;0.143;0.143;100;0
Таттел. ао;60;20171212;130000;0.143;0.143;0.143;0.143;140;0
Таттел. ао;60;20171212;140000;0.143;0.143;0.1425;0.1425;12;0
Таттел. ао;60;20171212;150000;0.143;0.143;0.143;0.143;103;0
Таттел. ао;60;20171212;160000;0.143;0.1445;0.143;0.1445;509;0
Таттел. ао;60;20171212;170000;0.146;0.146;0.146;0.146;4;0
Таттел. ао;60;20171213;100000;0.145;0.145;0.145;0.145;1;0
Таттел. ао;60;20171213;130000;0.145;0.1455;0.145;0.1455;12;0
Таттел. ао;60;20171213;140000;0.1455;0.1455;0.145;0.145;84;0
Таттел. ао;60;20171213;170000;0.1455;0.146;0.1455;0.146;32;0
Таттел. ао;60;20171214;110000;0.146;0.146;0.146;0.146;1;0
Таттел. ао;60;20171214;120000;0.146;0.146;0.146;0.146;1;0
Таттел. ао;60;20171214;130000;0.146;0.146;0.146;0.146;9;0
Таттел. ао;60;20171214;150000;0.147;0.148;0.147;0.148;4;0
Таттел. ао;60;20171214;170000;0.1475;0.1475;0.1465;0.1465;5;0
Таттел. ао;60;20171214;180000;0.146;0.147;0.1455;0.147;9;0
Таттел. ао;60;20171218;160000;0.147;0.147;0.147;0.147;2;0
Таттел. ао;60;20171218;170000;0.1465;0.1465;0.1465;0.1465;2;0
Таттел. ао;60;20171219;120000;0.1465;0.1465;0.1425;0.1425;55;0
Таттел. ао;60;20171219;140000;0.1435;0.1435;0.1425;0.1425;45;0
Таттел. ао;60;20171219;150000;0.1425;0.1425;0.1425;0.1425;66;0
Таттел. ао;60;20171219;160000;0.144;0.144;0.144;0.144;1;0
Таттел. ао;60;20171219;180000;0.144;0.144;0.144;0.144;2;0
Таттел. ао;60;20171220;100000;0.144;0.144;0.144;0.144;1;0
Таттел. ао;60;20171220;110000;0.1445;0.1445;0.1445;0.1445;10;0
Таттел. ао;60;20171220;130000;0.1445;0.1455;0.1445;0.1455;95;0
Таттел. ао;60;20171220;150000;0.1455;0.1455;0.1435;0.1435;5;0
Таттел. ао;60;20171220;160000;0.1455;0.1455;0.1455;0.1455;3;0
Таттел. ао;60;20171220;180000;0.1435;0.1435;0.1435;0.1435;1;0
Таттел. ао;60;20171221;130000;0.1455;0.1455;0.145;0.145;5;0
Таттел. ао;60;20171221;160000;0.1445;0.1445;0.1445;0.1445;2;0
Таттел. ао;60;20171222;140000;0.1445;0.1445;0.1445;0.1445;2;0
Таттел. ао;60;20171222;150000;0.1435;0.144;0.142;0.144;79;0
Таттел. ао;60;20171225;100000;0.1445;0.1445;0.144;0.144;2;0
Таттел. ао;60;20171225;110000;0.1445;0.1445;0.1445;0.1445;9;0
Таттел. ао;60;20171225;130000;0.1435;0.1435;0.143;0.143;7;0
Таттел. ао;60;20171225;140000;0.143;0.143;0.142;0.142;21;0
Таттел. ао;60;20171226;110000;0.1445;0.1445;0.1445;0.1445;2;0
Таттел. ао;60;20171227;100000;0.1455;0.1455;0.1455;0.1455;1;0
Таттел. ао;60;20171227;120000;0.1445;0.1445;0.1445;0.1445;9;0
Таттел. ао;60;20171227;140000;0.1445;0.1445;0.1445;0.1445;2;0
Таттел. ао;60;20171227;160000;0.144;0.144;0.1435;0.1435;8;0
Таттел. ао;60;20171227;180000;0.1435;0.1435;0.1435;0.1435;1;0
Таттел. ао;60;20171228;110000;0.145;0.145;0.1445;0.1445;11;0
Таттел. ао;60;20171228;150000;0.145;0.145;0.145;0.145;12;0
Таттел. ао;60;20171228;180000;0.144;0.144;0.144;0.144;1;0
Таттел. ао;60;20171229;130000;0.1435;0.1435;0.142;0.142;47;0
Таттел. ао;60;20171229;150000;0.1425;0.1425;0.1425;0.1425;1;0
Таттел. ао;60;20171229;170000;0.144;0.144;0.144;0.144;2;0
Таттел. ао;60;20171229;180000;0.144;0.144;0.144;0.144;1;0
