<TICKER>;<PER>;<DATE>;<TIME>;<OPEN>;<HIGH>;<LOW>;<CLOSE>;<VOL>;<OPENINT>
ТамбЭнСб-п;60;20170124;120000;0.1235;0.1235;0.117;0.1225;25;0
ТамбЭнСб-п;60;20170124;130000;0.123;0.1235;0.122;0.1235;4;0
ТамбЭнСб-п;60;20170124;140000;0.1225;0.1225;0.1225;0.1225;1;0
ТамбЭнСб-п;60;20170124;180000;0.122;0.123;0.122;0.123;2;0
ТамбЭнСб-п;60;20170125;180000;0.125;0.125;0.125;0.125;5;0
ТамбЭнСб-п;60;20170126;110000;0.125;0.133;0.125;0.133;11;0
ТамбЭнСб-п;60;20170126;140000;0.1265;0.1275;0.118;0.1245;16;0
ТамбЭнСб-п;60;20170126;180000;0.124;0.124;0.124;0.124;2;0
ТамбЭнСб-п;60;20170127;110000;0.1255;0.1295;0.1255;0.1295;16;0
ТамбЭнСб-п;60;20170127;130000;0.1285;0.1295;0.128;0.1295;4;0
ТамбЭнСб-п;60;20170127;140000;0.131;0.132;0.131;0.132;19;0
ТамбЭнСб-п;60;20170127;150000;0.1285;0.1285;0.1255;0.1255;7;0
ТамбЭнСб-п;60;20170130;160000;0.126;0.126;0.126;0.126;1;0
ТамбЭнСб-п;60;20170131;100000;0.1255;0.1255;0.1255;0.1255;1;0
ТамбЭнСб-п;60;20170203;120000;0.126;0.126;0.122;0.122;101;0
ТамбЭнСб-п;60;20170206;120000;0.123;0.1295;0.123;0.1255;20;0
ТамбЭнСб-п;60;20170206;130000;0.125;0.125;0.1245;0.1245;2;0
ТамбЭнСб-п;60;20170207;100000;0.1265;0.128;0.125;0.125;8;0
ТамбЭнСб-п;60;20170207;110000;0.125;0.125;0.125;0.125;1;0
ТамбЭнСб-п;60;20170207;160000;0.1245;0.1245;0.1185;0.1235;5;0
ТамбЭнСб-п;60;20170207;170000;0.123;0.123;0.123;0.123;1;0
ТамбЭнСб-п;60;20170208;110000;0.123;0.123;0.1225;0.1225;2;0
ТамбЭнСб-п;60;20170209;120000;0.122;0.122;0.122;0.122;1;0
ТамбЭнСб-п;60;20170209;140000;0.1215;0.1215;0.121;0.121;2;0
ТамбЭнСб-п;60;20170210;120000;0.1185;0.1185;0.1185;0.1185;1;0
ТамбЭнСб-п;60;20170210;140000;0.118;0.118;0.115;0.115;29;0
ТамбЭнСб-п;60;20170213;110000;0.117;0.117;0.117;0.117;1;0
ТамбЭнСб-п;60;20170213;130000;0.1165;0.118;0.1165;0.118;2;0
ТамбЭнСб-п;60;20170213;140000;0.1175;0.1175;0.1175;0.1175;1;0
ТамбЭнСб-п;60;20170213;150000;0.1175;0.118;0.1175;0.118;3;0
ТамбЭнСб-п;60;20170214;100000;0.118;0.119;0.118;0.119;5;0
ТамбЭнСб-п;60;20170214;110000;0.1185;0.1185;0.118;0.118;2;0
ТамбЭнСб-п;60;20170214;150000;0.117;0.117;0.117;0.117;1;0
ТамбЭнСб-п;60;20170215;100000;0.118;0.118;0.118;0.118;1;0
ТамбЭнСб-п;60;20170216;180000;0.118;0.118;0.118;0.118;20;0
ТамбЭнСб-п;60;20170217;180000;0.1175;0.1175;0.1155;0.1165;4;0
ТамбЭнСб-п;60;20170220;150000;0.1185;0.1185;0.1185;0.1185;1;0
ТамбЭнСб-п;60;20170222;170000;0.117;0.117;0.1165;0.1165;2;0
ТамбЭнСб-п;60;20170224;180000;0.113;0.113;0.113;0.113;1;0
ТамбЭнСб-п;60;20170227;100000;0.116;0.116;0.1155;0.1155;2;0
ТамбЭнСб-п;60;20170227;120000;0.115;0.115;0.115;0.115;1;0
ТамбЭнСб-п;60;20170227;170000;0.1145;0.1145;0.111;0.111;19;0
ТамбЭнСб-п;60;20170302;110000;0.1125;0.1125;0.1125;0.1125;4;0
ТамбЭнСб-п;60;20170302;130000;0.112;0.112;0.112;0.112;1;0
ТамбЭнСб-п;60;20170303;170000;0.104;0.1135;0.104;0.111;5;0
ТамбЭнСб-п;60;20170306;140000;0.1095;0.1095;0.1095;0.1095;13;0
ТамбЭнСб-п;60;20170307;140000;0.103;0.103;0.1;0.1;118;0
ТамбЭнСб-п;60;20170307;150000;0.1095;0.1095;0.1095;0.1095;2;0
ТамбЭнСб-п;60;20170309;100000;0.101;0.101;0.1005;0.1005;2;0
ТамбЭнСб-п;60;20170309;110000;0.1005;0.107;0.1;0.1;118;0
ТамбЭнСб-п;60;20170309;120000;0.1;0.1;0.1;0.1;30;0
ТамбЭнСб-п;60;20170309;130000;0.106;0.106;0.106;0.106;1;0
ТамбЭнСб-п;60;20170309;140000;0.1;0.1;0.1;0.1;2;0
ТамбЭнСб-п;60;20170309;160000;0.1;0.1;0.0985;0.0985;29;0
ТамбЭнСб-п;60;20170309;170000;0.098;0.098;0.098;0.098;42;0
ТамбЭнСб-п;60;20170309;180000;0.103;0.103;0.103;0.103;1;0
ТамбЭнСб-п;60;20170310;130000;0.105;0.105;0.105;0.105;1;0
ТамбЭнСб-п;60;20170310;140000;0.105;0.1055;0.105;0.1055;5;0
ТамбЭнСб-п;60;20170310;150000;0.1055;0.1055;0.1055;0.1055;1;0
ТамбЭнСб-п;60;20170310;160000;0.1;0.1;0.1;0.1;49;0
ТамбЭнСб-п;60;20170310;170000;0.0995;0.0995;0.098;0.098;5;0
ТамбЭнСб-п;60;20170310;180000;0.1055;0.1055;0.1055;0.1055;1;0
ТамбЭнСб-п;60;20170313;100000;0.1095;0.1095;0.1075;0.1075;2;0
ТамбЭнСб-п;60;20170314;110000;0.108;0.108;0.108;0.108;1;0
ТамбЭнСб-п;60;20170314;120000;0.099;0.099;0.099;0.099;1;0
ТамбЭнСб-п;60;20170314;180000;0.101;0.103;0.1;0.101;130;0
ТамбЭнСб-п;60;20170315;100000;0.108;0.108;0.108;0.108;1;0
ТамбЭнСб-п;60;20170315;110000;0.1005;0.1005;0.1005;0.1005;1;0
ТамбЭнСб-п;60;20170315;120000;0.1035;0.1035;0.1025;0.1035;24;0
ТамбЭнСб-п;60;20170315;140000;0.1025;0.1025;0.1025;0.1025;22;0
ТамбЭнСб-п;60;20170315;150000;0.1025;0.1025;0.1025;0.1025;8;0
ТамбЭнСб-п;60;20170315;180000;0.1025;0.1065;0.1025;0.1065;6;0
ТамбЭнСб-п;60;20170316;110000;0.1065;0.1065;0.1065;0.1065;1;0
ТамбЭнСб-п;60;20170316;160000;0.1065;0.1065;0.1065;0.1065;2;0
ТамбЭнСб-п;60;20170316;170000;0.1075;0.1075;0.1075;0.1075;1;0
ТамбЭнСб-п;60;20170316;180000;0.1075;0.108;0.1075;0.108;67;0
ТамбЭнСб-п;60;20170317;100000;0.111;0.113;0.1095;0.113;23;0
ТамбЭнСб-п;60;20170317;110000;0.114;0.1155;0.114;0.1155;8;0
ТамбЭнСб-п;60;20170317;120000;0.1155;0.122;0.109;0.109;98;0
ТамбЭнСб-п;60;20170317;170000;0.1095;0.1095;0.1095;0.1095;1;0
ТамбЭнСб-п;60;20170317;180000;0.117;0.117;0.117;0.117;1;0
ТамбЭнСб-п;60;20170320;130000;0.1165;0.119;0.1105;0.1105;71;0
ТамбЭнСб-п;60;20170321;140000;0.109;0.109;0.109;0.109;1;0
ТамбЭнСб-п;60;20170322;110000;0.107;0.107;0.1035;0.104;10;0
ТамбЭнСб-п;60;20170322;160000;0.1085;0.114;0.1085;0.114;86;0
ТамбЭнСб-п;60;20170323;110000;0.121;0.121;0.119;0.119;12;0
ТамбЭнСб-п;60;20170323;120000;0.115;0.115;0.115;0.115;1;0
ТамбЭнСб-п;60;20170323;160000;0.1155;0.1155;0.1155;0.1155;1;0
ТамбЭнСб-п;60;20170324;120000;0.112;0.113;0.108;0.11;8;0
ТамбЭнСб-п;60;20170324;130000;0.112;0.158;0.112;0.146;644;0
ТамбЭнСб-п;60;20170324;140000;0.1455;0.158;0.138;0.156;1738;0
ТамбЭнСб-п;60;20170324;150000;0.156;0.161;0.1475;0.16;934;0
ТамбЭнСб-п;60;20170324;160000;0.1605;0.1615;0.1545;0.1615;725;0
ТамбЭнСб-п;60;20170324;180000;0.1615;0.1615;0.1615;0.1615;1;0
ТамбЭнСб-п;60;20170327;090000;0.1695;0.1695;0.1695;0.1695;44;0
ТамбЭнСб-п;60;20170327;100000;0.1665;0.1745;0.15;0.1665;1316;0
ТамбЭнСб-п;60;20170327;110000;0.1685;0.19;0.157;0.1665;1888;0
ТамбЭнСб-п;60;20170327;120000;0.1685;0.1695;0.1415;0.1605;548;0
ТамбЭнСб-п;60;20170327;130000;0.1585;0.1595;0.1465;0.1485;180;0
ТамбЭнСб-п;60;20170327;140000;0.148;0.18;0.1415;0.17;1382;0
ТамбЭнСб-п;60;20170327;150000;0.1675;0.2075;0.1675;0.1845;989;0
ТамбЭнСб-п;60;20170327;160000;0.1825;0.198;0.179;0.184;371;0
ТамбЭнСб-п;60;20170327;170000;0.1805;0.22;0.177;0.194;1166;0
ТамбЭнСб-п;60;20170327;180000;0.195;0.207;0.159;0.164;398;0
ТамбЭнСб-п;60;20170328;090000;0.167;0.167;0.167;0.167;1;0
ТамбЭнСб-п;60;20170328;100000;0.167;0.1885;0.153;0.165;183;0
ТамбЭнСб-п;60;20170328;110000;0.163;0.165;0.151;0.161;248;0
ТамбЭнСб-п;60;20170328;120000;0.163;0.1725;0.151;0.169;108;0
ТамбЭнСб-п;60;20170328;130000;0.171;0.188;0.163;0.1875;83;0
ТамбЭнСб-п;60;20170328;140000;0.178;0.19;0.169;0.19;247;0
ТамбЭнСб-п;60;20170328;150000;0.185;0.1995;0.173;0.19;201;0
ТамбЭнСб-п;60;20170328;160000;0.198;0.198;0.1725;0.175;226;0
ТамбЭнСб-п;60;20170328;170000;0.1735;0.182;0.1565;0.166;150;0
ТамбЭнСб-п;60;20170328;180000;0.167;0.173;0.163;0.1725;136;0
ТамбЭнСб-п;60;20170329;090000;0.1735;0.1735;0.1735;0.1735;1;0
ТамбЭнСб-п;60;20170329;100000;0.17;0.188;0.1575;0.1615;363;0
ТамбЭнСб-п;60;20170329;110000;0.162;0.1695;0.162;0.1655;35;0
ТамбЭнСб-п;60;20170329;120000;0.1655;0.1715;0.1455;0.1535;410;0
ТамбЭнСб-п;60;20170329;130000;0.1535;0.162;0.1505;0.1575;183;0
ТамбЭнСб-п;60;20170329;140000;0.1575;0.1595;0.1535;0.1565;33;0
ТамбЭнСб-п;60;20170329;150000;0.154;0.1575;0.1535;0.1535;27;0
ТамбЭнСб-п;60;20170329;160000;0.1535;0.165;0.1535;0.165;48;0
ТамбЭнСб-п;60;20170329;170000;0.1615;0.1785;0.16;0.1695;249;0
ТамбЭнСб-п;60;20170329;180000;0.17;0.1735;0.16;0.173;68;0
ТамбЭнСб-п;60;20170330;100000;0.1735;0.18;0.168;0.1775;129;0
ТамбЭнСб-п;60;20170330;110000;0.179;0.1885;0.175;0.1795;113;0
ТамбЭнСб-п;60;20170330;120000;0.1755;0.1775;0.175;0.177;6;0
ТамбЭнСб-п;60;20170330;130000;0.177;0.177;0.17;0.17;17;0
ТамбЭнСб-п;60;20170330;140000;0.173;0.1785;0.168;0.1745;90;0
ТамбЭнСб-п;60;20170330;150000;0.1715;0.1715;0.17;0.17;4;0
ТамбЭнСб-п;60;20170330;160000;0.1695;0.1715;0.1685;0.1685;9;0
ТамбЭнСб-п;60;20170330;170000;0.1675;0.173;0.1615;0.173;21;0
ТамбЭнСб-п;60;20170330;180000;0.1735;0.179;0.1735;0.179;24;0
ТамбЭнСб-п;60;20170331;090000;0.1795;0.1795;0.1795;0.1795;1;0
ТамбЭнСб-п;60;20170331;100000;0.1815;0.2;0.1815;0.1995;168;0
ТамбЭнСб-п;60;20170331;110000;0.2;0.201;0.1855;0.1885;54;0
ТамбЭнСб-п;60;20170331;120000;0.198;0.2;0.1875;0.192;18;0
ТамбЭнСб-п;60;20170331;130000;0.199;0.201;0.191;0.192;30;0
ТамбЭнСб-п;60;20170331;140000;0.1915;0.1925;0.1835;0.1925;29;0
ТамбЭнСб-п;60;20170331;150000;0.185;0.189;0.18;0.18;44;0
ТамбЭнСб-п;60;20170331;160000;0.184;0.194;0.184;0.194;26;0
ТамбЭнСб-п;60;20170331;170000;0.189;0.1995;0.189;0.189;38;0
ТамбЭнСб-п;60;20170331;180000;0.19;0.21;0.19;0.2085;73;0
ТамбЭнСб-п;60;20170403;100000;0.2105;0.227;0.1985;0.22;77;0
ТамбЭнСб-п;60;20170403;110000;0.2055;0.2185;0.197;0.2185;56;0
ТамбЭнСб-п;60;20170403;120000;0.2185;0.2575;0.213;0.222;306;0
ТамбЭнСб-п;60;20170403;130000;0.2235;0.2485;0.221;0.2365;539;0
ТамбЭнСб-п;60;20170403;140000;0.236;0.246;0.2245;0.245;269;0
ТамбЭнСб-п;60;20170403;150000;0.2455;0.275;0.244;0.265;1148;0
ТамбЭнСб-п;60;20170403;160000;0.265;0.265;0.251;0.2625;259;0
ТамбЭнСб-п;60;20170403;170000;0.2625;0.264;0.245;0.249;337;0
ТамбЭнСб-п;60;20170403;180000;0.246;0.25;0.225;0.233;319;0
ТамбЭнСб-п;60;20170404;100000;0.2485;0.2485;0.2225;0.235;122;0
ТамбЭнСб-п;60;20170404;110000;0.2275;0.2345;0.223;0.223;30;0
ТамбЭнСб-п;60;20170404;120000;0.2215;0.23;0.1755;0.215;221;0
ТамбЭнСб-п;60;20170404;130000;0.2065;0.2145;0.206;0.214;30;0
ТамбЭнСб-п;60;20170404;140000;0.21;0.2125;0.2;0.203;41;0
ТамбЭнСб-п;60;20170404;150000;0.2065;0.2065;0.191;0.1985;45;0
ТамбЭнСб-п;60;20170404;160000;0.1985;0.2105;0.195;0.2035;69;0
ТамбЭнСб-п;60;20170404;170000;0.202;0.23;0.1875;0.214;246;0
ТамбЭнСб-п;60;20170404;180000;0.212;0.2225;0.197;0.197;119;0
ТамбЭнСб-п;60;20170405;100000;0.1855;0.238;0.1855;0.228;317;0
ТамбЭнСб-п;60;20170405;110000;0.2185;0.2325;0.2165;0.231;66;0
ТамбЭнСб-п;60;20170405;120000;0.22;0.23;0.215;0.2165;50;0
ТамбЭнСб-п;60;20170405;130000;0.216;0.2265;0.208;0.2265;62;0
ТамбЭнСб-п;60;20170405;140000;0.22;0.22;0.216;0.216;36;0
ТамбЭнСб-п;60;20170405;150000;0.215;0.225;0.214;0.225;5;0
ТамбЭнСб-п;60;20170405;160000;0.2205;0.238;0.1905;0.2065;300;0
ТамбЭнСб-п;60;20170405;170000;0.2025;0.2085;0.193;0.2085;85;0
ТамбЭнСб-п;60;20170405;180000;0.2075;0.2095;0.2;0.2;18;0
ТамбЭнСб-п;60;20170406;100000;0.2005;0.2095;0.182;0.193;210;0
ТамбЭнСб-п;60;20170406;110000;0.1875;0.1995;0.1865;0.1925;75;0
ТамбЭнСб-п;60;20170406;120000;0.1925;0.193;0.187;0.1885;46;0
ТамбЭнСб-п;60;20170406;130000;0.193;0.1955;0.1895;0.1955;10;0
ТамбЭнСб-п;60;20170406;140000;0.19;0.19;0.189;0.189;9;0
ТамбЭнСб-п;60;20170406;150000;0.194;0.2215;0.194;0.21;139;0
ТамбЭнСб-п;60;20170406;170000;0.2035;0.2035;0.188;0.195;132;0
ТамбЭнСб-п;60;20170406;180000;0.1935;0.1965;0.191;0.1965;16;0
ТамбЭнСб-п;60;20170407;100000;0.2005;0.2065;0.194;0.194;71;0
ТамбЭнСб-п;60;20170407;110000;0.1975;0.2015;0.1975;0.2015;2;0
ТамбЭнСб-п;60;20170407;120000;0.194;0.194;0.1935;0.1935;6;0
ТамбЭнСб-п;60;20170407;130000;0.2055;0.208;0.1935;0.195;28;0
ТамбЭнСб-п;60;20170407;140000;0.1915;0.2025;0.1915;0.2025;5;0
ТамбЭнСб-п;60;20170407;150000;0.201;0.201;0.181;0.181;88;0
ТамбЭнСб-п;60;20170407;160000;0.182;0.185;0.178;0.1825;127;0
ТамбЭнСб-п;60;20170407;170000;0.1835;0.1845;0.1835;0.1835;7;0
ТамбЭнСб-п;60;20170407;180000;0.1875;0.1875;0.185;0.185;6;0
ТамбЭнСб-п;60;20170410;100000;0.177;0.18;0.17;0.178;45;0
ТамбЭнСб-п;60;20170410;110000;0.178;0.178;0.166;0.1695;72;0
ТамбЭнСб-п;60;20170410;120000;0.167;0.1725;0.158;0.169;90;0
ТамбЭнСб-п;60;20170410;160000;0.1675;0.1675;0.1675;0.1675;1;0
ТамбЭнСб-п;60;20170410;170000;0.171;0.171;0.1675;0.1675;3;0
ТамбЭнСб-п;60;20170410;180000;0.1705;0.179;0.1705;0.179;20;0
ТамбЭнСб-п;60;20170411;100000;0.1605;0.177;0.1605;0.177;10;0
ТамбЭнСб-п;60;20170411;110000;0.175;0.175;0.1695;0.1695;14;0
ТамбЭнСб-п;60;20170411;120000;0.169;0.181;0.168;0.181;26;0
ТамбЭнСб-п;60;20170411;160000;0.175;0.179;0.1725;0.1725;23;0
ТамбЭнСб-п;60;20170411;170000;0.179;0.179;0.179;0.179;1;0
ТамбЭнСб-п;60;20170412;100000;0.1755;0.184;0.1695;0.184;19;0
ТамбЭнСб-п;60;20170412;110000;0.1775;0.1775;0.1775;0.1775;2;0
ТамбЭнСб-п;60;20170412;120000;0.1745;0.1745;0.1745;0.1745;1;0
ТамбЭнСб-п;60;20170412;130000;0.174;0.174;0.171;0.171;57;0
ТамбЭнСб-п;60;20170412;140000;0.17;0.1715;0.1605;0.1635;46;0
ТамбЭнСб-п;60;20170412;150000;0.1635;0.1635;0.163;0.163;2;0
ТамбЭнСб-п;60;20170412;160000;0.1635;0.17;0.1635;0.17;2;0
ТамбЭнСб-п;60;20170412;170000;0.1685;0.169;0.1685;0.169;2;0
ТамбЭнСб-п;60;20170412;180000;0.172;0.172;0.172;0.172;1;0
ТамбЭнСб-п;60;20170413;100000;0.176;0.1785;0.17;0.17;20;0
ТамбЭнСб-п;60;20170413;110000;0.17;0.172;0.153;0.153;46;0
ТамбЭнСб-п;60;20170413;120000;0.153;0.164;0.1515;0.162;170;0
ТамбЭнСб-п;60;20170413;130000;0.162;0.162;0.162;0.162;1;0
ТамбЭнСб-п;60;20170413;140000;0.162;0.162;0.1565;0.158;13;0
ТамбЭнСб-п;60;20170413;150000;0.157;0.1575;0.157;0.157;7;0
ТамбЭнСб-п;60;20170413;160000;0.155;0.1575;0.155;0.1575;3;0
ТамбЭнСб-п;60;20170413;170000;0.1555;0.157;0.1525;0.157;30;0
ТамбЭнСб-п;60;20170413;180000;0.1565;0.1565;0.1535;0.1535;5;0
ТамбЭнСб-п;60;20170414;100000;0.157;0.163;0.154;0.163;27;0
ТамбЭнСб-п;60;20170414;110000;0.1605;0.162;0.16;0.162;12;0
ТамбЭнСб-п;60;20170414;120000;0.1615;0.174;0.161;0.168;74;0
ТамбЭнСб-п;60;20170414;130000;0.1685;0.1725;0.1665;0.1665;21;0
ТамбЭнСб-п;60;20170414;140000;0.1645;0.1645;0.164;0.164;3;0
ТамбЭнСб-п;60;20170414;160000;0.167;0.172;0.1655;0.172;3;0
ТамбЭнСб-п;60;20170414;170000;0.1665;0.1665;0.1665;0.1665;2;0
ТамбЭнСб-п;60;20170414;180000;0.1645;0.167;0.164;0.167;3;0
ТамбЭнСб-п;60;20170417;100000;0.169;0.169;0.169;0.169;1;0
ТамбЭнСб-п;60;20170417;110000;0.1615;0.1785;0.1615;0.1785;2;0
ТамбЭнСб-п;60;20170417;140000;0.162;0.162;0.1615;0.1615;2;0
ТамбЭнСб-п;60;20170417;150000;0.16;0.16;0.1535;0.1535;81;0
ТамбЭнСб-п;60;20170417;160000;0.1585;0.1585;0.1555;0.157;8;0
ТамбЭнСб-п;60;20170417;170000;0.156;0.157;0.154;0.1565;15;0
ТамбЭнСб-п;60;20170417;180000;0.1575;0.1575;0.154;0.1555;25;0
ТамбЭнСб-п;60;20170418;120000;0.1505;0.1505;0.133;0.1485;90;0
ТамбЭнСб-п;60;20170418;140000;0.1475;0.149;0.143;0.1485;7;0
ТамбЭнСб-п;60;20170418;150000;0.144;0.148;0.1435;0.147;10;0
ТамбЭнСб-п;60;20170418;160000;0.147;0.147;0.145;0.145;2;0
ТамбЭнСб-п;60;20170418;170000;0.145;0.148;0.1445;0.148;5;0
ТамбЭнСб-п;60;20170418;180000;0.1475;0.152;0.1475;0.152;31;0
ТамбЭнСб-п;60;20170419;110000;0.147;0.147;0.147;0.147;8;0
ТамбЭнСб-п;60;20170419;140000;0.1535;0.1535;0.148;0.148;14;0
ТамбЭнСб-п;60;20170419;150000;0.1475;0.153;0.145;0.145;49;0
ТамбЭнСб-п;60;20170419;160000;0.142;0.142;0.14;0.14;79;0
ТамбЭнСб-п;60;20170419;170000;0.147;0.147;0.147;0.147;1;0
ТамбЭнСб-п;60;20170419;180000;0.1445;0.1455;0.139;0.1455;61;0
ТамбЭнСб-п;60;20170420;100000;0.1455;0.1455;0.133;0.134;7;0
ТамбЭнСб-п;60;20170420;110000;0.137;0.137;0.1315;0.134;26;0
ТамбЭнСб-п;60;20170420;120000;0.1345;0.135;0.1245;0.1245;85;0
ТамбЭнСб-п;60;20170420;130000;0.13;0.1355;0.13;0.131;38;0
ТамбЭнСб-п;60;20170420;140000;0.129;0.129;0.1285;0.1285;2;0
ТамбЭнСб-п;60;20170420;150000;0.1275;0.1275;0.122;0.126;117;0
ТамбЭнСб-п;60;20170420;160000;0.123;0.1275;0.123;0.1275;17;0
ТамбЭнСб-п;60;20170420;170000;0.1275;0.128;0.1275;0.128;8;0
ТамбЭнСб-п;60;20170420;180000;0.124;0.127;0.123;0.127;21;0
ТамбЭнСб-п;60;20170421;100000;0.128;0.1295;0.128;0.129;22;0
ТамбЭнСб-п;60;20170421;110000;0.128;0.1285;0.128;0.1285;6;0
ТамбЭнСб-п;60;20170421;130000;0.1255;0.126;0.1205;0.126;26;0
ТамбЭнСб-п;60;20170421;140000;0.126;0.126;0.126;0.126;1;0
ТамбЭнСб-п;60;20170421;150000;0.127;0.128;0.127;0.128;6;0
ТамбЭнСб-п;60;20170421;170000;0.128;0.128;0.128;0.128;4;0
ТамбЭнСб-п;60;20170421;180000;0.127;0.1315;0.121;0.1315;33;0
ТамбЭнСб-п;60;20170424;110000;0.13;0.1325;0.13;0.13;4;0
ТамбЭнСб-п;60;20170424;120000;0.13;0.13;0.13;0.13;28;0
ТамбЭнСб-п;60;20170424;130000;0.13;0.13;0.13;0.13;1;0
ТамбЭнСб-п;60;20170424;140000;0.13;0.13;0.126;0.126;6;0
ТамбЭнСб-п;60;20170424;150000;0.126;0.126;0.125;0.125;8;0
ТамбЭнСб-п;60;20170424;160000;0.125;0.125;0.1045;0.1155;115;0
ТамбЭнСб-п;60;20170424;170000;0.1185;0.1205;0.1185;0.12;55;0
ТамбЭнСб-п;60;20170424;180000;0.1235;0.1235;0.12;0.123;32;0
ТамбЭнСб-п;60;20170425;100000;0.124;0.124;0.124;0.124;1;0
ТамбЭнСб-п;60;20170425;110000;0.1245;0.1245;0.1245;0.1245;1;0
ТамбЭнСб-п;60;20170425;120000;0.1245;0.1245;0.1205;0.1205;3;0
ТамбЭнСб-п;60;20170425;150000;0.1255;0.1275;0.1255;0.1275;10;0
ТамбЭнСб-п;60;20170425;160000;0.128;0.128;0.128;0.128;4;0
ТамбЭнСб-п;60;20170425;180000;0.125;0.129;0.125;0.129;8;0
ТамбЭнСб-п;60;20170426;130000;0.1285;0.1285;0.1285;0.1285;1;0
ТамбЭнСб-п;60;20170426;150000;0.129;0.129;0.129;0.129;1;0
ТамбЭнСб-п;60;20170426;170000;0.123;0.123;0.123;0.123;2;0
ТамбЭнСб-п;60;20170426;180000;0.1275;0.13;0.1275;0.13;13;0
ТамбЭнСб-п;60;20170427;100000;0.1315;0.132;0.1315;0.132;2;0
ТамбЭнСб-п;60;20170428;100000;0.13;0.13;0.13;0.13;9;0
ТамбЭнСб-п;60;20170428;110000;0.128;0.128;0.128;0.128;2;0
ТамбЭнСб-п;60;20170428;120000;0.1345;0.1345;0.1345;0.1345;1;0
ТамбЭнСб-п;60;20170428;150000;0.1285;0.132;0.1285;0.132;5;0
ТамбЭнСб-п;60;20170428;160000;0.1315;0.1315;0.1315;0.1315;1;0
ТамбЭнСб-п;60;20170428;170000;0.1285;0.1285;0.125;0.1275;22;0
ТамбЭнСб-п;60;20170428;180000;0.126;0.132;0.125;0.132;8;0
ТамбЭнСб-п;60;20170502;150000;0.1255;0.1255;0.125;0.125;2;0
ТамбЭнСб-п;60;20170502;170000;0.125;0.125;0.125;0.125;2;0
ТамбЭнСб-п;60;20170503;100000;0.122;0.123;0.122;0.122;11;0
ТамбЭнСб-п;60;20170503;120000;0.122;0.122;0.122;0.122;5;0
ТамбЭнСб-п;60;20170503;130000;0.1215;0.1215;0.1215;0.1215;2;0
ТамбЭнСб-п;60;20170503;170000;0.1205;0.1205;0.1205;0.1205;4;0
ТамбЭнСб-п;60;20170503;180000;0.1185;0.121;0.1155;0.121;5;0
ТамбЭнСб-п;60;20170504;100000;0.1195;0.122;0.116;0.122;13;0
ТамбЭнСб-п;60;20170504;150000;0.117;0.117;0.1165;0.1165;10;0
ТамбЭнСб-п;60;20170504;160000;0.118;0.118;0.118;0.118;1;0
ТамбЭнСб-п;60;20170505;100000;0.1135;0.1145;0.1135;0.1145;3;0
ТамбЭнСб-п;60;20170505;110000;0.1165;0.1165;0.1165;0.1165;1;0
ТамбЭнСб-п;60;20170505;160000;0.116;0.116;0.116;0.116;1;0
ТамбЭнСб-п;60;20170505;170000;0.1155;0.1155;0.1155;0.1155;1;0
ТамбЭнСб-п;60;20170505;180000;0.1165;0.1225;0.1165;0.1225;7;0
ТамбЭнСб-п;60;20170510;100000;0.12;0.12;0.12;0.12;11;0
ТамбЭнСб-п;60;20170510;130000;0.1195;0.1195;0.1195;0.1195;1;0
ТамбЭнСб-п;60;20170510;150000;0.12;0.12;0.1195;0.1195;15;0
ТамбЭнСб-п;60;20170510;160000;0.119;0.119;0.119;0.119;1;0
ТамбЭнСб-п;60;20170511;100000;0.118;0.119;0.118;0.119;3;0
ТамбЭнСб-п;60;20170511;130000;0.1185;0.12;0.1185;0.12;9;0
ТамбЭнСб-п;60;20170511;140000;0.122;0.1245;0.122;0.124;5;0
ТамбЭнСб-п;60;20170511;150000;0.1245;0.1265;0.1245;0.1265;8;0
ТамбЭнСб-п;60;20170511;160000;0.1265;0.1275;0.1265;0.127;22;0
ТамбЭнСб-п;60;20170511;170000;0.128;0.128;0.128;0.128;23;0
ТамбЭнСб-п;60;20170511;180000;0.1245;0.1245;0.1245;0.1245;1;0
ТамбЭнСб-п;60;20170512;100000;0.126;0.1275;0.125;0.1275;8;0
ТамбЭнСб-п;60;20170512;120000;0.1245;0.127;0.1205;0.127;27;0
ТамбЭнСб-п;60;20170512;130000;0.1225;0.127;0.12;0.127;7;0
ТамбЭнСб-п;60;20170512;140000;0.12;0.12;0.12;0.12;4;0
ТамбЭнСб-п;60;20170512;150000;0.12;0.1215;0.1175;0.1215;41;0
ТамбЭнСб-п;60;20170515;100000;0.1235;0.1235;0.1;0.1195;147;0
ТамбЭнСб-п;60;20170515;110000;0.119;0.1195;0.119;0.1195;8;0
ТамбЭнСб-п;60;20170515;120000;0.1195;0.121;0.1195;0.121;14;0
ТамбЭнСб-п;60;20170515;130000;0.121;0.1265;0.12;0.1265;9;0
ТамбЭнСб-п;60;20170515;170000;0.1215;0.1215;0.1185;0.1185;13;0
ТамбЭнСб-п;60;20170515;180000;0.123;0.123;0.123;0.123;1;0
ТамбЭнСб-п;60;20170516;180000;0.1195;0.1195;0.1195;0.1195;1;0
ТамбЭнСб-п;60;20170517;100000;0.1125;0.1155;0.11;0.1155;16;0
ТамбЭнСб-п;60;20170517;110000;0.1125;0.1125;0.1125;0.1125;1;0
ТамбЭнСб-п;60;20170517;120000;0.1115;0.1115;0.108;0.108;42;0
ТамбЭнСб-п;60;20170517;130000;0.1075;0.115;0.1075;0.11;34;0
ТамбЭнСб-п;60;20170517;140000;0.1135;0.1135;0.113;0.113;2;0
ТамбЭнСб-п;60;20170517;160000;0.1145;0.115;0.1145;0.115;14;0
ТамбЭнСб-п;60;20170517;170000;0.1145;0.1145;0.1145;0.1145;1;0
ТамбЭнСб-п;60;20170517;180000;0.1125;0.1165;0.11;0.1165;47;0
ТамбЭнСб-п;60;20170518;100000;0.1135;0.1135;0.11;0.11;8;0
ТамбЭнСб-п;60;20170518;110000;0.107;0.108;0.106;0.106;26;0
ТамбЭнСб-п;60;20170518;120000;0.109;0.109;0.106;0.1075;20;0
ТамбЭнСб-п;60;20170518;130000;0.108;0.108;0.1075;0.108;3;0
ТамбЭнСб-п;60;20170518;140000;0.1075;0.109;0.102;0.109;73;0
ТамбЭнСб-п;60;20170518;150000;0.1075;0.1075;0.1065;0.1065;13;0
ТамбЭнСб-п;60;20170518;160000;0.1055;0.107;0.105;0.105;23;0
ТамбЭнСб-п;60;20170518;170000;0.108;0.108;0.108;0.108;1;0
ТамбЭнСб-п;60;20170518;180000;0.106;0.108;0.106;0.108;2;0
ТамбЭнСб-п;60;20170519;090000;0.1075;0.1075;0.1075;0.1075;1;0
ТамбЭнСб-п;60;20170519;130000;0.1045;0.1055;0.102;0.104;68;0
ТамбЭнСб-п;60;20170519;140000;0.104;0.107;0.104;0.107;17;0
ТамбЭнСб-п;60;20170519;150000;0.106;0.108;0.1045;0.106;36;0
ТамбЭнСб-п;60;20170519;170000;0.105;0.105;0.103;0.1035;19;0
ТамбЭнСб-п;60;20170519;180000;0.1035;0.105;0.1035;0.105;4;0
ТамбЭнСб-п;60;20170522;100000;0.105;0.105;0.1025;0.1025;7;0
ТамбЭнСб-п;60;20170522;110000;0.104;0.105;0.104;0.105;15;0
ТамбЭнСб-п;60;20170522;120000;0.105;0.1055;0.1045;0.1055;17;0
ТамбЭнСб-п;60;20170522;130000;0.105;0.105;0.1045;0.1045;2;0
ТамбЭнСб-п;60;20170522;140000;0.105;0.105;0.105;0.105;14;0
ТамбЭнСб-п;60;20170522;150000;0.105;0.1055;0.105;0.1055;29;0
ТамбЭнСб-п;60;20170522;160000;0.1055;0.106;0.105;0.106;8;0
ТамбЭнСб-п;60;20170522;170000;0.106;0.106;0.105;0.105;43;0
ТамбЭнСб-п;60;20170522;180000;0.1045;0.1045;0.1045;0.1045;1;0
ТамбЭнСб-п;60;20170523;120000;0.1045;0.1045;0.1045;0.1045;1;0
ТамбЭнСб-п;60;20170523;130000;0.104;0.104;0.104;0.104;1;0
ТамбЭнСб-п;60;20170523;140000;0.1045;0.1045;0.1045;0.1045;24;0
ТамбЭнСб-п;60;20170523;150000;0.106;0.106;0.106;0.106;2;0
ТамбЭнСб-п;60;20170524;120000;0.105;0.1055;0.105;0.1055;7;0
ТамбЭнСб-п;60;20170524;130000;0.1045;0.1045;0.1045;0.1045;7;0
ТамбЭнСб-п;60;20170524;180000;0.1055;0.1055;0.1055;0.1055;2;0
ТамбЭнСб-п;60;20170525;100000;0.1015;0.102;0.09;0.1;165;0
ТамбЭнСб-п;60;20170525;110000;0.1015;0.1015;0.1015;0.1015;5;0
ТамбЭнСб-п;60;20170525;140000;0.101;0.1035;0.1005;0.1035;10;0
ТамбЭнСб-п;60;20170525;180000;0.103;0.103;0.103;0.103;1;0
ТамбЭнСб-п;60;20170526;100000;0.099;0.1035;0.099;0.1035;14;0
ТамбЭнСб-п;60;20170526;110000;0.1;0.1;0.0995;0.0995;24;0
ТамбЭнСб-п;60;20170526;120000;0.0995;0.0995;0.0995;0.0995;11;0
ТамбЭнСб-п;60;20170526;130000;0.1;0.1;0.1;0.1;6;0
ТамбЭнСб-п;60;20170526;140000;0.1025;0.1025;0.1025;0.1025;1;0
ТамбЭнСб-п;60;20170526;180000;0.103;0.103;0.103;0.103;1;0
ТамбЭнСб-п;60;20170529;150000;0.1025;0.1025;0.1025;0.1025;2;0
ТамбЭнСб-п;60;20170529;160000;0.1025;0.1025;0.1025;0.1025;1;0
ТамбЭнСб-п;60;20170529;170000;0.103;0.103;0.103;0.103;1;0
ТамбЭнСб-п;60;20170529;180000;0.101;0.1025;0.1005;0.1025;3;0
ТамбЭнСб-п;60;20170530;100000;0.1;0.1;0.1;0.1;1;0
ТамбЭнСб-п;60;20170530;110000;0.1025;0.1025;0.1025;0.1025;1;0
ТамбЭнСб-п;60;20170530;160000;0.1025;0.1025;0.1025;0.1025;1;0
ТамбЭнСб-п;60;20170530;180000;0.1005;0.1005;0.0955;0.0985;12;0
ТамбЭнСб-п;60;20170531;130000;0.101;0.101;0.101;0.101;1;0
ТамбЭнСб-п;60;20170531;160000;0.101;0.101;0.101;0.101;1;0
ТамбЭнСб-п;60;20170531;180000;0.1025;0.1025;0.1025;0.1025;1;0
ТамбЭнСб-п;60;20170601;100000;0.0975;0.0975;0.0955;0.0955;32;0
ТамбЭнСб-п;60;20170601;110000;0.098;0.098;0.0975;0.0975;4;0
ТамбЭнСб-п;60;20170601;120000;0.0975;0.0975;0.0975;0.0975;1;0
ТамбЭнСб-п;60;20170601;140000;0.098;0.099;0.098;0.099;6;0
ТамбЭнСб-п;60;20170601;180000;0.099;0.099;0.099;0.099;1;0
ТамбЭнСб-п;60;20170602;120000;0.0975;0.101;0.0945;0.101;17;0
ТамбЭнСб-п;60;20170602;130000;0.0975;0.0975;0.0965;0.0965;6;0
ТамбЭнСб-п;60;20170602;140000;0.0965;0.0965;0.0965;0.0965;1;0
ТамбЭнСб-п;60;20170602;150000;0.0965;0.0985;0.0955;0.0985;5;0
ТамбЭнСб-п;60;20170602;180000;0.0985;0.0985;0.0985;0.0985;1;0
ТамбЭнСб-п;60;20170605;100000;0.0975;0.0975;0.0975;0.0975;1;0
ТамбЭнСб-п;60;20170605;120000;0.0965;0.0975;0.0965;0.0975;10;0
ТамбЭнСб-п;60;20170605;130000;0.096;0.096;0.0935;0.096;17;0
ТамбЭнСб-п;60;20170605;160000;0.096;0.0985;0.096;0.0985;56;0
ТамбЭнСб-п;60;20170605;180000;0.098;0.099;0.098;0.099;6;0
ТамбЭнСб-п;60;20170606;100000;0.104;0.104;0.103;0.103;4;0
ТамбЭнСб-п;60;20170606;150000;0.099;0.099;0.0985;0.0985;4;0
ТамбЭнСб-п;60;20170606;180000;0.099;0.101;0.0955;0.101;23;0
ТамбЭнСб-п;60;20170607;100000;0.093;0.0975;0.093;0.095;27;0
ТамбЭнСб-п;60;20170607;110000;0.096;0.096;0.096;0.096;1;0
ТамбЭнСб-п;60;20170607;140000;0.099;0.1;0.099;0.1;8;0
ТамбЭнСб-п;60;20170607;150000;0.099;0.099;0.0965;0.099;7;0
ТамбЭнСб-п;60;20170607;160000;0.1005;0.1005;0.1005;0.1005;2;0
ТамбЭнСб-п;60;20170608;100000;0.109;0.109;0.109;0.109;1;0
ТамбЭнСб-п;60;20170608;110000;0.102;0.102;0.102;0.102;1;0
ТамбЭнСб-п;60;20170608;160000;0.1;0.1;0.1;0.1;1;0
ТамбЭнСб-п;60;20170609;140000;0.099;0.099;0.096;0.096;10;0
ТамбЭнСб-п;60;20170609;170000;0.099;0.099;0.099;0.099;1;0
ТамбЭнСб-п;60;20170609;180000;0.1;0.1025;0.1;0.1025;5;0
ТамбЭнСб-п;60;20170613;150000;0.1025;0.1025;0.1025;0.1025;1;0
ТамбЭнСб-п;60;20170614;100000;0.0935;0.1005;0.0935;0.098;26;0
ТамбЭнСб-п;60;20170614;180000;0.102;0.102;0.102;0.102;1;0
ТамбЭнСб-п;60;20170621;110000;0.1015;0.11;0.1015;0.11;47;0
ТамбЭнСб-п;60;20170621;150000;0.1015;0.1015;0.0985;0.1;13;0
ТамбЭнСб-п;60;20170621;170000;0.1005;0.101;0.1;0.1;20;0
ТамбЭнСб-п;60;20170621;180000;0.1;0.101;0.0995;0.101;5;0
ТамбЭнСб-п;60;20170622;110000;0.098;0.098;0.098;0.098;1;0
ТамбЭнСб-п;60;20170622;160000;0.0985;0.0985;0.098;0.098;18;0
ТамбЭнСб-п;60;20170622;180000;0.1;0.1;0.1;0.1;1;0
ТамбЭнСб-п;60;20170623;100000;0.099;0.1005;0.0985;0.1;11;0
ТамбЭнСб-п;60;20170623;110000;0.099;0.1;0.099;0.099;5;0
ТамбЭнСб-п;60;20170623;120000;0.1;0.1005;0.099;0.099;6;0
ТамбЭнСб-п;60;20170623;130000;0.1;0.1;0.099;0.099;17;0
ТамбЭнСб-п;60;20170623;160000;0.1015;0.1015;0.1015;0.1015;1;0
ТамбЭнСб-п;60;20170626;110000;0.098;0.1;0.098;0.0985;3;0
ТамбЭнСб-п;60;20170626;120000;0.0985;0.1;0.0985;0.1;4;0
ТамбЭнСб-п;60;20170626;130000;0.099;0.1;0.099;0.1;2;0
ТамбЭнСб-п;60;20170626;140000;0.099;0.099;0.099;0.099;1;0
ТамбЭнСб-п;60;20170627;110000;0.1005;0.1005;0.0995;0.0995;2;0
ТамбЭнСб-п;60;20170627;120000;0.1005;0.1025;0.1;0.102;6;0
ТамбЭнСб-п;60;20170627;130000;0.1025;0.1025;0.1005;0.1005;2;0
ТамбЭнСб-п;60;20170628;100000;0.1005;0.1005;0.1005;0.1005;1;0
ТамбЭнСб-п;60;20170628;110000;0.101;0.101;0.101;0.101;2;0
ТамбЭнСб-п;60;20170628;130000;0.101;0.101;0.101;0.101;1;0
ТамбЭнСб-п;60;20170628;140000;0.1005;0.1005;0.1005;0.1005;1;0
ТамбЭнСб-п;60;20170628;160000;0.1;0.1;0.1;0.1;2;0
ТамбЭнСб-п;60;20170628;170000;0.1;0.1015;0.1;0.1015;9;0
ТамбЭнСб-п;60;20170629;110000;0.1035;0.1035;0.1035;0.1035;2;0
ТамбЭнСб-п;60;20170629;120000;0.104;0.104;0.104;0.104;2;0
ТамбЭнСб-п;60;20170630;170000;0.1;0.1;0.0965;0.0965;4;0
ТамбЭнСб-п;60;20170630;180000;0.099;0.1;0.099;0.1;2;0
ТамбЭнСб-п;60;20170703;100000;0.1005;0.1005;0.1005;0.1005;1;0
ТамбЭнСб-п;60;20170703;170000;0.0995;0.0995;0.0985;0.0995;6;0
ТамбЭнСб-п;60;20170704;100000;0.098;0.099;0.098;0.099;3;0
ТамбЭнСб-п;60;20170704;110000;0.0995;0.0995;0.0995;0.0995;2;0
ТамбЭнСб-п;60;20170704;120000;0.099;0.099;0.099;0.099;2;0
ТамбЭнСб-п;60;20170704;130000;0.0995;0.0995;0.0995;0.0995;2;0
ТамбЭнСб-п;60;20170704;140000;0.0995;0.0995;0.0995;0.0995;1;0
ТамбЭнСб-п;60;20170704;150000;0.099;0.1015;0.099;0.1015;3;0
ТамбЭнСб-п;60;20170704;160000;0.1;0.101;0.1;0.101;5;0
ТамбЭнСб-п;60;20170705;100000;0.099;0.102;0.099;0.1015;5;0
ТамбЭнСб-п;60;20170706;100000;0.0995;0.101;0.0995;0.101;2;0
ТамбЭнСб-п;60;20170706;110000;0.101;0.101;0.101;0.101;2;0
ТамбЭнСб-п;60;20170707;100000;0.099;0.1015;0.096;0.096;36;0
ТамбЭнСб-п;60;20170707;110000;0.101;0.1035;0.101;0.1035;33;0
ТамбЭнСб-п;60;20170707;120000;0.1035;0.1065;0.1035;0.1065;9;0
ТамбЭнСб-п;60;20170707;130000;0.1045;0.1045;0.1045;0.1045;3;0
ТамбЭнСб-п;60;20170707;150000;0.106;0.107;0.106;0.107;10;0
ТамбЭнСб-п;60;20170707;160000;0.104;0.104;0.104;0.104;1;0
ТамбЭнСб-п;60;20170707;170000;0.1045;0.105;0.1045;0.1045;14;0
ТамбЭнСб-п;60;20170707;180000;0.105;0.105;0.105;0.105;17;0
ТамбЭнСб-п;60;20170710;110000;0.107;0.107;0.107;0.107;1;0
ТамбЭнСб-п;60;20170710;170000;0.104;0.104;0.104;0.104;5;0
ТамбЭнСб-п;60;20170711;100000;0.105;0.1095;0.104;0.105;20;0
ТамбЭнСб-п;60;20170711;110000;0.1035;0.1035;0.103;0.103;2;0
ТамбЭнСб-п;60;20170711;120000;0.105;0.106;0.105;0.106;2;0
ТамбЭнСб-п;60;20170711;130000;0.1045;0.1045;0.1045;0.1045;1;0
ТамбЭнСб-п;60;20170711;140000;0.1055;0.1055;0.1055;0.1055;4;0
ТамбЭнСб-п;60;20170711;170000;0.107;0.109;0.106;0.106;5;0
ТамбЭнСб-п;60;20170712;110000;0.11;0.11;0.11;0.11;1;0
ТамбЭнСб-п;60;20170712;150000;0.104;0.104;0.1005;0.102;23;0
ТамбЭнСб-п;60;20170712;160000;0.107;0.107;0.107;0.107;3;0
ТамбЭнСб-п;60;20170714;120000;0.102;0.102;0.0995;0.0995;13;0
ТамбЭнСб-п;60;20170714;140000;0.101;0.101;0.101;0.101;1;0
ТамбЭнСб-п;60;20170714;160000;0.1045;0.11;0.1045;0.108;26;0
ТамбЭнСб-п;60;20170717;120000;0.106;0.106;0.106;0.106;2;0
ТамбЭнСб-п;60;20170717;130000;0.1065;0.1065;0.1065;0.1065;10;0
ТамбЭнСб-п;60;20170717;140000;0.107;0.109;0.107;0.109;9;0
ТамбЭнСб-п;60;20170717;170000;0.1075;0.1075;0.105;0.105;11;0
ТамбЭнСб-п;60;20170717;180000;0.105;0.105;0.1;0.105;45;0
ТамбЭнСб-п;60;20170718;100000;0.1065;0.1065;0.102;0.102;3;0
ТамбЭнСб-п;60;20170718;110000;0.105;0.105;0.105;0.105;1;0
ТамбЭнСб-п;60;20170718;120000;0.104;0.104;0.104;0.104;2;0
ТамбЭнСб-п;60;20170718;140000;0.104;0.1045;0.104;0.1045;5;0
ТамбЭнСб-п;60;20170718;170000;0.103;0.103;0.103;0.103;1;0
ТамбЭнСб-п;60;20170719;110000;0.107;0.108;0.107;0.108;4;0
ТамбЭнСб-п;60;20170719;120000;0.105;0.105;0.102;0.102;3;0
ТамбЭнСб-п;60;20170719;180000;0.1045;0.1045;0.1045;0.1045;2;0
ТамбЭнСб-п;60;20170720;110000;0.109;0.109;0.109;0.109;1;0
ТамбЭнСб-п;60;20170720;150000;0.105;0.105;0.105;0.105;1;0
ТамбЭнСб-п;60;20170720;170000;0.1075;0.1075;0.1075;0.1075;1;0
ТамбЭнСб-п;60;20170720;180000;0.108;0.108;0.108;0.108;1;0
ТамбЭнСб-п;60;20170721;100000;0.1035;0.1035;0.1035;0.1035;8;0
ТамбЭнСб-п;60;20170721;150000;0.105;0.105;0.105;0.105;3;0
ТамбЭнСб-п;60;20170721;180000;0.104;0.104;0.104;0.104;1;0
ТамбЭнСб-п;60;20170724;130000;0.107;0.107;0.107;0.107;1;0
ТамбЭнСб-п;60;20170725;120000;0.103;0.103;0.101;0.101;15;0
ТамбЭнСб-п;60;20170725;130000;0.104;0.104;0.104;0.104;7;0
ТамбЭнСб-п;60;20170725;160000;0.102;0.102;0.101;0.101;18;0
ТамбЭнСб-п;60;20170725;170000;0.103;0.104;0.102;0.104;19;0
ТамбЭнСб-п;60;20170725;180000;0.103;0.104;0.102;0.102;9;0
ТамбЭнСб-п;60;20170726;100000;0.1035;0.104;0.1035;0.104;4;0
ТамбЭнСб-п;60;20170726;110000;0.1025;0.1025;0.102;0.102;2;0
ТамбЭнСб-п;60;20170726;120000;0.1045;0.1045;0.1045;0.1045;1;0
ТамбЭнСб-п;60;20170726;170000;0.102;0.102;0.101;0.101;10;0
ТамбЭнСб-п;60;20170726;180000;0.1015;0.1035;0.101;0.1035;13;0
ТамбЭнСб-п;60;20170727;100000;0.103;0.1035;0.102;0.103;25;0
ТамбЭнСб-п;60;20170728;120000;0.107;0.1075;0.107;0.1075;2;0
ТамбЭнСб-п;60;20170728;150000;0.108;0.1135;0.108;0.1135;29;0
ТамбЭнСб-п;60;20170728;160000;0.1135;0.134;0.104;0.134;228;0
ТамбЭнСб-п;60;20170728;170000;0.1335;0.143;0.125;0.1275;100;0
ТамбЭнСб-п;60;20170728;180000;0.13;0.1365;0.1275;0.1305;45;0
ТамбЭнСб-п;60;20170731;090000;0.135;0.135;0.135;0.135;17;0
ТамбЭнСб-п;60;20170731;100000;0.139;0.159;0.135;0.135;239;0
ТамбЭнСб-п;60;20170731;110000;0.1355;0.1355;0.132;0.132;11;0
ТамбЭнСб-п;60;20170731;120000;0.132;0.132;0.1315;0.1315;2;0
ТамбЭнСб-п;60;20170731;130000;0.135;0.135;0.1305;0.1305;5;0
ТамбЭнСб-п;60;20170731;140000;0.1305;0.1305;0.1265;0.13;72;0
ТамбЭнСб-п;60;20170731;150000;0.1305;0.1325;0.1305;0.1325;3;0
ТамбЭнСб-п;60;20170731;160000;0.132;0.1325;0.132;0.1325;2;0
ТамбЭнСб-п;60;20170731;170000;0.132;0.138;0.132;0.138;16;0
ТамбЭнСб-п;60;20170731;180000;0.138;0.1385;0.1345;0.1345;34;0
ТамбЭнСб-п;60;20170801;100000;0.123;0.1275;0.1225;0.1255;43;0
ТамбЭнСб-п;60;20170801;110000;0.128;0.13;0.128;0.13;5;0
ТамбЭнСб-п;60;20170801;150000;0.13;0.13;0.13;0.13;1;0
ТамбЭнСб-п;60;20170802;100000;0.1225;0.1275;0.122;0.1275;17;0
ТамбЭнСб-п;60;20170802;140000;0.13;0.13;0.13;0.13;1;0
ТамбЭнСб-п;60;20170802;150000;0.13;0.131;0.13;0.131;2;0
ТамбЭнСб-п;60;20170803;110000;0.126;0.132;0.124;0.131;25;0
ТамбЭнСб-п;60;20170803;120000;0.1245;0.125;0.124;0.125;14;0
ТамбЭнСб-п;60;20170803;130000;0.1245;0.1245;0.1235;0.1235;4;0
ТамбЭнСб-п;60;20170803;140000;0.124;0.124;0.1235;0.1235;4;0
ТамбЭнСб-п;60;20170804;150000;0.1245;0.1245;0.121;0.123;12;0
ТамбЭнСб-п;60;20170804;160000;0.123;0.127;0.123;0.127;5;0
ТамбЭнСб-п;60;20170804;180000;0.1235;0.1235;0.1235;0.1235;1;0
ТамбЭнСб-п;60;20170807;100000;0.1195;0.1195;0.1195;0.1195;4;0
ТамбЭнСб-п;60;20170807;120000;0.1225;0.127;0.1215;0.127;9;0
ТамбЭнСб-п;60;20170807;170000;0.124;0.1255;0.124;0.1255;5;0
ТамбЭнСб-п;60;20170808;100000;0.127;0.127;0.127;0.127;1;0
ТамбЭнСб-п;60;20170808;120000;0.1275;0.1275;0.1275;0.1275;1;0
ТамбЭнСб-п;60;20170808;150000;0.1285;0.13;0.1235;0.13;16;0
ТамбЭнСб-п;60;20170808;160000;0.1265;0.13;0.1235;0.126;14;0
ТамбЭнСб-п;60;20170808;170000;0.1285;0.1295;0.125;0.1255;6;0
ТамбЭнСб-п;60;20170808;180000;0.1255;0.129;0.124;0.1275;18;0
ТамбЭнСб-п;60;20170809;130000;0.1275;0.128;0.121;0.128;25;0
ТамбЭнСб-п;60;20170809;140000;0.128;0.128;0.1215;0.127;20;0
ТамбЭнСб-п;60;20170809;150000;0.1235;0.127;0.1235;0.1235;23;0
ТамбЭнСб-п;60;20170809;160000;0.127;0.128;0.1235;0.1265;125;0
ТамбЭнСб-п;60;20170809;170000;0.1245;0.1285;0.1225;0.124;35;0
ТамбЭнСб-п;60;20170809;180000;0.1295;0.1315;0.1245;0.1315;58;0
ТамбЭнСб-п;60;20170810;100000;0.1225;0.125;0.1225;0.1235;6;0
ТамбЭнСб-п;60;20170810;110000;0.1275;0.1275;0.1275;0.1275;2;0
ТамбЭнСб-п;60;20170810;120000;0.127;0.1285;0.1255;0.1285;13;0
ТамбЭнСб-п;60;20170810;130000;0.128;0.1285;0.125;0.1285;24;0
ТамбЭнСб-п;60;20170810;140000;0.1265;0.13;0.1265;0.13;20;0
ТамбЭнСб-п;60;20170810;170000;0.128;0.128;0.1255;0.127;6;0
ТамбЭнСб-п;60;20170810;180000;0.129;0.129;0.129;0.129;1;0
ТамбЭнСб-п;60;20170811;100000;0.1255;0.1255;0.1255;0.1255;1;0
ТамбЭнСб-п;60;20170811;110000;0.1255;0.1255;0.1255;0.1255;1;0
ТамбЭнСб-п;60;20170811;120000;0.126;0.1265;0.125;0.1265;3;0
ТамбЭнСб-п;60;20170811;140000;0.126;0.1295;0.125;0.1255;21;0
ТамбЭнСб-п;60;20170811;150000;0.1295;0.1295;0.1245;0.129;31;0
ТамбЭнСб-п;60;20170811;160000;0.1295;0.1295;0.1295;0.1295;2;0
ТамбЭнСб-п;60;20170811;180000;0.129;0.129;0.129;0.129;4;0
ТамбЭнСб-п;60;20170814;100000;0.13;0.1305;0.13;0.1305;2;0
ТамбЭнСб-п;60;20170814;110000;0.13;0.13;0.129;0.129;7;0
ТамбЭнСб-п;60;20170814;130000;0.13;0.13;0.129;0.13;4;0
ТамбЭнСб-п;60;20170814;160000;0.129;0.129;0.129;0.129;1;0
ТамбЭнСб-п;60;20170814;170000;0.13;0.13;0.129;0.129;4;0
ТамбЭнСб-п;60;20170814;180000;0.13;0.134;0.13;0.134;9;0
ТамбЭнСб-п;60;20170815;150000;0.13;0.13;0.13;0.13;1;0
ТамбЭнСб-п;60;20170815;160000;0.13;0.13;0.13;0.13;1;0
ТамбЭнСб-п;60;20170815;170000;0.1295;0.13;0.1275;0.1275;15;0
ТамбЭнСб-п;60;20170815;180000;0.129;0.1325;0.129;0.1325;4;0
ТамбЭнСб-п;60;20170816;100000;0.133;0.134;0.133;0.134;3;0
ТамбЭнСб-п;60;20170816;110000;0.1305;0.1305;0.127;0.127;17;0
ТамбЭнСб-п;60;20170816;120000;0.1275;0.1275;0.124;0.124;15;0
ТамбЭнСб-п;60;20170816;130000;0.1245;0.133;0.1245;0.1285;57;0
ТамбЭнСб-п;60;20170816;140000;0.131;0.132;0.1275;0.129;63;0
ТамбЭнСб-п;60;20170816;150000;0.132;0.133;0.129;0.1305;38;0
ТамбЭнСб-п;60;20170816;170000;0.131;0.133;0.1305;0.1305;4;0
ТамбЭнСб-п;60;20170816;180000;0.13;0.134;0.13;0.134;4;0
ТамбЭнСб-п;60;20170817;100000;0.1325;0.1325;0.1325;0.1325;2;0
ТамбЭнСб-п;60;20170817;110000;0.131;0.131;0.131;0.131;1;0
ТамбЭнСб-п;60;20170817;130000;0.132;0.132;0.131;0.131;2;0
ТамбЭнСб-п;60;20170817;140000;0.132;0.132;0.131;0.132;3;0
ТамбЭнСб-п;60;20170817;150000;0.1305;0.1305;0.1305;0.1305;1;0
ТамбЭнСб-п;60;20170817;170000;0.1315;0.1315;0.1315;0.1315;2;0
ТамбЭнСб-п;60;20170818;100000;0.1295;0.1295;0.1295;0.1295;1;0
ТамбЭнСб-п;60;20170818;110000;0.131;0.1315;0.1295;0.1315;3;0
ТамбЭнСб-п;60;20170818;120000;0.1295;0.1295;0.1295;0.1295;1;0
ТамбЭнСб-п;60;20170818;130000;0.1315;0.1315;0.131;0.1315;4;0
ТамбЭнСб-п;60;20170818;140000;0.1305;0.1315;0.1305;0.1305;3;0
ТамбЭнСб-п;60;20170818;150000;0.1315;0.1315;0.13;0.13;3;0
ТамбЭнСб-п;60;20170818;170000;0.131;0.131;0.1305;0.1305;2;0
ТамбЭнСб-п;60;20170818;180000;0.13;0.13;0.13;0.13;1;0
ТамбЭнСб-п;60;20170821;110000;0.128;0.128;0.128;0.128;1;0
ТамбЭнСб-п;60;20170821;120000;0.129;0.129;0.129;0.129;1;0
ТамбЭнСб-п;60;20170821;130000;0.129;0.13;0.129;0.13;7;0
ТамбЭнСб-п;60;20170821;140000;0.129;0.13;0.118;0.1275;12;0
ТамбЭнСб-п;60;20170821;150000;0.1285;0.1295;0.1285;0.1295;3;0
ТамбЭнСб-п;60;20170821;170000;0.129;0.129;0.129;0.129;1;0
ТамбЭнСб-п;60;20170821;180000;0.1295;0.1295;0.1295;0.1295;1;0
ТамбЭнСб-п;60;20170822;100000;0.127;0.128;0.127;0.128;2;0
ТамбЭнСб-п;60;20170822;110000;0.1245;0.1255;0.123;0.1255;36;0
ТамбЭнСб-п;60;20170822;120000;0.124;0.125;0.124;0.125;2;0
ТамбЭнСб-п;60;20170822;140000;0.125;0.125;0.125;0.125;1;0
ТамбЭнСб-п;60;20170822;180000;0.124;0.128;0.124;0.128;2;0
ТамбЭнСб-п;60;20170823;130000;0.127;0.127;0.127;0.127;1;0
ТамбЭнСб-п;60;20170823;170000;0.123;0.123;0.123;0.123;1;0
ТамбЭнСб-п;60;20170823;180000;0.1275;0.1275;0.1275;0.1275;1;0
ТамбЭнСб-п;60;20170824;110000;0.1285;0.129;0.1265;0.1265;3;0
ТамбЭнСб-п;60;20170824;120000;0.1245;0.1245;0.1245;0.1245;1;0
ТамбЭнСб-п;60;20170824;130000;0.126;0.126;0.1255;0.1255;3;0
ТамбЭнСб-п;60;20170824;140000;0.1265;0.1265;0.1265;0.1265;1;0
ТамбЭнСб-п;60;20170824;160000;0.1255;0.1265;0.1255;0.1255;3;0
ТамбЭнСб-п;60;20170824;170000;0.1265;0.1265;0.1265;0.1265;1;0
ТамбЭнСб-п;60;20170824;180000;0.1255;0.126;0.125;0.125;3;0
ТамбЭнСб-п;60;20170825;100000;0.125;0.126;0.125;0.1255;6;0
ТамбЭнСб-п;60;20170825;110000;0.1265;0.1265;0.126;0.1265;19;0
ТамбЭнСб-п;60;20170825;120000;0.1265;0.1275;0.1265;0.1275;3;0
ТамбЭнСб-п;60;20170825;130000;0.127;0.127;0.1155;0.126;21;0
ТамбЭнСб-п;60;20170825;150000;0.1265;0.1265;0.1265;0.1265;7;0
ТамбЭнСб-п;60;20170825;160000;0.1265;0.1265;0.1265;0.1265;1;0
ТамбЭнСб-п;60;20170825;180000;0.1275;0.1485;0.1265;0.128;146;0
ТамбЭнСб-п;60;20170828;100000;0.14;0.1685;0.133;0.1355;39;0
ТамбЭнСб-п;60;20170828;110000;0.1365;0.1365;0.1345;0.1355;6;0
ТамбЭнСб-п;60;20170828;120000;0.133;0.1345;0.13;0.13;24;0
ТамбЭнСб-п;60;20170828;130000;0.1305;0.1305;0.13;0.13;27;0
ТамбЭнСб-п;60;20170828;140000;0.1305;0.1305;0.127;0.127;8;0
ТамбЭнСб-п;60;20170828;150000;0.129;0.132;0.129;0.132;4;0
ТамбЭнСб-п;60;20170828;170000;0.131;0.1325;0.13;0.131;8;0
ТамбЭнСб-п;60;20170828;180000;0.1305;0.1305;0.1285;0.1305;8;0
ТамбЭнСб-п;60;20170829;100000;0.134;0.134;0.13;0.13;4;0
ТамбЭнСб-п;60;20170829;180000;0.133;0.133;0.133;0.133;2;0
ТамбЭнСб-п;60;20170830;110000;0.132;0.133;0.129;0.133;9;0
ТамбЭнСб-п;60;20170830;120000;0.1295;0.1325;0.129;0.1295;11;0
ТамбЭнСб-п;60;20170830;130000;0.13;0.13;0.1295;0.1295;3;0
ТамбЭнСб-п;60;20170830;140000;0.127;0.127;0.127;0.127;1;0
ТамбЭнСб-п;60;20170830;150000;0.127;0.129;0.1265;0.129;9;0
ТамбЭнСб-п;60;20170830;160000;0.13;0.13;0.13;0.13;7;0
ТамбЭнСб-п;60;20170830;180000;0.1295;0.13;0.127;0.13;6;0
ТамбЭнСб-п;60;20170831;100000;0.133;0.133;0.133;0.133;1;0
ТамбЭнСб-п;60;20170831;120000;0.13;0.13;0.13;0.13;1;0
ТамбЭнСб-п;60;20170831;130000;0.1295;0.1295;0.1295;0.1295;1;0
ТамбЭнСб-п;60;20170831;140000;0.13;0.13;0.1295;0.1295;2;0
ТамбЭнСб-п;60;20170831;160000;0.129;0.13;0.129;0.13;2;0
ТамбЭнСб-п;60;20170831;170000;0.1295;0.1295;0.129;0.129;2;0
ТамбЭнСб-п;60;20170831;180000;0.1305;0.1305;0.1305;0.1305;1;0
ТамбЭнСб-п;60;20170901;100000;0.1235;0.1315;0.1235;0.1295;7;0
ТамбЭнСб-п;60;20170901;120000;0.1295;0.1295;0.1295;0.1295;1;0
ТамбЭнСб-п;60;20170901;150000;0.1295;0.1295;0.1295;0.1295;1;0
ТамбЭнСб-п;60;20170901;170000;0.129;0.129;0.129;0.129;1;0
ТамбЭнСб-п;60;20170901;180000;0.128;0.13;0.128;0.13;3;0
ТамбЭнСб-п;60;20170904;180000;0.1315;0.1315;0.1315;0.1315;2;0
ТамбЭнСб-п;60;20170905;130000;0.127;0.1295;0.127;0.1285;4;0
ТамбЭнСб-п;60;20170905;140000;0.129;0.129;0.129;0.129;1;0
ТамбЭнСб-п;60;20170905;170000;0.1285;0.1285;0.1285;0.1285;1;0
ТамбЭнСб-п;60;20170905;180000;0.127;0.127;0.1265;0.1265;2;0
ТамбЭнСб-п;60;20170906;100000;0.1305;0.1305;0.12;0.1235;18;0
ТамбЭнСб-п;60;20170906;110000;0.124;0.124;0.124;0.124;3;0
ТамбЭнСб-п;60;20170906;140000;0.124;0.124;0.122;0.124;10;0
ТамбЭнСб-п;60;20170906;150000;0.122;0.122;0.122;0.122;1;0
ТамбЭнСб-п;60;20170906;160000;0.122;0.122;0.122;0.122;1;0
ТамбЭнСб-п;60;20170906;170000;0.1235;0.1235;0.1235;0.1235;1;0
ТамбЭнСб-п;60;20170907;100000;0.13;0.13;0.1255;0.1255;2;0
ТамбЭнСб-п;60;20170907;170000;0.126;0.126;0.126;0.126;1;0
ТамбЭнСб-п;60;20170907;180000;0.123;0.127;0.123;0.127;12;0
ТамбЭнСб-п;60;20170911;100000;0.127;0.127;0.127;0.127;11;0
ТамбЭнСб-п;60;20170911;170000;0.127;0.127;0.127;0.127;9;0
ТамбЭнСб-п;60;20170911;180000;0.132;0.132;0.132;0.132;2;0
ТамбЭнСб-п;60;20170912;100000;0.129;0.129;0.129;0.129;1;0
ТамбЭнСб-п;60;20170912;110000;0.1365;0.138;0.1365;0.138;16;0
ТамбЭнСб-п;60;20170912;120000;0.1375;0.1425;0.13;0.13;27;0
ТамбЭнСб-п;60;20170912;140000;0.137;0.1375;0.137;0.1375;3;0
ТамбЭнСб-п;60;20170912;150000;0.1375;0.1375;0.137;0.137;7;0
ТамбЭнСб-п;60;20170912;160000;0.136;0.1365;0.136;0.1365;2;0
ТамбЭнСб-п;60;20170912;170000;0.1375;0.138;0.1375;0.138;5;0
ТамбЭнСб-п;60;20170912;180000;0.1375;0.1375;0.1375;0.1375;1;0
ТамбЭнСб-п;60;20170913;100000;0.1345;0.138;0.134;0.1375;7;0
ТамбЭнСб-п;60;20170913;130000;0.1375;0.1375;0.137;0.137;2;0
ТамбЭнСб-п;60;20170913;140000;0.1365;0.1365;0.136;0.136;5;0
ТамбЭнСб-п;60;20170913;150000;0.136;0.1365;0.136;0.1365;2;0
ТамбЭнСб-п;60;20170914;100000;0.14;0.143;0.14;0.143;2;0
ТамбЭнСб-п;60;20170914;110000;0.141;0.141;0.139;0.139;5;0
ТамбЭнСб-п;60;20170914;150000;0.139;0.139;0.139;0.139;2;0
ТамбЭнСб-п;60;20170914;170000;0.1355;0.136;0.135;0.135;5;0
ТамбЭнСб-п;60;20170914;180000;0.139;0.1475;0.138;0.147;43;0
ТамбЭнСб-п;60;20170915;090000;0.148;0.148;0.148;0.148;2;0
ТамбЭнСб-п;60;20170915;100000;0.147;0.1535;0.1435;0.1485;30;0
ТамбЭнСб-п;60;20170915;110000;0.1515;0.1535;0.151;0.152;15;0
ТамбЭнСб-п;60;20170915;120000;0.1525;0.1525;0.151;0.151;5;0
ТамбЭнСб-п;60;20170915;130000;0.1505;0.155;0.15;0.155;12;0
ТамбЭнСб-п;60;20170915;140000;0.155;0.1555;0.1525;0.1525;20;0
ТамбЭнСб-п;60;20170915;150000;0.1525;0.1555;0.1525;0.1555;2;0
ТамбЭнСб-п;60;20170915;160000;0.152;0.1675;0.152;0.157;186;0
ТамбЭнСб-п;60;20170915;170000;0.1565;0.1615;0.148;0.15;47;0
ТамбЭнСб-п;60;20170915;180000;0.155;0.155;0.148;0.153;16;0
ТамбЭнСб-п;60;20170918;100000;0.153;0.157;0.153;0.157;39;0
ТамбЭнСб-п;60;20170918;110000;0.1575;0.158;0.1495;0.1495;26;0
ТамбЭнСб-п;60;20170918;120000;0.1495;0.1495;0.148;0.1485;19;0
ТамбЭнСб-п;60;20170918;140000;0.15;0.15;0.15;0.15;2;0
ТамбЭнСб-п;60;20170918;150000;0.1475;0.1495;0.1475;0.1495;2;0
ТамбЭнСб-п;60;20170918;180000;0.1495;0.1495;0.1495;0.1495;1;0
ТамбЭнСб-п;60;20170919;100000;0.15;0.15;0.15;0.15;3;0
ТамбЭнСб-п;60;20170919;110000;0.148;0.148;0.148;0.148;1;0
ТамбЭнСб-п;60;20170919;130000;0.147;0.147;0.147;0.147;1;0
ТамбЭнСб-п;60;20170919;160000;0.1465;0.1465;0.146;0.146;2;0
ТамбЭнСб-п;60;20170920;100000;0.1455;0.1455;0.1395;0.14;21;0
ТамбЭнСб-п;60;20170920;110000;0.144;0.144;0.144;0.144;1;0
ТамбЭнСб-п;60;20170920;140000;0.1445;0.1445;0.1445;0.1445;1;0
ТамбЭнСб-п;60;20170920;160000;0.1445;0.145;0.1445;0.145;2;0
ТамбЭнСб-п;60;20170921;100000;0.1425;0.1425;0.142;0.142;4;0
ТамбЭнСб-п;60;20170921;110000;0.141;0.141;0.14;0.14;2;0
ТамбЭнСб-п;60;20170921;130000;0.1395;0.1405;0.1395;0.1405;3;0
ТамбЭнСб-п;60;20170925;100000;0.137;0.137;0.137;0.137;1;0
ТамбЭнСб-п;60;20170925;140000;0.14;0.141;0.14;0.141;6;0
ТамбЭнСб-п;60;20170925;180000;0.1415;0.1415;0.1415;0.1415;1;0
ТамбЭнСб-п;60;20170926;110000;0.1375;0.1375;0.137;0.137;3;0
ТамбЭнСб-п;60;20170927;100000;0.137;0.137;0.1365;0.1365;2;0
ТамбЭнСб-п;60;20170927;110000;0.1355;0.1355;0.1335;0.1335;3;0
ТамбЭнСб-п;60;20170928;100000;0.1315;0.1315;0.1315;0.1315;1;0
ТамбЭнСб-п;60;20170928;180000;0.132;0.132;0.131;0.1315;5;0
ТамбЭнСб-п;60;20170929;100000;0.1305;0.1305;0.1305;0.1305;3;0
ТамбЭнСб-п;60;20170929;110000;0.135;0.14;0.135;0.14;12;0
ТамбЭнСб-п;60;20170929;120000;0.14;0.141;0.14;0.14;37;0
ТамбЭнСб-п;60;20170929;130000;0.14;0.14;0.1365;0.1365;14;0
ТамбЭнСб-п;60;20170929;150000;0.138;0.146;0.138;0.146;33;0
ТамбЭнСб-п;60;20170929;160000;0.148;0.148;0.148;0.148;1;0
ТамбЭнСб-п;60;20170929;170000;0.1435;0.1435;0.1405;0.1405;5;0
ТамбЭнСб-п;60;20170929;180000;0.1405;0.1405;0.14;0.14;2;0
ТамбЭнСб-п;60;20171002;170000;0.1395;0.1395;0.1395;0.1395;1;0
ТамбЭнСб-п;60;20171003;100000;0.138;0.139;0.138;0.139;3;0
ТамбЭнСб-п;60;20171003;110000;0.14;0.14;0.139;0.1395;17;0
ТамбЭнСб-п;60;20171003;160000;0.143;0.143;0.143;0.143;4;0
ТамбЭнСб-п;60;20171003;170000;0.1435;0.1435;0.143;0.143;4;0
ТамбЭнСб-п;60;20171003;180000;0.143;0.143;0.143;0.143;13;0
ТамбЭнСб-п;60;20171004;110000;0.1405;0.1415;0.1405;0.1415;3;0
ТамбЭнСб-п;60;20171005;100000;0.1405;0.1405;0.14;0.14;6;0
ТамбЭнСб-п;60;20171005;110000;0.142;0.142;0.142;0.142;5;0
ТамбЭнСб-п;60;20171005;160000;0.1435;0.1435;0.1435;0.1435;8;0
ТамбЭнСб-п;60;20171005;180000;0.142;0.1435;0.142;0.1435;3;0
ТамбЭнСб-п;60;20171006;130000;0.1465;0.1465;0.1465;0.1465;2;0
ТамбЭнСб-п;60;20171006;140000;0.1465;0.1465;0.1465;0.1465;2;0
ТамбЭнСб-п;60;20171006;170000;0.1485;0.149;0.1485;0.149;2;0
ТамбЭнСб-п;60;20171006;180000;0.15;0.1505;0.15;0.1505;5;0
ТамбЭнСб-п;60;20171010;160000;0.148;0.148;0.148;0.148;1;0
ТамбЭнСб-п;60;20171010;170000;0.148;0.148;0.139;0.139;7;0
ТамбЭнСб-п;60;20171010;180000;0.139;0.1455;0.139;0.1455;2;0
ТамбЭнСб-п;60;20171011;100000;0.1365;0.1365;0.1365;0.1365;1;0
ТамбЭнСб-п;60;20171011;110000;0.138;0.14;0.138;0.14;2;0
ТамбЭнСб-п;60;20171011;120000;0.138;0.14;0.138;0.14;2;0
ТамбЭнСб-п;60;20171011;140000;0.141;0.141;0.141;0.141;1;0
ТамбЭнСб-п;60;20171011;180000;0.1495;0.1495;0.1495;0.1495;1;0
ТамбЭнСб-п;60;20171012;100000;0.148;0.1485;0.148;0.1485;2;0
ТамбЭнСб-п;60;20171012;120000;0.136;0.136;0.136;0.136;40;0
ТамбЭнСб-п;60;20171012;130000;0.15;0.15;0.14;0.14;17;0
ТамбЭнСб-п;60;20171012;160000;0.1425;0.1425;0.1425;0.1425;1;0
ТамбЭнСб-п;60;20171013;110000;0.1455;0.1455;0.1455;0.1455;3;0
ТамбЭнСб-п;60;20171013;130000;0.144;0.144;0.144;0.144;2;0
ТамбЭнСб-п;60;20171013;180000;0.141;0.141;0.136;0.136;2;0
ТамбЭнСб-п;60;20171016;140000;0.1405;0.145;0.137;0.144;28;0
ТамбЭнСб-п;60;20171016;150000;0.145;0.145;0.139;0.139;4;0
ТамбЭнСб-п;60;20171016;160000;0.145;0.1455;0.1405;0.144;4;0
ТамбЭнСб-п;60;20171016;170000;0.141;0.1445;0.141;0.1445;4;0
ТамбЭнСб-п;60;20171016;180000;0.1415;0.145;0.1415;0.145;4;0
ТамбЭнСб-п;60;20171017;100000;0.145;0.1455;0.145;0.1455;3;0
ТамбЭнСб-п;60;20171017;120000;0.1465;0.1465;0.1465;0.1465;1;0
ТамбЭнСб-п;60;20171017;130000;0.148;0.148;0.148;0.148;3;0
ТамбЭнСб-п;60;20171017;140000;0.148;0.148;0.1475;0.1475;10;0
ТамбЭнСб-п;60;20171017;150000;0.1475;0.1475;0.1475;0.1475;1;0
ТамбЭнСб-п;60;20171017;180000;0.142;0.142;0.137;0.137;2;0
ТамбЭнСб-п;60;20171018;110000;0.1405;0.144;0.1405;0.144;3;0
ТамбЭнСб-п;60;20171018;120000;0.1445;0.1465;0.1445;0.1465;12;0
ТамбЭнСб-п;60;20171018;130000;0.1475;0.149;0.1475;0.149;4;0
ТамбЭнСб-п;60;20171018;150000;0.1455;0.146;0.145;0.1455;9;0
ТамбЭнСб-п;60;20171018;160000;0.145;0.145;0.145;0.145;2;0
ТамбЭнСб-п;60;20171018;170000;0.1445;0.148;0.1445;0.148;3;0
ТамбЭнСб-п;60;20171018;180000;0.1445;0.1445;0.1445;0.1445;2;0
ТамбЭнСб-п;60;20171019;100000;0.146;0.146;0.1455;0.1455;4;0
ТамбЭнСб-п;60;20171019;110000;0.145;0.145;0.145;0.145;2;0
ТамбЭнСб-п;60;20171019;120000;0.145;0.145;0.145;0.145;1;0
ТамбЭнСб-п;60;20171019;180000;0.1425;0.145;0.1425;0.145;4;0
ТамбЭнСб-п;60;20171020;100000;0.1495;0.1495;0.1495;0.1495;1;0
ТамбЭнСб-п;60;20171020;120000;0.1485;0.179;0.1485;0.1505;59;0
ТамбЭнСб-п;60;20171020;130000;0.1515;0.152;0.151;0.152;3;0
ТамбЭнСб-п;60;20171020;150000;0.16;0.16;0.156;0.156;2;0
ТамбЭнСб-п;60;20171020;160000;0.156;0.156;0.156;0.156;2;0
ТамбЭнСб-п;60;20171020;170000;0.1565;0.158;0.1565;0.158;2;0
ТамбЭнСб-п;60;20171020;180000;0.156;0.156;0.156;0.156;3;0
ТамбЭнСб-п;60;20171023;100000;0.1695;0.1695;0.1695;0.1695;1;0
ТамбЭнСб-п;60;20171024;100000;0.1745;0.175;0.1745;0.175;3;0
ТамбЭнСб-п;60;20171024;160000;0.16;0.164;0.1595;0.1595;5;0
ТамбЭнСб-п;60;20171024;170000;0.1685;0.1685;0.162;0.164;3;0
ТамбЭнСб-п;60;20171024;180000;0.16;0.162;0.16;0.162;2;0
ТамбЭнСб-п;60;20171025;110000;0.1625;0.171;0.1625;0.164;8;0
ТамбЭнСб-п;60;20171025;120000;0.164;0.164;0.162;0.162;5;0
ТамбЭнСб-п;60;20171025;160000;0.162;0.162;0.162;0.162;3;0
ТамбЭнСб-п;60;20171026;100000;0.1325;0.1485;0.1305;0.142;220;0
ТамбЭнСб-п;60;20171026;110000;0.142;0.146;0.1395;0.1435;39;0
ТамбЭнСб-п;60;20171026;120000;0.1405;0.1405;0.138;0.138;9;0
ТамбЭнСб-п;60;20171026;130000;0.1435;0.1455;0.142;0.1455;23;0
ТамбЭнСб-п;60;20171026;140000;0.146;0.147;0.1435;0.1435;20;0
ТамбЭнСб-п;60;20171026;150000;0.141;0.1455;0.141;0.1455;2;0
ТамбЭнСб-п;60;20171026;160000;0.145;0.145;0.145;0.145;1;0
ТамбЭнСб-п;60;20171026;170000;0.145;0.146;0.144;0.146;15;0
ТамбЭнСб-п;60;20171026;180000;0.143;0.145;0.14;0.145;7;0
ТамбЭнСб-п;60;20171027;110000;0.145;0.145;0.145;0.145;1;0
ТамбЭнСб-п;60;20171027;130000;0.145;0.145;0.145;0.145;2;0
ТамбЭнСб-п;60;20171027;180000;0.1465;0.1465;0.1465;0.1465;2;0
ТамбЭнСб-п;60;20171030;160000;0.1415;0.1425;0.127;0.14;57;0
ТамбЭнСб-п;60;20171030;170000;0.1385;0.1415;0.138;0.14;8;0
ТамбЭнСб-п;60;20171030;180000;0.142;0.1455;0.142;0.1455;10;0
ТамбЭнСб-п;60;20171031;100000;0.144;0.147;0.144;0.147;6;0
ТамбЭнСб-п;60;20171031;110000;0.1405;0.144;0.14;0.144;7;0
ТамбЭнСб-п;60;20171031;120000;0.145;0.154;0.143;0.148;40;0
ТамбЭнСб-п;60;20171031;130000;0.1525;0.1525;0.1445;0.1445;3;0
ТамбЭнСб-п;60;20171031;160000;0.1445;0.1445;0.144;0.144;2;0
ТамбЭнСб-п;60;20171031;170000;0.1495;0.1495;0.146;0.148;4;0
ТамбЭнСб-п;60;20171101;140000;0.1515;0.152;0.1515;0.152;3;0
ТамбЭнСб-п;60;20171103;140000;0.139;0.146;0.1365;0.144;32;0
ТамбЭнСб-п;60;20171103;170000;0.146;0.146;0.145;0.1455;4;0
ТамбЭнСб-п;60;20171103;180000;0.143;0.151;0.142;0.151;5;0
ТамбЭнСб-п;60;20171107;170000;0.1445;0.1445;0.1445;0.1445;1;0
ТамбЭнСб-п;60;20171107;180000;0.145;0.1495;0.145;0.148;3;0
ТамбЭнСб-п;60;20171108;110000;0.1445;0.146;0.1445;0.146;2;0
ТамбЭнСб-п;60;20171108;160000;0.1395;0.144;0.1395;0.1415;56;0
ТамбЭнСб-п;60;20171108;170000;0.141;0.141;0.14;0.14;6;0
ТамбЭнСб-п;60;20171108;180000;0.1405;0.1435;0.1405;0.1435;7;0
ТамбЭнСб-п;60;20171114;180000;0.1445;0.1445;0.1445;0.1445;1;0
ТамбЭнСб-п;60;20171116;140000;0.1385;0.1385;0.1385;0.1385;5;0
ТамбЭнСб-п;60;20171116;150000;0.136;0.136;0.136;0.136;3;0
ТамбЭнСб-п;60;20171116;160000;0.138;0.1445;0.138;0.139;6;0
ТамбЭнСб-п;60;20171116;180000;0.1395;0.1395;0.1395;0.1395;1;0
ТамбЭнСб-п;60;20171117;110000;0.1405;0.1405;0.14;0.14;3;0
ТамбЭнСб-п;60;20171117;150000;0.139;0.139;0.139;0.139;1;0
ТамбЭнСб-п;60;20171117;180000;0.1395;0.1395;0.139;0.139;4;0
ТамбЭнСб-п;60;20171120;130000;0.143;0.143;0.143;0.143;1;0
ТамбЭнСб-п;60;20171120;150000;0.1385;0.1385;0.1365;0.138;4;0
ТамбЭнСб-п;60;20171120;170000;0.1405;0.1405;0.1405;0.1405;3;0
ТамбЭнСб-п;60;20171120;180000;0.1395;0.1395;0.1395;0.1395;1;0
ТамбЭнСб-п;60;20171121;170000;0.1385;0.1385;0.1385;0.1385;3;0
ТамбЭнСб-п;60;20171122;150000;0.14;0.14;0.14;0.14;14;0
ТамбЭнСб-п;60;20171122;170000;0.14;0.14;0.14;0.14;1;0
ТамбЭнСб-п;60;20171123;130000;0.14;0.14;0.1375;0.1375;25;0
ТамбЭнСб-п;60;20171123;140000;0.137;0.137;0.136;0.136;5;0
ТамбЭнСб-п;60;20171123;150000;0.1375;0.1385;0.1375;0.1385;20;0
ТамбЭнСб-п;60;20171124;110000;0.137;0.1405;0.137;0.139;55;0
ТамбЭнСб-п;60;20171124;120000;0.1385;0.1385;0.1365;0.1365;12;0
ТамбЭнСб-п;60;20171124;150000;0.137;0.138;0.137;0.138;2;0
ТамбЭнСб-п;60;20171124;180000;0.138;0.1385;0.138;0.1385;3;0
ТамбЭнСб-п;60;20171127;100000;0.149;0.152;0.14;0.15;36;0
ТамбЭнСб-п;60;20171127;110000;0.148;0.148;0.138;0.138;68;0
ТамбЭнСб-п;60;20171127;160000;0.139;0.14;0.139;0.14;4;0
ТамбЭнСб-п;60;20171127;170000;0.1385;0.1385;0.1375;0.1375;4;0
ТамбЭнСб-п;60;20171127;180000;0.1395;0.1395;0.1395;0.1395;3;0
ТамбЭнСб-п;60;20171128;110000;0.1385;0.1385;0.136;0.136;10;0
ТамбЭнСб-п;60;20171128;140000;0.136;0.1365;0.133;0.1365;14;0
ТамбЭнСб-п;60;20171128;180000;0.1365;0.1365;0.1365;0.1365;3;0
ТамбЭнСб-п;60;20171129;100000;0.1385;0.1385;0.138;0.138;4;0
ТамбЭнСб-п;60;20171129;110000;0.135;0.136;0.133;0.135;9;0
ТамбЭнСб-п;60;20171129;120000;0.1345;0.1345;0.1345;0.1345;3;0
ТамбЭнСб-п;60;20171129;150000;0.135;0.135;0.135;0.135;14;0
ТамбЭнСб-п;60;20171129;170000;0.134;0.134;0.134;0.134;1;0
ТамбЭнСб-п;60;20171129;180000;0.135;0.135;0.135;0.135;1;0
ТамбЭнСб-п;60;20171130;140000;0.134;0.1345;0.1335;0.134;20;0
ТамбЭнСб-п;60;20171130;150000;0.1335;0.135;0.1335;0.1335;5;0
ТамбЭнСб-п;60;20171130;160000;0.135;0.1355;0.135;0.1355;3;0
ТамбЭнСб-п;60;20171201;110000;0.134;0.134;0.132;0.132;12;0
ТамбЭнСб-п;60;20171201;120000;0.1325;0.1325;0.1325;0.1325;20;0
ТамбЭнСб-п;60;20171201;130000;0.1325;0.133;0.1325;0.133;2;0
ТамбЭнСб-п;60;20171201;140000;0.132;0.132;0.132;0.132;1;0
ТамбЭнСб-п;60;20171204;100000;0.1315;0.1315;0.13;0.13;6;0
ТамбЭнСб-п;60;20171204;110000;0.1295;0.13;0.1295;0.13;6;0
ТамбЭнСб-п;60;20171204;120000;0.129;0.129;0.129;0.129;2;0
ТамбЭнСб-п;60;20171204;140000;0.13;0.13;0.13;0.13;32;0
ТамбЭнСб-п;60;20171204;170000;0.1295;0.1295;0.1295;0.1295;1;0
ТамбЭнСб-п;60;20171205;100000;0.13;0.13;0.13;0.13;24;0
ТамбЭнСб-п;60;20171205;180000;0.1285;0.1285;0.123;0.1245;23;0
ТамбЭнСб-п;60;20171206;130000;0.124;0.124;0.1225;0.1225;4;0
ТамбЭнСб-п;60;20171206;140000;0.1225;0.1225;0.1225;0.1225;18;0
ТамбЭнСб-п;60;20171206;150000;0.124;0.1245;0.124;0.1245;3;0
ТамбЭнСб-п;60;20171207;100000;0.125;0.125;0.124;0.124;2;0
ТамбЭнСб-п;60;20171207;150000;0.1235;0.1235;0.123;0.123;2;0
ТамбЭнСб-п;60;20171207;160000;0.1225;0.1225;0.1225;0.1225;1;0
ТамбЭнСб-п;60;20171207;180000;0.122;0.1235;0.122;0.1235;3;0
ТамбЭнСб-п;60;20171208;100000;0.124;0.124;0.124;0.124;1;0
ТамбЭнСб-п;60;20171208;120000;0.1245;0.1245;0.1245;0.1245;4;0
ТамбЭнСб-п;60;20171208;130000;0.1245;0.1245;0.1245;0.1245;1;0
ТамбЭнСб-п;60;20171208;160000;0.1245;0.1265;0.1245;0.125;7;0
ТамбЭнСб-п;60;20171208;170000;0.1245;0.1245;0.1225;0.124;6;0
ТамбЭнСб-п;60;20171211;110000;0.1245;0.1255;0.1245;0.1255;3;0
ТамбЭнСб-п;60;20171212;100000;0.124;0.1345;0.124;0.1275;46;0
ТамбЭнСб-п;60;20171212;110000;0.129;0.129;0.129;0.129;1;0
ТамбЭнСб-п;60;20171212;130000;0.129;0.129;0.126;0.128;12;0
ТамбЭнСб-п;60;20171212;140000;0.128;0.128;0.128;0.128;1;0
ТамбЭнСб-п;60;20171212;160000;0.1265;0.1265;0.1265;0.1265;1;0
ТамбЭнСб-п;60;20171212;180000;0.1265;0.1265;0.1265;0.1265;1;0
ТамбЭнСб-п;60;20171213;100000;0.126;0.126;0.1255;0.1255;4;0
ТамбЭнСб-п;60;20171213;120000;0.125;0.125;0.125;0.125;1;0
ТамбЭнСб-п;60;20171214;150000;0.1245;0.1245;0.1245;0.1245;10;0
ТамбЭнСб-п;60;20171214;180000;0.126;0.126;0.126;0.126;1;0
ТамбЭнСб-п;60;20171215;100000;0.1245;0.1245;0.1245;0.1245;5;0
ТамбЭнСб-п;60;20171215;110000;0.1245;0.1245;0.1245;0.1245;3;0
ТамбЭнСб-п;60;20171215;180000;0.124;0.1245;0.123;0.1245;6;0
ТамбЭнСб-п;60;20171218;120000;0.125;0.125;0.125;0.125;1;0
ТамбЭнСб-п;60;20171218;170000;0.1255;0.1255;0.1255;0.1255;1;0
ТамбЭнСб-п;60;20171219;100000;0.126;0.126;0.1255;0.1255;5;0
ТамбЭнСб-п;60;20171219;150000;0.1245;0.1245;0.1245;0.1245;1;0
ТамбЭнСб-п;60;20171219;180000;0.1245;0.1245;0.1245;0.1245;1;0
ТамбЭнСб-п;60;20171220;120000;0.124;0.124;0.124;0.124;2;0
ТамбЭнСб-п;60;20171220;180000;0.125;0.126;0.125;0.126;5;0
ТамбЭнСб-п;60;20171221;120000;0.1255;0.1255;0.1245;0.1245;4;0
ТамбЭнСб-п;60;20171222;140000;0.1255;0.126;0.1255;0.126;2;0
ТамбЭнСб-п;60;20171222;180000;0.1245;0.1245;0.1235;0.1245;5;0
ТамбЭнСб-п;60;20171225;140000;0.125;0.125;0.125;0.125;3;0
ТамбЭнСб-п;60;20171225;150000;0.1235;0.1235;0.12;0.1235;25;0
ТамбЭнСб-п;60;20171225;160000;0.122;0.1225;0.12;0.1225;13;0
ТамбЭнСб-п;60;20171225;170000;0.1225;0.123;0.1225;0.123;2;0
ТамбЭнСб-п;60;20171225;180000;0.1215;0.123;0.1215;0.123;2;0
ТамбЭнСб-п;60;20171226;100000;0.121;0.121;0.1165;0.1205;24;0
ТамбЭнСб-п;60;20171226;110000;0.12;0.121;0.119;0.121;9;0
ТамбЭнСб-п;60;20171226;150000;0.12;0.1215;0.119;0.119;20;0
ТамбЭнСб-п;60;20171226;170000;0.1185;0.1185;0.1165;0.1165;7;0
ТамбЭнСб-п;60;20171226;180000;0.118;0.12;0.116;0.12;45;0
ТамбЭнСб-п;60;20171227;110000;0.1185;0.119;0.115;0.116;20;0
ТамбЭнСб-п;60;20171227;120000;0.115;0.1155;0.114;0.1145;15;0
ТамбЭнСб-п;60;20171227;130000;0.116;0.118;0.116;0.118;6;0
ТамбЭнСб-п;60;20171227;140000;0.118;0.1195;0.1155;0.1155;43;0
ТамбЭнСб-п;60;20171227;160000;0.1165;0.117;0.1165;0.117;6;0
ТамбЭнСб-п;60;20171227;180000;0.117;0.117;0.117;0.117;2;0
ТамбЭнСб-п;60;20171229;150000;0.117;0.119;0.117;0.118;6;0
ТамбЭнСб-п;60;20171229;170000;0.118;0.13;0.118;0.129;57;0
ТамбЭнСб-п;60;20171229;180000;0.1285;0.14;0.1285;0.1385;113;0
