<TICKER>;<PER>;<DATE>;<TIME>;<OPEN>;<HIGH>;<LOW>;<CLOSE>;<VOL>;<OPENINT>
ТамбЭнСб;60;20170124;120000;0.146;0.146;0.146;0.146;1;0
ТамбЭнСб;60;20170124;180000;0.1455;0.1455;0.1335;0.1365;27;0
ТамбЭнСб;60;20170125;100000;0.137;0.138;0.137;0.138;3;0
ТамбЭнСб;60;20170125;120000;0.138;0.138;0.138;0.138;2;0
ТамбЭнСб;60;20170125;170000;0.138;0.138;0.138;0.138;1;0
ТамбЭнСб;60;20170126;110000;0.1375;0.1385;0.1225;0.1355;24;0
ТамбЭнСб;60;20170126;160000;0.135;0.135;0.135;0.135;11;0
ТамбЭнСб;60;20170126;170000;0.1365;0.1375;0.1365;0.1375;4;0
ТамбЭнСб;60;20170127;120000;0.138;0.144;0.138;0.144;24;0
ТамбЭнСб;60;20170127;130000;0.144;0.144;0.13;0.1415;28;0
ТамбЭнСб;60;20170127;150000;0.141;0.141;0.1405;0.1405;2;0
ТамбЭнСб;60;20170130;100000;0.141;0.141;0.131;0.1395;5;0
ТамбЭнСб;60;20170130;170000;0.1405;0.1405;0.1385;0.1385;4;0
ТамбЭнСб;60;20170130;180000;0.1395;0.1395;0.1395;0.1395;1;0
ТамбЭнСб;60;20170131;100000;0.1385;0.1385;0.138;0.138;2;0
ТамбЭнСб;60;20170131;110000;0.138;0.138;0.138;0.138;1;0
ТамбЭнСб;60;20170131;160000;0.138;0.138;0.138;0.138;1;0
ТамбЭнСб;60;20170202;170000;0.138;0.138;0.138;0.138;1;0
ТамбЭнСб;60;20170203;140000;0.1375;0.1375;0.1365;0.1365;4;0
ТамбЭнСб;60;20170208;130000;0.138;0.138;0.138;0.138;1;0
ТамбЭнСб;60;20170210;100000;0.134;0.134;0.134;0.134;1;0
ТамбЭнСб;60;20170213;120000;0.138;0.138;0.138;0.138;1;0
ТамбЭнСб;60;20170220;150000;0.1365;0.1365;0.1365;0.1365;1;0
ТамбЭнСб;60;20170221;140000;0.136;0.136;0.136;0.136;1;0
ТамбЭнСб;60;20170221;150000;0.1355;0.1355;0.1355;0.1355;1;0
ТамбЭнСб;60;20170222;160000;0.135;0.135;0.135;0.135;1;0
ТамбЭнСб;60;20170227;100000;0.1345;0.1345;0.1345;0.1345;1;0
ТамбЭнСб;60;20170227;120000;0.134;0.134;0.1335;0.1335;2;0
ТамбЭнСб;60;20170227;180000;0.131;0.131;0.131;0.131;1;0
ТамбЭнСб;60;20170228;170000;0.122;0.122;0.121;0.121;13;0
ТамбЭнСб;60;20170228;180000;0.124;0.124;0.124;0.124;3;0
ТамбЭнСб;60;20170302;110000;0.127;0.1325;0.127;0.1325;2;0
ТамбЭнСб;60;20170302;130000;0.132;0.132;0.132;0.132;1;0
ТамбЭнСб;60;20170303;120000;0.1205;0.122;0.1205;0.122;6;0
ТамбЭнСб;60;20170303;150000;0.13;0.13;0.1215;0.1215;2;0
ТамбЭнСб;60;20170303;170000;0.121;0.121;0.121;0.121;1;0
ТамбЭнСб;60;20170303;180000;0.125;0.125;0.125;0.125;1;0
ТамбЭнСб;60;20170309;140000;0.12;0.12;0.12;0.12;1;0
ТамбЭнСб;60;20170309;150000;0.12;0.12;0.12;0.12;1;0
ТамбЭнСб;60;20170309;170000;0.12;0.12;0.12;0.12;1;0
ТамбЭнСб;60;20170315;120000;0.126;0.126;0.126;0.126;1;0
ТамбЭнСб;60;20170315;180000;0.1335;0.1355;0.1335;0.1355;11;0
ТамбЭнСб;60;20170316;160000;0.1235;0.1235;0.122;0.122;11;0
ТамбЭнСб;60;20170317;100000;0.125;0.133;0.125;0.133;2;0
ТамбЭнСб;60;20170317;120000;0.133;0.133;0.133;0.133;1;0
ТамбЭнСб;60;20170317;180000;0.134;0.134;0.134;0.134;10;0
ТамбЭнСб;60;20170320;100000;0.1255;0.1255;0.1255;0.1255;1;0
ТамбЭнСб;60;20170320;130000;0.1265;0.1265;0.1265;0.1265;1;0
ТамбЭнСб;60;20170322;140000;0.133;0.133;0.133;0.133;1;0
ТамбЭнСб;60;20170322;170000;0.133;0.133;0.133;0.133;4;0
ТамбЭнСб;60;20170322;180000;0.133;0.133;0.133;0.133;6;0
ТамбЭнСб;60;20170323;160000;0.135;0.135;0.135;0.135;1;0
ТамбЭнСб;60;20170324;110000;0.129;0.131;0.129;0.131;2;0
ТамбЭнСб;60;20170324;120000;0.133;0.137;0.133;0.137;3;0
ТамбЭнСб;60;20170324;130000;0.138;0.187;0.135;0.181;392;0
ТамбЭнСб;60;20170324;140000;0.179;0.1885;0.17;0.1885;215;0
ТамбЭнСб;60;20170324;150000;0.185;0.1885;0.185;0.1885;60;0
ТамбЭнСб;60;20170324;160000;0.1885;0.1885;0.1885;0.1885;14;0
ТамбЭнСб;60;20170324;170000;0.1885;0.1885;0.1885;0.1885;2;0
ТамбЭнСб;60;20170324;180000;0.1885;0.1885;0.1885;0.1885;3;0
ТамбЭнСб;60;20170327;090000;0.1975;0.1975;0.1975;0.1975;6;0
ТамбЭнСб;60;20170327;100000;0.19;0.2175;0.1875;0.2175;284;0
ТамбЭнСб;60;20170327;110000;0.219;0.248;0.195;0.2035;497;0
ТамбЭнСб;60;20170327;120000;0.203;0.2155;0.1835;0.2075;108;0
ТамбЭнСб;60;20170327;130000;0.2055;0.2055;0.1835;0.1895;143;0
ТамбЭнСб;60;20170327;140000;0.1875;0.2465;0.1875;0.224;594;0
ТамбЭнСб;60;20170327;150000;0.2225;0.2495;0.2135;0.2155;265;0
ТамбЭнСб;60;20170327;160000;0.2175;0.2265;0.205;0.214;129;0
ТамбЭнСб;60;20170327;170000;0.2155;0.26;0.2145;0.2255;711;0
ТамбЭнСб;60;20170327;180000;0.226;0.2315;0.1715;0.1765;361;0
ТамбЭнСб;60;20170328;090000;0.178;0.178;0.178;0.178;1;0
ТамбЭнСб;60;20170328;100000;0.18;0.195;0.172;0.1795;102;0
ТамбЭнСб;60;20170328;110000;0.176;0.1765;0.157;0.162;62;0
ТамбЭнСб;60;20170328;120000;0.1605;0.18;0.153;0.178;215;0
ТамбЭнСб;60;20170328;130000;0.1795;0.193;0.169;0.193;283;0
ТамбЭнСб;60;20170328;140000;0.193;0.2085;0.181;0.201;103;0
ТамбЭнСб;60;20170328;150000;0.201;0.231;0.192;0.227;281;0
ТамбЭнСб;60;20170328;160000;0.218;0.2235;0.179;0.185;507;0
ТамбЭнСб;60;20170328;170000;0.182;0.186;0.17;0.178;156;0
ТамбЭнСб;60;20170328;180000;0.1785;0.181;0.173;0.175;87;0
ТамбЭнСб;60;20170329;100000;0.173;0.1775;0.121;0.162;279;0
ТамбЭнСб;60;20170329;110000;0.1625;0.1665;0.159;0.1625;31;0
ТамбЭнСб;60;20170329;120000;0.161;0.161;0.15;0.1525;95;0
ТамбЭнСб;60;20170329;130000;0.151;0.164;0.15;0.155;135;0
ТамбЭнСб;60;20170329;140000;0.1565;0.159;0.1535;0.1565;26;0
ТамбЭнСб;60;20170329;150000;0.1545;0.1545;0.15;0.15;14;0
ТамбЭнСб;60;20170329;160000;0.1525;0.161;0.1525;0.1585;35;0
ТамбЭнСб;60;20170329;170000;0.1575;0.178;0.1575;0.1685;172;0
ТамбЭнСб;60;20170329;180000;0.1665;0.1765;0.1605;0.168;90;0
ТамбЭнСб;60;20170330;100000;0.1685;0.1785;0.1625;0.1665;88;0
ТамбЭнСб;60;20170330;110000;0.165;0.1755;0.1625;0.166;70;0
ТамбЭнСб;60;20170330;120000;0.163;0.164;0.1605;0.1605;11;0
ТамбЭнСб;60;20170330;130000;0.16;0.166;0.16;0.1605;8;0
ТамбЭнСб;60;20170330;140000;0.1595;0.1625;0.155;0.1585;104;0
ТамбЭнСб;60;20170330;150000;0.1565;0.1565;0.155;0.155;3;0
ТамбЭнСб;60;20170330;160000;0.158;0.1615;0.1565;0.1585;17;0
ТамбЭнСб;60;20170330;170000;0.1605;0.1655;0.156;0.159;99;0
ТамбЭнСб;60;20170330;180000;0.1585;0.16;0.153;0.159;40;0
ТамбЭнСб;60;20170331;100000;0.1605;0.174;0.1605;0.1665;191;0
ТамбЭнСб;60;20170331;110000;0.1685;0.1685;0.1645;0.165;19;0
ТамбЭнСб;60;20170331;120000;0.1665;0.1725;0.1625;0.171;94;0
ТамбЭнСб;60;20170331;130000;0.172;0.1725;0.1685;0.1685;14;0
ТамбЭнСб;60;20170331;140000;0.168;0.1705;0.165;0.1695;80;0
ТамбЭнСб;60;20170331;150000;0.1685;0.1695;0.166;0.1695;12;0
ТамбЭнСб;60;20170331;160000;0.1695;0.172;0.1695;0.1705;15;0
ТамбЭнСб;60;20170331;170000;0.171;0.173;0.169;0.17;76;0
ТамбЭнСб;60;20170331;180000;0.17;0.18;0.1685;0.1785;158;0
ТамбЭнСб;60;20170403;090000;0.1785;0.1785;0.1785;0.1785;2;0
ТамбЭнСб;60;20170403;100000;0.1805;0.189;0.172;0.1815;70;0
ТамбЭнСб;60;20170403;110000;0.181;0.188;0.1745;0.188;76;0
ТамбЭнСб;60;20170403;120000;0.1885;0.2125;0.1865;0.2085;627;0
ТамбЭнСб;60;20170403;130000;0.2065;0.236;0.1935;0.2335;337;0
ТамбЭнСб;60;20170403;140000;0.2205;0.246;0.203;0.246;361;0
ТамбЭнСб;60;20170403;150000;0.246;0.2465;0.2375;0.246;375;0
ТамбЭнСб;60;20170403;160000;0.2385;0.2465;0.232;0.2465;226;0
ТамбЭнСб;60;20170403;170000;0.2465;0.2465;0.242;0.246;74;0
ТамбЭнСб;60;20170403;180000;0.241;0.245;0.219;0.219;72;0
ТамбЭнСб;60;20170404;100000;0.2215;0.2395;0.2125;0.2325;266;0
ТамбЭнСб;60;20170404;110000;0.225;0.225;0.182;0.1965;355;0
ТамбЭнСб;60;20170404;120000;0.194;0.216;0.1925;0.207;359;0
ТамбЭнСб;60;20170404;130000;0.2065;0.2065;0.2;0.2;25;0
ТамбЭнСб;60;20170404;140000;0.2005;0.2005;0.193;0.195;30;0
ТамбЭнСб;60;20170404;150000;0.196;0.2;0.192;0.1945;41;0
ТамбЭнСб;60;20170404;160000;0.195;0.204;0.195;0.1985;52;0
ТамбЭнСб;60;20170404;170000;0.2005;0.214;0.187;0.201;102;0
ТамбЭнСб;60;20170404;180000;0.201;0.204;0.1875;0.191;60;0
ТамбЭнСб;60;20170405;100000;0.192;0.243;0.192;0.228;302;0
ТамбЭнСб;60;20170405;110000;0.225;0.234;0.2175;0.23;53;0
ТамбЭнСб;60;20170405;120000;0.2215;0.2275;0.2175;0.226;41;0
ТамбЭнСб;60;20170405;130000;0.2165;0.2255;0.2125;0.225;25;0
ТамбЭнСб;60;20170405;140000;0.218;0.218;0.218;0.218;2;0
ТамбЭнСб;60;20170405;160000;0.22;0.222;0.196;0.1995;686;0
ТамбЭнСб;60;20170405;170000;0.1995;0.2055;0.1995;0.2045;23;0
ТамбЭнСб;60;20170405;180000;0.2;0.201;0.195;0.199;77;0
ТамбЭнСб;60;20170406;100000;0.2085;0.2095;0.185;0.1985;115;0
ТамбЭнСб;60;20170406;110000;0.1905;0.1985;0.19;0.19;47;0
ТамбЭнСб;60;20170406;120000;0.195;0.195;0.186;0.1895;18;0
ТамбЭнСб;60;20170406;130000;0.187;0.19;0.185;0.19;205;0
ТамбЭнСб;60;20170406;140000;0.19;0.19;0.19;0.19;1;0
ТамбЭнСб;60;20170406;150000;0.192;0.199;0.192;0.1935;92;0
ТамбЭнСб;60;20170406;160000;0.1935;0.1935;0.188;0.188;27;0
ТамбЭнСб;60;20170406;170000;0.188;0.191;0.187;0.1905;18;0
ТамбЭнСб;60;20170406;180000;0.1915;0.195;0.1915;0.194;33;0
ТамбЭнСб;60;20170407;100000;0.1995;0.209;0.194;0.194;54;0
ТамбЭнСб;60;20170407;110000;0.192;0.192;0.1915;0.1915;4;0
ТамбЭнСб;60;20170407;120000;0.1915;0.1915;0.188;0.19;45;0
ТамбЭнСб;60;20170407;130000;0.192;0.192;0.192;0.192;1;0
ТамбЭнСб;60;20170407;140000;0.1895;0.1905;0.1875;0.1905;6;0
ТамбЭнСб;60;20170407;150000;0.19;0.1905;0.188;0.188;27;0
ТамбЭнСб;60;20170407;160000;0.188;0.188;0.176;0.188;54;0
ТамбЭнСб;60;20170407;180000;0.177;0.19;0.177;0.19;3;0
ТамбЭнСб;60;20170410;100000;0.1835;0.184;0.162;0.166;34;0
ТамбЭнСб;60;20170410;110000;0.174;0.174;0.1635;0.17;15;0
ТамбЭнСб;60;20170410;120000;0.1625;0.1655;0.148;0.157;391;0
ТамбЭнСб;60;20170410;130000;0.157;0.157;0.155;0.155;15;0
ТамбЭнСб;60;20170410;140000;0.156;0.156;0.156;0.156;1;0
ТамбЭнСб;60;20170410;160000;0.161;0.174;0.161;0.1695;28;0
ТамбЭнСб;60;20170410;170000;0.162;0.162;0.162;0.162;1;0
ТамбЭнСб;60;20170410;180000;0.1625;0.1665;0.16;0.16;17;0
ТамбЭнСб;60;20170411;100000;0.166;0.168;0.156;0.156;20;0
ТамбЭнСб;60;20170411;110000;0.159;0.159;0.152;0.152;16;0
ТамбЭнСб;60;20170411;120000;0.1555;0.1605;0.1555;0.16;7;0
ТамбЭнСб;60;20170411;130000;0.1555;0.1555;0.1555;0.1555;2;0
ТамбЭнСб;60;20170411;160000;0.16;0.165;0.16;0.165;13;0
ТамбЭнСб;60;20170411;170000;0.158;0.1645;0.1555;0.164;16;0
ТамбЭнСб;60;20170411;180000;0.157;0.1645;0.1535;0.1645;13;0
ТамбЭнСб;60;20170412;100000;0.1525;0.1645;0.1525;0.164;10;0
ТамбЭнСб;60;20170412;110000;0.163;0.164;0.163;0.1635;4;0
ТамбЭнСб;60;20170412;120000;0.164;0.164;0.1565;0.1615;7;0
ТамбЭнСб;60;20170412;130000;0.1535;0.1625;0.151;0.154;38;0
ТамбЭнСб;60;20170412;150000;0.155;0.155;0.1535;0.1535;8;0
ТамбЭнСб;60;20170412;160000;0.1505;0.1505;0.1505;0.1505;2;0
ТамбЭнСб;60;20170412;170000;0.1545;0.1575;0.1545;0.1575;7;0
ТамбЭнСб;60;20170412;180000;0.1585;0.165;0.1585;0.165;32;0
ТамбЭнСб;60;20170413;100000;0.165;0.1655;0.158;0.16;19;0
ТамбЭнСб;60;20170413;110000;0.159;0.159;0.158;0.158;14;0
ТамбЭнСб;60;20170413;120000;0.153;0.153;0.153;0.153;1;0
ТамбЭнСб;60;20170413;130000;0.155;0.155;0.155;0.155;1;0
ТамбЭнСб;60;20170413;140000;0.156;0.156;0.156;0.156;1;0
ТамбЭнСб;60;20170413;170000;0.1545;0.157;0.154;0.157;3;0
ТамбЭнСб;60;20170413;180000;0.153;0.1585;0.1525;0.1585;4;0
ТамбЭнСб;60;20170414;100000;0.148;0.1605;0.148;0.1605;3;0
ТамбЭнСб;60;20170414;120000;0.1565;0.179;0.1565;0.1775;148;0
ТамбЭнСб;60;20170414;130000;0.1705;0.171;0.168;0.168;15;0
ТамбЭнСб;60;20170414;160000;0.1695;0.1775;0.165;0.1755;34;0
ТамбЭнСб;60;20170417;100000;0.163;0.163;0.163;0.163;1;0
ТамбЭнСб;60;20170417;120000;0.1645;0.1645;0.1645;0.1645;2;0
ТамбЭнСб;60;20170417;150000;0.162;0.162;0.162;0.162;2;0
ТамбЭнСб;60;20170417;160000;0.162;0.162;0.154;0.1585;31;0
ТамбЭнСб;60;20170417;170000;0.1545;0.162;0.154;0.162;15;0
ТамбЭнСб;60;20170417;180000;0.1555;0.176;0.1545;0.176;13;0
ТамбЭнСб;60;20170418;100000;0.1585;0.174;0.1585;0.174;3;0
ТамбЭнСб;60;20170418;120000;0.1555;0.1555;0.1545;0.1555;14;0
ТамбЭнСб;60;20170418;140000;0.156;0.156;0.1555;0.156;7;0
ТамбЭнСб;60;20170418;150000;0.157;0.157;0.157;0.157;1;0
ТамбЭнСб;60;20170418;160000;0.156;0.158;0.152;0.152;7;0
ТамбЭнСб;60;20170418;170000;0.155;0.155;0.155;0.155;2;0
ТамбЭнСб;60;20170418;180000;0.1555;0.1575;0.1555;0.1575;2;0
ТамбЭнСб;60;20170419;100000;0.1555;0.1595;0.155;0.1595;12;0
ТамбЭнСб;60;20170419;120000;0.1595;0.1595;0.1595;0.1595;3;0
ТамбЭнСб;60;20170419;150000;0.156;0.156;0.156;0.156;2;0
ТамбЭнСб;60;20170419;160000;0.1555;0.1555;0.1555;0.1555;1;0
ТамбЭнСб;60;20170419;170000;0.155;0.1555;0.155;0.155;31;0
ТамбЭнСб;60;20170419;180000;0.155;0.156;0.155;0.155;36;0
ТамбЭнСб;60;20170420;100000;0.1495;0.1495;0.1495;0.1495;1;0
ТамбЭнСб;60;20170420;110000;0.1495;0.1495;0.1495;0.1495;1;0
ТамбЭнСб;60;20170420;130000;0.1495;0.1495;0.146;0.146;9;0
ТамбЭнСб;60;20170420;140000;0.145;0.145;0.1405;0.1405;5;0
ТамбЭнСб;60;20170420;150000;0.141;0.141;0.1405;0.1405;26;0
ТамбЭнСб;60;20170420;160000;0.1405;0.1405;0.1405;0.1405;1;0
ТамбЭнСб;60;20170420;180000;0.141;0.146;0.1405;0.146;8;0
ТамбЭнСб;60;20170421;130000;0.136;0.136;0.134;0.1355;9;0
ТамбЭнСб;60;20170421;140000;0.136;0.136;0.136;0.136;2;0
ТамбЭнСб;60;20170421;160000;0.137;0.137;0.137;0.137;3;0
ТамбЭнСб;60;20170421;180000;0.1375;0.1465;0.137;0.1465;3;0
ТамбЭнСб;60;20170424;120000;0.1485;0.1485;0.1485;0.1485;2;0
ТамбЭнСб;60;20170424;150000;0.142;0.144;0.137;0.144;5;0
ТамбЭнСб;60;20170424;160000;0.138;0.138;0.138;0.138;2;0
ТамбЭнСб;60;20170424;170000;0.138;0.138;0.137;0.137;24;0
ТамбЭнСб;60;20170424;180000;0.1435;0.1435;0.1435;0.1435;1;0
ТамбЭнСб;60;20170425;160000;0.1365;0.1365;0.136;0.136;3;0
ТамбЭнСб;60;20170425;170000;0.1395;0.1395;0.1395;0.1395;2;0
ТамбЭнСб;60;20170425;180000;0.1395;0.1395;0.1395;0.1395;1;0
ТамбЭнСб;60;20170426;120000;0.136;0.136;0.131;0.131;3;0
ТамбЭнСб;60;20170426;180000;0.134;0.137;0.134;0.1365;15;0
ТамбЭнСб;60;20170427;100000;0.1375;0.1375;0.1375;0.1375;1;0
ТамбЭнСб;60;20170427;130000;0.133;0.1425;0.129;0.1425;174;0
ТамбЭнСб;60;20170427;170000;0.1315;0.1325;0.1275;0.1325;12;0
ТамбЭнСб;60;20170427;180000;0.135;0.135;0.135;0.135;1;0
ТамбЭнСб;60;20170428;140000;0.1285;0.1285;0.128;0.1285;11;0
ТамбЭнСб;60;20170428;150000;0.132;0.132;0.132;0.132;1;0
ТамбЭнСб;60;20170428;170000;0.1295;0.1295;0.129;0.129;9;0
ТамбЭнСб;60;20170428;180000;0.1315;0.1315;0.1315;0.1315;1;0
ТамбЭнСб;60;20170502;120000;0.128;0.128;0.128;0.128;1;0
ТамбЭнСб;60;20170502;140000;0.13;0.13;0.1295;0.1295;3;0
ТамбЭнСб;60;20170502;150000;0.128;0.128;0.128;0.128;6;0
ТамбЭнСб;60;20170502;160000;0.127;0.127;0.1265;0.1265;15;0
ТамбЭнСб;60;20170502;180000;0.128;0.129;0.128;0.129;6;0
ТамбЭнСб;60;20170503;140000;0.126;0.128;0.125;0.128;9;0
ТамбЭнСб;60;20170503;150000;0.126;0.1265;0.126;0.1265;3;0
ТамбЭнСб;60;20170503;160000;0.126;0.126;0.1255;0.1255;2;0
ТамбЭнСб;60;20170503;180000;0.1255;0.127;0.1205;0.1265;19;0
ТамбЭнСб;60;20170504;100000;0.125;0.125;0.12;0.1215;14;0
ТамбЭнСб;60;20170504;110000;0.12;0.1205;0.116;0.12;15;0
ТамбЭнСб;60;20170504;120000;0.1185;0.124;0.1185;0.1185;42;0
ТамбЭнСб;60;20170504;130000;0.1185;0.1185;0.118;0.118;20;0
ТамбЭнСб;60;20170504;170000;0.119;0.119;0.119;0.119;1;0
ТамбЭнСб;60;20170504;180000;0.119;0.123;0.119;0.123;2;0
ТамбЭнСб;60;20170505;140000;0.1195;0.1195;0.119;0.119;2;0
ТамбЭнСб;60;20170505;180000;0.122;0.122;0.122;0.122;1;0
ТамбЭнСб;60;20170510;100000;0.1195;0.1195;0.1195;0.1195;1;0
ТамбЭнСб;60;20170510;180000;0.1195;0.123;0.1195;0.123;2;0
ТамбЭнСб;60;20170511;100000;0.1225;0.1225;0.1225;0.1225;1;0
ТамбЭнСб;60;20170511;120000;0.121;0.1225;0.121;0.1225;3;0
ТамбЭнСб;60;20170511;130000;0.1225;0.123;0.1225;0.1225;10;0
ТамбЭнСб;60;20170511;140000;0.123;0.127;0.123;0.1245;34;0
ТамбЭнСб;60;20170511;150000;0.1265;0.1275;0.1265;0.1275;21;0
ТамбЭнСб;60;20170511;180000;0.1265;0.1265;0.1265;0.1265;1;0
ТамбЭнСб;60;20170512;120000;0.1315;0.1315;0.1315;0.1315;1;0
ТамбЭнСб;60;20170512;130000;0.126;0.126;0.1245;0.1245;2;0
ТамбЭнСб;60;20170512;160000;0.128;0.1315;0.128;0.1315;8;0
ТамбЭнСб;60;20170515;130000;0.124;0.124;0.124;0.124;1;0
ТамбЭнСб;60;20170515;180000;0.125;0.125;0.125;0.125;2;0
ТамбЭнСб;60;20170516;150000;0.126;0.126;0.126;0.126;1;0
ТамбЭнСб;60;20170516;180000;0.1255;0.1255;0.1255;0.1255;1;0
ТамбЭнСб;60;20170517;130000;0.1285;0.13;0.1285;0.13;3;0
ТамбЭнСб;60;20170517;180000;0.1225;0.1225;0.1215;0.1215;3;0
ТамбЭнСб;60;20170518;140000;0.1275;0.1275;0.1275;0.1275;1;0
ТамбЭнСб;60;20170518;170000;0.1215;0.1215;0.12;0.12;15;0
ТамбЭнСб;60;20170519;100000;0.1245;0.1245;0.1245;0.1245;1;0
ТамбЭнСб;60;20170519;130000;0.1185;0.124;0.1185;0.124;2;0
ТамбЭнСб;60;20170519;170000;0.118;0.118;0.118;0.118;1;0
ТамбЭнСб;60;20170519;180000;0.121;0.121;0.121;0.121;1;0
ТамбЭнСб;60;20170522;160000;0.121;0.121;0.121;0.121;1;0
ТамбЭнСб;60;20170522;170000;0.118;0.118;0.118;0.118;1;0
ТамбЭнСб;60;20170522;180000;0.118;0.118;0.118;0.118;1;0
ТамбЭнСб;60;20170523;130000;0.1205;0.1205;0.1205;0.1205;1;0
ТамбЭнСб;60;20170525;140000;0.1175;0.1215;0.11;0.1215;6;0
ТамбЭнСб;60;20170525;150000;0.1195;0.1195;0.1195;0.1195;3;0
ТамбЭнСб;60;20170525;180000;0.12;0.12;0.12;0.12;1;0
ТамбЭнСб;60;20170526;110000;0.1175;0.1175;0.115;0.115;2;0
ТамбЭнСб;60;20170526;140000;0.1205;0.1205;0.1205;0.1205;1;0
ТамбЭнСб;60;20170601;110000;0.121;0.121;0.1165;0.1165;3;0
ТамбЭнСб;60;20170601;120000;0.1185;0.1185;0.1185;0.1185;1;0
ТамбЭнСб;60;20170601;140000;0.1165;0.1195;0.116;0.1195;6;0
ТамбЭнСб;60;20170601;170000;0.1195;0.1195;0.1195;0.1195;1;0
ТамбЭнСб;60;20170602;130000;0.123;0.123;0.123;0.123;1;0
ТамбЭнСб;60;20170605;160000;0.1175;0.1175;0.1165;0.117;36;0
ТамбЭнСб;60;20170605;180000;0.1185;0.119;0.1155;0.119;6;0
ТамбЭнСб;60;20170606;110000;0.119;0.12;0.119;0.12;13;0
ТамбЭнСб;60;20170606;130000;0.12;0.12;0.12;0.12;8;0
ТамбЭнСб;60;20170606;150000;0.127;0.127;0.127;0.127;1;0
ТамбЭнСб;60;20170607;140000;0.119;0.121;0.119;0.121;2;0
ТамбЭнСб;60;20170607;150000;0.1215;0.1215;0.1215;0.1215;7;0
ТамбЭнСб;60;20170608;110000;0.1205;0.1205;0.1205;0.1205;1;0
ТамбЭнСб;60;20170608;120000;0.12;0.12;0.12;0.12;1;0
ТамбЭнСб;60;20170608;180000;0.12;0.12;0.12;0.12;3;0
ТамбЭнСб;60;20170609;180000;0.12;0.12;0.12;0.12;8;0
ТамбЭнСб;60;20170614;160000;0.129;0.129;0.129;0.129;2;0
ТамбЭнСб;60;20170615;120000;0.119;0.119;0.119;0.119;12;0
ТамбЭнСб;60;20170615;130000;0.117;0.117;0.117;0.117;1;0
ТамбЭнСб;60;20170615;150000;0.117;0.117;0.1;0.107;68;0
ТамбЭнСб;60;20170615;160000;0.114;0.114;0.109;0.109;2;0
ТамбЭнСб;60;20170619;110000;0.1055;0.1055;0.1055;0.1055;1;0
ТамбЭнСб;60;20170619;170000;0.109;0.109;0.109;0.109;1;0
ТамбЭнСб;60;20170621;110000;0.107;0.128;0.107;0.128;29;0
ТамбЭнСб;60;20170622;100000;0.11;0.131;0.1;0.1155;19;0
ТамбЭнСб;60;20170626;100000;0.1065;0.111;0.1055;0.111;21;0
ТамбЭнСб;60;20170626;120000;0.11;0.11;0.11;0.11;8;0
ТамбЭнСб;60;20170626;140000;0.113;0.113;0.113;0.113;1;0
ТамбЭнСб;60;20170626;180000;0.113;0.113;0.113;0.113;17;0
ТамбЭнСб;60;20170629;100000;0.106;0.1135;0.106;0.1135;8;0
ТамбЭнСб;60;20170704;160000;0.113;0.113;0.113;0.113;1;0
ТамбЭнСб;60;20170706;110000;0.1145;0.1145;0.1145;0.1145;4;0
ТамбЭнСб;60;20170707;100000;0.1225;0.137;0.1225;0.137;9;0
ТамбЭнСб;60;20170707;120000;0.126;0.1285;0.126;0.1285;4;0
ТамбЭнСб;60;20170707;170000;0.1205;0.1205;0.12;0.12;2;0
ТамбЭнСб;60;20170714;110000;0.121;0.121;0.121;0.121;10;0
ТамбЭнСб;60;20170718;180000;0.113;0.113;0.112;0.112;2;0
ТамбЭнСб;60;20170720;120000;0.112;0.112;0.112;0.112;4;0
ТамбЭнСб;60;20170726;170000;0.113;0.113;0.113;0.113;1;0
ТамбЭнСб;60;20170727;180000;0.112;0.112;0.1105;0.112;3;0
ТамбЭнСб;60;20170728;160000;0.125;0.14;0.125;0.139;60;0
ТамбЭнСб;60;20170728;170000;0.14;0.149;0.13;0.13;31;0
ТамбЭнСб;60;20170728;180000;0.1285;0.1375;0.128;0.1325;66;0
ТамбЭнСб;60;20170731;100000;0.135;0.149;0.135;0.14;68;0
ТамбЭнСб;60;20170731;120000;0.14;0.14;0.14;0.14;3;0
ТамбЭнСб;60;20170731;130000;0.14;0.14;0.14;0.14;2;0
ТамбЭнСб;60;20170731;160000;0.1395;0.1395;0.1395;0.1395;2;0
ТамбЭнСб;60;20170731;170000;0.14;0.1405;0.14;0.1405;3;0
ТамбЭнСб;60;20170801;100000;0.132;0.132;0.128;0.1295;33;0
ТамбЭнСб;60;20170801;110000;0.1295;0.136;0.1295;0.136;8;0
ТамбЭнСб;60;20170801;150000;0.136;0.136;0.136;0.136;1;0
ТамбЭнСб;60;20170801;180000;0.135;0.135;0.135;0.135;1;0
ТамбЭнСб;60;20170804;150000;0.123;0.123;0.1215;0.1215;3;0
ТамбЭнСб;60;20170804;180000;0.133;0.133;0.133;0.133;1;0
ТамбЭнСб;60;20170807;150000;0.1215;0.1215;0.1215;0.1215;2;0
ТамбЭнСб;60;20170807;180000;0.13;0.13;0.13;0.13;1;0
ТамбЭнСб;60;20170808;180000;0.12;0.126;0.12;0.126;18;0
ТамбЭнСб;60;20170811;180000;0.13;0.13;0.13;0.13;1;0
ТамбЭнСб;60;20170814;180000;0.13;0.13;0.13;0.13;1;0
ТамбЭнСб;60;20170815;150000;0.115;0.115;0.1135;0.1135;2;0
ТамбЭнСб;60;20170815;160000;0.1275;0.1275;0.1275;0.1275;1;0
ТамбЭнСб;60;20170815;170000;0.128;0.128;0.128;0.128;1;0
ТамбЭнСб;60;20170815;180000;0.1285;0.1295;0.1285;0.1295;3;0
ТамбЭнСб;60;20170822;110000;0.121;0.121;0.115;0.115;4;0
ТамбЭнСб;60;20170822;120000;0.122;0.122;0.122;0.122;1;0
ТамбЭнСб;60;20170822;130000;0.12;0.12;0.12;0.12;11;0
ТамбЭнСб;60;20170822;140000;0.127;0.1275;0.127;0.1275;2;0
ТамбЭнСб;60;20170823;150000;0.128;0.128;0.128;0.128;7;0
ТамбЭнСб;60;20170823;180000;0.126;0.126;0.124;0.124;13;0
ТамбЭнСб;60;20170825;130000;0.1225;0.1225;0.113;0.113;49;0
ТамбЭнСб;60;20170825;150000;0.122;0.122;0.122;0.122;1;0
ТамбЭнСб;60;20170825;170000;0.122;0.13;0.122;0.13;18;0
ТамбЭнСб;60;20170825;180000;0.133;0.168;0.133;0.1405;244;0
ТамбЭнСб;60;20170828;100000;0.1685;0.1685;0.1405;0.15;6;0
ТамбЭнСб;60;20170828;110000;0.1365;0.1545;0.1305;0.1305;20;0
ТамбЭнСб;60;20170828;120000;0.13;0.1445;0.1275;0.1445;23;0
ТамбЭнСб;60;20170828;140000;0.1425;0.1425;0.1425;0.1425;2;0
ТамбЭнСб;60;20170828;160000;0.1425;0.143;0.1425;0.1425;41;0
ТамбЭнСб;60;20170830;140000;0.1325;0.1325;0.132;0.132;2;0
ТамбЭнСб;60;20170830;150000;0.132;0.144;0.131;0.144;4;0
ТамбЭнСб;60;20170831;110000;0.131;0.131;0.1305;0.1305;2;0
ТамбЭнСб;60;20170831;150000;0.133;0.133;0.133;0.133;1;0
ТамбЭнСб;60;20170831;160000;0.133;0.1355;0.1315;0.1355;21;0
ТамбЭнСб;60;20170901;160000;0.1375;0.1375;0.1375;0.1375;2;0
ТамбЭнСб;60;20170901;180000;0.135;0.135;0.135;0.135;1;0
ТамбЭнСб;60;20170904;110000;0.129;0.129;0.123;0.123;9;0
ТамбЭнСб;60;20170904;160000;0.138;0.138;0.138;0.138;1;0
ТамбЭнСб;60;20170905;160000;0.127;0.127;0.126;0.126;2;0
ТамбЭнСб;60;20170906;120000;0.132;0.132;0.132;0.132;4;0
ТамбЭнСб;60;20170906;130000;0.132;0.132;0.132;0.132;3;0
ТамбЭнСб;60;20170906;140000;0.132;0.132;0.132;0.132;3;0
ТамбЭнСб;60;20170906;170000;0.136;0.136;0.136;0.136;1;0
ТамбЭнСб;60;20170907;110000;0.135;0.135;0.135;0.135;1;0
ТамбЭнСб;60;20170907;180000;0.134;0.134;0.132;0.132;8;0
ТамбЭнСб;60;20170908;110000;0.132;0.132;0.121;0.121;7;0
ТамбЭнСб;60;20170908;160000;0.128;0.128;0.128;0.128;7;0
ТамбЭнСб;60;20170911;100000;0.132;0.1345;0.132;0.132;13;0
ТамбЭнСб;60;20170911;110000;0.132;0.132;0.132;0.132;8;0
ТамбЭнСб;60;20170911;130000;0.138;0.138;0.138;0.138;1;0
ТамбЭнСб;60;20170913;140000;0.133;0.133;0.1305;0.1305;3;0
ТамбЭнСб;60;20170913;180000;0.1395;0.14;0.1395;0.14;3;0
ТамбЭнСб;60;20170914;100000;0.144;0.145;0.144;0.145;8;0
ТамбЭнСб;60;20170914;110000;0.142;0.142;0.14;0.14;11;0
ТамбЭнСб;60;20170914;120000;0.1315;0.1315;0.1315;0.1315;3;0
ТамбЭнСб;60;20170914;130000;0.138;0.1395;0.138;0.1395;2;0
ТамбЭнСб;60;20170915;100000;0.147;0.147;0.1295;0.1295;6;0
ТамбЭнСб;60;20170915;110000;0.14;0.1465;0.14;0.1465;5;0
ТамбЭнСб;60;20170915;120000;0.146;0.146;0.146;0.146;1;0
ТамбЭнСб;60;20170915;160000;0.146;0.165;0.146;0.153;45;0
ТамбЭнСб;60;20170915;170000;0.152;0.152;0.15;0.1505;11;0
ТамбЭнСб;60;20170915;180000;0.15;0.15;0.15;0.15;22;0
ТамбЭнСб;60;20170918;100000;0.146;0.1475;0.1445;0.147;17;0
ТамбЭнСб;60;20170918;110000;0.1475;0.1475;0.1475;0.1475;1;0
ТамбЭнСб;60;20170918;120000;0.146;0.146;0.144;0.144;5;0
ТамбЭнСб;60;20170919;100000;0.145;0.145;0.145;0.145;3;0
ТамбЭнСб;60;20170925;110000;0.1385;0.1385;0.1345;0.1345;8;0
ТамбЭнСб;60;20170925;140000;0.1435;0.1445;0.1435;0.1445;5;0
ТамбЭнСб;60;20170928;120000;0.141;0.144;0.141;0.144;5;0
ТамбЭнСб;60;20170929;130000;0.137;0.137;0.136;0.136;5;0
ТамбЭнСб;60;20170929;140000;0.1355;0.1385;0.1355;0.1385;2;0
ТамбЭнСб;60;20170929;160000;0.139;0.139;0.139;0.139;1;0
ТамбЭнСб;60;20170929;170000;0.136;0.1375;0.136;0.1375;2;0
ТамбЭнСб;60;20171002;100000;0.141;0.141;0.141;0.141;2;0
ТамбЭнСб;60;20171002;160000;0.1385;0.1385;0.1385;0.1385;1;0
ТамбЭнСб;60;20171002;180000;0.142;0.142;0.142;0.142;1;0
ТамбЭнСб;60;20171003;100000;0.1395;0.145;0.1395;0.1445;3;0
ТамбЭнСб;60;20171003;110000;0.1365;0.1365;0.1365;0.1365;1;0
ТамбЭнСб;60;20171003;140000;0.143;0.1435;0.143;0.1435;2;0
ТамбЭнСб;60;20171006;120000;0.146;0.147;0.146;0.147;2;0
ТамбЭнСб;60;20171006;130000;0.147;0.1505;0.147;0.1505;2;0
ТамбЭнСб;60;20171006;150000;0.147;0.147;0.147;0.147;26;0
ТамбЭнСб;60;20171006;160000;0.147;0.147;0.147;0.147;2;0
ТамбЭнСб;60;20171006;180000;0.147;0.147;0.147;0.147;4;0
ТамбЭнСб;60;20171009;140000;0.1515;0.1515;0.1515;0.1515;1;0
ТамбЭнСб;60;20171009;160000;0.1485;0.1485;0.1485;0.1485;1;0
ТамбЭнСб;60;20171010;120000;0.1495;0.1505;0.1495;0.1505;6;0
ТамбЭнСб;60;20171010;170000;0.15;0.15;0.15;0.15;60;0
ТамбЭнСб;60;20171012;100000;0.15;0.15;0.15;0.15;100;0
ТамбЭнСб;60;20171012;120000;0.156;0.156;0.156;0.156;1;0
ТамбЭнСб;60;20171012;130000;0.157;0.157;0.157;0.157;4;0
ТамбЭнСб;60;20171012;180000;0.1505;0.1505;0.141;0.141;12;0
ТамбЭнСб;60;20171013;100000;0.1565;0.1575;0.1565;0.1575;5;0
ТамбЭнСб;60;20171013;110000;0.145;0.145;0.142;0.142;2;0
ТамбЭнСб;60;20171013;120000;0.153;0.1535;0.153;0.1535;2;0
ТамбЭнСб;60;20171013;180000;0.147;0.147;0.147;0.147;1;0
ТамбЭнСб;60;20171016;100000;0.145;0.145;0.145;0.145;1;0
ТамбЭнСб;60;20171016;150000;0.15;0.1545;0.15;0.1545;10;0
ТамбЭнСб;60;20171020;120000;0.153;0.153;0.153;0.153;2;0
ТамбЭнСб;60;20171020;150000;0.1565;0.1595;0.15;0.15;17;0
ТамбЭнСб;60;20171020;160000;0.1485;0.1485;0.1485;0.1485;1;0
ТамбЭнСб;60;20171023;130000;0.162;0.162;0.162;0.162;4;0
ТамбЭнСб;60;20171023;160000;0.1615;0.162;0.1615;0.162;10;0
ТамбЭнСб;60;20171026;120000;0.142;0.1595;0.1395;0.154;9;0
ТамбЭнСб;60;20171101;130000;0.145;0.15;0.145;0.148;4;0
ТамбЭнСб;60;20171101;170000;0.147;0.147;0.14;0.14;18;0
ТамбЭнСб;60;20171101;180000;0.146;0.146;0.142;0.142;3;0
ТамбЭнСб;60;20171102;100000;0.1325;0.1445;0.132;0.1445;3;0
ТамбЭнСб;60;20171102;170000;0.1425;0.1485;0.1425;0.1485;4;0
ТамбЭнСб;60;20171103;140000;0.134;0.142;0.134;0.142;2;0
ТамбЭнСб;60;20171103;170000;0.14;0.14;0.14;0.14;13;0
ТамбЭнСб;60;20171103;180000;0.1435;0.1515;0.142;0.1515;20;0
ТамбЭнСб;60;20171113;180000;0.134;0.14;0.1075;0.137;36;0
ТамбЭнСб;60;20171114;180000;0.133;0.1335;0.133;0.1335;2;0
ТамбЭнСб;60;20171117;130000;0.1335;0.1335;0.1335;0.1335;2;0
ТамбЭнСб;60;20171117;140000;0.1325;0.1325;0.1325;0.1325;1;0
ТамбЭнСб;60;20171117;150000;0.1325;0.1325;0.1325;0.1325;1;0
ТамбЭнСб;60;20171117;170000;0.1325;0.1325;0.1325;0.1325;1;0
ТамбЭнСб;60;20171123;130000;0.1395;0.1395;0.135;0.135;11;0
ТамбЭнСб;60;20171123;150000;0.1345;0.1345;0.1345;0.1345;1;0
ТамбЭнСб;60;20171123;170000;0.134;0.134;0.134;0.134;2;0
ТамбЭнСб;60;20171124;100000;0.1355;0.1355;0.1355;0.1355;1;0
ТамбЭнСб;60;20171124;110000;0.1355;0.1355;0.1355;0.1355;1;0
ТамбЭнСб;60;20171124;160000;0.1345;0.1355;0.1345;0.1355;3;0
ТамбЭнСб;60;20171127;100000;0.148;0.1485;0.136;0.1445;28;0
ТамбЭнСб;60;20171127;110000;0.144;0.144;0.14;0.14;19;0
ТамбЭнСб;60;20171127;120000;0.1395;0.1395;0.1395;0.1395;1;0
ТамбЭнСб;60;20171127;180000;0.1405;0.141;0.1405;0.141;2;0
ТамбЭнСб;60;20171128;160000;0.14;0.14;0.14;0.14;1;0
ТамбЭнСб;60;20171129;110000;0.1395;0.1395;0.139;0.139;2;0
ТамбЭнСб;60;20171129;130000;0.1385;0.1385;0.138;0.138;4;0
ТамбЭнСб;60;20171129;150000;0.138;0.138;0.1355;0.1355;14;0
ТамбЭнСб;60;20171130;130000;0.137;0.137;0.137;0.137;3;0
ТамбЭнСб;60;20171130;140000;0.1355;0.1355;0.1355;0.1355;3;0
ТамбЭнСб;60;20171130;160000;0.135;0.135;0.1335;0.134;5;0
ТамбЭнСб;60;20171201;100000;0.135;0.135;0.135;0.135;1;0
ТамбЭнСб;60;20171201;180000;0.1335;0.1335;0.1335;0.1335;1;0
ТамбЭнСб;60;20171204;110000;0.133;0.133;0.131;0.131;6;0
ТамбЭнСб;60;20171204;130000;0.1305;0.1305;0.13;0.13;4;0
ТамбЭнСб;60;20171205;170000;0.1295;0.1295;0.126;0.126;10;0
ТамбЭнСб;60;20171205;180000;0.1255;0.1255;0.12;0.124;108;0
ТамбЭнСб;60;20171206;100000;0.1225;0.1225;0.1225;0.1225;2;0
ТамбЭнСб;60;20171206;140000;0.1225;0.1225;0.1225;0.1225;3;0
ТамбЭнСб;60;20171206;160000;0.1225;0.1245;0.1225;0.1245;10;0
ТамбЭнСб;60;20171208;100000;0.125;0.127;0.124;0.127;8;0
ТамбЭнСб;60;20171208;110000;0.127;0.127;0.1265;0.1265;2;0
ТамбЭнСб;60;20171208;120000;0.126;0.126;0.125;0.125;4;0
ТамбЭнСб;60;20171208;160000;0.1245;0.1245;0.124;0.124;2;0
ТамбЭнСб;60;20171208;170000;0.124;0.124;0.124;0.124;1;0
ТамбЭнСб;60;20171211;110000;0.1255;0.127;0.1255;0.127;40;0
ТамбЭнСб;60;20171212;100000;0.1275;0.1285;0.1275;0.128;4;0
ТамбЭнСб;60;20171212;110000;0.127;0.127;0.1265;0.1265;2;0
ТамбЭнСб;60;20171212;120000;0.128;0.1285;0.1265;0.1265;4;0
ТамбЭнСб;60;20171212;130000;0.126;0.126;0.126;0.126;2;0
ТамбЭнСб;60;20171213;120000;0.1275;0.1275;0.1275;0.1275;1;0
ТамбЭнСб;60;20171213;140000;0.126;0.126;0.126;0.126;1;0
ТамбЭнСб;60;20171213;170000;0.1255;0.1255;0.124;0.125;7;0
ТамбЭнСб;60;20171213;180000;0.126;0.126;0.126;0.126;1;0
ТамбЭнСб;60;20171214;140000;0.1265;0.127;0.1265;0.127;5;0
ТамбЭнСб;60;20171214;150000;0.1255;0.1255;0.125;0.125;9;0
ТамбЭнСб;60;20171214;180000;0.125;0.125;0.125;0.125;1;0
ТамбЭнСб;60;20171215;100000;0.1265;0.1265;0.125;0.125;8;0
ТамбЭнСб;60;20171215;110000;0.1265;0.1265;0.125;0.1265;14;0
ТамбЭнСб;60;20171218;150000;0.1265;0.1265;0.1265;0.1265;2;0
ТамбЭнСб;60;20171218;170000;0.126;0.126;0.126;0.126;1;0
ТамбЭнСб;60;20171218;180000;0.1255;0.1255;0.125;0.125;4;0
ТамбЭнСб;60;20171219;150000;0.125;0.125;0.125;0.125;1;0
ТамбЭнСб;60;20171220;130000;0.125;0.125;0.125;0.125;1;0
ТамбЭнСб;60;20171221;160000;0.126;0.126;0.126;0.126;1;0
ТамбЭнСб;60;20171222;140000;0.1245;0.1245;0.1245;0.1245;1;0
ТамбЭнСб;60;20171225;120000;0.125;0.125;0.125;0.125;1;0
ТамбЭнСб;60;20171225;150000;0.1255;0.1255;0.124;0.124;5;0
ТамбЭнСб;60;20171225;160000;0.1235;0.1235;0.122;0.123;6;0
ТамбЭнСб;60;20171225;170000;0.123;0.123;0.123;0.123;1;0
ТамбЭнСб;60;20171225;180000;0.1225;0.1225;0.1225;0.1225;1;0
ТамбЭнСб;60;20171226;100000;0.1215;0.1215;0.12;0.12;11;0
ТамбЭнСб;60;20171226;110000;0.1215;0.1225;0.1215;0.1215;7;0
ТамбЭнСб;60;20171226;150000;0.121;0.121;0.1205;0.1205;2;0
ТамбЭнСб;60;20171226;180000;0.12;0.1215;0.12;0.1215;3;0
ТамбЭнСб;60;20171227;100000;0.122;0.122;0.122;0.122;2;0
ТамбЭнСб;60;20171227;130000;0.1205;0.124;0.1205;0.124;6;0
ТамбЭнСб;60;20171229;170000;0.124;0.1365;0.124;0.135;39;0
ТамбЭнСб;60;20171229;180000;0.136;0.141;0.136;0.1395;26;0
