<TICKER>;<PER>;<DATE>;<TIME>;<OPEN>;<HIGH>;<LOW>;<CLOSE>;<VOL>;<OPENINT>
ТГК-2 ап;60;20170124;100000;0.00276;0.00288;0.00276;0.00288;2;0
ТГК-2 ап;60;20170124;110000;0.00283;0.00283;0.00277;0.00277;18;0
ТГК-2 ап;60;20170124;120000;0.00281;0.00281;0.0028;0.0028;11;0
ТГК-2 ап;60;20170124;130000;0.00283;0.00287;0.00283;0.00287;17;0
ТГК-2 ап;60;20170124;170000;0.00284;0.00285;0.00284;0.00285;5;0
ТГК-2 ап;60;20170124;180000;0.00285;0.00285;0.00285;0.00285;10;0
ТГК-2 ап;60;20170125;120000;0.00287;0.00289;0.00287;0.00289;16;0
ТГК-2 ап;60;20170125;130000;0.00282;0.00282;0.00282;0.00282;1;0
ТГК-2 ап;60;20170125;180000;0.00287;0.00287;0.00287;0.00287;1;0
ТГК-2 ап;60;20170126;100000;0.00286;0.00286;0.00286;0.00286;1;0
ТГК-2 ап;60;20170126;120000;0.00284;0.00287;0.00283;0.00287;16;0
ТГК-2 ап;60;20170126;150000;0.00283;0.00283;0.00282;0.00282;3;0
ТГК-2 ап;60;20170126;160000;0.00282;0.00282;0.0028;0.0028;8;0
ТГК-2 ап;60;20170126;170000;0.00286;0.00288;0.00286;0.00288;6;0
ТГК-2 ап;60;20170127;110000;0.0029;0.0029;0.00289;0.00289;16;0
ТГК-2 ап;60;20170127;120000;0.00289;0.00289;0.00289;0.00289;6;0
ТГК-2 ап;60;20170127;140000;0.00289;0.00289;0.00289;0.00289;2;0
ТГК-2 ап;60;20170127;150000;0.0029;0.00298;0.00289;0.00298;18;0
ТГК-2 ап;60;20170127;160000;0.00297;0.00297;0.00297;0.00297;82;0
ТГК-2 ап;60;20170127;170000;0.00299;0.00312;0.00297;0.00312;179;0
ТГК-2 ап;60;20170127;180000;0.0031;0.00314;0.00295;0.003;144;0
ТГК-2 ап;60;20170130;110000;0.00309;0.00315;0.00305;0.0031;10;0
ТГК-2 ап;60;20170130;120000;0.0031;0.0031;0.0031;0.0031;8;0
ТГК-2 ап;60;20170130;130000;0.0031;0.0031;0.0031;0.0031;5;0
ТГК-2 ап;60;20170130;150000;0.00308;0.00315;0.00308;0.00315;20;0
ТГК-2 ап;60;20170130;160000;0.00306;0.0031;0.00305;0.00305;4;0
ТГК-2 ап;60;20170130;170000;0.00305;0.00305;0.00305;0.00305;1;0
ТГК-2 ап;60;20170130;180000;0.00305;0.00305;0.00305;0.00305;5;0
ТГК-2 ап;60;20170131;120000;0.00309;0.00309;0.00309;0.00309;1;0
ТГК-2 ап;60;20170131;130000;0.00309;0.00311;0.00309;0.00311;5;0
ТГК-2 ап;60;20170131;160000;0.00302;0.00305;0.0029;0.0029;31;0
ТГК-2 ап;60;20170131;170000;0.00292;0.00292;0.00292;0.00292;1;0
ТГК-2 ап;60;20170131;180000;0.00294;0.00298;0.00293;0.00298;5;0
ТГК-2 ап;60;20170201;160000;0.00305;0.00306;0.00305;0.00306;2;0
ТГК-2 ап;60;20170201;170000;0.003;0.003;0.003;0.003;1;0
ТГК-2 ап;60;20170202;110000;0.00299;0.003;0.00299;0.003;2;0
ТГК-2 ап;60;20170202;160000;0.00296;0.00296;0.00294;0.00294;7;0
ТГК-2 ап;60;20170202;170000;0.00294;0.00294;0.00294;0.00294;5;0
ТГК-2 ап;60;20170203;100000;0.00286;0.00286;0.00286;0.00286;1;0
ТГК-2 ап;60;20170203;130000;0.00299;0.003;0.00299;0.003;2;0
ТГК-2 ап;60;20170203;140000;0.00291;0.00291;0.0029;0.0029;2;0
ТГК-2 ап;60;20170203;170000;0.00299;0.003;0.00295;0.00295;4;0
ТГК-2 ап;60;20170206;100000;0.00285;0.00291;0.00285;0.00285;139;0
ТГК-2 ап;60;20170206;110000;0.00286;0.00287;0.00286;0.00287;23;0
ТГК-2 ап;60;20170206;120000;0.00287;0.00287;0.00284;0.00284;14;0
ТГК-2 ап;60;20170206;140000;0.00289;0.00289;0.00289;0.00289;1;0
ТГК-2 ап;60;20170206;160000;0.00289;0.00289;0.00285;0.00285;13;0
ТГК-2 ап;60;20170206;170000;0.00285;0.00285;0.00285;0.00285;52;0
ТГК-2 ап;60;20170206;180000;0.00287;0.00287;0.00287;0.00287;1;0
ТГК-2 ап;60;20170207;100000;0.00285;0.00287;0.00285;0.00286;62;0
ТГК-2 ап;60;20170207;110000;0.00285;0.00287;0.00285;0.00287;41;0
ТГК-2 ап;60;20170207;120000;0.00283;0.00285;0.00281;0.00285;8;0
ТГК-2 ап;60;20170207;130000;0.00285;0.00285;0.00285;0.00285;2;0
ТГК-2 ап;60;20170207;140000;0.00285;0.00285;0.00285;0.00285;4;0
ТГК-2 ап;60;20170207;160000;0.00283;0.00283;0.00283;0.00283;1;0
ТГК-2 ап;60;20170207;180000;0.00283;0.00286;0.00283;0.00286;11;0
ТГК-2 ап;60;20170208;100000;0.00286;0.00288;0.00286;0.00288;118;0
ТГК-2 ап;60;20170208;110000;0.00286;0.00286;0.00286;0.00286;49;0
ТГК-2 ап;60;20170208;120000;0.00285;0.00286;0.00285;0.00286;6;0
ТГК-2 ап;60;20170208;130000;0.00281;0.00281;0.00281;0.00281;2;0
ТГК-2 ап;60;20170208;140000;0.00281;0.00281;0.00281;0.00281;1;0
ТГК-2 ап;60;20170208;150000;0.00284;0.00285;0.00284;0.00285;2;0
ТГК-2 ап;60;20170208;170000;0.00285;0.00285;0.00285;0.00285;5;0
ТГК-2 ап;60;20170209;110000;0.00285;0.00285;0.00285;0.00285;3;0
ТГК-2 ап;60;20170209;120000;0.00284;0.00284;0.00278;0.00278;3;0
ТГК-2 ап;60;20170209;160000;0.00282;0.00285;0.00282;0.00285;69;0
ТГК-2 ап;60;20170209;170000;0.00285;0.00286;0.00263;0.00286;101;0
ТГК-2 ап;60;20170210;180000;0.00281;0.00282;0.0028;0.00282;4;0
ТГК-2 ап;60;20170213;100000;0.0027;0.00279;0.0027;0.00279;3;0
ТГК-2 ап;60;20170213;130000;0.0028;0.0028;0.0028;0.0028;2;0
ТГК-2 ап;60;20170213;170000;0.00276;0.00276;0.00276;0.00276;1;0
ТГК-2 ап;60;20170213;180000;0.00276;0.00276;0.00276;0.00276;1;0
ТГК-2 ап;60;20170214;120000;0.00277;0.00277;0.00275;0.00275;7;0
ТГК-2 ап;60;20170214;130000;0.00286;0.00286;0.00285;0.00285;5;0
ТГК-2 ап;60;20170214;140000;0.0028;0.0028;0.0028;0.0028;1;0
ТГК-2 ап;60;20170214;160000;0.0028;0.0028;0.0028;0.0028;1;0
ТГК-2 ап;60;20170214;180000;0.00278;0.00278;0.00276;0.00276;5;0
ТГК-2 ап;60;20170216;150000;0.00284;0.00296;0.0028;0.0028;46;0
ТГК-2 ап;60;20170216;160000;0.00281;0.00287;0.0028;0.00287;5;0
ТГК-2 ап;60;20170216;170000;0.00285;0.00285;0.00281;0.00281;2;0
ТГК-2 ап;60;20170216;180000;0.00287;0.00287;0.00287;0.00287;1;0
ТГК-2 ап;60;20170217;100000;0.00289;0.00289;0.00289;0.00289;1;0
ТГК-2 ап;60;20170217;120000;0.00289;0.00289;0.00286;0.00286;2;0
ТГК-2 ап;60;20170217;140000;0.00286;0.00286;0.0028;0.0028;15;0
ТГК-2 ап;60;20170217;160000;0.00286;0.00286;0.00286;0.00286;1;0
ТГК-2 ап;60;20170217;180000;0.00277;0.00285;0.00277;0.00285;2;0
ТГК-2 ап;60;20170220;130000;0.00276;0.0028;0.00275;0.00275;3;0
ТГК-2 ап;60;20170220;180000;0.00283;0.00283;0.00283;0.00283;1;0
ТГК-2 ап;60;20170221;140000;0.00281;0.00281;0.00281;0.00281;2;0
ТГК-2 ап;60;20170221;170000;0.00281;0.00282;0.00281;0.00282;9;0
ТГК-2 ап;60;20170222;150000;0.00274;0.00275;0.00274;0.00275;3;0
ТГК-2 ап;60;20170222;160000;0.00275;0.00275;0.00275;0.00275;5;0
ТГК-2 ап;60;20170222;170000;0.00273;0.00273;0.00271;0.00271;4;0
ТГК-2 ап;60;20170224;110000;0.00278;0.00279;0.00278;0.00279;3;0
ТГК-2 ап;60;20170224;160000;0.00271;0.00271;0.00271;0.00271;2;0
ТГК-2 ап;60;20170224;170000;0.00266;0.0027;0.0026;0.0027;17;0
ТГК-2 ап;60;20170227;100000;0.00272;0.00272;0.00272;0.00272;4;0
ТГК-2 ап;60;20170227;120000;0.00275;0.00275;0.00275;0.00275;1;0
ТГК-2 ап;60;20170227;140000;0.00268;0.00268;0.00255;0.00261;51;0
ТГК-2 ап;60;20170227;150000;0.00261;0.00261;0.00255;0.00255;13;0
ТГК-2 ап;60;20170227;160000;0.00257;0.00257;0.00257;0.00257;10;0
ТГК-2 ап;60;20170227;170000;0.00264;0.00264;0.00264;0.00264;7;0
ТГК-2 ап;60;20170228;100000;0.00255;0.00255;0.00252;0.00252;14;0
ТГК-2 ап;60;20170228;110000;0.00255;0.00255;0.00255;0.00255;5;0
ТГК-2 ап;60;20170228;120000;0.0026;0.0026;0.00254;0.00255;5;0
ТГК-2 ап;60;20170228;150000;0.00255;0.00255;0.00251;0.00251;8;0
ТГК-2 ап;60;20170228;160000;0.00251;0.00253;0.00247;0.00253;22;0
ТГК-2 ап;60;20170228;180000;0.0025;0.00254;0.0025;0.00253;11;0
ТГК-2 ап;60;20170301;100000;0.00259;0.00259;0.00255;0.00255;5;0
ТГК-2 ап;60;20170301;120000;0.00255;0.00259;0.00255;0.00259;32;0
ТГК-2 ап;60;20170301;140000;0.00258;0.00258;0.00258;0.00258;2;0
ТГК-2 ап;60;20170301;150000;0.0026;0.00261;0.00257;0.00257;7;0
ТГК-2 ап;60;20170301;160000;0.00257;0.00257;0.00257;0.00257;28;0
ТГК-2 ап;60;20170301;170000;0.00261;0.00263;0.00261;0.00263;2;0
ТГК-2 ап;60;20170301;180000;0.00258;0.00258;0.00256;0.00256;6;0
ТГК-2 ап;60;20170302;100000;0.00255;0.00255;0.00254;0.00254;35;0
ТГК-2 ап;60;20170302;110000;0.00254;0.00254;0.00254;0.00254;2;0
ТГК-2 ап;60;20170302;120000;0.00251;0.00253;0.00251;0.00253;11;0
ТГК-2 ап;60;20170302;140000;0.0025;0.00254;0.00241;0.00254;37;0
ТГК-2 ап;60;20170302;150000;0.00252;0.00252;0.00252;0.00252;2;0
ТГК-2 ап;60;20170302;160000;0.00252;0.00253;0.00252;0.00253;4;0
ТГК-2 ап;60;20170302;170000;0.00253;0.00253;0.00253;0.00253;1;0
ТГК-2 ап;60;20170303;110000;0.00249;0.0025;0.00249;0.0025;2;0
ТГК-2 ап;60;20170303;120000;0.0025;0.0025;0.00245;0.00245;12;0
ТГК-2 ап;60;20170303;130000;0.00244;0.00244;0.00244;0.00244;8;0
ТГК-2 ап;60;20170303;140000;0.00249;0.00249;0.00249;0.00249;2;0
ТГК-2 ап;60;20170303;150000;0.0025;0.0025;0.0025;0.0025;5;0
ТГК-2 ап;60;20170303;160000;0.00247;0.00247;0.00246;0.00246;5;0
ТГК-2 ап;60;20170303;170000;0.00249;0.00249;0.00249;0.00249;2;0
ТГК-2 ап;60;20170303;180000;0.0025;0.0025;0.0025;0.0025;2;0
ТГК-2 ап;60;20170306;100000;0.00254;0.00254;0.0025;0.0025;7;0
ТГК-2 ап;60;20170306;120000;0.0025;0.0025;0.0025;0.0025;4;0
ТГК-2 ап;60;20170306;130000;0.00253;0.00253;0.00253;0.00253;2;0
ТГК-2 ап;60;20170307;100000;0.00253;0.00253;0.00253;0.00253;4;0
ТГК-2 ап;60;20170307;120000;0.00249;0.00249;0.00248;0.00248;3;0
ТГК-2 ап;60;20170307;130000;0.00246;0.00246;0.00233;0.00245;23;0
ТГК-2 ап;60;20170307;140000;0.00249;0.0025;0.00249;0.0025;12;0
ТГК-2 ап;60;20170309;100000;0.00248;0.00248;0.00248;0.00248;6;0
ТГК-2 ап;60;20170309;110000;0.00244;0.00245;0.00243;0.00243;4;0
ТГК-2 ап;60;20170309;120000;0.00241;0.00241;0.00231;0.00231;29;0
ТГК-2 ап;60;20170309;130000;0.00239;0.0024;0.00239;0.0024;9;0
ТГК-2 ап;60;20170309;140000;0.00232;0.00232;0.00228;0.0023;26;0
ТГК-2 ап;60;20170309;160000;0.00231;0.00231;0.00219;0.00219;149;0
ТГК-2 ап;60;20170309;170000;0.0022;0.0022;0.00216;0.00219;15;0
ТГК-2 ап;60;20170309;180000;0.00218;0.0022;0.00218;0.0022;30;0
ТГК-2 ап;60;20170310;100000;0.00218;0.00218;0.00218;0.00218;2;0
ТГК-2 ап;60;20170310;110000;0.00219;0.00219;0.00219;0.00219;10;0
ТГК-2 ап;60;20170310;120000;0.00218;0.0022;0.00218;0.0022;18;0
ТГК-2 ап;60;20170310;130000;0.0022;0.0022;0.0022;0.0022;3;0
ТГК-2 ап;60;20170310;140000;0.00219;0.0022;0.00219;0.0022;18;0
ТГК-2 ап;60;20170310;150000;0.0022;0.0022;0.0022;0.0022;7;0
ТГК-2 ап;60;20170310;160000;0.0022;0.0022;0.0022;0.0022;35;0
ТГК-2 ап;60;20170310;170000;0.0022;0.00231;0.0022;0.00228;136;0
ТГК-2 ап;60;20170310;180000;0.00227;0.00228;0.00225;0.00225;68;0
ТГК-2 ап;60;20170313;110000;0.00229;0.00229;0.00228;0.00229;29;0
ТГК-2 ап;60;20170313;120000;0.0023;0.0024;0.00226;0.00226;40;0
ТГК-2 ап;60;20170313;130000;0.00235;0.0024;0.00235;0.0024;2;0
ТГК-2 ап;60;20170313;150000;0.00228;0.00235;0.00228;0.00235;2;0
ТГК-2 ап;60;20170313;170000;0.00235;0.00244;0.00235;0.00244;8;0
ТГК-2 ап;60;20170313;180000;0.00242;0.00242;0.00242;0.00242;1;0
ТГК-2 ап;60;20170314;100000;0.00237;0.00237;0.00237;0.00237;2;0
ТГК-2 ап;60;20170314;120000;0.00227;0.00235;0.00226;0.00235;3;0
ТГК-2 ап;60;20170314;130000;0.00239;0.00239;0.00239;0.00239;1;0
ТГК-2 ап;60;20170314;140000;0.0024;0.00243;0.0024;0.00243;5;0
ТГК-2 ап;60;20170314;160000;0.00231;0.00235;0.00224;0.0023;77;0
ТГК-2 ап;60;20170314;180000;0.00229;0.00236;0.00229;0.00236;3;0
ТГК-2 ап;60;20170315;120000;0.00227;0.00227;0.00227;0.00227;1;0
ТГК-2 ап;60;20170315;160000;0.00232;0.00232;0.00232;0.00232;2;0
ТГК-2 ап;60;20170316;100000;0.00233;0.00233;0.00233;0.00233;2;0
ТГК-2 ап;60;20170316;140000;0.0023;0.0023;0.0023;0.0023;1;0
ТГК-2 ап;60;20170316;150000;0.00232;0.00233;0.00232;0.00233;34;0
ТГК-2 ап;60;20170316;160000;0.00227;0.00227;0.00227;0.00227;1;0
ТГК-2 ап;60;20170316;170000;0.00234;0.00234;0.00234;0.00234;4;0
ТГК-2 ап;60;20170317;100000;0.00236;0.00236;0.00235;0.00235;4;0
ТГК-2 ап;60;20170317;110000;0.00234;0.00235;0.00234;0.00235;5;0
ТГК-2 ап;60;20170317;130000;0.00235;0.00235;0.00227;0.00227;2;0
ТГК-2 ап;60;20170317;150000;0.00235;0.00235;0.00235;0.00235;1;0
ТГК-2 ап;60;20170317;160000;0.0024;0.0024;0.0024;0.0024;2;0
ТГК-2 ап;60;20170317;180000;0.00232;0.00232;0.00232;0.00232;11;0
ТГК-2 ап;60;20170320;120000;0.00238;0.00238;0.00238;0.00238;1;0
ТГК-2 ап;60;20170321;100000;0.00236;0.00241;0.00236;0.00241;24;0
ТГК-2 ап;60;20170321;110000;0.00246;0.00246;0.00245;0.00246;14;0
ТГК-2 ап;60;20170321;170000;0.00237;0.00237;0.00236;0.00236;8;0
ТГК-2 ап;60;20170322;100000;0.00246;0.00246;0.00246;0.00246;1;0
ТГК-2 ап;60;20170322;110000;0.0023;0.00239;0.0023;0.00239;3;0
ТГК-2 ап;60;20170322;140000;0.00235;0.00235;0.00226;0.00226;15;0
ТГК-2 ап;60;20170322;170000;0.00235;0.00236;0.00235;0.00236;2;0
ТГК-2 ап;60;20170322;180000;0.00235;0.00235;0.00235;0.00235;1;0
ТГК-2 ап;60;20170323;100000;0.00245;0.00245;0.0024;0.00245;21;0
ТГК-2 ап;60;20170323;150000;0.00233;0.00233;0.00233;0.00233;2;0
ТГК-2 ап;60;20170323;180000;0.0024;0.0024;0.0024;0.0024;1;0
ТГК-2 ап;60;20170324;120000;0.00238;0.00238;0.00238;0.00238;1;0
ТГК-2 ап;60;20170324;160000;0.00239;0.0024;0.00239;0.0024;32;0
ТГК-2 ап;60;20170327;100000;0.00231;0.00231;0.0023;0.0023;10;0
ТГК-2 ап;60;20170327;110000;0.00235;0.00235;0.00231;0.00231;13;0
ТГК-2 ап;60;20170327;120000;0.0023;0.00234;0.00213;0.00234;13;0
ТГК-2 ап;60;20170327;170000;0.00235;0.00235;0.00235;0.00235;2;0
ТГК-2 ап;60;20170328;120000;0.00234;0.00234;0.00224;0.0023;15;0
ТГК-2 ап;60;20170328;130000;0.00235;0.00235;0.00235;0.00235;6;0
ТГК-2 ап;60;20170329;160000;0.00241;0.00241;0.00241;0.00241;2;0
ТГК-2 ап;60;20170329;180000;0.0024;0.00242;0.0024;0.00242;2;0
ТГК-2 ап;60;20170330;100000;0.00247;0.00247;0.00247;0.00247;1;0
ТГК-2 ап;60;20170330;140000;0.00244;0.00249;0.00244;0.00248;67;0
ТГК-2 ап;60;20170330;150000;0.0025;0.00253;0.00245;0.0025;12;0
ТГК-2 ап;60;20170330;170000;0.00251;0.00253;0.00251;0.00251;13;0
ТГК-2 ап;60;20170330;180000;0.0025;0.00259;0.00248;0.00259;138;0
ТГК-2 ап;60;20170331;100000;0.00265;0.00265;0.0026;0.0026;3;0
ТГК-2 ап;60;20170331;110000;0.00255;0.00255;0.00255;0.00255;1;0
ТГК-2 ап;60;20170331;120000;0.0026;0.0026;0.0026;0.0026;1;0
ТГК-2 ап;60;20170331;130000;0.00255;0.00255;0.00255;0.00255;1;0
ТГК-2 ап;60;20170331;140000;0.0026;0.00262;0.0026;0.00262;7;0
ТГК-2 ап;60;20170331;170000;0.00256;0.00256;0.00247;0.0025;119;0
ТГК-2 ап;60;20170331;180000;0.00247;0.00252;0.00245;0.00252;54;0
ТГК-2 ап;60;20170403;110000;0.00255;0.00255;0.00255;0.00255;1;0
ТГК-2 ап;60;20170403;160000;0.00245;0.00245;0.00244;0.00244;2;0
ТГК-2 ап;60;20170403;170000;0.00243;0.00243;0.0024;0.0024;2;0
ТГК-2 ап;60;20170403;180000;0.00244;0.00244;0.00244;0.00244;1;0
ТГК-2 ап;60;20170405;100000;0.00258;0.00258;0.00258;0.00258;1;0
ТГК-2 ап;60;20170405;110000;0.0025;0.0025;0.0025;0.0025;6;0
ТГК-2 ап;60;20170405;140000;0.00249;0.00249;0.00249;0.00249;1;0
ТГК-2 ап;60;20170405;170000;0.00249;0.00249;0.00249;0.00249;1;0
ТГК-2 ап;60;20170406;100000;0.00235;0.00245;0.00216;0.00245;11;0
ТГК-2 ап;60;20170406;140000;0.0024;0.0024;0.0024;0.0024;1;0
ТГК-2 ап;60;20170406;160000;0.00251;0.00251;0.00251;0.00251;1;0
ТГК-2 ап;60;20170407;100000;0.0025;0.0025;0.0025;0.0025;1;0
ТГК-2 ап;60;20170407;110000;0.00244;0.00245;0.00244;0.00245;2;0
ТГК-2 ап;60;20170407;120000;0.00245;0.00245;0.00245;0.00245;2;0
ТГК-2 ап;60;20170407;140000;0.00246;0.00246;0.00246;0.00246;2;0
ТГК-2 ап;60;20170407;160000;0.00245;0.00245;0.0024;0.0024;3;0
ТГК-2 ап;60;20170410;100000;0.00224;0.00224;0.00223;0.00223;2;0
ТГК-2 ап;60;20170410;110000;0.00235;0.00235;0.0023;0.0023;2;0
ТГК-2 ап;60;20170410;120000;0.00228;0.00228;0.00226;0.00226;6;0
ТГК-2 ап;60;20170411;140000;0.00238;0.00238;0.00234;0.00235;4;0
ТГК-2 ап;60;20170411;160000;0.0023;0.0023;0.0023;0.0023;12;0
ТГК-2 ап;60;20170411;180000;0.00227;0.00227;0.00227;0.00227;9;0
ТГК-2 ап;60;20170412;150000;0.00232;0.00232;0.00232;0.00232;1;0
ТГК-2 ап;60;20170413;100000;0.00227;0.00227;0.00227;0.00227;1;0
ТГК-2 ап;60;20170413;120000;0.00227;0.00227;0.00227;0.00227;1;0
ТГК-2 ап;60;20170413;130000;0.00227;0.00227;0.00227;0.00227;1;0
ТГК-2 ап;60;20170413;160000;0.00226;0.00226;0.00226;0.00226;1;0
ТГК-2 ап;60;20170413;170000;0.00218;0.00229;0.00218;0.00229;5;0
ТГК-2 ап;60;20170413;180000;0.00232;0.00233;0.0023;0.00233;3;0
ТГК-2 ап;60;20170414;150000;0.00241;0.00241;0.00241;0.00241;4;0
ТГК-2 ап;60;20170417;100000;0.00224;0.00224;0.00224;0.00224;1;0
ТГК-2 ап;60;20170417;110000;0.00227;0.00227;0.00227;0.00227;2;0
ТГК-2 ап;60;20170417;120000;0.00233;0.00233;0.00233;0.00233;25;0
ТГК-2 ап;60;20170417;170000;0.00231;0.00241;0.00231;0.00235;7;0
ТГК-2 ап;60;20170418;130000;0.0023;0.0023;0.0023;0.0023;1;0
ТГК-2 ап;60;20170418;180000;0.0023;0.0023;0.0023;0.0023;1;0
ТГК-2 ап;60;20170420;100000;0.00226;0.00226;0.00226;0.00226;2;0
ТГК-2 ап;60;20170420;160000;0.00222;0.00222;0.0022;0.0022;16;0
ТГК-2 ап;60;20170420;170000;0.00219;0.00222;0.00208;0.0022;56;0
ТГК-2 ап;60;20170420;180000;0.00226;0.00226;0.00226;0.00226;7;0
ТГК-2 ап;60;20170421;170000;0.0022;0.0022;0.00217;0.00217;5;0
ТГК-2 ап;60;20170421;180000;0.00224;0.00224;0.00224;0.00224;4;0
ТГК-2 ап;60;20170424;150000;0.0022;0.0022;0.0022;0.0022;8;0
ТГК-2 ап;60;20170424;160000;0.00219;0.00219;0.00215;0.00219;56;0
ТГК-2 ап;60;20170424;180000;0.00223;0.0023;0.0022;0.00228;73;0
ТГК-2 ап;60;20170425;100000;0.00231;0.00231;0.00231;0.00231;2;0
ТГК-2 ап;60;20170425;110000;0.00235;0.00235;0.00234;0.00234;6;0
ТГК-2 ап;60;20170425;140000;0.00232;0.00233;0.00232;0.00233;2;0
ТГК-2 ап;60;20170425;150000;0.00234;0.00235;0.00234;0.00235;12;0
ТГК-2 ап;60;20170425;160000;0.00235;0.00235;0.00235;0.00235;1;0
ТГК-2 ап;60;20170425;170000;0.00235;0.00235;0.00235;0.00235;1;0
ТГК-2 ап;60;20170425;180000;0.00238;0.00238;0.00238;0.00238;1;0
ТГК-2 ап;60;20170426;100000;0.00249;0.00249;0.0024;0.0024;2;0
ТГК-2 ап;60;20170426;110000;0.00242;0.00242;0.0024;0.0024;6;0
ТГК-2 ап;60;20170426;180000;0.0024;0.0024;0.0024;0.0024;1;0
ТГК-2 ап;60;20170428;120000;0.00223;0.00235;0.00221;0.0023;8;0
ТГК-2 ап;60;20170428;130000;0.00233;0.00233;0.00226;0.00226;4;0
ТГК-2 ап;60;20170428;160000;0.00235;0.00247;0.00231;0.00231;13;0
ТГК-2 ап;60;20170428;180000;0.00239;0.00248;0.00239;0.00248;4;0
ТГК-2 ап;60;20170502;140000;0.00228;0.0024;0.0021;0.0024;19;0
ТГК-2 ап;60;20170502;150000;0.00239;0.00241;0.0023;0.0023;11;0
ТГК-2 ап;60;20170502;170000;0.00237;0.00239;0.00237;0.00239;4;0
ТГК-2 ап;60;20170503;140000;0.00227;0.00235;0.00226;0.0023;8;0
ТГК-2 ап;60;20170503;170000;0.00228;0.00235;0.00228;0.00235;7;0
ТГК-2 ап;60;20170503;180000;0.00228;0.00228;0.00228;0.00228;10;0
ТГК-2 ап;60;20170504;100000;0.00225;0.00225;0.00224;0.00224;10;0
ТГК-2 ап;60;20170504;140000;0.00229;0.00229;0.00229;0.00229;8;0
ТГК-2 ап;60;20170504;150000;0.00227;0.00227;0.0022;0.0022;47;0
ТГК-2 ап;60;20170504;180000;0.00225;0.00225;0.00225;0.00225;8;0
ТГК-2 ап;60;20170505;110000;0.0022;0.0022;0.00216;0.00216;6;0
ТГК-2 ап;60;20170505;180000;0.00227;0.00227;0.00227;0.00227;1;0
ТГК-2 ап;60;20170510;090000;0.00227;0.00227;0.00227;0.00227;1;0
ТГК-2 ап;60;20170510;140000;0.00225;0.00225;0.00225;0.00225;1;0
ТГК-2 ап;60;20170510;160000;0.00225;0.00225;0.00225;0.00225;1;0
ТГК-2 ап;60;20170510;170000;0.00222;0.00222;0.0022;0.0022;7;0
ТГК-2 ап;60;20170510;180000;0.00223;0.00225;0.00223;0.00225;4;0
ТГК-2 ап;60;20170511;130000;0.00222;0.00222;0.00222;0.00222;1;0
ТГК-2 ап;60;20170511;170000;0.0022;0.0022;0.0022;0.0022;1;0
ТГК-2 ап;60;20170511;180000;0.00222;0.00226;0.00222;0.00226;3;0
ТГК-2 ап;60;20170512;100000;0.00228;0.00228;0.00228;0.00228;1;0
ТГК-2 ап;60;20170512;170000;0.00227;0.00227;0.00227;0.00227;1;0
ТГК-2 ап;60;20170512;180000;0.00224;0.00224;0.00224;0.00224;1;0
ТГК-2 ап;60;20170515;110000;0.00219;0.00225;0.00219;0.0022;8;0
ТГК-2 ап;60;20170515;120000;0.0022;0.0022;0.00218;0.00218;12;0
ТГК-2 ап;60;20170515;140000;0.00224;0.00224;0.00224;0.00224;1;0
ТГК-2 ап;60;20170516;110000;0.00218;0.00218;0.00217;0.00217;9;0
ТГК-2 ап;60;20170516;160000;0.00217;0.00217;0.00217;0.00217;1;0
ТГК-2 ап;60;20170516;180000;0.00222;0.00222;0.00222;0.00222;1;0
ТГК-2 ап;60;20170517;100000;0.00217;0.00217;0.00217;0.00217;2;0
ТГК-2 ап;60;20170517;180000;0.00217;0.00219;0.00217;0.00219;13;0
ТГК-2 ап;60;20170518;100000;0.00219;0.00222;0.00219;0.00222;22;0
ТГК-2 ап;60;20170518;130000;0.00217;0.00217;0.00216;0.00216;13;0
ТГК-2 ап;60;20170518;160000;0.00216;0.00216;0.00215;0.00215;9;0
ТГК-2 ап;60;20170518;170000;0.00217;0.00217;0.00217;0.00217;5;0
ТГК-2 ап;60;20170518;180000;0.00225;0.00225;0.00225;0.00225;1;0
ТГК-2 ап;60;20170519;100000;0.00219;0.0022;0.00219;0.0022;26;0
ТГК-2 ап;60;20170519;140000;0.00222;0.00224;0.00216;0.00224;33;0
ТГК-2 ап;60;20170519;150000;0.00219;0.00219;0.00219;0.00219;1;0
ТГК-2 ап;60;20170519;170000;0.00219;0.00219;0.00219;0.00219;1;0
ТГК-2 ап;60;20170519;180000;0.00226;0.00227;0.00219;0.00219;9;0
ТГК-2 ап;60;20170522;110000;0.00219;0.00228;0.00217;0.00217;9;0
ТГК-2 ап;60;20170522;140000;0.00224;0.00227;0.0022;0.0022;9;0
ТГК-2 ап;60;20170522;170000;0.0022;0.00228;0.00217;0.00228;31;0
ТГК-2 ап;60;20170522;180000;0.00223;0.00223;0.00219;0.00219;3;0
ТГК-2 ап;60;20170523;100000;0.00222;0.00222;0.00222;0.00222;11;0
ТГК-2 ап;60;20170523;110000;0.00218;0.00218;0.00215;0.00216;40;0
ТГК-2 ап;60;20170523;140000;0.00216;0.00216;0.00216;0.00216;2;0
ТГК-2 ап;60;20170523;170000;0.00221;0.00225;0.00221;0.00225;45;0
ТГК-2 ап;60;20170523;180000;0.00222;0.00222;0.00222;0.00222;1;0
ТГК-2 ап;60;20170524;100000;0.00227;0.00239;0.00226;0.0023;15;0
ТГК-2 ап;60;20170524;110000;0.00234;0.00234;0.00234;0.00234;4;0
ТГК-2 ап;60;20170524;130000;0.00226;0.00226;0.00226;0.00226;11;0
ТГК-2 ап;60;20170524;140000;0.00225;0.00225;0.00225;0.00225;2;0
ТГК-2 ап;60;20170524;150000;0.00222;0.00222;0.00222;0.00222;3;0
ТГК-2 ап;60;20170524;180000;0.00224;0.00224;0.00224;0.00224;4;0
ТГК-2 ап;60;20170525;100000;0.00221;0.00221;0.00221;0.00221;1;0
ТГК-2 ап;60;20170525;140000;0.00223;0.00223;0.00221;0.00221;5;0
ТГК-2 ап;60;20170525;170000;0.00225;0.00225;0.00224;0.00225;24;0
ТГК-2 ап;60;20170525;180000;0.00223;0.00223;0.00223;0.00223;2;0
ТГК-2 ап;60;20170526;100000;0.00227;0.00227;0.00222;0.00226;7;0
ТГК-2 ап;60;20170526;110000;0.00224;0.00224;0.00221;0.00221;3;0
ТГК-2 ап;60;20170526;120000;0.00221;0.00221;0.00221;0.00221;5;0
ТГК-2 ап;60;20170526;130000;0.00221;0.00223;0.00218;0.00223;16;0
ТГК-2 ап;60;20170526;140000;0.00223;0.00223;0.00223;0.00223;2;0
ТГК-2 ап;60;20170526;150000;0.00224;0.00225;0.00224;0.00225;10;0
ТГК-2 ап;60;20170526;160000;0.00223;0.00223;0.00223;0.00223;1;0
ТГК-2 ап;60;20170526;170000;0.00223;0.00223;0.00223;0.00223;1;0
ТГК-2 ап;60;20170526;180000;0.00224;0.00225;0.00224;0.00225;18;0
ТГК-2 ап;60;20170529;100000;0.00226;0.00226;0.00226;0.00226;2;0
ТГК-2 ап;60;20170529;110000;0.00226;0.00226;0.00226;0.00226;1;0
ТГК-2 ап;60;20170529;150000;0.0023;0.0023;0.0023;0.0023;8;0
ТГК-2 ап;60;20170529;160000;0.00231;0.00231;0.0023;0.0023;10;0
ТГК-2 ап;60;20170529;170000;0.0023;0.0023;0.0023;0.0023;20;0
ТГК-2 ап;60;20170529;180000;0.0023;0.0023;0.0023;0.0023;12;0
ТГК-2 ап;60;20170530;110000;0.00226;0.00226;0.00226;0.00226;1;0
ТГК-2 ап;60;20170530;120000;0.00226;0.00226;0.0022;0.00226;22;0
ТГК-2 ап;60;20170530;140000;0.00225;0.00225;0.00224;0.00224;3;0
ТГК-2 ап;60;20170531;100000;0.00225;0.00225;0.00225;0.00225;19;0
ТГК-2 ап;60;20170531;130000;0.00225;0.00225;0.00225;0.00225;11;0
ТГК-2 ап;60;20170531;150000;0.00223;0.00225;0.00217;0.00217;40;0
ТГК-2 ап;60;20170531;180000;0.00223;0.00223;0.00223;0.00223;1;0
ТГК-2 ап;60;20170601;150000;0.00222;0.00223;0.00222;0.00223;7;0
ТГК-2 ап;60;20170601;160000;0.00223;0.00223;0.00223;0.00223;1;0
ТГК-2 ап;60;20170602;110000;0.00222;0.00222;0.00222;0.00222;1;0
ТГК-2 ап;60;20170602;120000;0.00222;0.00222;0.00222;0.00222;34;0
ТГК-2 ап;60;20170602;150000;0.0022;0.0022;0.0022;0.0022;1;0
ТГК-2 ап;60;20170602;160000;0.0022;0.0022;0.0022;0.0022;7;0
ТГК-2 ап;60;20170602;180000;0.00216;0.00216;0.00216;0.00216;3;0
ТГК-2 ап;60;20170605;110000;0.00223;0.00223;0.00223;0.00223;1;0
ТГК-2 ап;60;20170605;130000;0.00222;0.00223;0.00222;0.00223;2;0
ТГК-2 ап;60;20170605;170000;0.00225;0.00225;0.00225;0.00225;80;0
ТГК-2 ап;60;20170605;180000;0.00225;0.00235;0.00225;0.00235;3;0
ТГК-2 ап;60;20170606;120000;0.00229;0.00229;0.00229;0.00229;20;0
ТГК-2 ап;60;20170606;130000;0.0023;0.0023;0.00229;0.00229;8;0
ТГК-2 ап;60;20170606;140000;0.00233;0.00233;0.0023;0.0023;2;0
ТГК-2 ап;60;20170606;160000;0.00233;0.00233;0.00233;0.00233;1;0
ТГК-2 ап;60;20170606;180000;0.00229;0.00229;0.00229;0.00229;2;0
ТГК-2 ап;60;20170607;120000;0.00226;0.00226;0.00216;0.00216;4;0
ТГК-2 ап;60;20170607;180000;0.00225;0.00233;0.00225;0.00233;2;0
ТГК-2 ап;60;20170608;140000;0.00225;0.00225;0.00225;0.00225;1;0
ТГК-2 ап;60;20170609;100000;0.00234;0.00234;0.00229;0.00233;6;0
ТГК-2 ап;60;20170609;140000;0.00236;0.00247;0.00235;0.00247;38;0
ТГК-2 ап;60;20170609;150000;0.00248;0.00249;0.00241;0.00241;10;0
ТГК-2 ап;60;20170609;180000;0.00247;0.00247;0.00247;0.00247;2;0
ТГК-2 ап;60;20170613;100000;0.00253;0.0027;0.0024;0.00263;29;0
ТГК-2 ап;60;20170613;110000;0.00268;0.0027;0.00258;0.00259;25;0
ТГК-2 ап;60;20170613;120000;0.00274;0.00274;0.00261;0.0027;8;0
ТГК-2 ап;60;20170613;130000;0.0027;0.0027;0.00265;0.0027;3;0
ТГК-2 ап;60;20170613;140000;0.00265;0.00265;0.00265;0.00265;1;0
ТГК-2 ап;60;20170613;150000;0.00265;0.00265;0.0026;0.0026;5;0
ТГК-2 ап;60;20170613;170000;0.00261;0.00261;0.0026;0.0026;4;0
ТГК-2 ап;60;20170613;180000;0.00266;0.00266;0.00265;0.00266;5;0
ТГК-2 ап;60;20170614;120000;0.00269;0.00269;0.0025;0.0025;2;0
ТГК-2 ап;60;20170614;130000;0.00269;0.00269;0.00261;0.00261;5;0
ТГК-2 ап;60;20170614;140000;0.00265;0.00265;0.00265;0.00265;3;0
ТГК-2 ап;60;20170614;150000;0.00265;0.00265;0.00261;0.00261;4;0
ТГК-2 ап;60;20170614;170000;0.00261;0.00261;0.0026;0.0026;2;0
ТГК-2 ап;60;20170615;100000;0.00268;0.00286;0.00265;0.0027;16;0
ТГК-2 ап;60;20170615;110000;0.0026;0.0026;0.0026;0.0026;4;0
ТГК-2 ап;60;20170615;120000;0.00241;0.00259;0.00237;0.00246;76;0
ТГК-2 ап;60;20170615;130000;0.00252;0.00252;0.00245;0.00245;3;0
ТГК-2 ап;60;20170615;150000;0.0024;0.0024;0.0024;0.0024;1;0
ТГК-2 ап;60;20170615;160000;0.00241;0.00241;0.00241;0.00241;5;0
ТГК-2 ап;60;20170615;180000;0.00249;0.00255;0.00244;0.00249;6;0
ТГК-2 ап;60;20170616;100000;0.00238;0.00238;0.00238;0.00238;2;0
ТГК-2 ап;60;20170616;110000;0.00241;0.00262;0.00224;0.00224;23;0
ТГК-2 ап;60;20170616;120000;0.00243;0.00243;0.00243;0.00243;1;0
ТГК-2 ап;60;20170616;130000;0.00239;0.0024;0.00239;0.0024;4;0
ТГК-2 ап;60;20170616;140000;0.00245;0.0025;0.00245;0.0025;45;0
ТГК-2 ап;60;20170616;170000;0.00241;0.0025;0.00241;0.0025;25;0
ТГК-2 ап;60;20170616;180000;0.00236;0.00236;0.00236;0.00236;1;0
ТГК-2 ап;60;20170620;130000;0.00239;0.00239;0.00239;0.00239;2;0
ТГК-2 ап;60;20170620;170000;0.00265;0.00265;0.00265;0.00265;1;0
ТГК-2 ап;60;20170620;180000;0.0025;0.0025;0.0025;0.0025;1;0
ТГК-2 ап;60;20170621;100000;0.00275;0.00275;0.00254;0.0026;5;0
ТГК-2 ап;60;20170621;170000;0.00259;0.0026;0.00259;0.0026;2;0
ТГК-2 ап;60;20170621;180000;0.0026;0.00265;0.0026;0.00265;15;0
ТГК-2 ап;60;20170622;100000;0.00279;0.00279;0.00279;0.00279;1;0
ТГК-2 ап;60;20170622;120000;0.00268;0.0027;0.00268;0.0027;4;0
ТГК-2 ап;60;20170622;140000;0.00267;0.00268;0.00267;0.00268;16;0
ТГК-2 ап;60;20170623;100000;0.00245;0.00265;0.00245;0.0026;8;0
ТГК-2 ап;60;20170623;120000;0.0026;0.0026;0.00252;0.00256;17;0
ТГК-2 ап;60;20170623;130000;0.00261;0.00261;0.00261;0.00261;1;0
ТГК-2 ап;60;20170623;140000;0.00259;0.00259;0.00259;0.00259;1;0
ТГК-2 ап;60;20170623;160000;0.00259;0.00259;0.00259;0.00259;1;0
ТГК-2 ап;60;20170623;170000;0.00259;0.00259;0.00259;0.00259;1;0
ТГК-2 ап;60;20170623;180000;0.00259;0.00268;0.00259;0.00268;11;0
ТГК-2 ап;60;20170626;150000;0.00249;0.00255;0.0024;0.00248;43;0
ТГК-2 ап;60;20170626;170000;0.00247;0.00247;0.00247;0.00247;1;0
ТГК-2 ап;60;20170627;100000;0.00266;0.00266;0.00254;0.00254;3;0
ТГК-2 ап;60;20170627;110000;0.00254;0.00255;0.00254;0.00255;2;0
ТГК-2 ап;60;20170627;120000;0.0025;0.00251;0.0025;0.00251;42;0
ТГК-2 ап;60;20170627;130000;0.00256;0.00258;0.00255;0.00258;18;0
ТГК-2 ап;60;20170627;140000;0.0025;0.0025;0.0025;0.0025;7;0
ТГК-2 ап;60;20170627;150000;0.0025;0.0025;0.0025;0.0025;15;0
ТГК-2 ап;60;20170627;160000;0.00256;0.00256;0.00256;0.00256;3;0
ТГК-2 ап;60;20170627;180000;0.00243;0.00243;0.00239;0.00239;18;0
ТГК-2 ап;60;20170628;120000;0.00255;0.00257;0.00255;0.00257;6;0
ТГК-2 ап;60;20170628;150000;0.00254;0.00255;0.00254;0.00255;11;0
ТГК-2 ап;60;20170628;170000;0.00256;0.00256;0.00256;0.00256;4;0
ТГК-2 ап;60;20170629;180000;0.00247;0.00247;0.00247;0.00247;20;0
ТГК-2 ап;60;20170630;120000;0.00251;0.00251;0.00251;0.00251;5;0
ТГК-2 ап;60;20170630;180000;0.00252;0.00252;0.00252;0.00252;2;0
ТГК-2 ап;60;20170703;140000;0.00267;0.00267;0.0026;0.0026;4;0
ТГК-2 ап;60;20170703;160000;0.00257;0.00257;0.00257;0.00257;1;0
ТГК-2 ап;60;20170704;120000;0.00264;0.0027;0.00264;0.0027;10;0
ТГК-2 ап;60;20170704;130000;0.00256;0.0026;0.00256;0.0026;2;0
ТГК-2 ап;60;20170704;160000;0.00264;0.00265;0.00264;0.00265;5;0
ТГК-2 ап;60;20170705;100000;0.00265;0.00265;0.00265;0.00265;3;0
ТГК-2 ап;60;20170705;120000;0.00256;0.0026;0.00255;0.0026;5;0
ТГК-2 ап;60;20170705;160000;0.0026;0.0026;0.0026;0.0026;1;0
ТГК-2 ап;60;20170706;150000;0.00258;0.00258;0.00258;0.00258;10;0
ТГК-2 ап;60;20170707;120000;0.0025;0.0025;0.0025;0.0025;1;0
ТГК-2 ап;60;20170707;130000;0.0026;0.0026;0.0026;0.0026;1;0
ТГК-2 ап;60;20170707;170000;0.00256;0.00256;0.00255;0.00255;11;0
ТГК-2 ап;60;20170707;180000;0.00256;0.00256;0.00256;0.00256;1;0
ТГК-2 ап;60;20170710;100000;0.0026;0.00262;0.0026;0.00262;10;0
ТГК-2 ап;60;20170710;130000;0.00262;0.00262;0.00262;0.00262;1;0
ТГК-2 ап;60;20170710;150000;0.00257;0.00257;0.00255;0.00255;19;0
ТГК-2 ап;60;20170710;170000;0.00255;0.00255;0.00252;0.00255;18;0
ТГК-2 ап;60;20170711;100000;0.00278;0.00278;0.00215;0.00265;46;0
ТГК-2 ап;60;20170711;150000;0.00259;0.0026;0.00259;0.0026;4;0
ТГК-2 ап;60;20170712;120000;0.00267;0.00279;0.00265;0.0027;21;0
ТГК-2 ап;60;20170712;140000;0.0027;0.0027;0.0027;0.0027;1;0
ТГК-2 ап;60;20170712;150000;0.00271;0.00275;0.0027;0.0027;17;0
ТГК-2 ап;60;20170712;180000;0.00267;0.00267;0.00267;0.00267;62;0
ТГК-2 ап;60;20170713;100000;0.00256;0.00256;0.00256;0.00256;1;0
ТГК-2 ап;60;20170713;120000;0.00285;0.00298;0.00269;0.00271;19;0
ТГК-2 ап;60;20170713;140000;0.00279;0.00279;0.00279;0.00279;2;0
ТГК-2 ап;60;20170713;150000;0.0027;0.0027;0.0027;0.0027;4;0
ТГК-2 ап;60;20170713;160000;0.0027;0.0027;0.0027;0.0027;16;0
ТГК-2 ап;60;20170713;180000;0.00276;0.00276;0.00276;0.00276;1;0
ТГК-2 ап;60;20170714;110000;0.0027;0.0027;0.0027;0.0027;1;0
ТГК-2 ап;60;20170714;120000;0.0027;0.0027;0.0027;0.0027;14;0
ТГК-2 ап;60;20170714;140000;0.00271;0.00271;0.00269;0.00269;8;0
ТГК-2 ап;60;20170714;150000;0.00268;0.00268;0.00268;0.00268;2;0
ТГК-2 ап;60;20170714;160000;0.00269;0.00269;0.00269;0.00269;1;0
ТГК-2 ап;60;20170714;180000;0.00268;0.00268;0.00268;0.00268;1;0
ТГК-2 ап;60;20170717;090000;0.00289;0.00289;0.00289;0.00289;1;0
ТГК-2 ап;60;20170717;100000;0.0027;0.0027;0.0027;0.0027;5;0
ТГК-2 ап;60;20170717;110000;0.0027;0.0027;0.0026;0.0026;14;0
ТГК-2 ап;60;20170717;180000;0.00266;0.00266;0.00266;0.00266;1;0
ТГК-2 ап;60;20170718;120000;0.00257;0.00257;0.00257;0.00257;29;0
ТГК-2 ап;60;20170718;160000;0.00257;0.00257;0.00256;0.00256;7;0
ТГК-2 ап;60;20170718;170000;0.00255;0.00255;0.00255;0.00255;6;0
ТГК-2 ап;60;20170719;140000;0.00257;0.00257;0.00254;0.00254;4;0
ТГК-2 ап;60;20170719;150000;0.00252;0.00252;0.00252;0.00252;10;0
ТГК-2 ап;60;20170719;170000;0.00252;0.00252;0.00252;0.00252;12;0
ТГК-2 ап;60;20170719;180000;0.00269;0.00269;0.00269;0.00269;1;0
ТГК-2 ап;60;20170720;100000;0.00251;0.00272;0.0025;0.00272;11;0
ТГК-2 ап;60;20170720;110000;0.0025;0.0025;0.00245;0.00246;10;0
ТГК-2 ап;60;20170720;130000;0.00259;0.00259;0.0025;0.00259;19;0
ТГК-2 ап;60;20170720;140000;0.00251;0.00251;0.0025;0.0025;8;0
ТГК-2 ап;60;20170720;150000;0.00259;0.00259;0.00259;0.00259;1;0
ТГК-2 ап;60;20170720;160000;0.00259;0.0026;0.00259;0.0026;4;0
ТГК-2 ап;60;20170720;180000;0.00262;0.00262;0.00262;0.00262;1;0
ТГК-2 ап;60;20170721;140000;0.00262;0.00265;0.00262;0.00265;5;0
ТГК-2 ап;60;20170724;110000;0.0025;0.0026;0.0025;0.0026;4;0
ТГК-2 ап;60;20170724;130000;0.00272;0.00278;0.00265;0.00278;27;0
ТГК-2 ап;60;20170724;140000;0.00275;0.00275;0.00264;0.0027;15;0
ТГК-2 ап;60;20170725;100000;0.00277;0.00294;0.00266;0.00273;66;0
ТГК-2 ап;60;20170725;110000;0.00272;0.00273;0.00272;0.00273;6;0
ТГК-2 ап;60;20170725;120000;0.00285;0.00292;0.00275;0.0028;21;0
ТГК-2 ап;60;20170725;130000;0.00285;0.00289;0.00281;0.00281;7;0
ТГК-2 ап;60;20170725;140000;0.00285;0.00292;0.00285;0.00292;40;0
ТГК-2 ап;60;20170725;170000;0.00282;0.00282;0.0028;0.0028;10;0
ТГК-2 ап;60;20170725;180000;0.0028;0.0028;0.00279;0.0028;9;0
ТГК-2 ап;60;20170726;140000;0.00286;0.00286;0.00286;0.00286;1;0
ТГК-2 ап;60;20170726;150000;0.00284;0.00284;0.00284;0.00284;2;0
ТГК-2 ап;60;20170726;160000;0.00285;0.00294;0.00285;0.00294;21;0
ТГК-2 ап;60;20170726;170000;0.00294;0.00391;0.00292;0.00391;2095;0
ТГК-2 ап;60;20170726;180000;0.00391;0.00391;0.00391;0.00391;274;0
ТГК-2 ап;60;20170727;090000;0.00419;0.00419;0.00419;0.00419;63;0
ТГК-2 ап;60;20170727;100000;0.00419;0.00462;0.0038;0.00429;1184;0
ТГК-2 ап;60;20170727;110000;0.00414;0.00425;0.00365;0.00398;783;0
ТГК-2 ап;60;20170727;120000;0.00381;0.0039;0.00373;0.00373;30;0
ТГК-2 ап;60;20170727;130000;0.00373;0.00388;0.00363;0.00373;125;0
ТГК-2 ап;60;20170727;140000;0.00379;0.00379;0.00366;0.0037;38;0
ТГК-2 ап;60;20170727;150000;0.00363;0.00368;0.00358;0.00366;150;0
ТГК-2 ап;60;20170727;160000;0.00366;0.00374;0.0036;0.00374;29;0
ТГК-2 ап;60;20170727;170000;0.00363;0.0038;0.0035;0.00378;86;0
ТГК-2 ап;60;20170727;180000;0.00378;0.00391;0.00375;0.0038;93;0
ТГК-2 ап;60;20170728;100000;0.00372;0.00378;0.00357;0.0036;56;0
ТГК-2 ап;60;20170728;110000;0.00362;0.00377;0.00362;0.00377;9;0
ТГК-2 ап;60;20170728;120000;0.0038;0.0038;0.0038;0.0038;1;0
ТГК-2 ап;60;20170728;130000;0.00373;0.00373;0.0037;0.0037;10;0
ТГК-2 ап;60;20170728;150000;0.00371;0.00371;0.00366;0.00366;20;0
ТГК-2 ап;60;20170728;160000;0.0038;0.0038;0.0038;0.0038;1;0
ТГК-2 ап;60;20170728;170000;0.00371;0.00371;0.00367;0.00367;18;0
ТГК-2 ап;60;20170728;180000;0.00378;0.00379;0.00368;0.00368;5;0
ТГК-2 ап;60;20170731;100000;0.00369;0.00377;0.0036;0.00377;172;0
ТГК-2 ап;60;20170731;110000;0.00377;0.00379;0.00377;0.00379;5;0
ТГК-2 ап;60;20170731;120000;0.00388;0.00394;0.00388;0.00394;54;0
ТГК-2 ап;60;20170731;130000;0.00395;0.0042;0.00386;0.00397;120;0
ТГК-2 ап;60;20170731;140000;0.0039;0.00405;0.00381;0.00405;49;0
ТГК-2 ап;60;20170731;150000;0.00393;0.00393;0.0039;0.0039;18;0
ТГК-2 ап;60;20170731;160000;0.00395;0.00399;0.00395;0.00399;5;0
ТГК-2 ап;60;20170731;170000;0.00388;0.00396;0.00385;0.00385;14;0
ТГК-2 ап;60;20170731;180000;0.00385;0.00397;0.00382;0.00397;24;0
ТГК-2 ап;60;20170801;100000;0.00384;0.0041;0.00382;0.0039;29;0
ТГК-2 ап;60;20170801;110000;0.00388;0.00398;0.00385;0.00396;20;0
ТГК-2 ап;60;20170801;120000;0.00396;0.00396;0.00396;0.00396;1;0
ТГК-2 ап;60;20170801;140000;0.00391;0.00396;0.00383;0.00396;26;0
ТГК-2 ап;60;20170801;170000;0.00392;0.00401;0.00383;0.00393;80;0
ТГК-2 ап;60;20170801;180000;0.004;0.00403;0.0039;0.00399;47;0
ТГК-2 ап;60;20170802;100000;0.00382;0.00384;0.00365;0.00375;80;0
ТГК-2 ап;60;20170802;110000;0.00387;0.00394;0.00381;0.00394;39;0
ТГК-2 ап;60;20170802;120000;0.00392;0.00392;0.00392;0.00392;1;0
ТГК-2 ап;60;20170802;130000;0.00388;0.00388;0.00387;0.00387;14;0
ТГК-2 ап;60;20170802;140000;0.00392;0.00393;0.00392;0.00393;18;0
ТГК-2 ап;60;20170802;160000;0.00393;0.00395;0.00393;0.00395;22;0
ТГК-2 ап;60;20170802;170000;0.00387;0.00387;0.00386;0.00386;4;0
ТГК-2 ап;60;20170802;180000;0.0039;0.0039;0.0039;0.0039;1;0
ТГК-2 ап;60;20170803;100000;0.00407;0.00411;0.004;0.004;20;0
ТГК-2 ап;60;20170803;110000;0.00392;0.00394;0.00392;0.00392;19;0
ТГК-2 ап;60;20170803;120000;0.00395;0.00395;0.00395;0.00395;1;0
ТГК-2 ап;60;20170803;130000;0.00393;0.00393;0.00393;0.00393;1;0
ТГК-2 ап;60;20170803;140000;0.00393;0.00396;0.00393;0.00395;7;0
ТГК-2 ап;60;20170803;180000;0.00396;0.00396;0.00395;0.00395;2;0
ТГК-2 ап;60;20170804;100000;0.00389;0.00389;0.00386;0.00386;4;0
ТГК-2 ап;60;20170804;110000;0.00397;0.00405;0.00397;0.00405;12;0
ТГК-2 ап;60;20170804;120000;0.00393;0.00394;0.00393;0.00394;19;0
ТГК-2 ап;60;20170804;130000;0.00393;0.00394;0.00393;0.00394;2;0
ТГК-2 ап;60;20170804;140000;0.00394;0.00394;0.00394;0.00394;2;0
ТГК-2 ап;60;20170804;150000;0.00394;0.00394;0.00394;0.00394;3;0
ТГК-2 ап;60;20170804;160000;0.0039;0.0039;0.00385;0.00385;10;0
ТГК-2 ап;60;20170804;170000;0.00385;0.00385;0.00385;0.00385;1;0
ТГК-2 ап;60;20170804;180000;0.00391;0.004;0.00391;0.004;75;0
ТГК-2 ап;60;20170807;100000;0.004;0.004;0.004;0.004;30;0
ТГК-2 ап;60;20170807;130000;0.00397;0.00397;0.00397;0.00397;1;0
ТГК-2 ап;60;20170807;150000;0.004;0.004;0.004;0.004;4;0
ТГК-2 ап;60;20170807;170000;0.004;0.004;0.004;0.004;4;0
ТГК-2 ап;60;20170807;180000;0.004;0.004;0.004;0.004;1;0
ТГК-2 ап;60;20170808;100000;0.00398;0.00398;0.00398;0.00398;1;0
ТГК-2 ап;60;20170808;110000;0.00408;0.00411;0.00408;0.0041;8;0
ТГК-2 ап;60;20170808;120000;0.00406;0.00406;0.004;0.004;29;0
ТГК-2 ап;60;20170808;140000;0.00401;0.00401;0.004;0.004;3;0
ТГК-2 ап;60;20170808;150000;0.004;0.004;0.004;0.004;1;0
ТГК-2 ап;60;20170808;160000;0.004;0.004;0.004;0.004;28;0
ТГК-2 ап;60;20170808;170000;0.00405;0.00406;0.00405;0.00406;6;0
ТГК-2 ап;60;20170808;180000;0.00407;0.0042;0.00401;0.00404;64;0
ТГК-2 ап;60;20170809;100000;0.00401;0.00401;0.00401;0.00401;10;0
ТГК-2 ап;60;20170809;130000;0.00404;0.00404;0.00404;0.00404;1;0
ТГК-2 ап;60;20170809;170000;0.00404;0.00414;0.00404;0.00414;31;0
ТГК-2 ап;60;20170809;180000;0.00411;0.00414;0.00411;0.00414;5;0
ТГК-2 ап;60;20170810;120000;0.00408;0.00409;0.004;0.004;56;0
ТГК-2 ап;60;20170810;130000;0.004;0.00407;0.00392;0.00407;43;0
ТГК-2 ап;60;20170810;140000;0.00411;0.00411;0.00411;0.00411;2;0
ТГК-2 ап;60;20170810;150000;0.00411;0.00412;0.00411;0.00412;3;0
ТГК-2 ап;60;20170810;160000;0.00412;0.00413;0.00412;0.00413;3;0
ТГК-2 ап;60;20170810;170000;0.00411;0.00412;0.00411;0.00412;7;0
ТГК-2 ап;60;20170810;180000;0.00405;0.00411;0.00405;0.0041;6;0
ТГК-2 ап;60;20170811;100000;0.0041;0.00414;0.0041;0.00414;31;0
ТГК-2 ап;60;20170811;110000;0.00414;0.00418;0.00414;0.00418;10;0
ТГК-2 ап;60;20170811;120000;0.00411;0.00411;0.00411;0.00411;2;0
ТГК-2 ап;60;20170811;130000;0.00412;0.00413;0.00412;0.00413;2;0
ТГК-2 ап;60;20170811;140000;0.00411;0.00411;0.00411;0.00411;1;0
ТГК-2 ап;60;20170811;160000;0.0041;0.0041;0.0041;0.0041;3;0
ТГК-2 ап;60;20170811;170000;0.00415;0.0048;0.00415;0.00433;337;0
ТГК-2 ап;60;20170811;180000;0.00443;0.0045;0.0044;0.00449;40;0
ТГК-2 ап;60;20170814;090000;0.00494;0.00494;0.00494;0.00494;19;0
ТГК-2 ап;60;20170814;100000;0.00494;0.00505;0.00453;0.00487;93;0
ТГК-2 ап;60;20170814;110000;0.00487;0.0049;0.00479;0.00481;42;0
ТГК-2 ап;60;20170814;120000;0.0048;0.00485;0.00451;0.00466;96;0
ТГК-2 ап;60;20170814;130000;0.00455;0.00455;0.00455;0.00455;2;0
ТГК-2 ап;60;20170814;140000;0.00456;0.00469;0.00456;0.00469;8;0
ТГК-2 ап;60;20170814;150000;0.00469;0.0048;0.00463;0.0048;20;0
ТГК-2 ап;60;20170814;160000;0.00465;0.00465;0.00465;0.00465;1;0
ТГК-2 ап;60;20170814;180000;0.00462;0.00462;0.00427;0.0044;256;0
ТГК-2 ап;60;20170815;100000;0.0045;0.00473;0.0045;0.00458;11;0
ТГК-2 ап;60;20170815;130000;0.0044;0.0044;0.00437;0.00437;3;0
ТГК-2 ап;60;20170815;140000;0.00438;0.00464;0.00423;0.00435;46;0
ТГК-2 ап;60;20170815;160000;0.00449;0.0046;0.00449;0.0046;35;0
ТГК-2 ап;60;20170816;100000;0.00446;0.00446;0.00445;0.00445;20;0
ТГК-2 ап;60;20170816;110000;0.00447;0.00448;0.00446;0.00447;14;0
ТГК-2 ап;60;20170816;120000;0.00449;0.00464;0.00449;0.00464;17;0
ТГК-2 ап;60;20170816;130000;0.00464;0.00465;0.00464;0.00465;22;0
ТГК-2 ап;60;20170816;140000;0.00451;0.0046;0.00441;0.0046;46;0
ТГК-2 ап;60;20170816;150000;0.0046;0.00466;0.0046;0.00466;56;0
ТГК-2 ап;60;20170816;170000;0.00462;0.00463;0.00462;0.00463;4;0
ТГК-2 ап;60;20170816;180000;0.00464;0.00464;0.00464;0.00464;1;0
ТГК-2 ап;60;20170817;100000;0.00483;0.00485;0.00474;0.00475;17;0
ТГК-2 ап;60;20170817;110000;0.00474;0.00474;0.00457;0.00473;28;0
ТГК-2 ап;60;20170817;120000;0.00473;0.0048;0.00473;0.0048;17;0
ТГК-2 ап;60;20170817;130000;0.00466;0.00466;0.0045;0.0045;27;0
ТГК-2 ап;60;20170817;140000;0.00449;0.00449;0.00439;0.00439;66;0
ТГК-2 ап;60;20170817;150000;0.00439;0.0044;0.00439;0.0044;10;0
ТГК-2 ап;60;20170817;160000;0.00443;0.00443;0.0044;0.0044;6;0
ТГК-2 ап;60;20170817;180000;0.00441;0.00441;0.0044;0.0044;3;0
ТГК-2 ап;60;20170818;100000;0.00457;0.00468;0.00444;0.00444;12;0
ТГК-2 ап;60;20170818;110000;0.00443;0.00443;0.00441;0.00441;2;0
ТГК-2 ап;60;20170818;120000;0.00441;0.00441;0.00441;0.00441;3;0
ТГК-2 ап;60;20170818;140000;0.00452;0.00452;0.00452;0.00452;5;0
ТГК-2 ап;60;20170818;150000;0.00442;0.00449;0.00442;0.00449;2;0
ТГК-2 ап;60;20170818;160000;0.00441;0.00441;0.0044;0.0044;2;0
ТГК-2 ап;60;20170818;170000;0.0044;0.00447;0.00436;0.00436;60;0
ТГК-2 ап;60;20170818;180000;0.00435;0.00436;0.00435;0.00436;30;0
ТГК-2 ап;60;20170821;100000;0.00448;0.00453;0.00448;0.0045;40;0
ТГК-2 ап;60;20170821;110000;0.0045;0.00459;0.0045;0.00459;14;0
ТГК-2 ап;60;20170821;120000;0.00449;0.00449;0.00431;0.00431;84;0
ТГК-2 ап;60;20170821;140000;0.00432;0.00448;0.0043;0.00445;39;0
ТГК-2 ап;60;20170821;150000;0.00433;0.00433;0.00431;0.00431;21;0
ТГК-2 ап;60;20170821;160000;0.00445;0.00449;0.00441;0.00441;328;0
ТГК-2 ап;60;20170821;170000;0.00449;0.00449;0.00449;0.00449;1;0
ТГК-2 ап;60;20170821;180000;0.00452;0.00455;0.00452;0.00455;15;0
ТГК-2 ап;60;20170822;100000;0.0045;0.00574;0.00428;0.00473;481;0
ТГК-2 ап;60;20170822;110000;0.0046;0.0046;0.00454;0.00454;8;0
ТГК-2 ап;60;20170822;130000;0.00456;0.00456;0.00445;0.00445;238;0
ТГК-2 ап;60;20170822;160000;0.00454;0.00465;0.00453;0.00465;14;0
ТГК-2 ап;60;20170822;180000;0.00461;0.00462;0.00461;0.00462;7;0
ТГК-2 ап;60;20170823;110000;0.00451;0.0048;0.00433;0.00465;183;0
ТГК-2 ап;60;20170823;120000;0.00471;0.00472;0.00465;0.00465;13;0
ТГК-2 ап;60;20170823;140000;0.00461;0.00461;0.00461;0.00461;2;0
ТГК-2 ап;60;20170823;170000;0.00469;0.0047;0.00469;0.0047;17;0
ТГК-2 ап;60;20170824;100000;0.0048;0.0048;0.00478;0.00479;14;0
ТГК-2 ап;60;20170824;110000;0.00451;0.00451;0.00451;0.00451;1;0
ТГК-2 ап;60;20170824;120000;0.00452;0.00467;0.00452;0.00467;4;0
ТГК-2 ап;60;20170824;130000;0.00461;0.00461;0.00452;0.00452;10;0
ТГК-2 ап;60;20170824;140000;0.00465;0.00468;0.00465;0.00467;4;0
ТГК-2 ап;60;20170824;150000;0.00467;0.00475;0.00467;0.00475;19;0
ТГК-2 ап;60;20170824;160000;0.00474;0.00475;0.00474;0.00475;5;0
ТГК-2 ап;60;20170824;170000;0.00475;0.00477;0.00461;0.00461;12;0
ТГК-2 ап;60;20170825;100000;0.0046;0.0046;0.0046;0.0046;1;0
ТГК-2 ап;60;20170825;120000;0.00483;0.00483;0.00462;0.00482;4;0
ТГК-2 ап;60;20170825;130000;0.00483;0.00483;0.00483;0.00483;1;0
ТГК-2 ап;60;20170825;140000;0.0048;0.00485;0.0048;0.00485;2;0
ТГК-2 ап;60;20170825;150000;0.0048;0.0048;0.0048;0.0048;1;0
ТГК-2 ап;60;20170825;160000;0.0047;0.0047;0.00468;0.00468;2;0
ТГК-2 ап;60;20170825;170000;0.00478;0.0048;0.00445;0.00449;231;0
ТГК-2 ап;60;20170825;180000;0.00449;0.0045;0.00449;0.0045;68;0
ТГК-2 ап;60;20170828;090000;0.0047;0.0047;0.0047;0.0047;2;0
ТГК-2 ап;60;20170828;100000;0.0047;0.00515;0.00435;0.00449;39;0
ТГК-2 ап;60;20170828;110000;0.0045;0.0045;0.00439;0.00439;3;0
ТГК-2 ап;60;20170828;120000;0.00439;0.00439;0.00439;0.00439;4;0
ТГК-2 ап;60;20170828;160000;0.00447;0.0045;0.00439;0.00439;48;0
ТГК-2 ап;60;20170828;170000;0.00465;0.00466;0.00465;0.00466;2;0
ТГК-2 ап;60;20170828;180000;0.00443;0.00458;0.00443;0.00458;5;0
ТГК-2 ап;60;20170829;100000;0.00464;0.00464;0.00464;0.00464;1;0
ТГК-2 ап;60;20170829;110000;0.00441;0.00453;0.0044;0.00453;5;0
ТГК-2 ап;60;20170829;170000;0.0045;0.00536;0.00433;0.00536;576;0
ТГК-2 ап;60;20170829;180000;0.00534;0.0064;0.00513;0.0064;1623;0
ТГК-2 ап;60;20170830;090000;0.0067;0.0067;0.0067;0.0067;59;0
ТГК-2 ап;60;20170830;100000;0.00672;0.00702;0.00584;0.006;1205;0
ТГК-2 ап;60;20170830;110000;0.00603;0.00639;0.0059;0.00637;187;0
ТГК-2 ап;60;20170830;120000;0.00637;0.00694;0.00616;0.00622;395;0
ТГК-2 ап;60;20170830;130000;0.00623;0.00625;0.00601;0.00609;132;0
ТГК-2 ап;60;20170830;140000;0.00609;0.00623;0.00603;0.00614;29;0
ТГК-2 ап;60;20170830;150000;0.0062;0.00631;0.0062;0.00625;39;0
ТГК-2 ап;60;20170830;160000;0.00621;0.00621;0.00607;0.0061;85;0
ТГК-2 ап;60;20170830;170000;0.00607;0.00621;0.00603;0.00605;15;0
ТГК-2 ап;60;20170830;180000;0.00606;0.0061;0.00601;0.00601;29;0
ТГК-2 ап;60;20170831;100000;0.00601;0.00609;0.00581;0.00609;104;0
ТГК-2 ап;60;20170831;110000;0.00593;0.00593;0.00565;0.00575;68;0
ТГК-2 ап;60;20170831;120000;0.00575;0.00575;0.0056;0.0057;53;0
ТГК-2 ап;60;20170831;130000;0.00573;0.00574;0.00567;0.00567;25;0
ТГК-2 ап;60;20170831;140000;0.00567;0.0057;0.0056;0.0056;13;0
ТГК-2 ап;60;20170831;150000;0.00562;0.00589;0.00562;0.0057;91;0
ТГК-2 ап;60;20170831;160000;0.00584;0.00599;0.00584;0.00598;14;0
ТГК-2 ап;60;20170831;170000;0.00598;0.00607;0.00576;0.00594;25;0
ТГК-2 ап;60;20170831;180000;0.0058;0.00583;0.0058;0.00582;7;0
ТГК-2 ап;60;20170901;090000;0.00606;0.00606;0.00606;0.00606;2;0
ТГК-2 ап;60;20170901;100000;0.00595;0.006;0.00595;0.006;16;0
ТГК-2 ап;60;20170901;110000;0.00585;0.00585;0.00585;0.00585;1;0
ТГК-2 ап;60;20170901;120000;0.00587;0.00587;0.00587;0.00587;1;0
ТГК-2 ап;60;20170901;130000;0.00584;0.00597;0.00584;0.00597;3;0
ТГК-2 ап;60;20170901;140000;0.00598;0.00599;0.00598;0.00599;3;0
ТГК-2 ап;60;20170901;160000;0.00599;0.00604;0.00599;0.00599;7;0
ТГК-2 ап;60;20170901;170000;0.0059;0.00591;0.0059;0.00591;2;0
ТГК-2 ап;60;20170901;180000;0.00595;0.00598;0.00595;0.00598;6;0
ТГК-2 ап;60;20170904;100000;0.00606;0.00606;0.0057;0.00572;30;0
ТГК-2 ап;60;20170904;110000;0.00579;0.00579;0.00578;0.00578;2;0
ТГК-2 ап;60;20170904;120000;0.00579;0.00579;0.00574;0.00578;3;0
ТГК-2 ап;60;20170904;130000;0.00584;0.00596;0.0058;0.00582;27;0
ТГК-2 ап;60;20170904;150000;0.00576;0.00579;0.00572;0.00575;26;0
ТГК-2 ап;60;20170904;160000;0.00575;0.00585;0.00575;0.00585;8;0
ТГК-2 ап;60;20170904;170000;0.0058;0.00586;0.0058;0.00586;2;0
ТГК-2 ап;60;20170905;100000;0.00588;0.00591;0.00559;0.0056;47;0
ТГК-2 ап;60;20170905;110000;0.00559;0.00569;0.00559;0.00569;6;0
ТГК-2 ап;60;20170905;130000;0.00571;0.00573;0.00564;0.00564;5;0
ТГК-2 ап;60;20170905;140000;0.00565;0.00565;0.00565;0.00565;1;0
ТГК-2 ап;60;20170905;150000;0.00571;0.00588;0.00571;0.00588;14;0
ТГК-2 ап;60;20170905;160000;0.0058;0.0058;0.0057;0.0057;4;0
ТГК-2 ап;60;20170905;170000;0.00567;0.00567;0.00567;0.00567;2;0
ТГК-2 ап;60;20170905;180000;0.00566;0.0057;0.00566;0.0057;3;0
ТГК-2 ап;60;20170906;100000;0.00563;0.00563;0.00562;0.00562;2;0
ТГК-2 ап;60;20170906;110000;0.00569;0.00573;0.00562;0.00562;4;0
ТГК-2 ап;60;20170906;130000;0.00568;0.00568;0.00568;0.00568;1;0
ТГК-2 ап;60;20170906;140000;0.00579;0.00579;0.00579;0.00579;1;0
ТГК-2 ап;60;20170906;150000;0.00579;0.00579;0.00579;0.00579;1;0
ТГК-2 ап;60;20170906;160000;0.00578;0.00578;0.00578;0.00578;1;0
ТГК-2 ап;60;20170906;170000;0.00576;0.00577;0.00576;0.00577;4;0
ТГК-2 ап;60;20170906;180000;0.0058;0.00599;0.0058;0.00599;33;0
ТГК-2 ап;60;20170907;100000;0.00599;0.00599;0.00599;0.00599;3;0
ТГК-2 ап;60;20170907;120000;0.00585;0.00585;0.00584;0.00584;3;0
ТГК-2 ап;60;20170907;130000;0.00583;0.00583;0.00583;0.00583;1;0
ТГК-2 ап;60;20170907;140000;0.00585;0.00585;0.00585;0.00585;3;0
ТГК-2 ап;60;20170907;150000;0.00585;0.00585;0.00585;0.00585;4;0
ТГК-2 ап;60;20170907;180000;0.00585;0.00585;0.00585;0.00585;10;0
ТГК-2 ап;60;20170908;100000;0.00585;0.00585;0.00585;0.00585;1;0
ТГК-2 ап;60;20170908;120000;0.00583;0.00583;0.00583;0.00583;1;0
ТГК-2 ап;60;20170908;130000;0.0057;0.0057;0.0057;0.0057;1;0
ТГК-2 ап;60;20170908;140000;0.0057;0.0057;0.0057;0.0057;1;0
ТГК-2 ап;60;20170908;150000;0.00569;0.00569;0.00567;0.00568;9;0
ТГК-2 ап;60;20170908;160000;0.00568;0.00568;0.00566;0.00566;3;0
ТГК-2 ап;60;20170908;170000;0.00567;0.00567;0.00565;0.00565;5;0
ТГК-2 ап;60;20170908;180000;0.00574;0.00574;0.0056;0.0056;37;0
ТГК-2 ап;60;20170911;100000;0.00575;0.00575;0.00575;0.00575;1;0
ТГК-2 ап;60;20170911;140000;0.00572;0.00572;0.00572;0.00572;1;0
ТГК-2 ап;60;20170911;150000;0.0056;0.0056;0.00558;0.0056;9;0
ТГК-2 ап;60;20170911;160000;0.00556;0.00556;0.00523;0.00543;47;0
ТГК-2 ап;60;20170911;170000;0.00539;0.00539;0.0053;0.00537;12;0
ТГК-2 ап;60;20170911;180000;0.00538;0.00548;0.00538;0.00548;41;0
ТГК-2 ап;60;20170912;100000;0.00547;0.00572;0.00546;0.00572;37;0
ТГК-2 ап;60;20170912;110000;0.0057;0.0057;0.00535;0.00535;7;0
ТГК-2 ап;60;20170912;120000;0.00558;0.00558;0.00558;0.00558;1;0
ТГК-2 ап;60;20170912;150000;0.00564;0.00564;0.00564;0.00564;2;0
ТГК-2 ап;60;20170912;160000;0.00542;0.00542;0.00542;0.00542;4;0
ТГК-2 ап;60;20170912;180000;0.00562;0.00582;0.00562;0.00571;56;0
ТГК-2 ап;60;20170913;100000;0.00586;0.00628;0.00586;0.00625;127;0
ТГК-2 ап;60;20170913;110000;0.00605;0.00624;0.00605;0.00624;29;0
ТГК-2 ап;60;20170913;120000;0.00623;0.00623;0.00609;0.00609;4;0
ТГК-2 ап;60;20170913;130000;0.0062;0.00622;0.00619;0.00622;16;0
ТГК-2 ап;60;20170913;140000;0.00623;0.00624;0.00622;0.00623;16;0
ТГК-2 ап;60;20170913;150000;0.00623;0.00629;0.00623;0.00629;42;0
ТГК-2 ап;60;20170913;160000;0.00616;0.00616;0.0061;0.0061;18;0
ТГК-2 ап;60;20170913;170000;0.0061;0.00619;0.00608;0.00608;15;0
ТГК-2 ап;60;20170913;180000;0.00606;0.00606;0.00606;0.00606;2;0
ТГК-2 ап;60;20170914;100000;0.00626;0.0067;0.00624;0.00639;97;0
ТГК-2 ап;60;20170914;110000;0.00622;0.00662;0.00605;0.00633;101;0
ТГК-2 ап;60;20170914;150000;0.00623;0.00623;0.00616;0.00616;6;0
ТГК-2 ап;60;20170914;160000;0.00619;0.00619;0.00619;0.00619;1;0
ТГК-2 ап;60;20170914;180000;0.00616;0.00616;0.00616;0.00616;1;0
ТГК-2 ап;60;20170915;100000;0.00632;0.00646;0.00632;0.00646;10;0
ТГК-2 ап;60;20170915;110000;0.00637;0.00645;0.00637;0.00645;27;0
ТГК-2 ап;60;20170915;120000;0.00639;0.0064;0.00623;0.00637;27;0
ТГК-2 ап;60;20170915;140000;0.00636;0.00638;0.00636;0.00638;6;0
ТГК-2 ап;60;20170915;150000;0.00625;0.00639;0.00611;0.00639;15;0
ТГК-2 ап;60;20170915;160000;0.00638;0.00638;0.00638;0.00638;3;0
ТГК-2 ап;60;20170918;100000;0.00649;0.00654;0.0062;0.00649;18;0
ТГК-2 ап;60;20170918;110000;0.00647;0.0065;0.00627;0.00627;20;0
ТГК-2 ап;60;20170918;120000;0.00623;0.00627;0.00623;0.00627;15;0
ТГК-2 ап;60;20170918;130000;0.00644;0.00645;0.00644;0.00645;7;0
ТГК-2 ап;60;20170918;150000;0.0064;0.0064;0.0064;0.0064;14;0
ТГК-2 ап;60;20170918;160000;0.00638;0.0064;0.00638;0.0064;9;0
ТГК-2 ап;60;20170918;170000;0.0063;0.0063;0.00623;0.00623;13;0
ТГК-2 ап;60;20170918;180000;0.00635;0.00668;0.00635;0.00668;53;0
ТГК-2 ап;60;20170919;100000;0.00657;0.00679;0.00655;0.00655;76;0
ТГК-2 ап;60;20170919;120000;0.00654;0.00665;0.00638;0.00638;25;0
ТГК-2 ап;60;20170919;130000;0.00628;0.0064;0.00627;0.0064;23;0
ТГК-2 ап;60;20170919;160000;0.00632;0.00642;0.00631;0.00642;13;0
ТГК-2 ап;60;20170919;180000;0.0065;0.0065;0.00633;0.0065;7;0
ТГК-2 ап;60;20170920;100000;0.0063;0.0065;0.00629;0.00648;7;0
ТГК-2 ап;60;20170920;110000;0.00648;0.00662;0.00648;0.0066;16;0
ТГК-2 ап;60;20170920;130000;0.0066;0.00662;0.00636;0.00636;11;0
ТГК-2 ап;60;20170920;140000;0.00657;0.00657;0.00657;0.00657;1;0
ТГК-2 ап;60;20170920;160000;0.00657;0.00657;0.00657;0.00657;3;0
ТГК-2 ап;60;20170920;170000;0.0064;0.0064;0.00639;0.00639;2;0
ТГК-2 ап;60;20170920;180000;0.00653;0.00653;0.00653;0.00653;1;0
ТГК-2 ап;60;20170921;100000;0.00663;0.00694;0.00663;0.00674;131;0
ТГК-2 ап;60;20170921;110000;0.00674;0.00686;0.00671;0.00671;5;0
ТГК-2 ап;60;20170921;120000;0.00676;0.007;0.00676;0.0068;121;0
ТГК-2 ап;60;20170921;130000;0.00682;0.00695;0.00681;0.00695;10;0
ТГК-2 ап;60;20170921;140000;0.00682;0.00682;0.0068;0.0068;8;0
ТГК-2 ап;60;20170921;150000;0.0068;0.00698;0.0068;0.00685;15;0
ТГК-2 ап;60;20170921;160000;0.00697;0.00697;0.00697;0.00697;1;0
ТГК-2 ап;60;20170921;170000;0.00697;0.00746;0.00697;0.00739;222;0
ТГК-2 ап;60;20170921;180000;0.00725;0.00725;0.00705;0.00717;26;0
ТГК-2 ап;60;20170922;100000;0.00703;0.00735;0.00685;0.0072;56;0
ТГК-2 ап;60;20170922;110000;0.0072;0.0073;0.007;0.0071;30;0
ТГК-2 ап;60;20170922;120000;0.00706;0.00706;0.00683;0.00683;113;0
ТГК-2 ап;60;20170922;130000;0.00695;0.00695;0.0068;0.0068;20;0
ТГК-2 ап;60;20170922;140000;0.0068;0.00684;0.00675;0.00684;48;0
ТГК-2 ап;60;20170922;150000;0.00689;0.00715;0.00689;0.00715;27;0
ТГК-2 ап;60;20170922;160000;0.0071;0.00739;0.0071;0.00724;36;0
ТГК-2 ап;60;20170922;170000;0.00715;0.0072;0.00715;0.00715;26;0
ТГК-2 ап;60;20170922;180000;0.00715;0.00715;0.0069;0.00699;61;0
ТГК-2 ап;60;20170925;100000;0.007;0.007;0.007;0.007;2;0
ТГК-2 ап;60;20170925;110000;0.00703;0.00703;0.007;0.007;4;0
ТГК-2 ап;60;20170925;120000;0.007;0.007;0.00681;0.00681;5;0
ТГК-2 ап;60;20170925;130000;0.00681;0.00695;0.00672;0.00688;38;0
ТГК-2 ап;60;20170925;150000;0.00687;0.00689;0.00687;0.00689;5;0
ТГК-2 ап;60;20170925;160000;0.00678;0.00678;0.00678;0.00678;1;0
ТГК-2 ап;60;20170925;170000;0.00697;0.00697;0.00692;0.00692;6;0
ТГК-2 ап;60;20170926;100000;0.00681;0.00699;0.00681;0.00685;16;0
ТГК-2 ап;60;20170926;110000;0.00682;0.00682;0.00677;0.00677;4;0
ТГК-2 ап;60;20170926;120000;0.00678;0.00678;0.00677;0.00677;6;0
ТГК-2 ап;60;20170926;130000;0.00677;0.00677;0.0067;0.0067;79;0
ТГК-2 ап;60;20170926;140000;0.00669;0.00671;0.0065;0.00669;30;0
ТГК-2 ап;60;20170926;150000;0.00669;0.00669;0.00661;0.00669;5;0
ТГК-2 ап;60;20170926;160000;0.00677;0.00677;0.0067;0.0067;14;0
ТГК-2 ап;60;20170926;170000;0.00677;0.00677;0.00677;0.00677;1;0
ТГК-2 ап;60;20170927;100000;0.00662;0.00662;0.00662;0.00662;1;0
ТГК-2 ап;60;20170927;110000;0.00661;0.0067;0.00651;0.0067;45;0
ТГК-2 ап;60;20170927;140000;0.00661;0.00661;0.00635;0.00635;46;0
ТГК-2 ап;60;20170927;150000;0.00651;0.00651;0.0065;0.0065;5;0
ТГК-2 ап;60;20170927;160000;0.00641;0.00668;0.00632;0.0065;17;0
ТГК-2 ап;60;20170927;170000;0.00669;0.00669;0.0066;0.0066;3;0
ТГК-2 ап;60;20170927;180000;0.00661;0.00661;0.00661;0.00661;1;0
ТГК-2 ап;60;20170928;110000;0.00662;0.00662;0.00661;0.00661;2;0
ТГК-2 ап;60;20170928;120000;0.0066;0.0066;0.0066;0.0066;15;0
ТГК-2 ап;60;20170928;140000;0.0066;0.0066;0.00632;0.0065;35;0
ТГК-2 ап;60;20170928;160000;0.00651;0.00665;0.0065;0.00665;7;0
ТГК-2 ап;60;20170928;170000;0.0066;0.0066;0.0066;0.0066;1;0
ТГК-2 ап;60;20170929;100000;0.00645;0.00645;0.00645;0.00645;6;0
ТГК-2 ап;60;20170929;110000;0.0065;0.0065;0.00645;0.00645;6;0
ТГК-2 ап;60;20170929;120000;0.00646;0.00646;0.00645;0.00645;15;0
ТГК-2 ап;60;20170929;140000;0.00658;0.00658;0.00658;0.00658;1;0
ТГК-2 ап;60;20170929;170000;0.00658;0.00658;0.00658;0.00658;1;0
ТГК-2 ап;60;20170929;180000;0.00658;0.00658;0.00658;0.00658;1;0
ТГК-2 ап;60;20171002;100000;0.00639;0.00689;0.00638;0.0067;17;0
ТГК-2 ап;60;20171002;110000;0.00694;0.00711;0.0069;0.0071;60;0
ТГК-2 ап;60;20171002;120000;0.00695;0.00695;0.0069;0.0069;39;0
ТГК-2 ап;60;20171002;130000;0.0069;0.00711;0.0069;0.00711;22;0
ТГК-2 ап;60;20171002;140000;0.00701;0.00701;0.00694;0.00699;5;0
ТГК-2 ап;60;20171002;150000;0.00682;0.00682;0.00682;0.00682;1;0
ТГК-2 ап;60;20171002;180000;0.0069;0.007;0.0069;0.007;10;0
ТГК-2 ап;60;20171003;100000;0.00662;0.00695;0.0056;0.00695;497;0
ТГК-2 ап;60;20171003;110000;0.00695;0.00695;0.00695;0.00695;1;0
ТГК-2 ап;60;20171003;120000;0.00696;0.00706;0.00696;0.00706;16;0
ТГК-2 ап;60;20171003;130000;0.00708;0.0071;0.00686;0.00688;11;0
ТГК-2 ап;60;20171003;140000;0.00688;0.00701;0.00688;0.00701;2;0
ТГК-2 ап;60;20171003;180000;0.00688;0.00692;0.00681;0.00692;26;0
ТГК-2 ап;60;20171004;100000;0.00692;0.007;0.00692;0.007;13;0
ТГК-2 ап;60;20171004;110000;0.007;0.007;0.0069;0.0069;9;0
ТГК-2 ап;60;20171004;140000;0.00681;0.0069;0.00681;0.0069;12;0
ТГК-2 ап;60;20171004;150000;0.00689;0.0069;0.00689;0.0069;5;0
ТГК-2 ап;60;20171004;160000;0.0069;0.0069;0.0069;0.0069;7;0
ТГК-2 ап;60;20171004;170000;0.0068;0.0069;0.0068;0.0069;2;0
ТГК-2 ап;60;20171005;100000;0.00661;0.00715;0.00661;0.0071;48;0
ТГК-2 ап;60;20171005;110000;0.0071;0.00747;0.0071;0.00747;27;0
ТГК-2 ап;60;20171005;120000;0.00733;0.00733;0.00717;0.00718;5;0
ТГК-2 ап;60;20171005;130000;0.00732;0.00732;0.0072;0.0072;4;0
ТГК-2 ап;60;20171005;160000;0.00717;0.00717;0.00717;0.00717;1;0
ТГК-2 ап;60;20171005;180000;0.0072;0.00732;0.0071;0.0073;20;0
ТГК-2 ап;60;20171006;100000;0.00742;0.00746;0.00742;0.00746;3;0
ТГК-2 ап;60;20171006;110000;0.00722;0.00723;0.00722;0.00723;15;0
ТГК-2 ап;60;20171006;120000;0.00739;0.0074;0.00739;0.0074;5;0
ТГК-2 ап;60;20171006;150000;0.00725;0.00725;0.00724;0.00724;7;0
ТГК-2 ап;60;20171006;160000;0.0072;0.00725;0.0072;0.00725;3;0
ТГК-2 ап;60;20171006;170000;0.00725;0.00725;0.00721;0.00721;3;0
ТГК-2 ап;60;20171006;180000;0.00721;0.00725;0.0072;0.00725;14;0
ТГК-2 ап;60;20171009;100000;0.00741;0.00747;0.00728;0.00728;11;0
ТГК-2 ап;60;20171009;110000;0.00725;0.00739;0.0071;0.0071;11;0
ТГК-2 ап;60;20171009;130000;0.0072;0.00735;0.0071;0.00731;9;0
ТГК-2 ап;60;20171009;140000;0.00711;0.0072;0.00705;0.00705;14;0
ТГК-2 ап;60;20171009;150000;0.00708;0.00708;0.00706;0.00706;4;0
ТГК-2 ап;60;20171009;170000;0.00705;0.00719;0.00705;0.00719;9;0
ТГК-2 ап;60;20171009;180000;0.00715;0.00716;0.0071;0.00716;11;0
ТГК-2 ап;60;20171010;100000;0.00705;0.00705;0.00705;0.00705;1;0
ТГК-2 ап;60;20171010;110000;0.00706;0.00706;0.00693;0.00693;17;0
ТГК-2 ап;60;20171010;120000;0.007;0.007;0.00689;0.007;11;0
ТГК-2 ап;60;20171010;130000;0.00699;0.00699;0.0069;0.0069;2;0
ТГК-2 ап;60;20171010;140000;0.00699;0.007;0.00692;0.00692;11;0
ТГК-2 ап;60;20171010;150000;0.00706;0.00712;0.00706;0.00712;4;0
ТГК-2 ап;60;20171010;170000;0.00696;0.00696;0.00694;0.00694;3;0
ТГК-2 ап;60;20171010;180000;0.00703;0.00703;0.00693;0.00693;3;0
ТГК-2 ап;60;20171011;100000;0.00717;0.00717;0.00691;0.00691;2;0
ТГК-2 ап;60;20171011;110000;0.0069;0.0069;0.00688;0.00688;10;0
ТГК-2 ап;60;20171011;120000;0.00676;0.00676;0.00676;0.00676;2;0
ТГК-2 ап;60;20171011;130000;0.00681;0.00681;0.00681;0.00681;2;0
ТГК-2 ап;60;20171011;140000;0.00685;0.00685;0.00671;0.00671;16;0
ТГК-2 ап;60;20171011;150000;0.0067;0.00671;0.0067;0.0067;6;0
ТГК-2 ап;60;20171011;160000;0.00687;0.00687;0.00685;0.00685;2;0
ТГК-2 ап;60;20171011;170000;0.00679;0.00679;0.00679;0.00679;2;0
ТГК-2 ап;60;20171011;180000;0.00679;0.00679;0.00679;0.00679;2;0
ТГК-2 ап;60;20171012;100000;0.00676;0.00677;0.00675;0.00675;7;0
ТГК-2 ап;60;20171012;110000;0.00675;0.00675;0.00675;0.00675;5;0
ТГК-2 ап;60;20171012;150000;0.0067;0.0067;0.0067;0.0067;6;0
ТГК-2 ап;60;20171012;160000;0.00687;0.0069;0.00687;0.0069;7;0
ТГК-2 ап;60;20171012;170000;0.00679;0.0068;0.00679;0.0068;2;0
ТГК-2 ап;60;20171013;100000;0.00671;0.00689;0.0067;0.00689;7;0
ТГК-2 ап;60;20171013;110000;0.00676;0.00676;0.0067;0.0067;59;0
ТГК-2 ап;60;20171013;120000;0.0067;0.0067;0.00657;0.0067;28;0
ТГК-2 ап;60;20171013;130000;0.0067;0.0067;0.0066;0.00663;14;0
ТГК-2 ап;60;20171013;140000;0.00674;0.00679;0.00662;0.00662;6;0
ТГК-2 ап;60;20171013;150000;0.00664;0.00664;0.0066;0.0066;5;0
ТГК-2 ап;60;20171013;170000;0.0066;0.00666;0.00647;0.00666;108;0
ТГК-2 ап;60;20171013;180000;0.00648;0.0068;0.00643;0.0065;68;0
ТГК-2 ап;60;20171016;100000;0.0065;0.00678;0.00647;0.00647;13;0
ТГК-2 ап;60;20171016;110000;0.00669;0.00669;0.0066;0.0066;4;0
ТГК-2 ап;60;20171016;120000;0.00656;0.00656;0.00621;0.00652;64;0
ТГК-2 ап;60;20171016;130000;0.00651;0.00651;0.00646;0.00646;31;0
ТГК-2 ап;60;20171016;140000;0.00649;0.00663;0.00646;0.00663;9;0
ТГК-2 ап;60;20171016;150000;0.00659;0.00659;0.00644;0.00657;40;0
ТГК-2 ап;60;20171016;170000;0.00657;0.00672;0.00657;0.00671;27;0
ТГК-2 ап;60;20171016;180000;0.00671;0.00671;0.00648;0.00648;52;0
ТГК-2 ап;60;20171017;100000;0.00644;0.00668;0.00644;0.00659;5;0
ТГК-2 ап;60;20171017;110000;0.00658;0.0066;0.00658;0.0066;3;0
ТГК-2 ап;60;20171017;120000;0.00669;0.00669;0.00669;0.00669;1;0
ТГК-2 ап;60;20171017;130000;0.0066;0.0066;0.00655;0.00655;11;0
ТГК-2 ап;60;20171017;140000;0.00651;0.00651;0.00651;0.00651;1;0
ТГК-2 ап;60;20171017;150000;0.00666;0.00689;0.00666;0.0068;43;0
ТГК-2 ап;60;20171017;160000;0.00688;0.00688;0.00661;0.00662;22;0
ТГК-2 ап;60;20171017;170000;0.00662;0.00662;0.00656;0.00656;9;0
ТГК-2 ап;60;20171017;180000;0.0066;0.0066;0.0066;0.0066;1;0
ТГК-2 ап;60;20171018;110000;0.00647;0.00647;0.00647;0.00647;1;0
ТГК-2 ап;60;20171018;120000;0.00654;0.00656;0.00622;0.00625;51;0
ТГК-2 ап;60;20171018;140000;0.00643;0.0065;0.00643;0.0065;5;0
ТГК-2 ап;60;20171018;150000;0.00639;0.0064;0.00639;0.0064;4;0
ТГК-2 ап;60;20171018;160000;0.00649;0.0065;0.00649;0.0065;9;0
ТГК-2 ап;60;20171018;170000;0.0064;0.00655;0.0064;0.0064;4;0
ТГК-2 ап;60;20171018;180000;0.00634;0.00634;0.00634;0.00634;2;0
ТГК-2 ап;60;20171019;100000;0.00666;0.00666;0.00623;0.00634;9;0
ТГК-2 ап;60;20171019;110000;0.00646;0.00646;0.00624;0.00626;12;0
ТГК-2 ап;60;20171019;130000;0.00625;0.00625;0.00623;0.00623;10;0
ТГК-2 ап;60;20171019;140000;0.00637;0.00638;0.00637;0.00638;2;0
ТГК-2 ап;60;20171019;150000;0.00634;0.00639;0.00634;0.00639;5;0
ТГК-2 ап;60;20171019;160000;0.0063;0.0063;0.00626;0.00626;10;0
ТГК-2 ап;60;20171019;180000;0.00627;0.0065;0.00627;0.0065;14;0
ТГК-2 ап;60;20171020;100000;0.00664;0.00664;0.00618;0.00651;9;0
ТГК-2 ап;60;20171020;110000;0.00633;0.00647;0.00633;0.00646;5;0
ТГК-2 ап;60;20171020;120000;0.00649;0.00649;0.00636;0.00636;2;0
ТГК-2 ап;60;20171020;130000;0.00639;0.00649;0.00635;0.00649;4;0
ТГК-2 ап;60;20171020;150000;0.00631;0.00631;0.00631;0.00631;3;0
ТГК-2 ап;60;20171020;170000;0.00639;0.00646;0.00639;0.00646;5;0
ТГК-2 ап;60;20171020;180000;0.00649;0.00669;0.00649;0.00669;14;0
ТГК-2 ап;60;20171023;100000;0.00682;0.00682;0.00633;0.00669;16;0
ТГК-2 ап;60;20171023;110000;0.00651;0.00659;0.00651;0.00651;7;0
ТГК-2 ап;60;20171023;120000;0.0066;0.0067;0.00641;0.00641;23;0
ТГК-2 ап;60;20171023;140000;0.00659;0.00659;0.00641;0.00659;8;0
ТГК-2 ап;60;20171023;170000;0.00649;0.00649;0.00648;0.00648;2;0
ТГК-2 ап;60;20171024;090000;0.00668;0.00668;0.00668;0.00668;1;0
ТГК-2 ап;60;20171024;100000;0.00659;0.00659;0.00633;0.0064;20;0
ТГК-2 ап;60;20171024;110000;0.0064;0.0064;0.0064;0.0064;5;0
ТГК-2 ап;60;20171024;120000;0.0064;0.0064;0.00635;0.00635;2;0
ТГК-2 ап;60;20171024;140000;0.00635;0.0064;0.00635;0.0064;37;0
ТГК-2 ап;60;20171024;160000;0.0064;0.0065;0.00635;0.0065;18;0
ТГК-2 ап;60;20171024;170000;0.0065;0.00654;0.00643;0.00643;11;0
ТГК-2 ап;60;20171025;100000;0.00663;0.00663;0.00663;0.00663;2;0
ТГК-2 ап;60;20171025;110000;0.0066;0.0066;0.0066;0.0066;2;0
ТГК-2 ап;60;20171025;120000;0.00647;0.0065;0.00647;0.0065;3;0
ТГК-2 ап;60;20171025;170000;0.00649;0.00649;0.00649;0.00649;3;0
ТГК-2 ап;60;20171026;100000;0.00663;0.00663;0.00624;0.0064;7;0
ТГК-2 ап;60;20171026;130000;0.00641;0.00641;0.00641;0.00641;2;0
ТГК-2 ап;60;20171026;170000;0.00651;0.0066;0.0065;0.0065;11;0
ТГК-2 ап;60;20171026;180000;0.0065;0.0065;0.0065;0.0065;1;0
ТГК-2 ап;60;20171027;100000;0.00649;0.00656;0.00649;0.00656;36;0
ТГК-2 ап;60;20171027;110000;0.00655;0.00656;0.00655;0.00656;3;0
ТГК-2 ап;60;20171027;120000;0.00655;0.00655;0.00655;0.00655;2;0
ТГК-2 ап;60;20171027;150000;0.00655;0.00655;0.00655;0.00655;1;0
ТГК-2 ап;60;20171027;160000;0.00655;0.0066;0.00655;0.0066;34;0
ТГК-2 ап;60;20171027;180000;0.0066;0.00667;0.0066;0.00667;4;0
ТГК-2 ап;60;20171030;100000;0.00646;0.00667;0.00646;0.00667;3;0
ТГК-2 ап;60;20171030;130000;0.00664;0.00664;0.00664;0.00664;1;0
ТГК-2 ап;60;20171030;150000;0.00665;0.00668;0.00665;0.00668;5;0
ТГК-2 ап;60;20171030;170000;0.00667;0.00667;0.00667;0.00667;1;0
ТГК-2 ап;60;20171031;130000;0.00643;0.00651;0.00629;0.00629;15;0
ТГК-2 ап;60;20171031;140000;0.00631;0.00656;0.00628;0.00656;49;0
ТГК-2 ап;60;20171031;150000;0.00645;0.00672;0.00645;0.0066;47;0
ТГК-2 ап;60;20171031;180000;0.00658;0.00658;0.00655;0.00655;22;0
ТГК-2 ап;60;20171101;100000;0.00668;0.00668;0.0063;0.0063;36;0
ТГК-2 ап;60;20171101;110000;0.00632;0.00652;0.00631;0.0064;4;0
ТГК-2 ап;60;20171101;130000;0.00641;0.00641;0.00641;0.00641;3;0
ТГК-2 ап;60;20171101;150000;0.00641;0.00641;0.0064;0.0064;9;0
ТГК-2 ап;60;20171101;170000;0.00639;0.00639;0.00639;0.00639;1;0
ТГК-2 ап;60;20171101;180000;0.00639;0.00647;0.00639;0.00647;5;0
ТГК-2 ап;60;20171102;130000;0.00634;0.00634;0.00633;0.00633;5;0
ТГК-2 ап;60;20171102;170000;0.00641;0.0065;0.00634;0.00634;32;0
ТГК-2 ап;60;20171103;120000;0.00635;0.00644;0.00635;0.00635;6;0
ТГК-2 ап;60;20171103;130000;0.00649;0.0065;0.00649;0.0065;3;0
ТГК-2 ап;60;20171103;140000;0.0064;0.0064;0.0064;0.0064;20;0
ТГК-2 ап;60;20171103;150000;0.0064;0.0064;0.0064;0.0064;4;0
ТГК-2 ап;60;20171103;160000;0.0064;0.0064;0.0064;0.0064;6;0
ТГК-2 ап;60;20171103;170000;0.00638;0.00638;0.00638;0.00638;1;0
ТГК-2 ап;60;20171103;180000;0.00638;0.00638;0.00638;0.00638;1;0
ТГК-2 ап;60;20171107;110000;0.00655;0.00656;0.00649;0.00656;4;0
ТГК-2 ап;60;20171107;120000;0.00642;0.00642;0.0063;0.00641;40;0
ТГК-2 ап;60;20171107;130000;0.00642;0.00642;0.00632;0.00632;6;0
ТГК-2 ап;60;20171107;140000;0.00648;0.00648;0.0063;0.00645;18;0
ТГК-2 ап;60;20171107;150000;0.00631;0.00631;0.00631;0.00631;1;0
ТГК-2 ап;60;20171107;160000;0.00636;0.00637;0.0063;0.00637;6;0
ТГК-2 ап;60;20171107;170000;0.00645;0.00656;0.00645;0.00656;9;0
ТГК-2 ап;60;20171107;180000;0.00655;0.0066;0.00655;0.00659;30;0
ТГК-2 ап;60;20171108;120000;0.00664;0.00664;0.00664;0.00664;1;0
ТГК-2 ап;60;20171108;130000;0.00657;0.00664;0.00657;0.00664;4;0
ТГК-2 ап;60;20171108;140000;0.0066;0.0066;0.0066;0.0066;3;0
ТГК-2 ап;60;20171108;150000;0.0066;0.0066;0.0066;0.0066;3;0
ТГК-2 ап;60;20171108;160000;0.00657;0.00657;0.0065;0.0065;15;0
ТГК-2 ап;60;20171108;170000;0.00648;0.00648;0.00648;0.00648;1;0
ТГК-2 ап;60;20171109;100000;0.00635;0.00635;0.00635;0.00635;1;0
ТГК-2 ап;60;20171109;110000;0.00641;0.00641;0.00641;0.00641;2;0
ТГК-2 ап;60;20171109;120000;0.00652;0.00653;0.00652;0.00653;5;0
ТГК-2 ап;60;20171109;140000;0.00656;0.00659;0.00656;0.00659;8;0
ТГК-2 ап;60;20171109;150000;0.00658;0.00658;0.00658;0.00658;5;0
ТГК-2 ап;60;20171109;180000;0.00658;0.00658;0.00652;0.00652;2;0
ТГК-2 ап;60;20171110;110000;0.0066;0.0066;0.0066;0.0066;4;0
ТГК-2 ап;60;20171110;120000;0.00659;0.00659;0.00659;0.00659;2;0
ТГК-2 ап;60;20171110;170000;0.00644;0.00644;0.00631;0.00631;25;0
ТГК-2 ап;60;20171110;180000;0.00649;0.00657;0.00649;0.00649;17;0
ТГК-2 ап;60;20171113;130000;0.0064;0.0064;0.0064;0.0064;20;0
ТГК-2 ап;60;20171113;150000;0.00649;0.00649;0.00649;0.00649;20;0
ТГК-2 ап;60;20171114;100000;0.00633;0.00633;0.00633;0.00633;37;0
ТГК-2 ап;60;20171114;110000;0.00641;0.00641;0.00641;0.00641;1;0
ТГК-2 ап;60;20171114;130000;0.00654;0.00654;0.00654;0.00654;4;0
ТГК-2 ап;60;20171114;180000;0.00645;0.00645;0.0063;0.0063;8;0
ТГК-2 ап;60;20171115;100000;0.0063;0.0063;0.0063;0.0063;47;0
ТГК-2 ап;60;20171115;110000;0.0064;0.0064;0.0064;0.0064;1;0
ТГК-2 ап;60;20171115;130000;0.0063;0.0063;0.0063;0.0063;4;0
ТГК-2 ап;60;20171115;150000;0.0064;0.00664;0.0064;0.00664;15;0
ТГК-2 ап;60;20171115;160000;0.00646;0.00646;0.00618;0.0064;88;0
ТГК-2 ап;60;20171115;170000;0.0063;0.0063;0.0063;0.0063;1;0
ТГК-2 ап;60;20171116;100000;0.00612;0.0062;0.00445;0.00606;79;0
ТГК-2 ап;60;20171116;110000;0.00611;0.00613;0.00611;0.00612;11;0
ТГК-2 ап;60;20171116;120000;0.00612;0.00612;0.00612;0.00612;2;0
ТГК-2 ап;60;20171116;150000;0.00595;0.00595;0.00591;0.00591;2;0
ТГК-2 ап;60;20171116;160000;0.006;0.006;0.00582;0.0059;9;0
ТГК-2 ап;60;20171116;170000;0.00606;0.00606;0.00561;0.0058;24;0
ТГК-2 ап;60;20171116;180000;0.00573;0.00598;0.00572;0.00594;20;0
ТГК-2 ап;60;20171117;100000;0.00623;0.00623;0.006;0.00609;11;0
ТГК-2 ап;60;20171117;110000;0.00601;0.00601;0.00601;0.00601;3;0
ТГК-2 ап;60;20171117;140000;0.00611;0.00611;0.00611;0.00611;1;0
ТГК-2 ап;60;20171117;150000;0.006;0.006;0.006;0.006;2;0
ТГК-2 ап;60;20171120;110000;0.00602;0.00602;0.00602;0.00602;1;0
ТГК-2 ап;60;20171120;120000;0.00602;0.00602;0.00601;0.00601;2;0
ТГК-2 ап;60;20171120;140000;0.006;0.006;0.006;0.006;5;0
ТГК-2 ап;60;20171121;130000;0.006;0.006;0.006;0.006;1;0
ТГК-2 ап;60;20171121;140000;0.00599;0.00599;0.00599;0.00599;1;0
ТГК-2 ап;60;20171121;160000;0.00598;0.00598;0.00598;0.00598;5;0
ТГК-2 ап;60;20171121;170000;0.00599;0.00599;0.0059;0.0059;9;0
ТГК-2 ап;60;20171121;180000;0.00591;0.00592;0.0059;0.00592;19;0
ТГК-2 ап;60;20171122;100000;0.0058;0.0058;0.0058;0.0058;2;0
ТГК-2 ап;60;20171122;110000;0.0059;0.0059;0.0059;0.0059;1;0
ТГК-2 ап;60;20171122;130000;0.00582;0.00582;0.00581;0.00581;8;0
ТГК-2 ап;60;20171122;140000;0.00581;0.00581;0.00581;0.00581;2;0
ТГК-2 ап;60;20171122;170000;0.0059;0.0059;0.0059;0.0059;2;0
ТГК-2 ап;60;20171123;100000;0.00556;0.00582;0.00556;0.00582;161;0
ТГК-2 ап;60;20171123;120000;0.00592;0.00592;0.00592;0.00592;1;0
ТГК-2 ап;60;20171123;130000;0.00598;0.00599;0.00598;0.00599;4;0
ТГК-2 ап;60;20171123;140000;0.00599;0.006;0.00599;0.006;3;0
ТГК-2 ап;60;20171123;160000;0.00585;0.00585;0.00583;0.00583;10;0
ТГК-2 ап;60;20171123;170000;0.00599;0.00599;0.00599;0.00599;2;0
ТГК-2 ап;60;20171124;100000;0.00599;0.00599;0.00599;0.00599;1;0
ТГК-2 ап;60;20171124;110000;0.006;0.006;0.00599;0.00599;2;0
ТГК-2 ап;60;20171124;130000;0.006;0.006;0.006;0.006;2;0
ТГК-2 ап;60;20171124;160000;0.00603;0.00606;0.00603;0.00606;3;0
ТГК-2 ап;60;20171124;170000;0.00603;0.00603;0.00603;0.00603;1;0
ТГК-2 ап;60;20171127;090000;0.00615;0.00615;0.00615;0.00615;1;0
ТГК-2 ап;60;20171127;100000;0.00597;0.00597;0.00577;0.0059;5;0
ТГК-2 ап;60;20171127;150000;0.00591;0.00591;0.00591;0.00591;1;0
ТГК-2 ап;60;20171127;160000;0.0059;0.0059;0.00578;0.00579;10;0
ТГК-2 ап;60;20171127;170000;0.00578;0.00578;0.00578;0.00578;2;0
ТГК-2 ап;60;20171127;180000;0.00589;0.00599;0.00589;0.00589;5;0
ТГК-2 ап;60;20171128;160000;0.00582;0.00582;0.0058;0.00581;6;0
ТГК-2 ап;60;20171128;170000;0.0059;0.0059;0.0059;0.0059;1;0
ТГК-2 ап;60;20171128;180000;0.0058;0.0058;0.0058;0.0058;8;0
ТГК-2 ап;60;20171129;100000;0.00543;0.0059;0.00543;0.0059;3;0
ТГК-2 ап;60;20171129;110000;0.00589;0.00592;0.00589;0.00592;6;0
ТГК-2 ап;60;20171129;120000;0.00584;0.00584;0.00563;0.00563;23;0
ТГК-2 ап;60;20171129;130000;0.00561;0.00561;0.00561;0.00561;20;0
ТГК-2 ап;60;20171129;140000;0.00571;0.00572;0.00556;0.00556;45;0
ТГК-2 ап;60;20171129;150000;0.0056;0.00564;0.0056;0.00564;41;0
ТГК-2 ап;60;20171129;170000;0.00571;0.00574;0.0057;0.0057;5;0
ТГК-2 ап;60;20171130;120000;0.00567;0.00567;0.00567;0.00567;1;0
ТГК-2 ап;60;20171130;130000;0.00566;0.00566;0.00565;0.00565;3;0
ТГК-2 ап;60;20171130;170000;0.00566;0.00566;0.00556;0.00556;2;0
ТГК-2 ап;60;20171130;180000;0.0056;0.00566;0.0056;0.00566;2;0
ТГК-2 ап;60;20171201;120000;0.00551;0.00551;0.0055;0.0055;13;0
ТГК-2 ап;60;20171201;130000;0.00551;0.00566;0.0055;0.00566;10;0
ТГК-2 ап;60;20171201;140000;0.00558;0.00559;0.0052;0.00553;24;0
ТГК-2 ап;60;20171201;180000;0.0054;0.0054;0.0054;0.0054;1;0
ТГК-2 ап;60;20171204;100000;0.00541;0.00541;0.0054;0.0054;4;0
ТГК-2 ап;60;20171204;120000;0.00531;0.00531;0.00531;0.00531;1;0
ТГК-2 ап;60;20171204;130000;0.0053;0.0053;0.0053;0.0053;1;0
ТГК-2 ап;60;20171204;160000;0.0053;0.0053;0.0053;0.0053;1;0
ТГК-2 ап;60;20171204;170000;0.00508;0.0052;0.00507;0.0052;3;0
ТГК-2 ап;60;20171204;180000;0.0051;0.0052;0.0051;0.00515;3;0
ТГК-2 ап;60;20171205;100000;0.0048;0.0048;0.0048;0.0048;59;0
ТГК-2 ап;60;20171205;120000;0.00505;0.00529;0.00501;0.00529;21;0
ТГК-2 ап;60;20171205;140000;0.005;0.005;0.005;0.005;1;0
ТГК-2 ап;60;20171205;150000;0.00515;0.00515;0.0051;0.00512;3;0
ТГК-2 ап;60;20171205;160000;0.00502;0.00502;0.00501;0.00501;2;0
ТГК-2 ап;60;20171205;170000;0.0051;0.00513;0.0051;0.00513;3;0
ТГК-2 ап;60;20171206;100000;0.00524;0.00526;0.00524;0.00526;4;0
ТГК-2 ап;60;20171206;110000;0.00502;0.00568;0.00502;0.0056;49;0
ТГК-2 ап;60;20171206;130000;0.0056;0.0065;0.0056;0.00591;156;0
ТГК-2 ап;60;20171206;140000;0.006;0.006;0.00598;0.00599;10;0
ТГК-2 ап;60;20171206;150000;0.00587;0.0059;0.00581;0.00581;18;0
ТГК-2 ап;60;20171206;160000;0.00581;0.00595;0.00581;0.00589;93;0
ТГК-2 ап;60;20171206;170000;0.00589;0.00589;0.00576;0.00585;23;0
ТГК-2 ап;60;20171206;180000;0.00576;0.00587;0.00571;0.00587;19;0
ТГК-2 ап;60;20171207;110000;0.00595;0.00623;0.00573;0.0058;9;0
ТГК-2 ап;60;20171207;130000;0.00594;0.006;0.0059;0.006;43;0
ТГК-2 ап;60;20171207;140000;0.006;0.006;0.006;0.006;57;0
ТГК-2 ап;60;20171207;150000;0.00606;0.0061;0.00606;0.0061;77;0
ТГК-2 ап;60;20171207;160000;0.0061;0.0061;0.0061;0.0061;1;0
ТГК-2 ап;60;20171207;180000;0.0061;0.00622;0.0061;0.0062;51;0
ТГК-2 ап;60;20171208;140000;0.00619;0.00624;0.00619;0.00624;6;0
ТГК-2 ап;60;20171208;150000;0.00626;0.00651;0.00626;0.0065;39;0
ТГК-2 ап;60;20171208;160000;0.00646;0.0065;0.00646;0.0065;13;0
ТГК-2 ап;60;20171208;170000;0.00652;0.00652;0.00652;0.00652;1;0
ТГК-2 ап;60;20171211;100000;0.00611;0.00661;0.00611;0.00661;9;0
ТГК-2 ап;60;20171211;110000;0.0068;0.0068;0.00659;0.00679;39;0
ТГК-2 ап;60;20171211;120000;0.00661;0.00676;0.00622;0.00676;13;0
ТГК-2 ап;60;20171211;180000;0.0067;0.00679;0.0067;0.0067;4;0
ТГК-2 ап;60;20171212;100000;0.00678;0.00685;0.00678;0.0068;5;0
ТГК-2 ап;60;20171212;110000;0.00646;0.0067;0.00646;0.0067;2;0
ТГК-2 ап;60;20171212;130000;0.0066;0.00676;0.0066;0.0067;5;0
ТГК-2 ап;60;20171212;150000;0.00662;0.00662;0.00662;0.00662;1;0
ТГК-2 ап;60;20171213;110000;0.00639;0.00659;0.00639;0.00659;2;0
ТГК-2 ап;60;20171213;160000;0.0066;0.0066;0.0066;0.0066;20;0
ТГК-2 ап;60;20171213;180000;0.00652;0.00652;0.00651;0.00651;5;0
ТГК-2 ап;60;20171214;100000;0.00684;0.00684;0.00625;0.0065;3;0
ТГК-2 ап;60;20171214;110000;0.0065;0.0065;0.00644;0.00644;2;0
ТГК-2 ап;60;20171214;150000;0.0064;0.0064;0.0064;0.0064;2;0
ТГК-2 ап;60;20171214;170000;0.00639;0.0064;0.00639;0.0064;31;0
ТГК-2 ап;60;20171218;100000;0.00676;0.00676;0.00676;0.00676;2;0
ТГК-2 ап;60;20171218;120000;0.0065;0.0067;0.0065;0.0067;5;0
ТГК-2 ап;60;20171218;130000;0.00676;0.00677;0.00676;0.00677;3;0
ТГК-2 ап;60;20171218;140000;0.00661;0.00661;0.0066;0.0066;3;0
ТГК-2 ап;60;20171218;150000;0.00669;0.00669;0.00669;0.00669;1;0
ТГК-2 ап;60;20171218;160000;0.00669;0.0068;0.00669;0.0068;40;0
ТГК-2 ап;60;20171218;170000;0.00659;0.00659;0.00659;0.00659;1;0
ТГК-2 ап;60;20171219;100000;0.00695;0.00695;0.00635;0.0067;18;0
ТГК-2 ап;60;20171219;110000;0.00678;0.0069;0.00678;0.0069;10;0
ТГК-2 ап;60;20171219;120000;0.00665;0.00665;0.0066;0.0066;12;0
ТГК-2 ап;60;20171219;130000;0.00651;0.00651;0.0065;0.0065;3;0
ТГК-2 ап;60;20171219;170000;0.00641;0.00641;0.00619;0.00621;12;0
ТГК-2 ап;60;20171220;120000;0.00607;0.0062;0.00607;0.0062;3;0
ТГК-2 ап;60;20171220;130000;0.00611;0.00611;0.00611;0.00611;1;0
ТГК-2 ап;60;20171220;170000;0.00619;0.0062;0.00619;0.0062;12;0
ТГК-2 ап;60;20171220;180000;0.00626;0.00629;0.00626;0.00629;3;0
ТГК-2 ап;60;20171221;120000;0.00663;0.00663;0.00663;0.00663;3;0
ТГК-2 ап;60;20171221;140000;0.00616;0.00616;0.00616;0.00616;1;0
ТГК-2 ап;60;20171221;160000;0.0062;0.0062;0.0062;0.0062;1;0
ТГК-2 ап;60;20171221;170000;0.00608;0.00608;0.00608;0.00608;1;0
ТГК-2 ап;60;20171221;180000;0.00638;0.00638;0.00638;0.00638;2;0
ТГК-2 ап;60;20171222;110000;0.00659;0.00659;0.00659;0.00659;2;0
ТГК-2 ап;60;20171222;120000;0.0063;0.00649;0.0063;0.00649;2;0
ТГК-2 ап;60;20171222;130000;0.00632;0.00649;0.00632;0.00649;8;0
ТГК-2 ап;60;20171222;140000;0.00631;0.00631;0.00631;0.00631;1;0
ТГК-2 ап;60;20171222;160000;0.00632;0.00632;0.00632;0.00632;5;0
ТГК-2 ап;60;20171222;170000;0.0063;0.0063;0.00606;0.00611;7;0
ТГК-2 ап;60;20171222;180000;0.00634;0.00634;0.00634;0.00634;2;0
ТГК-2 ап;60;20171225;100000;0.00601;0.00665;0.00601;0.00609;11;0
ТГК-2 ап;60;20171225;110000;0.00637;0.00638;0.00637;0.00638;3;0
ТГК-2 ап;60;20171225;140000;0.0062;0.0062;0.0062;0.0062;1;0
ТГК-2 ап;60;20171226;130000;0.00659;0.00735;0.0064;0.00722;109;0
ТГК-2 ап;60;20171226;140000;0.00719;0.00723;0.00688;0.00688;30;0
ТГК-2 ап;60;20171226;150000;0.00688;0.0069;0.00666;0.00671;18;0
ТГК-2 ап;60;20171226;160000;0.0067;0.0067;0.00663;0.00663;3;0
ТГК-2 ап;60;20171226;180000;0.00682;0.00688;0.00678;0.00678;10;0
ТГК-2 ап;60;20171227;100000;0.00707;0.00707;0.00707;0.00707;1;0
ТГК-2 ап;60;20171227;130000;0.00676;0.0069;0.00675;0.0069;13;0
ТГК-2 ап;60;20171227;150000;0.0068;0.007;0.0066;0.007;54;0
ТГК-2 ап;60;20171227;170000;0.00679;0.00679;0.0067;0.0067;3;0
ТГК-2 ап;60;20171228;120000;0.00695;0.007;0.00674;0.00674;7;0
ТГК-2 ап;60;20171228;130000;0.00674;0.00674;0.00674;0.00674;4;0
ТГК-2 ап;60;20171228;140000;0.00677;0.00677;0.00674;0.00674;3;0
ТГК-2 ап;60;20171228;160000;0.00674;0.00674;0.00674;0.00674;1;0
ТГК-2 ап;60;20171228;170000;0.00689;0.00704;0.00689;0.00704;11;0
ТГК-2 ап;60;20171228;180000;0.00682;0.0069;0.00649;0.0068;39;0
ТГК-2 ап;60;20171229;130000;0.00654;0.0067;0.00651;0.0067;4;0
ТГК-2 ап;60;20171229;160000;0.00671;0.00671;0.00671;0.00671;1;0
ТГК-2 ап;60;20171229;170000;0.0066;0.0066;0.00621;0.00658;11;0
ТГК-2 ап;60;20171229;180000;0.0065;0.0065;0.0065;0.0065;1;0
