<TICKER>;<PER>;<DATE>;<TIME>;<OPEN>;<HIGH>;<LOW>;<CLOSE>;<VOL>;<OPENINT>
ТГК-14;60;20170124;100000;0.00353;0.00353;0.00349;0.00349;211;0
ТГК-14;60;20170124;110000;0.003485;0.003485;0.00345;0.003475;154;0
ТГК-14;60;20170124;130000;0.003465;0.003465;0.003465;0.003465;1;0
ТГК-14;60;20170124;140000;0.00345;0.00347;0.0034;0.0034;63;0
ТГК-14;60;20170124;150000;0.0034;0.00345;0.0034;0.003435;27;0
ТГК-14;60;20170124;160000;0.00343;0.003435;0.00333;0.003415;69;0
ТГК-14;60;20170124;170000;0.00343;0.00345;0.003395;0.003395;411;0
ТГК-14;60;20170124;180000;0.003395;0.00347;0.00339;0.003465;122;0
ТГК-14;60;20170125;090000;0.00331;0.00331;0.00331;0.00331;1;0
ТГК-14;60;20170125;100000;0.003505;0.003505;0.0035;0.0035;2;0
ТГК-14;60;20170125;110000;0.003495;0.0035;0.003495;0.0035;2;0
ТГК-14;60;20170125;130000;0.003455;0.003455;0.003455;0.003455;1;0
ТГК-14;60;20170125;140000;0.003475;0.003475;0.00345;0.00345;7;0
ТГК-14;60;20170125;170000;0.00345;0.00345;0.0034;0.0034;12;0
ТГК-14;60;20170125;180000;0.003405;0.003405;0.003405;0.003405;1;0
ТГК-14;60;20170126;100000;0.00352;0.00352;0.00334;0.00334;44;0
ТГК-14;60;20170126;110000;0.00337;0.003395;0.00335;0.003395;10;0
ТГК-14;60;20170126;120000;0.0034;0.003405;0.0034;0.003405;6;0
ТГК-14;60;20170126;130000;0.003405;0.00345;0.0034;0.00345;29;0
ТГК-14;60;20170126;170000;0.003425;0.003425;0.003405;0.003405;2;0
ТГК-14;60;20170126;180000;0.00341;0.00341;0.00341;0.00341;1;0
ТГК-14;60;20170127;090000;0.003445;0.003445;0.003445;0.003445;1;0
ТГК-14;60;20170127;100000;0.003405;0.003405;0.003405;0.003405;2;0
ТГК-14;60;20170127;110000;0.00341;0.00341;0.00341;0.00341;1;0
ТГК-14;60;20170127;130000;0.00348;0.00348;0.00346;0.00346;9;0
ТГК-14;60;20170127;140000;0.003455;0.0035;0.003455;0.0035;11;0
ТГК-14;60;20170127;150000;0.00347;0.00347;0.00347;0.00347;1;0
ТГК-14;60;20170127;180000;0.00348;0.00348;0.003465;0.003465;8;0
ТГК-14;60;20170130;100000;0.003405;0.003405;0.00338;0.00338;24;0
ТГК-14;60;20170130;110000;0.003365;0.003435;0.003365;0.00343;12;0
ТГК-14;60;20170130;120000;0.003375;0.00342;0.003375;0.00342;3;0
ТГК-14;60;20170130;150000;0.00342;0.00342;0.00342;0.00342;2;0
ТГК-14;60;20170130;170000;0.00341;0.00345;0.00341;0.00344;26;0
ТГК-14;60;20170130;180000;0.003445;0.003445;0.003445;0.003445;7;0
ТГК-14;60;20170131;100000;0.003445;0.003445;0.003415;0.003415;16;0
ТГК-14;60;20170131;130000;0.003425;0.00346;0.003425;0.00346;2;0
ТГК-14;60;20170131;150000;0.003415;0.003415;0.003395;0.003395;107;0
ТГК-14;60;20170131;160000;0.00339;0.00339;0.003385;0.003385;4;0
ТГК-14;60;20170131;180000;0.003385;0.003385;0.003375;0.003375;114;0
ТГК-14;60;20170201;140000;0.003365;0.003365;0.00335;0.00335;63;0
ТГК-14;60;20170201;160000;0.00335;0.00339;0.00335;0.00339;3;0
ТГК-14;60;20170201;180000;0.00339;0.00341;0.00339;0.003395;8;0
ТГК-14;60;20170202;110000;0.003355;0.003355;0.00335;0.00335;35;0
ТГК-14;60;20170202;120000;0.003405;0.003405;0.003405;0.003405;3;0
ТГК-14;60;20170202;150000;0.003405;0.003405;0.003405;0.003405;5;0
ТГК-14;60;20170202;160000;0.00336;0.00336;0.003355;0.003355;12;0
ТГК-14;60;20170202;170000;0.00338;0.00338;0.00338;0.00338;1;0
ТГК-14;60;20170202;180000;0.003405;0.003415;0.003395;0.003405;56;0
ТГК-14;60;20170203;100000;0.0034;0.0034;0.0034;0.0034;11;0
ТГК-14;60;20170203;110000;0.003405;0.003405;0.0034;0.0034;10;0
ТГК-14;60;20170203;130000;0.0034;0.00343;0.0034;0.00343;4;0
ТГК-14;60;20170203;160000;0.00343;0.003445;0.00343;0.003445;20;0
ТГК-14;60;20170203;180000;0.00344;0.00345;0.003415;0.00345;20;0
ТГК-14;60;20170206;100000;0.0035;0.0035;0.00345;0.00345;2;0
ТГК-14;60;20170206;110000;0.00341;0.00341;0.0034;0.0034;10;0
ТГК-14;60;20170206;130000;0.00343;0.00343;0.00343;0.00343;1;0
ТГК-14;60;20170206;180000;0.00344;0.003445;0.00344;0.003445;2;0
ТГК-14;60;20170207;130000;0.00341;0.003445;0.0034;0.003445;51;0
ТГК-14;60;20170207;140000;0.00341;0.00341;0.0034;0.0034;50;0
ТГК-14;60;20170207;150000;0.003445;0.003445;0.003445;0.003445;1;0
ТГК-14;60;20170207;180000;0.00344;0.00345;0.00344;0.00345;3;0
ТГК-14;60;20170208;120000;0.00341;0.003445;0.003405;0.003445;3;0
ТГК-14;60;20170208;130000;0.0034;0.0034;0.0034;0.0034;6;0
ТГК-14;60;20170208;140000;0.0034;0.00344;0.0034;0.00344;2;0
ТГК-14;60;20170208;180000;0.0034;0.0034;0.0034;0.0034;28;0
ТГК-14;60;20170209;100000;0.00343;0.00343;0.00343;0.00343;2;0
ТГК-14;60;20170209;110000;0.003425;0.00343;0.00342;0.00342;3;0
ТГК-14;60;20170209;120000;0.003415;0.003425;0.003355;0.00341;53;0
ТГК-14;60;20170209;130000;0.00337;0.00341;0.00337;0.00341;20;0
ТГК-14;60;20170209;140000;0.00338;0.00338;0.00337;0.00337;4;0
ТГК-14;60;20170209;150000;0.00339;0.003395;0.00339;0.003395;2;0
ТГК-14;60;20170209;180000;0.003395;0.003395;0.003395;0.003395;2;0
ТГК-14;60;20170210;140000;0.00336;0.00336;0.003355;0.003355;2;0
ТГК-14;60;20170210;150000;0.00339;0.00339;0.00339;0.00339;1;0
ТГК-14;60;20170210;170000;0.00337;0.00338;0.00335;0.00338;71;0
ТГК-14;60;20170210;180000;0.00335;0.00338;0.00335;0.00338;81;0
ТГК-14;60;20170213;090000;0.00341;0.00341;0.00341;0.00341;4;0
ТГК-14;60;20170213;100000;0.003395;0.00345;0.0033;0.0034;240;0
ТГК-14;60;20170213;110000;0.003435;0.00345;0.00341;0.00345;20;0
ТГК-14;60;20170213;120000;0.00345;0.0035;0.00345;0.0035;32;0
ТГК-14;60;20170213;130000;0.0035;0.0035;0.003495;0.003495;2;0
ТГК-14;60;20170213;140000;0.003445;0.003445;0.00342;0.00342;11;0
ТГК-14;60;20170213;150000;0.003415;0.00342;0.0034;0.003405;52;0
ТГК-14;60;20170213;160000;0.0034;0.0034;0.0034;0.0034;19;0
ТГК-14;60;20170214;090000;0.003425;0.003425;0.003425;0.003425;1;0
ТГК-14;60;20170214;100000;0.0034;0.0034;0.0034;0.0034;4;0
ТГК-14;60;20170214;120000;0.0034;0.0034;0.0034;0.0034;21;0
ТГК-14;60;20170214;130000;0.00338;0.00338;0.003365;0.003365;4;0
ТГК-14;60;20170214;140000;0.00336;0.00339;0.00336;0.003385;6;0
ТГК-14;60;20170214;170000;0.003395;0.003395;0.003395;0.003395;1;0
ТГК-14;60;20170214;180000;0.00336;0.003375;0.003355;0.003375;7;0
ТГК-14;60;20170215;100000;0.00338;0.0034;0.00335;0.00335;151;0
ТГК-14;60;20170215;110000;0.00335;0.00337;0.00335;0.00335;126;0
ТГК-14;60;20170215;120000;0.00335;0.003395;0.00335;0.003395;9;0
ТГК-14;60;20170215;130000;0.003365;0.003365;0.00335;0.00335;21;0
ТГК-14;60;20170215;150000;0.00339;0.00339;0.00339;0.00339;1;0
ТГК-14;60;20170215;160000;0.00339;0.00339;0.00339;0.00339;1;0
ТГК-14;60;20170215;170000;0.00339;0.00339;0.00339;0.00339;4;0
ТГК-14;60;20170215;180000;0.00336;0.0034;0.00336;0.0034;24;0
ТГК-14;60;20170216;100000;0.00342;0.00344;0.00342;0.00344;5;0
ТГК-14;60;20170216;110000;0.003445;0.003445;0.003445;0.003445;1;0
ТГК-14;60;20170216;120000;0.00344;0.00349;0.00344;0.00347;132;0
ТГК-14;60;20170216;150000;0.00347;0.00347;0.00347;0.00347;1;0
ТГК-14;60;20170216;170000;0.00345;0.00345;0.00345;0.00345;3;0
ТГК-14;60;20170216;180000;0.00345;0.00345;0.00345;0.00345;1;0
ТГК-14;60;20170217;100000;0.00346;0.00346;0.0034;0.0034;62;0
ТГК-14;60;20170217;110000;0.0034;0.0034;0.0034;0.0034;11;0
ТГК-14;60;20170217;140000;0.003385;0.003385;0.003385;0.003385;1;0
ТГК-14;60;20170217;180000;0.003445;0.003445;0.003445;0.003445;2;0
ТГК-14;60;20170220;100000;0.00344;0.00344;0.00344;0.00344;2;0
ТГК-14;60;20170220;110000;0.00344;0.00344;0.00344;0.00344;1;0
ТГК-14;60;20170220;130000;0.003435;0.003435;0.003435;0.003435;1;0
ТГК-14;60;20170220;140000;0.003425;0.003425;0.003425;0.003425;1;0
ТГК-14;60;20170220;150000;0.003435;0.003435;0.00341;0.00341;2;0
ТГК-14;60;20170220;160000;0.003405;0.003405;0.003405;0.003405;5;0
ТГК-14;60;20170220;180000;0.003435;0.003495;0.003435;0.003495;100;0
ТГК-14;60;20170221;100000;0.003445;0.003445;0.003435;0.003435;7;0
ТГК-14;60;20170221;110000;0.00343;0.00343;0.0032;0.003355;161;0
ТГК-14;60;20170221;120000;0.00335;0.00335;0.00334;0.00334;14;0
ТГК-14;60;20170221;130000;0.003355;0.003355;0.003355;0.003355;2;0
ТГК-14;60;20170221;140000;0.003355;0.003355;0.003355;0.003355;1;0
ТГК-14;60;20170221;150000;0.003355;0.003355;0.003355;0.003355;4;0
ТГК-14;60;20170221;160000;0.003355;0.003355;0.0033;0.003325;121;0
ТГК-14;60;20170221;170000;0.003325;0.00336;0.003325;0.00336;2;0
ТГК-14;60;20170221;180000;0.00336;0.003385;0.00336;0.003385;13;0
ТГК-14;60;20170222;100000;0.00339;0.00339;0.00339;0.00339;1;0
ТГК-14;60;20170222;110000;0.00336;0.00339;0.00335;0.00339;3;0
ТГК-14;60;20170222;150000;0.00335;0.00335;0.00335;0.00335;1;0
ТГК-14;60;20170222;160000;0.00335;0.00336;0.00335;0.00336;5;0
ТГК-14;60;20170222;180000;0.00335;0.003385;0.00335;0.003385;8;0
ТГК-14;60;20170224;100000;0.00331;0.00331;0.00331;0.00331;1;0
ТГК-14;60;20170224;140000;0.00332;0.00332;0.00332;0.00332;3;0
ТГК-14;60;20170224;150000;0.00331;0.00331;0.0033;0.0033;7;0
ТГК-14;60;20170224;160000;0.0033;0.0033;0.0033;0.0033;72;0
ТГК-14;60;20170224;170000;0.0033;0.0033;0.0033;0.0033;26;0
ТГК-14;60;20170224;180000;0.00331;0.00331;0.00331;0.00331;5;0
ТГК-14;60;20170227;100000;0.0033;0.0033;0.0033;0.0033;42;0
ТГК-14;60;20170227;110000;0.0033;0.0033;0.0033;0.0033;83;0
ТГК-14;60;20170227;130000;0.003255;0.003255;0.00325;0.00325;27;0
ТГК-14;60;20170227;160000;0.00325;0.00325;0.0032;0.00325;44;0
ТГК-14;60;20170227;170000;0.003205;0.003205;0.00305;0.0031;758;0
ТГК-14;60;20170227;180000;0.0031;0.003165;0.003015;0.003165;420;0
ТГК-14;60;20170228;100000;0.0031;0.00317;0.0029;0.00317;373;0
ТГК-14;60;20170228;120000;0.003055;0.003055;0.003055;0.003055;1;0
ТГК-14;60;20170228;130000;0.003135;0.003135;0.003135;0.003135;1;0
ТГК-14;60;20170228;160000;0.003075;0.00309;0.00305;0.00309;15;0
ТГК-14;60;20170228;170000;0.003095;0.00313;0.003095;0.0031;3;0
ТГК-14;60;20170228;180000;0.0031;0.003245;0.0031;0.003245;36;0
ТГК-14;60;20170301;100000;0.00329;0.003295;0.0032;0.00325;7;0
ТГК-14;60;20170301;110000;0.00329;0.00329;0.00329;0.00329;1;0
ТГК-14;60;20170301;120000;0.00329;0.003345;0.00329;0.003345;25;0
ТГК-14;60;20170301;140000;0.003205;0.00321;0.003205;0.003205;3;0
ТГК-14;60;20170301;170000;0.003205;0.003205;0.003205;0.003205;6;0
ТГК-14;60;20170302;100000;0.003115;0.003255;0.0031;0.003255;25;0
ТГК-14;60;20170302;110000;0.003135;0.003135;0.003135;0.003135;10;0
ТГК-14;60;20170302;120000;0.003195;0.0032;0.003195;0.0032;5;0
ТГК-14;60;20170302;130000;0.0032;0.0032;0.0032;0.0032;6;0
ТГК-14;60;20170302;150000;0.00323;0.00325;0.00323;0.00325;8;0
ТГК-14;60;20170302;160000;0.003275;0.003345;0.003275;0.003345;8;0
ТГК-14;60;20170302;180000;0.003305;0.003305;0.003305;0.003305;39;0
ТГК-14;60;20170303;110000;0.003315;0.003315;0.003315;0.003315;1;0
ТГК-14;60;20170303;140000;0.003305;0.003305;0.0033;0.0033;106;0
ТГК-14;60;20170303;160000;0.00325;0.00325;0.00325;0.00325;100;0
ТГК-14;60;20170306;130000;0.003255;0.003255;0.003255;0.003255;1;0
ТГК-14;60;20170306;150000;0.00328;0.003295;0.00328;0.003295;5;0
ТГК-14;60;20170306;160000;0.0033;0.0033;0.0033;0.0033;22;0
ТГК-14;60;20170307;110000;0.00325;0.00325;0.00325;0.00325;6;0
ТГК-14;60;20170307;120000;0.003255;0.003255;0.003255;0.003255;1;0
ТГК-14;60;20170307;130000;0.00325;0.00325;0.00325;0.00325;2;0
ТГК-14;60;20170307;140000;0.00325;0.00325;0.00325;0.00325;2;0
ТГК-14;60;20170307;170000;0.00325;0.00325;0.00325;0.00325;16;0
ТГК-14;60;20170309;100000;0.00315;0.0032;0.00306;0.0032;16;0
ТГК-14;60;20170309;110000;0.0032;0.0032;0.0032;0.0032;1;0
ТГК-14;60;20170309;120000;0.0032;0.0032;0.0031;0.0031;74;0
ТГК-14;60;20170309;130000;0.00307;0.00307;0.00306;0.00306;3;0
ТГК-14;60;20170309;140000;0.003055;0.003055;0.00305;0.00305;16;0
ТГК-14;60;20170309;150000;0.003065;0.00307;0.003065;0.00307;505;0
ТГК-14;60;20170309;160000;0.003055;0.003055;0.00305;0.00305;5;0
ТГК-14;60;20170309;170000;0.00305;0.00305;0.00305;0.00305;5;0
ТГК-14;60;20170309;180000;0.00307;0.00311;0.00307;0.00311;100;0
ТГК-14;60;20170310;100000;0.00306;0.003065;0.003;0.003065;71;0
ТГК-14;60;20170310;110000;0.00301;0.003065;0.003005;0.003065;3;0
ТГК-14;60;20170310;130000;0.00301;0.003065;0.003;0.003;6;0
ТГК-14;60;20170310;150000;0.003015;0.003015;0.003015;0.003015;1;0
ТГК-14;60;20170310;160000;0.00304;0.00306;0.00304;0.00306;7;0
ТГК-14;60;20170310;170000;0.003065;0.00313;0.003065;0.00313;40;0
ТГК-14;60;20170313;130000;0.00309;0.00315;0.00305;0.00315;8;0
ТГК-14;60;20170313;170000;0.003145;0.00315;0.003145;0.00315;53;0
ТГК-14;60;20170314;160000;0.00315;0.00316;0.00315;0.00316;2;0
ТГК-14;60;20170314;180000;0.003165;0.003225;0.003165;0.003225;6;0
ТГК-14;60;20170315;100000;0.00323;0.00323;0.00322;0.00322;2;0
ТГК-14;60;20170315;160000;0.003105;0.003165;0.00306;0.003165;21;0
ТГК-14;60;20170315;180000;0.003145;0.003235;0.003145;0.003235;4;0
ТГК-14;60;20170316;100000;0.003225;0.003225;0.0032;0.0032;2;0
ТГК-14;60;20170316;130000;0.003235;0.003235;0.003235;0.003235;2;0
ТГК-14;60;20170317;100000;0.003105;0.00311;0.002945;0.003095;577;0
ТГК-14;60;20170317;110000;0.003055;0.00309;0.003045;0.003045;41;0
ТГК-14;60;20170317;120000;0.003045;0.00312;0.003045;0.00306;22;0
ТГК-14;60;20170317;130000;0.003045;0.003085;0.00304;0.003085;4;0
ТГК-14;60;20170317;140000;0.00309;0.00309;0.00305;0.00305;46;0
ТГК-14;60;20170317;150000;0.003075;0.003095;0.003075;0.003095;8;0
ТГК-14;60;20170317;170000;0.003095;0.00312;0.003065;0.003065;6;0
ТГК-14;60;20170317;180000;0.003115;0.003135;0.00307;0.003135;9;0
ТГК-14;60;20170320;100000;0.003055;0.003115;0.00305;0.00308;6;0
ТГК-14;60;20170320;120000;0.00308;0.00311;0.00308;0.00311;6;0
ТГК-14;60;20170320;130000;0.00311;0.00311;0.00311;0.00311;2;0
ТГК-14;60;20170320;170000;0.00306;0.003105;0.003055;0.003105;10;0
ТГК-14;60;20170320;180000;0.003115;0.003115;0.003115;0.003115;6;0
ТГК-14;60;20170321;100000;0.00311;0.003135;0.00311;0.003135;6;0
ТГК-14;60;20170321;120000;0.00314;0.00314;0.00308;0.00308;6;0
ТГК-14;60;20170321;130000;0.00312;0.00312;0.00306;0.00311;5;0
ТГК-14;60;20170321;150000;0.003105;0.003105;0.003105;0.003105;3;0
ТГК-14;60;20170321;160000;0.00312;0.00312;0.00312;0.00312;4;0
ТГК-14;60;20170322;100000;0.002975;0.003115;0.00205;0.00304;179;0
ТГК-14;60;20170322;110000;0.003;0.00302;0.00299;0.00299;5;0
ТГК-14;60;20170322;120000;0.00303;0.00303;0.00299;0.00299;3;0
ТГК-14;60;20170322;130000;0.003;0.003;0.003;0.003;1;0
ТГК-14;60;20170322;140000;0.003;0.003;0.00297;0.00297;7;0
ТГК-14;60;20170322;150000;0.00297;0.003005;0.00297;0.003005;2;0
ТГК-14;60;20170322;180000;0.003015;0.00305;0.003015;0.00305;5;0
ТГК-14;60;20170323;100000;0.003045;0.00305;0.003005;0.003005;29;0
ТГК-14;60;20170323;110000;0.003005;0.003005;0.0029;0.00295;173;0
ТГК-14;60;20170323;120000;0.00294;0.00294;0.00294;0.00294;2;0
ТГК-14;60;20170323;140000;0.00294;0.00294;0.00294;0.00294;7;0
ТГК-14;60;20170323;150000;0.00292;0.00292;0.002905;0.002915;13;0
ТГК-14;60;20170323;160000;0.00292;0.00292;0.00292;0.00292;9;0
ТГК-14;60;20170323;170000;0.00292;0.00295;0.00292;0.00295;62;0
ТГК-14;60;20170323;180000;0.002965;0.002965;0.002965;0.002965;1;0
ТГК-14;60;20170324;120000;0.003;0.003;0.003;0.003;35;0
ТГК-14;60;20170324;130000;0.003;0.003;0.003;0.003;1;0
ТГК-14;60;20170324;160000;0.003005;0.00301;0.003005;0.00301;2;0
ТГК-14;60;20170324;170000;0.003;0.003;0.003;0.003;6;0
ТГК-14;60;20170324;180000;0.00301;0.00301;0.00301;0.00301;9;0
ТГК-14;60;20170327;100000;0.00301;0.003165;0.00301;0.003165;165;0
ТГК-14;60;20170327;110000;0.003145;0.003265;0.003145;0.003255;202;0
ТГК-14;60;20170327;120000;0.003255;0.0033;0.003255;0.0033;136;0
ТГК-14;60;20170327;130000;0.003305;0.00333;0.0033;0.0033;165;0
ТГК-14;60;20170327;140000;0.003305;0.003305;0.003285;0.003285;37;0
ТГК-14;60;20170327;150000;0.003285;0.003285;0.00322;0.003285;1980;0
ТГК-14;60;20170327;160000;0.003285;0.003285;0.00324;0.00325;19;0
ТГК-14;60;20170327;170000;0.00326;0.0033;0.00326;0.003295;6;0
ТГК-14;60;20170327;180000;0.003295;0.004;0.003295;0.0039;5665;0
ТГК-14;60;20170328;090000;0.003905;0.003905;0.003905;0.003905;7;0
ТГК-14;60;20170328;100000;0.00397;0.004;0.00371;0.00371;163;0
ТГК-14;60;20170328;110000;0.00371;0.00371;0.00365;0.00365;64;0
ТГК-14;60;20170328;120000;0.003615;0.003615;0.0036;0.0036;165;0
ТГК-14;60;20170328;130000;0.003605;0.003605;0.0036;0.003605;21;0
ТГК-14;60;20170328;150000;0.0036;0.003605;0.0036;0.0036;5;0
ТГК-14;60;20170328;180000;0.003625;0.003625;0.003605;0.003605;4;0
ТГК-14;60;20170329;100000;0.003665;0.00379;0.003665;0.00374;27;0
ТГК-14;60;20170329;110000;0.003645;0.0037;0.003645;0.00365;5;0
ТГК-14;60;20170329;120000;0.00365;0.00365;0.00365;0.00365;10;0
ТГК-14;60;20170329;130000;0.003625;0.003625;0.0036;0.0036;37;0
ТГК-14;60;20170329;140000;0.0036;0.0036;0.0036;0.0036;1;0
ТГК-14;60;20170329;150000;0.003565;0.003565;0.0035;0.0035;1186;0
ТГК-14;60;20170329;170000;0.003495;0.003495;0.003495;0.003495;6;0
ТГК-14;60;20170329;180000;0.003455;0.003475;0.003455;0.00347;4;0
ТГК-14;60;20170330;100000;0.00345;0.00345;0.00345;0.00345;9;0
ТГК-14;60;20170330;140000;0.003455;0.003455;0.003395;0.003395;63;0
ТГК-14;60;20170330;160000;0.003355;0.003385;0.00335;0.003385;5;0
ТГК-14;60;20170330;170000;0.003385;0.003385;0.003385;0.003385;2;0
ТГК-14;60;20170330;180000;0.003355;0.003355;0.00335;0.00335;20;0
ТГК-14;60;20170331;100000;0.003395;0.00349;0.00338;0.00349;66;0
ТГК-14;60;20170331;130000;0.003385;0.003385;0.003385;0.003385;1;0
ТГК-14;60;20170331;150000;0.00338;0.00339;0.003255;0.003255;157;0
ТГК-14;60;20170331;160000;0.00325;0.00325;0.00325;0.00325;1;0
ТГК-14;60;20170331;170000;0.003255;0.003255;0.003255;0.003255;4;0
ТГК-14;60;20170331;180000;0.003255;0.003255;0.003255;0.003255;43;0
ТГК-14;60;20170403;100000;0.003305;0.003355;0.003305;0.003355;2;0
ТГК-14;60;20170403;120000;0.003305;0.00333;0.0033;0.00333;5;0
ТГК-14;60;20170403;130000;0.003305;0.003305;0.0033;0.0033;28;0
ТГК-14;60;20170403;140000;0.00329;0.00329;0.00329;0.00329;1;0
ТГК-14;60;20170403;160000;0.003285;0.003285;0.003285;0.003285;1;0
ТГК-14;60;20170404;140000;0.00343;0.00343;0.00343;0.00343;1;0
ТГК-14;60;20170404;180000;0.003385;0.003385;0.003385;0.003385;5;0
ТГК-14;60;20170405;100000;0.003325;0.003325;0.003255;0.00331;7;0
ТГК-14;60;20170405;110000;0.00331;0.003315;0.00325;0.00329;46;0
ТГК-14;60;20170405;140000;0.00331;0.003315;0.00331;0.003315;4;0
ТГК-14;60;20170405;160000;0.00332;0.00332;0.00332;0.00332;1;0
ТГК-14;60;20170405;180000;0.00332;0.003375;0.00332;0.003375;4;0
ТГК-14;60;20170406;170000;0.003305;0.003305;0.003305;0.003305;1;0
ТГК-14;60;20170406;180000;0.003305;0.00335;0.003305;0.00335;2;0
ТГК-14;60;20170407;110000;0.003275;0.00333;0.0032;0.003255;133;0
ТГК-14;60;20170407;130000;0.003255;0.003255;0.003255;0.003255;1;0
ТГК-14;60;20170407;150000;0.00325;0.00325;0.00325;0.00325;1;0
ТГК-14;60;20170410;100000;0.003235;0.003235;0.00323;0.00323;3;0
ТГК-14;60;20170410;110000;0.003225;0.003225;0.0031;0.00311;283;0
ТГК-14;60;20170410;120000;0.00311;0.00314;0.003;0.00314;219;0
ТГК-14;60;20170410;130000;0.003005;0.00307;0.003;0.00307;45;0
ТГК-14;60;20170410;150000;0.00304;0.00309;0.003025;0.00309;9;0
ТГК-14;60;20170410;170000;0.003035;0.003035;0.003035;0.003035;1;0
ТГК-14;60;20170410;180000;0.003065;0.00312;0.003065;0.00312;10;0
ТГК-14;60;20170411;120000;0.00311;0.003115;0.00311;0.003115;2;0
ТГК-14;60;20170411;130000;0.003125;0.003125;0.003125;0.003125;1;0
ТГК-14;60;20170411;140000;0.003135;0.003135;0.003135;0.003135;4;0
ТГК-14;60;20170411;150000;0.00318;0.003185;0.003175;0.003185;3;0
ТГК-14;60;20170411;160000;0.00318;0.00318;0.003175;0.003175;6;0
ТГК-14;60;20170411;170000;0.00318;0.00318;0.00318;0.00318;1;0
ТГК-14;60;20170411;180000;0.003175;0.003175;0.003175;0.003175;1;0
ТГК-14;60;20170412;120000;0.00313;0.00313;0.00313;0.00313;6;0
ТГК-14;60;20170412;140000;0.003115;0.003115;0.00308;0.00308;3;0
ТГК-14;60;20170412;150000;0.0031;0.0031;0.0031;0.0031;1;0
ТГК-14;60;20170412;170000;0.00306;0.00306;0.003;0.003;2052;0
ТГК-14;60;20170412;180000;0.003;0.003;0.003;0.003;3;0
ТГК-14;60;20170413;100000;0.002995;0.002995;0.00296;0.00296;9;0
ТГК-14;60;20170413;110000;0.00296;0.00302;0.00296;0.00302;2;0
ТГК-14;60;20170413;130000;0.002955;0.002955;0.00295;0.00295;28;0
ТГК-14;60;20170413;140000;0.003005;0.003005;0.002995;0.003;4;0
ТГК-14;60;20170413;150000;0.00301;0.00301;0.00301;0.00301;3;0
ТГК-14;60;20170413;170000;0.003015;0.003015;0.003015;0.003015;1;0
ТГК-14;60;20170413;180000;0.00302;0.00302;0.00302;0.00302;2;0
ТГК-14;60;20170414;160000;0.00302;0.00312;0.00302;0.003115;36;0
ТГК-14;60;20170414;170000;0.003145;0.00335;0.003145;0.00335;208;0
ТГК-14;60;20170414;180000;0.00335;0.003445;0.0032;0.0032;1346;0
ТГК-14;60;20170417;100000;0.00336;0.003375;0.00325;0.0033;8;0
ТГК-14;60;20170417;110000;0.003235;0.003235;0.003235;0.003235;2;0
ТГК-14;60;20170417;120000;0.00326;0.00328;0.00326;0.00328;4;0
ТГК-14;60;20170417;130000;0.0033;0.0033;0.0033;0.0033;3;0
ТГК-14;60;20170417;150000;0.003255;0.00329;0.00325;0.00329;8;0
ТГК-14;60;20170417;170000;0.003255;0.00339;0.003255;0.00339;54;0
ТГК-14;60;20170417;180000;0.003305;0.003305;0.0033;0.0033;20;0
ТГК-14;60;20170418;130000;0.003255;0.003255;0.003215;0.00325;6;0
ТГК-14;60;20170418;180000;0.00321;0.00321;0.0032;0.0032;28;0
ТГК-14;60;20170419;180000;0.003135;0.0032;0.0031;0.00314;159;0
ТГК-14;60;20170420;120000;0.00308;0.0031;0.00308;0.0031;63;0
ТГК-14;60;20170420;130000;0.003055;0.003055;0.00303;0.00303;31;0
ТГК-14;60;20170420;140000;0.00303;0.003095;0.003005;0.00301;31;0
ТГК-14;60;20170420;150000;0.00309;0.0031;0.00309;0.0031;6;0
ТГК-14;60;20170421;100000;0.003025;0.00305;0.003005;0.00305;9;0
ТГК-14;60;20170421;120000;0.00302;0.003115;0.003005;0.003115;7;0
ТГК-14;60;20170424;130000;0.00309;0.00309;0.00309;0.00309;1;0
ТГК-14;60;20170424;140000;0.003055;0.003055;0.003055;0.003055;1;0
ТГК-14;60;20170424;170000;0.003085;0.003105;0.003085;0.0031;7;0
ТГК-14;60;20170424;180000;0.00309;0.00309;0.00308;0.00308;15;0
ТГК-14;60;20170425;090000;0.00326;0.00326;0.00326;0.00326;6;0
ТГК-14;60;20170425;110000;0.003105;0.003105;0.003105;0.003105;3;0
ТГК-14;60;20170425;120000;0.003105;0.003105;0.003105;0.003105;3;0
ТГК-14;60;20170425;130000;0.00311;0.00311;0.00311;0.00311;3;0
ТГК-14;60;20170425;150000;0.00311;0.003125;0.00311;0.003125;8;0
ТГК-14;60;20170425;160000;0.00315;0.003195;0.00315;0.003195;11;0
ТГК-14;60;20170425;170000;0.00315;0.003195;0.00304;0.00305;1681;0
ТГК-14;60;20170425;180000;0.00305;0.003125;0.00305;0.003125;431;0
ТГК-14;60;20170426;100000;0.00307;0.00307;0.003055;0.003055;3;0
ТГК-14;60;20170426;110000;0.00305;0.0031;0.003;0.0031;304;0
ТГК-14;60;20170426;120000;0.003045;0.003095;0.003045;0.003095;4;0
ТГК-14;60;20170426;160000;0.00305;0.00305;0.00305;0.00305;4;0
ТГК-14;60;20170426;170000;0.003045;0.003045;0.003045;0.003045;1;0
ТГК-14;60;20170426;180000;0.00303;0.003075;0.00303;0.00306;751;0
ТГК-14;60;20170427;100000;0.0031;0.0031;0.0031;0.0031;35;0
ТГК-14;60;20170427;110000;0.00305;0.00305;0.00305;0.00305;700;0
ТГК-14;60;20170427;160000;0.003055;0.003055;0.00305;0.00305;135;0
ТГК-14;60;20170427;180000;0.00305;0.00305;0.00305;0.00305;20;0
ТГК-14;60;20170428;130000;0.00305;0.00305;0.00305;0.00305;1000;0
ТГК-14;60;20170428;170000;0.00305;0.00305;0.00305;0.00305;25;0
ТГК-14;60;20170428;180000;0.003055;0.00308;0.003055;0.00308;2;0
ТГК-14;60;20170502;100000;0.00316;0.00316;0.00305;0.00305;11;0
ТГК-14;60;20170502;170000;0.00305;0.0031;0.00305;0.0031;3;0
ТГК-14;60;20170503;100000;0.00305;0.00305;0.00305;0.00305;100;0
ТГК-14;60;20170503;150000;0.00305;0.00309;0.00305;0.00309;2;0
ТГК-14;60;20170503;160000;0.00305;0.00305;0.00305;0.00305;1;0
ТГК-14;60;20170503;180000;0.00305;0.00306;0.00305;0.00306;2;0
ТГК-14;60;20170504;100000;0.00315;0.00315;0.0031;0.0031;2;0
ТГК-14;60;20170504;120000;0.00306;0.00309;0.00298;0.00309;365;0
ТГК-14;60;20170504;130000;0.00305;0.00306;0.00304;0.00306;17;0
ТГК-14;60;20170504;180000;0.00304;0.00304;0.00304;0.00304;89;0
ТГК-14;60;20170505;110000;0.00306;0.00308;0.00306;0.00308;3;0
ТГК-14;60;20170505;120000;0.00305;0.00305;0.00305;0.00305;5;0
ТГК-14;60;20170505;170000;0.00307;0.00308;0.00307;0.00308;14;0
ТГК-14;60;20170505;180000;0.00308;0.00309;0.00308;0.00309;8;0
ТГК-14;60;20170510;110000;0.00302;0.00302;0.003;0.003;12;0
ТГК-14;60;20170510;120000;0.00301;0.00301;0.00301;0.00301;1;0
ТГК-14;60;20170510;150000;0.00302;0.00302;0.00302;0.00302;2;0
ТГК-14;60;20170510;180000;0.00304;0.00309;0.00304;0.00309;298;0
ТГК-14;60;20170511;100000;0.00306;0.00306;0.00299;0.003;773;0
ТГК-14;60;20170511;110000;0.00304;0.00304;0.00304;0.00304;1;0
ТГК-14;60;20170511;150000;0.00301;0.00303;0.00301;0.00303;6;0
ТГК-14;60;20170511;160000;0.00301;0.00301;0.003;0.00301;40;0
ТГК-14;60;20170511;170000;0.00303;0.00305;0.00303;0.00305;119;0
ТГК-14;60;20170511;180000;0.00305;0.00305;0.00305;0.00305;131;0
ТГК-14;60;20170512;100000;0.00305;0.00305;0.00305;0.00305;3;0
ТГК-14;60;20170512;130000;0.00308;0.00308;0.00308;0.00308;1;0
ТГК-14;60;20170512;160000;0.00305;0.00305;0.00305;0.00305;22;0
ТГК-14;60;20170515;120000;0.00306;0.00306;0.00306;0.00306;2;0
ТГК-14;60;20170515;150000;0.00305;0.00305;0.00305;0.00305;15;0
ТГК-14;60;20170515;170000;0.00305;0.00305;0.00305;0.00305;2;0
ТГК-14;60;20170515;180000;0.00305;0.00305;0.00305;0.00305;3;0
ТГК-14;60;20170516;100000;0.00304;0.00307;0.00304;0.00307;2;0
ТГК-14;60;20170516;110000;0.00304;0.00304;0.003;0.003;732;0
ТГК-14;60;20170516;120000;0.003;0.003;0.003;0.003;2;0
ТГК-14;60;20170516;160000;0.00301;0.00302;0.00301;0.00302;2;0
ТГК-14;60;20170516;180000;0.003;0.00305;0.003;0.00305;16;0
ТГК-14;60;20170517;100000;0.00306;0.00306;0.00305;0.00305;3;0
ТГК-14;60;20170517;110000;0.00305;0.00305;0.00305;0.00305;1;0
ТГК-14;60;20170518;110000;0.00301;0.00301;0.003;0.003;1115;0
ТГК-14;60;20170518;120000;0.003;0.00303;0.003;0.003;791;0
ТГК-14;60;20170518;130000;0.003;0.00303;0.003;0.00303;196;0
ТГК-14;60;20170518;140000;0.00301;0.00304;0.003;0.00304;9;0
ТГК-14;60;20170518;170000;0.00301;0.00306;0.00301;0.00306;33;0
ТГК-14;60;20170518;180000;0.00307;0.00307;0.00306;0.00306;115;0
ТГК-14;60;20170519;100000;0.00303;0.00307;0.00301;0.00303;29;0
ТГК-14;60;20170519;110000;0.00302;0.00307;0.00301;0.00307;22;0
ТГК-14;60;20170519;160000;0.00306;0.00308;0.00305;0.00308;15;0
ТГК-14;60;20170519;170000;0.00305;0.00305;0.00304;0.00305;221;0
ТГК-14;60;20170519;180000;0.00305;0.00305;0.00305;0.00305;1;0
ТГК-14;60;20170522;100000;0.00302;0.00302;0.00302;0.00302;2;0
ТГК-14;60;20170522;110000;0.00303;0.00304;0.00303;0.00304;7;0
ТГК-14;60;20170522;120000;0.00305;0.00305;0.00305;0.00305;2;0
ТГК-14;60;20170522;130000;0.00306;0.00306;0.00306;0.00306;1;0
ТГК-14;60;20170522;150000;0.00305;0.00305;0.00305;0.00305;39;0
ТГК-14;60;20170522;160000;0.00303;0.00306;0.00303;0.00306;3;0
ТГК-14;60;20170522;170000;0.00305;0.00305;0.00305;0.00305;2;0
ТГК-14;60;20170522;180000;0.00307;0.00308;0.00307;0.00308;5;0
ТГК-14;60;20170523;100000;0.00304;0.00313;0.00303;0.00313;55;0
ТГК-14;60;20170523;160000;0.00312;0.00312;0.00312;0.00312;2;0
ТГК-14;60;20170523;170000;0.00313;0.00313;0.00312;0.00312;3;0
ТГК-14;60;20170524;100000;0.00308;0.00308;0.00308;0.00308;1;0
ТГК-14;60;20170524;110000;0.00313;0.00314;0.00313;0.00314;5;0
ТГК-14;60;20170524;150000;0.00312;0.00312;0.00312;0.00312;1;0
ТГК-14;60;20170524;170000;0.00314;0.00315;0.00314;0.00314;26;0
ТГК-14;60;20170525;110000;0.0031;0.0031;0.00308;0.0031;16;0
ТГК-14;60;20170525;120000;0.00311;0.00311;0.0031;0.0031;526;0
ТГК-14;60;20170525;130000;0.00308;0.00308;0.00308;0.00308;1;0
ТГК-14;60;20170525;150000;0.00309;0.0031;0.00309;0.0031;9;0
ТГК-14;60;20170525;170000;0.00309;0.00309;0.00309;0.00309;1;0
ТГК-14;60;20170526;100000;0.00307;0.00311;0.00306;0.00307;8;0
ТГК-14;60;20170526;110000;0.00309;0.00318;0.003;0.003;487;0
ТГК-14;60;20170526;130000;0.00305;0.00305;0.00305;0.00305;1;0
ТГК-14;60;20170526;140000;0.00304;0.00304;0.00304;0.00304;4;0
ТГК-14;60;20170526;150000;0.00303;0.00305;0.00303;0.00303;21;0
ТГК-14;60;20170526;160000;0.00301;0.00303;0.00299;0.00302;1514;0
ТГК-14;60;20170526;170000;0.00303;0.00305;0.00303;0.00305;20;0
ТГК-14;60;20170526;180000;0.00305;0.00306;0.00305;0.00306;4;0
ТГК-14;60;20170529;150000;0.00307;0.00307;0.00307;0.00307;3;0
ТГК-14;60;20170529;160000;0.00305;0.00305;0.00305;0.00305;500;0
ТГК-14;60;20170529;170000;0.00307;0.00307;0.00307;0.00307;1;0
ТГК-14;60;20170530;100000;0.00305;0.00305;0.003;0.003;435;0
ТГК-14;60;20170530;130000;0.00301;0.00303;0.00301;0.00303;2;0
ТГК-14;60;20170530;180000;0.00301;0.00301;0.00301;0.00301;13;0
ТГК-14;60;20170531;100000;0.00295;0.00302;0.00295;0.00301;151;0
ТГК-14;60;20170531;130000;0.00302;0.00305;0.00302;0.00304;150;0
ТГК-14;60;20170531;140000;0.00302;0.00302;0.00301;0.00301;8;0
ТГК-14;60;20170531;160000;0.00301;0.00301;0.00301;0.00301;1;0
ТГК-14;60;20170531;180000;0.00301;0.00301;0.00301;0.00301;2;0
ТГК-14;60;20170601;110000;0.00301;0.00301;0.00301;0.00301;1;0
ТГК-14;60;20170601;120000;0.003;0.00303;0.003;0.00303;2;0
ТГК-14;60;20170602;100000;0.00301;0.00301;0.00299;0.003;2503;0
ТГК-14;60;20170602;140000;0.003;0.003;0.003;0.003;1;0
ТГК-14;60;20170605;100000;0.003;0.003;0.003;0.003;29;0
ТГК-14;60;20170605;120000;0.00299;0.00299;0.00299;0.00299;1;0
ТГК-14;60;20170605;160000;0.00297;0.003;0.00297;0.003;47;0
ТГК-14;60;20170606;100000;0.003;0.00303;0.003;0.00303;24;0
ТГК-14;60;20170606;180000;0.00297;0.00301;0.00289;0.00301;104;0
ТГК-14;60;20170607;130000;0.00295;0.003;0.00295;0.003;26;0
ТГК-14;60;20170608;100000;0.00296;0.00296;0.00295;0.00295;3;0
ТГК-14;60;20170608;110000;0.003;0.003;0.003;0.003;1;0
ТГК-14;60;20170608;150000;0.00296;0.00299;0.00295;0.00299;27;0
ТГК-14;60;20170608;180000;0.00296;0.00297;0.00296;0.00297;2;0
ТГК-14;60;20170609;100000;0.00295;0.00295;0.00295;0.00295;2;0
ТГК-14;60;20170609;120000;0.00295;0.00298;0.00295;0.00298;2;0
ТГК-14;60;20170613;160000;0.00296;0.00298;0.00295;0.00298;10;0
ТГК-14;60;20170614;130000;0.00298;0.00298;0.00298;0.00298;1;0
ТГК-14;60;20170614;160000;0.00299;0.003;0.00299;0.003;12;0
ТГК-14;60;20170614;170000;0.00301;0.00303;0.00301;0.00301;99;0
ТГК-14;60;20170614;180000;0.00303;0.00303;0.003;0.003;4;0
ТГК-14;60;20170615;100000;0.00297;0.00297;0.00297;0.00297;2;0
ТГК-14;60;20170615;110000;0.00296;0.00297;0.00292;0.00297;48;0
ТГК-14;60;20170615;130000;0.00291;0.00291;0.0029;0.0029;8;0
ТГК-14;60;20170615;150000;0.00293;0.00304;0.00293;0.00304;81;0
ТГК-14;60;20170615;160000;0.00304;0.00304;0.00297;0.00297;32;0
ТГК-14;60;20170615;170000;0.00296;0.00296;0.00296;0.00296;4;0
ТГК-14;60;20170615;180000;0.00296;0.00296;0.00285;0.0029;101;0
ТГК-14;60;20170616;100000;0.00292;0.00296;0.00285;0.00289;2256;0
ТГК-14;60;20170616;110000;0.00287;0.00287;0.0028;0.00285;214;0
ТГК-14;60;20170616;120000;0.00284;0.00286;0.00284;0.00286;9;0
ТГК-14;60;20170616;130000;0.00286;0.00286;0.00283;0.00284;5;0
ТГК-14;60;20170616;140000;0.00285;0.00286;0.00285;0.00286;5;0
ТГК-14;60;20170616;180000;0.00292;0.00292;0.00292;0.00292;59;0
ТГК-14;60;20170619;140000;0.0029;0.00297;0.0029;0.00297;56;0
ТГК-14;60;20170619;160000;0.00291;0.00291;0.00291;0.00291;1;0
ТГК-14;60;20170619;170000;0.0029;0.0029;0.0029;0.0029;1;0
ТГК-14;60;20170619;180000;0.0029;0.0029;0.0029;0.0029;1;0
ТГК-14;60;20170620;140000;0.00292;0.00292;0.00292;0.00292;1;0
ТГК-14;60;20170621;170000;0.00287;0.00287;0.00287;0.00287;1;0
ТГК-14;60;20170621;180000;0.00286;0.00289;0.00286;0.00289;2;0
ТГК-14;60;20170623;120000;0.00286;0.0029;0.00285;0.00285;8;0
ТГК-14;60;20170623;170000;0.00285;0.00291;0.00285;0.00291;16;0
ТГК-14;60;20170623;180000;0.00289;0.00293;0.00289;0.00293;5;0
ТГК-14;60;20170626;100000;0.00287;0.00287;0.00286;0.00286;10;0
ТГК-14;60;20170626;110000;0.00289;0.00289;0.00289;0.00289;1;0
ТГК-14;60;20170626;120000;0.00289;0.00289;0.00289;0.00289;1;0
ТГК-14;60;20170626;150000;0.00288;0.00288;0.00286;0.00286;8;0
ТГК-14;60;20170627;130000;0.00285;0.00285;0.00284;0.00284;3;0
ТГК-14;60;20170627;170000;0.00285;0.00285;0.00285;0.00285;1;0
ТГК-14;60;20170628;170000;0.00286;0.00286;0.00282;0.00282;6;0
ТГК-14;60;20170628;180000;0.00283;0.00283;0.00283;0.00283;1;0
ТГК-14;60;20170629;140000;0.00285;0.0029;0.00285;0.0029;19;0
ТГК-14;60;20170629;150000;0.0029;0.0029;0.0029;0.0029;7;0
ТГК-14;60;20170629;160000;0.00291;0.00292;0.00291;0.00292;9;0
ТГК-14;60;20170629;170000;0.00292;0.00293;0.00292;0.00293;38;0
ТГК-14;60;20170629;180000;0.00293;0.00302;0.00293;0.003;128;0
ТГК-14;60;20170630;100000;0.00303;0.00308;0.00303;0.00307;22;0
ТГК-14;60;20170630;130000;0.00305;0.00305;0.00305;0.00305;1;0
ТГК-14;60;20170630;170000;0.00303;0.00303;0.00303;0.00303;1;0
ТГК-14;60;20170630;180000;0.00306;0.00315;0.00306;0.00315;46;0
ТГК-14;60;20170703;120000;0.00311;0.00311;0.0031;0.0031;16;0
ТГК-14;60;20170703;130000;0.00308;0.00308;0.00308;0.00308;2;0
ТГК-14;60;20170704;120000;0.00306;0.00306;0.00306;0.00306;4;0
ТГК-14;60;20170704;130000;0.00305;0.00306;0.00305;0.00306;34;0
ТГК-14;60;20170704;140000;0.00303;0.00303;0.003;0.003;136;0
ТГК-14;60;20170704;160000;0.00299;0.00299;0.00299;0.00299;4;0
ТГК-14;60;20170704;180000;0.00299;0.00299;0.00295;0.00295;35;0
ТГК-14;60;20170705;100000;0.00296;0.003;0.00295;0.00295;22;0
ТГК-14;60;20170705;110000;0.00299;0.00299;0.00299;0.00299;1;0
ТГК-14;60;20170705;120000;0.00296;0.00296;0.00296;0.00296;1;0
ТГК-14;60;20170705;180000;0.00296;0.00296;0.00296;0.00296;7;0
ТГК-14;60;20170706;100000;0.00296;0.003;0.00296;0.003;2;0
ТГК-14;60;20170706;150000;0.00296;0.003;0.00295;0.003;3;0
ТГК-14;60;20170707;100000;0.00296;0.00299;0.00294;0.00299;14;0
ТГК-14;60;20170707;110000;0.00296;0.00296;0.00294;0.00294;9;0
ТГК-14;60;20170707;120000;0.00294;0.00299;0.00294;0.00299;2;0
ТГК-14;60;20170710;100000;0.00301;0.00301;0.00301;0.00301;2;0
ТГК-14;60;20170710;110000;0.00297;0.00297;0.00297;0.00297;1;0
ТГК-14;60;20170710;180000;0.00297;0.00297;0.00297;0.00297;7;0
ТГК-14;60;20170711;110000;0.00297;0.00297;0.00297;0.00297;5;0
ТГК-14;60;20170711;150000;0.00298;0.003;0.00298;0.003;13;0
ТГК-14;60;20170711;160000;0.00298;0.00298;0.00297;0.00297;2;0
ТГК-14;60;20170711;170000;0.00299;0.003;0.00299;0.003;12;0
ТГК-14;60;20170711;180000;0.003;0.003;0.003;0.003;100;0
ТГК-14;60;20170712;110000;0.00302;0.00303;0.00302;0.00303;2;0
ТГК-14;60;20170712;120000;0.00303;0.00314;0.00303;0.00314;84;0
ТГК-14;60;20170712;130000;0.00311;0.00311;0.0031;0.0031;29;0
ТГК-14;60;20170712;160000;0.00306;0.00306;0.00305;0.00305;9;0
ТГК-14;60;20170712;170000;0.00307;0.00307;0.00307;0.00307;1;0
ТГК-14;60;20170712;180000;0.00305;0.00308;0.00305;0.00308;15;0
ТГК-14;60;20170713;120000;0.0031;0.0031;0.0031;0.0031;5;0
ТГК-14;60;20170713;160000;0.00306;0.00306;0.00306;0.00306;1;0
ТГК-14;60;20170713;170000;0.00305;0.0031;0.00304;0.0031;19;0
ТГК-14;60;20170714;170000;0.0031;0.00318;0.0031;0.00318;774;0
ТГК-14;60;20170714;180000;0.00312;0.00312;0.00312;0.00312;1;0
ТГК-14;60;20170717;100000;0.00317;0.00318;0.00317;0.00318;2;0
ТГК-14;60;20170717;110000;0.00318;0.00318;0.00318;0.00318;9;0
ТГК-14;60;20170717;120000;0.00316;0.00316;0.00313;0.00315;6;0
ТГК-14;60;20170717;170000;0.00316;0.0032;0.00316;0.0032;21;0
ТГК-14;60;20170717;180000;0.0032;0.00325;0.0032;0.00325;24;0
ТГК-14;60;20170718;100000;0.00325;0.00325;0.00325;0.00325;1;0
ТГК-14;60;20170718;110000;0.00324;0.00324;0.00324;0.00324;8;0
ТГК-14;60;20170718;120000;0.00324;0.00325;0.00324;0.00325;3;0
ТГК-14;60;20170718;130000;0.00325;0.00325;0.00325;0.00325;20;0
ТГК-14;60;20170718;140000;0.00328;0.00335;0.00328;0.00335;33;0
ТГК-14;60;20170718;150000;0.0033;0.0033;0.0033;0.0033;1;0
ТГК-14;60;20170718;160000;0.00331;0.00333;0.00325;0.00333;453;0
ТГК-14;60;20170718;170000;0.0033;0.00333;0.0033;0.00333;18;0
ТГК-14;60;20170719;110000;0.00337;0.00347;0.00335;0.00343;45;0
ТГК-14;60;20170719;120000;0.00344;0.00346;0.00344;0.00346;2;0
ТГК-14;60;20170719;130000;0.00346;0.00346;0.00346;0.00346;1;0
ТГК-14;60;20170719;140000;0.00339;0.00345;0.00339;0.00345;6;0
ТГК-14;60;20170719;180000;0.00345;0.00345;0.00345;0.00345;1;0
ТГК-14;60;20170720;110000;0.00336;0.0034;0.00326;0.00326;56;0
ТГК-14;60;20170720;120000;0.00327;0.00327;0.0032;0.00325;51;0
ТГК-14;60;20170720;130000;0.00325;0.00325;0.00325;0.00325;1;0
ТГК-14;60;20170720;160000;0.00322;0.00322;0.00322;0.00322;1;0
ТГК-14;60;20170720;170000;0.00321;0.00321;0.00321;0.00321;1;0
ТГК-14;60;20170720;180000;0.00325;0.00325;0.00325;0.00325;1;0
ТГК-14;60;20170721;110000;0.00322;0.00322;0.0032;0.0032;20;0
ТГК-14;60;20170721;130000;0.00324;0.00324;0.00324;0.00324;2;0
ТГК-14;60;20170721;140000;0.00322;0.00323;0.00322;0.00323;2;0
ТГК-14;60;20170721;150000;0.00324;0.00325;0.00324;0.00325;2;0
ТГК-14;60;20170721;160000;0.00324;0.00324;0.0032;0.0032;11;0
ТГК-14;60;20170721;170000;0.00325;0.00325;0.00325;0.00325;2;0
ТГК-14;60;20170721;180000;0.00325;0.00325;0.00325;0.00325;48;0
ТГК-14;60;20170724;130000;0.00324;0.00324;0.00321;0.00321;2;0
ТГК-14;60;20170724;170000;0.00321;0.00325;0.00321;0.00325;2;0
ТГК-14;60;20170725;180000;0.00322;0.00322;0.00322;0.00322;1;0
ТГК-14;60;20170726;100000;0.00325;0.00325;0.00325;0.00325;9;0
ТГК-14;60;20170726;140000;0.00325;0.00325;0.00325;0.00325;17;0
ТГК-14;60;20170726;160000;0.00326;0.00327;0.00326;0.00327;3;0
ТГК-14;60;20170726;170000;0.00327;0.0035;0.00327;0.0035;73;0
ТГК-14;60;20170726;180000;0.00348;0.00348;0.00348;0.00348;8;0
ТГК-14;60;20170727;100000;0.0035;0.0035;0.0035;0.0035;2;0
ТГК-14;60;20170727;120000;0.00348;0.00348;0.00348;0.00348;14;0
ТГК-14;60;20170727;130000;0.00341;0.00341;0.0033;0.0033;74;0
ТГК-14;60;20170727;140000;0.00331;0.00335;0.00331;0.00335;2;0
ТГК-14;60;20170727;150000;0.00332;0.00332;0.0033;0.0033;59;0
ТГК-14;60;20170727;170000;0.00336;0.00336;0.00336;0.00336;1;0
ТГК-14;60;20170727;180000;0.00339;0.0037;0.00339;0.00361;315;0
ТГК-14;60;20170728;100000;0.00367;0.00367;0.0036;0.0036;6;0
ТГК-14;60;20170728;110000;0.0036;0.00361;0.0036;0.00361;120;0
ТГК-14;60;20170728;120000;0.00361;0.00361;0.00358;0.00358;23;0
ТГК-14;60;20170728;140000;0.00361;0.00374;0.00361;0.0037;49;0
ТГК-14;60;20170728;160000;0.00369;0.00374;0.00368;0.00374;7;0
ТГК-14;60;20170728;180000;0.0037;0.0037;0.00368;0.00368;20;0
ТГК-14;60;20170731;130000;0.0036;0.00363;0.0036;0.00363;16;0
ТГК-14;60;20170731;140000;0.00361;0.00361;0.00361;0.00361;1;0
ТГК-14;60;20170731;180000;0.0036;0.00364;0.00352;0.00364;32;0
ТГК-14;60;20170801;100000;0.0036;0.00368;0.0036;0.00368;41;0
ТГК-14;60;20170801;110000;0.00376;0.00378;0.00376;0.00377;13;0
ТГК-14;60;20170801;120000;0.0037;0.00373;0.0037;0.00373;5;0
ТГК-14;60;20170801;150000;0.00373;0.00373;0.00373;0.00373;1;0
ТГК-14;60;20170801;170000;0.00373;0.00374;0.00373;0.00374;8;0
ТГК-14;60;20170802;120000;0.00374;0.00378;0.00367;0.00367;51;0
ТГК-14;60;20170802;140000;0.00367;0.00377;0.00367;0.00377;4;0
ТГК-14;60;20170802;160000;0.00371;0.00371;0.00371;0.00371;1;0
ТГК-14;60;20170802;180000;0.00371;0.00371;0.0037;0.0037;12;0
ТГК-14;60;20170803;130000;0.00375;0.00379;0.00375;0.00379;7;0
ТГК-14;60;20170803;160000;0.00379;0.00379;0.00379;0.00379;3;0
ТГК-14;60;20170803;170000;0.00373;0.00373;0.00373;0.00373;1;0
ТГК-14;60;20170803;180000;0.00372;0.00372;0.00371;0.00371;13;0
ТГК-14;60;20170804;100000;0.00373;0.00373;0.00373;0.00373;13;0
ТГК-14;60;20170804;110000;0.00373;0.00373;0.00371;0.00371;34;0
ТГК-14;60;20170804;170000;0.00371;0.00378;0.00371;0.00378;2;0
ТГК-14;60;20170804;180000;0.00371;0.00377;0.00371;0.00377;3;0
ТГК-14;60;20170807;100000;0.00371;0.00371;0.00371;0.00371;7;0
ТГК-14;60;20170807;130000;0.00371;0.00379;0.00371;0.00379;2;0
ТГК-14;60;20170808;110000;0.00375;0.00375;0.00375;0.00375;1;0
ТГК-14;60;20170808;130000;0.00373;0.00373;0.00373;0.00373;1;0
ТГК-14;60;20170808;140000;0.00371;0.00371;0.00371;0.00371;22;0
ТГК-14;60;20170808;150000;0.0037;0.0037;0.00367;0.00367;22;0
ТГК-14;60;20170808;160000;0.0037;0.00373;0.0037;0.00373;2;0
ТГК-14;60;20170808;170000;0.00367;0.00372;0.00365;0.00372;4;0
ТГК-14;60;20170808;180000;0.00369;0.00385;0.00369;0.00384;330;0
ТГК-14;60;20170809;110000;0.00381;0.00385;0.00381;0.00385;22;0
ТГК-14;60;20170809;130000;0.00382;0.00382;0.00382;0.00382;45;0
ТГК-14;60;20170809;140000;0.00382;0.00382;0.00382;0.00382;5;0
ТГК-14;60;20170809;150000;0.00382;0.00382;0.00382;0.00382;1;0
ТГК-14;60;20170809;170000;0.00382;0.00382;0.00382;0.00382;1;0
ТГК-14;60;20170809;180000;0.00382;0.00382;0.00382;0.00382;1;0
ТГК-14;60;20170810;110000;0.00387;0.00392;0.00387;0.00392;32;0
ТГК-14;60;20170810;120000;0.00392;0.00392;0.00392;0.00392;473;0
ТГК-14;60;20170810;130000;0.00385;0.00385;0.00385;0.00385;1;0
ТГК-14;60;20170810;140000;0.00384;0.00384;0.00384;0.00384;1;0
ТГК-14;60;20170810;150000;0.00389;0.0039;0.00389;0.0039;2;0
ТГК-14;60;20170810;160000;0.0039;0.0039;0.00386;0.00386;19;0
ТГК-14;60;20170810;170000;0.00386;0.00386;0.00386;0.00386;3;0
ТГК-14;60;20170811;100000;0.00386;0.0039;0.00386;0.0039;4;0
ТГК-14;60;20170811;110000;0.00389;0.00389;0.00387;0.00387;33;0
ТГК-14;60;20170811;120000;0.00383;0.00383;0.00382;0.00382;3;0
ТГК-14;60;20170811;130000;0.00382;0.00382;0.00382;0.00382;9;0
ТГК-14;60;20170811;170000;0.00382;0.00382;0.00382;0.00382;1;0
ТГК-14;60;20170811;180000;0.00382;0.00382;0.00382;0.00382;34;0
ТГК-14;60;20170814;100000;0.00386;0.00391;0.00386;0.00391;18;0
ТГК-14;60;20170814;130000;0.00388;0.00388;0.00383;0.00383;12;0
ТГК-14;60;20170814;140000;0.00379;0.00379;0.00378;0.00379;12;0
ТГК-14;60;20170814;150000;0.00379;0.00379;0.00365;0.00365;145;0
ТГК-14;60;20170814;160000;0.00366;0.00376;0.00366;0.0037;3;0
ТГК-14;60;20170814;170000;0.0037;0.00373;0.00367;0.00373;16;0
ТГК-14;60;20170814;180000;0.00369;0.00369;0.00368;0.00368;2;0
ТГК-14;60;20170815;100000;0.0037;0.0037;0.0037;0.0037;4;0
ТГК-14;60;20170815;120000;0.00377;0.00377;0.00375;0.00375;2;0
ТГК-14;60;20170815;140000;0.00375;0.00375;0.00375;0.00375;3;0
ТГК-14;60;20170815;160000;0.00375;0.00375;0.00375;0.00375;14;0
ТГК-14;60;20170815;170000;0.00374;0.00374;0.00367;0.00367;39;0
ТГК-14;60;20170815;180000;0.00371;0.00374;0.00371;0.00374;2;0
ТГК-14;60;20170816;100000;0.00375;0.00376;0.00375;0.00376;2;0
ТГК-14;60;20170816;110000;0.00375;0.00375;0.00375;0.00375;6;0
ТГК-14;60;20170816;130000;0.00375;0.00375;0.00375;0.00375;18;0
ТГК-14;60;20170816;170000;0.00372;0.00372;0.00372;0.00372;1;0
ТГК-14;60;20170816;180000;0.00373;0.00383;0.00373;0.00383;6;0
ТГК-14;60;20170817;100000;0.00384;0.00384;0.00384;0.00384;3;0
ТГК-14;60;20170817;110000;0.00377;0.00377;0.00377;0.00377;1;0
ТГК-14;60;20170817;170000;0.00383;0.00387;0.00383;0.00387;25;0
ТГК-14;60;20170818;100000;0.00387;0.00387;0.00381;0.00381;2;0
ТГК-14;60;20170818;120000;0.00375;0.00382;0.00375;0.00382;4;0
ТГК-14;60;20170818;140000;0.00382;0.00382;0.00382;0.00382;1;0
ТГК-14;60;20170818;180000;0.00376;0.00378;0.00367;0.00378;21;0
ТГК-14;60;20170821;100000;0.00376;0.00381;0.00375;0.00381;17;0
ТГК-14;60;20170821;110000;0.00378;0.00378;0.00375;0.00375;11;0
ТГК-14;60;20170821;120000;0.00376;0.00386;0.00375;0.0038;20;0
ТГК-14;60;20170821;130000;0.00382;0.00382;0.00377;0.00382;3;0
ТГК-14;60;20170821;150000;0.00378;0.00378;0.00375;0.00375;16;0
ТГК-14;60;20170822;100000;0.00372;0.00372;0.00358;0.00358;126;0
ТГК-14;60;20170822;110000;0.00359;0.00365;0.00353;0.00354;56;0
ТГК-14;60;20170822;120000;0.00354;0.00359;0.00354;0.00359;2;0
ТГК-14;60;20170822;130000;0.00358;0.00364;0.00358;0.00364;2;0
ТГК-14;60;20170822;150000;0.00357;0.00359;0.00355;0.00359;6;0
ТГК-14;60;20170822;160000;0.00358;0.00358;0.00358;0.00358;1;0
ТГК-14;60;20170822;180000;0.00359;0.00368;0.00359;0.00368;13;0
ТГК-14;60;20170823;100000;0.00358;0.0036;0.00351;0.0036;51;0
ТГК-14;60;20170823;160000;0.00355;0.00355;0.00354;0.00354;2;0
ТГК-14;60;20170823;170000;0.0035;0.00357;0.00348;0.00357;16;0
ТГК-14;60;20170824;110000;0.00356;0.00356;0.00356;0.00356;1;0
ТГК-14;60;20170824;170000;0.00351;0.00355;0.00351;0.00355;5;0
ТГК-14;60;20170825;100000;0.00356;0.00356;0.00356;0.00356;2;0
ТГК-14;60;20170825;110000;0.00356;0.00374;0.00356;0.00374;29;0
ТГК-14;60;20170825;120000;0.00363;0.00363;0.00363;0.00363;1;0
ТГК-14;60;20170825;140000;0.00363;0.00363;0.0036;0.0036;18;0
ТГК-14;60;20170825;150000;0.0036;0.0036;0.0036;0.0036;1;0
ТГК-14;60;20170825;170000;0.00361;0.00365;0.0036;0.00365;17;0
ТГК-14;60;20170825;180000;0.00366;0.00369;0.00366;0.00369;8;0
ТГК-14;60;20170828;110000;0.00375;0.00375;0.00375;0.00375;3;0
ТГК-14;60;20170828;140000;0.00377;0.00378;0.00377;0.00378;2;0
ТГК-14;60;20170828;160000;0.00374;0.00394;0.00364;0.00394;57;0
ТГК-14;60;20170828;170000;0.00379;0.0038;0.00375;0.00375;3;0
ТГК-14;60;20170828;180000;0.00379;0.00379;0.00375;0.00375;2;0
ТГК-14;60;20170829;110000;0.00368;0.00368;0.00361;0.00365;16;0
ТГК-14;60;20170829;130000;0.00366;0.00369;0.00366;0.00369;2;0
ТГК-14;60;20170829;150000;0.00371;0.00371;0.00371;0.00371;1;0
ТГК-14;60;20170829;170000;0.0037;0.0037;0.00367;0.00367;2;0
ТГК-14;60;20170829;180000;0.00373;0.00378;0.00367;0.0037;38;0
ТГК-14;60;20170830;110000;0.00373;0.00374;0.00373;0.00374;3;0
ТГК-14;60;20170830;150000;0.00382;0.00382;0.00382;0.00382;1;0
ТГК-14;60;20170830;170000;0.00375;0.00382;0.00375;0.00382;7;0
ТГК-14;60;20170830;180000;0.00378;0.0039;0.00374;0.0039;52;0
ТГК-14;60;20170831;100000;0.00381;0.00381;0.00381;0.00381;5;0
ТГК-14;60;20170831;110000;0.00381;0.00381;0.00381;0.00381;3;0
ТГК-14;60;20170831;160000;0.00388;0.00389;0.00381;0.00381;5;0
ТГК-14;60;20170831;180000;0.00378;0.00389;0.00376;0.00376;16;0
ТГК-14;60;20170901;100000;0.00387;0.00388;0.00387;0.00388;5;0
ТГК-14;60;20170901;140000;0.00379;0.00379;0.00379;0.00379;2;0
ТГК-14;60;20170901;160000;0.00381;0.00381;0.00381;0.00381;1;0
ТГК-14;60;20170901;170000;0.00376;0.00382;0.00364;0.00364;24;0
ТГК-14;60;20170901;180000;0.00364;0.00374;0.00364;0.00374;4;0
ТГК-14;60;20170904;100000;0.00374;0.00377;0.0037;0.00372;7;0
ТГК-14;60;20170904;110000;0.00372;0.00372;0.00372;0.00372;1;0
ТГК-14;60;20170904;180000;0.00369;0.00369;0.00368;0.00368;3;0
ТГК-14;60;20170905;120000;0.00365;0.00365;0.00359;0.00359;55;0
ТГК-14;60;20170905;130000;0.0036;0.00361;0.00359;0.00359;7;0
ТГК-14;60;20170905;150000;0.00359;0.00359;0.00359;0.00359;2;0
ТГК-14;60;20170905;170000;0.00355;0.00355;0.00355;0.00355;2;0
ТГК-14;60;20170905;180000;0.00359;0.0036;0.00359;0.0036;9;0
ТГК-14;60;20170906;100000;0.00367;0.00367;0.00362;0.00364;8;0
ТГК-14;60;20170906;110000;0.00364;0.00364;0.00364;0.00364;21;0
ТГК-14;60;20170908;100000;0.00365;0.00365;0.00365;0.00365;2;0
ТГК-14;60;20170908;130000;0.00364;0.00364;0.00364;0.00364;5;0
ТГК-14;60;20170908;180000;0.00366;0.00366;0.00366;0.00366;1;0
ТГК-14;60;20170911;110000;0.00368;0.00368;0.00368;0.00368;1;0
ТГК-14;60;20170911;150000;0.00365;0.00365;0.00365;0.00365;1;0
ТГК-14;60;20170911;170000;0.00367;0.00367;0.00367;0.00367;1;0
ТГК-14;60;20170911;180000;0.00371;0.0038;0.00371;0.0038;13;0
ТГК-14;60;20170912;140000;0.00386;0.00393;0.00386;0.00393;27;0
ТГК-14;60;20170912;150000;0.00394;0.004;0.00394;0.004;271;0
ТГК-14;60;20170912;160000;0.00401;0.0041;0.004;0.0041;128;0
ТГК-14;60;20170912;170000;0.00408;0.0041;0.00407;0.00407;121;0
ТГК-14;60;20170912;180000;0.00407;0.00407;0.00407;0.00407;13;0
ТГК-14;60;20170913;100000;0.00406;0.00411;0.00406;0.00411;10;0
ТГК-14;60;20170913;110000;0.00411;0.00411;0.00403;0.00403;13;0
ТГК-14;60;20170913;140000;0.00403;0.00403;0.00403;0.00403;3;0
ТГК-14;60;20170913;150000;0.00403;0.00403;0.00403;0.00403;2;0
ТГК-14;60;20170913;160000;0.00403;0.00403;0.00402;0.00402;15;0
ТГК-14;60;20170913;170000;0.00402;0.00402;0.004;0.004;101;0
ТГК-14;60;20170913;180000;0.004;0.004;0.00397;0.00398;129;0
ТГК-14;60;20170914;100000;0.00401;0.00401;0.004;0.004;5;0
ТГК-14;60;20170914;130000;0.004;0.004;0.00399;0.00399;11;0
ТГК-14;60;20170914;150000;0.00399;0.00405;0.00399;0.00405;27;0
ТГК-14;60;20170914;160000;0.00405;0.00405;0.00405;0.00405;7;0
ТГК-14;60;20170914;180000;0.004;0.004;0.004;0.004;1;0
ТГК-14;60;20170915;100000;0.00402;0.00402;0.00402;0.00402;1;0
ТГК-14;60;20170915;120000;0.00403;0.00403;0.00402;0.00402;2;0
ТГК-14;60;20170915;140000;0.00402;0.00402;0.00402;0.00402;11;0
ТГК-14;60;20170915;150000;0.00401;0.00402;0.00401;0.00402;11;0
ТГК-14;60;20170915;160000;0.00402;0.00402;0.00402;0.00402;10;0
ТГК-14;60;20170918;110000;0.00403;0.00403;0.00403;0.00403;8;0
ТГК-14;60;20170918;140000;0.00403;0.00403;0.00402;0.00402;14;0
ТГК-14;60;20170918;160000;0.00404;0.00404;0.00404;0.00404;1;0
ТГК-14;60;20170918;170000;0.00402;0.00402;0.00402;0.00402;8;0
ТГК-14;60;20170919;100000;0.00408;0.00411;0.00408;0.0041;16;0
ТГК-14;60;20170919;110000;0.00405;0.00405;0.00405;0.00405;1;0
ТГК-14;60;20170919;130000;0.00405;0.00405;0.00403;0.00403;6;0
ТГК-14;60;20170919;150000;0.00407;0.00408;0.00407;0.00408;4;0
ТГК-14;60;20170919;160000;0.00408;0.00408;0.00408;0.00408;51;0
ТГК-14;60;20170919;170000;0.00408;0.00408;0.00408;0.00408;1;0
ТГК-14;60;20170920;100000;0.00411;0.00416;0.00411;0.00416;10;0
ТГК-14;60;20170920;110000;0.00415;0.00416;0.00415;0.00416;4;0
ТГК-14;60;20170920;120000;0.00415;0.00415;0.00398;0.00398;203;0
ТГК-14;60;20170920;130000;0.00399;0.0041;0.00399;0.004;456;0
ТГК-14;60;20170920;150000;0.004;0.0041;0.004;0.004;358;0
ТГК-14;60;20170920;170000;0.004;0.00408;0.004;0.00408;450;0
ТГК-14;60;20170921;100000;0.00409;0.00416;0.00409;0.00415;22;0
ТГК-14;60;20170921;110000;0.00415;0.00415;0.00415;0.00415;50;0
ТГК-14;60;20170921;120000;0.00414;0.00415;0.00414;0.00415;19;0
ТГК-14;60;20170921;130000;0.00414;0.00419;0.00414;0.00419;176;0
ТГК-14;60;20170921;140000;0.00419;0.00419;0.00419;0.00419;2;0
ТГК-14;60;20170921;150000;0.00419;0.00425;0.00419;0.00425;77;0
ТГК-14;60;20170921;170000;0.00426;0.00435;0.00414;0.00414;113;0
ТГК-14;60;20170921;180000;0.00427;0.00432;0.00427;0.00432;3;0
ТГК-14;60;20170922;110000;0.00433;0.00433;0.00422;0.00422;6;0
ТГК-14;60;20170922;120000;0.00419;0.00419;0.00419;0.00419;19;0
ТГК-14;60;20170922;130000;0.00427;0.00428;0.00427;0.00428;2;0
ТГК-14;60;20170922;150000;0.00422;0.00425;0.00422;0.00425;18;0
ТГК-14;60;20170922;160000;0.00427;0.00429;0.00427;0.00429;3;0
ТГК-14;60;20170922;180000;0.0043;0.00431;0.0043;0.00431;2;0
ТГК-14;60;20170925;110000;0.00424;0.00424;0.00424;0.00424;3;0
ТГК-14;60;20170925;120000;0.00422;0.00432;0.00422;0.00432;14;0
ТГК-14;60;20170925;130000;0.0043;0.0043;0.0043;0.0043;9;0
ТГК-14;60;20170925;150000;0.0043;0.00444;0.0043;0.00444;73;0
ТГК-14;60;20170925;160000;0.00448;0.0045;0.00448;0.0045;88;0
ТГК-14;60;20170925;170000;0.0045;0.00453;0.00446;0.00446;18;0
ТГК-14;60;20170925;180000;0.00446;0.00454;0.00446;0.00454;26;0
ТГК-14;60;20170926;100000;0.00452;0.00452;0.0045;0.0045;16;0
ТГК-14;60;20170926;110000;0.0045;0.0045;0.00449;0.00449;33;0
ТГК-14;60;20170926;120000;0.00444;0.00444;0.00444;0.00444;19;0
ТГК-14;60;20170926;130000;0.00444;0.00447;0.00442;0.00447;81;0
ТГК-14;60;20170926;140000;0.00444;0.00444;0.0044;0.0044;6;0
ТГК-14;60;20170926;160000;0.0044;0.00444;0.0044;0.00444;22;0
ТГК-14;60;20170926;170000;0.0044;0.0044;0.00432;0.00433;21;0
ТГК-14;60;20170926;180000;0.00433;0.00438;0.00433;0.00438;13;0
ТГК-14;60;20170927;100000;0.00439;0.00447;0.00439;0.00447;4;0
ТГК-14;60;20170927;110000;0.00447;0.00448;0.00439;0.00439;6;0
ТГК-14;60;20170927;120000;0.00439;0.00439;0.00439;0.00439;14;0
ТГК-14;60;20170927;140000;0.00445;0.00445;0.00445;0.00445;13;0
ТГК-14;60;20170927;150000;0.0044;0.0044;0.00439;0.00439;5;0
ТГК-14;60;20170927;160000;0.00445;0.00448;0.00445;0.00448;3;0
ТГК-14;60;20170928;100000;0.00447;0.00448;0.00439;0.00439;36;0
ТГК-14;60;20170928;110000;0.0044;0.00445;0.00432;0.00443;15;0
ТГК-14;60;20170928;130000;0.00444;0.00444;0.00444;0.00444;3;0
ТГК-14;60;20170928;170000;0.00438;0.00444;0.00438;0.00438;10;0
ТГК-14;60;20170928;180000;0.00438;0.0044;0.00438;0.0044;4;0
ТГК-14;60;20170929;100000;0.00436;0.00438;0.00436;0.00438;2;0
ТГК-14;60;20170929;140000;0.00436;0.00436;0.00432;0.00432;24;0
ТГК-14;60;20170929;170000;0.00434;0.00435;0.00434;0.00435;5;0
ТГК-14;60;20170929;180000;0.0044;0.0044;0.0044;0.0044;50;0
ТГК-14;60;20171002;120000;0.00446;0.00446;0.00446;0.00446;3;0
ТГК-14;60;20171002;180000;0.0044;0.0044;0.0044;0.0044;5;0
ТГК-14;60;20171003;120000;0.00434;0.00447;0.00434;0.00447;3;0
ТГК-14;60;20171003;140000;0.00447;0.00447;0.00447;0.00447;2;0
ТГК-14;60;20171003;160000;0.00436;0.00436;0.00432;0.00432;15;0
ТГК-14;60;20171003;170000;0.0044;0.00444;0.0044;0.00444;3;0
ТГК-14;60;20171003;180000;0.00446;0.00448;0.00446;0.00448;5;0
ТГК-14;60;20171004;100000;0.00435;0.00447;0.00435;0.00447;5;0
ТГК-14;60;20171004;110000;0.00447;0.00447;0.00447;0.00447;3;0
ТГК-14;60;20171004;160000;0.00447;0.00456;0.00447;0.00456;8;0
ТГК-14;60;20171004;170000;0.00451;0.00451;0.00447;0.00447;37;0
ТГК-14;60;20171005;100000;0.00439;0.00439;0.00439;0.00439;3;0
ТГК-14;60;20171005;120000;0.00439;0.00439;0.00439;0.00439;1;0
ТГК-14;60;20171005;150000;0.00438;0.00452;0.0043;0.00452;105;0
ТГК-14;60;20171005;160000;0.00441;0.00441;0.00433;0.00433;22;0
ТГК-14;60;20171005;170000;0.00438;0.00445;0.00438;0.0044;45;0
ТГК-14;60;20171005;180000;0.0044;0.0044;0.0044;0.0044;1;0
ТГК-14;60;20171006;110000;0.0044;0.0044;0.0043;0.00439;203;0
ТГК-14;60;20171006;120000;0.00439;0.00439;0.00423;0.00436;43;0
ТГК-14;60;20171006;130000;0.00438;0.00438;0.00438;0.00438;1;0
ТГК-14;60;20171006;140000;0.00437;0.00438;0.00437;0.00438;8;0
ТГК-14;60;20171006;160000;0.00438;0.00438;0.00438;0.00438;6;0
ТГК-14;60;20171009;140000;0.00435;0.00435;0.00435;0.00435;6;0
ТГК-14;60;20171009;150000;0.00433;0.00433;0.0043;0.0043;76;0
ТГК-14;60;20171009;160000;0.0043;0.0043;0.0043;0.0043;2;0
ТГК-14;60;20171009;170000;0.00428;0.00428;0.00428;0.00428;2;0
ТГК-14;60;20171009;180000;0.00427;0.00427;0.00426;0.00426;7;0
ТГК-14;60;20171010;110000;0.00424;0.00429;0.00424;0.00429;11;0
ТГК-14;60;20171010;140000;0.00424;0.00424;0.00424;0.00424;5;0
ТГК-14;60;20171010;160000;0.00424;0.00424;0.00423;0.00423;13;0
ТГК-14;60;20171010;170000;0.00423;0.00428;0.00423;0.00428;2;0
ТГК-14;60;20171010;180000;0.0044;0.0044;0.0044;0.0044;10;0
ТГК-14;60;20171011;100000;0.00438;0.00438;0.00438;0.00438;1;0
ТГК-14;60;20171011;150000;0.00438;0.00438;0.00438;0.00438;1;0
ТГК-14;60;20171011;180000;0.00435;0.00435;0.00435;0.00435;1;0
ТГК-14;60;20171012;110000;0.00428;0.00436;0.00427;0.00436;17;0
ТГК-14;60;20171012;140000;0.00436;0.00436;0.00436;0.00436;10;0
ТГК-14;60;20171012;170000;0.0043;0.0043;0.0043;0.0043;2;0
ТГК-14;60;20171013;110000;0.00444;0.00457;0.00444;0.00457;16;0
ТГК-14;60;20171013;120000;0.0044;0.00443;0.0044;0.00443;2;0
ТГК-14;60;20171013;160000;0.00431;0.00444;0.00426;0.00444;27;0
ТГК-14;60;20171013;170000;0.00429;0.00434;0.00428;0.00434;3;0
ТГК-14;60;20171013;180000;0.00431;0.00444;0.00431;0.00444;10;0
ТГК-14;60;20171016;100000;0.00445;0.00453;0.00444;0.00452;9;0
ТГК-14;60;20171016;110000;0.00452;0.00452;0.00452;0.00452;1;0
ТГК-14;60;20171016;180000;0.0045;0.0045;0.0045;0.0045;3;0
ТГК-14;60;20171017;100000;0.00457;0.00457;0.0045;0.0045;8;0
ТГК-14;60;20171017;110000;0.0044;0.0044;0.0044;0.0044;1;0
ТГК-14;60;20171017;170000;0.00436;0.00439;0.00432;0.00439;21;0
ТГК-14;60;20171017;180000;0.00433;0.00449;0.00433;0.00449;11;0
ТГК-14;60;20171018;100000;0.00431;0.00448;0.00426;0.00439;61;0
ТГК-14;60;20171018;110000;0.00438;0.00438;0.00426;0.00434;7;0
ТГК-14;60;20171018;150000;0.00433;0.00433;0.00433;0.00433;1;0
ТГК-14;60;20171018;160000;0.00427;0.00427;0.00425;0.00425;7;0
ТГК-14;60;20171019;090000;0.00429;0.00429;0.00429;0.00429;7;0
ТГК-14;60;20171019;100000;0.00429;0.0045;0.00429;0.00439;40;0
ТГК-14;60;20171019;110000;0.00427;0.00427;0.00425;0.00425;18;0
ТГК-14;60;20171019;120000;0.00426;0.00426;0.00426;0.00426;2;0
ТГК-14;60;20171019;130000;0.00425;0.00425;0.00425;0.00425;9;0
ТГК-14;60;20171019;150000;0.00425;0.00425;0.00425;0.00425;2;0
ТГК-14;60;20171019;180000;0.00425;0.00425;0.00423;0.00423;26;0
ТГК-14;60;20171020;160000;0.00425;0.00425;0.00425;0.00425;11;0
ТГК-14;60;20171020;180000;0.00424;0.00424;0.00423;0.00423;19;0
ТГК-14;60;20171023;100000;0.00425;0.00425;0.00425;0.00425;5;0
ТГК-14;60;20171023;110000;0.00425;0.00425;0.00425;0.00425;1;0
ТГК-14;60;20171023;140000;0.00425;0.00434;0.0042;0.00434;190;0
ТГК-14;60;20171023;180000;0.00424;0.00425;0.00424;0.00425;3;0
ТГК-14;60;20171024;110000;0.00421;0.00421;0.00421;0.00421;1;0
ТГК-14;60;20171024;120000;0.0042;0.0042;0.0042;0.0042;14;0
ТГК-14;60;20171024;140000;0.00429;0.0043;0.00429;0.0043;5;0
ТГК-14;60;20171024;150000;0.00421;0.00421;0.00421;0.00421;3;0
ТГК-14;60;20171024;180000;0.00421;0.00421;0.00421;0.00421;1;0
ТГК-14;60;20171025;100000;0.00421;0.00421;0.0042;0.0042;24;0
ТГК-14;60;20171025;110000;0.0042;0.0042;0.0042;0.0042;3;0
ТГК-14;60;20171025;120000;0.00431;0.00431;0.00431;0.00431;1;0
ТГК-14;60;20171025;170000;0.0042;0.0042;0.0042;0.0042;7;0
ТГК-14;60;20171025;180000;0.00425;0.00425;0.00425;0.00425;1;0
ТГК-14;60;20171026;100000;0.00426;0.00427;0.00426;0.00427;3;0
ТГК-14;60;20171026;110000;0.00427;0.00427;0.00426;0.00426;3;0
ТГК-14;60;20171026;120000;0.00423;0.00425;0.00415;0.00425;61;0
ТГК-14;60;20171026;170000;0.00424;0.00424;0.00424;0.00424;2;0
ТГК-14;60;20171027;100000;0.0042;0.00429;0.0042;0.00429;4;0
ТГК-14;60;20171027;120000;0.00428;0.00435;0.00428;0.00435;10;0
ТГК-14;60;20171027;160000;0.0043;0.0043;0.0043;0.0043;1;0
ТГК-14;60;20171030;100000;0.0043;0.0043;0.00429;0.0043;35;0
ТГК-14;60;20171030;150000;0.0043;0.0043;0.0043;0.0043;1;0
ТГК-14;60;20171030;160000;0.00421;0.00429;0.00421;0.00429;2;0
ТГК-14;60;20171030;170000;0.0042;0.0042;0.0042;0.0042;1;0
ТГК-14;60;20171030;180000;0.00425;0.00425;0.00425;0.00425;1;0
ТГК-14;60;20171031;100000;0.00427;0.00427;0.00427;0.00427;1;0
ТГК-14;60;20171031;160000;0.00428;0.00437;0.00428;0.00437;2;0
ТГК-14;60;20171101;120000;0.00439;0.00439;0.00439;0.00439;3;0
ТГК-14;60;20171101;130000;0.00439;0.00439;0.00439;0.00439;3;0
ТГК-14;60;20171101;150000;0.00437;0.00441;0.00437;0.00441;8;0
ТГК-14;60;20171101;160000;0.00433;0.00438;0.00433;0.00438;3;0
ТГК-14;60;20171101;170000;0.00432;0.00432;0.00431;0.00431;2;0
ТГК-14;60;20171101;180000;0.00426;0.00431;0.0042;0.0042;17;0
ТГК-14;60;20171102;110000;0.00424;0.00437;0.00422;0.00437;7;0
ТГК-14;60;20171102;130000;0.00426;0.00433;0.00424;0.00433;4;0
ТГК-14;60;20171102;150000;0.00426;0.00426;0.00426;0.00426;1;0
ТГК-14;60;20171102;160000;0.00425;0.00425;0.00425;0.00425;1;0
ТГК-14;60;20171102;180000;0.00425;0.00429;0.00425;0.00429;2;0
ТГК-14;60;20171103;130000;0.00426;0.00434;0.00426;0.00434;2;0
ТГК-14;60;20171103;160000;0.00432;0.00432;0.00432;0.00432;3;0
ТГК-14;60;20171103;170000;0.00432;0.00432;0.00427;0.00427;4;0
ТГК-14;60;20171107;100000;0.0044;0.0044;0.0044;0.0044;2;0
ТГК-14;60;20171107;140000;0.00423;0.00423;0.0042;0.0042;14;0
ТГК-14;60;20171107;150000;0.00423;0.00425;0.00423;0.00423;13;0
ТГК-14;60;20171107;160000;0.00425;0.00426;0.00425;0.00426;3;0
ТГК-14;60;20171107;170000;0.00426;0.00426;0.00426;0.00426;1;0
ТГК-14;60;20171107;180000;0.00426;0.00426;0.00426;0.00426;3;0
ТГК-14;60;20171108;130000;0.00422;0.00422;0.00422;0.00422;1;0
ТГК-14;60;20171108;150000;0.00422;0.00428;0.00422;0.00422;21;0
ТГК-14;60;20171108;160000;0.00425;0.00425;0.00425;0.00425;1;0
ТГК-14;60;20171108;170000;0.0043;0.0043;0.0043;0.0043;2;0
ТГК-14;60;20171108;180000;0.0043;0.0043;0.0043;0.0043;2;0
ТГК-14;60;20171109;100000;0.00423;0.00437;0.00422;0.00436;14;0
ТГК-14;60;20171110;110000;0.00422;0.00499;0.00418;0.0047;1209;0
ТГК-14;60;20171110;120000;0.00488;0.00517;0.0048;0.00515;425;0
ТГК-14;60;20171110;130000;0.00514;0.00514;0.00491;0.00512;76;0
ТГК-14;60;20171110;140000;0.00502;0.00515;0.00502;0.00515;38;0
ТГК-14;60;20171110;150000;0.00514;0.00515;0.00491;0.00496;31;0
ТГК-14;60;20171110;160000;0.00496;0.00506;0.00494;0.005;217;0
ТГК-14;60;20171110;170000;0.005;0.005;0.00498;0.005;18;0
ТГК-14;60;20171110;180000;0.00502;0.00502;0.0048;0.00488;746;0
ТГК-14;60;20171113;090000;0.0048;0.0048;0.0048;0.0048;6;0
ТГК-14;60;20171113;100000;0.00489;0.00514;0.00484;0.00486;45;0
ТГК-14;60;20171113;110000;0.00486;0.00486;0.00485;0.00485;46;0
ТГК-14;60;20171113;120000;0.00489;0.00492;0.00486;0.00486;5;0
ТГК-14;60;20171113;130000;0.00486;0.0049;0.00485;0.0049;11;0
ТГК-14;60;20171113;140000;0.00497;0.005;0.00497;0.005;46;0
ТГК-14;60;20171113;150000;0.00491;0.00491;0.0049;0.00491;5;0
ТГК-14;60;20171113;160000;0.00486;0.00486;0.00486;0.00486;3;0
ТГК-14;60;20171113;170000;0.00486;0.00486;0.00485;0.00486;21;0
ТГК-14;60;20171113;180000;0.00485;0.00485;0.00477;0.00477;40;0
ТГК-14;60;20171114;100000;0.00474;0.00491;0.0044;0.00455;250;0
ТГК-14;60;20171114;110000;0.00455;0.00469;0.00455;0.00469;10;0
ТГК-14;60;20171114;120000;0.00464;0.00464;0.00464;0.00464;3;0
ТГК-14;60;20171114;130000;0.00464;0.00467;0.00464;0.00467;20;0
ТГК-14;60;20171114;140000;0.00469;0.00469;0.00465;0.00465;22;0
ТГК-14;60;20171114;150000;0.00469;0.0047;0.00469;0.0047;14;0
ТГК-14;60;20171114;160000;0.0047;0.0047;0.0047;0.0047;36;0
ТГК-14;60;20171114;170000;0.0047;0.0048;0.0047;0.00471;38;0
ТГК-14;60;20171114;180000;0.00471;0.00471;0.0047;0.0047;229;0
ТГК-14;60;20171115;100000;0.00461;0.00462;0.0046;0.0046;30;0
ТГК-14;60;20171115;110000;0.0046;0.00472;0.0046;0.00461;283;0
ТГК-14;60;20171115;120000;0.00461;0.00461;0.0046;0.0046;14;0
ТГК-14;60;20171115;130000;0.00461;0.00461;0.0046;0.0046;6;0
ТГК-14;60;20171115;160000;0.0046;0.0046;0.0046;0.0046;131;0
ТГК-14;60;20171115;170000;0.0046;0.00461;0.0046;0.00461;108;0
ТГК-14;60;20171115;180000;0.0046;0.00469;0.0046;0.00469;2;0
ТГК-14;60;20171116;100000;0.00465;0.00465;0.0046;0.0046;404;0
ТГК-14;60;20171116;110000;0.0046;0.0046;0.0046;0.0046;5;0
ТГК-14;60;20171116;120000;0.0046;0.0046;0.0046;0.0046;61;0
ТГК-14;60;20171116;130000;0.0046;0.00464;0.0046;0.00464;36;0
ТГК-14;60;20171116;140000;0.0046;0.0046;0.0046;0.0046;11;0
ТГК-14;60;20171116;150000;0.0046;0.0046;0.0046;0.0046;1;0
ТГК-14;60;20171116;170000;0.00461;0.00462;0.00461;0.00461;8;0
ТГК-14;60;20171116;180000;0.00462;0.00462;0.00461;0.00461;4;0
ТГК-14;60;20171117;090000;0.00434;0.00434;0.00434;0.00434;7;0
ТГК-14;60;20171117;100000;0.00464;0.00489;0.00461;0.00461;143;0
ТГК-14;60;20171117;110000;0.00461;0.0047;0.00461;0.0047;2;0
ТГК-14;60;20171117;120000;0.00461;0.00461;0.0046;0.0046;78;0
ТГК-14;60;20171117;130000;0.0046;0.00464;0.0046;0.00464;4;0
ТГК-14;60;20171117;160000;0.00461;0.00461;0.00461;0.00461;3;0
ТГК-14;60;20171117;170000;0.00461;0.00461;0.00461;0.00461;3;0
ТГК-14;60;20171117;180000;0.00461;0.00477;0.00461;0.00477;153;0
ТГК-14;60;20171120;100000;0.00491;0.00497;0.00472;0.00472;8;0
ТГК-14;60;20171120;110000;0.00487;0.00487;0.00487;0.00487;1;0
ТГК-14;60;20171120;120000;0.00467;0.00467;0.00466;0.00466;15;0
ТГК-14;60;20171120;130000;0.00466;0.00486;0.00462;0.00486;11;0
ТГК-14;60;20171120;140000;0.00463;0.00463;0.00463;0.00463;1;0
ТГК-14;60;20171120;170000;0.00462;0.00462;0.00462;0.00462;3;0
ТГК-14;60;20171120;180000;0.00467;0.00467;0.00467;0.00467;4;0
ТГК-14;60;20171121;100000;0.00466;0.00466;0.00466;0.00466;2;0
ТГК-14;60;20171121;110000;0.0048;0.0048;0.00479;0.0048;242;0
ТГК-14;60;20171121;120000;0.0048;0.0048;0.0048;0.0048;35;0
ТГК-14;60;20171121;140000;0.00486;0.00497;0.00486;0.0049;22;0
ТГК-14;60;20171121;160000;0.0049;0.0049;0.0049;0.0049;2;0
ТГК-14;60;20171121;170000;0.0049;0.0049;0.0049;0.0049;4;0
ТГК-14;60;20171121;180000;0.0049;0.00502;0.0049;0.005;512;0
ТГК-14;60;20171122;100000;0.00509;0.00509;0.00503;0.00503;6;0
ТГК-14;60;20171122;110000;0.00499;0.005;0.00499;0.005;56;0
ТГК-14;60;20171122;120000;0.00501;0.00501;0.00501;0.00501;3;0
ТГК-14;60;20171122;130000;0.00501;0.00501;0.005;0.005;2;0
ТГК-14;60;20171122;140000;0.005;0.005;0.005;0.005;40;0
ТГК-14;60;20171122;160000;0.005;0.005;0.005;0.005;2;0
ТГК-14;60;20171122;170000;0.005;0.005;0.005;0.005;6;0
ТГК-14;60;20171122;180000;0.005;0.00502;0.005;0.00502;8;0
ТГК-14;60;20171123;100000;0.00501;0.00501;0.005;0.005;19;0
ТГК-14;60;20171123;130000;0.005;0.005;0.005;0.005;29;0
ТГК-14;60;20171123;160000;0.00507;0.00539;0.00507;0.00538;214;0
ТГК-14;60;20171123;170000;0.00538;0.00539;0.0053;0.0053;13;0
ТГК-14;60;20171123;180000;0.0053;0.0053;0.005;0.0052;94;0
ТГК-14;60;20171124;100000;0.00537;0.00547;0.00528;0.00546;36;0
ТГК-14;60;20171124;110000;0.00546;0.00546;0.00544;0.00544;2;0
ТГК-14;60;20171124;120000;0.00535;0.00538;0.00527;0.00538;10;0
ТГК-14;60;20171124;130000;0.00543;0.00544;0.00539;0.00539;3;0
ТГК-14;60;20171124;140000;0.0054;0.00544;0.0054;0.00544;52;0
ТГК-14;60;20171124;150000;0.00534;0.00539;0.00524;0.00524;34;0
ТГК-14;60;20171124;180000;0.00524;0.00541;0.00524;0.00541;22;0
ТГК-14;60;20171127;110000;0.00521;0.00521;0.00521;0.00521;1;0
ТГК-14;60;20171127;150000;0.00532;0.00532;0.00531;0.00531;12;0
ТГК-14;60;20171127;160000;0.0053;0.0053;0.0053;0.0053;1;0
ТГК-14;60;20171127;180000;0.00522;0.00522;0.00522;0.00522;1;0
ТГК-14;60;20171128;150000;0.00523;0.00523;0.0052;0.0052;6;0
ТГК-14;60;20171128;160000;0.00543;0.00543;0.00543;0.00543;1;0
ТГК-14;60;20171128;180000;0.0052;0.0052;0.0052;0.0052;14;0
ТГК-14;60;20171129;110000;0.00521;0.00521;0.00521;0.00521;6;0
ТГК-14;60;20171129;120000;0.0052;0.00521;0.0052;0.00521;13;0
ТГК-14;60;20171129;130000;0.00523;0.00525;0.0052;0.00521;15;0
ТГК-14;60;20171129;140000;0.00518;0.00519;0.00518;0.00519;8;0
ТГК-14;60;20171129;170000;0.00518;0.00518;0.0051;0.0051;28;0
ТГК-14;60;20171129;180000;0.00501;0.00529;0.005;0.00529;174;0
ТГК-14;60;20171130;100000;0.00521;0.00535;0.0052;0.00535;8;0
ТГК-14;60;20171130;110000;0.00529;0.0053;0.00529;0.0053;2;0
ТГК-14;60;20171130;150000;0.00521;0.00521;0.00521;0.00521;2;0
ТГК-14;60;20171130;170000;0.00521;0.00521;0.0052;0.0052;288;0
ТГК-14;60;20171130;180000;0.0052;0.0052;0.0052;0.0052;100;0
ТГК-14;60;20171201;110000;0.0052;0.0052;0.0052;0.0052;4;0
ТГК-14;60;20171201;120000;0.0052;0.0052;0.0052;0.0052;16;0
ТГК-14;60;20171201;130000;0.0052;0.0052;0.0052;0.0052;11;0
ТГК-14;60;20171201;140000;0.0052;0.0052;0.0052;0.0052;2;0
ТГК-14;60;20171201;170000;0.0052;0.0052;0.0052;0.0052;1;0
ТГК-14;60;20171204;100000;0.00508;0.0052;0.005;0.0052;39;0
ТГК-14;60;20171204;110000;0.0052;0.0052;0.0052;0.0052;6;0
ТГК-14;60;20171204;120000;0.0052;0.0052;0.0052;0.0052;30;0
ТГК-14;60;20171204;140000;0.0052;0.0052;0.0052;0.0052;8;0
ТГК-14;60;20171204;180000;0.0052;0.0052;0.0052;0.0052;8;0
ТГК-14;60;20171205;100000;0.0052;0.0052;0.0052;0.0052;14;0
ТГК-14;60;20171205;110000;0.0052;0.0052;0.0052;0.0052;21;0
ТГК-14;60;20171205;120000;0.0052;0.00524;0.0052;0.00524;5;0
ТГК-14;60;20171205;130000;0.0052;0.0052;0.0052;0.0052;2;0
ТГК-14;60;20171205;140000;0.0052;0.0052;0.0052;0.0052;3;0
ТГК-14;60;20171205;150000;0.0052;0.0052;0.0052;0.0052;48;0
ТГК-14;60;20171206;100000;0.0052;0.0052;0.0052;0.0052;4;0
ТГК-14;60;20171206;120000;0.00529;0.00529;0.00529;0.00529;1;0
ТГК-14;60;20171206;130000;0.00527;0.00531;0.00527;0.00531;26;0
ТГК-14;60;20171206;150000;0.00528;0.00533;0.00521;0.00533;7;0
ТГК-14;60;20171206;160000;0.00521;0.00521;0.00521;0.00521;5;0
ТГК-14;60;20171206;170000;0.00521;0.00521;0.00521;0.00521;2;0
ТГК-14;60;20171206;180000;0.00521;0.00521;0.0052;0.0052;5;0
ТГК-14;60;20171207;100000;0.0052;0.0052;0.0052;0.0052;2;0
ТГК-14;60;20171207;110000;0.0052;0.00534;0.0052;0.00524;106;0
ТГК-14;60;20171207;120000;0.00521;0.00529;0.00521;0.00529;2;0
ТГК-14;60;20171207;170000;0.0053;0.0053;0.0053;0.0053;1;0
ТГК-14;60;20171207;180000;0.00521;0.00521;0.00521;0.00521;1;0
ТГК-14;60;20171208;120000;0.0054;0.0054;0.0054;0.0054;1;0
ТГК-14;60;20171208;140000;0.00522;0.00545;0.00521;0.00544;5;0
ТГК-14;60;20171208;170000;0.0054;0.00545;0.00521;0.00521;6;0
ТГК-14;60;20171211;100000;0.00523;0.00523;0.0052;0.0052;31;0
ТГК-14;60;20171211;110000;0.00521;0.00521;0.0052;0.0052;20;0
ТГК-14;60;20171211;120000;0.0052;0.0052;0.0052;0.0052;4;0
ТГК-14;60;20171211;130000;0.0052;0.0052;0.0052;0.0052;16;0
ТГК-14;60;20171211;150000;0.0052;0.0052;0.0052;0.0052;20;0
ТГК-14;60;20171211;160000;0.00523;0.00524;0.00523;0.00524;3;0
ТГК-14;60;20171211;170000;0.00524;0.00524;0.00524;0.00524;1;0
ТГК-14;60;20171212;100000;0.0052;0.0052;0.0052;0.0052;3;0
ТГК-14;60;20171212;120000;0.0052;0.0052;0.0052;0.0052;19;0
ТГК-14;60;20171212;170000;0.0052;0.0052;0.0052;0.0052;10;0
ТГК-14;60;20171212;180000;0.00527;0.00527;0.00527;0.00527;1;0
ТГК-14;60;20171213;110000;0.00521;0.00521;0.0052;0.0052;12;0
ТГК-14;60;20171213;130000;0.0052;0.0052;0.0052;0.0052;1;0
ТГК-14;60;20171213;170000;0.0052;0.0052;0.0052;0.0052;3;0
ТГК-14;60;20171213;180000;0.00524;0.00524;0.00524;0.00524;1;0
ТГК-14;60;20171214;140000;0.0052;0.0052;0.0052;0.0052;1;0
ТГК-14;60;20171214;150000;0.0052;0.0052;0.0052;0.0052;1;0
ТГК-14;60;20171214;170000;0.00524;0.00524;0.00524;0.00524;1;0
ТГК-14;60;20171215;100000;0.00511;0.00537;0.00511;0.00537;3;0
ТГК-14;60;20171215;120000;0.0052;0.0052;0.0052;0.0052;1;0
ТГК-14;60;20171215;130000;0.0052;0.0052;0.0052;0.0052;3;0
ТГК-14;60;20171215;160000;0.00537;0.00537;0.00537;0.00537;1;0
ТГК-14;60;20171215;180000;0.0052;0.0052;0.0052;0.0052;5;0
ТГК-14;60;20171218;110000;0.0052;0.0052;0.0052;0.0052;10;0
ТГК-14;60;20171218;130000;0.00538;0.00538;0.00538;0.00538;1;0
ТГК-14;60;20171218;160000;0.00521;0.00521;0.00521;0.00521;3;0
ТГК-14;60;20171219;130000;0.0052;0.00536;0.0052;0.00536;46;0
ТГК-14;60;20171219;180000;0.0052;0.0052;0.0052;0.0052;1;0
ТГК-14;60;20171220;110000;0.0052;0.0052;0.0052;0.0052;18;0
ТГК-14;60;20171220;120000;0.0052;0.0052;0.0052;0.0052;286;0
ТГК-14;60;20171220;150000;0.0052;0.0052;0.0052;0.0052;1;0
ТГК-14;60;20171220;170000;0.0052;0.0052;0.0052;0.0052;1;0
ТГК-14;60;20171220;180000;0.0052;0.00523;0.0052;0.00523;10;0
ТГК-14;60;20171221;120000;0.00523;0.00523;0.0052;0.0052;3;0
ТГК-14;60;20171221;150000;0.0052;0.0052;0.0052;0.0052;7;0
ТГК-14;60;20171221;160000;0.0052;0.0052;0.0052;0.0052;15;0
ТГК-14;60;20171221;180000;0.0052;0.0052;0.0052;0.0052;28;0
ТГК-14;60;20171222;100000;0.0052;0.0052;0.0052;0.0052;1;0
ТГК-14;60;20171222;110000;0.0052;0.0052;0.0052;0.0052;22;0
ТГК-14;60;20171222;120000;0.0052;0.0052;0.0052;0.0052;1;0
ТГК-14;60;20171222;140000;0.0052;0.0052;0.0052;0.0052;1;0
ТГК-14;60;20171222;150000;0.0052;0.0052;0.0052;0.0052;2;0
ТГК-14;60;20171222;160000;0.0052;0.0052;0.0052;0.0052;4;0
ТГК-14;60;20171222;180000;0.0052;0.0052;0.0052;0.0052;2;0
ТГК-14;60;20171226;140000;0.00521;0.00521;0.0052;0.0052;8;0
ТГК-14;60;20171226;160000;0.0052;0.0052;0.0052;0.0052;2;0
ТГК-14;60;20171226;180000;0.0052;0.0052;0.0052;0.0052;6;0
ТГК-14;60;20171227;100000;0.0052;0.0052;0.0052;0.0052;3;0
ТГК-14;60;20171227;110000;0.0052;0.00521;0.0052;0.00521;23;0
ТГК-14;60;20171227;160000;0.00521;0.00521;0.00521;0.00521;1;0
ТГК-14;60;20171227;170000;0.00521;0.00521;0.00521;0.00521;2;0
ТГК-14;60;20171227;180000;0.00521;0.00521;0.00521;0.00521;1;0
ТГК-14;60;20171228;100000;0.0052;0.0052;0.0052;0.0052;5;0
ТГК-14;60;20171228;110000;0.0052;0.0052;0.0052;0.0052;1;0
ТГК-14;60;20171228;130000;0.0052;0.0052;0.0052;0.0052;8;0
ТГК-14;60;20171228;160000;0.0052;0.0052;0.0052;0.0052;1;0
ТГК-14;60;20171228;170000;0.00521;0.00521;0.00521;0.00521;1;0
ТГК-14;60;20171229;140000;0.0052;0.0052;0.0052;0.0052;1;0
ТГК-14;60;20171229;160000;0.0052;0.00522;0.0052;0.00522;23;0
ТГК-14;60;20171229;170000;0.0052;0.0052;0.0052;0.0052;1;0
ТГК-14;60;20171229;180000;0.00521;0.00521;0.00521;0.00521;1;0
