<TICKER>;<PER>;<DATE>;<TIME>;<OPEN>;<HIGH>;<LOW>;<CLOSE>;<VOL>;<OPENINT>
Телеграф;60;20170130;180000;24.6;24.6;24.6;24.6;1;0
Телеграф;60;20170201;170000;24.5;24.5;24.5;24.5;1;0
Телеграф;60;20170202;130000;24.8;24.9;24.8;24.9;2;0
Телеграф;60;20170203;100000;24.6;24.6;24.4;24.4;3;0
Телеграф;60;20170203;110000;24.7;24.8;24.7;24.8;2;0
Телеграф;60;20170207;180000;24.5;24.5;24.5;24.5;1;0
Телеграф;60;20170209;110000;24.8;24.8;24.8;24.8;1;0
Телеграф;60;20170209;130000;24.4;24.4;24.4;24.4;1;0
Телеграф;60;20170214;110000;24.4;24.4;24;24;5;0
Телеграф;60;20170216;110000;23.9;23.9;23.9;23.9;1;0
Телеграф;60;20170217;130000;23.8;23.8;23.1;23.1;9;0
Телеграф;60;20170220;130000;23.1;23.1;23;23;5;0
Телеграф;60;20170221;100000;23;23;23;23;1;0
Телеграф;60;20170221;120000;22.9;22.9;22.8;22.8;3;0
Телеграф;60;20170221;180000;23;23.1;23;23.1;2;0
Телеграф;60;20170222;120000;22.8;22.8;22.5;22.5;5;0
Телеграф;60;20170222;130000;22.6;23;22.6;23;4;0
Телеграф;60;20170222;160000;22.7;22.7;22.7;22.7;4;0
Телеграф;60;20170224;140000;22.6;22.6;22.6;22.6;1;0
Телеграф;60;20170224;160000;22.5;22.5;22.1;22.1;10;0
Телеграф;60;20170224;170000;22.3;22.3;22.1;22.1;7;0
Телеграф;60;20170224;180000;22.1;22.1;18;19.3;153;0
Телеграф;60;20170227;110000;19.5;19.5;19.4;19.4;4;0
Телеграф;60;20170227;120000;19.5;19.5;19;19;41;0
Телеграф;60;20170227;140000;19;19;18.6;18.6;2;0
Телеграф;60;20170227;150000;18.6;18.6;18.6;18.6;5;0
Телеграф;60;20170227;180000;18.6;18.6;18.6;18.6;2;0
Телеграф;60;20170228;100000;19.1;19.1;19;19;6;0
Телеграф;60;20170228;110000;19;19;19;19;5;0
Телеграф;60;20170228;170000;19.3;21.3;19.3;20.3;34;0
Телеграф;60;20170301;170000;20.8;21;20.8;21;3;0
Телеграф;60;20170302;100000;20.7;21;20.7;21;15;0
Телеграф;60;20170302;110000;20.9;20.9;19.7;20;19;0
Телеграф;60;20170306;100000;20.3;22.1;20.3;21.5;29;0
Телеграф;60;20170306;120000;19.7;19.7;19.7;19.7;10;0
Телеграф;60;20170307;100000;19.4;19.4;19.4;19.4;1;0
Телеграф;60;20170309;100000;18.8;18.8;18.8;18.8;1;0
Телеграф;60;20170309;110000;18.8;18.8;18.4;18.4;5;0
Телеграф;60;20170309;140000;18.5;18.5;18.4;18.4;5;0
Телеграф;60;20170309;160000;19;19;19;19;1;0
Телеграф;60;20170310;110000;19.5;19.8;19.5;19.8;5;0
Телеграф;60;20170313;130000;18.3;19.9;18.3;19.9;3;0
Телеграф;60;20170314;180000;19.6;20;19.6;20;35;0
Телеграф;60;20170317;130000;19.9;21.3;19.7;19.7;33;0
Телеграф;60;20170317;140000;20.5;20.5;20.5;20.5;1;0
Телеграф;60;20170317;170000;19.1;19.1;18.3;18.3;3;0
Телеграф;60;20170320;160000;18.4;18.4;18;18;35;0
Телеграф;60;20170320;180000;19.4;19.5;19.4;19.5;4;0
Телеграф;60;20170321;100000;19.9;19.9;19.9;19.9;1;0
Телеграф;60;20170321;140000;19.6;20;19.6;20;7;0
Телеграф;60;20170322;130000;18.4;19.9;18.3;19.9;4;0
Телеграф;60;20170322;160000;19.1;19.1;19;19;30;0
Телеграф;60;20170322;170000;19.9;20.1;19.9;20.1;4;0
Телеграф;60;20170322;180000;18.6;20;18.6;20;2;0
Телеграф;60;20170324;160000;20;20;20;20;1;0
Телеграф;60;20170327;150000;19.8;19.8;19.6;19.6;2;0
Телеграф;60;20170327;180000;19.7;19.7;19.7;19.7;8;0
Телеграф;60;20170328;130000;19.4;19.4;19.4;19.4;1;0
Телеграф;60;20170330;100000;19.6;19.6;19.6;19.6;1;0
Телеграф;60;20170330;110000;19.8;20.5;19.8;20.5;17;0
Телеграф;60;20170330;130000;20.2;20.2;20.1;20.2;9;0
Телеграф;60;20170330;160000;20;20;20;20;1;0
Телеграф;60;20170330;170000;20.2;20.4;20.2;20.4;2;0
Телеграф;60;20170330;180000;20.2;20.4;20.2;20.2;4;0
Телеграф;60;20170331;140000;20;20;19.8;19.8;10;0
Телеграф;60;20170331;150000;19.8;19.8;19.8;19.8;5;0
Телеграф;60;20170403;170000;19.6;19.6;19.6;19.6;1;0
Телеграф;60;20170404;110000;19.7;19.7;19.7;19.7;2;0
Телеграф;60;20170406;180000;19.7;19.8;19.7;19.8;2;0
Телеграф;60;20170410;170000;19.6;19.6;19.6;19.6;1;0
Телеграф;60;20170411;170000;19.4;19.4;18.7;18.7;5;0
Телеграф;60;20170411;180000;19;19.4;19;19.4;3;0
Телеграф;60;20170412;120000;19.6;20;19.6;20;7;0
Телеграф;60;20170412;140000;19.8;19.8;19.8;19.8;1;0
Телеграф;60;20170413;140000;20;20;20;20;1;0
Телеграф;60;20170413;180000;19.9;20.2;19.9;20.2;24;0
Телеграф;60;20170414;110000;20.4;20.4;20.4;20.4;12;0
Телеграф;60;20170414;130000;20.4;20.4;20.4;20.4;1;0
Телеграф;60;20170414;160000;19.9;19.9;19.8;19.8;3;0
Телеграф;60;20170417;170000;20.5;20.6;20.5;20.6;6;0
Телеграф;60;20170418;180000;20.6;20.6;20.6;20.6;6;0
Телеграф;60;20170424;170000;19.1;20;19.1;20;10;0
Телеграф;60;20170424;180000;19.9;19.9;19.9;19.9;14;0
Телеграф;60;20170425;110000;20;21;20;20.9;100;0
Телеграф;60;20170425;120000;20.7;20.9;20.7;20.9;4;0
Телеграф;60;20170425;170000;20.6;20.8;20;20.8;10;0
Телеграф;60;20170425;180000;20;20.8;20;20.8;20;0
Телеграф;60;20170426;170000;19.1;19.1;19.1;19.1;1;0
Телеграф;60;20170426;180000;20.8;20.8;20.8;20.8;1;0
Телеграф;60;20170428;100000;20.7;20.9;20.7;20.9;18;0
Телеграф;60;20170428;140000;20.7;21.3;20.7;21.3;29;0
Телеграф;60;20170502;170000;19.6;20.5;19.6;20.5;32;0
Телеграф;60;20170503;100000;20.9;20.9;20.9;20.9;10;0
Телеграф;60;20170503;110000;21;21;21;21;1;0
Телеграф;60;20170517;110000;19.1;20.4;18.9;20;24;0
Телеграф;60;20170517;120000;20.5;20.5;20.5;20.5;1;0
Телеграф;60;20170517;150000;19.1;19.8;18.9;19.8;10;0
Телеграф;60;20170517;180000;19;19.1;19;19;4;0
Телеграф;60;20170523;120000;19.2;19.2;19.2;19.2;1;0
Телеграф;60;20170523;180000;19.2;19.9;19.2;19.9;2;0
Телеграф;60;20170524;170000;19.5;19.5;19.5;19.5;2;0
Телеграф;60;20170525;110000;19.5;19.5;19.5;19.5;1;0
Телеграф;60;20170531;150000;18.4;18.4;18.4;18.4;1;0
Телеграф;60;20170531;160000;18.3;18.3;18.1;18.1;2;0
Телеграф;60;20170531;170000;19.6;19.7;19.6;19.6;4;0
Телеграф;60;20170602;140000;19.5;19.5;19.5;19.5;1;0
Телеграф;60;20170606;100000;17.2;19.6;17.1;19.6;38;0
Телеграф;60;20170606;150000;18;18;18;18;1;0
Телеграф;60;20170606;170000;18;18;18;18;15;0
Телеграф;60;20170606;180000;18.2;18.2;18.2;18.2;2;0
Телеграф;60;20170607;110000;17.5;17.5;17.5;17.5;2;0
Телеграф;60;20170607;160000;17.7;17.7;17.5;17.5;5;0
Телеграф;60;20170608;140000;17.3;17.3;17;17;12;0
Телеграф;60;20170608;150000;17.1;17.1;17;17;8;0
Телеграф;60;20170608;170000;17;17;17;17;2;0
Телеграф;60;20170613;120000;17.1;17.1;17;17;13;0
Телеграф;60;20170614;100000;19.8;19.8;19.1;19.1;4;0
Телеграф;60;20170614;130000;17.4;17.4;17.2;17.2;15;0
Телеграф;60;20170614;180000;18.3;18.8;18.3;18.8;47;0
Телеграф;60;20170615;100000;17.6;17.6;17.2;17.3;24;0
Телеграф;60;20170615;140000;18.1;18.1;18.1;18.1;1;0
Телеграф;60;20170619;130000;17.4;17.4;17;17;10;0
Телеграф;60;20170619;150000;17.1;17.1;17.1;17.1;10;0
Телеграф;60;20170620;120000;17;17;17;17;5;0
Телеграф;60;20170620;130000;17.1;17.1;17;17;3;0
Телеграф;60;20170620;140000;17;17;17;17;2;0
Телеграф;60;20170621;160000;17.1;17.1;17;17;7;0
Телеграф;60;20170622;110000;17;17;17;17;8;0
Телеграф;60;20170623;100000;18.4;20.4;18.4;19.1;55;0
Телеграф;60;20170623;110000;19;19;18.8;18.8;3;0
Телеграф;60;20170623;120000;18.7;18.9;18.6;18.9;4;0
Телеграф;60;20170626;100000;18.7;18.7;18.4;18.6;5;0
Телеграф;60;20170626;120000;18.4;18.4;17.8;18.1;7;0
Телеграф;60;20170626;130000;18;18.1;17.8;18.1;9;0
Телеграф;60;20170626;160000;17.9;17.9;17.4;17.4;20;0
Телеграф;60;20170626;170000;17.8;18.5;17.8;18;16;0
Телеграф;60;20170626;180000;18.2;18.5;18.2;18.5;4;0
Телеграф;60;20170627;100000;18.1;18.3;18;18.3;4;0
Телеграф;60;20170627;120000;18.1;18.1;17.9;18.1;7;0
Телеграф;60;20170627;130000;17.9;17.9;17.9;17.9;1;0
Телеграф;60;20170627;140000;17.9;17.9;17.9;17.9;1;0
Телеграф;60;20170627;150000;17.8;17.8;17.5;17.5;10;0
Телеграф;60;20170627;170000;17.6;17.6;17.6;17.6;2;0
Телеграф;60;20170627;180000;17.5;17.6;17.3;17.6;26;0
Телеграф;60;20170628;100000;17.7;17.7;17.7;17.7;1;0
Телеграф;60;20170628;110000;17.6;17.6;17.2;17.2;45;0
Телеграф;60;20170628;120000;17.5;17.5;17.5;17.5;1;0
Телеграф;60;20170628;130000;17.5;17.5;17.5;17.5;10;0
Телеграф;60;20170628;160000;17.6;18;17.6;18;30;0
Телеграф;60;20170629;140000;18;18.1;17.8;17.8;4;0
Телеграф;60;20170630;120000;18;18.9;18;18.1;85;0
Телеграф;60;20170630;150000;18.1;18.1;18.1;18.1;1;0
Телеграф;60;20170630;170000;18.3;18.3;18.3;18.3;1;0
Телеграф;60;20170705;140000;18.4;18.4;18.4;18.4;1;0
Телеграф;60;20170710;160000;17.5;17.5;17;17.1;30;0
Телеграф;60;20170710;180000;17.2;17.2;17.1;17.1;8;0
Телеграф;60;20170711;160000;17.4;17.4;17.1;17.1;19;0
Телеграф;60;20170711;180000;17.7;17.8;17.7;17.8;3;0
Телеграф;60;20170712;120000;18.4;18.6;18.4;18.6;3;0
Телеграф;60;20170712;170000;17.6;17.6;17.4;17.4;21;0
Телеграф;60;20170717;140000;17.9;17.9;17.9;17.9;1;0
Телеграф;60;20170717;150000;18;18;18;18;1;0
Телеграф;60;20170717;180000;17.9;18.3;17.9;18.2;32;0
Телеграф;60;20170718;110000;17.7;17.7;17.7;17.7;1;0
Телеграф;60;20170718;120000;18.1;19.6;18.1;18.7;11;0
Телеграф;60;20170718;140000;18.3;18.3;18.3;18.3;99;0
Телеграф;60;20170718;180000;18.5;20;18.5;20;50;0
Телеграф;60;20170720;100000;19.5;19.9;19.5;19.9;2;0
Телеграф;60;20170720;170000;19.7;19.7;19.7;19.7;3;0
Телеграф;60;20170725;130000;18.7;18.7;18.7;18.7;1;0
Телеграф;60;20170725;160000;18.4;18.4;18.4;18.4;3;0
Телеграф;60;20170727;110000;18;18;17;17;120;0
Телеграф;60;20170727;140000;17.6;17.6;17.6;17.6;5;0
Телеграф;60;20170727;150000;17.5;17.5;17.4;17.4;9;0
Телеграф;60;20170801;140000;17.6;17.6;17.5;17.5;5;0
Телеграф;60;20170802;150000;17.5;17.8;17.5;17.8;2;0
Телеграф;60;20170802;170000;17.7;17.7;17.5;17.5;35;0
Телеграф;60;20170807;180000;17.9;18.2;17.9;18.2;42;0
Телеграф;60;20170808;110000;18.2;19.7;18.1;18.1;60;0
Телеграф;60;20170808;130000;17.8;17.8;17.6;17.6;30;0
Телеграф;60;20170808;170000;18.9;19.3;18.9;19.3;30;0
Телеграф;60;20170810;180000;17.7;17.7;17.7;17.7;1;0
Телеграф;60;20170814;100000;18.3;18.3;18.1;18.1;3;0
Телеграф;60;20170814;170000;18.7;19;18.7;19;19;0
Телеграф;60;20170814;180000;19.1;19.1;19.1;19.1;1;0
Телеграф;60;20170815;100000;17.3;17.3;17.2;17.2;30;0
Телеграф;60;20170815;110000;18.3;18.3;18.3;18.3;2;0
Телеграф;60;20170815;120000;18.3;18.3;18.3;18.3;1;0
Телеграф;60;20170815;130000;18.3;18.9;18.3;18.9;18;0
Телеграф;60;20170815;170000;18.4;18.4;18.4;18.4;1;0
Телеграф;60;20170816;130000;18.5;18.5;18.5;18.5;10;0
Телеграф;60;20170816;140000;18.9;24;18.8;21;183;0
Телеграф;60;20170816;150000;20.6;23.6;20;21.5;50;0
Телеграф;60;20170816;160000;20.7;21.5;20.4;21.5;29;0
Телеграф;60;20170816;170000;21.5;22;20.2;20.2;47;0
Телеграф;60;20170816;180000;21.3;21.3;21.3;21.3;1;0
Телеграф;60;20170817;100000;22.9;24.9;21.5;21.5;32;0
Телеграф;60;20170817;110000;20.6;20.6;20.6;20.6;2;0
Телеграф;60;20170817;120000;21.7;22.9;21;21;8;0
Телеграф;60;20170817;130000;21;21;21;21;2;0
Телеграф;60;20170817;150000;20.8;20.8;20.4;20.4;10;0
Телеграф;60;20170817;160000;21;21;21;21;40;0
Телеграф;60;20170817;170000;21;22.4;21;22.4;32;0
Телеграф;60;20170817;180000;22.6;23.8;21.1;21.1;56;0
Телеграф;60;20170818;110000;22;22.1;22;22.1;2;0
Телеграф;60;20170818;150000;21.1;21.3;21.1;21.3;23;0
Телеграф;60;20170821;110000;21.8;23.1;21.8;22.7;79;0
Телеграф;60;20170821;120000;22;22;21.9;21.9;5;0
Телеграф;60;20170821;130000;22;22;22;22;2;0
Телеграф;60;20170821;150000;22.2;22.5;22.2;22.5;13;0
Телеграф;60;20170821;160000;22.5;22.5;22.5;22.5;4;0
Телеграф;60;20170821;170000;22.6;22.6;22.6;22.6;1;0
Телеграф;60;20170821;180000;22.2;22.2;18.6;19;42;0
Телеграф;60;20170822;130000;21.4;21.4;21.4;21.4;1;0
Телеграф;60;20170822;150000;21.5;21.7;21.5;21.7;11;0
Телеграф;60;20170822;160000;21.7;21.7;21.7;21.7;9;0
Телеграф;60;20170822;170000;22;22;22;22;1;0
Телеграф;60;20170822;180000;21.8;21.9;21.8;21.9;20;0
Телеграф;60;20170823;100000;20.8;21;20.7;20.7;98;0
Телеграф;60;20170823;130000;21;21;21;21;2;0
Телеграф;60;20170823;160000;21.1;21.1;21;21;7;0
Телеграф;60;20170824;150000;21.1;21.2;21.1;21.2;5;0
Телеграф;60;20170824;160000;21.6;21.6;21.6;21.6;1;0
Телеграф;60;20170825;130000;20.7;21;19.5;21;87;0
Телеграф;60;20170825;160000;21.1;21.1;21.1;21.1;1;0
Телеграф;60;20170825;170000;21;21;21;21;52;0
Телеграф;60;20170828;160000;20.4;20.6;20.4;20.6;62;0
Телеграф;60;20170828;170000;20.8;20.9;20.8;20.9;11;0
Телеграф;60;20170828;180000;20.9;20.9;19.9;19.9;88;0
Телеграф;60;20170829;180000;20.5;20.5;20.5;20.5;41;0
Телеграф;60;20170830;140000;20.8;21;20.8;21;12;0
Телеграф;60;20170830;180000;21;21;20.3;20.3;203;0
Телеграф;60;20170831;100000;20.3;20.3;20.3;20.3;1;0
Телеграф;60;20170831;120000;20.4;20.4;20.4;20.4;1;0
Телеграф;60;20170831;130000;20.9;21;20.9;21;1016;0
Телеграф;60;20170831;180000;21.4;21.4;21.4;21.4;1;0
Телеграф;60;20170901;120000;21.4;22.8;21.4;22.8;4;0
Телеграф;60;20170908;110000;21.8;22;21.8;22;30;0
Телеграф;60;20170908;120000;22;23.7;22;23.7;26;0
Телеграф;60;20170908;180000;21.9;23.6;21.9;23.6;100;0
Телеграф;60;20170912;180000;22.9;23.9;22.9;23.9;23;0
Телеграф;60;20170913;100000;23;23.4;22.7;23.4;7;0
Телеграф;60;20170913;160000;23.3;23.3;23.3;23.3;1;0
Телеграф;60;20170914;120000;23.8;23.9;23.8;23.9;12;0
Телеграф;60;20170914;140000;22.4;22.4;22;22;6;0
Телеграф;60;20170918;170000;23.1;23.2;23.1;23.2;2;0
Телеграф;60;20170919;120000;22.1;23.2;22;23.2;19;0
Телеграф;60;20170919;180000;22.5;22.5;22.5;22.5;4;0
Телеграф;60;20170920;110000;23.5;24;23.5;24;26;0
Телеграф;60;20170920;170000;23;23;23;23;1;0
Телеграф;60;20170920;180000;23.1;23.4;23.1;23.3;72;0
Телеграф;60;20170921;110000;23;23;23;23;1;0
Телеграф;60;20170921;120000;22;23;22;23;5;0
Телеграф;60;20170922;100000;22.6;22.6;22.5;22.5;3;0
Телеграф;60;20170925;120000;21.8;21.8;21.8;21.8;4;0
Телеграф;60;20170925;140000;21.8;21.8;21.8;21.8;1;0
Телеграф;60;20170926;110000;21.8;21.8;21.8;21.8;4;0
Телеграф;60;20170926;140000;21.8;22;21.8;22;20;0
Телеграф;60;20170926;150000;21.9;21.9;21.8;21.8;5;0
Телеграф;60;20170926;160000;21.5;21.5;21;21;10;0
Телеграф;60;20170926;180000;21.8;22;21;21;23;0
Телеграф;60;20170927;110000;21.7;21.8;21.7;21.8;3;0
Телеграф;60;20170927;140000;21;21.9;20;21.9;21;0
Телеграф;60;20170927;150000;21.9;22;21.9;22;117;0
Телеграф;60;20170927;160000;22.5;22.5;22;22;11;0
Телеграф;60;20170928;140000;22;22.8;21.2;22.8;15;0
Телеграф;60;20170929;170000;22.6;23.6;22.6;23.6;20;0
Телеграф;60;20170929;180000;22.1;22.2;22.1;22.2;2;0
Телеграф;60;20171002;120000;22.5;22.5;22.3;22.3;5;0
Телеграф;60;20171002;170000;21.8;22.8;21.8;22.8;142;0
Телеграф;60;20171002;180000;22.6;22.6;22.2;22.4;194;0
Телеграф;60;20171004;180000;21.6;23.2;21.1;23.2;18;0
Телеграф;60;20171005;120000;22.2;22.2;22.2;22.2;1;0
Телеграф;60;20171005;130000;23.6;23.6;23.6;23.6;1;0
Телеграф;60;20171006;140000;22.9;22.9;22;22;7;0
Телеграф;60;20171006;170000;22;22.7;21;22.7;278;0
Телеграф;60;20171009;110000;22.3;23;22;23;15;0
Телеграф;60;20171009;150000;22.1;22.5;22;22;6;0
Телеграф;60;20171009;180000;22.3;22.6;22.3;22.6;25;0
Телеграф;60;20171010;130000;21.8;21.8;21.4;21.4;12;0
Телеграф;60;20171010;180000;22.2;22.6;22;22;21;0
Телеграф;60;20171011;120000;22.7;22.9;22.5;22.9;4;0
Телеграф;60;20171011;130000;22.9;23.4;22.9;23.4;38;0
Телеграф;60;20171011;140000;23.4;30.5;23.4;30;904;0
Телеграф;60;20171011;150000;30.3;30.3;25.5;25.5;434;0
Телеграф;60;20171011;160000;26.3;28.9;25.6;27.8;1458;0
Телеграф;60;20171011;170000;27.7;29;26.6;28;1300;0
Телеграф;60;20171011;180000;27.9;29.9;27.6;29.4;1506;0
Телеграф;60;20171012;100000;30.5;31;27.1;27.4;1227;0
Телеграф;60;20171012;110000;27.7;28.5;27.6;27.9;193;0
Телеграф;60;20171012;120000;27.4;27.9;27.1;27.9;76;0
Телеграф;60;20171012;130000;27.7;29.3;27.7;28.3;1520;0
Телеграф;60;20171012;140000;28.5;29.1;28;28;163;0
Телеграф;60;20171012;150000;28;28.3;27.2;27.5;241;0
Телеграф;60;20171012;160000;27.4;27.8;26.3;26.5;330;0
Телеграф;60;20171012;170000;26.9;27.5;26.9;26.9;89;0
Телеграф;60;20171012;180000;26.8;27.2;26.3;26.9;104;0
Телеграф;60;20171013;100000;27.1;27.1;25.7;26;67;0
Телеграф;60;20171013;110000;25.8;26;25.5;26;46;0
Телеграф;60;20171013;120000;25.6;26;25.6;26;9;0
Телеграф;60;20171013;130000;25.8;26.1;25;25.8;128;0
Телеграф;60;20171013;140000;25.8;25.9;24.8;25.4;160;0
Телеграф;60;20171013;150000;25.5;25.8;25.3;25.8;56;0
Телеграф;60;20171013;160000;25.5;25.9;25.3;25.5;25;0
Телеграф;60;20171013;170000;25.5;25.8;25;25.7;15;0
Телеграф;60;20171013;180000;25.4;25.8;25.4;25.6;58;0
Телеграф;60;20171016;100000;26;26;25.9;25.9;19;0
Телеграф;60;20171016;120000;25.9;26.7;25.9;26.7;109;0
Телеграф;60;20171016;130000;26.7;26.7;25.6;26.5;27;0
Телеграф;60;20171016;140000;26.4;26.4;25.7;25.7;24;0
Телеграф;60;20171016;150000;25.7;25.7;25.7;25.7;6;0
Телеграф;60;20171016;160000;25.7;26.4;25.7;26.4;5;0
Телеграф;60;20171016;170000;25.9;26.3;25.7;26.3;5;0
Телеграф;60;20171016;180000;25.8;26;25.6;25.6;8;0
Телеграф;60;20171017;100000;25.6;25.6;25.6;25.6;3;0
Телеграф;60;20171017;110000;26;26.2;26;26.2;6;0
Телеграф;60;20171017;120000;25.8;26.2;25.8;26.2;6;0
Телеграф;60;20171017;130000;25.8;25.8;25.8;25.8;3;0
Телеграф;60;20171017;140000;25.7;25.7;25;25;31;0
Телеграф;60;20171017;150000;25;25.4;24.5;25;69;0
Телеграф;60;20171017;160000;24.6;24.6;24;24.4;80;0
Телеграф;60;20171017;170000;24.6;24.6;23.1;23.1;249;0
Телеграф;60;20171017;180000;23.6;24;23.3;23.7;65;0
Телеграф;60;20171018;100000;23.3;24.1;23.3;24.1;11;0
Телеграф;60;20171018;110000;24;24.5;24;24.5;29;0
Телеграф;60;20171018;120000;23.9;23.9;22.5;23;164;0
Телеграф;60;20171018;130000;23.4;23.6;23.4;23.6;35;0
Телеграф;60;20171018;140000;23.3;23.5;23.3;23.5;5;0
Телеграф;60;20171018;150000;23.5;23.5;23.5;23.5;11;0
Телеграф;60;20171018;160000;23.5;23.5;23.5;23.5;11;0
Телеграф;60;20171018;180000;23.6;23.7;22.7;23.1;35;0
Телеграф;60;20171019;100000;23.1;23.2;23.1;23.1;3;0
Телеграф;60;20171019;110000;23;23;23;23;1;0
Телеграф;60;20171019;120000;23.1;23.1;23.1;23.1;1;0
Телеграф;60;20171019;130000;23.6;24;23.6;24;21;0
Телеграф;60;20171019;140000;23.9;24;23.5;23.5;6;0
Телеграф;60;20171019;180000;23.5;23.5;23.5;23.5;2;0
Телеграф;60;20171020;100000;23.3;23.6;22.6;23.6;21;0
Телеграф;60;20171020;140000;23.4;23.5;23.4;23.5;57;0
Телеграф;60;20171020;150000;23;23;23;23;1;0
Телеграф;60;20171020;160000;23;23;23;23;1;0
Телеграф;60;20171020;170000;22.8;23.4;22.7;23.4;1088;0
Телеграф;60;20171020;180000;23;23;22.7;22.7;3;0
Телеграф;60;20171023;100000;23.3;24.5;22.6;24;360;0
Телеграф;60;20171023;110000;23.9;24.3;23.4;24;102;0
Телеграф;60;20171023;120000;24;24;24;24;1;0
Телеграф;60;20171023;130000;24;24;23.5;23.9;9;0
Телеграф;60;20171023;160000;23.4;23.4;23.1;23.1;10;0
Телеграф;60;20171023;180000;23.1;23.2;23;23;28;0
Телеграф;60;20171024;090000;22.5;22.5;22.5;22.5;1;0
Телеграф;60;20171024;100000;23;23;22.9;22.9;2;0
Телеграф;60;20171024;110000;22.7;22.7;22.5;22.5;12;0
Телеграф;60;20171024;120000;22.5;22.5;22;22;83;0
Телеграф;60;20171024;130000;22.3;22.4;21.5;21.5;51;0
Телеграф;60;20171024;140000;22;22.6;21.9;22.6;57;0
Телеграф;60;20171024;150000;21.9;21.9;21.5;21.5;10;0
Телеграф;60;20171024;160000;22;22;22;22;1;0
Телеграф;60;20171025;100000;22.5;23.3;22.5;22.8;14;0
Телеграф;60;20171025;110000;22.5;23;22.3;22.3;48;0
Телеграф;60;20171025;160000;22.7;22.9;22.7;22.9;7;0
Телеграф;60;20171025;180000;22.8;22.8;22.1;22.1;2;0
Телеграф;60;20171026;100000;22.1;22.1;21.2;21.7;44;0
Телеграф;60;20171026;110000;21.5;22.1;21.4;22.1;13;0
Телеграф;60;20171026;120000;22;22.5;21.3;21.3;65;0
Телеграф;60;20171026;140000;21.9;22;21.9;22;25;0
Телеграф;60;20171026;150000;21.7;21.7;21.4;21.4;10;0
Телеграф;60;20171026;160000;21.4;21.4;21.3;21.3;20;0
Телеграф;60;20171026;170000;21.7;22.3;21.7;22.1;67;0
Телеграф;60;20171026;180000;22;22;22;22;1;0
Телеграф;60;20171027;100000;22.4;23;22.4;23;34;0
Телеграф;60;20171027;110000;23;23;22.9;23;27;0
Телеграф;60;20171027;120000;22.8;23.5;22.8;22.8;187;0
Телеграф;60;20171027;150000;22.7;22.7;22.4;22.4;20;0
Телеграф;60;20171027;160000;22.9;24;22.9;24;70;0
Телеграф;60;20171027;170000;24;24.2;23.6;24.2;14;0
Телеграф;60;20171027;180000;24.2;24.3;23.6;24.2;37;0
Телеграф;60;20171030;100000;24.3;26.3;24.3;25.5;89;0
Телеграф;60;20171030;110000;25.3;25.3;24.9;25;14;0
Телеграф;60;20171030;120000;24.7;25.5;24.6;25;26;0
Телеграф;60;20171030;130000;25.5;25.5;25.2;25.4;44;0
Телеграф;60;20171030;140000;25;27;25;27;620;0
Телеграф;60;20171030;150000;27;32.8;26.7;30;2130;0
Телеграф;60;20171030;160000;31;31.8;27.7;28;1160;0
Телеграф;60;20171030;170000;28.2;29.6;27.6;28.9;508;0
Телеграф;60;20171030;180000;29;29.5;27.5;27.5;384;0
Телеграф;60;20171031;090000;28.5;28.5;28.5;28.5;15;0
Телеграф;60;20171031;100000;28.3;28.5;25.7;26.7;409;0
Телеграф;60;20171031;110000;26.7;27.2;26.1;26.2;78;0
Телеграф;60;20171031;120000;26.2;26.8;26.1;26.8;128;0
Телеграф;60;20171031;130000;26.4;26.4;25.6;26.1;67;0
Телеграф;60;20171031;140000;25.8;26.4;25.6;25.7;24;0
Телеграф;60;20171031;150000;25.7;25.7;25;25.4;84;0
Телеграф;60;20171031;160000;25.3;25.3;25;25;26;0
Телеграф;60;20171031;170000;25.1;26;24.5;26;149;0
Телеграф;60;20171031;180000;25.9;26;25;25.5;39;0
Телеграф;60;20171101;100000;25.1;26.4;25;25.8;58;0
Телеграф;60;20171101;110000;25.2;25.5;24.9;25.5;24;0
Телеграф;60;20171101;120000;25.5;25.9;25.1;25.2;56;0
Телеграф;60;20171101;130000;25.2;25.4;25;25.4;20;0
Телеграф;60;20171101;140000;25.4;25.5;25.4;25.5;10;0
Телеграф;60;20171101;150000;25.2;25.2;24.9;24.9;9;0
Телеграф;60;20171101;160000;24.9;24.9;24.9;24.9;5;0
Телеграф;60;20171101;170000;25.2;25.2;25.2;25.2;44;0
Телеграф;60;20171101;180000;25;25.4;25;25.4;42;0
Телеграф;60;20171102;090000;25.5;25.5;25.5;25.5;1;0
Телеграф;60;20171102;100000;25.5;25.5;25.1;25.1;30;0
Телеграф;60;20171102;110000;25;25.3;24.7;24.7;106;0
Телеграф;60;20171102;120000;24.8;24.8;24.8;24.8;1;0
Телеграф;60;20171102;130000;24.8;25;24.8;25;4;0
Телеграф;60;20171102;140000;24.9;24.9;23.8;24;108;0
Телеграф;60;20171102;150000;24.6;24.6;24.5;24.6;3;0
Телеграф;60;20171102;160000;24.2;24.4;23.8;24.4;54;0
Телеграф;60;20171102;170000;24;24;24;24;2;0
Телеграф;60;20171102;180000;24.1;24.3;24.1;24.3;7;0
Телеграф;60;20171103;100000;24.1;24.1;24.1;24.1;1;0
Телеграф;60;20171103;110000;23.9;25.4;23.8;25.1;94;0
Телеграф;60;20171103;120000;24.7;24.7;24.5;24.6;13;0
Телеграф;60;20171103;130000;25;25.1;24.8;24.8;17;0
Телеграф;60;20171103;140000;24.8;24.8;23.1;24.5;131;0
Телеграф;60;20171103;150000;23.9;24.8;23.9;24.8;7;0
Телеграф;60;20171103;170000;24.5;24.5;24.5;24.5;10;0
Телеграф;60;20171103;180000;24;24;24;24;5;0
Телеграф;60;20171107;100000;24.2;24.2;24.1;24.1;2;0
Телеграф;60;20171107;110000;24;24.5;24;24.5;12;0
Телеграф;60;20171107;120000;24.3;24.3;24.3;24.3;1;0
Телеграф;60;20171107;130000;24.1;24.1;24.1;24.1;1;0
Телеграф;60;20171107;160000;23.9;23.9;23.9;23.9;1;0
Телеграф;60;20171107;170000;24.3;24.7;24.3;24.4;6;0
Телеграф;60;20171107;180000;24.2;24.2;24.1;24.1;3;0
Телеграф;60;20171108;110000;23.9;24.1;23.9;24.1;2;0
Телеграф;60;20171108;120000;24;24.1;24;24.1;34;0
Телеграф;60;20171108;130000;24.1;24.1;24.1;24.1;8;0
Телеграф;60;20171108;140000;24.1;24.1;24.1;24.1;1;0
Телеграф;60;20171108;150000;24.1;24.1;24;24;61;0
Телеграф;60;20171108;160000;24;24;24;24;1;0
Телеграф;60;20171108;170000;24;25.3;24;24.3;64;0
Телеграф;60;20171108;180000;24.1;24.5;24;24.5;4;0
Телеграф;60;20171109;120000;24;24.1;24;24.1;23;0
Телеграф;60;20171109;140000;23.7;23.8;23.1;23.7;38;0
Телеграф;60;20171109;150000;23.8;24;23.8;24;10;0
Телеграф;60;20171109;160000;23.6;23.6;23;23;26;0
Телеграф;60;20171109;170000;23.6;23.9;23.3;23.3;9;0
Телеграф;60;20171109;180000;23.3;23.9;23.2;23.9;33;0
Телеграф;60;20171110;100000;24.3;24.3;24.3;24.3;1;0
Телеграф;60;20171110;120000;23.5;23.5;23;23;13;0
Телеграф;60;20171110;140000;23.1;23.1;23;23;12;0
Телеграф;60;20171110;150000;23.3;23.4;23.3;23.4;2;0
Телеграф;60;20171113;100000;23.7;25.7;23.1;23.2;189;0
Телеграф;60;20171113;110000;23.1;23.1;22.5;23;49;0
Телеграф;60;20171113;120000;23.1;23.4;23.1;23.3;6;0
Телеграф;60;20171113;130000;23.5;23.5;23.5;23.5;1;0
Телеграф;60;20171113;140000;23;23;23;23;1;0
Телеграф;60;20171113;150000;23.3;23.5;23.3;23.5;29;0
Телеграф;60;20171113;170000;23.4;23.5;23;23;41;0
Телеграф;60;20171113;180000;23.3;23.5;23.3;23.5;19;0
Телеграф;60;20171114;100000;23.4;23.4;23.4;23.4;24;0
Телеграф;60;20171114;110000;23.1;23.1;23.1;23.1;4;0
Телеграф;60;20171114;120000;23.1;23.1;23;23;3;0
Телеграф;60;20171114;130000;23.4;23.4;23.4;23.4;1;0
Телеграф;60;20171114;140000;23;23;23;23;1;0
Телеграф;60;20171114;150000;22.9;23.5;22.5;23.5;31;0
Телеграф;60;20171114;160000;23.3;23.3;23.3;23.3;10;0
Телеграф;60;20171114;170000;23;23;23;23;4;0
Телеграф;60;20171114;180000;22.9;23.5;22.2;23.5;74;0
Телеграф;60;20171115;100000;22.6;23.4;22.5;23;12;0
Телеграф;60;20171115;120000;23.2;23.5;23.2;23.5;4;0
Телеграф;60;20171115;130000;22.7;22.7;22.7;22.7;1;0
Телеграф;60;20171115;140000;22.6;22.6;22.6;22.6;2;0
Телеграф;60;20171115;150000;22.6;22.6;22.6;22.6;2;0
Телеграф;60;20171115;160000;22.5;22.5;22.4;22.4;4;0
Телеграф;60;20171115;170000;22.3;22.4;22.1;22.1;19;0
Телеграф;60;20171115;180000;22.1;23;22.1;23;10;0
Телеграф;60;20171116;100000;22.8;22.9;22.8;22.9;4;0
Телеграф;60;20171116;120000;22.7;22.7;22.7;22.7;1;0
Телеграф;60;20171116;130000;22.8;22.8;22.1;22.1;5;0
Телеграф;60;20171116;140000;22.5;22.8;22.5;22.8;4;0
Телеграф;60;20171116;150000;22.1;22.3;21.4;21.4;165;0
Телеграф;60;20171116;160000;21.5;21.5;21.5;21.5;10;0
Телеграф;60;20171116;170000;22;22.2;22;22.2;4;0
Телеграф;60;20171116;180000;22;22.3;22;22.3;2;0
Телеграф;60;20171117;100000;22.1;22.4;21.5;21.6;91;0
Телеграф;60;20171117;110000;21.7;21.7;21.7;21.7;3;0
Телеграф;60;20171117;120000;21.7;21.7;21.7;21.7;1;0
Телеграф;60;20171117;130000;21.7;21.7;21.3;21.3;250;0
Телеграф;60;20171117;140000;21.5;21.5;21.5;21.5;1;0
Телеграф;60;20171117;150000;21.3;21.3;21.3;21.3;20;0
Телеграф;60;20171117;160000;21.6;21.6;21.6;21.6;10;0
Телеграф;60;20171117;170000;21.4;21.4;21.4;21.4;1;0
Телеграф;60;20171117;180000;21.3;21.3;21.3;21.3;1;0
Телеграф;60;20171120;110000;21.7;21.8;21.3;21.4;33;0
Телеграф;60;20171120;140000;21.7;22.1;21.7;22;54;0
Телеграф;60;20171120;150000;22;22;22;22;7;0
Телеграф;60;20171120;160000;22;22;21.5;21.5;40;0
Телеграф;60;20171121;100000;21.5;21.5;21.4;21.4;2;0
Телеграф;60;20171121;110000;21.7;21.7;21.6;21.6;10;0
Телеграф;60;20171121;120000;22;22;22;22;2;0
Телеграф;60;20171121;130000;21.7;21.7;21.5;21.5;41;0
Телеграф;60;20171121;150000;21.7;21.7;21.5;21.5;55;0
Телеграф;60;20171121;160000;21.7;21.7;21.3;21.3;72;0
Телеграф;60;20171121;180000;21.6;22.3;21.6;22.3;93;0
Телеграф;60;20171122;110000;21.7;21.7;21.7;21.7;1;0
Телеграф;60;20171122;130000;21.7;21.8;21.7;21.8;10;0
Телеграф;60;20171122;150000;21.7;22;21.5;22;26;0
Телеграф;60;20171122;160000;21.7;21.7;21.7;21.7;1;0
Телеграф;60;20171122;180000;21.5;21.5;21.5;21.5;2;0
Телеграф;60;20171123;100000;21.5;21.5;21.5;21.5;1;0
Телеграф;60;20171123;110000;21.5;21.5;21.5;21.5;7;0
Телеграф;60;20171123;120000;21.5;21.5;21.2;21.2;50;0
Телеграф;60;20171123;130000;21.3;21.3;21.2;21.2;73;0
Телеграф;60;20171123;160000;21.2;21.2;20.6;20.9;24;0
Телеграф;60;20171124;100000;21;21;20.5;20.5;4;0
Телеграф;60;20171124;110000;20.8;21.2;20.8;21.2;9;0
Телеграф;60;20171124;140000;21.3;21.3;21.3;21.3;3;0
Телеграф;60;20171124;160000;21.3;21.3;21.3;21.3;1;0
Телеграф;60;20171124;180000;21.2;21.2;21.2;21.2;1;0
Телеграф;60;20171127;100000;21.5;21.9;21.4;21.4;14;0
Телеграф;60;20171127;110000;21.4;21.6;21.2;21.6;11;0
Телеграф;60;20171127;120000;21.6;21.9;21.6;21.9;204;0
Телеграф;60;20171127;130000;21.8;22.1;21.8;21.8;25;0
Телеграф;60;20171127;140000;21.8;21.8;21.5;21.5;5;0
Телеграф;60;20171127;160000;21.8;22.5;21.8;22.3;11;0
Телеграф;60;20171127;170000;22.4;22.4;22.4;22.4;1;0
Телеграф;60;20171128;100000;22.2;22.5;20.9;22;36;0
Телеграф;60;20171128;130000;22.1;22.1;21.5;21.5;10;0
Телеграф;60;20171128;140000;22.1;22.1;22.1;22.1;10;0
Телеграф;60;20171128;150000;21.8;21.8;21.8;21.8;1;0
Телеграф;60;20171128;170000;22.1;22.4;22.1;22.4;64;0
Телеграф;60;20171128;180000;22.1;22.3;21.5;21.5;13;0
Телеграф;60;20171129;100000;21.6;21.6;21.6;21.6;1;0
Телеграф;60;20171129;110000;21.5;21.5;21.3;21.3;4;0
Телеграф;60;20171129;120000;21.5;21.5;21.4;21.4;2;0
Телеграф;60;20171129;130000;21.3;21.3;21.2;21.2;4;0
Телеграф;60;20171129;170000;21.2;21.2;21.2;21.2;10;0
Телеграф;60;20171130;090000;21;21;21;21;4;0
Телеграф;60;20171130;100000;20.9;21;20.5;20.8;142;0
Телеграф;60;20171130;120000;20.8;20.8;20.5;20.5;23;0
Телеграф;60;20171130;130000;20.5;20.5;20.5;20.5;4;0
Телеграф;60;20171130;140000;20.8;20.8;20.8;20.8;1;0
Телеграф;60;20171130;150000;20.5;20.5;19.3;19.7;194;0
Телеграф;60;20171130;160000;19.8;20.1;19.8;20.1;27;0
Телеграф;60;20171130;170000;20.2;20.5;19.7;19.7;57;0
Телеграф;60;20171130;180000;20;20.2;19.7;19.7;39;0
Телеграф;60;20171201;100000;19.7;20;19.7;20;6;0
Телеграф;60;20171201;110000;20;20;20;20;2;0
Телеграф;60;20171201;120000;19.8;19.8;19.7;19.7;7;0
Телеграф;60;20171201;160000;19.9;19.9;19.9;19.9;1;0
Телеграф;60;20171201;170000;20;20;19.5;19.9;184;0
Телеграф;60;20171204;100000;20;21.6;20;20.7;102;0
Телеграф;60;20171204;110000;20.7;20.8;20.4;20.4;84;0
Телеграф;60;20171204;120000;20.3;20.3;20;20.3;31;0
Телеграф;60;20171204;130000;20.1;20.1;20.1;20.1;1;0
Телеграф;60;20171204;140000;20;20;20;20;10;0
Телеграф;60;20171204;150000;19.9;19.9;19.7;19.7;9;0
Телеграф;60;20171204;170000;19.6;19.6;19.6;19.6;6;0
Телеграф;60;20171204;180000;19.6;19.7;19.6;19.7;16;0
Телеграф;60;20171205;100000;19.6;20;19.2;20;42;0
Телеграф;60;20171205;110000;19.7;19.7;19.6;19.6;2;0
Телеграф;60;20171205;120000;19.5;19.5;19.5;19.5;1;0
Телеграф;60;20171205;130000;19.5;19.5;19.3;19.3;4;0
Телеграф;60;20171205;150000;19.3;19.3;19.2;19.2;10;0
Телеграф;60;20171205;160000;19.2;19.5;19.1;19.5;10;0
Телеграф;60;20171205;170000;19.4;19.4;19.1;19.4;123;0
Телеграф;60;20171205;180000;19.4;19.5;19.4;19.5;6;0
Телеграф;60;20171206;100000;19.4;19.5;19.4;19.5;5;0
Телеграф;60;20171206;140000;19.5;19.5;19.5;19.5;18;0
Телеграф;60;20171206;160000;19.6;19.6;19.6;19.6;1;0
Телеграф;60;20171206;180000;19.3;19.3;18;18.6;221;0
Телеграф;60;20171207;100000;18.8;19.3;18.8;19.1;14;0
Телеграф;60;20171207;110000;19.1;19.1;19.1;19.1;1;0
Телеграф;60;20171207;120000;18.9;18.9;18.8;18.8;2;0
Телеграф;60;20171207;150000;18.8;19.2;18.8;19.2;16;0
Телеграф;60;20171207;160000;19.2;19.2;19;19;23;0
Телеграф;60;20171207;170000;19;19.2;18.9;19.2;9;0
Телеграф;60;20171207;180000;19.1;19.2;19.1;19.2;3;0
Телеграф;60;20171208;100000;19;19.6;19;19.6;8;0
Телеграф;60;20171208;110000;19.3;19.3;19.2;19.2;2;0
Телеграф;60;20171208;120000;19.1;19.1;18.9;18.9;9;0
Телеграф;60;20171208;130000;18.8;18.8;18.8;18.8;1;0
Телеграф;60;20171208;140000;19.1;19.5;19.1;19.1;110;0
Телеграф;60;20171208;160000;19.4;19.4;19.4;19.4;1;0
Телеграф;60;20171208;180000;19.2;19.4;19.2;19.4;2;0
Телеграф;60;20171211;110000;19.1;19.1;18;18.6;122;0
Телеграф;60;20171211;120000;18.6;18.7;18.6;18.7;17;0
Телеграф;60;20171211;150000;18.7;19;18.7;19;46;0
Телеграф;60;20171211;160000;19;19.1;19;19.1;22;0
Телеграф;60;20171211;180000;19.1;19.1;19.1;19.1;1;0
Телеграф;60;20171212;100000;19.1;19.1;19.1;19.1;1;0
Телеграф;60;20171212;110000;19;19;19;19;1;0
Телеграф;60;20171212;120000;19;19;19;19;14;0
Телеграф;60;20171212;160000;19;19;19;19;7;0
Телеграф;60;20171212;180000;19;19;19;19;1;0
Телеграф;60;20171213;110000;19.2;19.2;19.2;19.2;3;0
Телеграф;60;20171213;120000;19;19;18.9;18.9;41;0
Телеграф;60;20171213;130000;19;19;19;19;5;0
Телеграф;60;20171213;150000;19;19;19;19;10;0
Телеграф;60;20171213;160000;19.1;19.2;19.1;19.2;7;0
Телеграф;60;20171213;170000;19.1;19.1;19.1;19.1;2;0
Телеграф;60;20171213;180000;19;19;19;19;5;0
Телеграф;60;20171214;110000;19.2;19.5;19.2;19.5;10;0
Телеграф;60;20171214;150000;19.2;19.2;19.1;19.1;3;0
Телеграф;60;20171214;160000;19.1;19.1;19;19;10;0
Телеграф;60;20171214;180000;19;19.3;19;19.3;12;0
Телеграф;60;20171215;100000;19;19.4;19;19.4;5;0
Телеграф;60;20171215;110000;19.4;19.4;19;19;6;0
Телеграф;60;20171215;150000;19;19;18.9;18.9;6;0
Телеграф;60;20171215;160000;19.2;19.3;19.2;19.2;13;0
Телеграф;60;20171215;170000;19;19;19;19;10;0
Телеграф;60;20171218;110000;19.3;19.3;19.3;19.3;20;0
Телеграф;60;20171218;120000;19;19;19;19;12;0
Телеграф;60;20171218;160000;19;19;19;19;5;0
Телеграф;60;20171218;180000;18.9;18.9;18.5;18.8;79;0
Телеграф;60;20171219;100000;18.8;18.8;18.8;18.8;30;0
Телеграф;60;20171219;110000;18.9;19;18.9;19;14;0
Телеграф;60;20171219;120000;19;19;19;19;20;0
Телеграф;60;20171219;130000;18.7;18.7;18.3;18.3;62;0
Телеграф;60;20171219;140000;18.3;18.4;18.3;18.4;4;0
Телеграф;60;20171219;150000;18.5;18.5;18.5;18.5;89;0
Телеграф;60;20171219;160000;18.3;18.3;18.3;18.3;4;0
Телеграф;60;20171219;170000;18.3;18.3;18.3;18.3;2;0
Телеграф;60;20171219;180000;18.5;18.5;18.5;18.5;5;0
Телеграф;60;20171220;100000;18.3;18.3;18.3;18.3;3;0
Телеграф;60;20171220;110000;18.3;18.4;18;18.4;36;0
Телеграф;60;20171220;120000;18.3;18.3;18.2;18.2;20;0
Телеграф;60;20171220;130000;18.2;18.2;18;18;19;0
Телеграф;60;20171220;150000;18;18;17.9;17.9;6;0
Телеграф;60;20171220;160000;17.9;17.9;17.7;17.7;13;0
Телеграф;60;20171220;170000;18;18.2;18;18.2;19;0
Телеграф;60;20171221;100000;18;18;17.7;17.7;13;0
Телеграф;60;20171221;140000;18.1;18.2;18.1;18.2;4;0
Телеграф;60;20171222;140000;18.2;18.4;17.5;17.9;154;0
Телеграф;60;20171222;150000;17.9;18.3;17.8;17.8;19;0
Телеграф;60;20171222;160000;17.9;18;17.9;18;3;0
Телеграф;60;20171222;170000;17.8;17.8;17.8;17.8;3;0
Телеграф;60;20171222;180000;17.7;19.1;17.7;19.1;155;0
Телеграф;60;20171225;100000;18.8;19.2;18.8;19.2;6;0
Телеграф;60;20171225;110000;18.8;18.8;18.7;18.7;22;0
Телеграф;60;20171225;120000;18.6;18.8;18.6;18.8;2;0
Телеграф;60;20171225;130000;18.8;18.8;18.8;18.8;6;0
Телеграф;60;20171225;160000;18.9;19;18.9;19;16;0
Телеграф;60;20171225;170000;18.7;18.7;18.7;18.7;1;0
Телеграф;60;20171225;180000;18.9;19;18.9;19;48;0
Телеграф;60;20171226;110000;18.7;18.8;18.7;18.8;22;0
Телеграф;60;20171226;140000;18.8;18.9;18.8;18.9;59;0
Телеграф;60;20171226;150000;18.6;18.6;18.6;18.6;2;0
Телеграф;60;20171226;160000;18.6;18.6;18;18.1;49;0
Телеграф;60;20171226;170000;18;18;17.9;17.9;16;0
Телеграф;60;20171226;180000;18;18.7;17.7;18.5;57;0
Телеграф;60;20171227;100000;18.2;18.2;17.9;18.2;13;0
Телеграф;60;20171227;110000;17.9;18.6;17.7;18.6;122;0
Телеграф;60;20171227;120000;18.3;18.3;18;18;22;0
Телеграф;60;20171227;160000;18;18;18;18;1;0
Телеграф;60;20171227;170000;18.1;18.1;18.1;18.1;1;0
Телеграф;60;20171227;180000;17.9;17.9;17.7;17.7;28;0
Телеграф;60;20171228;100000;17.9;18.2;17.9;18.2;5;0
Телеграф;60;20171228;110000;18;18;18;18;1;0
Телеграф;60;20171228;170000;18.2;18.2;18.2;18.2;3;0
Телеграф;60;20171229;100000;18.3;18.3;18.3;18.3;1;0
Телеграф;60;20171229;180000;18.2;18.2;18.2;18.2;11;0
