<TICKER>;<PER>;<DATE>;<TIME>;<OPEN>;<HIGH>;<LOW>;<CLOSE>;<VOL>;<OPENINT>
ТЗА ао;60;20170124;100000;163;163;163;163;50;0
ТЗА ао;60;20170124;140000;163;163;163;163;50;0
ТЗА ао;60;20170124;160000;164;164;164;164;51;0
ТЗА ао;60;20170124;180000;164;164;164;164;50;0
ТЗА ао;60;20170125;100000;161;163;161;163;5;0
ТЗА ао;60;20170125;130000;163;163;163;163;49;0
ТЗА ао;60;20170125;140000;163;163;163;163;7;0
ТЗА ао;60;20170125;160000;163;163;163;163;43;0
ТЗА ао;60;20170126;100000;165;165;165;165;1;0
ТЗА ао;60;20170126;110000;163;163;163;163;1;0
ТЗА ао;60;20170126;120000;165;165;165;165;1;0
ТЗА ао;60;20170126;160000;164;164;164;164;1;0
ТЗА ао;60;20170126;170000;164;168;164;168;103;0
ТЗА ао;60;20170127;100000;170;171;170;170;7;0
ТЗА ао;60;20170127;110000;169;169;169;169;50;0
ТЗА ао;60;20170127;120000;171;172;171;172;131;0
ТЗА ао;60;20170127;130000;172;172;172;172;2;0
ТЗА ао;60;20170127;150000;171;171;171;171;50;0
ТЗА ао;60;20170130;100000;172;175;172;175;11;0
ТЗА ао;60;20170130;110000;175;175;172;175;11;0
ТЗА ао;60;20170130;120000;173;173;170;170;131;0
ТЗА ао;60;20170130;130000;169;169;168;168;2;0
ТЗА ао;60;20170130;160000;170;170;166;166;21;0
ТЗА ао;60;20170201;120000;170;170;170;170;50;0
ТЗА ао;60;20170201;130000;170;172;170;172;9;0
ТЗА ао;60;20170201;140000;169;169;136;136;13;0
ТЗА ао;60;20170201;150000;158;168;158;167;3;0
ТЗА ао;60;20170201;160000;169;176;169;175;73;0
ТЗА ао;60;20170201;170000;175;176;175;176;2;0
ТЗА ао;60;20170202;140000;176;176;176;176;1;0
ТЗА ао;60;20170202;150000;173;173;172;172;2;0
ТЗА ао;60;20170202;170000;171;171;171;171;1;0
ТЗА ао;60;20170202;180000;174;174;174;174;1;0
ТЗА ао;60;20170203;100000;171;210;169;184;54;0
ТЗА ао;60;20170203;110000;183;185;183;184;4;0
ТЗА ао;60;20170203;140000;183;186;183;186;3;0
ТЗА ао;60;20170203;160000;183;183;179;182;6;0
ТЗА ао;60;20170206;100000;179;179;175;178;6;0
ТЗА ао;60;20170206;110000;175;175;175;175;1;0
ТЗА ао;60;20170206;130000;175;175;175;175;6;0
ТЗА ао;60;20170206;140000;178;181;178;180;57;0
ТЗА ао;60;20170206;150000;178;178;175;175;5;0
ТЗА ао;60;20170206;180000;174;174;174;174;1;0
ТЗА ао;60;20170207;100000;174;174;172;172;3;0
ТЗА ао;60;20170207;110000;174;174;174;174;1;0
ТЗА ао;60;20170207;120000;173;173;173;173;1;0
ТЗА ао;60;20170207;180000;172;172;172;172;1;0
ТЗА ао;60;20170208;100000;176;176;176;176;1;0
ТЗА ао;60;20170208;140000;173;173;173;173;1;0
ТЗА ао;60;20170208;150000;172;172;172;172;1;0
ТЗА ао;60;20170209;130000;171;171;155;155;5;0
ТЗА ао;60;20170209;170000;169;169;169;169;1;0
ТЗА ао;60;20170210;100000;160;164;156;164;8;0
ТЗА ао;60;20170213;130000;157;157;156;156;4;0
ТЗА ао;60;20170213;160000;160;160;160;160;1;0
ТЗА ао;60;20170214;100000;169;169;168;168;3;0
ТЗА ао;60;20170214;110000;167;167;166;166;4;0
ТЗА ао;60;20170214;130000;165;165;165;165;1;0
ТЗА ао;60;20170217;110000;165;165;149;149;20;0
ТЗА ао;60;20170217;150000;165;165;165;165;2;0
ТЗА ао;60;20170217;170000;162;162;161;161;2;0
ТЗА ао;60;20170217;180000;160;160;156;159;6;0
ТЗА ао;60;20170220;130000;156;156;155;155;2;0
ТЗА ао;60;20170220;180000;158;162;158;162;5;0
ТЗА ао;60;20170221;100000;163;165;162;162;4;0
ТЗА ао;60;20170221;120000;161;161;161;161;1;0
ТЗА ао;60;20170222;160000;160;160;160;160;1;0
ТЗА ао;60;20170222;180000;159;159;159;159;1;0
ТЗА ао;60;20170224;100000;150;150;145;145;14;0
ТЗА ао;60;20170224;110000;146;146;145;145;3;0
ТЗА ао;60;20170224;120000;145;145;144;144;6;0
ТЗА ао;60;20170224;140000;150;150;150;150;1;0
ТЗА ао;60;20170224;180000;147;147;147;147;1;0
ТЗА ао;60;20170227;100000;158;158;155;155;4;0
ТЗА ао;60;20170227;120000;154;154;154;154;1;0
ТЗА ао;60;20170227;140000;153;153;146;146;4;0
ТЗА ао;60;20170228;110000;145;145;143;143;11;0
ТЗА ао;60;20170228;130000;150;151;150;151;2;0
ТЗА ао;60;20170301;160000;153;153;153;153;5;0
ТЗА ао;60;20170302;100000;154;154;154;154;1;0
ТЗА ао;60;20170306;100000;146;149;144;149;9;0
ТЗА ао;60;20170307;100000;155;155;147;147;3;0
ТЗА ао;60;20170307;180000;146;146;146;146;2;0
ТЗА ао;60;20170309;100000;143;143;143;143;3;0
ТЗА ао;60;20170309;140000;141;141;141;141;1;0
ТЗА ао;60;20170310;100000;139;139;139;139;3;0
ТЗА ао;60;20170314;130000;152;152;152;152;1;0
ТЗА ао;60;20170315;170000;153;153;153;153;1;0
ТЗА ао;60;20170316;170000;148;148;148;148;2;0
ТЗА ао;60;20170317;160000;135;144;135;135;47;0
ТЗА ао;60;20170317;170000;135;135;135;135;15;0
ТЗА ао;60;20170317;180000;135;135;135;135;33;0
ТЗА ао;60;20170320;100000;146;179;146;179;5;0
ТЗА ао;60;20170320;110000;138;139;115;137;102;0
ТЗА ао;60;20170320;140000;130;130;130;130;1;0
ТЗА ао;60;20170320;170000;126;126;126;126;2;0
ТЗА ао;60;20170320;180000;127;127;127;127;2;0
ТЗА ао;60;20170321;100000;133;137;133;137;7;0
ТЗА ао;60;20170321;110000;133;133;133;133;1;0
ТЗА ао;60;20170322;140000;140;140;140;140;1;0
ТЗА ао;60;20170322;150000;139;139;139;139;1;0
ТЗА ао;60;20170322;180000;140;140;140;140;2;0
ТЗА ао;60;20170323;110000;141;141;141;141;1;0
ТЗА ао;60;20170323;120000;125;125;118;118;3;0
ТЗА ао;60;20170323;140000;129;133;129;133;3;0
ТЗА ао;60;20170324;140000;131;131;131;131;1;0
ТЗА ао;60;20170329;160000;133;133;133;133;1;0
ТЗА ао;60;20170330;110000;135;135;135;135;1;0
ТЗА ао;60;20170331;100000;133;133;131;131;3;0
ТЗА ао;60;20170331;120000;129;129;129;129;1;0
ТЗА ао;60;20170331;170000;127;128;118;118;23;0
ТЗА ао;60;20170331;180000;121;123;121;123;2;0
ТЗА ао;60;20170403;160000;121;121;119;121;3;0
ТЗА ао;60;20170404;120000;120;120;120;120;1;0
ТЗА ао;60;20170404;150000;119;119;117;117;10;0
ТЗА ао;60;20170404;160000;119;119;119;119;1;0
ТЗА ао;60;20170405;170000;120;120;120;120;6;0
ТЗА ао;60;20170406;110000;120;120;120;120;1;0
ТЗА ао;60;20170410;130000;118;118;118;118;1;0
ТЗА ао;60;20170410;170000;117;119;117;119;46;0
ТЗА ао;60;20170410;180000;117;117;117;117;1;0
ТЗА ао;60;20170411;100000;119;123;117;117;22;0
ТЗА ао;60;20170419;170000;119;121;119;121;2;0
ТЗА ао;60;20170421;110000;108;108;108;108;2;0
ТЗА ао;60;20170421;150000;109;109;109;109;1;0
ТЗА ао;60;20170421;160000;107;107;103;103;50;0
ТЗА ао;60;20170421;170000;109;116;109;116;2;0
ТЗА ао;60;20170424;110000;118;118;91;91;5;0
ТЗА ао;60;20170427;170000;108;108;108;108;1;0
ТЗА ао;60;20170427;180000;100;103;100;103;3;0
ТЗА ао;60;20170502;160000;108;108;108;108;1;0
ТЗА ао;60;20170502;170000;113;120;113;116;10;0
ТЗА ао;60;20170502;180000;115;115;105;110;14;0
ТЗА ао;60;20170503;160000;110;110;110;110;1;0
ТЗА ао;60;20170503;170000;107;107;100;100;5;0
ТЗА ао;60;20170505;130000;91;91;90;90;6;0
ТЗА ао;60;20170505;140000;98;98;98;98;1;0
ТЗА ао;60;20170505;170000;91;95;87;95;4;0
ТЗА ао;60;20170505;180000;94;94;94;94;1;0
ТЗА ао;60;20170510;100000;86;86;86;86;1;0
ТЗА ао;60;20170510;110000;105;105;105;105;1;0
ТЗА ао;60;20170510;130000;98;98;98;98;2;0
ТЗА ао;60;20170511;140000;86;86;86;86;1;0
ТЗА ао;60;20170511;150000;95;96;86;86;4;0
ТЗА ао;60;20170511;170000;89;89;75;85;17;0
ТЗА ао;60;20170511;180000;76;91;76;91;3;0
ТЗА ао;60;20170512;140000;78;78;78;78;1;0
ТЗА ао;60;20170512;150000;87;89;87;89;3;0
ТЗА ао;60;20170512;160000;89;89;89;89;1;0
ТЗА ао;60;20170512;180000;81;81;78;78;2;0
ТЗА ао;60;20170516;120000;78;78;78;78;1;0
ТЗА ао;60;20170516;150000;79;79;71;76;124;0
ТЗА ао;60;20170516;170000;71;71;69;69;9;0
ТЗА ао;60;20170516;180000;72;72;72;72;1;0
ТЗА ао;60;20170517;150000;80;80;80;80;1;0
ТЗА ао;60;20170517;170000;77;77;76;76;3;0
ТЗА ао;60;20170517;180000;79;80;79;80;2;0
ТЗА ао;60;20170518;100000;80;80;80;80;1;0
ТЗА ао;60;20170518;170000;80;80;80;80;1;0
ТЗА ао;60;20170519;120000;76;76;76;76;1;0
ТЗА ао;60;20170519;150000;80;80;80;80;1;0
ТЗА ао;60;20170519;180000;80;80;80;80;1;0
ТЗА ао;60;20170522;110000;81;81;81;81;1;0
ТЗА ао;60;20170522;140000;77;77;77;77;1;0
ТЗА ао;60;20170523;160000;80;80;80;80;1;0
ТЗА ао;60;20170524;110000;76;80;61;80;31;0
ТЗА ао;60;20170524;140000;81;81;81;81;1;0
ТЗА ао;60;20170526;180000;79;79;79;79;1;0
ТЗА ао;60;20170529;150000;79;79;79;79;1;0
ТЗА ао;60;20170529;170000;78;78;78;78;1;0
ТЗА ао;60;20170529;180000;78;78;78;78;2;0
ТЗА ао;60;20170530;180000;79;79;79;79;1;0
ТЗА ао;60;20170601;100000;72;72;72;72;4;0
ТЗА ао;60;20170601;110000;69;69;69;69;1;0
ТЗА ао;60;20170601;120000;75;75;75;75;5;0
ТЗА ао;60;20170601;130000;71;71;69;69;9;0
ТЗА ао;60;20170601;140000;68;75;68;75;21;0
ТЗА ао;60;20170601;160000;75;75;68;68;4;0
ТЗА ао;60;20170601;170000;69;70;69;70;9;0
ТЗА ао;60;20170601;180000;70;74;70;73;4;0
ТЗА ао;60;20170602;100000;58;69;58;69;28;0
ТЗА ао;60;20170602;110000;69;69;69;69;2;0
ТЗА ао;60;20170602;120000;69;69;69;69;5;0
ТЗА ао;60;20170602;150000;71;74;71;74;14;0
ТЗА ао;60;20170602;160000;75;76;75;76;16;0
ТЗА ао;60;20170602;170000;77;82;77;82;12;0
ТЗА ао;60;20170605;110000;77;77;77;77;1;0
ТЗА ао;60;20170605;140000;67;76;67;76;6;0
ТЗА ао;60;20170605;150000;76;76;76;76;1;0
ТЗА ао;60;20170605;180000;70;70;67;67;18;0
ТЗА ао;60;20170606;100000;79;79;79;79;1;0
ТЗА ао;60;20170606;110000;72;72;72;72;6;0
ТЗА ао;60;20170606;160000;67;67;64;64;28;0
ТЗА ао;60;20170607;130000;75;76;75;76;28;0
ТЗА ао;60;20170607;160000;68;68;62;62;200;0
ТЗА ао;60;20170607;170000;62;75;61;75;805;0
ТЗА ао;60;20170607;180000;75;80;62;62;34;0
ТЗА ао;60;20170608;100000;64;64;63;63;6;0
ТЗА ао;60;20170608;110000;64;64;64;64;1;0
ТЗА ао;60;20170608;120000;63;63;60;60;92;0
ТЗА ао;60;20170608;130000;61;61;61;61;1;0
ТЗА ао;60;20170608;140000;62;62;60;60;2;0
ТЗА ао;60;20170608;150000;60;63;58;63;67;0
ТЗА ао;60;20170608;170000;63;63;63;63;5;0
ТЗА ао;60;20170609;150000;71;71;71;71;1;0
ТЗА ао;60;20170609;170000;68;68;63;63;7;0
ТЗА ао;60;20170609;180000;63;63;63;63;1;0
ТЗА ао;60;20170613;170000;61;65;61;65;2;0
ТЗА ао;60;20170614;100000;61;61;61;61;1;0
ТЗА ао;60;20170614;170000;68;68;68;68;1;0
ТЗА ао;60;20170614;180000;68;68;68;68;1;0
ТЗА ао;60;20170615;110000;59;59;58;59;16;0
ТЗА ао;60;20170615;130000;59;59;59;59;9;0
ТЗА ао;60;20170615;140000;58;65;52;52;170;0
ТЗА ао;60;20170615;150000;58;58;57;57;4;0
ТЗА ао;60;20170615;160000;57;57;57;57;9;0
ТЗА ао;60;20170615;170000;61;61;61;61;2;0
ТЗА ао;60;20170616;100000;62;62;62;62;1;0
ТЗА ао;60;20170616;130000;63;85;63;82;487;0
ТЗА ао;60;20170616;140000;81;84;75;81;32;0
ТЗА ао;60;20170616;150000;76;78;73;75;30;0
ТЗА ао;60;20170616;160000;75;75;75;75;9;0
ТЗА ао;60;20170616;170000;73;73;69;71;30;0
ТЗА ао;60;20170616;180000;72;73;71;71;17;0
ТЗА ао;60;20170619;100000;64;71;60;71;136;0
ТЗА ао;60;20170619;110000;63;63;62;63;3;0
ТЗА ао;60;20170619;130000;64;64;64;64;1;0
ТЗА ао;60;20170619;140000;63;67;60;60;27;0
ТЗА ао;60;20170619;160000;62;64;60;64;56;0
ТЗА ао;60;20170619;170000;65;67;65;67;43;0
ТЗА ао;60;20170620;090000;65;65;65;65;1;0
ТЗА ао;60;20170620;110000;65;65;65;65;5;0
ТЗА ао;60;20170620;140000;65;65;65;65;1;0
ТЗА ао;60;20170620;150000;63;70;62;70;17;0
ТЗА ао;60;20170620;160000;62;62;58;59;179;0
ТЗА ао;60;20170620;170000;61;61;61;61;1;0
ТЗА ао;60;20170621;100000;61;61;60;60;5;0
ТЗА ао;60;20170621;110000;60;60;60;60;47;0
ТЗА ао;60;20170621;120000;59;59;58;58;7;0
ТЗА ао;60;20170621;170000;64;64;64;64;2;0
ТЗА ао;60;20170621;180000;64;64;64;64;1;0
ТЗА ао;60;20170622;100000;64;64;64;64;4;0
ТЗА ао;60;20170622;120000;65;65;56;56;44;0
ТЗА ао;60;20170622;130000;62;63;62;62;48;0
ТЗА ао;60;20170622;140000;62;64;59;59;22;0
ТЗА ао;60;20170622;160000;62;62;62;62;1;0
ТЗА ао;60;20170623;130000;67;67;67;67;1;0
ТЗА ао;60;20170623;140000;61;61;61;61;23;0
ТЗА ао;60;20170623;150000;60;60;58;58;27;0
ТЗА ао;60;20170623;180000;60;60;60;60;1;0
ТЗА ао;60;20170626;100000;62;63;62;63;20;0
ТЗА ао;60;20170626;180000;65;66;63;64;29;0
ТЗА ао;60;20170627;140000;63;63;62;63;19;0
ТЗА ао;60;20170628;100000;65;65;65;65;2;0
ТЗА ао;60;20170628;110000;66;66;66;66;1;0
ТЗА ао;60;20170628;120000;66;67;61;61;14;0
ТЗА ао;60;20170628;130000;67;67;67;67;5;0
ТЗА ао;60;20170628;150000;67;67;67;67;1;0
ТЗА ао;60;20170628;180000;65;65;65;65;4;0
ТЗА ао;60;20170629;110000;64;64;63;63;12;0
ТЗА ао;60;20170629;180000;65;66;57;57;210;0
ТЗА ао;60;20170630;100000;62;62;62;62;2;0
ТЗА ао;60;20170630;110000;63;63;63;63;8;0
ТЗА ао;60;20170630;120000;64;64;61;61;2;0
ТЗА ао;60;20170630;150000;60;61;57;61;2040;0
ТЗА ао;60;20170630;160000;62;67;60;64;134;0
ТЗА ао;60;20170630;170000;64;64;64;64;2;0
ТЗА ао;60;20170630;180000;62;62;61;61;200;0
ТЗА ао;60;20170703;110000;65;65;65;65;11;0
ТЗА ао;60;20170703;130000;61;62;59;60;293;0
ТЗА ао;60;20170703;140000;60;60;60;60;10;0
ТЗА ао;60;20170703;160000;60;60;60;60;1;0
ТЗА ао;60;20170703;180000;59;59;59;59;47;0
ТЗА ао;60;20170704;110000;59;59;56;56;45;0
ТЗА ао;60;20170704;130000;56;56;56;56;4;0
ТЗА ао;60;20170704;140000;59;60;59;60;47;0
ТЗА ао;60;20170704;150000;61;62;61;62;60;0
ТЗА ао;60;20170704;170000;61;64;61;64;137;0
ТЗА ао;60;20170704;180000;64;64;64;64;2;0
ТЗА ао;60;20170705;100000;63;65;63;65;27;0
ТЗА ао;60;20170705;110000;64;64;64;64;1;0
ТЗА ао;60;20170705;130000;64;64;64;64;24;0
ТЗА ао;60;20170705;150000;65;65;65;65;102;0
ТЗА ао;60;20170705;160000;66;66;66;66;1;0
ТЗА ао;60;20170705;170000;65;65;65;65;1;0
ТЗА ао;60;20170706;110000;65;65;65;65;47;0
ТЗА ао;60;20170706;150000;62;62;57;57;511;0
ТЗА ао;60;20170706;160000;63;63;62;62;9;0
ТЗА ао;60;20170706;180000;62;62;62;62;3;0
ТЗА ао;60;20170707;100000;61;61;61;61;2;0
ТЗА ао;60;20170707;130000;62;62;62;62;41;0
ТЗА ао;60;20170707;140000;62;63;59;63;45;0
ТЗА ао;60;20170707;150000;60;60;59;59;50;0
ТЗА ао;60;20170710;100000;61;61;61;61;3;0
ТЗА ао;60;20170710;110000;60;60;60;60;1;0
ТЗА ао;60;20170710;150000;62;62;62;62;105;0
ТЗА ао;60;20170710;160000;62;62;62;62;60;0
ТЗА ао;60;20170710;180000;61;61;61;61;2;0
ТЗА ао;60;20170711;100000;61;61;61;61;2;0
ТЗА ао;60;20170711;110000;61;61;60;60;15;0
ТЗА ао;60;20170711;130000;60;60;60;60;4;0
ТЗА ао;60;20170711;140000;59;59;57;59;311;0
ТЗА ао;60;20170711;150000;58;58;57;58;346;0
ТЗА ао;60;20170711;170000;58;58;57;58;951;0
ТЗА ао;60;20170711;180000;60;60;60;60;1;0
ТЗА ао;60;20170712;160000;60;64;59;59;58;0
ТЗА ао;60;20170713;130000;61;61;61;61;6;0
ТЗА ао;60;20170713;150000;59;59;57;57;1241;0
ТЗА ао;60;20170713;160000;57;66;57;64;276;0
ТЗА ао;60;20170714;120000;62;62;62;62;12;0
ТЗА ао;60;20170714;140000;62;62;62;62;1;0
ТЗА ао;60;20170714;150000;63;63;63;63;1;0
ТЗА ао;60;20170714;160000;63;63;61;63;8;0
ТЗА ао;60;20170714;170000;61;61;61;61;2;0
ТЗА ао;60;20170714;180000;62;62;62;62;16;0
ТЗА ао;60;20170717;110000;62;62;62;62;7;0
ТЗА ао;60;20170717;150000;62;62;62;62;42;0
ТЗА ао;60;20170718;150000;63;63;63;63;4;0
ТЗА ао;60;20170718;160000;64;67;64;67;39;0
ТЗА ао;60;20170718;170000;67;67;66;66;35;0
ТЗА ао;60;20170719;160000;63;63;63;63;2;0
ТЗА ао;60;20170719;170000;66;66;66;66;1;0
ТЗА ао;60;20170719;180000;63;63;63;63;1;0
ТЗА ао;60;20170720;100000;60;61;58;61;43;0
ТЗА ао;60;20170720;110000;64;64;60;60;245;0
ТЗА ао;60;20170720;170000;59;59;59;59;1;0
ТЗА ао;60;20170721;110000;61;61;61;61;6;0
ТЗА ао;60;20170721;120000;59;59;59;59;4;0
ТЗА ао;60;20170721;130000;61;61;61;61;3;0
ТЗА ао;60;20170721;160000;62;62;62;62;9;0
ТЗА ао;60;20170724;100000;60;60;60;60;1;0
ТЗА ао;60;20170724;110000;60;60;59;59;12;0
ТЗА ао;60;20170724;120000;61;61;61;61;5;0
ТЗА ао;60;20170724;170000;62;63;62;63;170;0
ТЗА ао;60;20170725;100000;61;61;61;61;1;0
ТЗА ао;60;20170725;110000;62;62;62;62;5;0
ТЗА ао;60;20170725;120000;63;63;63;63;5;0
ТЗА ао;60;20170725;180000;61;61;61;61;2;0
ТЗА ао;60;20170726;130000;63;64;61;61;9;0
ТЗА ао;60;20170726;160000;61;61;61;61;10;0
ТЗА ао;60;20170726;180000;62;62;62;62;80;0
ТЗА ао;60;20170727;160000;64;64;64;64;12;0
ТЗА ао;60;20170728;110000;62;63;62;63;110;0
ТЗА ао;60;20170728;140000;62;62;62;62;15;0
ТЗА ао;60;20170728;170000;63;63;63;63;14;0
ТЗА ао;60;20170728;180000;63;63;63;63;21;0
ТЗА ао;60;20170731;100000;67;67;67;67;9;0
ТЗА ао;60;20170731;110000;67;67;64;64;21;0
ТЗА ао;60;20170731;150000;64;64;64;64;2;0
ТЗА ао;60;20170731;180000;64;69;64;64;95;0
ТЗА ао;60;20170801;100000;64;69;64;69;33;0
ТЗА ао;60;20170801;110000;67;68;67;68;12;0
ТЗА ао;60;20170801;120000;64;64;62;62;53;0
ТЗА ао;60;20170801;160000;63;63;63;63;1;0
ТЗА ао;60;20170801;170000;63;63;63;63;5;0
ТЗА ао;60;20170801;180000;62;62;62;62;3;0
ТЗА ао;60;20170802;110000;63;63;61;61;42;0
ТЗА ао;60;20170802;120000;61;62;61;62;2;0
ТЗА ао;60;20170802;140000;62;62;57;58;1587;0
ТЗА ао;60;20170802;150000;58;60;58;60;303;0
ТЗА ао;60;20170802;160000;58;59;55;59;284;0
ТЗА ао;60;20170802;170000;58;59;58;59;14;0
ТЗА ао;60;20170802;180000;58;58;58;58;5;0
ТЗА ао;60;20170803;100000;58;58;58;58;15;0
ТЗА ао;60;20170803;170000;59;59;59;59;19;0
ТЗА ао;60;20170804;110000;58;59;58;59;6;0
ТЗА ао;60;20170804;120000;58;58;58;58;1;0
ТЗА ао;60;20170804;150000;58;58;58;58;2;0
ТЗА ао;60;20170804;170000;57;58;56;58;21;0
ТЗА ао;60;20170804;180000;57;57;55;56;1411;0
ТЗА ао;60;20170807;100000;56;58;52;58;71;0
ТЗА ао;60;20170807;130000;58;58;55;55;2120;0
ТЗА ао;60;20170807;140000;57;57;57;57;70;0
ТЗА ао;60;20170808;100000;57;60;53;60;156;0
ТЗА ао;60;20170808;110000;59;60;58;60;61;0
ТЗА ао;60;20170808;120000;60;60;60;60;25;0
ТЗА ао;60;20170808;140000;61;65;61;64;467;0
ТЗА ао;60;20170808;150000;64;72;64;72;279;0
ТЗА ао;60;20170808;160000;72;79;71;79;698;0
ТЗА ао;60;20170808;170000;79;79;79;79;12;0
ТЗА ао;60;20170808;180000;79;79;75;79;3752;0
ТЗА ао;60;20170809;090000;82;82;82;82;26;0
ТЗА ао;60;20170809;100000;82;83;68;72;1537;0
ТЗА ао;60;20170809;110000;73;78;70;71;267;0
ТЗА ао;60;20170809;120000;72;72;67;70;209;0
ТЗА ао;60;20170809;130000;72;74;70;73;27;0
ТЗА ао;60;20170809;140000;69;69;63;65;201;0
ТЗА ао;60;20170809;150000;65;72;65;67;264;0
ТЗА ао;60;20170809;160000;66;69;66;69;54;0
ТЗА ао;60;20170809;170000;68;74;68;74;495;0
ТЗА ао;60;20170809;180000;74;74;72;72;49;0
ТЗА ао;60;20170810;100000;68;70;66;66;50;0
ТЗА ао;60;20170810;110000;66;69;65;69;131;0
ТЗА ао;60;20170810;120000;67;67;67;67;2;0
ТЗА ао;60;20170810;130000;69;69;66;68;3;0
ТЗА ао;60;20170810;140000;68;68;68;68;1;0
ТЗА ао;60;20170810;150000;66;66;66;66;8;0
ТЗА ао;60;20170810;160000;66;67;65;65;22;0
ТЗА ао;60;20170810;170000;65;70;65;70;40;0
ТЗА ао;60;20170810;180000;68;68;65;67;52;0
ТЗА ао;60;20170811;100000;65;67;65;67;18;0
ТЗА ао;60;20170811;120000;65;65;65;65;3;0
ТЗА ао;60;20170811;130000;65;65;63;63;27;0
ТЗА ао;60;20170811;140000;64;64;60;62;131;0
ТЗА ао;60;20170811;150000;62;62;61;61;25;0
ТЗА ао;60;20170811;160000;61;65;61;65;25;0
ТЗА ао;60;20170811;170000;62;63;62;63;53;0
ТЗА ао;60;20170811;180000;62;64;62;64;14;0
ТЗА ао;60;20170814;100000;67;67;62;62;16;0
ТЗА ао;60;20170814;110000;66;66;62;62;2;0
ТЗА ао;60;20170814;120000;66;66;66;66;1;0
ТЗА ао;60;20170814;150000;65;65;65;65;5;0
ТЗА ао;60;20170814;160000;66;66;66;66;1;0
ТЗА ао;60;20170814;180000;66;66;66;66;1;0
ТЗА ао;60;20170815;110000;64;64;64;64;3;0
ТЗА ао;60;20170815;130000;66;66;66;66;1;0
ТЗА ао;60;20170815;140000;64;66;63;66;60;0
ТЗА ао;60;20170815;170000;63;63;62;63;136;0
ТЗА ао;60;20170815;180000;62;62;62;62;58;0
ТЗА ао;60;20170816;100000;62;63;60;63;48;0
ТЗА ао;60;20170816;120000;63;63;63;63;3;0
ТЗА ао;60;20170816;150000;62;62;62;62;67;0
ТЗА ао;60;20170816;160000;62;62;62;62;15;0
ТЗА ао;60;20170816;180000;62;62;62;62;3;0
ТЗА ао;60;20170817;100000;62;63;61;63;13;0
ТЗА ао;60;20170817;120000;64;64;64;64;1;0
ТЗА ао;60;20170817;130000;63;63;63;63;14;0
ТЗА ао;60;20170817;140000;63;64;63;64;14;0
ТЗА ао;60;20170817;170000;64;64;63;63;56;0
ТЗА ао;60;20170817;180000;64;64;64;64;8;0
ТЗА ао;60;20170818;140000;64;65;63;63;13;0
ТЗА ао;60;20170818;150000;63;64;63;64;6;0
ТЗА ао;60;20170818;180000;64;64;64;64;2;0
ТЗА ао;60;20170821;090000;64;64;64;64;6;0
ТЗА ао;60;20170821;110000;65;65;65;65;7;0
ТЗА ао;60;20170821;120000;62;62;62;62;2;0
ТЗА ао;60;20170821;150000;63;65;63;65;7;0
ТЗА ао;60;20170821;160000;63;65;62;65;24;0
ТЗА ао;60;20170822;110000;63;63;62;62;15;0
ТЗА ао;60;20170822;130000;63;63;60;61;59;0
ТЗА ао;60;20170822;140000;61;61;60;60;4;0
ТЗА ао;60;20170822;150000;62;64;60;60;77;0
ТЗА ао;60;20170822;160000;60;62;60;61;26;0
ТЗА ао;60;20170822;170000;62;62;62;62;8;0
ТЗА ао;60;20170822;180000;62;62;60;62;204;0
ТЗА ао;60;20170823;120000;61;61;61;61;13;0
ТЗА ао;60;20170823;130000;60;60;60;60;15;0
ТЗА ао;60;20170823;140000;60;61;60;61;41;0
ТЗА ао;60;20170823;180000;60;60;60;60;2;0
ТЗА ао;60;20170824;100000;60;60;60;60;8;0
ТЗА ао;60;20170824;110000;60;60;60;60;3;0
ТЗА ао;60;20170824;120000;60;60;59;59;45;0
ТЗА ао;60;20170824;130000;58;59;58;59;41;0
ТЗА ао;60;20170824;140000;58;59;58;59;7;0
ТЗА ао;60;20170824;150000;60;60;60;60;27;0
ТЗА ао;60;20170824;170000;60;60;60;60;3;0
ТЗА ао;60;20170825;100000;60;60;59;59;5;0
ТЗА ао;60;20170825;110000;61;61;59;59;72;0
ТЗА ао;60;20170825;120000;58;58;58;58;20;0
ТЗА ао;60;20170825;130000;60;60;59;59;2;0
ТЗА ао;60;20170825;160000;59;59;59;59;9;0
ТЗА ао;60;20170825;170000;59;60;59;59;80;0
ТЗА ао;60;20170825;180000;61;62;59;59;155;0
ТЗА ао;60;20170828;140000;58;58;58;58;5;0
ТЗА ао;60;20170828;150000;60;61;60;61;61;0
ТЗА ао;60;20170828;160000;61;61;61;61;8;0
ТЗА ао;60;20170828;170000;60;60;60;60;31;0
ТЗА ао;60;20170829;100000;58;59;58;58;72;0
ТЗА ао;60;20170829;120000;60;60;60;60;3;0
ТЗА ао;60;20170829;160000;59;59;59;59;1;0
ТЗА ао;60;20170829;180000;59;59;58;58;42;0
ТЗА ао;60;20170830;110000;60;60;59;59;2;0
ТЗА ао;60;20170830;150000;59;59;59;59;13;0
ТЗА ао;60;20170830;180000;59;59;59;59;5;0
ТЗА ао;60;20170831;100000;59;59;59;59;4;0
ТЗА ао;60;20170831;130000;59;59;58;59;36;0
ТЗА ао;60;20170831;150000;60;61;60;61;132;0
ТЗА ао;60;20170831;160000;60;63;59;63;224;0
ТЗА ао;60;20170831;170000;60;63;58;58;144;0
ТЗА ао;60;20170831;180000;58;58;57;58;93;0
ТЗА ао;60;20170901;100000;59;59;57;59;34;0
ТЗА ао;60;20170901;120000;60;60;60;60;6;0
ТЗА ао;60;20170901;150000;58;58;57;57;20;0
ТЗА ао;60;20170901;160000;57;57;57;57;40;0
ТЗА ао;60;20170901;170000;58;58;58;58;4;0
ТЗА ао;60;20170901;180000;58;58;58;58;6;0
ТЗА ао;60;20170904;100000;58;58;58;58;1;0
ТЗА ао;60;20170904;110000;57;58;56;58;39;0
ТЗА ао;60;20170904;120000;57;57;54;54;2318;0
ТЗА ао;60;20170904;130000;56;56;53;55;39;0
ТЗА ао;60;20170904;150000;57;59;56;59;22;0
ТЗА ао;60;20170904;170000;56;57;55;56;2034;0
ТЗА ао;60;20170904;180000;56;56;55;55;33;0
ТЗА ао;60;20170905;100000;57;57;54;54;102;0
ТЗА ао;60;20170905;110000;55;55;54;54;19;0
ТЗА ао;60;20170905;130000;56;57;55;57;6;0
ТЗА ао;60;20170905;140000;57;57;55;56;7;0
ТЗА ао;60;20170905;150000;55;55;55;55;1;0
ТЗА ао;60;20170905;160000;55;55;54;54;6;0
ТЗА ао;60;20170905;170000;55;55;55;55;3;0
ТЗА ао;60;20170906;100000;55;57;55;55;2049;0
ТЗА ао;60;20170906;110000;56;56;54;54;6;0
ТЗА ао;60;20170906;120000;56;56;56;56;5;0
ТЗА ао;60;20170906;130000;56;57;56;57;26;0
ТЗА ао;60;20170906;140000;56;56;56;56;15;0
ТЗА ао;60;20170906;150000;56;56;56;56;2;0
ТЗА ао;60;20170906;160000;56;56;54;54;26;0
ТЗА ао;60;20170906;180000;54;55;53;55;20;0
ТЗА ао;60;20170907;100000;54;54;54;54;1;0
ТЗА ао;60;20170907;110000;55;58;55;57;112;0
ТЗА ао;60;20170907;120000;58;58;58;58;1;0
ТЗА ао;60;20170907;130000;57;57;54;54;61;0
ТЗА ао;60;20170907;150000;56;56;54;54;130;0
ТЗА ао;60;20170907;160000;53;55;52;54;2393;0
ТЗА ао;60;20170907;170000;55;55;54;55;55;0
ТЗА ао;60;20170907;180000;54;54;50;53;210;0
ТЗА ао;60;20170908;100000;53;54;51;53;75;0
ТЗА ао;60;20170908;110000;52;53;50;52;56;0
ТЗА ао;60;20170908;120000;52;53;52;53;13;0
ТЗА ао;60;20170908;130000;53;55;53;55;153;0
ТЗА ао;60;20170908;140000;54;54;54;54;2;0
ТЗА ао;60;20170908;150000;54;55;54;55;10;0
ТЗА ао;60;20170908;160000;56;56;53;55;19;0
ТЗА ао;60;20170908;170000;56;72;55;55;1916;0
ТЗА ао;60;20170908;180000;55;60;54;54;819;0
ТЗА ао;60;20170911;090000;55;55;55;55;1;0
ТЗА ао;60;20170911;100000;56;65;55;60;583;0
ТЗА ао;60;20170911;110000;62;62;57;59;206;0
ТЗА ао;60;20170911;120000;60;61;58;58;314;0
ТЗА ао;60;20170911;130000;58;59;58;58;425;0
ТЗА ао;60;20170911;140000;59;60;54;57;376;0
ТЗА ао;60;20170911;150000;57;58;57;58;75;0
ТЗА ао;60;20170911;160000;57;57;57;57;51;0
ТЗА ао;60;20170911;170000;57;58;57;58;128;0
ТЗА ао;60;20170911;180000;58;60;55;59;536;0
ТЗА ао;60;20170912;100000;58;60;58;60;111;0
ТЗА ао;60;20170912;110000;59;60;59;60;42;0
ТЗА ао;60;20170912;120000;61;61;59;59;177;0
ТЗА ао;60;20170912;130000;60;61;58;58;479;0
ТЗА ао;60;20170912;140000;58;58;56;56;117;0
ТЗА ао;60;20170912;150000;56;58;55;58;88;0
ТЗА ао;60;20170912;160000;58;58;58;58;30;0
ТЗА ао;60;20170912;170000;57;58;57;58;2;0
ТЗА ао;60;20170912;180000;57;57;55;56;280;0
ТЗА ао;60;20170913;100000;57;57;57;57;43;0
ТЗА ао;60;20170913;110000;57;57;55;55;199;0
ТЗА ао;60;20170913;120000;55;56;55;56;49;0
ТЗА ао;60;20170913;130000;57;57;57;57;82;0
ТЗА ао;60;20170913;140000;57;58;57;57;5;0
ТЗА ао;60;20170913;150000;57;57;57;57;11;0
ТЗА ао;60;20170913;160000;57;58;57;58;25;0
ТЗА ао;60;20170913;170000;57;59;56;57;39;0
ТЗА ао;60;20170913;180000;57;59;56;59;141;0
ТЗА ао;60;20170914;100000;57;61;57;58;125;0
ТЗА ао;60;20170914;110000;58;59;58;59;39;0
ТЗА ао;60;20170914;130000;58;58;55;57;547;0
ТЗА ао;60;20170914;140000;57;58;57;58;29;0
ТЗА ао;60;20170914;160000;58;59;58;59;81;0
ТЗА ао;60;20170914;170000;58;58;58;58;58;0
ТЗА ао;60;20170914;180000;58;59;58;59;75;0
ТЗА ао;60;20170915;110000;57;58;55;57;463;0
ТЗА ао;60;20170915;120000;57;57;57;57;6;0
ТЗА ао;60;20170915;130000;57;58;57;57;5;0
ТЗА ао;60;20170915;140000;57;57;57;57;27;0
ТЗА ао;60;20170915;150000;58;58;58;58;17;0
ТЗА ао;60;20170915;170000;57;58;56;58;11;0
ТЗА ао;60;20170915;180000;57;58;54;58;339;0
ТЗА ао;60;20170918;100000;57;57;54;54;94;0
ТЗА ао;60;20170918;110000;57;57;56;56;17;0
ТЗА ао;60;20170918;120000;57;57;57;57;20;0
ТЗА ао;60;20170918;140000;56;57;51;55;845;0
ТЗА ао;60;20170918;150000;55;56;55;56;54;0
ТЗА ао;60;20170918;160000;56;56;56;56;32;0
ТЗА ао;60;20170918;170000;56;56;56;56;72;0
ТЗА ао;60;20170918;180000;56;56;54;56;76;0
ТЗА ао;60;20170919;100000;56;56;56;56;5;0
ТЗА ао;60;20170919;110000;56;56;56;56;18;0
ТЗА ао;60;20170919;120000;57;57;55;55;329;0
ТЗА ао;60;20170919;130000;55;56;55;56;173;0
ТЗА ао;60;20170919;180000;57;57;57;57;1;0
ТЗА ао;60;20170920;100000;55;56;55;55;50;0
ТЗА ао;60;20170920;110000;56;56;56;56;4;0
ТЗА ао;60;20170920;120000;56;57;55;57;80;0
ТЗА ао;60;20170920;130000;57;57;57;57;1;0
ТЗА ао;60;20170920;140000;57;57;55;56;109;0
ТЗА ао;60;20170920;150000;57;57;57;57;47;0
ТЗА ао;60;20170920;160000;57;57;56;56;22;0
ТЗА ао;60;20170920;170000;57;57;57;57;1;0
ТЗА ао;60;20170921;100000;57;58;57;57;71;0
ТЗА ао;60;20170921;150000;56;56;56;56;44;0
ТЗА ао;60;20170921;160000;55;56;55;56;181;0
ТЗА ао;60;20170921;170000;56;56;56;56;20;0
ТЗА ао;60;20170921;180000;56;57;56;57;8;0
ТЗА ао;60;20170922;140000;56;56;55;56;469;0
ТЗА ао;60;20170922;180000;55;57;55;57;245;0
ТЗА ао;60;20170925;130000;56;56;56;56;1;0
ТЗА ао;60;20170925;150000;56;56;56;56;3;0
ТЗА ао;60;20170925;160000;56;56;56;56;17;0
ТЗА ао;60;20170925;180000;56;57;56;57;5;0
ТЗА ао;60;20170926;130000;57;57;57;57;100;0
ТЗА ао;60;20170926;140000;58;58;58;58;35;0
ТЗА ао;60;20170926;150000;58;58;57;57;47;0
ТЗА ао;60;20170926;170000;58;58;58;58;5;0
ТЗА ао;60;20170926;180000;58;58;58;58;1;0
ТЗА ао;60;20170927;100000;58;63;58;59;298;0
ТЗА ао;60;20170927;110000;61;64;59;63;604;0
ТЗА ао;60;20170927;120000;63;69;63;67;1000;0
ТЗА ао;60;20170927;130000;66;66;63;63;61;0
ТЗА ао;60;20170927;140000;64;64;61;63;48;0
ТЗА ао;60;20170927;150000;63;66;63;66;162;0
ТЗА ао;60;20170927;160000;67;69;66;69;241;0
ТЗА ао;60;20170927;170000;68;70;60;64;149;0
ТЗА ао;60;20170927;180000;63;65;63;64;69;0
ТЗА ао;60;20170928;100000;63;64;58;63;62;0
ТЗА ао;60;20170928;110000;63;63;63;63;16;0
ТЗА ао;60;20170928;120000;63;66;63;66;42;0
ТЗА ао;60;20170928;130000;66;66;64;64;19;0
ТЗА ао;60;20170928;140000;63;65;61;65;80;0
ТЗА ао;60;20170928;150000;64;64;64;64;36;0
ТЗА ао;60;20170928;160000;65;66;65;66;45;0
ТЗА ао;60;20170928;170000;66;67;64;64;17;0
ТЗА ао;60;20170928;180000;64;66;64;65;30;0
ТЗА ао;60;20170929;100000;66;74;66;73;594;0
ТЗА ао;60;20170929;110000;72;73;71;73;74;0
ТЗА ао;60;20170929;120000;72;72;69;69;199;0
ТЗА ао;60;20170929;130000;70;72;69;69;165;0
ТЗА ао;60;20170929;140000;68;68;67;67;17;0
ТЗА ао;60;20170929;150000;67;67;66;66;3;0
ТЗА ао;60;20170929;160000;66;67;66;67;7;0
ТЗА ао;60;20170929;180000;68;70;66;70;161;0
ТЗА ао;60;20171002;100000;70;73;69;71;54;0
ТЗА ао;60;20171002;110000;71;71;67;67;614;0
ТЗА ао;60;20171002;120000;68;68;67;67;334;0
ТЗА ао;60;20171002;130000;67;70;67;68;179;0
ТЗА ао;60;20171002;140000;69;70;69;70;12;0
ТЗА ао;60;20171002;150000;69;69;69;69;7;0
ТЗА ао;60;20171002;170000;70;70;67;69;198;0
ТЗА ао;60;20171002;180000;68;70;68;69;32;0
ТЗА ао;60;20171003;100000;69;70;68;70;20;0
ТЗА ао;60;20171003;110000;68;68;67;68;375;0
ТЗА ао;60;20171003;120000;68;69;68;69;15;0
ТЗА ао;60;20171003;130000;67;67;65;65;196;0
ТЗА ао;60;20171003;140000;67;67;67;67;3;0
ТЗА ао;60;20171003;160000;67;67;65;65;7;0
ТЗА ао;60;20171003;180000;65;67;65;67;44;0
ТЗА ао;60;20171004;100000;66;66;66;66;11;0
ТЗА ао;60;20171004;110000;66;66;66;66;7;0
ТЗА ао;60;20171004;120000;66;66;66;66;1;0
ТЗА ао;60;20171004;130000;65;65;65;65;175;0
ТЗА ао;60;20171004;140000;65;65;65;65;5;0
ТЗА ао;60;20171004;150000;66;66;66;66;4;0
ТЗА ао;60;20171004;160000;66;66;66;66;1;0
ТЗА ао;60;20171004;170000;66;66;65;65;28;0
ТЗА ао;60;20171004;180000;65;65;65;65;3;0
ТЗА ао;60;20171005;100000;66;66;66;66;24;0
ТЗА ао;60;20171005;110000;65;65;65;65;75;0
ТЗА ао;60;20171005;120000;66;77;66;72;521;0
ТЗА ао;60;20171005;130000;74;74;70;70;40;0
ТЗА ао;60;20171005;140000;72;72;72;72;14;0
ТЗА ао;60;20171005;150000;71;71;69;71;901;0
ТЗА ао;60;20171005;160000;71;72;71;72;3;0
ТЗА ао;60;20171005;170000;70;70;70;70;1;0
ТЗА ао;60;20171005;180000;72;73;70;72;21;0
ТЗА ао;60;20171006;100000;71;71;71;71;8;0
ТЗА ао;60;20171006;110000;71;71;71;71;2;0
ТЗА ао;60;20171006;120000;70;70;70;70;31;0
ТЗА ао;60;20171006;130000;71;81;71;78;728;0
ТЗА ао;60;20171006;140000;76;79;76;78;56;0
ТЗА ао;60;20171006;150000;75;78;75;78;12;0
ТЗА ао;60;20171006;160000;78;79;75;77;47;0
ТЗА ао;60;20171006;170000;76;77;76;76;58;0
ТЗА ао;60;20171006;180000;76;77;76;77;34;0
ТЗА ао;60;20171009;100000;76;77;75;77;39;0
ТЗА ао;60;20171009;110000;77;77;75;75;29;0
ТЗА ао;60;20171009;130000;75;84;75;83;261;0
ТЗА ао;60;20171009;140000;82;89;80;86;315;0
ТЗА ао;60;20171009;150000;87;90;80;88;296;0
ТЗА ао;60;20171009;160000;88;98;88;92;163;0
ТЗА ао;60;20171009;170000;91;92;86;90;185;0
ТЗА ао;60;20171009;180000;90;94;88;88;136;0
ТЗА ао;60;20171010;100000;90;95;83;87;578;0
ТЗА ао;60;20171010;110000;85;87;83;87;116;0
ТЗА ао;60;20171010;120000;85;87;85;87;6;0
ТЗА ао;60;20171010;130000;86;89;86;89;35;0
ТЗА ао;60;20171010;140000;88;90;88;89;97;0
ТЗА ао;60;20171010;150000;88;89;83;88;855;0
ТЗА ао;60;20171010;160000;87;88;85;85;68;0
ТЗА ао;60;20171010;170000;85;86;83;86;82;0
ТЗА ао;60;20171010;180000;84;86;83;86;37;0
ТЗА ао;60;20171011;100000;89;89;83;85;131;0
ТЗА ао;60;20171011;110000;85;87;83;84;290;0
ТЗА ао;60;20171011;120000;84;84;83;83;202;0
ТЗА ао;60;20171011;130000;83;83;83;83;120;0
ТЗА ао;60;20171011;140000;83;83;83;83;3;0
ТЗА ао;60;20171011;150000;83;84;83;84;3;0
ТЗА ао;60;20171011;160000;84;85;83;83;5;0
ТЗА ао;60;20171011;170000;85;85;85;85;20;0
ТЗА ао;60;20171011;180000;83;83;83;83;95;0
ТЗА ао;60;20171012;100000;83;94;83;92;835;0
ТЗА ао;60;20171012;110000;93;109;90;102;1205;0
ТЗА ао;60;20171012;120000;104;105;97;104;191;0
ТЗА ао;60;20171012;130000;102;102;97;98;68;0
ТЗА ао;60;20171012;140000;98;116;98;116;837;0
ТЗА ао;60;20171012;150000;116;116;113;116;520;0
ТЗА ао;60;20171012;160000;114;116;114;116;528;0
ТЗА ао;60;20171012;170000;116;116;116;116;9;0
ТЗА ао;60;20171012;180000;116;116;116;116;15;0
ТЗА ао;60;20171013;090000;122;122;122;122;41;0
ТЗА ао;60;20171013;100000;121;127;109;113;1128;0
ТЗА ао;60;20171013;110000;116;116;108;112;215;0
ТЗА ао;60;20171013;120000;110;110;100;105;327;0
ТЗА ао;60;20171013;130000;105;106;100;101;149;0
ТЗА ао;60;20171013;140000;103;107;103;107;108;0
ТЗА ао;60;20171013;150000;105;108;105;107;37;0
ТЗА ао;60;20171013;160000;106;107;100;102;230;0
ТЗА ао;60;20171013;170000;106;106;103;104;5;0
ТЗА ао;60;20171013;180000;102;105;100;103;109;0
ТЗА ао;60;20171016;100000;100;104;94;104;138;0
ТЗА ао;60;20171016;110000;104;105;104;105;49;0
ТЗА ао;60;20171016;130000;105;107;105;107;50;0
ТЗА ао;60;20171016;140000;106;108;106;106;52;0
ТЗА ао;60;20171016;150000;107;107;106;107;10;0
ТЗА ао;60;20171016;160000;107;108;106;107;39;0
ТЗА ао;60;20171016;170000;106;107;95;102;214;0
ТЗА ао;60;20171016;180000;100;102;99;99;26;0
ТЗА ао;60;20171017;100000;101;101;96;98;91;0
ТЗА ао;60;20171017;110000;102;102;101;102;102;0
ТЗА ао;60;20171017;150000;101;102;101;102;2;0
ТЗА ао;60;20171017;160000;102;102;102;102;33;0
ТЗА ао;60;20171017;170000;102;102;101;101;8;0
ТЗА ао;60;20171017;180000;100;102;100;102;9;0
ТЗА ао;60;20171018;090000;99;99;99;99;1;0
ТЗА ао;60;20171018;100000;102;104;102;103;11;0
ТЗА ао;60;20171018;110000;101;102;100;102;11;0
ТЗА ао;60;20171018;130000;100;101;100;101;2;0
ТЗА ао;60;20171018;140000;101;101;100;100;12;0
ТЗА ао;60;20171018;160000;100;101;100;101;2;0
ТЗА ао;60;20171018;180000;100;101;100;101;4;0
ТЗА ао;60;20171019;110000;101;101;100;100;30;0
ТЗА ао;60;20171019;120000;99;99;98;99;12;0
ТЗА ао;60;20171019;140000;98;98;98;98;9;0
ТЗА ао;60;20171019;160000;97;98;97;98;9;0
ТЗА ао;60;20171019;170000;97;97;95;96;38;0
ТЗА ао;60;20171019;180000;97;97;97;97;36;0
ТЗА ао;60;20171020;100000;96;97;96;97;10;0
ТЗА ао;60;20171020;110000;95;98;93;98;85;0
ТЗА ао;60;20171020;130000;96;96;92;95;72;0
ТЗА ао;60;20171020;140000;95;95;94;94;11;0
ТЗА ао;60;20171020;150000;95;95;92;92;48;0
ТЗА ао;60;20171020;160000;92;94;92;94;8;0
ТЗА ао;60;20171020;170000;94;94;93;94;14;0
ТЗА ао;60;20171020;180000;93;93;93;93;1;0
ТЗА ао;60;20171023;100000;94;98;93;98;43;0
ТЗА ао;60;20171023;110000;96;96;96;96;13;0
ТЗА ао;60;20171023;120000;97;98;97;98;15;0
ТЗА ао;60;20171023;130000;98;99;96;97;27;0
ТЗА ао;60;20171023;140000;97;98;97;98;2;0
ТЗА ао;60;20171023;160000;98;99;98;99;22;0
ТЗА ао;60;20171023;180000;98;99;95;95;25;0
ТЗА ао;60;20171024;100000;97;97;97;97;12;0
ТЗА ао;60;20171024;110000;97;97;95;95;90;0
ТЗА ао;60;20171024;140000;97;97;97;97;1;0
ТЗА ао;60;20171024;150000;96;96;91;93;106;0
ТЗА ао;60;20171024;160000;94;94;94;94;1;0
ТЗА ао;60;20171024;170000;92;92;92;92;1;0
ТЗА ао;60;20171024;180000;94;94;92;94;7;0
ТЗА ао;60;20171025;100000;94;94;93;94;3;0
ТЗА ао;60;20171025;110000;95;95;94;95;3;0
ТЗА ао;60;20171025;140000;96;97;94;94;38;0
ТЗА ао;60;20171025;150000;94;94;94;94;3;0
ТЗА ао;60;20171025;160000;95;95;95;95;3;0
ТЗА ао;60;20171025;180000;96;96;96;96;1;0
ТЗА ао;60;20171026;100000;95;95;93;94;7;0
ТЗА ао;60;20171026;160000;95;95;94;94;10;0
ТЗА ао;60;20171026;180000;94;94;94;94;5;0
ТЗА ао;60;20171027;100000;93;93;93;93;13;0
ТЗА ао;60;20171027;110000;93;93;93;93;15;0
ТЗА ао;60;20171027;120000;92;92;91;91;76;0
ТЗА ао;60;20171027;130000;90;90;90;90;148;0
ТЗА ао;60;20171027;150000;90;90;90;90;65;0
ТЗА ао;60;20171027;160000;92;92;92;92;3;0
ТЗА ао;60;20171027;170000;92;92;92;92;1;0
ТЗА ао;60;20171027;180000;91;91;90;91;46;0
ТЗА ао;60;20171030;100000;92;97;92;93;23;0
ТЗА ао;60;20171030;110000;93;93;93;93;1;0
ТЗА ао;60;20171030;120000;91;91;91;91;1;0
ТЗА ао;60;20171030;130000;91;91;90;90;494;0
ТЗА ао;60;20171030;140000;90;90;90;90;2;0
ТЗА ао;60;20171030;150000;91;91;90;90;34;0
ТЗА ао;60;20171030;180000;90;94;90;94;41;0
ТЗА ао;60;20171031;110000;94;94;93;94;3;0
ТЗА ао;60;20171031;160000;92;92;92;92;1;0
ТЗА ао;60;20171031;170000;92;92;92;92;1;0
ТЗА ао;60;20171031;180000;92;92;90;90;491;0
ТЗА ао;60;20171101;100000;92.9;93;92.9;93;2;0
ТЗА ао;60;20171101;110000;90.2;90.2;90;90;15;0
ТЗА ао;60;20171101;120000;93.6;93.7;93.6;93.7;3;0
ТЗА ао;60;20171101;130000;90.2;91.9;90.2;91.9;2;0
ТЗА ао;60;20171101;140000;92;92;92;92;1;0
ТЗА ао;60;20171101;150000;90.3;90.3;90.2;90.2;2;0
ТЗА ао;60;20171101;170000;90.3;90.3;90.2;90.2;5;0
ТЗА ао;60;20171102;130000;90.2;90.2;90.1;90.1;5;0
ТЗА ао;60;20171102;160000;90.2;90.2;90.1;90.1;13;0
ТЗА ао;60;20171102;180000;92.6;93.8;92.6;93.8;5;0
ТЗА ао;60;20171103;100000;90.1;90.1;89.8;90;12;0
ТЗА ао;60;20171103;110000;90.3;90.3;90.1;90.3;19;0
ТЗА ао;60;20171103;150000;90.5;90.5;90.4;90.4;10;0
ТЗА ао;60;20171103;170000;90.7;90.7;90.5;90.5;10;0
ТЗА ао;60;20171103;180000;90.5;90.5;90.2;90.2;30;0
ТЗА ао;60;20171107;100000;90.1;90.1;89.9;90;160;0
ТЗА ао;60;20171107;110000;90;90;90;90;55;0
ТЗА ао;60;20171107;120000;90.1;90.2;90.1;90.2;2;0
ТЗА ао;60;20171107;150000;90.1;92.9;90;92;262;0
ТЗА ао;60;20171107;180000;90.5;91.9;90;91.9;42;0
ТЗА ао;60;20171108;110000;90.2;90.2;90;90;25;0
ТЗА ао;60;20171108;170000;93.2;93.2;93.2;93.2;3;0
ТЗА ао;60;20171110;150000;91.6;91.6;91.6;91.6;11;0
ТЗА ао;60;20171110;180000;91.6;91.6;91.6;91.6;4;0
ТЗА ао;60;20171113;110000;91.6;91.6;91.6;91.6;5;0
ТЗА ао;60;20171113;180000;94.6;94.9;94.6;94.9;45;0
ТЗА ао;60;20171114;100000;91.9;91.9;91.8;91.8;61;0
ТЗА ао;60;20171114;110000;94.8;97;94.8;97;26;0
ТЗА ао;60;20171115;100000;96.5;98.9;96.5;98.9;43;0
ТЗА ао;60;20171115;110000;98.9;98.9;98.9;98.9;3;0
ТЗА ао;60;20171115;120000;98.8;100;98.8;100;12;0
ТЗА ао;60;20171115;140000;99;100;96.5;96.5;19;0
ТЗА ао;60;20171115;150000;96.5;96.5;96.5;96.5;7;0
ТЗА ао;60;20171115;160000;96.5;96.5;96.5;96.5;19;0
ТЗА ао;60;20171115;170000;96;101;96;100.9;66;0
ТЗА ао;60;20171115;180000;100.9;101;100.9;101;12;0
ТЗА ао;60;20171116;100000;104;106;101;104;43;0
ТЗА ао;60;20171116;110000;101.8;106;101.1;106;38;0
ТЗА ао;60;20171116;120000;101.5;105.6;101.5;105.6;19;0
ТЗА ао;60;20171116;130000;105.4;107;105.4;106;53;0
ТЗА ао;60;20171116;140000;106;114.8;106;114.7;322;0
ТЗА ао;60;20171116;150000;114.5;114.7;112;114.7;44;0
ТЗА ао;60;20171116;160000;114.1;114.5;107.3;107.3;32;0
ТЗА ао;60;20171116;170000;111.9;112.8;110;112.8;16;0
ТЗА ао;60;20171116;180000;112.8;112.9;108.5;112.3;15;0
ТЗА ао;60;20171117;090000;115;115;115;115;1;0
ТЗА ао;60;20171117;100000;117;117;110.1;114.4;39;0
ТЗА ао;60;20171117;110000;111;112.9;109.5;112.9;21;0
ТЗА ао;60;20171117;150000;109;111.8;109;111.8;6;0
ТЗА ао;60;20171117;160000;108.8;112;108.5;112;12;0
ТЗА ао;60;20171117;170000;111.9;112.9;111.9;112.9;34;0
ТЗА ао;60;20171117;180000;112.9;114;112.9;113.8;31;0
ТЗА ао;60;20171120;100000;116.5;116.5;112;114;34;0
ТЗА ао;60;20171120;110000;113.7;113.7;113.7;113.7;1;0
ТЗА ао;60;20171120;120000;113.1;114;113.1;113.9;210;0
ТЗА ао;60;20171120;150000;113.5;113.5;113.5;113.5;1;0
ТЗА ао;60;20171120;160000;111;111;110;110;44;0
ТЗА ао;60;20171120;170000;110;110.2;110;110;36;0
ТЗА ао;60;20171120;180000;110;110;110;110;9;0
ТЗА ао;60;20171121;100000;110;110;110;110;5;0
ТЗА ао;60;20171121;110000;110;110;110;110;10;0
ТЗА ао;60;20171121;120000;105.2;108;101.2;104.1;50;0
ТЗА ао;60;20171121;130000;104.1;104.1;104;104;7;0
ТЗА ао;60;20171121;140000;106;106;105;105;3;0
ТЗА ао;60;20171121;150000;104;104;102;102;3;0
ТЗА ао;60;20171121;170000;102.5;104;102.4;104;8;0
ТЗА ао;60;20171122;150000;107.6;107.6;107.6;107.6;1;0
ТЗА ао;60;20171122;170000;100.3;100.3;100.3;100.3;1;0
ТЗА ао;60;20171123;110000;105.7;105.8;105;105;12;0
ТЗА ао;60;20171123;130000;100.3;102;100.2;102;5;0
ТЗА ао;60;20171123;140000;100.3;100.3;100.3;100.3;1;0
ТЗА ао;60;20171123;180000;100.4;100.4;100.4;100.4;1;0
ТЗА ао;60;20171124;100000;100;100;100;100;6;0
ТЗА ао;60;20171124;110000;100;103.5;91.6;98;94;0
ТЗА ао;60;20171124;120000;98;99;98;99;5;0
ТЗА ао;60;20171124;140000;99.9;99.9;99.9;99.9;1;0
ТЗА ао;60;20171124;160000;99.7;99.7;99.7;99.7;5;0
ТЗА ао;60;20171124;170000;99.7;99.7;98.2;98.2;5;0
ТЗА ао;60;20171124;180000;94.5;96;94.5;96;11;0
ТЗА ао;60;20171127;090000;98.8;98.8;98.8;98.8;1;0
ТЗА ао;60;20171127;100000;97.9;97.9;97.8;97.9;9;0
ТЗА ао;60;20171127;110000;98.7;100;97.8;100;26;0
ТЗА ао;60;20171127;130000;100;100;95.5;98;7;0
ТЗА ао;60;20171127;160000;96.1;96.1;96;96;8;0
ТЗА ао;60;20171127;180000;95.1;95.1;95.1;95.1;1;0
ТЗА ао;60;20171128;140000;95.9;95.9;95.7;95.7;2;0
ТЗА ао;60;20171128;150000;95.1;95.1;95;95;3;0
ТЗА ао;60;20171128;160000;97;97;97;97;2;0
ТЗА ао;60;20171128;170000;97.8;97.9;97.8;97.9;4;0
ТЗА ао;60;20171128;180000;97.9;98.2;97.9;98.2;5;0
ТЗА ао;60;20171129;110000;98.2;99;98.2;99;3;0
ТЗА ао;60;20171129;130000;101.2;102.9;100;101.9;7;0
ТЗА ао;60;20171129;150000;102;107.7;102;107.7;6;0
ТЗА ао;60;20171129;170000;102;102;102;102;2;0
ТЗА ао;60;20171129;180000;103.9;107.8;103.9;107.8;25;0
ТЗА ао;60;20171130;100000;102.6;107;102.6;107;5;0
ТЗА ао;60;20171130;110000;105;106;105;105;124;0
ТЗА ао;60;20171130;130000;102;104;102;102;4;0
ТЗА ао;60;20171130;160000;101.2;101.2;98.1;98.1;8;0
ТЗА ао;60;20171130;180000;100.4;100.4;100.4;100.4;1;0
ТЗА ао;60;20171201;100000;96.7;100;96.7;100;2;0
ТЗА ао;60;20171201;110000;103.9;103.9;102;102;2;0
ТЗА ао;60;20171201;130000;100;100;100;100;2;0
ТЗА ао;60;20171201;170000;99;99;99;99;7;0
ТЗА ао;60;20171204;100000;96.8;98;96.7;96.7;7;0
ТЗА ао;60;20171204;120000;96.7;96.7;96.7;96.7;7;0
ТЗА ао;60;20171204;130000;96.2;96.2;96.2;96.2;2;0
ТЗА ао;60;20171204;140000;96.2;97;96;96;9;0
ТЗА ао;60;20171204;150000;96;96;96;96;1;0
ТЗА ао;60;20171204;160000;95.1;95.1;95;95;5;0
ТЗА ао;60;20171204;170000;94.1;96;92.1;92.1;20;0
ТЗА ао;60;20171204;180000;92.4;99;92.4;99;8;0
ТЗА ао;60;20171205;100000;99.1;99.1;90;95.8;82;0
ТЗА ао;60;20171205;110000;94.9;94.9;94.7;94.7;11;0
ТЗА ао;60;20171205;120000;95.5;97.9;95.5;97.9;8;0
ТЗА ао;60;20171205;150000;97.9;98.9;97.9;98.9;9;0
ТЗА ао;60;20171206;100000;97;97;97;97;4;0
ТЗА ао;60;20171206;120000;97.5;99.2;97.5;99.2;6;0
ТЗА ао;60;20171206;150000;98.9;105.9;98.9;105;455;0
ТЗА ао;60;20171206;160000;105.9;107;105.9;107;4;0
ТЗА ао;60;20171206;180000;96.4;102;96.4;102;2;0
ТЗА ао;60;20171207;100000;99.9;106;99.9;105.2;129;0
ТЗА ао;60;20171207;110000;105;105;105;105;48;0
ТЗА ао;60;20171207;130000;105;105;105;105;1;0
ТЗА ао;60;20171207;140000;106.9;110.9;106.9;110.9;23;0
ТЗА ао;60;20171207;160000;105.6;106;105;106;16;0
ТЗА ао;60;20171207;170000;105.1;105.1;105;105;25;0
ТЗА ао;60;20171207;180000;105;105;105;105;30;0
ТЗА ао;60;20171208;100000;105;105;105;105;2;0
ТЗА ао;60;20171208;170000;105;105;105;105;101;0
ТЗА ао;60;20171208;180000;105;105;105;105;1;0
ТЗА ао;60;20171212;100000;105;105;105;105;5;0
ТЗА ао;60;20171212;180000;107;107;107;107;20;0
ТЗА ао;60;20171214;110000;107;107;107;107;1;0
ТЗА ао;60;20171214;120000;105.1;105.1;105;105;200;0
ТЗА ао;60;20171214;130000;106;106;105;105;237;0
ТЗА ао;60;20171214;180000;105;105;105;105;2;0
ТЗА ао;60;20171215;140000;105.9;106;105.9;106;3;0
ТЗА ао;60;20171215;150000;105;105;105;105;1;0
ТЗА ао;60;20171215;180000;105;105;105;105;1;0
ТЗА ао;60;20171218;100000;105;105;100;105;501;0
ТЗА ао;60;20171218;110000;105;105;105;105;348;0
ТЗА ао;60;20171218;140000;105;105;105;105;12;0
ТЗА ао;60;20171218;150000;105;105;105;105;166;0
ТЗА ао;60;20171218;170000;104;104;104;104;1;0
ТЗА ао;60;20171219;100000;107.9;108;107.9;108;10;0
ТЗА ао;60;20171219;110000;108;108;108;108;1;0
ТЗА ао;60;20171219;120000;108.8;108.8;108;108;2;0
ТЗА ао;60;20171219;130000;108;108;108;108;5;0
ТЗА ао;60;20171220;100000;108;108.8;108;108.8;14;0
ТЗА ао;60;20171220;110000;108.8;109.1;108.8;109.1;17;0
ТЗА ао;60;20171220;130000;109.1;109.1;109;109;5;0
ТЗА ао;60;20171220;160000;110.9;112;110;112;13;0
ТЗА ао;60;20171220;170000;112.8;114.4;112.8;114.4;10;0
ТЗА ао;60;20171220;180000;114;114;114;114;1;0
ТЗА ао;60;20171221;150000;109.4;110.1;108;110;37;0
ТЗА ао;60;20171221;160000;112;112;112;112;1;0
ТЗА ао;60;20171221;180000;108.1;108.1;108;108;7;0
ТЗА ао;60;20171222;100000;108;108;108;108;100;0
ТЗА ао;60;20171222;120000;110.4;110.5;109.9;109.9;5;0
ТЗА ао;60;20171222;160000;109.9;109.9;109.9;109.9;2;0
ТЗА ао;60;20171222;170000;110;114;110;114;6;0
ТЗА ао;60;20171225;100000;109;109;109;109;1;0
ТЗА ао;60;20171225;120000;114.1;114.2;114.1;114.2;2;0
ТЗА ао;60;20171225;130000;109.1;109.1;109.1;109.1;1;0
ТЗА ао;60;20171225;150000;109.1;109.1;108;108;57;0
ТЗА ао;60;20171226;100000;100.1;108;100.1;108;80;0
ТЗА ао;60;20171226;120000;108;108;108;108;21;0
ТЗА ао;60;20171227;100000;108;108;108;108;3;0
ТЗА ао;60;20171227;130000;108.1;108.1;108.1;108.1;13;0
ТЗА ао;60;20171227;150000;112.7;112.7;112.7;112.7;1;0
ТЗА ао;60;20171227;170000;108.3;108.3;108.3;108.3;32;0
ТЗА ао;60;20171228;100000;113.9;113.9;113.9;113.9;1;0
ТЗА ао;60;20171228;110000;108;108.1;108;108.1;25;0
ТЗА ао;60;20171228;130000;108;108;108;108;1;0
ТЗА ао;60;20171229;100000;108;112.9;108;109.8;3;0
ТЗА ао;60;20171229;110000;108;108;108;108;7;0
ТЗА ао;60;20171229;120000;108;108;108;108;7;0
ТЗА ао;60;20171229;160000;108;108;108;108;2;0
ТЗА ао;60;20171229;170000;108.1;108.1;108;108;90;0
ТЗА ао;60;20171229;180000;108.1;108.1;108.1;108.1;2;0
