<TICKER>;<PER>;<DATE>;<TIME>;<OPEN>;<HIGH>;<LOW>;<CLOSE>;<VOL>;<OPENINT>
ТКЗКК ап;60;20170125;180000;6.14;6.14;6.11;6.11;10;0
ТКЗКК ап;60;20170127;170000;6.61;6.61;6.61;6.61;1;0
ТКЗКК ап;60;20170201;120000;6.65;6.78;6.65;6.78;14;0
ТКЗКК ап;60;20170206;120000;6.45;6.45;6.45;6.45;1;0
ТКЗКК ап;60;20170208;170000;6.14;6.14;6.12;6.12;17;0
ТКЗКК ап;60;20170208;180000;6.12;6.5;6.11;6.5;4;0
ТКЗКК ап;60;20170210;110000;6.49;6.49;6.49;6.49;1;0
ТКЗКК ап;60;20170210;130000;6.49;6.49;6.49;6.49;4;0
ТКЗКК ап;60;20170214;120000;6.69;6.69;6.51;6.51;18;0
ТКЗКК ап;60;20170214;130000;6.5;6.5;6.5;6.5;3;0
ТКЗКК ап;60;20170215;130000;6.69;6.69;6.69;6.69;7;0
ТКЗКК ап;60;20170216;120000;6.49;6.5;6.49;6.5;12;0
ТКЗКК ап;60;20170216;180000;6.54;6.59;6.54;6.59;2;0
ТКЗКК ап;60;20170217;110000;6.49;6.49;6.49;6.49;1;0
ТКЗКК ап;60;20170217;180000;6.5;6.5;6.5;6.5;7;0
ТКЗКК ап;60;20170220;090000;6.5;6.5;6.5;6.5;3;0
ТКЗКК ап;60;20170220;180000;6.55;6.55;6.55;6.55;10;0
ТКЗКК ап;60;20170221;180000;6.5;6.5;6.5;6.5;1;0
ТКЗКК ап;60;20170222;150000;6.21;6.21;6.2;6.2;11;0
ТКЗКК ап;60;20170228;110000;6.16;6.16;6.16;6.16;2;0
ТКЗКК ап;60;20170301;180000;6.33;6.33;6.33;6.33;1;0
ТКЗКК ап;60;20170302;150000;6.39;6.7;6.39;6.56;274;0
ТКЗКК ап;60;20170302;180000;6.48;6.48;6.48;6.48;10;0
ТКЗКК ап;60;20170303;100000;6.43;6.43;6.43;6.43;51;0
ТКЗКК ап;60;20170303;170000;6.44;6.44;6.44;6.44;1;0
ТКЗКК ап;60;20170306;100000;6.45;6.45;6.45;6.45;26;0
ТКЗКК ап;60;20170306;120000;6.4;6.4;6.4;6.4;6;0
ТКЗКК ап;60;20170307;110000;6.21;6.21;6.21;6.21;1;0
ТКЗКК ап;60;20170307;160000;6.46;6.46;6.46;6.46;1;0
ТКЗКК ап;60;20170307;180000;6.46;6.46;6.46;6.46;1;0
ТКЗКК ап;60;20170309;110000;6.46;6.47;6.46;6.47;2;0
ТКЗКК ап;60;20170309;150000;6.2;6.2;5.93;5.93;70;0
ТКЗКК ап;60;20170309;160000;5.96;6;5.96;6;16;0
ТКЗКК ап;60;20170309;180000;5.98;6;5.98;6;64;0
ТКЗКК ап;60;20170310;170000;5.97;5.97;5.97;5.97;1;0
ТКЗКК ап;60;20170320;130000;5.89;5.89;5.89;5.89;1;0
ТКЗКК ап;60;20170320;140000;5.5;5.5;5.49;5.5;11;0
ТКЗКК ап;60;20170320;180000;5.98;5.98;5.77;5.77;13;0
ТКЗКК ап;60;20170321;110000;5.8;5.8;5.77;5.77;2;0
ТКЗКК ап;60;20170321;140000;5.77;5.77;5.77;5.77;10;0
ТКЗКК ап;60;20170321;150000;5.73;5.73;5.24;5.24;295;0
ТКЗКК ап;60;20170321;160000;5.34;5.35;5.25;5.25;104;0
ТКЗКК ап;60;20170321;170000;5.25;5.38;5.25;5.38;502;0
ТКЗКК ап;60;20170321;180000;5.67;5.67;5.66;5.66;2;0
ТКЗКК ап;60;20170322;140000;5.45;5.45;5.4;5.4;4;0
ТКЗКК ап;60;20170322;150000;5.39;5.4;5.39;5.4;2;0
ТКЗКК ап;60;20170322;160000;5.36;5.36;5.32;5.32;8;0
ТКЗКК ап;60;20170322;170000;5.39;5.4;5.39;5.4;97;0
ТКЗКК ап;60;20170323;110000;5.96;6;5.88;5.88;16;0
ТКЗКК ап;60;20170323;120000;5.06;5.06;4.7;4.7;16;0
ТКЗКК ап;60;20170323;170000;5.42;5.42;5.39;5.39;3;0
ТКЗКК ап;60;20170323;180000;5.4;5.4;5.4;5.4;10;0
ТКЗКК ап;60;20170324;110000;4.99;5.1;4.99;5.1;54;0
ТКЗКК ап;60;20170327;180000;6;6;6;6;1;0
ТКЗКК ап;60;20170404;160000;5.04;5.78;5.01;5.78;22;0
ТКЗКК ап;60;20170405;180000;5.87;5.87;5.87;5.87;1;0
ТКЗКК ап;60;20170407;170000;5.21;5.25;5.21;5.25;8;0
ТКЗКК ап;60;20170407;180000;5.21;5.8;5.2;5.8;17;0
ТКЗКК ап;60;20170411;180000;5.25;5.25;5.25;5.25;1;0
ТКЗКК ап;60;20170414;110000;5.26;5.26;5.26;5.26;1;0
ТКЗКК ап;60;20170414;130000;5.26;5.26;5.26;5.26;8;0
ТКЗКК ап;60;20170417;120000;5.96;5.99;5.96;5.99;10;0
ТКЗКК ап;60;20170418;110000;5.79;6;5.79;6;10;0
ТКЗКК ап;60;20170421;110000;5.01;5.3;5.01;5.3;17;0
ТКЗКК ап;60;20170421;120000;5.49;5.49;5.49;5.49;1;0
ТКЗКК ап;60;20170424;120000;6.01;6.18;6.01;6.18;20;0
ТКЗКК ап;60;20170425;110000;6.13;6.13;6.13;6.13;4;0
ТКЗКК ап;60;20170426;100000;6.17;6.17;6.17;6.17;13;0
ТКЗКК ап;60;20170427;100000;6.96;6.98;6.18;6.18;12;0
ТКЗКК ап;60;20170427;120000;6.19;6.19;6.19;6.19;1;0
ТКЗКК ап;60;20170428;100000;6.89;6.89;6.89;6.89;2;0
ТКЗКК ап;60;20170428;180000;5.72;5.72;5.71;5.72;3;0
ТКЗКК ап;60;20170502;170000;5.53;5.53;5.52;5.52;2;0
ТКЗКК ап;60;20170503;100000;5.34;5.35;5.33;5.34;13;0
ТКЗКК ап;60;20170503;110000;5.34;5.35;5.34;5.35;18;0
ТКЗКК ап;60;20170503;120000;5.35;5.35;5.18;5.18;42;0
ТКЗКК ап;60;20170503;130000;5.18;5.18;5.1;5.1;18;0
ТКЗКК ап;60;20170503;140000;5.09;5.09;5;5;9;0
ТКЗКК ап;60;20170503;160000;5.03;5.03;5.02;5.02;2;0
ТКЗКК ап;60;20170503;170000;5.33;6.99;5.01;5.01;246;0
ТКЗКК ап;60;20170503;180000;5.15;5.33;5.15;5.33;4;0
ТКЗКК ап;60;20170504;170000;5.18;5.18;5.18;5.18;1;0
ТКЗКК ап;60;20170505;180000;5.29;5.8;5.29;5.8;23;0
ТКЗКК ап;60;20170510;110000;5.8;5.8;5.25;5.25;2;0
ТКЗКК ап;60;20170510;130000;5.74;5.81;5.74;5.8;8;0
ТКЗКК ап;60;20170510;140000;5.8;5.8;5.8;5.8;10;0
ТКЗКК ап;60;20170512;140000;5.8;5.8;5.8;5.8;10;0
ТКЗКК ап;60;20170512;150000;5.99;5.99;5.99;5.99;1;0
ТКЗКК ап;60;20170515;110000;5.98;5.98;5.98;5.98;1;0
ТКЗКК ап;60;20170515;180000;5.99;5.99;5.99;5.99;1;0
ТКЗКК ап;60;20170518;140000;5.4;6.21;4.6;4.89;847;0
ТКЗКК ап;60;20170518;150000;4.85;4.95;4.85;4.9;113;0
ТКЗКК ап;60;20170518;160000;4.9;4.9;4.76;4.85;33;0
ТКЗКК ап;60;20170518;170000;4.73;4.78;4.5;4.5;395;0
ТКЗКК ап;60;20170518;180000;4.6;4.85;4.6;4.74;78;0
ТКЗКК ап;60;20170519;130000;4.41;4.63;4.32;4.63;7;0
ТКЗКК ап;60;20170519;180000;4.5;4.5;4.5;4.5;1;0
ТКЗКК ап;60;20170522;130000;4.26;4.26;4.26;4.26;3;0
ТКЗКК ап;60;20170522;180000;4.36;4.77;4.36;4.77;4;0
ТКЗКК ап;60;20170524;100000;4.06;4.49;3.6;4.49;71;0
ТКЗКК ап;60;20170524;160000;4.16;4.23;4.16;4.23;5;0
ТКЗКК ап;60;20170524;170000;4.3;4.3;4.3;4.3;1;0
ТКЗКК ап;60;20170525;110000;3.92;3.99;3.75;3.93;104;0
ТКЗКК ап;60;20170525;120000;3.92;4.01;3.92;4;51;0
ТКЗКК ап;60;20170525;160000;4.12;4.12;4.12;4.12;1;0
ТКЗКК ап;60;20170526;130000;4.08;4.1;4.08;4.1;22;0
ТКЗКК ап;60;20170531;130000;3.81;3.81;3.81;3.81;1;0
ТКЗКК ап;60;20170531;180000;4.22;4.22;4.22;4.22;1;0
ТКЗКК ап;60;20170613;160000;3.65;3.65;3.6;3.6;11;0
ТКЗКК ап;60;20170613;180000;3.53;3.64;3.35;3.64;129;0
ТКЗКК ап;60;20170619;100000;3.63;4.74;3.63;4;159;0
ТКЗКК ап;60;20170619;110000;4.03;4.03;4;4;5;0
ТКЗКК ап;60;20170620;100000;4.2;4.21;3.86;3.86;24;0
ТКЗКК ап;60;20170621;170000;4.17;4.19;3.23;3.5;109;0
ТКЗКК ап;60;20170621;180000;3.39;4;3.24;3.54;344;0
ТКЗКК ап;60;20170622;160000;3.73;3.73;3.73;3.73;2;0
ТКЗКК ап;60;20170622;170000;3.3;3.3;3.16;3.24;65;0
ТКЗКК ап;60;20170622;180000;3.33;3.33;3.33;3.33;1;0
ТКЗКК ап;60;20170623;110000;3.16;3.16;3.02;3.02;60;0
ТКЗКК ап;60;20170623;130000;3.2;3.24;3.2;3.24;20;0
ТКЗКК ап;60;20170623;160000;3.21;3.24;3.21;3.24;47;0
ТКЗКК ап;60;20170623;180000;3.33;3.33;3.33;3.33;2;0
ТКЗКК ап;60;20170626;100000;3.37;3.37;3.37;3.37;4;0
ТКЗКК ап;60;20170626;160000;3.57;3.57;3.57;3.57;1;0
ТКЗКК ап;60;20170628;100000;3.59;3.59;3.59;3.59;5;0
ТКЗКК ап;60;20170628;130000;3.28;3.37;3.06;3.06;27;0
ТКЗКК ап;60;20170628;140000;3.34;3.34;3.34;3.34;1;0
ТКЗКК ап;60;20170628;180000;3.15;3.32;3.15;3.31;5;0
ТКЗКК ап;60;20170629;100000;3.5;3.51;3.5;3.5;42;0
ТКЗКК ап;60;20170629;120000;3.48;3.59;3.48;3.59;9;0
ТКЗКК ап;60;20170629;160000;3.4;3.4;3.13;3.35;61;0
ТКЗКК ап;60;20170629;170000;3.27;3.27;3.27;3.27;3;0
ТКЗКК ап;60;20170629;180000;3.23;3.23;3.2;3.2;8;0
ТКЗКК ап;60;20170630;110000;3.21;3.21;3.2;3.2;5;0
ТКЗКК ап;60;20170630;170000;3.46;3.46;3.46;3.46;1;0
ТКЗКК ап;60;20170703;160000;3.12;3.12;3.12;3.12;1;0
ТКЗКК ап;60;20170704;180000;3.44;3.9;3.44;3.8;289;0
ТКЗКК ап;60;20170705;100000;3.99;4.29;3.8;3.8;51;0
ТКЗКК ап;60;20170705;110000;4.18;4.18;4.16;4.18;11;0
ТКЗКК ап;60;20170705;120000;4.18;4.27;4.18;4.27;27;0
ТКЗКК ап;60;20170705;130000;3.93;3.93;3.88;3.88;12;0
ТКЗКК ап;60;20170706;180000;3.91;3.91;3.91;3.91;2;0
ТКЗКК ап;60;20170707;100000;4.09;4.11;4.08;4.11;11;0
ТКЗКК ап;60;20170707;110000;4.1;4.1;4.1;4.1;7;0
ТКЗКК ап;60;20170707;170000;3.78;3.78;3.78;3.78;1;0
ТКЗКК ап;60;20170710;100000;3.71;4.5;3.7;4.46;46;0
ТКЗКК ап;60;20170710;110000;4.47;4.56;4.05;4.46;144;0
ТКЗКК ап;60;20170710;120000;4.39;4.39;4.11;4.11;16;0
ТКЗКК ап;60;20170710;140000;4.26;4.26;4.12;4.2;14;0
ТКЗКК ап;60;20170710;150000;4.13;4.13;4.13;4.13;8;0
ТКЗКК ап;60;20170710;170000;4.34;4.58;4.34;4.57;61;0
ТКЗКК ап;60;20170710;180000;4.53;4.53;4.5;4.5;14;0
ТКЗКК ап;60;20170711;150000;4.3;4.3;4.3;4.3;1;0
ТКЗКК ап;60;20170711;180000;4.36;4.36;4.36;4.36;1;0
ТКЗКК ап;60;20170712;180000;4.64;4.64;4.64;4.64;1;0
ТКЗКК ап;60;20170724;110000;4.69;4.73;4.69;4.73;4;0
ТКЗКК ап;60;20170731;100000;4.95;5.19;4.78;5.19;37;0
ТКЗКК ап;60;20170731;140000;4.56;4.56;4.5;4.5;18;0
ТКЗКК ап;60;20170731;150000;4.89;4.99;4.89;4.99;11;0
ТКЗКК ап;60;20170731;170000;4.55;4.55;4.51;4.52;26;0
ТКЗКК ап;60;20170801;120000;4.54;4.54;4.33;4.33;8;0
ТКЗКК ап;60;20170802;100000;3.82;4.24;3.82;4.24;8;0
ТКЗКК ап;60;20170802;130000;3.98;3.98;3.97;3.97;2;0
ТКЗКК ап;60;20170802;180000;4.53;4.94;4.53;4.89;16;0
ТКЗКК ап;60;20170809;110000;4.75;4.75;4.75;4.75;1;0
ТКЗКК ап;60;20170810;120000;4.71;4.71;4.71;4.71;2;0
ТКЗКК ап;60;20170810;140000;4.7;4.7;4.3;4.3;6;0
ТКЗКК ап;60;20170810;150000;4.57;4.57;4.57;4.57;1;0
ТКЗКК ап;60;20170810;170000;4.61;5;4.61;5;26;0
ТКЗКК ап;60;20170810;180000;5;5;5;5;1;0
ТКЗКК ап;60;20170811;120000;4.82;4.82;4.82;4.82;3;0
ТКЗКК ап;60;20170811;140000;4.82;4.82;4.81;4.81;2;0
ТКЗКК ап;60;20170814;170000;4.67;4.67;4.65;4.65;4;0
ТКЗКК ап;60;20170816;090000;4.89;4.89;4.89;4.89;1;0
ТКЗКК ап;60;20170817;110000;4.88;4.88;4.65;4.65;6;0
ТКЗКК ап;60;20170823;100000;4.97;4.97;4.97;4.97;2;0
ТКЗКК ап;60;20170823;110000;4.95;4.95;4.95;4.95;4;0
ТКЗКК ап;60;20170823;130000;4.65;4.68;4.5;4.68;14;0
ТКЗКК ап;60;20170823;150000;4.94;4.94;4.94;4.94;1;0
ТКЗКК ап;60;20170823;170000;4.95;4.98;4.95;4.98;4;0
ТКЗКК ап;60;20170823;180000;5;5.16;5;5.16;12;0
ТКЗКК ап;60;20170824;100000;5.02;5.02;5;5;6;0
ТКЗКК ап;60;20170824;110000;4.94;4.94;4.93;4.93;5;0
ТКЗКК ап;60;20170824;120000;4.69;4.74;4.66;4.74;7;0
ТКЗКК ап;60;20170824;140000;4.94;5.04;4.94;5.04;7;0
ТКЗКК ап;60;20170825;100000;5.02;5.02;4.97;4.97;25;0
ТКЗКК ап;60;20170825;120000;5.01;5.01;5.01;5.01;1;0
ТКЗКК ап;60;20170828;110000;5.06;5.36;5.06;5.36;10;0
ТКЗКК ап;60;20170828;120000;5.32;5.45;5.32;5.35;13;0
ТКЗКК ап;60;20170828;130000;4.88;4.98;4.78;4.98;10;0
ТКЗКК ап;60;20170828;140000;4.8;4.8;4.8;4.8;1;0
ТКЗКК ап;60;20170829;180000;5.27;5.51;5.27;5.5;144;0
ТКЗКК ап;60;20170830;110000;5.28;5.28;5.25;5.25;5;0
ТКЗКК ап;60;20170830;140000;5.53;5.57;5.53;5.57;10;0
ТКЗКК ап;60;20170831;170000;5.5;5.56;5.5;5.56;2;0
ТКЗКК ап;60;20170911;180000;5.05;5.4;5;5.4;11;0
ТКЗКК ап;60;20170912;150000;5.19;5.19;5.18;5.18;2;0
ТКЗКК ап;60;20170912;180000;5.18;5.18;5.18;5.18;1;0
ТКЗКК ап;60;20170913;130000;5.1;5.1;4.74;4.92;11;0
ТКЗКК ап;60;20170913;180000;5.17;5.2;5.17;5.2;3;0
ТКЗКК ап;60;20170914;130000;4.83;4.83;4.83;4.83;1;0
ТКЗКК ап;60;20170915;150000;5.01;5.01;5.01;5.01;2;0
ТКЗКК ап;60;20170915;160000;5;5;5;5;7;0
ТКЗКК ап;60;20170919;140000;5;5;5;5;1;0
ТКЗКК ап;60;20170919;160000;4.79;4.79;4.72;4.72;13;0
ТКЗКК ап;60;20170919;180000;4.74;4.84;4.74;4.84;28;0
ТКЗКК ап;60;20170921;170000;5.49;5.49;5.49;5.49;2;0
ТКЗКК ап;60;20170925;100000;5.82;5.82;5.82;5.82;1;0
ТКЗКК ап;60;20170927;130000;5.01;5.01;5;5;3;0
ТКЗКК ап;60;20170928;120000;5.49;5.49;5.49;5.49;1;0
ТКЗКК ап;60;20170928;170000;5.02;5.02;5.02;5.02;1;0
ТКЗКК ап;60;20170929;100000;5.04;5.04;5.03;5.03;3;0
ТКЗКК ап;60;20170929;120000;4.99;4.99;4.99;4.99;1;0
ТКЗКК ап;60;20171002;160000;4.77;4.77;4.77;4.77;1;0
ТКЗКК ап;60;20171003;100000;5.03;5.9;5.03;5.9;174;0
ТКЗКК ап;60;20171003;120000;5.4;5.4;5.39;5.4;3;0
ТКЗКК ап;60;20171003;160000;5.4;5.4;5.4;5.4;2;0
ТКЗКК ап;60;20171004;160000;5.45;5.45;5.45;5.45;6;0
ТКЗКК ап;60;20171004;170000;5.45;5.45;5.45;5.45;3;0
ТКЗКК ап;60;20171004;180000;5.45;5.47;5.45;5.47;6;0
ТКЗКК ап;60;20171005;180000;5.79;5.79;5.79;5.79;1;0
ТКЗКК ап;60;20171009;100000;4.65;4.78;4.5;4.78;178;0
ТКЗКК ап;60;20171009;110000;5.55;5.55;5.55;5.55;1;0
ТКЗКК ап;60;20171009;120000;5.45;5.79;5.45;5.79;6;0
ТКЗКК ап;60;20171009;180000;5.17;5.17;5.17;5.17;10;0
ТКЗКК ап;60;20171010;150000;5;5;5;5;1;0
ТКЗКК ап;60;20171010;180000;5.02;5.02;5;5.01;19;0
ТКЗКК ап;60;20171011;100000;4.77;5.28;4.74;5.26;11;0
ТКЗКК ап;60;20171013;100000;5.48;6.5;5.48;5.79;175;0
ТКЗКК ап;60;20171025;180000;4.99;5;4.75;5;8;0
ТКЗКК ап;60;20171026;130000;4.77;4.77;4.77;4.77;1;0
ТКЗКК ап;60;20171026;150000;4.9;4.9;4.77;4.77;15;0
ТКЗКК ап;60;20171026;180000;4.79;4.79;4.79;4.79;1;0
ТКЗКК ап;60;20171031;100000;4.73;4.77;4;4.77;182;0
ТКЗКК ап;60;20171031;110000;4.78;4.79;4.78;4.79;3;0
ТКЗКК ап;60;20171031;170000;5.38;5.55;4.9;5.1;53;0
ТКЗКК ап;60;20171101;160000;4.86;4.86;4.86;4.86;1;0
ТКЗКК ап;60;20171103;180000;5.4;5.52;5.2;5.49;9;0
ТКЗКК ап;60;20171108;170000;5.48;5.48;5.48;5.48;10;0
ТКЗКК ап;60;20171109;100000;5.59;5.59;5.59;5.59;181;0
ТКЗКК ап;60;20171109;180000;5.2;5.2;5.2;5.2;58;0
ТКЗКК ап;60;20171114;100000;5;5.1;4.78;4.78;63;0
ТКЗКК ап;60;20171114;130000;4.9;4.9;4.9;4.9;1;0
ТКЗКК ап;60;20171114;140000;4.9;4.9;4.9;4.9;8;0
ТКЗКК ап;60;20171114;160000;5.5;5.5;5;5.2;5;0
ТКЗКК ап;60;20171115;130000;5.55;5.59;5.55;5.59;10;0
ТКЗКК ап;60;20171115;160000;4.81;4.81;4.78;4.78;64;0
ТКЗКК ап;60;20171115;170000;4.78;4.78;4.78;4.78;3;0
ТКЗКК ап;60;20171115;180000;4.78;4.78;4.78;4.78;36;0
ТКЗКК ап;60;20171116;100000;4.78;4.78;4.78;4.78;47;0
ТКЗКК ап;60;20171116;170000;4.78;4.78;4.78;4.78;3;0
ТКЗКК ап;60;20171116;180000;4.87;4.88;4.79;4.79;14;0
ТКЗКК ап;60;20171117;180000;4.87;4.88;4.87;4.88;16;0
ТКЗКК ап;60;20171120;110000;4.59;4.59;4.58;4.58;5;0
ТКЗКК ап;60;20171120;120000;4.82;4.88;4.82;4.88;16;0
ТКЗКК ап;60;20171121;120000;4.97;4.97;4.1;4.7;184;0
ТКЗКК ап;60;20171121;180000;4.75;4.75;4.75;4.75;1;0
ТКЗКК ап;60;20171122;170000;4.69;4.69;4.69;4.69;3;0
ТКЗКК ап;60;20171123;100000;4.66;4.66;4.63;4.63;2;0
ТКЗКК ап;60;20171123;110000;4.6;4.6;4.57;4.57;3;0
ТКЗКК ап;60;20171124;170000;4.67;4.67;4.67;4.67;2;0
ТКЗКК ап;60;20171127;120000;4.61;4.61;4.13;4.46;94;0
ТКЗКК ап;60;20171127;130000;4.48;4.5;4.48;4.5;5;0
ТКЗКК ап;60;20171127;140000;4.52;4.52;4.52;4.52;1;0
ТКЗКК ап;60;20171127;150000;4.54;4.56;4.54;4.55;3;0
ТКЗКК ап;60;20171127;160000;4.57;4.57;4.57;4.57;1;0
ТКЗКК ап;60;20171127;170000;4.57;4.57;4.57;4.57;1;0
ТКЗКК ап;60;20171127;180000;4.56;4.56;4.56;4.56;1;0
ТКЗКК ап;60;20171128;120000;4.58;4.58;4.58;4.58;1;0
ТКЗКК ап;60;20171128;160000;4.59;4.59;4.59;4.59;3;0
ТКЗКК ап;60;20171130;140000;4.68;4.68;4.68;4.68;2;0
ТКЗКК ап;60;20171130;160000;4.68;4.68;4.64;4.64;5;0
ТКЗКК ап;60;20171201;110000;4.63;4.63;4.63;4.63;1;0
ТКЗКК ап;60;20171206;180000;4.62;4.62;4.61;4.61;2;0
ТКЗКК ап;60;20171207;100000;4.63;5.97;4.63;4.76;237;0
ТКЗКК ап;60;20171207;120000;4.71;4.71;4.64;4.64;8;0
ТКЗКК ап;60;20171207;130000;4.64;4.88;4.64;4.88;51;0
ТКЗКК ап;60;20171207;140000;4.73;4.73;4.64;4.64;10;0
ТКЗКК ап;60;20171211;120000;4.64;4.64;4.64;4.64;4;0
ТКЗКК ап;60;20171211;150000;4.63;4.63;4.5;4.5;27;0
ТКЗКК ап;60;20171211;160000;4.51;4.51;4.31;4.31;7;0
ТКЗКК ап;60;20171211;170000;4.45;4.45;4.4;4.4;7;0
ТКЗКК ап;60;20171211;180000;4.4;4.4;4.4;4.4;2;0
ТКЗКК ап;60;20171212;100000;4.39;4.39;4.39;4.39;1;0
ТКЗКК ап;60;20171212;120000;4.39;4.39;4.39;4.39;1;0
ТКЗКК ап;60;20171212;130000;4.43;4.43;4.43;4.43;1;0
ТКЗКК ап;60;20171226;110000;4.4;4.4;4.4;4.4;1;0
ТКЗКК ап;60;20171227;140000;4.43;4.71;4.43;4.57;42;0
ТКЗКК ап;60;20171229;100000;4.62;4.62;4.52;4.52;11;0
ТКЗКК ап;60;20171229;130000;4.59;4.61;4.59;4.61;3;0
