<TICKER>;<PER>;<DATE>;<TIME>;<OPEN>;<HIGH>;<LOW>;<CLOSE>;<VOL>;<OPENINT>
ТНСэнНН ап;60;20170124;140000;735;735;735;735;1;0
ТНСэнНН ап;60;20170124;150000;760;760;760;760;1;0
ТНСэнНН ап;60;20170124;170000;735;735;735;735;6;0
ТНСэнНН ап;60;20170125;110000;735;735;735;735;1;0
ТНСэнНН ап;60;20170125;120000;735;735;735;735;40;0
ТНСэнНН ап;60;20170125;130000;735;735;735;735;4;0
ТНСэнНН ап;60;20170201;120000;740;740;740;740;1;0
ТНСэнНН ап;60;20170203;110000;720;740;700;720;103;0
ТНСэнНН ап;60;20170203;130000;720;720;720;720;2;0
ТНСэнНН ап;60;20170203;150000;720;720;720;720;21;0
ТНСэнНН ап;60;20170206;130000;730;730;730;730;4;0
ТНСэнНН ап;60;20170206;140000;730;730;730;730;1;0
ТНСэнНН ап;60;20170206;150000;730;730;730;730;25;0
ТНСэнНН ап;60;20170208;150000;725;725;725;725;6;0
ТНСэнНН ап;60;20170210;110000;750;750;750;750;3;0
ТНСэнНН ап;60;20170210;120000;725;725;720;720;2;0
ТНСэнНН ап;60;20170213;110000;720;740;705;740;10;0
ТНСэнНН ап;60;20170213;150000;745;745;745;745;4;0
ТНСэнНН ап;60;20170213;160000;745;745;745;745;1;0
ТНСэнНН ап;60;20170213;170000;745;745;745;745;6;0
ТНСэнНН ап;60;20170216;150000;720;720;700;700;72;0
ТНСэнНН ап;60;20170216;160000;705;705;705;705;2;0
ТНСэнНН ап;60;20170216;170000;740;740;740;740;1;0
ТНСэнНН ап;60;20170217;100000;700;700;700;700;10;0
ТНСэнНН ап;60;20170217;170000;720;725;720;725;77;0
ТНСэнНН ап;60;20170220;120000;745;745;745;745;3;0
ТНСэнНН ап;60;20170220;130000;745;745;745;745;1;0
ТНСэнНН ап;60;20170220;160000;720;720;710;710;6;0
ТНСэнНН ап;60;20170221;120000;715;715;710;710;6;0
ТНСэнНН ап;60;20170221;130000;740;740;740;740;1;0
ТНСэнНН ап;60;20170222;100000;740;740;740;740;1;0
ТНСэнНН ап;60;20170222;160000;715;715;715;715;2;0
ТНСэнНН ап;60;20170222;170000;710;710;710;710;1;0
ТНСэнНН ап;60;20170224;100000;730;730;730;730;1;0
ТНСэнНН ап;60;20170224;160000;725;725;725;725;1;0
ТНСэнНН ап;60;20170227;140000;710;710;710;710;3;0
ТНСэнНН ап;60;20170227;180000;710;720;700;720;53;0
ТНСэнНН ап;60;20170301;180000;720;720;720;720;8;0
ТНСэнНН ап;60;20170302;150000;710;710;710;710;2;0
ТНСэнНН ап;60;20170303;170000;700;700;690;690;95;0
ТНСэнНН ап;60;20170303;180000;710;710;710;710;1;0
ТНСэнНН ап;60;20170306;100000;710;710;710;710;5;0
ТНСэнНН ап;60;20170307;120000;705;705;705;705;4;0
ТНСэнНН ап;60;20170309;170000;695;695;695;695;1;0
ТНСэнНН ап;60;20170309;180000;690;690;690;690;12;0
ТНСэнНН ап;60;20170324;120000;730;730;730;730;1;0
ТНСэнНН ап;60;20170324;130000;730;730;730;730;3;0
ТНСэнНН ап;60;20170324;140000;730;730;700;700;5;0
ТНСэнНН ап;60;20170331;100000;705;705;700;700;10;0
ТНСэнНН ап;60;20170331;150000;705;705;705;705;1;0
ТНСэнНН ап;60;20170404;120000;700;700;510;690;123;0
ТНСэнНН ап;60;20170404;140000;695;695;695;695;1;0
ТНСэнНН ап;60;20170404;180000;695;695;695;695;1;0
ТНСэнНН ап;60;20170405;110000;700;705;700;705;5;0
ТНСэнНН ап;60;20170407;180000;660;660;655;655;4;0
ТНСэнНН ап;60;20170413;110000;625;695;620;695;4;0
ТНСэнНН ап;60;20170413;140000;705;710;700;700;5;0
ТНСэнНН ап;60;20170417;140000;720;780;720;780;268;0
ТНСэнНН ап;60;20170417;150000;780;780;780;780;81;0
ТНСэнНН ап;60;20170417;160000;780;780;780;780;53;0
ТНСэнНН ап;60;20170417;170000;780;780;780;780;176;0
ТНСэнНН ап;60;20170418;140000;780;780;780;780;65;0
ТНСэнНН ап;60;20170418;180000;780;780;780;780;5;0
ТНСэнНН ап;60;20170420;180000;720;720;720;720;95;0
ТНСэнНН ап;60;20170421;100000;720;720;720;720;100;0
ТНСэнНН ап;60;20170421;160000;710;710;700;700;21;0
ТНСэнНН ап;60;20170428;100000;685;685;670;670;22;0
ТНСэнНН ап;60;20170505;180000;690;745;650;745;47;0
ТНСэнНН ап;60;20170510;180000;745;745;745;745;1;0
ТНСэнНН ап;60;20170517;130000;740;740;740;740;2;0
ТНСэнНН ап;60;20170524;140000;740;740;740;740;1;0
ТНСэнНН ап;60;20170526;160000;635;635;510;610;72;0
ТНСэнНН ап;60;20170526;170000;620;720;620;720;50;0
ТНСэнНН ап;60;20170529;120000;565;655;555;655;60;0
ТНСэнНН ап;60;20170529;130000;665;665;665;665;1;0
ТНСэнНН ап;60;20170529;180000;610;665;610;665;2;0
ТНСэнНН ап;60;20170530;120000;655;655;655;655;1;0
ТНСэнНН ап;60;20170530;140000;655;655;655;655;1;0
ТНСэнНН ап;60;20170530;150000;605;605;605;605;1;0
ТНСэнНН ап;60;20170530;170000;700;705;700;705;2;0
ТНСэнНН ап;60;20170531;100000;690;700;690;700;10;0
ТНСэнНН ап;60;20170531;160000;640;640;640;640;1;0
ТНСэнНН ап;60;20170531;180000;685;690;670;690;5;0
ТНСэнНН ап;60;20170601;100000;605;605;605;605;1;0
ТНСэнНН ап;60;20170602;100000;665;665;665;665;1;0
ТНСэнНН ап;60;20170602;180000;610;650;605;650;8;0
ТНСэнНН ап;60;20170609;160000;690;690;690;690;1;0
ТНСэнНН ап;60;20170613;100000;695;695;690;690;2;0
ТНСэнНН ап;60;20170615;120000;700;700;700;700;6;0
ТНСэнНН ап;60;20170619;180000;645;645;640;640;3;0
ТНСэнНН ап;60;20170621;100000;645;645;645;645;52;0
ТНСэнНН ап;60;20170621;110000;650;800;650;800;731;0
ТНСэнНН ап;60;20170621;120000;800;800;795;795;170;0
ТНСэнНН ап;60;20170626;180000;635;655;635;655;2;0
ТНСэнНН ап;60;20170627;110000;720;780;720;780;22;0
ТНСэнНН ап;60;20170628;100000;615;615;615;615;1;0
ТНСэнНН ап;60;20170628;170000;660;660;660;660;1;0
ТНСэнНН ап;60;20170703;140000;790;790;745;745;3;0
ТНСэнНН ап;60;20170704;100000;795;795;795;795;10;0
ТНСэнНН ап;60;20170704;140000;790;790;790;790;2;0
ТНСэнНН ап;60;20170705;140000;640;640;635;635;2;0
ТНСэнНН ап;60;20170705;160000;735;735;735;735;1;0
ТНСэнНН ап;60;20170706;100000;750;750;750;750;201;0
ТНСэнНН ап;60;20170707;100000;795;1010;795;825;362;0
ТНСэнНН ап;60;20170707;180000;795;800;795;800;5;0
ТНСэнНН ап;60;20170710;110000;805;805;805;805;1;0
ТНСэнНН ап;60;20170712;110000;815;815;815;815;2;0
ТНСэнНН ап;60;20170718;100000;850;870;850;870;11;0
ТНСэнНН ап;60;20170726;180000;805;805;805;805;1;0
ТНСэнНН ап;60;20170728;120000;805;805;805;805;1;0
ТНСэнНН ап;60;20170801;110000;760;760;760;760;1;0
ТНСэнНН ап;60;20170801;120000;805;805;805;805;1;0
ТНСэнНН ап;60;20170802;130000;820;820;805;805;2;0
ТНСэнНН ап;60;20170814;110000;760;760;710;710;10;0
ТНСэнНН ап;60;20170815;180000;745;745;745;745;1;0
ТНСэнНН ап;60;20170830;110000;770;770;770;770;1;0
ТНСэнНН ап;60;20170901;110000;715;715;705;710;8;0
ТНСэнНН ап;60;20170904;120000;705;705;705;705;1;0
ТНСэнНН ап;60;20170905;120000;745;795;745;795;38;0
ТНСэнНН ап;60;20170905;140000;720;720;705;705;6;0
ТНСэнНН ап;60;20170906;100000;775;775;775;775;1;0
ТНСэнНН ап;60;20170907;110000;770;780;770;780;2;0
ТНСэнНН ап;60;20170907;120000;710;800;710;800;26;0
ТНСэнНН ап;60;20170907;130000;780;780;760;760;58;0
ТНСэнНН ап;60;20170911;130000;710;710;700;700;34;0
ТНСэнНН ап;60;20170911;150000;710;710;700;700;12;0
ТНСэнНН ап;60;20170911;170000;715;720;700;700;16;0
ТНСэнНН ап;60;20170912;100000;750;810;750;805;52;0
ТНСэнНН ап;60;20170912;110000;800;820;705;705;30;0
ТНСэнНН ап;60;20170912;120000;710;785;695;785;36;0
ТНСэнНН ап;60;20170912;130000;725;725;710;710;5;0
ТНСэнНН ап;60;20170912;140000;710;710;710;710;1;0
ТНСэнНН ап;60;20170912;160000;710;710;700;705;17;0
ТНСэнНН ап;60;20170912;170000;700;700;700;700;10;0
ТНСэнНН ап;60;20170912;180000;700;700;700;700;5;0
ТНСэнНН ап;60;20170913;090000;760;760;760;760;3;0
ТНСэнНН ап;60;20170913;150000;715;715;715;715;1;0
ТНСэнНН ап;60;20170913;180000;710;710;710;710;2;0
ТНСэнНН ап;60;20170914;120000;750;760;750;760;3;0
ТНСэнНН ап;60;20170914;180000;745;750;745;750;3;0
ТНСэнНН ап;60;20170915;110000;715;720;700;720;11;0
ТНСэнНН ап;60;20170915;130000;730;735;730;735;2;0
ТНСэнНН ап;60;20170918;090000;700;700;700;700;4;0
ТНСэнНН ап;60;20170918;100000;700;700;700;700;1;0
ТНСэнНН ап;60;20170918;140000;720;720;720;720;7;0
ТНСэнНН ап;60;20170918;180000;730;755;730;755;104;0
ТНСэнНН ап;60;20170919;130000;750;760;750;760;70;0
ТНСэнНН ап;60;20170919;170000;730;730;720;720;2;0
ТНСэнНН ап;60;20170919;180000;720;725;720;725;3;0
ТНСэнНН ап;60;20170920;180000;750;750;750;750;4;0
ТНСэнНН ап;60;20170922;120000;710;710;710;710;2;0
ТНСэнНН ап;60;20170922;160000;750;750;750;750;1;0
ТНСэнНН ап;60;20170925;150000;750;750;750;750;5;0
ТНСэнНН ап;60;20170927;100000;750;750;750;750;2;0
ТНСэнНН ап;60;20170929;150000;755;755;755;755;1;0
ТНСэнНН ап;60;20171002;100000;755;765;755;765;6;0
ТНСэнНН ап;60;20171002;110000;725;725;710;710;15;0
ТНСэнНН ап;60;20171002;120000;755;755;755;755;2;0
ТНСэнНН ап;60;20171003;120000;715;715;700;700;100;0
ТНСэнНН ап;60;20171003;170000;745;745;745;745;1;0
ТНСэнНН ап;60;20171003;180000;745;750;745;750;3;0
ТНСэнНН ап;60;20171011;120000;750;750;750;750;1;0
ТНСэнНН ап;60;20171011;140000;750;750;750;750;2;0
ТНСэнНН ап;60;20171013;110000;750;750;750;750;2;0
ТНСэнНН ап;60;20171017;150000;710;710;710;710;9;0
ТНСэнНН ап;60;20171017;160000;700;700;700;700;20;0
ТНСэнНН ап;60;20171017;180000;700;700;700;700;7;0
ТНСэнНН ап;60;20171018;110000;700;700;700;700;6;0
ТНСэнНН ап;60;20171018;140000;700;700;675;675;90;0
ТНСэнНН ап;60;20171018;150000;675;675;675;675;105;0
ТНСэнНН ап;60;20171018;180000;695;695;690;690;2;0
ТНСэнНН ап;60;20171019;100000;695;695;695;695;1;0
ТНСэнНН ап;60;20171019;160000;690;690;690;690;1;0
ТНСэнНН ап;60;20171020;120000;675;675;675;675;8;0
ТНСэнНН ап;60;20171020;130000;675;675;675;675;6;0
ТНСэнНН ап;60;20171020;140000;675;675;675;675;6;0
ТНСэнНН ап;60;20171020;150000;670;670;670;670;1;0
ТНСэнНН ап;60;20171020;170000;690;690;690;690;1;0
ТНСэнНН ап;60;20171024;180000;690;690;690;690;3;0
ТНСэнНН ап;60;20171025;130000;670;670;665;665;3;0
ТНСэнНН ап;60;20171025;170000;670;670;670;670;1;0
ТНСэнНН ап;60;20171031;150000;695;700;680;680;11;0
ТНСэнНН ап;60;20171101;130000;675;675;660;660;5;0
ТНСэнНН ап;60;20171101;160000;695;695;695;695;1;0
ТНСэнНН ап;60;20171102;160000;700;700;700;700;1;0
ТНСэнНН ап;60;20171107;100000;665;665;665;665;1;0
ТНСэнНН ап;60;20171107;180000;680;680;680;680;2;0
ТНСэнНН ап;60;20171108;100000;725;725;690;720;20;0
ТНСэнНН ап;60;20171108;120000;700;705;700;705;3;0
ТНСэнНН ап;60;20171108;130000;675;700;670;690;6;0
ТНСэнНН ап;60;20171108;140000;670;670;670;670;1;0
ТНСэнНН ап;60;20171108;160000;685;685;680;680;2;0
ТНСэнНН ап;60;20171108;180000;690;690;690;690;1;0
ТНСэнНН ап;60;20171109;100000;665;680;665;670;4;0
ТНСэнНН ап;60;20171109;110000;665;665;655;660;23;0
ТНСэнНН ап;60;20171109;120000;660;675;655;655;47;0
ТНСэнНН ап;60;20171110;100000;655;655;650;650;9;0
ТНСэнНН ап;60;20171110;110000;650;650;650;650;1;0
ТНСэнНН ап;60;20171110;150000;650;705;650;705;123;0
ТНСэнНН ап;60;20171110;160000;705;705;705;705;6;0
ТНСэнНН ап;60;20171110;170000;710;710;710;710;1;0
ТНСэнНН ап;60;20171110;180000;710;710;710;710;9;0
ТНСэнНН ап;60;20171113;100000;715;715;715;715;1;0
ТНСэнНН ап;60;20171113;110000;675;700;650;690;15;0
ТНСэнНН ап;60;20171113;140000;685;685;640;640;101;0
ТНСэнНН ап;60;20171113;150000;640;640;635;635;23;0
ТНСэнНН ап;60;20171113;160000;660;660;650;650;2;0
ТНСэнНН ап;60;20171114;120000;640;640;635;640;7;0
ТНСэнНН ап;60;20171114;130000;660;660;650;650;4;0
ТНСэнНН ап;60;20171114;140000;660;660;660;660;1;0
ТНСэнНН ап;60;20171114;160000;650;650;650;650;4;0
ТНСэнНН ап;60;20171115;120000;665;665;665;665;1;0
ТНСэнНН ап;60;20171115;140000;660;660;660;660;1;0
ТНСэнНН ап;60;20171116;120000;680;680;680;680;3;0
ТНСэнНН ап;60;20171116;180000;670;670;670;670;1;0
ТНСэнНН ап;60;20171117;180000;670;670;670;670;3;0
ТНСэнНН ап;60;20171121;120000;680;680;680;680;2;0
ТНСэнНН ап;60;20171121;130000;675;675;675;675;1;0
ТНСэнНН ап;60;20171121;160000;665;665;665;665;1;0
ТНСэнНН ап;60;20171121;180000;665;665;665;665;2;0
ТНСэнНН ап;60;20171122;140000;670;670;670;670;30;0
ТНСэнНН ап;60;20171122;180000;665;665;665;665;1;0
ТНСэнНН ап;60;20171123;180000;665;665;665;665;1;0
ТНСэнНН ап;60;20171124;100000;655;655;635;635;47;0
ТНСэнНН ап;60;20171124;150000;650;650;650;650;1;0
ТНСэнНН ап;60;20171124;160000;645;645;645;645;1;0
ТНСэнНН ап;60;20171127;120000;640;650;635;640;39;0
ТНСэнНН ап;60;20171127;130000;640;650;640;640;25;0
ТНСэнНН ап;60;20171127;150000;650;650;650;650;1;0
ТНСэнНН ап;60;20171127;180000;650;650;650;650;5;0
ТНСэнНН ап;60;20171128;130000;645;645;640;640;7;0
ТНСэнНН ап;60;20171128;150000;640;640;640;640;2;0
ТНСэнНН ап;60;20171128;170000;635;635;630;630;21;0
ТНСэнНН ап;60;20171129;170000;650;650;650;650;1;0
ТНСэнНН ап;60;20171205;100000;655;660;645;645;11;0
ТНСэнНН ап;60;20171207;130000;645;645;620;620;35;0
ТНСэнНН ап;60;20171207;170000;635;635;635;635;1;0
ТНСэнНН ап;60;20171207;180000;635;635;635;635;2;0
ТНСэнНН ап;60;20171208;100000;625;625;625;625;1;0
ТНСэнНН ап;60;20171208;150000;620;620;600;615;99;0
ТНСэнНН ап;60;20171213;100000;605;605;605;605;1;0
ТНСэнНН ап;60;20171213;140000;605;605;605;605;34;0
ТНСэнНН ап;60;20171213;150000;615;615;615;615;1;0
ТНСэнНН ап;60;20171213;160000;610;610;610;610;1;0
ТНСэнНН ап;60;20171214;180000;615;615;615;615;1;0
ТНСэнНН ап;60;20171218;150000;605;605;605;605;1;0
ТНСэнНН ап;60;20171218;180000;610;610;610;610;5;0
ТНСэнНН ап;60;20171219;150000;610;610;610;610;1;0
ТНСэнНН ап;60;20171220;120000;615;615;605;605;17;0
ТНСэнНН ап;60;20171220;130000;605;605;595;595;9;0
ТНСэнНН ап;60;20171221;110000;605;630;605;620;28;0
ТНСэнНН ап;60;20171221;120000;625;650;620;650;49;0
ТНСэнНН ап;60;20171221;150000;640;640;635;635;3;0
ТНСэнНН ап;60;20171221;160000;630;630;600;600;73;0
ТНСэнНН ап;60;20171221;170000;615;615;615;615;1;0
ТНСэнНН ап;60;20171221;180000;635;635;635;635;7;0
ТНСэнНН ап;60;20171222;120000;630;630;630;630;10;0
ТНСэнНН ап;60;20171222;160000;625;625;620;620;2;0
ТНСэнНН ап;60;20171225;180000;625;625;615;615;2;0
ТНСэнНН ап;60;20171227;110000;615;615;605;615;8;0
ТНСэнНН ап;60;20171227;180000;620;620;620;620;1;0
ТНСэнНН ап;60;20171228;160000;610;610;605;605;35;0
ТНСэнНН ап;60;20171229;100000;615;630;615;630;4;0
ТНСэнНН ап;60;20171229;180000;625;625;620;625;5;0
