<TICKER>;<PER>;<DATE>;<TIME>;<OPEN>;<HIGH>;<LOW>;<CLOSE>;<VOL>;<OPENINT>
ТРАНСАЭРао;60;20170124;100000;2.56;2.68;2.52;2.59;95591;0
ТРАНСАЭРао;60;20170124;110000;2.6;2.63;2.59;2.61;13263;0
ТРАНСАЭРао;60;20170124;120000;2.6;2.61;2.57;2.59;71919;0
ТРАНСАЭРао;60;20170124;130000;2.59;2.61;2.55;2.56;53905;0
ТРАНСАЭРао;60;20170124;140000;2.57;2.6;2.55;2.6;23280;0
ТРАНСАЭРао;60;20170124;150000;2.6;2.6;2.57;2.6;9706;0
ТРАНСАЭРао;60;20170124;160000;2.59;2.6;2.58;2.59;7241;0
ТРАНСАЭРао;60;20170124;170000;2.59;2.61;2.58;2.6;26738;0
ТРАНСАЭРао;60;20170124;180000;2.6;2.62;2.58;2.61;10482;0
ТРАНСАЭРао;60;20170125;100000;2.62;2.62;2.57;2.58;50288;0
ТРАНСАЭРао;60;20170125;110000;2.58;2.59;2.53;2.59;28553;0
ТРАНСАЭРао;60;20170125;120000;2.59;2.59;2.56;2.59;12464;0
ТРАНСАЭРао;60;20170125;130000;2.57;2.58;2.56;2.58;6240;0
ТРАНСАЭРао;60;20170125;140000;2.58;2.58;2.56;2.58;9867;0
ТРАНСАЭРао;60;20170125;150000;2.57;2.6;2.53;2.55;76841;0
ТРАНСАЭРао;60;20170125;160000;2.56;2.57;2.52;2.53;73226;0
ТРАНСАЭРао;60;20170125;170000;2.53;2.58;2.53;2.58;17748;0
ТРАНСАЭРао;60;20170125;180000;2.58;2.6;2.56;2.59;20264;0
ТРАНСАЭРао;60;20170126;100000;2.59;2.61;2.57;2.58;31868;0
ТРАНСАЭРао;60;20170126;110000;2.57;2.59;2.56;2.57;12048;0
ТРАНСАЭРао;60;20170126;120000;2.58;2.6;2.56;2.59;13661;0
ТРАНСАЭРао;60;20170126;130000;2.59;2.6;2.56;2.56;36600;0
ТРАНСАЭРао;60;20170126;140000;2.57;2.58;2.55;2.55;15236;0
ТРАНСАЭРао;60;20170126;150000;2.57;2.57;2.53;2.55;12319;0
ТРАНСАЭРао;60;20170126;160000;2.56;2.57;2.55;2.57;6410;0
ТРАНСАЭРао;60;20170126;170000;2.57;2.57;2.55;2.56;8650;0
ТРАНСАЭРао;60;20170126;180000;2.57;2.58;2.56;2.58;9436;0
ТРАНСАЭРао;60;20170127;100000;2.58;2.59;2.56;2.58;28064;0
ТРАНСАЭРао;60;20170127;110000;2.59;2.59;2.57;2.58;28097;0
ТРАНСАЭРао;60;20170127;120000;2.57;2.6;2.57;2.59;22984;0
ТРАНСАЭРао;60;20170127;130000;2.59;2.59;2.58;2.59;7166;0
ТРАНСАЭРао;60;20170127;140000;2.59;2.59;2.56;2.58;13595;0
ТРАНСАЭРао;60;20170127;150000;2.58;2.59;2.57;2.59;1090;0
ТРАНСАЭРао;60;20170127;160000;2.57;2.59;2.56;2.57;2088;0
ТРАНСАЭРао;60;20170127;170000;2.57;2.58;2.55;2.56;24855;0
ТРАНСАЭРао;60;20170127;180000;2.56;2.65;2.55;2.58;113097;0
ТРАНСАЭРао;60;20170130;100000;2.58;2.69;2.58;2.6;130137;0
ТРАНСАЭРао;60;20170130;110000;2.6;2.6;2.58;2.59;13794;0
ТРАНСАЭРао;60;20170130;120000;2.59;2.6;2.57;2.57;11560;0
ТРАНСАЭРао;60;20170130;130000;2.59;2.59;2.57;2.58;10009;0
ТРАНСАЭРао;60;20170130;140000;2.59;2.59;2.58;2.58;49;0
ТРАНСАЭРао;60;20170130;150000;2.58;2.6;2.57;2.59;19884;0
ТРАНСАЭРао;60;20170130;160000;2.6;2.6;2.57;2.58;9350;0
ТРАНСАЭРао;60;20170130;170000;2.58;2.59;2.57;2.58;12004;0
ТРАНСАЭРао;60;20170130;180000;2.59;2.59;2.57;2.58;9865;0
ТРАНСАЭРао;60;20170131;100000;2.59;2.63;2.59;2.6;20852;0
ТРАНСАЭРао;60;20170131;110000;2.58;2.6;2.58;2.59;4760;0
ТРАНСАЭРао;60;20170131;120000;2.59;2.6;2.58;2.59;4680;0
ТРАНСАЭРао;60;20170131;130000;2.59;2.6;2.59;2.6;4671;0
ТРАНСАЭРао;60;20170131;140000;2.59;2.62;2.59;2.62;17275;0
ТРАНСАЭРао;60;20170131;150000;2.62;2.63;2.61;2.62;12256;0
ТРАНСАЭРао;60;20170131;160000;2.62;2.63;2.61;2.61;14794;0
ТРАНСАЭРао;60;20170131;170000;2.62;2.62;2.6;2.6;4847;0
ТРАНСАЭРао;60;20170131;180000;2.6;2.61;2.59;2.59;5363;0
ТРАНСАЭРао;60;20170201;100000;2.59;2.62;2.56;2.59;28679;0
ТРАНСАЭРао;60;20170201;110000;2.59;2.59;2.58;2.58;7750;0
ТРАНСАЭРао;60;20170201;120000;2.59;2.59;2.58;2.59;16816;0
ТРАНСАЭРао;60;20170201;130000;2.58;2.6;2.58;2.6;6729;0
ТРАНСАЭРао;60;20170201;140000;2.6;2.6;2.58;2.59;8390;0
ТРАНСАЭРао;60;20170201;150000;2.6;2.61;2.58;2.61;29029;0
ТРАНСАЭРао;60;20170201;160000;2.6;2.61;2.59;2.59;24292;0
ТРАНСАЭРао;60;20170201;170000;2.59;2.61;2.59;2.59;798;0
ТРАНСАЭРао;60;20170201;180000;2.6;2.61;2.59;2.61;4769;0
ТРАНСАЭРао;60;20170202;100000;2.6;2.68;2.57;2.63;54787;0
ТРАНСАЭРао;60;20170202;110000;2.63;2.64;2.61;2.62;10894;0
ТРАНСАЭРао;60;20170202;120000;2.61;2.64;2.6;2.62;19656;0
ТРАНСАЭРао;60;20170202;130000;2.63;2.65;2.59;2.6;24799;0
ТРАНСАЭРао;60;20170202;140000;2.6;2.61;2.59;2.59;157169;0
ТРАНСАЭРао;60;20170202;150000;2.59;2.6;2.59;2.6;1303;0
ТРАНСАЭРао;60;20170202;160000;2.59;2.6;2.59;2.6;14651;0
ТРАНСАЭРао;60;20170202;170000;2.59;2.6;2.59;2.6;6394;0
ТРАНСАЭРао;60;20170202;180000;2.6;2.6;2.59;2.6;8843;0
ТРАНСАЭРао;60;20170203;100000;2.6;2.61;2.58;2.6;6297;0
ТРАНСАЭРао;60;20170203;110000;2.59;2.61;2.58;2.6;16687;0
ТРАНСАЭРао;60;20170203;120000;2.59;2.6;2.57;2.58;40495;0
ТРАНСАЭРао;60;20170203;130000;2.59;2.59;2.57;2.57;12729;0
ТРАНСАЭРао;60;20170203;140000;2.58;2.59;2.57;2.58;8932;0
ТРАНСАЭРао;60;20170203;150000;2.59;2.59;2.56;2.57;11411;0
ТРАНСАЭРао;60;20170203;160000;2.57;2.58;2.56;2.57;4372;0
ТРАНСАЭРао;60;20170203;170000;2.58;2.6;2.57;2.58;11922;0
ТРАНСАЭРао;60;20170203;180000;2.59;2.59;2.57;2.59;11375;0
ТРАНСАЭРао;60;20170206;100000;2.59;2.6;2.56;2.57;13121;0
ТРАНСАЭРао;60;20170206;110000;2.57;2.58;2.54;2.54;13372;0
ТРАНСАЭРао;60;20170206;120000;2.54;2.57;2.54;2.57;2532;0
ТРАНСАЭРао;60;20170206;130000;2.57;2.57;2.55;2.56;7439;0
ТРАНСАЭРао;60;20170206;140000;2.55;2.56;2.53;2.55;15673;0
ТРАНСАЭРао;60;20170206;150000;2.55;2.55;2.52;2.55;34224;0
ТРАНСАЭРао;60;20170206;160000;2.54;2.56;2.52;2.54;27153;0
ТРАНСАЭРао;60;20170206;170000;2.54;2.56;2.54;2.55;5358;0
ТРАНСАЭРао;60;20170206;180000;2.55;2.57;2.55;2.56;16362;0
ТРАНСАЭРао;60;20170207;100000;2.57;2.57;2.53;2.56;11467;0
ТРАНСАЭРао;60;20170207;110000;2.56;2.89;2.56;2.65;458916;0
ТРАНСАЭРао;60;20170207;120000;2.65;2.66;2.58;2.6;167312;0
ТРАНСАЭРао;60;20170207;130000;2.6;2.65;2.6;2.63;216955;0
ТРАНСАЭРао;60;20170207;140000;2.63;2.64;2.6;2.6;42630;0
ТРАНСАЭРао;60;20170207;150000;2.6;2.61;2.59;2.6;18554;0
ТРАНСАЭРао;60;20170207;160000;2.6;2.6;2.56;2.59;38487;0
ТРАНСАЭРао;60;20170207;170000;2.58;2.6;2.57;2.6;31186;0
ТРАНСАЭРао;60;20170207;180000;2.59;2.61;2.59;2.61;20958;0
ТРАНСАЭРао;60;20170208;100000;2.61;2.63;2.55;2.56;73103;0
ТРАНСАЭРао;60;20170208;110000;2.58;2.6;2.57;2.58;27306;0
ТРАНСАЭРао;60;20170208;120000;2.59;2.59;2.57;2.57;17187;0
ТРАНСАЭРао;60;20170208;130000;2.58;2.59;2.57;2.57;24316;0
ТРАНСАЭРао;60;20170208;140000;2.58;2.58;2.56;2.56;13521;0
ТРАНСАЭРао;60;20170208;150000;2.57;2.57;2.55;2.57;23217;0
ТРАНСАЭРао;60;20170208;160000;2.57;2.59;2.56;2.58;22670;0
ТРАНСАЭРао;60;20170208;170000;2.59;2.6;2.58;2.59;39011;0
ТРАНСАЭРао;60;20170208;180000;2.59;2.62;2.58;2.59;36743;0
ТРАНСАЭРао;60;20170209;100000;2.58;2.6;2.56;2.57;47907;0
ТРАНСАЭРао;60;20170209;110000;2.57;2.59;2.56;2.57;11496;0
ТРАНСАЭРао;60;20170209;120000;2.57;2.58;2.56;2.57;15170;0
ТРАНСАЭРао;60;20170209;130000;2.56;2.58;2.55;2.55;16231;0
ТРАНСАЭРао;60;20170209;140000;2.56;2.57;2.53;2.55;14505;0
ТРАНСАЭРао;60;20170209;150000;2.55;2.55;2.53;2.55;19894;0
ТРАНСАЭРао;60;20170209;160000;2.56;2.56;2.55;2.56;1301;0
ТРАНСАЭРао;60;20170209;170000;2.56;2.57;2.55;2.57;1204;0
ТРАНСАЭРао;60;20170209;180000;2.56;2.57;2.55;2.56;7765;0
ТРАНСАЭРао;60;20170210;100000;2.54;2.57;2.52;2.54;36922;0
ТРАНСАЭРао;60;20170210;110000;2.55;2.55;2.54;2.54;7678;0
ТРАНСАЭРао;60;20170210;120000;2.55;2.55;2.54;2.55;12203;0
ТРАНСАЭРао;60;20170210;130000;2.55;2.55;2.53;2.54;11228;0
ТРАНСАЭРао;60;20170210;140000;2.55;2.55;2.53;2.54;4422;0
ТРАНСАЭРао;60;20170210;150000;2.54;2.55;2.54;2.55;6704;0
ТРАНСАЭРао;60;20170210;160000;2.54;2.55;2.54;2.55;1048;0
ТРАНСАЭРао;60;20170210;170000;2.55;2.6;2.54;2.59;41540;0
ТРАНСАЭРао;60;20170210;180000;2.59;2.6;2.59;2.6;81624;0
ТРАНСАЭРао;60;20170213;100000;2.57;2.63;2.57;2.6;25270;0
ТРАНСАЭРао;60;20170213;110000;2.59;2.62;2.59;2.62;5390;0
ТРАНСАЭРао;60;20170213;120000;2.62;2.62;2.59;2.6;14805;0
ТРАНСАЭРао;60;20170213;130000;2.59;2.61;2.59;2.6;1910;0
ТРАНСАЭРао;60;20170213;140000;2.61;2.61;2.57;2.59;51724;0
ТРАНСАЭРао;60;20170213;150000;2.58;2.6;2.57;2.6;19636;0
ТРАНСАЭРао;60;20170213;160000;2.59;2.6;2.58;2.6;5382;0
ТРАНСАЭРао;60;20170213;170000;2.58;2.6;2.58;2.6;5916;0
ТРАНСАЭРао;60;20170213;180000;2.59;2.6;2.59;2.6;20013;0
ТРАНСАЭРао;60;20170214;100000;2.58;2.69;2.58;2.61;83254;0
ТРАНСАЭРао;60;20170214;110000;2.62;2.62;2.58;2.6;36789;0
ТРАНСАЭРао;60;20170214;120000;2.6;2.6;2.59;2.6;58196;0
ТРАНСАЭРао;60;20170214;130000;2.59;2.6;2.58;2.59;13247;0
ТРАНСАЭРао;60;20170214;140000;2.59;2.65;2.58;2.62;37208;0
ТРАНСАЭРао;60;20170214;150000;2.62;2.73;2.61;2.68;141020;0
ТРАНСАЭРао;60;20170214;160000;2.67;2.76;2.65;2.69;115089;0
ТРАНСАЭРао;60;20170214;170000;2.69;2.74;2.65;2.66;72355;0
ТРАНСАЭРао;60;20170214;180000;2.67;2.68;2.66;2.68;16032;0
ТРАНСАЭРао;60;20170215;100000;2.67;2.69;2.63;2.64;25622;0
ТРАНСАЭРао;60;20170215;110000;2.66;2.67;2.62;2.63;12086;0
ТРАНСАЭРао;60;20170215;120000;2.64;2.65;2.59;2.62;41633;0
ТРАНСАЭРао;60;20170215;130000;2.62;2.62;2.58;2.6;44121;0
ТРАНСАЭРао;60;20170215;140000;2.6;2.68;2.6;2.67;65592;0
ТРАНСАЭРао;60;20170215;150000;2.67;2.73;2.66;2.73;120619;0
ТРАНСАЭРао;60;20170215;160000;2.73;2.73;2.68;2.7;30886;0
ТРАНСАЭРао;60;20170215;170000;2.69;2.7;2.68;2.69;15758;0
ТРАНСАЭРао;60;20170215;180000;2.7;2.7;2.69;2.69;40695;0
ТРАНСАЭРао;60;20170216;100000;2.67;2.95;2.67;2.82;273398;0
ТРАНСАЭРао;60;20170216;110000;2.81;2.87;2.75;2.85;155537;0
ТРАНСАЭРао;60;20170216;120000;2.84;2.97;2.83;2.9;182704;0
ТРАНСАЭРао;60;20170216;130000;2.89;2.97;2.86;2.93;250227;0
ТРАНСАЭРао;60;20170216;140000;2.91;2.97;2.88;2.93;140093;0
ТРАНСАЭРао;60;20170216;150000;2.93;2.95;2.89;2.93;112143;0
ТРАНСАЭРао;60;20170216;160000;2.93;2.95;2.83;2.85;55247;0
ТРАНСАЭРао;60;20170216;170000;2.85;2.94;2.84;2.93;22597;0
ТРАНСАЭРао;60;20170216;180000;2.92;2.97;2.9;2.97;91587;0
ТРАНСАЭРао;60;20170217;100000;2.98;3.25;2.95;3;535902;0
ТРАНСАЭРао;60;20170217;110000;3;3.04;2.97;2.98;68682;0
ТРАНСАЭРао;60;20170217;120000;2.98;2.98;2.86;2.95;127459;0
ТРАНСАЭРао;60;20170217;130000;2.94;2.95;2.89;2.91;46097;0
ТРАНСАЭРао;60;20170217;140000;2.91;2.92;2.83;2.88;64419;0
ТРАНСАЭРао;60;20170217;150000;2.88;2.92;2.86;2.9;37420;0
ТРАНСАЭРао;60;20170217;160000;2.9;2.95;2.85;2.88;53421;0
ТРАНСАЭРао;60;20170217;170000;2.89;2.93;2.87;2.89;17313;0
ТРАНСАЭРао;60;20170217;180000;2.9;2.98;2.89;2.97;61833;0
ТРАНСАЭРао;60;20170220;100000;2.92;3.01;2.92;2.94;29948;0
ТРАНСАЭРао;60;20170220;110000;2.93;2.94;2.86;2.91;20351;0
ТРАНСАЭРао;60;20170220;120000;2.9;2.94;2.86;2.93;22056;0
ТРАНСАЭРао;60;20170220;130000;2.92;2.93;2.88;2.92;7372;0
ТРАНСАЭРао;60;20170220;140000;2.93;2.94;2.88;2.93;17182;0
ТРАНСАЭРао;60;20170220;150000;2.93;2.93;2.89;2.89;6277;0
ТРАНСАЭРао;60;20170220;160000;2.91;2.93;2.88;2.9;17039;0
ТРАНСАЭРао;60;20170220;170000;2.89;2.91;2.85;2.85;40017;0
ТРАНСАЭРао;60;20170220;180000;2.86;2.86;2.78;2.79;69759;0
ТРАНСАЭРао;60;20170221;100000;2.83;2.83;2.65;2.7;74657;0
ТРАНСАЭРао;60;20170221;110000;2.7;2.72;2.66;2.68;37183;0
ТРАНСАЭРао;60;20170221;120000;2.68;2.68;2.62;2.65;55411;0
ТРАНСАЭРао;60;20170221;130000;2.63;2.65;2.6;2.62;206802;0
ТРАНСАЭРао;60;20170221;140000;2.62;2.65;2.61;2.64;23155;0
ТРАНСАЭРао;60;20170221;150000;2.64;2.65;2.63;2.65;10747;0
ТРАНСАЭРао;60;20170221;160000;2.65;2.65;2.6;2.62;25753;0
ТРАНСАЭРао;60;20170221;170000;2.62;2.63;2.6;2.62;19110;0
ТРАНСАЭРао;60;20170221;180000;2.62;2.65;2.62;2.65;21849;0
ТРАНСАЭРао;60;20170222;100000;2.62;2.68;2.62;2.68;24846;0
ТРАНСАЭРао;60;20170222;110000;2.67;2.69;2.66;2.67;24749;0
ТРАНСАЭРао;60;20170222;120000;2.67;2.67;2.66;2.67;5817;0
ТРАНСАЭРао;60;20170222;130000;2.67;2.67;2.65;2.67;20099;0
ТРАНСАЭРао;60;20170222;140000;2.66;2.67;2.66;2.66;10335;0
ТРАНСАЭРао;60;20170222;150000;2.67;2.67;2.63;2.65;52300;0
ТРАНСАЭРао;60;20170222;160000;2.65;2.67;2.64;2.66;15959;0
ТРАНСАЭРао;60;20170222;170000;2.66;2.66;2.65;2.66;1156;0
ТРАНСАЭРао;60;20170222;180000;2.66;2.67;2.62;2.67;24922;0
ТРАНСАЭРао;60;20170224;100000;2.61;2.68;2.61;2.65;9283;0
ТРАНСАЭРао;60;20170224;110000;2.65;2.67;2.65;2.66;4322;0
ТРАНСАЭРао;60;20170224;120000;2.66;2.67;2.64;2.67;5508;0
ТРАНСАЭРао;60;20170224;130000;2.67;2.7;2.67;2.69;7207;0
ТРАНСАЭРао;60;20170224;140000;2.7;2.7;2.67;2.68;12665;0
ТРАНСАЭРао;60;20170224;150000;2.69;2.7;2.67;2.69;3404;0
ТРАНСАЭРао;60;20170224;160000;2.69;2.7;2.67;2.69;4087;0
ТРАНСАЭРао;60;20170224;170000;2.7;2.7;2.66;2.67;1980;0
ТРАНСАЭРао;60;20170224;180000;2.68;2.7;2.66;2.69;4867;0
ТРАНСАЭРао;60;20170227;100000;2.64;2.71;2.6;2.63;23548;0
ТРАНСАЭРао;60;20170227;110000;2.64;2.7;2.64;2.69;12116;0
ТРАНСАЭРао;60;20170227;120000;2.69;2.69;2.64;2.67;5028;0
ТРАНСАЭРао;60;20170227;130000;2.67;2.68;2.65;2.68;4155;0
ТРАНСАЭРао;60;20170227;140000;2.65;2.66;2.63;2.65;16106;0
ТРАНСАЭРао;60;20170227;150000;2.65;2.66;2.64;2.65;5302;0
ТРАНСАЭРао;60;20170227;160000;2.64;2.67;2.63;2.64;18851;0
ТРАНСАЭРао;60;20170227;170000;2.66;2.66;2.6;2.62;23889;0
ТРАНСАЭРао;60;20170227;180000;2.61;2.63;2.59;2.62;35306;0
ТРАНСАЭРао;60;20170228;100000;2.65;2.65;2.53;2.59;58281;0
ТРАНСАЭРао;60;20170228;110000;2.59;2.6;2.56;2.59;11091;0
ТРАНСАЭРао;60;20170228;120000;2.59;2.59;2.56;2.58;18734;0
ТРАНСАЭРао;60;20170228;130000;2.57;2.58;2.4;2.41;611439;0
ТРАНСАЭРао;60;20170228;140000;2.41;2.43;2.25;2.3;317380;0
ТРАНСАЭРао;60;20170228;150000;2.3;2.3;2.23;2.3;175090;0
ТРАНСАЭРао;60;20170228;160000;2.3;2.3;2.27;2.29;130897;0
ТРАНСАЭРао;60;20170228;170000;2.29;2.3;2.25;2.28;45861;0
ТРАНСАЭРао;60;20170228;180000;2.27;2.3;2.24;2.24;36280;0
ТРАНСАЭРао;60;20170301;100000;2.42;3.14;2.4;2.6;747369;0
ТРАНСАЭРао;60;20170301;110000;2.59;2.61;2.46;2.51;118948;0
ТРАНСАЭРао;60;20170301;120000;2.51;2.58;2.45;2.48;80198;0
ТРАНСАЭРао;60;20170301;130000;2.48;2.49;2.42;2.46;74611;0
ТРАНСАЭРао;60;20170301;140000;2.46;2.51;2.43;2.51;58287;0
ТРАНСАЭРао;60;20170301;150000;2.5;2.53;2.46;2.49;79829;0
ТРАНСАЭРао;60;20170301;160000;2.49;2.53;2.48;2.52;48007;0
ТРАНСАЭРао;60;20170301;170000;2.52;2.53;2.45;2.46;42962;0
ТРАНСАЭРао;60;20170301;180000;2.46;2.49;2.4;2.41;190341;0
ТРАНСАЭРао;60;20170302;100000;2.45;2.52;2.42;2.44;107907;0
ТРАНСАЭРао;60;20170302;110000;2.44;2.44;2.37;2.37;62095;0
ТРАНСАЭРао;60;20170302;120000;2.39;2.4;2.28;2.32;113106;0
ТРАНСАЭРао;60;20170302;130000;2.34;2.37;2.32;2.36;32483;0
ТРАНСАЭРао;60;20170302;140000;2.36;2.36;2.3;2.32;24820;0
ТРАНСАЭРао;60;20170302;150000;2.33;2.35;2.31;2.33;23201;0
ТРАНСАЭРао;60;20170302;160000;2.33;2.33;2.3;2.32;15866;0
ТРАНСАЭРао;60;20170302;170000;2.33;2.34;2.31;2.32;25316;0
ТРАНСАЭРао;60;20170302;180000;2.32;2.36;2.31;2.34;26248;0
ТРАНСАЭРао;60;20170303;100000;2.35;2.53;2.3;2.43;132982;0
ТРАНСАЭРао;60;20170303;110000;2.43;2.44;2.37;2.41;34143;0
ТРАНСАЭРао;60;20170303;120000;2.41;2.41;2.36;2.38;10908;0
ТРАНСАЭРао;60;20170303;130000;2.37;2.4;2.35;2.36;35026;0
ТРАНСАЭРао;60;20170303;140000;2.36;2.36;2.31;2.34;26080;0
ТРАНСАЭРао;60;20170303;150000;2.34;2.36;2.33;2.36;9779;0
ТРАНСАЭРао;60;20170303;160000;2.36;2.37;2.35;2.37;9465;0
ТРАНСАЭРао;60;20170303;170000;2.35;2.37;2.35;2.36;3402;0
ТРАНСАЭРао;60;20170303;180000;2.35;2.48;2.33;2.44;67681;0
ТРАНСАЭРао;60;20170306;100000;2.42;2.5;2.34;2.44;47931;0
ТРАНСАЭРао;60;20170306;110000;2.42;2.44;2.39;2.41;9666;0
ТРАНСАЭРао;60;20170306;120000;2.4;2.43;2.4;2.41;10270;0
ТРАНСАЭРао;60;20170306;130000;2.41;2.42;2.39;2.42;6686;0
ТРАНСАЭРао;60;20170306;140000;2.42;2.42;2.39;2.39;12479;0
ТРАНСАЭРао;60;20170306;150000;2.4;2.41;2.39;2.4;11261;0
ТРАНСАЭРао;60;20170306;160000;2.4;2.45;2.39;2.43;13606;0
ТРАНСАЭРао;60;20170306;170000;2.43;2.43;2.39;2.4;6821;0
ТРАНСАЭРао;60;20170306;180000;2.4;2.42;2.39;2.41;7633;0
ТРАНСАЭРао;60;20170307;100000;2.38;2.44;2.38;2.42;10735;0
ТРАНСАЭРао;60;20170307;110000;2.41;2.43;2.38;2.4;10345;0
ТРАНСАЭРао;60;20170307;120000;2.4;2.44;2.36;2.38;50337;0
ТРАНСАЭРао;60;20170307;130000;2.37;2.38;2.32;2.35;36829;0
ТРАНСАЭРао;60;20170307;140000;2.35;2.36;2.31;2.33;17769;0
ТРАНСАЭРао;60;20170307;150000;2.32;2.34;2.32;2.34;4836;0
ТРАНСАЭРао;60;20170307;160000;2.35;2.36;2.33;2.36;7490;0
ТРАНСАЭРао;60;20170307;170000;2.35;2.37;2.34;2.37;3617;0
ТРАНСАЭРао;60;20170307;180000;2.37;2.37;2.31;2.36;48545;0
ТРАНСАЭРао;60;20170309;100000;2.34;2.34;2.25;2.32;35708;0
ТРАНСАЭРао;60;20170309;110000;2.32;2.32;2.27;2.29;30627;0
ТРАНСАЭРао;60;20170309;120000;2.3;2.3;2.25;2.28;39892;0
ТРАНСАЭРао;60;20170309;130000;2.28;2.32;2.24;2.26;54222;0
ТРАНСАЭРао;60;20170309;140000;2.25;2.26;2.22;2.23;23704;0
ТРАНСАЭРао;60;20170309;150000;2.22;2.24;2.21;2.22;22234;0
ТРАНСАЭРао;60;20170309;160000;2.22;2.25;2.21;2.23;23658;0
ТРАНСАЭРао;60;20170309;170000;2.24;2.26;2.21;2.23;19793;0
ТРАНСАЭРао;60;20170309;180000;2.22;2.24;2.21;2.23;9160;0
ТРАНСАЭРао;60;20170310;100000;2.26;2.27;2.18;2.25;56920;0
ТРАНСАЭРао;60;20170310;110000;2.25;2.26;2.23;2.26;9170;0
ТРАНСАЭРао;60;20170310;120000;2.25;2.27;2.23;2.27;10784;0
ТРАНСАЭРао;60;20170310;130000;2.26;2.28;2.25;2.26;13921;0
ТРАНСАЭРао;60;20170310;140000;2.27;2.27;2.26;2.26;1043;0
ТРАНСАЭРао;60;20170310;150000;2.25;2.27;2.24;2.24;5004;0
ТРАНСАЭРао;60;20170310;160000;2.24;2.25;2.23;2.23;9973;0
ТРАНСАЭРао;60;20170310;170000;2.25;2.25;2.23;2.24;5910;0
ТРАНСАЭРао;60;20170310;180000;2.25;2.25;2.24;2.24;7814;0
ТРАНСАЭРао;60;20170313;100000;2.25;2.31;2.15;2.28;76040;0
ТРАНСАЭРао;60;20170313;110000;2.28;2.28;2.24;2.25;22593;0
ТРАНСАЭРао;60;20170313;120000;2.24;2.27;2.24;2.25;2544;0
ТРАНСАЭРао;60;20170313;130000;2.26;2.26;2.24;2.24;903;0
ТРАНСАЭРао;60;20170313;140000;2.25;2.25;2.25;2.25;104;0
ТРАНСАЭРао;60;20170313;150000;2.24;2.25;2.24;2.24;250;0
ТРАНСАЭРао;60;20170313;160000;2.24;2.31;2.24;2.29;37719;0
ТРАНСАЭРао;60;20170313;170000;2.27;2.34;2.26;2.3;17837;0
ТРАНСАЭРао;60;20170313;180000;2.3;2.3;2.26;2.28;7628;0
ТРАНСАЭРао;60;20170314;100000;2.29;2.3;2.24;2.29;13728;0
ТРАНСАЭРао;60;20170314;110000;2.29;2.29;2.26;2.28;5910;0
ТРАНСАЭРао;60;20170314;120000;2.27;2.29;2.27;2.27;4392;0
ТРАНСАЭРао;60;20170314;130000;2.27;2.3;2.27;2.29;12420;0
ТРАНСАЭРао;60;20170314;140000;2.28;2.3;2.27;2.28;3633;0
ТРАНСАЭРао;60;20170314;150000;2.27;2.29;2.26;2.26;8251;0
ТРАНСАЭРао;60;20170314;160000;2.27;2.29;2.26;2.28;2335;0
ТРАНСАЭРао;60;20170314;170000;2.28;2.28;2.26;2.26;8403;0
ТРАНСАЭРао;60;20170314;180000;2.27;2.3;2.26;2.3;10439;0
ТРАНСАЭРао;60;20170315;100000;2.29;2.33;2.29;2.31;6166;0
ТРАНСАЭРао;60;20170315;110000;2.32;2.32;2.29;2.29;1644;0
ТРАНСАЭРао;60;20170315;120000;2.3;2.31;2.29;2.3;1961;0
ТРАНСАЭРао;60;20170315;130000;2.31;2.33;2.29;2.32;4567;0
ТРАНСАЭРао;60;20170315;140000;2.32;2.33;2.31;2.31;4563;0
ТРАНСАЭРао;60;20170315;150000;2.31;2.33;2.3;2.32;5266;0
ТРАНСАЭРао;60;20170315;160000;2.31;2.32;2.3;2.3;168;0
ТРАНСАЭРао;60;20170315;170000;2.31;2.32;2.29;2.31;5155;0
ТРАНСАЭРао;60;20170315;180000;2.31;2.37;2.3;2.37;25159;0
ТРАНСАЭРао;60;20170316;100000;2.34;2.43;2.33;2.4;50759;0
ТРАНСАЭРао;60;20170316;110000;2.38;2.39;2.36;2.38;4042;0
ТРАНСАЭРао;60;20170316;120000;2.38;2.38;2.35;2.37;12255;0
ТРАНСАЭРао;60;20170316;130000;2.37;2.37;2.34;2.36;4033;0
ТРАНСАЭРао;60;20170316;140000;2.36;2.39;2.36;2.37;4766;0
ТРАНСАЭРао;60;20170316;150000;2.38;2.38;2.35;2.37;6694;0
ТРАНСАЭРао;60;20170316;160000;2.37;2.37;2.35;2.36;3598;0
ТРАНСАЭРао;60;20170316;170000;2.37;2.38;2.36;2.37;4276;0
ТРАНСАЭРао;60;20170316;180000;2.36;2.37;2.36;2.37;1634;0
ТРАНСАЭРао;60;20170317;100000;2.37;2.4;2.36;2.38;2494;0
ТРАНСАЭРао;60;20170317;110000;2.37;2.37;2.36;2.37;1341;0
ТРАНСАЭРао;60;20170317;120000;2.37;2.37;2.36;2.37;1567;0
ТРАНСАЭРао;60;20170317;130000;2.37;2.37;2.36;2.37;297;0
ТРАНСАЭРао;60;20170317;140000;2.37;2.4;2.37;2.37;7302;0
ТРАНСАЭРао;60;20170317;150000;2.36;2.38;2.36;2.38;1624;0
ТРАНСАЭРао;60;20170317;160000;2.37;2.38;2.35;2.36;8625;0
ТРАНСАЭРао;60;20170317;170000;2.37;2.38;2.36;2.36;6943;0
ТРАНСАЭРао;60;20170317;180000;2.37;2.38;2.37;2.38;966;0
ТРАНСАЭРао;60;20170320;100000;2.38;2.45;2.35;2.38;16834;0
ТРАНСАЭРао;60;20170320;110000;2.38;2.4;2.36;2.38;10726;0
ТРАНСАЭРао;60;20170320;120000;2.37;2.37;2.31;2.34;25197;0
ТРАНСАЭРао;60;20170320;130000;2.33;2.36;2.32;2.36;8452;0
ТРАНСАЭРао;60;20170320;140000;2.35;2.37;2.34;2.37;6136;0
ТРАНСАЭРао;60;20170320;150000;2.36;2.36;2.34;2.35;5857;0
ТРАНСАЭРао;60;20170320;160000;2.36;2.36;2.35;2.35;711;0
ТРАНСАЭРао;60;20170320;170000;2.35;2.36;2.34;2.35;2922;0
ТРАНСАЭРао;60;20170320;180000;2.34;2.37;2.34;2.35;5537;0
ТРАНСАЭРао;60;20170321;100000;2.38;2.38;2.33;2.36;1024;0
ТРАНСАЭРао;60;20170321;110000;2.35;2.36;2.32;2.35;7379;0
ТРАНСАЭРао;60;20170321;120000;2.35;2.35;2.32;2.33;2570;0
ТРАНСАЭРао;60;20170321;130000;2.33;2.34;2.3;2.31;3941;0
ТРАНСАЭРао;60;20170321;140000;2.32;2.34;2.3;2.32;5152;0
ТРАНСАЭРао;60;20170321;150000;2.32;2.33;2.3;2.31;10649;0
ТРАНСАЭРао;60;20170321;160000;2.32;2.33;2.3;2.32;9804;0
ТРАНСАЭРао;60;20170321;170000;2.3;2.32;2.28;2.28;10542;0
ТРАНСАЭРао;60;20170321;180000;2.29;2.3;2.25;2.26;12731;0
ТРАНСАЭРао;60;20170322;100000;2.26;2.29;2.23;2.25;24851;0
ТРАНСАЭРао;60;20170322;110000;2.26;2.28;2.25;2.26;4292;0
ТРАНСАЭРао;60;20170322;120000;2.26;2.27;2.23;2.25;1373;0
ТРАНСАЭРао;60;20170322;130000;2.26;2.27;2.23;2.24;9671;0
ТРАНСАЭРао;60;20170322;140000;2.24;2.25;2.23;2.25;3276;0
ТРАНСАЭРао;60;20170322;150000;2.25;2.26;2.24;2.26;5843;0
ТРАНСАЭРао;60;20170322;160000;2.26;2.26;2.26;2.26;24;0
ТРАНСАЭРао;60;20170322;170000;2.25;2.25;2.22;2.24;9898;0
ТРАНСАЭРао;60;20170322;180000;2.24;2.26;2.23;2.25;10260;0
ТРАНСАЭРао;60;20170323;100000;2.25;2.29;2.24;2.27;15152;0
ТРАНСАЭРао;60;20170323;110000;2.27;2.28;2.25;2.26;8851;0
ТРАНСАЭРао;60;20170323;120000;2.26;2.26;2.24;2.26;11154;0
ТРАНСАЭРао;60;20170323;130000;2.26;2.28;2.25;2.26;10417;0
ТРАНСАЭРао;60;20170323;140000;2.26;2.26;2.24;2.25;1811;0
ТРАНСАЭРао;60;20170323;150000;2.26;2.26;2.24;2.25;4530;0
ТРАНСАЭРао;60;20170323;160000;2.24;2.26;2.21;2.24;12053;0
ТРАНСАЭРао;60;20170323;170000;2.25;2.25;2.23;2.24;489;0
ТРАНСАЭРао;60;20170323;180000;2.23;2.27;2.22;2.26;5724;0
ТРАНСАЭРао;60;20170324;100000;2.21;2.32;2.21;2.27;29002;0
ТРАНСАЭРао;60;20170324;110000;2.27;2.29;2.24;2.24;15847;0
ТРАНСАЭРао;60;20170324;120000;2.24;2.26;2.24;2.25;1258;0
ТРАНСАЭРао;60;20170324;130000;2.25;2.26;2.24;2.25;1198;0
ТРАНСАЭРао;60;20170324;140000;2.25;2.26;2.24;2.25;797;0
ТРАНСАЭРао;60;20170324;150000;2.25;2.26;2.25;2.26;594;0
ТРАНСАЭРао;60;20170324;160000;2.26;2.26;2.24;2.26;2925;0
ТРАНСАЭРао;60;20170324;170000;2.25;2.26;2.24;2.25;1921;0
ТРАНСАЭРао;60;20170324;180000;2.25;2.28;2.25;2.28;9201;0
ТРАНСАЭРао;60;20170327;100000;2.24;2.26;2.22;2.24;10597;0
ТРАНСАЭРао;60;20170327;110000;2.23;2.26;2.21;2.23;21678;0
ТРАНСАЭРао;60;20170327;120000;2.22;2.25;2.22;2.24;3886;0
ТРАНСАЭРао;60;20170327;130000;2.25;2.25;2.18;2.21;23142;0
ТРАНСАЭРао;60;20170327;140000;2.22;2.22;2.19;2.2;9676;0
ТРАНСАЭРао;60;20170327;150000;2.21;2.22;2.19;2.2;14221;0
ТРАНСАЭРао;60;20170327;160000;2.19;2.2;2.18;2.19;3540;0
ТРАНСАЭРао;60;20170327;170000;2.2;2.2;2.17;2.19;11102;0
ТРАНСАЭРао;60;20170327;180000;2.2;2.2;2.17;2.18;8678;0
ТРАНСАЭРао;60;20170328;100000;2.16;2.21;2.15;2.17;18843;0
ТРАНСАЭРао;60;20170328;110000;2.16;2.18;2.16;2.18;3046;0
ТРАНСАЭРао;60;20170328;120000;2.18;2.18;2.16;2.17;15949;0
ТРАНСАЭРао;60;20170328;130000;2.17;2.19;2.16;2.16;16144;0
ТРАНСАЭРао;60;20170328;140000;2.17;2.18;2.16;2.17;4265;0
ТРАНСАЭРао;60;20170328;150000;2.17;2.18;2.16;2.17;2843;0
ТРАНСАЭРао;60;20170328;160000;2.17;2.19;2.16;2.16;12854;0
ТРАНСАЭРао;60;20170328;170000;2.16;2.19;2.15;2.18;14532;0
ТРАНСАЭРао;60;20170328;180000;2.17;2.18;2.15;2.16;4902;0
ТРАНСАЭРао;60;20170329;100000;2.21;2.21;2.16;2.18;6550;0
ТРАНСАЭРао;60;20170329;110000;2.17;2.18;2.15;2.17;13983;0
ТРАНСАЭРао;60;20170329;120000;2.17;2.18;2.16;2.18;5983;0
ТРАНСАЭРао;60;20170329;130000;2.17;2.18;2.17;2.18;999;0
ТРАНСАЭРао;60;20170329;140000;2.17;2.18;2.17;2.17;4953;0
ТРАНСАЭРао;60;20170329;150000;2.18;2.19;2.17;2.19;3571;0
ТРАНСАЭРао;60;20170329;160000;2.19;2.19;2.17;2.18;2409;0
ТРАНСАЭРао;60;20170329;170000;2.17;2.19;2.17;2.19;2294;0
ТРАНСАЭРао;60;20170329;180000;2.18;2.18;2.16;2.18;9465;0
ТРАНСАЭРао;60;20170330;100000;2.15;2.19;2.15;2.18;6658;0
ТРАНСАЭРао;60;20170330;110000;2.18;2.18;2.15;2.16;15298;0
ТРАНСАЭРао;60;20170330;120000;2.17;2.17;2.17;2.17;536;0
ТРАНСАЭРао;60;20170330;130000;2.16;2.17;2.15;2.17;10944;0
ТРАНСАЭРао;60;20170330;140000;2.16;2.17;2.15;2.17;960;0
ТРАНСАЭРао;60;20170330;150000;2.16;2.16;2.15;2.16;16815;0
ТРАНСАЭРао;60;20170330;160000;2.16;2.16;2.15;2.16;978;0
ТРАНСАЭРао;60;20170330;170000;2.16;2.17;2.15;2.16;8187;0
ТРАНСАЭРао;60;20170330;180000;2.16;2.17;2.16;2.17;6264;0
ТРАНСАЭРао;60;20170331;100000;2.17;2.2;2.11;2.11;23478;0
ТРАНСАЭРао;60;20170331;110000;2.12;2.14;2.09;2.13;18674;0
ТРАНСАЭРао;60;20170331;120000;2.13;2.14;2.1;2.11;7043;0
ТРАНСАЭРао;60;20170331;130000;2.11;2.12;2.11;2.11;2320;0
ТРАНСАЭРао;60;20170331;140000;2.11;2.12;2;2.03;72244;0
ТРАНСАЭРао;60;20170331;150000;2.03;2.04;1.98;1.99;68992;0
ТРАНСАЭРао;60;20170331;160000;1.99;2.05;1.98;2.01;31217;0
ТРАНСАЭРао;60;20170331;170000;2.03;2.03;1.99;2;16737;0
ТРАНСАЭРао;60;20170331;180000;2;2.02;1.99;2.01;33818;0
ТРАНСАЭРао;60;20170403;100000;1.99;2.02;1.84;1.88;68395;0
ТРАНСАЭРао;60;20170403;110000;1.88;1.88;1.77;1.82;110244;0
ТРАНСАЭРао;60;20170403;120000;1.83;1.83;1.76;1.78;55461;0
ТРАНСАЭРао;60;20170403;130000;1.77;1.78;1.66;1.68;113485;0
ТРАНСАЭРао;60;20170403;140000;1.68;1.73;1.66;1.72;204034;0
ТРАНСАЭРао;60;20170403;150000;1.72;1.73;1.7;1.72;114830;0
ТРАНСАЭРао;60;20170403;160000;1.72;1.73;1.7;1.71;47172;0
ТРАНСАЭРао;60;20170403;170000;1.72;1.73;1.7;1.72;44367;0
ТРАНСАЭРао;60;20170403;180000;1.72;1.74;1.71;1.74;17469;0
ТРАНСАЭРао;60;20170404;100000;1.74;1.74;1.58;1.62;100227;0
ТРАНСАЭРао;60;20170404;110000;1.61;1.68;1.6;1.64;55094;0
ТРАНСАЭРао;60;20170404;120000;1.64;1.67;1.6;1.64;63453;0
ТРАНСАЭРао;60;20170404;130000;1.63;1.65;1.61;1.64;52695;0
ТРАНСАЭРао;60;20170404;140000;1.64;1.76;1.64;1.76;148224;0
ТРАНСАЭРао;60;20170404;150000;1.75;1.76;1.69;1.71;58520;0
ТРАНСАЭРао;60;20170404;160000;1.7;1.75;1.7;1.75;30954;0
ТРАНСАЭРао;60;20170404;170000;1.74;1.75;1.73;1.73;4273;0
ТРАНСАЭРао;60;20170404;180000;1.73;1.74;1.72;1.74;3612;0
ТРАНСАЭРао;60;20170405;100000;1.75;1.76;1.7;1.73;22163;0
ТРАНСАЭРао;60;20170405;110000;1.73;1.74;1.69;1.74;25589;0
ТРАНСАЭРао;60;20170405;120000;1.73;1.79;1.7;1.7;69334;0
ТРАНСАЭРао;60;20170405;130000;1.71;1.74;1.67;1.69;49967;0
ТРАНСАЭРао;60;20170405;140000;1.68;1.7;1.66;1.7;19007;0
ТРАНСАЭРао;60;20170405;150000;1.7;1.72;1.7;1.71;48261;0
ТРАНСАЭРао;60;20170405;160000;1.7;1.73;1.69;1.73;20816;0
ТРАНСАЭРао;60;20170405;170000;1.72;1.73;1.69;1.7;23765;0
ТРАНСАЭРао;60;20170405;180000;1.69;1.72;1.68;1.72;29474;0
ТРАНСАЭРао;60;20170406;100000;1.71;1.74;1.71;1.74;21564;0
ТРАНСАЭРао;60;20170406;110000;1.74;1.74;1.71;1.73;2954;0
ТРАНСАЭРао;60;20170406;120000;1.73;1.73;1.67;1.7;17579;0
ТРАНСАЭРао;60;20170406;130000;1.69;1.71;1.66;1.68;28424;0
ТРАНСАЭРао;60;20170406;140000;1.68;1.68;1.65;1.66;20770;0
ТРАНСАЭРао;60;20170406;150000;1.67;1.68;1.66;1.68;1760;0
ТРАНСАЭРао;60;20170406;160000;1.68;1.7;1.66;1.68;18490;0
ТРАНСАЭРао;60;20170406;170000;1.69;1.7;1.66;1.68;21586;0
ТРАНСАЭРао;60;20170406;180000;1.67;1.74;1.66;1.74;29705;0
ТРАНСАЭРао;60;20170407;100000;1.7;1.76;1.7;1.75;43208;0
ТРАНСАЭРао;60;20170407;110000;1.75;1.91;1.75;1.84;209944;0
ТРАНСАЭРао;60;20170407;120000;1.84;1.85;1.76;1.77;47169;0
ТРАНСАЭРао;60;20170407;130000;1.77;1.81;1.77;1.81;7941;0
ТРАНСАЭРао;60;20170407;140000;1.8;1.8;1.7;1.72;80634;0
ТРАНСАЭРао;60;20170407;150000;1.72;1.73;1.68;1.69;85532;0
ТРАНСАЭРао;60;20170407;160000;1.68;1.69;1.65;1.66;60914;0
ТРАНСАЭРао;60;20170407;170000;1.66;1.68;1.63;1.68;23536;0
ТРАНСАЭРао;60;20170407;180000;1.68;1.73;1.64;1.72;108092;0
ТРАНСАЭРао;60;20170410;100000;1.71;1.73;1.69;1.69;27916;0
ТРАНСАЭРао;60;20170410;110000;1.68;1.69;1.66;1.67;35167;0
ТРАНСАЭРао;60;20170410;120000;1.67;1.68;1.65;1.67;6077;0
ТРАНСАЭРао;60;20170410;130000;1.66;1.67;1.65;1.67;4859;0
ТРАНСАЭРао;60;20170410;140000;1.66;1.7;1.65;1.7;10609;0
ТРАНСАЭРао;60;20170410;150000;1.7;1.71;1.68;1.69;4143;0
ТРАНСАЭРао;60;20170410;160000;1.7;1.7;1.65;1.67;15961;0
ТРАНСАЭРао;60;20170410;170000;1.66;1.68;1.65;1.65;9131;0
ТРАНСАЭРао;60;20170410;180000;1.67;1.68;1.66;1.68;2905;0
ТРАНСАЭРао;60;20170411;100000;1.68;1.68;1.63;1.66;7997;0
ТРАНСАЭРао;60;20170411;110000;1.65;1.67;1.65;1.66;9513;0
ТРАНСАЭРао;60;20170411;120000;1.66;1.66;1.63;1.65;4075;0
ТРАНСАЭРао;60;20170411;130000;1.65;1.73;1.65;1.69;98422;0
ТРАНСАЭРао;60;20170411;140000;1.68;1.7;1.67;1.69;5537;0
ТРАНСАЭРао;60;20170411;150000;1.68;1.69;1.67;1.68;7069;0
ТРАНСАЭРао;60;20170411;160000;1.68;1.68;1.67;1.68;1916;0
ТРАНСАЭРао;60;20170411;170000;1.68;1.68;1.67;1.67;7190;0
ТРАНСАЭРао;60;20170411;180000;1.67;1.69;1.67;1.68;6966;0
ТРАНСАЭРао;60;20170412;100000;1.66;1.7;1.66;1.7;7082;0
ТРАНСАЭРао;60;20170412;110000;1.69;1.7;1.67;1.67;2013;0
ТРАНСАЭРао;60;20170412;120000;1.69;1.69;1.66;1.67;7701;0
ТРАНСАЭРао;60;20170412;130000;1.67;1.68;1.66;1.68;15872;0
ТРАНСАЭРао;60;20170412;140000;1.67;1.68;1.66;1.66;8006;0
ТРАНСАЭРао;60;20170412;150000;1.65;1.66;1.63;1.64;7221;0
ТРАНСАЭРао;60;20170412;160000;1.64;1.66;1.64;1.64;11594;0
ТРАНСАЭРао;60;20170412;170000;1.64;1.65;1.62;1.63;5688;0
ТРАНСАЭРао;60;20170412;180000;1.63;1.66;1.59;1.64;48351;0
ТРАНСАЭРао;60;20170413;100000;1.64;1.66;1.62;1.64;3090;0
ТРАНСАЭРао;60;20170413;110000;1.63;1.63;1.51;1.54;45963;0
ТРАНСАЭРао;60;20170413;120000;1.54;1.64;1.53;1.59;27473;0
ТРАНСАЭРао;60;20170413;130000;1.59;1.64;1.59;1.62;8194;0
ТРАНСАЭРао;60;20170413;140000;1.62;1.64;1.59;1.6;6185;0
ТРАНСАЭРао;60;20170413;150000;1.6;1.62;1.57;1.61;6298;0
ТРАНСАЭРао;60;20170413;160000;1.61;1.63;1.6;1.63;16617;0
ТРАНСАЭРао;60;20170413;170000;1.62;1.63;1.6;1.61;4968;0
ТРАНСАЭРао;60;20170413;180000;1.62;1.65;1.6;1.65;9655;0
ТРАНСАЭРао;60;20170414;100000;1.62;1.74;1.55;1.72;168833;0
ТРАНСАЭРао;60;20170414;110000;1.72;1.79;1.68;1.73;254406;0
ТРАНСАЭРао;60;20170414;120000;1.73;1.85;1.73;1.81;150438;0
ТРАНСАЭРао;60;20170414;130000;1.8;1.83;1.76;1.76;57371;0
ТРАНСАЭРао;60;20170414;140000;1.76;1.8;1.76;1.79;15984;0
ТРАНСАЭРао;60;20170414;150000;1.79;1.8;1.7;1.71;253048;0
ТРАНСАЭРао;60;20170414;160000;1.7;1.71;1.7;1.7;47746;0
ТРАНСАЭРао;60;20170414;170000;1.71;1.71;1.65;1.67;86010;0
ТРАНСАЭРао;60;20170414;180000;1.68;1.7;1.66;1.68;17392;0
ТРАНСАЭРао;60;20170417;100000;1.61;1.74;1.61;1.71;28929;0
ТРАНСАЭРао;60;20170417;110000;1.7;1.7;1.67;1.68;9327;0
ТРАНСАЭРао;60;20170417;120000;1.67;1.69;1.67;1.68;1215;0
ТРАНСАЭРао;60;20170417;130000;1.68;1.7;1.68;1.68;3598;0
ТРАНСАЭРао;60;20170417;140000;1.68;1.68;1.66;1.67;6504;0
ТРАНСАЭРао;60;20170417;150000;1.67;1.67;1.64;1.67;25478;0
ТРАНСАЭРао;60;20170417;160000;1.67;1.68;1.65;1.67;9737;0
ТРАНСАЭРао;60;20170417;170000;1.66;1.66;1.66;1.66;1400;0
ТРАНСАЭРао;60;20170417;180000;1.66;1.69;1.66;1.67;5557;0
ТРАНСАЭРао;60;20170418;100000;1.69;1.7;1.67;1.7;9176;0
ТРАНСАЭРао;60;20170418;110000;1.7;1.7;1.67;1.67;2071;0
ТРАНСАЭРао;60;20170418;120000;1.69;1.69;1.65;1.65;10236;0
ТРАНСАЭРао;60;20170418;130000;1.67;1.68;1.65;1.67;13875;0
ТРАНСАЭРао;60;20170418;140000;1.67;1.69;1.65;1.69;10293;0
ТРАНСАЭРао;60;20170418;150000;1.69;1.71;1.68;1.71;36095;0
ТРАНСАЭРао;60;20170418;160000;1.71;1.71;1.67;1.69;40810;0
ТРАНСАЭРао;60;20170418;170000;1.7;1.7;1.67;1.68;15339;0
ТРАНСАЭРао;60;20170418;180000;1.67;1.7;1.66;1.68;9595;0
ТРАНСАЭРао;60;20170419;100000;1.41;1.7;1.41;1.67;7899;0
ТРАНСАЭРао;60;20170419;110000;1.68;1.68;1.65;1.67;3112;0
ТРАНСАЭРао;60;20170419;120000;1.67;1.67;1.65;1.67;11942;0
ТРАНСАЭРао;60;20170419;130000;1.66;1.67;1.66;1.67;405;0
ТРАНСАЭРао;60;20170419;140000;1.67;1.67;1.65;1.66;3129;0
ТРАНСАЭРао;60;20170419;150000;1.65;1.67;1.65;1.66;2718;0
ТРАНСАЭРао;60;20170419;160000;1.67;1.67;1.65;1.65;1169;0
ТРАНСАЭРао;60;20170419;170000;1.65;1.67;1.65;1.67;1444;0
ТРАНСАЭРао;60;20170419;180000;1.67;1.67;1.66;1.67;5826;0
ТРАНСАЭРао;60;20170420;100000;1.68;1.69;1.65;1.66;10870;0
ТРАНСАЭРао;60;20170420;110000;1.65;1.67;1.65;1.66;3694;0
ТРАНСАЭРао;60;20170420;120000;1.66;1.67;1.66;1.67;12679;0
ТРАНСАЭРао;60;20170420;130000;1.66;1.67;1.64;1.64;15429;0
ТРАНСАЭРао;60;20170420;140000;1.64;1.67;1.63;1.66;1929;0
ТРАНСАЭРао;60;20170420;150000;1.65;1.65;1.62;1.64;8013;0
ТРАНСАЭРао;60;20170420;160000;1.64;1.65;1.63;1.64;838;0
ТРАНСАЭРао;60;20170420;170000;1.64;1.65;1.64;1.65;2898;0
ТРАНСАЭРао;60;20170420;180000;1.64;1.69;1.64;1.69;13213;0
ТРАНСАЭРао;60;20170421;100000;1.69;1.69;1.6;1.64;15330;0
ТРАНСАЭРао;60;20170421;110000;1.64;1.65;1.62;1.64;9987;0
ТРАНСАЭРао;60;20170421;120000;1.65;1.65;1.64;1.64;1045;0
ТРАНСАЭРао;60;20170421;130000;1.65;1.67;1.64;1.65;9187;0
ТРАНСАЭРао;60;20170421;140000;1.65;1.67;1.64;1.65;3253;0
ТРАНСАЭРао;60;20170421;150000;1.66;1.66;1.65;1.65;1766;0
ТРАНСАЭРао;60;20170421;160000;1.66;1.66;1.66;1.66;4;0
ТРАНСАЭРао;60;20170421;170000;1.65;1.66;1.64;1.65;946;0
ТРАНСАЭРао;60;20170421;180000;1.65;1.66;1.65;1.65;1187;0
ТРАНСАЭРао;60;20170424;100000;1.66;1.66;1.61;1.63;23820;0
ТРАНСАЭРао;60;20170424;110000;1.63;1.63;1.61;1.63;15372;0
ТРАНСАЭРао;60;20170424;120000;1.62;1.63;1.6;1.62;311293;0
ТРАНСАЭРао;60;20170424;130000;1.62;1.62;1.61;1.62;26070;0
ТРАНСАЭРао;60;20170424;140000;1.62;1.62;1.61;1.62;8938;0
ТРАНСАЭРао;60;20170424;150000;1.62;1.63;1.61;1.63;8445;0
ТРАНСАЭРао;60;20170424;160000;1.63;1.63;1.57;1.59;45483;0
ТРАНСАЭРао;60;20170424;170000;1.6;1.6;1.58;1.59;3490;0
ТРАНСАЭРао;60;20170424;180000;1.59;1.62;1.59;1.62;37211;0
ТРАНСАЭРао;60;20170425;100000;1.62;1.62;1.57;1.62;11936;0
ТРАНСАЭРао;60;20170425;110000;1.62;1.62;1.6;1.6;1675;0
ТРАНСАЭРао;60;20170425;120000;1.6;1.6;1.59;1.6;1209;0
ТРАНСАЭРао;60;20170425;130000;1.59;1.6;1.58;1.59;8712;0
ТРАНСАЭРао;60;20170425;140000;1.59;1.59;1.57;1.57;12447;0
ТРАНСАЭРао;60;20170425;150000;1.58;1.58;1.56;1.57;4126;0
ТРАНСАЭРао;60;20170425;160000;1.58;1.59;1.57;1.58;92972;0
ТРАНСАЭРао;60;20170425;170000;1.58;1.58;1.57;1.58;4783;0
ТРАНСАЭРао;60;20170425;180000;1.57;1.58;1.57;1.57;7317;0
ТРАНСАЭРао;60;20170426;100000;1.58;1.59;1.46;1.48;180267;0
ТРАНСАЭРао;60;20170426;110000;1.48;1.5;1.48;1.48;53075;0
ТРАНСАЭРао;60;20170426;120000;1.48;1.49;1.48;1.49;23773;0
ТРАНСАЭРао;60;20170426;130000;1.49;1.49;1.47;1.49;9229;0
ТРАНСАЭРао;60;20170426;140000;1.49;1.49;1.48;1.48;9691;0
ТРАНСАЭРао;60;20170426;150000;1.48;1.49;1.48;1.49;5583;0
ТРАНСАЭРао;60;20170426;160000;1.48;1.49;1.45;1.46;42766;0
ТРАНСАЭРао;60;20170426;170000;1.47;1.49;1.46;1.48;30135;0
ТРАНСАЭРао;60;20170426;180000;1.48;1.51;1.48;1.49;36159;0
ТРАНСАЭРао;60;20170427;100000;1.48;1.48;1.41;1.43;44215;0
ТРАНСАЭРао;60;20170427;110000;1.42;1.43;1.38;1.41;32790;0
ТРАНСАЭРао;60;20170427;120000;1.4;1.41;1.36;1.36;40077;0
ТРАНСАЭРао;60;20170427;130000;1.38;1.38;1.29;1.3;60180;0
ТРАНСАЭРао;60;20170427;140000;1.3;1.45;1.3;1.41;104715;0
ТРАНСАЭРао;60;20170427;150000;1.41;1.42;1.39;1.42;15433;0
ТРАНСАЭРао;60;20170427;160000;1.42;1.42;1.39;1.41;3069;0
ТРАНСАЭРао;60;20170427;170000;1.41;1.41;1.39;1.39;26662;0
ТРАНСАЭРао;60;20170427;180000;1.38;1.39;1.36;1.37;10184;0
ТРАНСАЭРао;60;20170428;100000;1.36;1.38;1.31;1.38;46928;0
ТРАНСАЭРао;60;20170428;110000;1.37;1.38;1.35;1.35;4543;0
ТРАНСАЭРао;60;20170428;120000;1.35;1.37;1.34;1.34;6338;0
ТРАНСАЭРао;60;20170428;130000;1.34;1.35;1.31;1.33;21828;0
ТРАНСАЭРао;60;20170428;140000;1.33;1.34;1.3;1.32;26711;0
ТРАНСАЭРао;60;20170428;150000;1.32;1.33;1.3;1.31;17353;0
ТРАНСАЭРао;60;20170428;160000;1.31;1.32;1.29;1.31;4659;0
ТРАНСАЭРао;60;20170428;170000;1.31;1.31;1.29;1.3;4622;0
ТРАНСАЭРао;60;20170428;180000;1.3;1.35;1.29;1.32;23681;0
ТРАНСАЭРао;60;20170502;100000;1.34;1.34;1.12;1.24;79310;0
ТРАНСАЭРао;60;20170502;110000;1.245;1.28;1.24;1.265;20864;0
ТРАНСАЭРао;60;20170502;120000;1.26;1.395;1.235;1.305;65834;0
ТРАНСАЭРао;60;20170502;130000;1.295;1.305;1.24;1.265;25444;0
ТРАНСАЭРао;60;20170502;140000;1.265;1.325;1.265;1.29;14409;0
ТРАНСАЭРао;60;20170502;150000;1.3;1.305;1.25;1.285;22191;0
ТРАНСАЭРао;60;20170502;160000;1.285;1.3;1.27;1.29;3077;0
ТРАНСАЭРао;60;20170502;170000;1.29;1.295;1.215;1.215;29224;0
ТРАНСАЭРао;60;20170502;180000;1.22;1.26;1.22;1.235;12562;0
ТРАНСАЭРао;60;20170503;100000;1.255;1.29;1.225;1.27;39152;0
ТРАНСАЭРао;60;20170503;110000;1.27;1.29;1.25;1.255;10880;0
ТРАНСАЭРао;60;20170503;120000;1.265;1.29;1.255;1.275;5142;0
ТРАНСАЭРао;60;20170503;130000;1.275;1.28;1.255;1.255;3541;0
ТРАНСАЭРао;60;20170503;140000;1.26;1.26;1.205;1.225;12022;0
ТРАНСАЭРао;60;20170503;150000;1.225;1.23;1.215;1.22;2883;0
ТРАНСАЭРао;60;20170503;160000;1.225;1.245;1.2;1.23;18239;0
ТРАНСАЭРао;60;20170503;170000;1.22;1.22;1.2;1.215;6626;0
ТРАНСАЭРао;60;20170503;180000;1.22;1.22;1.18;1.185;24997;0
ТРАНСАЭРао;60;20170504;100000;1.18;1.21;1.155;1.21;36992;0
ТРАНСАЭРао;60;20170504;110000;1.21;1.235;1.195;1.225;24070;0
ТРАНСАЭРао;60;20170504;120000;1.225;1.23;1.21;1.23;4847;0
ТРАНСАЭРао;60;20170504;130000;1.23;1.24;1.22;1.225;2954;0
ТРАНСАЭРао;60;20170504;140000;1.23;1.23;1.205;1.21;7098;0
ТРАНСАЭРао;60;20170504;150000;1.205;1.23;1.205;1.215;8802;0
ТРАНСАЭРао;60;20170504;160000;1.22;1.225;1.22;1.225;3246;0
ТРАНСАЭРао;60;20170504;170000;1.225;1.225;1.205;1.21;5331;0
ТРАНСАЭРао;60;20170504;180000;1.205;1.225;1.205;1.215;3887;0
ТРАНСАЭРао;60;20170505;100000;1.23;1.24;1.175;1.215;5877;0
ТРАНСАЭРао;60;20170505;110000;1.215;1.225;1.19;1.215;3656;0
ТРАНСАЭРао;60;20170505;120000;1.215;1.25;1.215;1.22;8908;0
ТРАНСАЭРао;60;20170505;130000;1.22;1.23;1.21;1.21;4823;0
ТРАНСАЭРао;60;20170505;140000;1.22;1.24;1.21;1.24;2363;0
ТРАНСАЭРао;60;20170505;150000;1.23;1.235;1.205;1.205;5696;0
ТРАНСАЭРао;60;20170505;160000;1.205;1.215;1.2;1.205;12647;0
ТРАНСАЭРао;60;20170505;170000;1.205;1.235;1.205;1.22;5947;0
ТРАНСАЭРао;60;20170505;180000;1.21;1.255;1.2;1.23;10492;0
ТРАНСАЭРао;60;20170510;100000;1.215;1.24;1.205;1.21;5143;0
ТРАНСАЭРао;60;20170510;110000;1.205;1.215;1.1;1.185;52067;0
ТРАНСАЭРао;60;20170510;120000;1.19;1.195;1.17;1.17;3610;0
ТРАНСАЭРао;60;20170510;130000;1.185;1.19;1.16;1.18;5655;0
ТРАНСАЭРао;60;20170510;140000;1.18;1.195;1.16;1.19;10324;0
ТРАНСАЭРао;60;20170510;150000;1.19;1.205;1.185;1.19;6847;0
ТРАНСАЭРао;60;20170510;160000;1.195;1.2;1.185;1.185;11537;0
ТРАНСАЭРао;60;20170510;170000;1.185;1.2;1.185;1.185;11128;0
ТРАНСАЭРао;60;20170510;180000;1.185;1.185;1.17;1.17;12613;0
ТРАНСАЭРао;60;20170511;100000;1.165;1.195;1.165;1.185;8749;0
ТРАНСАЭРао;60;20170511;110000;1.18;1.18;1.16;1.17;7111;0
ТРАНСАЭРао;60;20170511;120000;1.16;1.17;1.155;1.165;4820;0
ТРАНСАЭРао;60;20170511;130000;1.165;1.175;1.155;1.175;1360;0
ТРАНСАЭРао;60;20170511;140000;1.165;1.175;1.165;1.175;89;0
ТРАНСАЭРао;60;20170511;150000;1.17;1.175;1.155;1.155;13868;0
ТРАНСАЭРао;60;20170511;160000;1.155;1.16;1.135;1.135;3533;0
ТРАНСАЭРао;60;20170511;170000;1.14;1.145;1.12;1.125;14880;0
ТРАНСАЭРао;60;20170511;180000;1.125;1.13;1.1;1.125;19058;0
ТРАНСАЭРао;60;20170512;100000;0.73;1.17;0.73;1.14;67507;0
ТРАНСАЭРао;60;20170512;110000;1.14;1.14;1.085;1.12;25066;0
ТРАНСАЭРао;60;20170512;120000;1.13;1.17;1.12;1.165;25263;0
ТРАНСАЭРао;60;20170512;130000;1.165;1.165;1.14;1.14;6667;0
ТРАНСАЭРао;60;20170512;140000;1.14;1.18;1.14;1.165;7943;0
ТРАНСАЭРао;60;20170512;150000;1.16;1.17;1.155;1.16;7189;0
ТРАНСАЭРао;60;20170512;160000;1.155;1.16;1.145;1.16;8035;0
ТРАНСАЭРао;60;20170512;170000;1.155;1.155;1.1;1.125;12003;0
ТРАНСАЭРао;60;20170512;180000;1.115;1.13;1.11;1.115;6524;0
ТРАНСАЭРао;60;20170515;100000;1.105;1.135;1.105;1.13;2212;0
ТРАНСАЭРао;60;20170515;110000;1.125;1.13;1.115;1.12;5454;0
ТРАНСАЭРао;60;20170515;120000;1.125;1.14;1.11;1.125;4453;0
ТРАНСАЭРао;60;20170515;130000;1.115;1.12;1.095;1.095;6773;0
ТРАНСАЭРао;60;20170515;140000;1.09;1.105;1.05;1.08;16050;0
ТРАНСАЭРао;60;20170515;150000;1.075;1.075;1.06;1.065;2780;0
ТРАНСАЭРао;60;20170515;160000;1.065;1.07;1.06;1.07;3671;0
ТРАНСАЭРао;60;20170515;170000;1.075;1.085;1.07;1.085;25592;0
ТРАНСАЭРао;60;20170515;180000;1.08;1.085;1.07;1.07;2621;0
ТРАНСАЭРао;60;20170516;100000;0.65;1.075;0.65;1.05;3156;0
ТРАНСАЭРао;60;20170516;110000;1.05;1.055;0.98;0.985;93896;0
ТРАНСАЭРао;60;20170516;120000;0.99;1;0.97;0.98;124139;0
ТРАНСАЭРао;60;20170516;130000;0.985;0.985;0.98;0.985;7188;0
ТРАНСАЭРао;60;20170516;140000;0.985;0.985;0.975;0.985;7119;0
ТРАНСАЭРао;60;20170516;150000;0.985;0.985;0.97;0.98;2648;0
ТРАНСАЭРао;60;20170516;160000;0.97;0.98;0.95;0.95;21807;0
ТРАНСАЭРао;60;20170516;170000;0.96;0.97;0.95;0.96;11057;0
ТРАНСАЭРао;60;20170516;180000;0.96;0.965;0.95;0.95;11119;0
ТРАНСАЭРао;60;20170517;100000;0.39;1.125;0.39;1.025;142951;0
ТРАНСАЭРао;60;20170517;110000;1.025;1.065;0.97;0.98;48636;0
ТРАНСАЭРао;60;20170517;120000;0.98;0.985;0.915;0.955;34504;0
ТРАНСАЭРао;60;20170517;130000;0.95;0.98;0.94;0.965;17271;0
ТРАНСАЭРао;60;20170517;140000;0.97;1;0.955;0.99;68588;0
ТРАНСАЭРао;60;20170517;150000;0.975;0.985;0.955;0.97;5223;0
ТРАНСАЭРао;60;20170517;160000;0.97;0.99;0.96;0.975;7655;0
ТРАНСАЭРао;60;20170517;170000;0.975;0.98;0.96;0.965;1889;0
ТРАНСАЭРао;60;20170517;180000;0.97;0.98;0.965;0.965;2334;0
ТРАНСАЭРао;60;20170518;100000;1.44;1.44;0.96;0.995;82411;0
ТРАНСАЭРао;60;20170518;110000;0.985;1;0.985;0.985;13347;0
ТРАНСАЭРао;60;20170518;120000;0.99;0.995;0.985;0.99;1958;0
ТРАНСАЭРао;60;20170518;130000;0.99;0.99;0.99;0.99;1806;0
ТРАНСАЭРао;60;20170518;140000;0.995;0.995;0.99;0.99;4418;0
ТРАНСАЭРао;60;20170518;150000;0.995;0.995;0.99;0.995;1425;0
ТРАНСАЭРао;60;20170518;160000;0.99;1;0.99;0.995;16709;0
ТРАНСАЭРао;60;20170518;170000;1;1;0.995;0.995;5290;0
ТРАНСАЭРао;60;20170518;180000;0.995;1;0.99;1;45690;0
ТРАНСАЭРао;60;20170519;100000;0.4;1.005;0.4;0.975;5119;0
ТРАНСАЭРао;60;20170519;110000;0.97;0.975;0.965;0.975;2327;0
ТРАНСАЭРао;60;20170519;120000;0.975;0.975;0.96;0.96;6465;0
ТРАНСАЭРао;60;20170519;130000;0.97;0.975;0.945;0.97;9599;0
ТРАНСАЭРао;60;20170519;140000;0.965;0.97;0.95;0.96;9039;0
ТРАНСАЭРао;60;20170519;150000;0.96;0.975;0.95;0.975;6952;0
ТРАНСАЭРао;60;20170519;160000;0.975;0.975;0.965;0.965;2244;0
ТРАНСАЭРао;60;20170519;170000;0.965;0.97;0.9;0.935;29788;0
ТРАНСАЭРао;60;20170519;180000;0.935;0.94;0.915;0.93;7994;0
ТРАНСАЭРао;60;20170522;100000;0.5;0.95;0.5;0.87;76786;0
ТРАНСАЭРао;60;20170522;110000;0.87;0.925;0.87;0.88;23780;0
ТРАНСАЭРао;60;20170522;120000;0.88;0.97;0.865;0.915;34608;0
ТРАНСАЭРао;60;20170522;130000;0.915;0.93;0.905;0.92;1765;0
ТРАНСАЭРао;60;20170522;140000;0.925;0.925;0.905;0.91;1038;0
ТРАНСАЭРао;60;20170522;150000;0.905;0.92;0.9;0.91;1022;0
ТРАНСАЭРао;60;20170522;160000;0.9;0.905;0.895;0.9;1375;0
ТРАНСАЭРао;60;20170522;170000;0.9;0.9;0.895;0.895;405;0
ТРАНСАЭРао;60;20170522;180000;0.895;0.9;0.88;0.89;5871;0
ТРАНСАЭРао;60;20170523;100000;0.92;0.92;0.85;0.905;9136;0
ТРАНСАЭРао;60;20170523;110000;0.905;0.91;0.9;0.9;5961;0
ТРАНСАЭРао;60;20170523;120000;0.9;0.91;0.885;0.9;7166;0
ТРАНСАЭРао;60;20170523;130000;0.89;0.905;0.885;0.9;2989;0
ТРАНСАЭРао;60;20170523;140000;0.905;0.905;0.88;0.88;1609;0
ТРАНСАЭРао;60;20170523;150000;0.885;0.895;0.875;0.88;3823;0
ТРАНСАЭРао;60;20170523;160000;0.88;0.965;0.86;0.95;69663;0
ТРАНСАЭРао;60;20170523;170000;0.945;1.145;0.935;1.145;72959;0
ТРАНСАЭРао;60;20170523;180000;1.12;1.48;1.055;1.325;589042;0
ТРАНСАЭРао;60;20170524;100000;0.53;1.5;0.53;1.31;416048;0
ТРАНСАЭРао;60;20170524;110000;1.31;1.33;1.2;1.26;57412;0
ТРАНСАЭРао;60;20170524;120000;1.26;1.99;1.26;1.745;776232;0
ТРАНСАЭРао;60;20170524;130000;1.745;1.92;1.67;1.815;253354;0
ТРАНСАЭРао;60;20170524;140000;1.83;1.875;1.63;1.655;142846;0
ТРАНСАЭРао;60;20170524;150000;1.675;1.73;1.62;1.625;126102;0
ТРАНСАЭРао;60;20170524;160000;1.625;1.73;1.52;1.7;127374;0
ТРАНСАЭРао;60;20170524;170000;1.7;1.73;1.605;1.625;42625;0
ТРАНСАЭРао;60;20170524;180000;1.62;1.69;1.555;1.59;95467;0
ТРАНСАЭРао;60;20170525;100000;1.98;1.98;1.485;1.585;172485;0
ТРАНСАЭРао;60;20170525;110000;1.585;1.73;1.515;1.615;110066;0
ТРАНСАЭРао;60;20170525;120000;1.61;1.63;1.505;1.545;63167;0
ТРАНСАЭРао;60;20170525;130000;1.53;1.555;1.505;1.53;50870;0
ТРАНСАЭРао;60;20170525;140000;1.515;1.525;1.45;1.46;42323;0
ТРАНСАЭРао;60;20170525;150000;1.485;1.57;1.38;1.43;96462;0
ТРАНСАЭРао;60;20170525;160000;1.435;1.475;1.41;1.44;12935;0
ТРАНСАЭРао;60;20170525;170000;1.44;1.545;1.425;1.52;34469;0
ТРАНСАЭРао;60;20170525;180000;1.5;1.595;1.43;1.53;58877;0
ТРАНСАЭРао;60;20170526;100000;1.53;1.53;1.285;1.39;163618;0
ТРАНСАЭРао;60;20170526;110000;1.385;1.465;1.37;1.415;32065;0
ТРАНСАЭРао;60;20170526;120000;1.415;1.455;1.385;1.39;9121;0
ТРАНСАЭРао;60;20170526;130000;1.39;1.4;1.35;1.38;3466;0
ТРАНСАЭРао;60;20170526;140000;1.38;1.39;1.31;1.36;28168;0
ТРАНСАЭРао;60;20170526;150000;1.37;1.395;1.365;1.385;10596;0
ТРАНСАЭРао;60;20170526;160000;1.385;1.4;1.37;1.37;9361;0
ТРАНСАЭРао;60;20170526;170000;1.385;1.395;1.38;1.39;859;0
ТРАНСАЭРао;60;20170526;180000;1.385;1.385;1.325;1.36;28594;0
ТРАНСАЭРао;60;20170529;100000;0.55;1.4;0.55;1.315;34733;0
ТРАНСАЭРао;60;20170529;110000;1.31;1.315;1.225;1.245;15627;0
ТРАНСАЭРао;60;20170529;120000;1.23;1.28;1.23;1.26;5448;0
ТРАНСАЭРао;60;20170529;130000;1.265;1.295;1.23;1.26;14998;0
ТРАНСАЭРао;60;20170529;140000;1.26;1.27;1.24;1.245;7097;0
ТРАНСАЭРао;60;20170529;150000;1.245;1.27;1.24;1.24;11654;0
ТРАНСАЭРао;60;20170529;160000;1.245;1.255;1.19;1.205;43448;0
ТРАНСАЭРао;60;20170529;170000;1.205;1.23;1.18;1.215;17835;0
ТРАНСАЭРао;60;20170529;180000;1.21;1.33;1.205;1.28;62233;0
ТРАНСАЭРао;60;20170530;100000;0.705;1.35;0.705;1.325;19086;0
ТРАНСАЭРао;60;20170530;110000;1.32;1.69;1.315;1.525;220589;0
ТРАНСАЭРао;60;20170530;120000;1.52;1.575;1.435;1.5;72598;0
ТРАНСАЭРао;60;20170530;130000;1.5;1.51;1.43;1.51;35664;0
ТРАНСАЭРао;60;20170530;140000;1.485;1.505;1.46;1.465;76631;0
ТРАНСАЭРао;60;20170530;150000;1.465;1.47;1.435;1.435;27480;0
ТРАНСАЭРао;60;20170530;160000;1.45;1.46;1.435;1.46;12532;0
ТРАНСАЭРао;60;20170530;170000;1.46;1.465;1.43;1.435;10686;0
ТРАНСАЭРао;60;20170530;180000;1.44;1.455;1.435;1.445;30509;0
ТРАНСАЭРао;60;20170531;100000;1.2;1.58;1.2;1.55;70502;0
ТРАНСАЭРао;60;20170531;110000;1.55;1.65;1.47;1.49;54823;0
ТРАНСАЭРао;60;20170531;120000;1.49;1.53;1.47;1.505;2966;0
ТРАНСАЭРао;60;20170531;130000;1.505;1.615;1.505;1.52;50061;0
ТРАНСАЭРао;60;20170531;140000;1.535;1.61;1.52;1.565;30776;0
ТРАНСАЭРао;60;20170531;150000;1.56;1.57;1.525;1.54;6386;0
ТРАНСАЭРао;60;20170531;160000;1.545;1.595;1.52;1.575;11509;0
ТРАНСАЭРао;60;20170531;170000;1.575;1.61;1.565;1.6;28707;0
ТРАНСАЭРао;60;20170531;180000;1.59;1.595;1.55;1.575;5207;0
ТРАНСАЭРао;60;20170601;100000;1.62;1.84;1.55;1.725;145873;0
ТРАНСАЭРао;60;20170601;110000;1.725;1.735;1.505;1.52;80811;0
ТРАНСАЭРао;60;20170601;120000;1.53;1.61;1.52;1.59;47660;0
ТРАНСАЭРао;60;20170601;130000;1.59;1.61;1.58;1.59;18923;0
ТРАНСАЭРао;60;20170601;140000;1.59;1.65;1.575;1.61;5271;0
ТРАНСАЭРао;60;20170601;150000;1.615;1.655;1.61;1.65;3789;0
ТРАНСАЭРао;60;20170601;160000;1.65;1.65;1.58;1.605;9436;0
ТРАНСАЭРао;60;20170601;170000;1.605;1.62;1.53;1.54;18979;0
ТРАНСАЭРао;60;20170601;180000;1.54;1.64;1.54;1.615;39016;0
ТРАНСАЭРао;60;20170602;100000;1.56;1.69;1.535;1.585;39766;0
ТРАНСАЭРао;60;20170602;110000;1.595;1.62;1.55;1.575;36089;0
ТРАНСАЭРао;60;20170602;120000;1.57;1.58;1.53;1.55;9417;0
ТРАНСАЭРао;60;20170602;130000;1.55;1.57;1.55;1.565;6874;0
ТРАНСАЭРао;60;20170602;140000;1.57;1.58;1.55;1.575;5007;0
ТРАНСАЭРао;60;20170602;150000;1.575;1.575;1.49;1.535;33161;0
ТРАНСАЭРао;60;20170602;160000;1.53;1.555;1.475;1.495;38763;0
ТРАНСАЭРао;60;20170602;170000;1.5;1.51;1.49;1.51;15529;0
ТРАНСАЭРао;60;20170602;180000;1.505;1.515;1.495;1.495;8030;0
ТРАНСАЭРао;60;20170605;100000;1.56;1.56;1.475;1.485;29123;0
ТРАНСАЭРао;60;20170605;110000;1.485;1.52;1.47;1.48;44415;0
ТРАНСАЭРао;60;20170605;120000;1.48;1.485;1.475;1.48;1086;0
ТРАНСАЭРао;60;20170605;130000;1.48;1.485;1.475;1.485;1206;0
ТРАНСАЭРао;60;20170605;140000;1.475;1.475;1.455;1.455;4687;0
ТРАНСАЭРао;60;20170605;150000;1.465;1.475;1.46;1.46;361;0
ТРАНСАЭРао;60;20170605;160000;1.465;1.5;1.46;1.49;13279;0
ТРАНСАЭРао;60;20170605;170000;1.485;1.52;1.48;1.515;14234;0
ТРАНСАЭРао;60;20170605;180000;1.515;1.52;1.465;1.48;9603;0
ТРАНСАЭРао;60;20170606;100000;1.52;1.52;1.48;1.5;5650;0
ТРАНСАЭРао;60;20170606;110000;1.485;1.495;1.46;1.495;4535;0
ТРАНСАЭРао;60;20170606;120000;1.49;1.49;1.475;1.475;2328;0
ТРАНСАЭРао;60;20170606;130000;1.49;1.49;1.475;1.475;715;0
ТРАНСАЭРао;60;20170606;140000;1.475;1.475;1.475;1.475;322;0
ТРАНСАЭРао;60;20170606;150000;1.485;1.49;1.455;1.47;6917;0
ТРАНСАЭРао;60;20170606;160000;1.47;1.48;1.465;1.475;290;0
ТРАНСАЭРао;60;20170606;170000;1.465;1.47;1.37;1.38;52921;0
ТРАНСАЭРао;60;20170606;180000;1.375;1.4;1.37;1.38;10156;0
ТРАНСАЭРао;60;20170607;100000;1.42;1.42;1.39;1.4;11907;0
ТРАНСАЭРао;60;20170607;110000;1.4;1.41;1.4;1.405;1737;0
ТРАНСАЭРао;60;20170607;120000;1.4;1.4;1.35;1.38;5934;0
ТРАНСАЭРао;60;20170607;130000;1.36;1.4;1.35;1.395;6002;0
ТРАНСАЭРао;60;20170607;140000;1.39;1.4;1.34;1.355;16036;0
ТРАНСАЭРао;60;20170607;150000;1.355;1.355;1.33;1.34;4721;0
ТРАНСАЭРао;60;20170607;160000;1.345;1.35;1.335;1.335;1986;0
ТРАНСАЭРао;60;20170607;170000;1.345;1.345;1.315;1.315;5896;0
ТРАНСАЭРао;60;20170607;180000;1.32;1.32;1.295;1.3;26700;0
ТРАНСАЭРао;60;20170608;100000;1.34;1.36;1.31;1.31;7594;0
ТРАНСАЭРао;60;20170608;110000;1.33;1.33;1.325;1.325;11;0
ТРАНСАЭРао;60;20170608;120000;1.33;1.335;1.325;1.33;300;0
ТРАНСАЭРао;60;20170608;130000;1.32;1.33;1.3;1.305;24881;0
ТРАНСАЭРао;60;20170608;140000;1.305;1.305;1.28;1.28;8741;0
ТРАНСАЭРао;60;20170608;150000;1.29;1.29;1.25;1.25;14381;0
ТРАНСАЭРао;60;20170608;160000;1.26;1.35;1.26;1.325;23555;0
ТРАНСАЭРао;60;20170608;170000;1.315;1.315;1.3;1.305;11802;0
ТРАНСАЭРао;60;20170608;180000;1.3;1.3;1.29;1.3;2040;0
ТРАНСАЭРао;60;20170609;100000;1.34;1.34;1.28;1.3;10726;0
ТРАНСАЭРао;60;20170609;110000;1.3;1.31;1.3;1.3;3024;0
ТРАНСАЭРао;60;20170609;120000;1.3;1.3;1.27;1.28;1711;0
ТРАНСАЭРао;60;20170609;130000;1.3;1.3;1.3;1.3;105;0
ТРАНСАЭРао;60;20170609;140000;1.3;1.305;1.3;1.3;108;0
ТРАНСАЭРао;60;20170609;150000;1.295;1.295;1.255;1.26;9698;0
ТРАНСАЭРао;60;20170609;160000;1.265;1.28;1.255;1.28;5525;0
ТРАНСАЭРао;60;20170609;170000;1.28;1.28;1.265;1.265;1977;0
ТРАНСАЭРао;60;20170609;180000;1.265;1.27;1.17;1.25;42821;0
ТРАНСАЭРао;60;20170613;100000;1.22;1.28;1.22;1.27;32240;0
ТРАНСАЭРао;60;20170613;110000;1.275;1.275;1.2;1.225;18312;0
ТРАНСАЭРао;60;20170613;120000;1.22;1.235;1.215;1.23;1033;0
ТРАНСАЭРао;60;20170613;130000;1.23;1.25;1.23;1.25;3763;0
ТРАНСАЭРао;60;20170613;140000;1.245;1.245;1.24;1.245;41;0
ТРАНСАЭРао;60;20170613;150000;1.245;1.245;1.235;1.235;307;0
ТРАНСАЭРао;60;20170613;160000;1.235;1.235;1.215;1.23;11872;0
ТРАНСАЭРао;60;20170613;170000;1.22;1.23;1.18;1.205;13981;0
ТРАНСАЭРао;60;20170613;180000;1.205;1.21;1.16;1.18;6203;0
ТРАНСАЭРао;60;20170614;100000;1.2;1.2;0.985;1;360539;0
ТРАНСАЭРао;60;20170614;110000;1;1.015;0.95;0.965;160825;0
ТРАНСАЭРао;60;20170614;120000;0.97;0.97;0.89;0.9;211870;0
ТРАНСАЭРао;60;20170614;130000;0.9;1.015;0.895;0.995;238588;0
ТРАНСАЭРао;60;20170614;140000;1;1.095;0.975;1.05;89394;0
ТРАНСАЭРао;60;20170614;150000;1.035;1.05;1;1.015;23389;0
ТРАНСАЭРао;60;20170614;160000;1.005;1.05;1;1.025;31977;0
ТРАНСАЭРао;60;20170614;170000;1.035;1.04;1;1.015;13118;0
ТРАНСАЭРао;60;20170614;180000;1.015;1.03;1;1.02;22260;0
ТРАНСАЭРао;60;20170615;100000;1;1.025;0.95;0.97;32012;0
ТРАНСАЭРао;60;20170615;110000;0.97;1;0.965;0.975;25181;0
ТРАНСАЭРао;60;20170615;120000;0.98;1.005;0.97;0.99;11074;0
ТРАНСАЭРао;60;20170615;130000;0.99;1.025;0.99;1.02;11798;0
ТРАНСАЭРао;60;20170615;140000;1.015;1.03;1;1;17233;0
ТРАНСАЭРао;60;20170615;150000;1;1.02;1;1.01;5485;0
ТРАНСАЭРао;60;20170615;160000;1.01;1.015;1;1.015;1234;0
ТРАНСАЭРао;60;20170615;170000;1.015;1.03;1.005;1.01;8502;0
ТРАНСАЭРао;60;20170615;180000;1.02;1.04;1.005;1.035;29680;0
ТРАНСАЭРао;60;20170616;100000;1.01;1.07;0.98;1;56978;0
ТРАНСАЭРао;60;20170616;110000;1;1.005;0.98;0.99;37445;0
ТРАНСАЭРао;60;20170616;120000;0.985;1;0.98;0.99;5640;0
ТРАНСАЭРао;60;20170616;130000;1;1.04;1;1.03;11585;0
ТРАНСАЭРао;60;20170616;140000;1.03;1.03;1.005;1.01;1800;0
ТРАНСАЭРао;60;20170616;150000;1.01;1.02;1;1.015;1070;0
ТРАНСАЭРао;60;20170616;160000;1;1.01;0.995;0.995;3630;0
ТРАНСАЭРао;60;20170616;170000;0.995;1.005;0.99;1.005;15547;0
ТРАНСАЭРао;60;20170616;180000;1.005;1.015;0.99;0.995;23822;0
ТРАНСАЭРао;60;20170619;100000;0.995;1.025;0.985;0.995;4225;0
ТРАНСАЭРао;60;20170619;110000;0.995;0.995;0.99;0.99;5539;0
ТРАНСАЭРао;60;20170619;120000;1;1.01;0.995;1.01;835;0
ТРАНСАЭРао;60;20170619;130000;1.01;1.31;1;1.2;260974;0
ТРАНСАЭРао;60;20170619;140000;1.205;1.235;1.165;1.2;55270;0
ТРАНСАЭРао;60;20170619;150000;1.205;1.22;1.165;1.205;57145;0
ТРАНСАЭРао;60;20170619;160000;1.2;1.205;1.165;1.19;7780;0
ТРАНСАЭРао;60;20170619;170000;1.185;1.225;1.175;1.21;40195;0
ТРАНСАЭРао;60;20170619;180000;1.2;1.21;1.15;1.15;40597;0
ТРАНСАЭРао;60;20170620;100000;1.15;1.23;1.15;1.175;21593;0
ТРАНСАЭРао;60;20170620;110000;1.175;1.175;1.125;1.135;46475;0
ТРАНСАЭРао;60;20170620;120000;1.135;1.145;1.11;1.13;15321;0
ТРАНСАЭРао;60;20170620;130000;1.13;1.14;1.08;1.09;27000;0
ТРАНСАЭРао;60;20170620;140000;1.095;1.12;1.095;1.1;371;0
ТРАНСАЭРао;60;20170620;150000;1.1;1.11;1.03;1.055;55823;0
ТРАНСАЭРао;60;20170620;160000;1.075;1.09;1.065;1.065;5211;0
ТРАНСАЭРао;60;20170620;170000;1.065;1.075;1.04;1.07;25593;0
ТРАНСАЭРао;60;20170620;180000;1.065;1.08;1.055;1.075;3236;0
ТРАНСАЭРао;60;20170621;100000;1.09;1.09;1.04;1.055;3502;0
ТРАНСАЭРао;60;20170621;110000;1.06;1.07;1.05;1.055;5947;0
ТРАНСАЭРао;60;20170621;120000;1.055;1.065;1.055;1.065;2882;0
ТРАНСАЭРао;60;20170621;130000;1.065;1.075;1.04;1.07;5869;0
ТРАНСАЭРао;60;20170621;140000;1.06;1.065;1.06;1.06;256;0
ТРАНСАЭРао;60;20170621;150000;1.065;1.075;1.055;1.075;1427;0
ТРАНСАЭРао;60;20170621;160000;1.075;1.085;1.065;1.085;1138;0
ТРАНСАЭРао;60;20170621;170000;1.08;1.085;1.075;1.085;45;0
ТРАНСАЭРао;60;20170621;180000;1.085;1.19;1.06;1.19;73412;0
ТРАНСАЭРао;60;20170622;100000;1.21;1.21;1.145;1.16;22681;0
ТРАНСАЭРао;60;20170622;110000;1.16;1.19;1.155;1.18;8029;0
ТРАНСАЭРао;60;20170622;120000;1.185;1.195;1.17;1.18;4951;0
ТРАНСАЭРао;60;20170622;130000;1.185;1.19;1.145;1.155;11939;0
ТРАНСАЭРао;60;20170622;140000;1.165;1.185;1.145;1.175;3601;0
ТРАНСАЭРао;60;20170622;150000;1.16;1.17;1.14;1.155;12042;0
ТРАНСАЭРао;60;20170622;160000;1.15;1.17;1.14;1.17;6802;0
ТРАНСАЭРао;60;20170622;170000;1.17;1.185;1.155;1.18;5141;0
ТРАНСАЭРао;60;20170622;180000;1.18;1.2;1.16;1.185;18252;0
ТРАНСАЭРао;60;20170623;100000;1.23;1.23;1.16;1.16;3988;0
ТРАНСАЭРао;60;20170623;110000;1.175;1.18;1.16;1.16;2200;0
ТРАНСАЭРао;60;20170623;120000;1.16;1.17;1.15;1.16;14570;0
ТРАНСАЭРао;60;20170623;130000;1.155;1.165;1.15;1.16;2858;0
ТРАНСАЭРао;60;20170623;140000;1.155;1.17;1.15;1.17;2638;0
ТРАНСАЭРао;60;20170623;150000;1.165;1.17;1.165;1.17;3195;0
ТРАНСАЭРао;60;20170623;160000;1.17;1.17;1.155;1.155;1971;0
ТРАНСАЭРао;60;20170623;170000;1.165;1.185;1.145;1.18;19739;0
ТРАНСАЭРао;60;20170623;180000;1.18;1.18;1.16;1.18;2729;0
ТРАНСАЭРао;60;20170626;100000;1.195;1.195;1.16;1.18;7266;0
ТРАНСАЭРао;60;20170626;110000;1.17;1.285;1.165;1.24;70621;0
ТРАНСАЭРао;60;20170626;120000;1.235;1.24;1.16;1.16;33787;0
ТРАНСАЭРао;60;20170626;130000;1.19;1.21;1.17;1.185;2360;0
ТРАНСАЭРао;60;20170626;140000;1.19;1.19;1.16;1.18;13499;0
ТРАНСАЭРао;60;20170626;150000;1.18;1.18;1.15;1.17;12763;0
ТРАНСАЭРао;60;20170626;160000;1.165;1.17;1.15;1.16;2502;0
ТРАНСАЭРао;60;20170626;170000;1.16;1.165;1.155;1.155;2064;0
ТРАНСАЭРао;60;20170626;180000;1.155;1.17;1.15;1.15;3424;0
ТРАНСАЭРао;60;20170627;100000;1.175;1.175;1.105;1.13;34894;0
ТРАНСАЭРао;60;20170627;110000;1.13;1.155;1.125;1.15;1808;0
ТРАНСАЭРао;60;20170627;120000;1.145;1.2;1.145;1.17;18431;0
ТРАНСАЭРао;60;20170627;130000;1.175;1.175;1.17;1.175;1772;0
ТРАНСАЭРао;60;20170627;140000;1.175;1.175;1.17;1.175;400;0
ТРАНСАЭРао;60;20170627;150000;1.17;1.17;1.17;1.17;210;0
ТРАНСАЭРао;60;20170627;160000;1.17;1.18;1.17;1.175;1328;0
ТРАНСАЭРао;60;20170627;170000;1.17;1.21;1.15;1.195;58216;0
ТРАНСАЭРао;60;20170627;180000;1.19;1.2;1.18;1.19;3656;0
ТРАНСАЭРао;60;20170628;100000;1.21;1.21;1.17;1.195;3491;0
ТРАНСАЭРао;60;20170628;110000;1.18;1.24;1.18;1.2;25240;0
ТРАНСАЭРао;60;20170628;120000;1.185;1.2;1.18;1.19;2651;0
ТРАНСАЭРао;60;20170628;130000;1.2;1.2;1.175;1.19;5031;0
ТРАНСАЭРао;60;20170628;140000;1.18;1.18;1.16;1.17;7780;0
ТРАНСАЭРао;60;20170628;150000;1.165;1.175;1.165;1.175;1520;0
ТРАНСАЭРао;60;20170628;160000;1.175;1.185;1.175;1.18;2890;0
ТРАНСАЭРао;60;20170628;170000;1.18;1.18;1.16;1.165;7578;0
ТРАНСАЭРао;60;20170628;180000;1.165;1.18;1.16;1.175;4470;0
ТРАНСАЭРао;60;20170629;100000;1.23;1.245;1.145;1.19;13052;0
ТРАНСАЭРао;60;20170629;110000;1.18;1.18;1.17;1.17;5981;0
ТРАНСАЭРао;60;20170629;120000;1.18;1.18;1.145;1.165;13866;0
ТРАНСАЭРао;60;20170629;130000;1.165;1.17;1.165;1.17;1002;0
ТРАНСАЭРао;60;20170629;140000;1.16;1.17;1.14;1.16;4438;0
ТРАНСАЭРао;60;20170629;150000;1.155;1.17;1.15;1.16;150;0
ТРАНСАЭРао;60;20170629;160000;1.15;1.16;1.15;1.16;504;0
ТРАНСАЭРао;60;20170629;170000;1.16;1.165;1.15;1.15;3446;0
ТРАНСАЭРао;60;20170629;180000;1.155;1.16;1.15;1.16;1545;0
ТРАНСАЭРао;60;20170630;100000;1.17;1.17;1.135;1.14;24284;0
ТРАНСАЭРао;60;20170630;110000;1.135;1.15;1.11;1.125;44859;0
ТРАНСАЭРао;60;20170630;120000;1.125;1.125;1.105;1.115;26110;0
ТРАНСАЭРао;60;20170630;130000;1.115;1.125;1.105;1.115;8482;0
ТРАНСАЭРао;60;20170630;140000;1.12;1.125;1.11;1.125;1281;0
ТРАНСАЭРао;60;20170630;150000;1.125;1.13;1.12;1.13;2262;0
ТРАНСАЭРао;60;20170630;160000;1.12;1.14;1.11;1.115;7432;0
ТРАНСАЭРао;60;20170630;170000;1.115;1.12;1.11;1.11;3109;0
ТРАНСАЭРао;60;20170630;180000;1.115;1.14;1.115;1.14;3155;0
ТРАНСАЭРао;60;20170703;100000;1.2;1.2;1.12;1.125;19975;0
ТРАНСАЭРао;60;20170703;110000;1.135;1.135;1.125;1.135;259;0
ТРАНСАЭРао;60;20170703;120000;1.135;1.135;1.125;1.13;473;0
ТРАНСАЭРао;60;20170703;130000;1.135;1.135;1.125;1.125;1404;0
ТРАНСАЭРао;60;20170703;140000;1.13;1.135;1.125;1.135;199;0
ТРАНСАЭРао;60;20170703;150000;1.135;1.135;1.13;1.13;4189;0
ТРАНСАЭРао;60;20170703;160000;1.125;1.13;1.12;1.12;3687;0
ТРАНСАЭРао;60;20170703;170000;1.12;1.15;1.115;1.14;33496;0
ТРАНСАЭРао;60;20170703;180000;1.135;1.135;1.115;1.13;2288;0
ТРАНСАЭРао;60;20170704;100000;1.12;1.13;1.075;1.125;12989;0
ТРАНСАЭРао;60;20170704;110000;1.115;1.125;1.1;1.12;4932;0
ТРАНСАЭРао;60;20170704;120000;1.12;1.13;1.115;1.12;11553;0
ТРАНСАЭРао;60;20170704;130000;1.125;1.125;1.115;1.12;1668;0
ТРАНСАЭРао;60;20170704;140000;1.125;1.125;1.115;1.115;2728;0
ТРАНСАЭРао;60;20170704;150000;1.125;1.125;1.125;1.125;27;0
ТРАНСАЭРао;60;20170704;160000;1.12;1.13;1.12;1.125;2756;0
ТРАНСАЭРао;60;20170704;170000;1.125;1.125;1.115;1.115;992;0
ТРАНСАЭРао;60;20170704;180000;1.115;1.125;1.115;1.12;871;0
ТРАНСАЭРао;60;20170705;100000;1.13;1.135;1.075;1.12;4965;0
ТРАНСАЭРао;60;20170705;110000;1.12;1.125;1.115;1.125;2369;0
ТРАНСАЭРао;60;20170705;120000;1.125;1.125;1.125;1.125;341;0
ТРАНСАЭРао;60;20170705;130000;1.115;1.125;1.115;1.12;602;0
ТРАНСАЭРао;60;20170705;140000;1.12;1.125;1.12;1.125;1532;0
ТРАНСАЭРао;60;20170705;150000;1.125;1.125;1.125;1.125;1064;0
ТРАНСАЭРао;60;20170705;160000;1.125;1.135;1.125;1.135;5970;0
ТРАНСАЭРао;60;20170705;170000;1.13;1.14;1.12;1.135;4590;0
ТРАНСАЭРао;60;20170705;180000;1.135;1.15;1.13;1.135;6549;0
ТРАНСАЭРао;60;20170706;100000;1.125;1.145;1.12;1.145;2314;0
ТРАНСАЭРао;60;20170706;110000;1.135;1.145;1.135;1.14;3603;0
ТРАНСАЭРао;60;20170706;120000;1.135;1.14;1.125;1.14;386;0
ТРАНСАЭРао;60;20170706;130000;1.14;1.14;1.12;1.125;2226;0
ТРАНСАЭРао;60;20170706;140000;1.125;1.125;1.105;1.12;20161;0
ТРАНСАЭРао;60;20170706;150000;1.12;1.12;1.1;1.105;11092;0
ТРАНСАЭРао;60;20170706;160000;1.11;1.115;1.11;1.115;1467;0
ТРАНСАЭРао;60;20170706;170000;1.11;1.13;1.11;1.13;9099;0
ТРАНСАЭРао;60;20170706;180000;1.125;1.14;1.12;1.135;18923;0
ТРАНСАЭРао;60;20170707;100000;1.135;1.135;1.11;1.11;3995;0
ТРАНСАЭРао;60;20170707;110000;1.125;1.135;1.115;1.135;17227;0
ТРАНСАЭРао;60;20170707;120000;1.135;1.135;1.105;1.115;15478;0
ТРАНСАЭРао;60;20170707;130000;1.115;1.12;1.1;1.1;16647;0
ТРАНСАЭРао;60;20170707;140000;1.105;1.115;1.105;1.115;1417;0
ТРАНСАЭРао;60;20170707;150000;1.11;1.115;1.105;1.115;3725;0
ТРАНСАЭРао;60;20170707;160000;1.12;1.12;1.115;1.115;126;0
ТРАНСАЭРао;60;20170707;170000;1.115;1.12;1.1;1.115;30968;0
ТРАНСАЭРао;60;20170707;180000;1.115;1.13;1.1;1.105;13200;0
ТРАНСАЭРао;60;20170710;100000;1.13;1.13;1.095;1.095;8892;0
ТРАНСАЭРао;60;20170710;110000;1.11;1.115;1.11;1.115;1301;0
ТРАНСАЭРао;60;20170710;120000;1.11;1.115;1.105;1.115;94;0
ТРАНСАЭРао;60;20170710;130000;1.115;1.115;1.115;1.115;113;0
ТРАНСАЭРао;60;20170710;140000;1.115;1.12;1.11;1.12;7295;0
ТРАНСАЭРао;60;20170710;150000;1.12;1.12;1.115;1.115;820;0
ТРАНСАЭРао;60;20170710;160000;1.115;1.12;1.11;1.12;942;0
ТРАНСАЭРао;60;20170710;170000;1.12;1.125;1.115;1.12;1295;0
ТРАНСАЭРао;60;20170710;180000;1.115;1.125;1.115;1.125;5498;0
ТРАНСАЭРао;60;20170711;100000;1.12;1.125;1.105;1.12;3906;0
ТРАНСАЭРао;60;20170711;110000;1.115;1.12;1.11;1.115;1650;0
ТРАНСАЭРао;60;20170711;120000;1.115;1.13;1.115;1.125;13728;0
ТРАНСАЭРао;60;20170711;130000;1.12;1.125;1.115;1.125;677;0
ТРАНСАЭРао;60;20170711;140000;1.12;1.125;1.12;1.12;200;0
ТРАНСАЭРао;60;20170711;150000;1.12;1.125;1.095;1.12;13503;0
ТРАНСАЭРао;60;20170711;160000;1.11;1.13;1.11;1.13;21573;0
ТРАНСАЭРао;60;20170711;170000;1.13;1.185;1.13;1.14;33523;0
ТРАНСАЭРао;60;20170711;180000;1.16;1.16;1.12;1.145;5854;0
ТРАНСАЭРао;60;20170712;100000;1.22;1.22;1.14;1.18;9976;0
ТРАНСАЭРао;60;20170712;110000;1.18;1.195;1.175;1.175;22396;0
ТРАНСАЭРао;60;20170712;120000;1.165;1.18;1.155;1.18;462;0
ТРАНСАЭРао;60;20170712;130000;1.17;1.195;1.165;1.18;12890;0
ТРАНСАЭРао;60;20170712;140000;1.19;1.245;1.165;1.21;46061;0
ТРАНСАЭРао;60;20170712;150000;1.205;1.22;1.15;1.22;67698;0
ТРАНСАЭРао;60;20170712;160000;1.22;1.245;1.195;1.235;18794;0
ТРАНСАЭРао;60;20170712;170000;1.225;1.27;1.205;1.24;73384;0
ТРАНСАЭРао;60;20170712;180000;1.23;1.255;1.205;1.245;30837;0
ТРАНСАЭРао;60;20170713;100000;1.29;1.365;1.22;1.35;134123;0
ТРАНСАЭРао;60;20170713;110000;1.345;1.36;1.295;1.345;51602;0
ТРАНСАЭРао;60;20170713;120000;1.35;1.45;1.325;1.415;111252;0
ТРАНСАЭРао;60;20170713;130000;1.415;1.545;1.33;1.41;229250;0
ТРАНСАЭРао;60;20170713;140000;1.405;1.405;1.3;1.345;99467;0
ТРАНСАЭРао;60;20170713;150000;1.335;1.36;1.31;1.32;19638;0
ТРАНСАЭРао;60;20170713;160000;1.325;1.39;1.31;1.36;37873;0
ТРАНСАЭРао;60;20170713;170000;1.36;1.395;1.31;1.365;19494;0
ТРАНСАЭРао;60;20170713;180000;1.365;1.455;1.345;1.395;35076;0
ТРАНСАЭРао;60;20170714;100000;1.36;1.4;1.145;1.29;47972;0
ТРАНСАЭРао;60;20170714;110000;1.29;1.345;1.29;1.345;13980;0
ТРАНСАЭРао;60;20170714;120000;1.34;1.34;1.305;1.315;1976;0
ТРАНСАЭРао;60;20170714;130000;1.33;1.34;1.33;1.33;4697;0
ТРАНСАЭРао;60;20170714;140000;1.33;1.345;1.3;1.325;2900;0
ТРАНСАЭРао;60;20170714;150000;1.325;1.33;1.32;1.32;2943;0
ТРАНСАЭРао;60;20170714;160000;1.32;1.32;1.3;1.32;8883;0
ТРАНСАЭРао;60;20170714;170000;1.31;1.325;1.305;1.32;6638;0
ТРАНСАЭРао;60;20170714;180000;1.315;1.325;1.305;1.305;1042;0
ТРАНСАЭРао;60;20170717;100000;1.37;1.37;1.31;1.315;33808;0
ТРАНСАЭРао;60;20170717;110000;1.315;1.335;1.26;1.27;13097;0
ТРАНСАЭРао;60;20170717;120000;1.275;1.31;1.27;1.3;1910;0
ТРАНСАЭРао;60;20170717;130000;1.3;1.305;1.255;1.285;5883;0
ТРАНСАЭРао;60;20170717;140000;1.275;1.28;1.245;1.265;19129;0
ТРАНСАЭРао;60;20170717;150000;1.27;1.27;1.235;1.25;12012;0
ТРАНСАЭРао;60;20170717;160000;1.25;1.27;1.25;1.265;2495;0
ТРАНСАЭРао;60;20170717;170000;1.27;1.27;1.26;1.265;3910;0
ТРАНСАЭРао;60;20170717;180000;1.26;1.265;1.235;1.25;13167;0
ТРАНСАЭРао;60;20170718;100000;1.19;1.27;1.19;1.22;16975;0
ТРАНСАЭРао;60;20170718;110000;1.22;1.235;1.2;1.215;10093;0
ТРАНСАЭРао;60;20170718;120000;1.215;1.225;1.185;1.21;6479;0
ТРАНСАЭРао;60;20170718;130000;1.21;1.22;1.19;1.21;6605;0
ТРАНСАЭРао;60;20170718;140000;1.205;1.215;1.2;1.205;1472;0
ТРАНСАЭРао;60;20170718;150000;1.2;1.245;1.2;1.245;6415;0
ТРАНСАЭРао;60;20170718;160000;1.24;1.305;1.235;1.265;37372;0
ТРАНСАЭРао;60;20170718;170000;1.26;1.275;1.245;1.265;1789;0
ТРАНСАЭРао;60;20170718;180000;1.265;1.265;1.235;1.265;5223;0
ТРАНСАЭРао;60;20170719;100000;1.27;1.315;1.24;1.31;16338;0
ТРАНСАЭРао;60;20170719;110000;1.305;1.305;1.27;1.29;8911;0
ТРАНСАЭРао;60;20170719;120000;1.29;1.295;1.27;1.275;2254;0
ТРАНСАЭРао;60;20170719;130000;1.27;1.275;1.27;1.275;313;0
ТРАНСАЭРао;60;20170719;140000;1.265;1.27;1.245;1.265;5140;0
ТРАНСАЭРао;60;20170719;150000;1.26;1.265;1.245;1.255;14003;0
ТРАНСАЭРао;60;20170719;160000;1.255;1.27;1.25;1.265;1931;0
ТРАНСАЭРао;60;20170719;170000;1.27;1.27;1.225;1.245;26529;0
ТРАНСАЭРао;60;20170719;180000;1.24;1.26;1.23;1.255;5723;0
ТРАНСАЭРао;60;20170720;100000;1.29;1.29;1.215;1.245;4363;0
ТРАНСАЭРао;60;20170720;110000;1.245;1.245;1.19;1.205;11937;0
ТРАНСАЭРао;60;20170720;120000;1.21;1.24;1.21;1.21;3280;0
ТРАНСАЭРао;60;20170720;130000;1.22;1.285;1.22;1.255;37757;0
ТРАНСАЭРао;60;20170720;140000;1.25;1.265;1.235;1.255;11430;0
ТРАНСАЭРао;60;20170720;150000;1.25;1.28;1.23;1.275;14232;0
ТРАНСАЭРао;60;20170720;160000;1.27;1.28;1.245;1.27;5199;0
ТРАНСАЭРао;60;20170720;170000;1.26;1.27;1.24;1.245;27855;0
ТРАНСАЭРао;60;20170720;180000;1.245;1.25;1.21;1.225;9775;0
ТРАНСАЭРао;60;20170721;100000;1.3;1.3;1.21;1.23;4026;0
ТРАНСАЭРао;60;20170721;110000;1.23;1.235;1.215;1.22;1359;0
ТРАНСАЭРао;60;20170721;120000;1.215;1.225;1.185;1.2;41190;0
ТРАНСАЭРао;60;20170721;130000;1.2;1.22;1.19;1.205;2067;0
ТРАНСАЭРао;60;20170721;140000;1.21;1.22;1.2;1.22;5145;0
ТРАНСАЭРао;60;20170721;150000;1.22;1.22;1.21;1.21;2817;0
ТРАНСАЭРао;60;20170721;160000;1.215;1.235;1.215;1.225;18271;0
ТРАНСАЭРао;60;20170721;170000;1.225;1.225;1.22;1.225;1654;0
ТРАНСАЭРао;60;20170721;180000;1.22;1.23;1.22;1.23;15927;0
ТРАНСАЭРао;60;20170724;100000;1.3;1.3;1.19;1.225;5966;0
ТРАНСАЭРао;60;20170724;110000;1.225;1.23;1.215;1.23;509;0
ТРАНСАЭРао;60;20170724;120000;1.23;1.23;1.215;1.23;2689;0
ТРАНСАЭРао;60;20170724;130000;1.22;1.23;1.22;1.23;4638;0
ТРАНСАЭРао;60;20170724;140000;1.225;1.25;1.225;1.25;5894;0
ТРАНСАЭРао;60;20170724;150000;1.235;1.26;1.235;1.235;3121;0
ТРАНСАЭРао;60;20170724;160000;1.245;1.245;1.215;1.23;8797;0
ТРАНСАЭРао;60;20170724;170000;1.23;1.23;1.22;1.23;57;0
ТРАНСАЭРао;60;20170724;180000;1.225;1.23;1.215;1.225;1219;0
ТРАНСАЭРао;60;20170725;100000;1.235;1.235;1.205;1.235;8710;0
ТРАНСАЭРао;60;20170725;110000;1.235;1.235;1.215;1.22;2292;0
ТРАНСАЭРао;60;20170725;120000;1.215;1.23;1.215;1.23;6833;0
ТРАНСАЭРао;60;20170725;130000;1.23;1.23;1.215;1.225;847;0
ТРАНСАЭРао;60;20170725;140000;1.225;1.23;1.225;1.23;1601;0
ТРАНСАЭРао;60;20170725;150000;1.23;1.23;1.23;1.23;633;0
ТРАНСАЭРао;60;20170725;160000;1.23;1.23;1.23;1.23;10;0
ТРАНСАЭРао;60;20170725;170000;1.23;1.23;1.215;1.225;1841;0
ТРАНСАЭРао;60;20170725;180000;1.215;1.23;1.215;1.225;425;0
ТРАНСАЭРао;60;20170726;100000;1.23;1.23;1.225;1.23;74;0
ТРАНСАЭРао;60;20170726;110000;1.22;1.23;1.22;1.22;86;0
ТРАНСАЭРао;60;20170726;120000;1.22;1.23;1.215;1.22;5295;0
ТРАНСАЭРао;60;20170726;130000;1.215;1.24;1.2;1.22;16624;0
ТРАНСАЭРао;60;20170726;140000;1.215;1.225;1.195;1.215;2081;0
ТРАНСАЭРао;60;20170726;150000;1.215;1.22;1.2;1.215;3473;0
ТРАНСАЭРао;60;20170726;160000;1.215;1.23;1.215;1.23;4763;0
ТРАНСАЭРао;60;20170726;170000;1.22;1.225;1.215;1.225;477;0
ТРАНСАЭРао;60;20170726;180000;1.215;1.23;1.21;1.225;14348;0
ТРАНСАЭРао;60;20170727;100000;1.4;1.4;1.195;1.22;9611;0
ТРАНСАЭРао;60;20170727;110000;1.215;1.225;1.21;1.215;1026;0
ТРАНСАЭРао;60;20170727;120000;1.225;1.225;1.21;1.22;1787;0
ТРАНСАЭРао;60;20170727;130000;1.215;1.215;1.21;1.215;5413;0
ТРАНСАЭРао;60;20170727;140000;1.215;1.235;1.21;1.23;5326;0
ТРАНСАЭРао;60;20170727;150000;1.225;1.235;1.225;1.235;2829;0
ТРАНСАЭРао;60;20170727;160000;1.24;1.245;1.225;1.23;4446;0
ТРАНСАЭРао;60;20170727;170000;1.24;1.25;1.23;1.235;11243;0
ТРАНСАЭРао;60;20170727;180000;1.24;1.255;1.235;1.245;14472;0
ТРАНСАЭРао;60;20170728;100000;1.3;1.3;1.225;1.255;5298;0
ТРАНСАЭРао;60;20170728;110000;1.24;1.26;1.24;1.26;2258;0
ТРАНСАЭРао;60;20170728;120000;1.255;1.26;1.21;1.24;7875;0
ТРАНСАЭРао;60;20170728;130000;1.23;1.24;1.23;1.24;173;0
ТРАНСАЭРао;60;20170728;140000;1.24;1.24;1.2;1.215;35662;0
ТРАНСАЭРао;60;20170728;150000;1.215;1.215;1.21;1.215;600;0
ТРАНСАЭРао;60;20170728;160000;1.21;1.215;1.21;1.21;1145;0
ТРАНСАЭРао;60;20170728;170000;1.21;1.225;1.205;1.215;1408;0
ТРАНСАЭРао;60;20170728;180000;1.205;1.215;1.19;1.205;12860;0
ТРАНСАЭРао;60;20170731;100000;1.3;1.3;1.2;1.205;1019;0
ТРАНСАЭРао;60;20170731;110000;1.2;1.225;1.19;1.205;7749;0
ТРАНСАЭРао;60;20170731;120000;1.195;1.205;1.185;1.2;3617;0
ТРАНСАЭРао;60;20170731;130000;1.195;1.205;1.15;1.18;19651;0
ТРАНСАЭРао;60;20170731;140000;1.175;1.195;1.17;1.195;3637;0
ТРАНСАЭРао;60;20170731;150000;1.195;1.195;1.19;1.195;1165;0
ТРАНСАЭРао;60;20170731;160000;1.195;1.21;1.195;1.2;2492;0
ТРАНСАЭРао;60;20170731;170000;1.2;1.2;1.2;1.2;178;0
ТРАНСАЭРао;60;20170731;180000;1.2;1.225;1.2;1.225;20408;0
ТРАНСАЭРао;60;20170801;100000;1.4;1.4;1.205;1.225;4333;0
ТРАНСАЭРао;60;20170801;110000;1.225;1.225;1.22;1.22;461;0
ТРАНСАЭРао;60;20170801;120000;1.22;1.225;1.22;1.225;2132;0
ТРАНСАЭРао;60;20170801;130000;1.215;1.23;1.215;1.23;8428;0
ТРАНСАЭРао;60;20170801;140000;1.23;1.235;1.225;1.23;3970;0
ТРАНСАЭРао;60;20170801;150000;1.225;1.23;1.225;1.225;3558;0
ТРАНСАЭРао;60;20170801;160000;1.225;1.235;1.225;1.235;1146;0
ТРАНСАЭРао;60;20170801;170000;1.225;1.23;1.22;1.225;356;0
ТРАНСАЭРао;60;20170801;180000;1.23;1.25;1.22;1.25;17850;0
ТРАНСАЭРао;60;20170802;100000;1.33;1.33;1.245;1.255;926;0
ТРАНСАЭРао;60;20170802;110000;1.24;1.275;1.24;1.275;29397;0
ТРАНСАЭРао;60;20170802;120000;1.27;1.27;1.255;1.255;2067;0
ТРАНСАЭРао;60;20170802;130000;1.26;1.26;1.25;1.25;642;0
ТРАНСАЭРао;60;20170802;140000;1.26;1.26;1.25;1.255;1586;0
ТРАНСАЭРао;60;20170802;150000;1.25;1.255;1.25;1.25;141;0
ТРАНСАЭРао;60;20170802;160000;1.25;1.255;1.25;1.25;814;0
ТРАНСАЭРао;60;20170802;170000;1.255;1.26;1.255;1.26;772;0
ТРАНСАЭРао;60;20170802;180000;1.25;1.27;1.25;1.265;4519;0
ТРАНСАЭРао;60;20170803;100000;1.5;1.5;1.25;1.26;6168;0
ТРАНСАЭРао;60;20170803;110000;1.265;1.27;1.26;1.27;2240;0
ТРАНСАЭРао;60;20170803;120000;1.27;1.28;1.245;1.26;10577;0
ТРАНСАЭРао;60;20170803;130000;1.255;1.26;1.25;1.26;1144;0
ТРАНСАЭРао;60;20170803;140000;1.255;1.255;1.25;1.25;11792;0
ТРАНСАЭРао;60;20170803;150000;1.25;1.255;1.245;1.245;10321;0
ТРАНСАЭРао;60;20170803;160000;1.24;1.25;1.24;1.25;451;0
ТРАНСАЭРао;60;20170803;170000;1.255;1.26;1.255;1.26;50;0
ТРАНСАЭРао;60;20170803;180000;1.26;1.26;1.235;1.26;2070;0
ТРАНСАЭРао;60;20170804;100000;1.35;1.35;1.23;1.235;506;0
ТРАНСАЭРао;60;20170804;110000;1.23;1.245;1.225;1.24;2381;0
ТРАНСАЭРао;60;20170804;120000;1.24;1.245;1.235;1.245;258;0
ТРАНСАЭРао;60;20170804;130000;1.245;1.245;1.24;1.245;348;0
ТРАНСАЭРао;60;20170804;140000;1.245;1.25;1.23;1.25;962;0
ТРАНСАЭРао;60;20170804;150000;1.24;1.245;1.225;1.225;807;0
ТРАНСАЭРао;60;20170804;160000;1.24;1.24;1.225;1.24;208;0
ТРАНСАЭРао;60;20170804;170000;1.24;1.24;1.225;1.225;68;0
ТРАНСАЭРао;60;20170804;180000;1.235;1.24;1.23;1.24;105;0
ТРАНСАЭРао;60;20170807;100000;1.5;1.5;1.22;1.255;1006;0
ТРАНСАЭРао;60;20170807;110000;1.25;1.26;1.24;1.245;7185;0
ТРАНСАЭРао;60;20170807;120000;1.25;1.26;1.25;1.26;412;0
ТРАНСАЭРао;60;20170807;130000;1.26;1.26;1.255;1.255;129;0
ТРАНСАЭРао;60;20170807;140000;1.255;1.27;1.25;1.25;2565;0
ТРАНСАЭРао;60;20170807;150000;1.25;1.25;1.25;1.25;43;0
ТРАНСАЭРао;60;20170807;160000;1.25;1.26;1.25;1.25;542;0
ТРАНСАЭРао;60;20170807;170000;1.26;1.26;1.25;1.25;2882;0
ТРАНСАЭРао;60;20170807;180000;1.245;1.25;1.235;1.25;2667;0
ТРАНСАЭРао;60;20170808;100000;1.33;1.33;1.24;1.25;147;0
ТРАНСАЭРао;60;20170808;110000;1.25;1.255;1.22;1.235;2291;0
ТРАНСАЭРао;60;20170808;120000;1.235;1.24;1.225;1.24;2432;0
ТРАНСАЭРао;60;20170808;130000;1.24;1.245;1.24;1.245;377;0
ТРАНСАЭРао;60;20170808;140000;1.245;1.25;1.245;1.25;570;0
ТРАНСАЭРао;60;20170808;150000;1.24;1.285;1.235;1.24;18114;0
ТРАНСАЭРао;60;20170808;160000;1.245;1.26;1.245;1.255;123;0
ТРАНСАЭРао;60;20170808;170000;1.25;1.255;1.24;1.255;282;0
ТРАНСАЭРао;60;20170808;180000;1.245;1.27;1.23;1.25;11143;0
ТРАНСАЭРао;60;20170809;100000;1.3;1.3;1.245;1.26;914;0
ТРАНСАЭРао;60;20170809;110000;1.255;1.31;1.245;1.31;31291;0
ТРАНСАЭРао;60;20170809;120000;1.3;1.485;1.3;1.41;168760;0
ТРАНСАЭРао;60;20170809;130000;1.41;1.42;1.3;1.33;103732;0
ТРАНСАЭРао;60;20170809;140000;1.345;1.39;1.315;1.39;11323;0
ТРАНСАЭРао;60;20170809;150000;1.36;1.38;1.31;1.335;8335;0
ТРАНСАЭРао;60;20170809;160000;1.335;1.355;1.305;1.355;9970;0
ТРАНСАЭРао;60;20170809;170000;1.345;1.35;1.325;1.345;5622;0
ТРАНСАЭРао;60;20170809;180000;1.34;1.345;1.34;1.345;1878;0
ТРАНСАЭРао;60;20170810;100000;1.43;1.43;1.32;1.37;13359;0
ТРАНСАЭРао;60;20170810;110000;1.36;1.37;1.36;1.36;7900;0
ТРАНСАЭРао;60;20170810;120000;1.36;1.37;1.35;1.365;7815;0
ТРАНСАЭРао;60;20170810;130000;1.36;1.365;1.33;1.33;5395;0
ТРАНСАЭРао;60;20170810;140000;1.325;1.345;1.305;1.34;17592;0
ТРАНСАЭРао;60;20170810;150000;1.33;1.35;1.33;1.33;1708;0
ТРАНСАЭРао;60;20170810;160000;1.34;1.35;1.335;1.345;3209;0
ТРАНСАЭРао;60;20170810;170000;1.34;1.34;1.33;1.34;688;0
ТРАНСАЭРао;60;20170810;180000;1.33;1.34;1.305;1.325;7648;0
ТРАНСАЭРао;60;20170811;100000;1.435;1.445;1.31;1.365;29731;0
ТРАНСАЭРао;60;20170811;110000;1.365;1.365;1.345;1.345;2363;0
ТРАНСАЭРао;60;20170811;120000;1.345;1.375;1.34;1.355;1527;0
ТРАНСАЭРао;60;20170811;130000;1.355;1.355;1.305;1.34;10211;0
ТРАНСАЭРао;60;20170811;140000;1.335;1.35;1.325;1.35;3731;0
ТРАНСАЭРао;60;20170811;150000;1.345;1.35;1.325;1.325;1790;0
ТРАНСАЭРао;60;20170811;160000;1.33;1.35;1.32;1.335;8832;0
ТРАНСАЭРао;60;20170811;170000;1.33;1.34;1.315;1.335;5240;0
ТРАНСАЭРао;60;20170811;180000;1.34;1.345;1.335;1.335;895;0
ТРАНСАЭРао;60;20170814;100000;1.39;1.565;1.32;1.425;137091;0
ТРАНСАЭРао;60;20170814;110000;1.425;1.455;1.405;1.435;17222;0
ТРАНСАЭРао;60;20170814;120000;1.44;1.445;1.42;1.43;10146;0
ТРАНСАЭРао;60;20170814;130000;1.43;1.495;1.425;1.455;86366;0
ТРАНСАЭРао;60;20170814;140000;1.455;1.49;1.445;1.485;15769;0
ТРАНСАЭРао;60;20170814;150000;1.49;1.495;1.46;1.485;23535;0
ТРАНСАЭРао;60;20170814;160000;1.49;1.495;1.475;1.485;4606;0
ТРАНСАЭРао;60;20170814;170000;1.485;1.495;1.48;1.495;15167;0
ТРАНСАЭРао;60;20170814;180000;1.49;1.495;1.47;1.485;11845;0
ТРАНСАЭРао;60;20170815;100000;1.58;1.64;1.49;1.52;66560;0
ТРАНСАЭРао;60;20170815;110000;1.52;1.55;1.51;1.53;29329;0
ТРАНСАЭРао;60;20170815;120000;1.535;1.535;1.49;1.505;69263;0
ТРАНСАЭРао;60;20170815;130000;1.51;1.52;1.5;1.51;6579;0
ТРАНСАЭРао;60;20170815;140000;1.5;1.515;1.5;1.5;2902;0
ТРАНСАЭРао;60;20170815;150000;1.51;1.525;1.5;1.51;4423;0
ТРАНСАЭРао;60;20170815;160000;1.51;1.55;1.5;1.535;27281;0
ТРАНСАЭРао;60;20170815;170000;1.53;1.55;1.525;1.55;9354;0
ТРАНСАЭРао;60;20170815;180000;1.545;1.55;1.535;1.545;16111;0
ТРАНСАЭРао;60;20170816;100000;1.6;1.6;1.515;1.53;36894;0
ТРАНСАЭРао;60;20170816;110000;1.54;1.54;1.5;1.52;14238;0
ТРАНСАЭРао;60;20170816;120000;1.52;1.52;1.41;1.495;103169;0
ТРАНСАЭРао;60;20170816;130000;1.495;1.5;1.49;1.49;8133;0
ТРАНСАЭРао;60;20170816;140000;1.49;1.525;1.49;1.525;44218;0
ТРАНСАЭРао;60;20170816;150000;1.52;1.52;1.485;1.485;14380;0
ТРАНСАЭРао;60;20170816;160000;1.49;1.495;1.475;1.49;3927;0
ТРАНСАЭРао;60;20170816;170000;1.485;1.485;1.41;1.45;82171;0
ТРАНСАЭРао;60;20170816;180000;1.445;1.465;1.41;1.415;35603;0
ТРАНСАЭРао;60;20170817;100000;1.45;1.46;1.4;1.42;6077;0
ТРАНСАЭРао;60;20170817;110000;1.42;1.42;1.395;1.41;2640;0
ТРАНСАЭРао;60;20170817;120000;1.405;1.415;1.365;1.38;9047;0
ТРАНСАЭРао;60;20170817;130000;1.38;1.39;1.355;1.38;21677;0
ТРАНСАЭРао;60;20170817;140000;1.375;1.385;1.375;1.385;1414;0
ТРАНСАЭРао;60;20170817;150000;1.38;1.39;1.375;1.38;3345;0
ТРАНСАЭРао;60;20170817;160000;1.385;1.42;1.385;1.4;3285;0
ТРАНСАЭРао;60;20170817;170000;1.395;1.395;1.375;1.395;4294;0
ТРАНСАЭРао;60;20170817;180000;1.395;1.395;1.38;1.385;2029;0
ТРАНСАЭРао;60;20170818;100000;1.57;1.57;1.335;1.355;13694;0
ТРАНСАЭРао;60;20170818;110000;1.355;1.38;1.35;1.38;6843;0
ТРАНСАЭРао;60;20170818;120000;1.365;1.38;1.36;1.375;12989;0
ТРАНСАЭРао;60;20170818;130000;1.37;1.375;1.36;1.36;4366;0
ТРАНСАЭРао;60;20170818;140000;1.37;1.37;1.365;1.37;601;0
ТРАНСАЭРао;60;20170818;150000;1.365;1.37;1.365;1.365;234;0
ТРАНСАЭРао;60;20170818;160000;1.36;1.37;1.345;1.355;4377;0
ТРАНСАЭРао;60;20170818;170000;1.35;1.38;1.35;1.38;10987;0
ТРАНСАЭРао;60;20170818;180000;1.38;1.425;1.38;1.415;36046;0
ТРАНСАЭРао;60;20170821;100000;1.495;1.495;1.355;1.4;20282;0
ТРАНСАЭРао;60;20170821;110000;1.39;1.445;1.39;1.425;9238;0
ТРАНСАЭРао;60;20170821;120000;1.425;1.425;1.405;1.42;1745;0
ТРАНСАЭРао;60;20170821;130000;1.42;1.42;1.405;1.42;7774;0
ТРАНСАЭРао;60;20170821;140000;1.415;1.425;1.4;1.415;863;0
ТРАНСАЭРао;60;20170821;150000;1.405;1.41;1.4;1.41;948;0
ТРАНСАЭРао;60;20170821;160000;1.405;1.42;1.4;1.415;514;0
ТРАНСАЭРао;60;20170821;170000;1.415;1.435;1.41;1.425;2163;0
ТРАНСАЭРао;60;20170821;180000;1.42;1.425;1.42;1.42;49;0
ТРАНСАЭРао;60;20170822;100000;1.495;1.495;1.42;1.45;27279;0
ТРАНСАЭРао;60;20170822;110000;1.435;1.45;1.38;1.425;24226;0
ТРАНСАЭРао;60;20170822;120000;1.43;1.44;1.43;1.44;1155;0
ТРАНСАЭРао;60;20170822;130000;1.43;1.435;1.42;1.435;15790;0
ТРАНСАЭРао;60;20170822;140000;1.435;1.445;1.42;1.44;5063;0
ТРАНСАЭРао;60;20170822;150000;1.44;1.44;1.415;1.435;21048;0
ТРАНСАЭРао;60;20170822;160000;1.42;1.42;1.39;1.395;7974;0
ТРАНСАЭРао;60;20170822;170000;1.4;1.41;1.4;1.41;363;0
ТРАНСАЭРао;60;20170822;180000;1.4;1.425;1.385;1.415;5987;0
ТРАНСАЭРао;60;20170823;100000;2;2;1.28;1.385;80827;0
ТРАНСАЭРао;60;20170823;110000;1.38;1.395;1.375;1.385;4170;0
ТРАНСАЭРао;60;20170823;120000;1.38;1.425;1.365;1.395;23904;0
ТРАНСАЭРао;60;20170823;130000;1.395;1.42;1.39;1.395;571;0
ТРАНСАЭРао;60;20170823;140000;1.4;1.405;1.385;1.385;268;0
ТРАНСАЭРао;60;20170823;150000;1.395;1.4;1.38;1.4;3731;0
ТРАНСАЭРао;60;20170823;160000;1.395;1.405;1.385;1.405;751;0
ТРАНСАЭРао;60;20170823;170000;1.4;1.405;1.395;1.395;60;0
ТРАНСАЭРао;60;20170823;180000;1.4;1.405;1.38;1.395;672;0
ТРАНСАЭРао;60;20170824;100000;1.41;1.41;1.32;1.36;28698;0
ТРАНСАЭРао;60;20170824;110000;1.355;1.37;1.35;1.36;2399;0
ТРАНСАЭРао;60;20170824;120000;1.365;1.375;1.345;1.37;4541;0
ТРАНСАЭРао;60;20170824;130000;1.355;1.365;1.355;1.365;22;0
ТРАНСАЭРао;60;20170824;140000;1.355;1.38;1.355;1.38;3423;0
ТРАНСАЭРао;60;20170824;150000;1.375;1.38;1.365;1.365;3552;0
ТРАНСАЭРао;60;20170824;160000;1.365;1.38;1.355;1.355;956;0
ТРАНСАЭРао;60;20170824;170000;1.365;1.375;1.35;1.375;7364;0
ТРАНСАЭРао;60;20170824;180000;1.365;1.4;1.36;1.37;13046;0
ТРАНСАЭРао;60;20170825;100000;1.47;1.47;1.375;1.395;2170;0
ТРАНСАЭРао;60;20170825;110000;1.385;1.405;1.36;1.385;5340;0
ТРАНСАЭРао;60;20170825;120000;1.385;1.415;1.38;1.395;12476;0
ТРАНСАЭРао;60;20170825;130000;1.4;1.4;1.375;1.4;2740;0
ТРАНСАЭРао;60;20170825;150000;1.385;1.395;1.385;1.385;4;0
ТРАНСАЭРао;60;20170825;160000;1.395;1.41;1.395;1.41;1344;0
ТРАНСАЭРао;60;20170825;170000;1.405;1.405;1.39;1.39;247;0
ТРАНСАЭРао;60;20170825;180000;1.39;1.41;1.39;1.41;1521;0
ТРАНСАЭРао;60;20170828;100000;1.415;1.43;1.395;1.41;3448;0
ТРАНСАЭРао;60;20170828;110000;1.405;1.415;1.4;1.405;5571;0
ТРАНСАЭРао;60;20170828;120000;1.41;1.435;1.41;1.42;6605;0
ТРАНСАЭРао;60;20170828;130000;1.42;1.425;1.38;1.385;35449;0
ТРАНСАЭРао;60;20170828;140000;1.4;1.415;1.385;1.415;2944;0
ТРАНСАЭРао;60;20170828;150000;1.415;1.49;1.41;1.485;121371;0
ТРАНСАЭРао;60;20170828;160000;1.475;1.485;1.46;1.48;34190;0
ТРАНСАЭРао;60;20170828;170000;1.48;1.49;1.385;1.43;90309;0
ТРАНСАЭРао;60;20170828;180000;1.425;1.435;1.42;1.43;4025;0
ТРАНСАЭРао;60;20170829;100000;1.525;1.525;1.155;1.42;34183;0
ТРАНСАЭРао;60;20170829;110000;1.425;1.425;1.405;1.425;21583;0
ТРАНСАЭРао;60;20170829;120000;1.42;1.435;1.42;1.42;7533;0
ТРАНСАЭРао;60;20170829;130000;1.42;1.425;1.395;1.415;7567;0
ТРАНСАЭРао;60;20170829;140000;1.405;1.405;1.39;1.395;7859;0
ТРАНСАЭРао;60;20170829;150000;1.4;1.415;1.4;1.415;1546;0
ТРАНСАЭРао;60;20170829;160000;1.41;1.415;1.41;1.415;989;0
ТРАНСАЭРао;60;20170829;170000;1.415;1.42;1.415;1.415;2019;0
ТРАНСАЭРао;60;20170829;180000;1.415;1.415;1.4;1.415;5845;0
ТРАНСАЭРао;60;20170830;100000;1.49;1.49;1.39;1.415;8003;0
ТРАНСАЭРао;60;20170830;110000;1.42;1.425;1.405;1.425;5249;0
ТРАНСАЭРао;60;20170830;120000;1.41;1.41;1.395;1.395;8690;0
ТРАНСАЭРао;60;20170830;130000;1.4;1.4;1.395;1.395;5072;0
ТРАНСАЭРао;60;20170830;140000;1.395;1.41;1.395;1.405;2837;0
ТРАНСАЭРао;60;20170830;150000;1.405;1.42;1.405;1.415;2857;0
ТРАНСАЭРао;60;20170830;160000;1.415;1.42;1.41;1.42;1040;0
ТРАНСАЭРао;60;20170830;170000;1.42;1.43;1.41;1.425;3664;0
ТРАНСАЭРао;60;20170830;180000;1.425;1.425;1.41;1.42;743;0
ТРАНСАЭРао;60;20170831;100000;1.48;1.48;1.395;1.4;5622;0
ТРАНСАЭРао;60;20170831;110000;1.4;1.4;1.395;1.4;9074;0
ТРАНСАЭРао;60;20170831;120000;1.4;1.4;1.4;1.4;9025;0
ТРАНСАЭРао;60;20170831;130000;1.395;1.4;1.395;1.4;8742;0
ТРАНСАЭРао;60;20170831;140000;1.395;1.4;1.395;1.4;13897;0
ТРАНСАЭРао;60;20170831;150000;1.395;1.4;1.385;1.395;3555;0
ТРАНСАЭРао;60;20170831;160000;1.395;1.4;1.385;1.4;463;0
ТРАНСАЭРао;60;20170831;170000;1.395;1.4;1.38;1.38;5172;0
ТРАНСАЭРао;60;20170831;180000;1.38;1.4;1.38;1.4;5022;0
ТРАНСАЭРао;60;20170901;100000;1.42;1.42;1.375;1.39;8762;0
ТРАНСАЭРао;60;20170901;110000;1.39;1.39;1.38;1.39;165;0
ТРАНСАЭРао;60;20170901;120000;1.39;1.39;1.385;1.39;119;0
ТРАНСАЭРао;60;20170901;130000;1.385;1.48;1.375;1.42;145538;0
ТРАНСАЭРао;60;20170901;140000;1.42;1.47;1.42;1.44;36741;0
ТРАНСАЭРао;60;20170901;150000;1.44;1.45;1.415;1.43;3772;0
ТРАНСАЭРао;60;20170901;160000;1.435;1.44;1.415;1.42;13042;0
ТРАНСАЭРао;60;20170901;170000;1.42;1.48;1.4;1.47;105520;0
ТРАНСАЭРао;60;20170901;180000;1.46;1.48;1.415;1.435;33893;0
ТРАНСАЭРао;60;20170904;100000;2;2;1.38;1.415;59899;0
ТРАНСАЭРао;60;20170904;110000;1.42;1.42;1.39;1.41;11226;0
ТРАНСАЭРао;60;20170904;120000;1.41;1.41;1.41;1.41;297;0
ТРАНСАЭРао;60;20170904;130000;1.41;1.415;1.385;1.405;6389;0
ТРАНСАЭРао;60;20170904;140000;1.4;1.41;1.395;1.41;499;0
ТРАНСАЭРао;60;20170904;150000;1.4;1.41;1.39;1.41;3006;0
ТРАНСАЭРао;60;20170904;160000;1.395;1.4;1.38;1.39;13038;0
ТРАНСАЭРао;60;20170904;170000;1.39;1.395;1.37;1.38;9103;0
ТРАНСАЭРао;60;20170904;180000;1.375;1.385;1.345;1.36;21680;0
ТРАНСАЭРао;60;20170905;100000;1.77;1.77;1.345;1.36;36995;0
ТРАНСАЭРао;60;20170905;110000;1.36;1.37;1.34;1.35;37009;0
ТРАНСАЭРао;60;20170905;120000;1.345;1.345;1.3;1.315;34824;0
ТРАНСАЭРао;60;20170905;130000;1.315;1.355;1.315;1.345;7569;0
ТРАНСАЭРао;60;20170905;140000;1.35;1.36;1.33;1.345;10953;0
ТРАНСАЭРао;60;20170905;150000;1.335;1.38;1.33;1.38;32865;0
ТРАНСАЭРао;60;20170905;160000;1.375;1.38;1.35;1.35;9089;0
ТРАНСАЭРао;60;20170905;170000;1.355;1.37;1.345;1.355;14807;0
ТРАНСАЭРао;60;20170905;180000;1.37;1.38;1.35;1.37;12360;0
ТРАНСАЭРао;60;20170906;100000;1.375;1.38;1.34;1.355;6743;0
ТРАНСАЭРао;60;20170906;110000;1.355;1.395;1.34;1.385;16890;0
ТРАНСАЭРао;60;20170906;120000;1.37;1.395;1.37;1.39;2244;0
ТРАНСАЭРао;60;20170906;130000;1.39;1.4;1.37;1.385;28395;0
ТРАНСАЭРао;60;20170906;140000;1.385;1.385;1.06;1.155;384129;0
ТРАНСАЭРао;60;20170906;150000;1.155;1.235;1.14;1.205;180643;0
ТРАНСАЭРао;60;20170906;160000;1.205;1.22;1.095;1.12;189218;0
ТРАНСАЭРао;60;20170906;170000;1.11;1.155;1.1;1.135;70595;0
ТРАНСАЭРао;60;20170906;180000;1.135;1.155;1.1;1.14;127133;0
ТРАНСАЭРао;60;20170907;100000;1;1.095;0.97;0.995;525427;0
ТРАНСАЭРао;60;20170907;110000;1;1.005;0.835;0.895;383999;0
ТРАНСАЭРао;60;20170907;120000;0.89;0.91;0.865;0.88;115893;0
ТРАНСАЭРао;60;20170907;130000;0.88;0.925;0.86;0.91;191489;0
ТРАНСАЭРао;60;20170907;140000;0.9;0.935;0.9;0.915;40293;0
ТРАНСАЭРао;60;20170907;150000;0.91;0.915;0.89;0.91;23860;0
ТРАНСАЭРао;60;20170907;160000;0.915;0.97;0.9;0.94;78527;0
ТРАНСАЭРао;60;20170907;170000;0.94;0.94;0.905;0.92;34462;0
ТРАНСАЭРао;60;20170907;180000;0.925;0.935;0.905;0.905;39394;0
ТРАНСАЭРао;60;20170908;100000;0.8;0.94;0.8;0.9;80635;0
ТРАНСАЭРао;60;20170908;110000;0.9;0.905;0.885;0.885;39553;0
ТРАНСАЭРао;60;20170908;120000;0.89;0.9;0.885;0.9;27571;0
ТРАНСАЭРао;60;20170908;130000;0.9;0.945;0.9;0.945;59535;0
ТРАНСАЭРао;60;20170908;140000;0.945;0.945;0.895;0.9;80280;0
ТРАНСАЭРао;60;20170908;150000;0.9;0.91;0.895;0.895;14687;0
ТРАНСАЭРао;60;20170908;160000;0.905;0.905;0.89;0.905;13742;0
ТРАНСАЭРао;60;20170908;170000;0.905;0.91;0.88;0.91;25676;0
ТРАНСАЭРао;60;20170908;180000;0.905;0.925;0.9;0.9;8241;0
ТРАНСАЭРао;60;20170911;100000;0.805;0.91;0.805;0.88;38247;0
ТРАНСАЭРао;60;20170911;110000;0.875;0.905;0.87;0.905;34206;0
ТРАНСАЭРао;60;20170911;120000;0.9;0.935;0.89;0.93;25893;0
ТРАНСАЭРао;60;20170911;130000;0.925;0.93;0.91;0.92;13683;0
ТРАНСАЭРао;60;20170911;140000;0.92;1.03;0.915;0.99;108386;0
ТРАНСАЭРао;60;20170911;150000;0.99;0.99;0.92;0.945;36895;0
ТРАНСАЭРао;60;20170911;160000;0.94;0.94;0.89;0.915;40397;0
ТРАНСАЭРао;60;20170911;170000;0.92;0.925;0.88;0.895;47487;0
ТРАНСАЭРао;60;20170911;180000;0.885;1.01;0.885;0.985;147328;0
ТРАНСАЭРао;60;20170912;100000;0.86;1.02;0.86;0.985;51541;0
ТРАНСАЭРао;60;20170912;110000;0.995;0.995;0.96;0.97;22218;0
ТРАНСАЭРао;60;20170912;120000;0.97;0.995;0.945;0.97;93298;0
ТРАНСАЭРао;60;20170912;130000;0.98;0.985;0.96;0.975;2763;0
ТРАНСАЭРао;60;20170912;140000;0.96;0.98;0.96;0.965;10922;0
ТРАНСАЭРао;60;20170912;150000;0.965;0.98;0.94;0.955;43930;0
ТРАНСАЭРао;60;20170912;160000;0.955;0.96;0.94;0.955;9825;0
ТРАНСАЭРао;60;20170912;170000;0.955;0.97;0.955;0.965;7578;0
ТРАНСАЭРао;60;20170912;180000;0.965;0.965;0.95;0.95;33081;0
ТРАНСАЭРао;60;20170913;100000;0.87;0.955;0.87;0.95;53597;0
ТРАНСАЭРао;60;20170913;110000;0.945;1.015;0.855;0.86;487170;0
ТРАНСАЭРао;60;20170913;120000;0.87;0.885;0.8;0.84;626149;0
ТРАНСАЭРао;60;20170913;130000;0.84;0.845;0.79;0.805;251330;0
ТРАНСАЭРао;60;20170913;140000;0.805;0.81;0.685;0.76;605689;0
ТРАНСАЭРао;60;20170913;150000;0.755;0.775;0.74;0.75;104470;0
ТРАНСАЭРао;60;20170913;160000;0.76;0.76;0.71;0.735;229931;0
ТРАНСАЭРао;60;20170913;170000;0.74;0.745;0.655;0.7;440688;0
ТРАНСАЭРао;60;20170913;180000;0.705;0.74;0.675;0.675;318949;0
ТРАНСАЭРао;60;20170914;100000;0.625;0.655;0.46;0.53;701978;0
ТРАНСАЭРао;60;20170914;110000;0.535;0.615;0.525;0.6;205133;0
ТРАНСАЭРао;60;20170914;120000;0.6;0.64;0.59;0.6;155677;0
ТРАНСАЭРао;60;20170914;130000;0.605;0.61;0.585;0.595;18910;0
ТРАНСАЭРао;60;20170914;140000;0.59;0.615;0.585;0.61;21987;0
ТРАНСАЭРао;60;20170914;150000;0.605;0.61;0.59;0.6;8160;0
ТРАНСАЭРао;60;20170914;160000;0.595;0.595;0.55;0.575;69111;0
ТРАНСАЭРао;60;20170914;170000;0.565;0.58;0.51;0.53;174396;0
ТРАНСАЭРао;60;20170914;180000;0.535;0.56;0.53;0.545;56836;0
ТРАНСАЭРао;60;20170915;100000;0.46;0.645;0.46;0.59;368316;0
ТРАНСАЭРао;60;20170915;110000;0.59;0.61;0.575;0.59;53577;0
ТРАНСАЭРао;60;20170915;120000;0.585;0.605;0.585;0.595;58230;0
ТРАНСАЭРао;60;20170915;130000;0.585;0.59;0.57;0.58;20336;0
ТРАНСАЭРао;60;20170915;140000;0.585;0.585;0.56;0.575;27620;0
ТРАНСАЭРао;60;20170915;150000;0.57;0.58;0.535;0.55;50387;0
ТРАНСАЭРао;60;20170915;160000;0.55;0.555;0.53;0.54;46089;0
ТРАНСАЭРао;60;20170915;170000;0.535;0.585;0.535;0.58;93790;0
ТРАНСАЭРао;60;20170915;180000;0.58;0.585;0.555;0.58;58517;0
ТРАНСАЭРао;60;20170918;100000;0.4;0.585;0.4;0.57;89800;0
ТРАНСАЭРао;60;20170918;110000;0.57;0.64;0.55;0.6;193568;0
ТРАНСАЭРао;60;20170918;120000;0.595;0.6;0.56;0.6;66047;0
ТРАНСАЭРао;60;20170918;130000;0.6;0.605;0.59;0.6;22481;0
ТРАНСАЭРао;60;20170918;140000;0.605;0.605;0.595;0.605;5264;0
ТРАНСАЭРао;60;20170918;150000;0.595;0.605;0.595;0.595;4927;0
ТРАНСАЭРао;60;20170918;160000;0.595;0.605;0.45;0.455;382420;0
ТРАНСАЭРао;60;20170918;170000;0.46;0.475;0.365;0.39;634144;0
ТРАНСАЭРао;60;20170918;180000;0.385;0.4;0.305;0.315;472657;0
ТРАНСАЭРао;60;20170919;100000;0.2;0.3;0.175;0.18;1509729;0
ТРАНСАЭРао;60;20170919;110000;0.175;0.195;0.175;0.185;313422;0
ТРАНСАЭРао;60;20170919;120000;0.185;0.185;0.165;0.185;440820;0
ТРАНСАЭРао;60;20170919;130000;0.185;0.185;0.165;0.165;372334;0
ТРАНСАЭРао;60;20170919;140000;0.17;0.175;0.16;0.175;244803;0
ТРАНСАЭРао;60;20170919;150000;0.17;0.175;0.16;0.175;136368;0
ТРАНСАЭРао;60;20170919;160000;0.17;0.175;0.12;0.125;625810;0
ТРАНСАЭРао;60;20170919;170000;0.125;0.16;0.105;0.11;588212;0
ТРАНСАЭРао;60;20170919;180000;0.11;0.135;0.105;0.12;616763;0
