<TICKER>;<PER>;<DATE>;<TIME>;<OPEN>;<HIGH>;<LOW>;<CLOSE>;<VOL>;<OPENINT>
ТРК ао;60;20170124;110000;0.446;0.448;0.446;0.448;4;0
ТРК ао;60;20170124;120000;0.454;0.454;0.454;0.454;2;0
ТРК ао;60;20170126;120000;0.45;0.45;0.45;0.45;5;0
ТРК ао;60;20170126;130000;0.464;0.464;0.464;0.464;1;0
ТРК ао;60;20170126;170000;0.459;0.459;0.459;0.459;1;0
ТРК ао;60;20170126;180000;0.457;0.457;0.457;0.457;2;0
ТРК ао;60;20170127;170000;0.468;0.468;0.468;0.468;1;0
ТРК ао;60;20170130;150000;0.469;0.469;0.469;0.469;1;0
ТРК ао;60;20170131;160000;0.462;0.462;0.462;0.462;1;0
ТРК ао;60;20170131;180000;0.474;0.477;0.474;0.477;2;0
ТРК ао;60;20170201;100000;0.474;0.474;0.474;0.474;1;0
ТРК ао;60;20170201;140000;0.477;0.477;0.477;0.477;2;0
ТРК ао;60;20170203;110000;0.466;0.466;0.431;0.448;6;0
ТРК ао;60;20170203;120000;0.474;0.482;0.474;0.482;3;0
ТРК ао;60;20170203;140000;0.461;0.482;0.461;0.482;4;0
ТРК ао;60;20170206;100000;0.462;0.481;0.462;0.481;5;0
ТРК ао;60;20170206;130000;0.465;0.465;0.465;0.465;1;0
ТРК ао;60;20170206;180000;0.46;0.46;0.46;0.46;1;0
ТРК ао;60;20170208;100000;0.461;0.461;0.461;0.461;5;0
ТРК ао;60;20170208;110000;0.468;0.468;0.468;0.468;1;0
ТРК ао;60;20170210;100000;0.47;0.47;0.47;0.47;2;0
ТРК ао;60;20170210;150000;0.457;0.457;0.457;0.457;1;0
ТРК ао;60;20170210;160000;0.44;0.44;0.44;0.44;2;0
ТРК ао;60;20170210;170000;0.444;0.448;0.444;0.448;2;0
ТРК ао;60;20170210;180000;0.44;0.44;0.44;0.44;1;0
ТРК ао;60;20170213;110000;0.44;0.44;0.44;0.44;1;0
ТРК ао;60;20170213;140000;0.422;0.428;0.42;0.428;5;0
ТРК ао;60;20170213;150000;0.428;0.428;0.428;0.428;1;0
ТРК ао;60;20170213;160000;0.443;0.444;0.443;0.444;4;0
ТРК ао;60;20170213;170000;0.444;0.444;0.444;0.444;2;0
ТРК ао;60;20170214;120000;0.447;0.448;0.447;0.448;9;0
ТРК ао;60;20170215;110000;0.458;0.458;0.458;0.458;2;0
ТРК ао;60;20170215;120000;0.458;0.458;0.458;0.458;4;0
ТРК ао;60;20170215;150000;0.458;0.458;0.458;0.458;2;0
ТРК ао;60;20170215;160000;0.458;0.458;0.458;0.458;1;0
ТРК ао;60;20170216;100000;0.445;0.445;0.445;0.445;1;0
ТРК ао;60;20170216;150000;0.454;0.459;0.454;0.459;2;0
ТРК ао;60;20170217;100000;0.445;0.445;0.445;0.445;1;0
ТРК ао;60;20170217;150000;0.444;0.444;0.444;0.444;1;0
ТРК ао;60;20170217;160000;0.44;0.44;0.44;0.44;25;0
ТРК ао;60;20170220;100000;0.454;0.454;0.454;0.454;1;0
ТРК ао;60;20170220;110000;0.46;0.46;0.46;0.46;1;0
ТРК ао;60;20170221;100000;0.442;0.442;0.442;0.442;2;0
ТРК ао;60;20170221;110000;0.442;0.442;0.442;0.442;16;0
ТРК ао;60;20170221;120000;0.442;0.442;0.442;0.442;2;0
ТРК ао;60;20170221;130000;0.448;0.46;0.448;0.46;10;0
ТРК ао;60;20170221;140000;0.448;0.448;0.442;0.442;5;0
ТРК ао;60;20170221;160000;0.442;0.442;0.442;0.442;20;0
ТРК ао;60;20170221;180000;0.45;0.45;0.45;0.45;193;0
ТРК ао;60;20170224;130000;0.459;0.46;0.459;0.46;2;0
ТРК ао;60;20170227;130000;0.444;0.444;0.444;0.444;10;0
ТРК ао;60;20170228;100000;0.442;0.442;0.44;0.442;16;0
ТРК ао;60;20170228;110000;0.44;0.44;0.44;0.44;4;0
ТРК ао;60;20170228;120000;0.44;0.44;0.44;0.44;8;0
ТРК ао;60;20170228;130000;0.44;0.44;0.44;0.44;10;0
ТРК ао;60;20170228;150000;0.431;0.431;0.431;0.431;1;0
ТРК ао;60;20170303;150000;0.431;0.431;0.431;0.431;2;0
ТРК ао;60;20170306;110000;0.431;0.431;0.431;0.431;1;0
ТРК ао;60;20170306;130000;0.43;0.43;0.425;0.425;50;0
ТРК ао;60;20170306;170000;0.43;0.43;0.43;0.43;10;0
ТРК ао;60;20170307;130000;0.425;0.425;0.425;0.425;1;0
ТРК ао;60;20170307;140000;0.425;0.425;0.425;0.425;1;0
ТРК ао;60;20170309;100000;0.423;0.423;0.396;0.42;63;0
ТРК ао;60;20170309;140000;0.415;0.415;0.415;0.415;14;0
ТРК ао;60;20170309;150000;0.415;0.415;0.415;0.415;26;0
ТРК ао;60;20170309;160000;0.414;0.415;0.414;0.415;55;0
ТРК ао;60;20170309;170000;0.415;0.415;0.415;0.415;106;0
ТРК ао;60;20170310;110000;0.405;0.405;0.405;0.405;12;0
ТРК ао;60;20170310;120000;0.405;0.405;0.405;0.405;1;0
ТРК ао;60;20170310;170000;0.415;0.415;0.415;0.415;40;0
ТРК ао;60;20170313;100000;0.405;0.405;0.405;0.405;20;0
ТРК ао;60;20170313;130000;0.405;0.405;0.405;0.405;14;0
ТРК ао;60;20170314;100000;0.428;0.437;0.428;0.437;3;0
ТРК ао;60;20170315;150000;0.421;0.421;0.421;0.421;1;0
ТРК ао;60;20170315;170000;0.42;0.42;0.415;0.415;16;0
ТРК ао;60;20170316;110000;0.415;0.415;0.415;0.415;9;0
ТРК ао;60;20170320;180000;0.428;0.428;0.428;0.428;11;0
ТРК ао;60;20170327;120000;0.421;0.421;0.421;0.421;1;0
ТРК ао;60;20170327;170000;0.427;0.427;0.427;0.427;3;0
ТРК ао;60;20170327;180000;0.428;0.428;0.428;0.428;2;0
ТРК ао;60;20170331;150000;0.428;0.428;0.428;0.428;10;0
ТРК ао;60;20170331;160000;0.415;0.415;0.396;0.396;11;0
ТРК ао;60;20170331;170000;0.423;0.429;0.423;0.429;13;0
ТРК ао;60;20170403;120000;0.444;0.444;0.444;0.444;1;0
ТРК ао;60;20170403;170000;0.43;0.43;0.428;0.428;21;0
ТРК ао;60;20170404;140000;0.428;0.428;0.428;0.428;2;0
ТРК ао;60;20170404;150000;0.428;0.428;0.428;0.428;3;0
ТРК ао;60;20170405;110000;0.428;0.428;0.428;0.428;1;0
ТРК ао;60;20170406;150000;0.438;0.438;0.438;0.438;1;0
ТРК ао;60;20170406;180000;0.452;0.452;0.452;0.452;1;0
ТРК ао;60;20170410;100000;0.432;0.432;0.432;0.432;1;0
ТРК ао;60;20170410;130000;0.418;0.418;0.418;0.418;1;0
ТРК ао;60;20170411;140000;0.428;0.428;0.428;0.428;2;0
ТРК ао;60;20170411;180000;0.428;0.428;0.428;0.428;14;0
ТРК ао;60;20170413;120000;0.41;0.41;0.41;0.41;1;0
ТРК ао;60;20170413;140000;0.41;0.41;0.41;0.41;3;0
ТРК ао;60;20170418;150000;0.42;0.435;0.42;0.435;2;0
ТРК ао;60;20170418;170000;0.435;0.439;0.435;0.439;2;0
ТРК ао;60;20170419;100000;0.401;0.44;0.401;0.44;2;0
ТРК ао;60;20170419;120000;0.403;0.437;0.396;0.437;21;0
ТРК ао;60;20170419;130000;0.398;0.412;0.383;0.412;17;0
ТРК ао;60;20170419;140000;0.412;0.415;0.412;0.415;97;0
ТРК ао;60;20170419;150000;0.415;0.415;0.415;0.415;1;0
ТРК ао;60;20170420;140000;0.423;0.423;0.423;0.423;1;0
ТРК ао;60;20170421;100000;0.399;0.399;0.399;0.399;1;0
ТРК ао;60;20170421;120000;0.395;0.414;0.395;0.414;3;0
ТРК ао;60;20170421;130000;0.415;0.415;0.415;0.415;4;0
ТРК ао;60;20170424;100000;0.412;0.415;0.412;0.415;6;0
ТРК ао;60;20170425;140000;0.415;0.415;0.415;0.415;20;0
ТРК ао;60;20170427;150000;0.416;0.416;0.416;0.416;1;0
ТРК ао;60;20170503;100000;0.41;0.41;0.41;0.41;1;0
ТРК ао;60;20170503;130000;0.399;0.438;0.399;0.438;11;0
ТРК ао;60;20170503;180000;0.401;0.401;0.401;0.401;1;0
ТРК ао;60;20170504;100000;0.457;0.49;0.438;0.438;11;0
ТРК ао;60;20170504;160000;0.437;0.438;0.437;0.438;2;0
ТРК ао;60;20170510;100000;0.42;0.42;0.42;0.42;1;0
ТРК ао;60;20170510;110000;0.401;0.401;0.401;0.401;1;0
ТРК ао;60;20170512;100000;0.402;0.402;0.402;0.402;1;0
ТРК ао;60;20170512;160000;0.403;0.403;0.403;0.403;1;0
ТРК ао;60;20170515;140000;0.41;0.41;0.41;0.41;4;0
ТРК ао;60;20170516;150000;0.405;0.405;0.405;0.405;4;0
ТРК ао;60;20170518;150000;0.41;0.41;0.41;0.41;427;0
ТРК ао;60;20170522;120000;0.405;0.405;0.405;0.405;199;0
ТРК ао;60;20170526;100000;0.423;0.423;0.423;0.423;1;0
ТРК ао;60;20170526;170000;0.405;0.405;0.401;0.401;2;0
ТРК ао;60;20170526;180000;0.405;0.405;0.405;0.405;2;0
ТРК ао;60;20170529;140000;0.4;0.4;0.4;0.4;13;0
ТРК ао;60;20170529;150000;0.393;0.393;0.387;0.387;16;0
ТРК ао;60;20170531;170000;0.39;0.39;0.39;0.39;4;0
ТРК ао;60;20170531;180000;0.385;0.385;0.38;0.38;11;0
ТРК ао;60;20170602;110000;0.357;0.357;0.357;0.357;16;0
ТРК ао;60;20170602;130000;0.37;0.37;0.37;0.37;1;0
ТРК ао;60;20170602;140000;0.362;0.365;0.356;0.365;10;0
ТРК ао;60;20170602;150000;0.365;0.365;0.365;0.365;1;0
ТРК ао;60;20170602;160000;0.365;0.372;0.365;0.372;9;0
ТРК ао;60;20170602;170000;0.372;0.372;0.372;0.372;1;0
ТРК ао;60;20170615;100000;0.387;0.423;0.387;0.423;2;0
ТРК ао;60;20170615;130000;0.398;0.398;0.398;0.398;1;0
ТРК ао;60;20170619;180000;0.359;0.359;0.359;0.359;1;0
ТРК ао;60;20170620;100000;0.357;0.357;0.352;0.352;6;0
ТРК ао;60;20170703;180000;0.36;0.36;0.36;0.36;1;0
ТРК ао;60;20170704;180000;0.363;0.363;0.362;0.362;3;0
ТРК ао;60;20170706;160000;0.361;0.361;0.361;0.361;1;0
ТРК ао;60;20170707;130000;0.355;0.355;0.355;0.355;1;0
ТРК ао;60;20170707;150000;0.361;0.361;0.361;0.361;1;0
ТРК ао;60;20170710;150000;0.36;0.36;0.36;0.36;1;0
ТРК ао;60;20170714;140000;0.369;0.37;0.369;0.37;4;0
ТРК ао;60;20170714;160000;0.38;0.38;0.38;0.38;2;0
ТРК ао;60;20170718;180000;0.37;0.37;0.37;0.37;1;0
ТРК ао;60;20170719;130000;0.375;0.375;0.375;0.375;1;0
ТРК ао;60;20170720;110000;0.39;0.39;0.39;0.39;5;0
ТРК ао;60;20170726;160000;0.396;0.401;0.396;0.401;8;0
ТРК ао;60;20170726;180000;0.409;0.409;0.409;0.409;1;0
ТРК ао;60;20170727;140000;0.401;0.401;0.401;0.401;5;0
ТРК ао;60;20170728;170000;0.385;0.385;0.38;0.38;9;0
ТРК ао;60;20170801;180000;0.396;0.396;0.396;0.396;3;0
ТРК ао;60;20170802;170000;0.403;0.403;0.403;0.403;14;0
ТРК ао;60;20170804;170000;0.401;0.401;0.401;0.401;1;0
ТРК ао;60;20170804;180000;0.401;0.401;0.401;0.401;4;0
ТРК ао;60;20170807;120000;0.4;0.4;0.4;0.4;16;0
ТРК ао;60;20170807;170000;0.4;0.401;0.4;0.401;5;0
ТРК ао;60;20170808;180000;0.4;0.4;0.4;0.4;4;0
ТРК ао;60;20170810;100000;0.4;0.4;0.4;0.4;2;0
ТРК ао;60;20170814;120000;0.4;0.4;0.4;0.4;3;0
ТРК ао;60;20170816;120000;0.401;0.401;0.4;0.4;14;0
ТРК ао;60;20170816;180000;0.4;0.4;0.4;0.4;2;0
ТРК ао;60;20170817;160000;0.423;0.423;0.423;0.423;2;0
ТРК ао;60;20170818;120000;0.4;0.4;0.4;0.4;1;0
ТРК ао;60;20170824;150000;0.421;0.421;0.421;0.421;3;0
ТРК ао;60;20170824;170000;0.4;0.41;0.4;0.41;4;0
ТРК ао;60;20170825;150000;0.41;0.41;0.41;0.41;1;0
ТРК ао;60;20170825;160000;0.41;0.41;0.41;0.41;1;0
ТРК ао;60;20170828;170000;0.415;0.415;0.415;0.415;3;0
ТРК ао;60;20170829;180000;0.405;0.405;0.405;0.405;4;0
ТРК ао;60;20170905;100000;0.422;0.438;0.414;0.414;5;0
ТРК ао;60;20170905;110000;0.405;0.405;0.405;0.405;1;0
ТРК ао;60;20170905;120000;0.405;0.405;0.405;0.405;1;0
ТРК ао;60;20170905;130000;0.406;0.406;0.406;0.406;1;0
ТРК ао;60;20170905;150000;0.406;0.406;0.406;0.406;1;0
ТРК ао;60;20170905;180000;0.405;0.405;0.405;0.405;1;0
ТРК ао;60;20170906;140000;0.408;0.408;0.408;0.408;1;0
ТРК ао;60;20170913;130000;0.408;0.408;0.408;0.408;4;0
ТРК ао;60;20170918;160000;0.423;0.423;0.423;0.423;1;0
ТРК ао;60;20170918;180000;0.405;0.405;0.405;0.405;4;0
ТРК ао;60;20170925;130000;0.406;0.406;0.406;0.406;4;0
ТРК ао;60;20170925;170000;0.42;0.42;0.42;0.42;50;0
ТРК ао;60;20170925;180000;0.405;0.405;0.405;0.405;4;0
ТРК ао;60;20170926;160000;0.42;0.42;0.42;0.42;2;0
ТРК ао;60;20170926;180000;0.42;0.42;0.42;0.42;5;0
ТРК ао;60;20170927;120000;0.424;0.438;0.424;0.438;21;0
ТРК ао;60;20170928;120000;0.408;0.408;0.343;0.405;61;0
ТРК ао;60;20170928;140000;0.405;0.405;0.405;0.405;2;0
ТРК ао;60;20170928;150000;0.407;0.415;0.407;0.415;5;0
ТРК ао;60;20170929;100000;0.421;0.421;0.421;0.421;2;0
ТРК ао;60;20170929;120000;0.421;0.421;0.421;0.421;4;0
ТРК ао;60;20170929;140000;0.421;0.421;0.421;0.421;7;0
ТРК ао;60;20171005;130000;0.425;0.425;0.425;0.425;6;0
ТРК ао;60;20171006;120000;0.392;0.405;0.392;0.405;2;0
ТРК ао;60;20171009;100000;0.414;0.414;0.414;0.414;4;0
ТРК ао;60;20171009;110000;0.414;0.414;0.414;0.414;1;0
ТРК ао;60;20171009;120000;0.414;0.414;0.414;0.414;2;0
ТРК ао;60;20171009;130000;0.414;0.414;0.414;0.414;1;0
ТРК ао;60;20171018;110000;0.41;0.41;0.4;0.4;21;0
ТРК ао;60;20171018;120000;0.405;0.406;0.405;0.406;2;0
ТРК ао;60;20171018;180000;0.401;0.401;0.4;0.4;7;0
ТРК ао;60;20171101;160000;0.404;0.404;0.404;0.404;1;0
ТРК ао;60;20171107;150000;0.414;0.414;0.414;0.414;1;0
ТРК ао;60;20171110;180000;0.417;0.417;0.417;0.417;2;0
ТРК ао;60;20171114;170000;0.4;0.4;0.4;0.4;1;0
ТРК ао;60;20171115;120000;0.392;0.392;0.392;0.392;1;0
ТРК ао;60;20171116;180000;0.4;0.4;0.4;0.4;2;0
ТРК ао;60;20171117;110000;0.4;0.4;0.4;0.4;1;0
ТРК ао;60;20171120;110000;0.4;0.407;0.4;0.407;2;0
ТРК ао;60;20171120;120000;0.4;0.4;0.4;0.4;1;0
ТРК ао;60;20171121;110000;0.398;0.398;0.398;0.398;1;0
ТРК ао;60;20171123;110000;0.416;0.489;0.416;0.45;126;0
ТРК ао;60;20171123;120000;0.43;0.462;0.43;0.462;5;0
ТРК ао;60;20171123;130000;0.45;0.46;0.45;0.46;9;0
ТРК ао;60;20171123;140000;0.425;0.425;0.425;0.425;1;0
ТРК ао;60;20171123;160000;0.422;0.422;0.422;0.422;5;0
ТРК ао;60;20171124;110000;0.42;0.42;0.42;0.42;5;0
ТРК ао;60;20171124;170000;0.412;0.412;0.412;0.412;3;0
ТРК ао;60;20171128;110000;0.411;0.411;0.41;0.41;3;0
ТРК ао;60;20171129;120000;0.407;0.407;0.4;0.4;10;0
ТРК ао;60;20171130;160000;0.4;0.4;0.4;0.4;1;0
ТРК ао;60;20171130;170000;0.4;0.4;0.4;0.4;2;0
ТРК ао;60;20171130;180000;0.4;0.4;0.4;0.4;1;0
ТРК ао;60;20171204;180000;0.405;0.414;0.4;0.4;6;0
ТРК ао;60;20171205;180000;0.4;0.4;0.4;0.4;6;0
ТРК ао;60;20171206;160000;0.4;0.4;0.4;0.4;1;0
ТРК ао;60;20171211;100000;0.414;0.414;0.414;0.414;2;0
ТРК ао;60;20171214;180000;0.402;0.402;0.4;0.4;38;0
ТРК ао;60;20171215;120000;0.391;0.391;0.39;0.39;10;0
ТРК ао;60;20171215;130000;0.39;0.39;0.39;0.39;12;0
ТРК ао;60;20171215;140000;0.39;0.39;0.38;0.38;62;0
ТРК ао;60;20171215;170000;0.383;0.383;0.375;0.38;128;0
ТРК ао;60;20171218;100000;0.391;0.391;0.38;0.38;11;0
ТРК ао;60;20171218;110000;0.377;0.377;0.37;0.37;120;0
ТРК ао;60;20171218;120000;0.37;0.37;0.37;0.37;6;0
ТРК ао;60;20171218;140000;0.37;0.37;0.37;0.37;6;0
ТРК ао;60;20171218;150000;0.37;0.37;0.37;0.37;101;0
ТРК ао;60;20171218;160000;0.37;0.37;0.37;0.37;1;0
ТРК ао;60;20171219;100000;0.374;0.38;0.36;0.36;10;0
ТРК ао;60;20171219;110000;0.36;0.36;0.36;0.36;8;0
ТРК ао;60;20171219;160000;0.362;0.362;0.36;0.36;10;0
ТРК ао;60;20171219;170000;0.36;0.36;0.36;0.36;6;0
ТРК ао;60;20171219;180000;0.36;0.36;0.36;0.36;2;0
ТРК ао;60;20171220;150000;0.36;0.36;0.36;0.36;1;0
ТРК ао;60;20171220;160000;0.366;0.366;0.366;0.366;1;0
ТРК ао;60;20171222;110000;0.36;0.36;0.36;0.36;1;0
ТРК ао;60;20171222;130000;0.361;0.361;0.36;0.36;51;0
ТРК ао;60;20171225;160000;0.36;0.36;0.36;0.36;2;0
ТРК ао;60;20171226;120000;0.365;0.365;0.36;0.36;3;0
ТРК ао;60;20171226;170000;0.358;0.358;0.357;0.357;20;0
ТРК ао;60;20171228;100000;0.354;0.354;0.354;0.354;4;0
ТРК ао;60;20171228;170000;0.367;0.381;0.36;0.371;21;0
ТРК ао;60;20171228;180000;0.375;0.375;0.375;0.375;1;0
ТРК ао;60;20171229;110000;0.361;0.37;0.351;0.351;18;0
ТРК ао;60;20171229;150000;0.362;0.362;0.362;0.362;2;0
ТРК ао;60;20171229;160000;0.363;0.365;0.363;0.365;3;0
ТРК ао;60;20171229;170000;0.37;0.371;0.37;0.371;14;0
