<TICKER>;<PER>;<DATE>;<TIME>;<OPEN>;<HIGH>;<LOW>;<CLOSE>;<VOL>;<OPENINT>
ТрансК ао;60;20170124;100000;3565;3570;3565;3570;10;0
ТрансК ао;60;20170124;110000;3565;3565;3565;3565;1;0
ТрансК ао;60;20170124;120000;3565;3825;3565;3760;757;0
ТрансК ао;60;20170124;130000;3765;3800;3730;3730;151;0
ТрансК ао;60;20170124;140000;3760;3775;3730;3750;48;0
ТрансК ао;60;20170124;150000;3755;3755;3715;3715;2;0
ТрансК ао;60;20170124;160000;3705;3745;3695;3745;95;0
ТрансК ао;60;20170124;170000;3715;3715;3710;3710;2;0
ТрансК ао;60;20170124;180000;3700;3700;3700;3700;2;0
ТрансК ао;60;20170125;100000;3695;3735;3695;3735;4;0
ТрансК ао;60;20170125;120000;3730;3830;3730;3830;223;0
ТрансК ао;60;20170125;130000;3790;3790;3790;3790;1;0
ТрансК ао;60;20170125;150000;3770;3770;3740;3740;13;0
ТрансК ао;60;20170125;160000;3750;3750;3750;3750;1;0
ТрансК ао;60;20170125;170000;3790;3790;3790;3790;1;0
ТрансК ао;60;20170126;100000;3795;3795;3790;3790;6;0
ТрансК ао;60;20170126;110000;3790;3790;3790;3790;1;0
ТрансК ао;60;20170126;120000;3765;3765;3760;3760;55;0
ТрансК ао;60;20170126;150000;3740;3790;3740;3790;12;0
ТрансК ао;60;20170126;170000;3750;3750;3745;3745;14;0
ТрансК ао;60;20170126;180000;3735;3735;3735;3735;1;0
ТрансК ао;60;20170127;110000;3740;3740;3740;3740;1;0
ТрансК ао;60;20170127;130000;3745;3745;3745;3745;100;0
ТрансК ао;60;20170127;140000;3745;3745;3745;3745;3;0
ТрансК ао;60;20170127;160000;3745;3745;3745;3745;2;0
ТрансК ао;60;20170130;100000;3750;3750;3750;3750;1;0
ТрансК ао;60;20170130;110000;3710;3715;3705;3705;15;0
ТрансК ао;60;20170130;140000;3735;3740;3735;3740;2;0
ТрансК ао;60;20170130;150000;3750;3750;3750;3750;3;0
ТрансК ао;60;20170130;180000;3745;3745;3745;3745;1;0
ТрансК ао;60;20170131;100000;3705;3705;3690;3690;61;0
ТрансК ао;60;20170131;120000;3690;3720;3685;3720;10;0
ТрансК ао;60;20170131;140000;3715;3725;3715;3725;4;0
ТрансК ао;60;20170131;170000;3695;3695;3690;3690;3;0
ТрансК ао;60;20170131;180000;3685;3685;3680;3680;13;0
ТрансК ао;60;20170201;100000;3675;3710;3670;3710;6;0
ТрансК ао;60;20170201;120000;3675;3675;3660;3660;55;0
ТрансК ао;60;20170201;140000;3655;3675;3645;3675;5;0
ТрансК ао;60;20170201;160000;3665;3670;3665;3670;11;0
ТрансК ао;60;20170201;170000;3670;3670;3670;3670;10;0
ТрансК ао;60;20170202;100000;3645;3645;3635;3635;14;0
ТрансК ао;60;20170202;110000;3670;3675;3670;3675;6;0
ТрансК ао;60;20170202;120000;3675;3675;3675;3675;2;0
ТрансК ао;60;20170202;130000;3680;3680;3680;3680;14;0
ТрансК ао;60;20170202;180000;3680;3680;3680;3680;1;0
ТрансК ао;60;20170203;110000;3660;3660;3660;3660;1;0
ТрансК ао;60;20170203;130000;3665;3665;3665;3665;4;0
ТрансК ао;60;20170203;180000;3640;3640;3640;3640;1;0
ТрансК ао;60;20170206;110000;3635;3650;3635;3650;3;0
ТрансК ао;60;20170206;150000;3635;3635;3635;3635;1;0
ТрансК ао;60;20170206;160000;3640;3645;3640;3645;2;0
ТрансК ао;60;20170206;180000;3645;3645;3645;3645;1;0
ТрансК ао;60;20170207;130000;3645;3650;3645;3650;2;0
ТрансК ао;60;20170207;170000;3650;3650;3650;3650;1;0
ТрансК ао;60;20170208;180000;3640;3640;3630;3630;3;0
ТрансК ао;60;20170209;100000;3640;3640;3640;3640;2;0
ТрансК ао;60;20170209;130000;3640;3640;3600;3600;52;0
ТрансК ао;60;20170209;150000;3605;3605;3605;3605;3;0
ТрансК ао;60;20170209;160000;3635;3640;3635;3640;60;0
ТрансК ао;60;20170210;140000;3615;3615;3615;3615;2;0
ТрансК ао;60;20170213;110000;3645;3650;3645;3650;5;0
ТрансК ао;60;20170214;100000;3670;3670;3660;3660;6;0
ТрансК ао;60;20170214;110000;3660;3660;3660;3660;61;0
ТрансК ао;60;20170214;120000;3655;3655;3650;3655;3;0
ТрансК ао;60;20170214;130000;3655;3655;3655;3655;1;0
ТрансК ао;60;20170214;160000;3655;3655;3655;3655;3;0
ТрансК ао;60;20170214;180000;3670;3670;3670;3670;6;0
ТрансК ао;60;20170215;110000;3635;3635;3635;3635;3;0
ТрансК ао;60;20170215;120000;3665;3665;3665;3665;1;0
ТрансК ао;60;20170216;110000;3640;3640;3640;3640;5;0
ТрансК ао;60;20170217;130000;3635;3675;3635;3675;10;0
ТрансК ао;60;20170217;140000;3675;3675;3675;3675;7;0
ТрансК ао;60;20170217;170000;3635;3635;3625;3625;5;0
ТрансК ао;60;20170220;100000;3645;3645;3645;3645;1;0
ТрансК ао;60;20170220;150000;3645;3650;3645;3650;2;0
ТрансК ао;60;20170220;160000;3650;3650;3650;3650;1;0
ТрансК ао;60;20170220;180000;3650;3650;3650;3650;5;0
ТрансК ао;60;20170222;120000;3625;3625;3625;3625;1;0
ТрансК ао;60;20170224;160000;3625;3625;3625;3625;1;0
ТрансК ао;60;20170224;180000;3615;3615;3615;3615;2;0
ТрансК ао;60;20170227;110000;3620;3620;3620;3620;2;0
ТрансК ао;60;20170227;120000;3625;3625;3620;3625;3;0
ТрансК ао;60;20170227;130000;3620;3620;3620;3620;16;0
ТрансК ао;60;20170227;140000;3640;3650;3640;3650;30;0
ТрансК ао;60;20170227;150000;3625;3625;3625;3625;1;0
ТрансК ао;60;20170227;160000;3620;3625;3620;3620;3;0
ТрансК ао;60;20170227;170000;3620;3620;3620;3620;16;0
ТрансК ао;60;20170228;100000;3610;3610;3580;3580;10;0
ТрансК ао;60;20170228;120000;3585;3585;3585;3585;1;0
ТрансК ао;60;20170228;140000;3545;3545;3530;3530;155;0
ТрансК ао;60;20170228;150000;3520;3520;3490;3490;83;0
ТрансК ао;60;20170228;170000;3490;3490;3485;3485;12;0
ТрансК ао;60;20170228;180000;3485;3490;3485;3490;10;0
ТрансК ао;60;20170301;100000;3525;3525;3525;3525;1;0
ТрансК ао;60;20170301;160000;3510;3510;3510;3510;72;0
ТрансК ао;60;20170302;150000;3520;3520;3520;3520;1;0
ТрансК ао;60;20170302;170000;3500;3500;3500;3500;1;0
ТрансК ао;60;20170303;100000;3490;3490;3470;3470;62;0
ТрансК ао;60;20170303;120000;3440;3470;3440;3450;6;0
ТрансК ао;60;20170303;140000;3425;3425;3425;3425;1;0
ТрансК ао;60;20170306;170000;3455;3455;3455;3455;1;0
ТрансК ао;60;20170307;150000;3435;3435;3435;3435;1;0
ТрансК ао;60;20170307;160000;3435;3435;3430;3430;3;0
ТрансК ао;60;20170309;100000;3425;3425;3335;3335;63;0
ТрансК ао;60;20170309;110000;3335;3335;3330;3330;78;0
ТрансК ао;60;20170309;140000;3300;3300;3300;3300;3;0
ТрансК ао;60;20170309;160000;3300;3300;3300;3300;65;0
ТрансК ао;60;20170309;170000;3300;3390;3205;3320;70;0
ТрансК ао;60;20170310;100000;3245;3250;3245;3250;58;0
ТрансК ао;60;20170310;180000;3245;3245;3245;3245;6;0
ТрансК ао;60;20170313;120000;3230;3230;3230;3230;1;0
ТрансК ао;60;20170313;140000;3220;3220;3220;3220;4;0
ТрансК ао;60;20170313;150000;3220;3220;3220;3220;1;0
ТрансК ао;60;20170313;180000;3220;3220;3220;3220;8;0
ТрансК ао;60;20170314;150000;3225;3225;3225;3225;2;0
ТрансК ао;60;20170314;160000;3225;3225;3225;3225;1;0
ТрансК ао;60;20170315;100000;3230;3230;3230;3230;8;0
ТрансК ао;60;20170315;120000;3235;3235;3235;3235;1;0
ТрансК ао;60;20170315;170000;3235;3235;3235;3235;1;0
ТрансК ао;60;20170316;100000;3245;3245;3245;3245;46;0
ТрансК ао;60;20170316;110000;3250;3250;3225;3225;12;0
ТрансК ао;60;20170316;120000;3230;3230;3230;3230;3;0
ТрансК ао;60;20170316;160000;3230;3230;3220;3220;11;0
ТрансК ао;60;20170316;170000;3210;3235;3205;3235;49;0
ТрансК ао;60;20170317;110000;3235;3250;3235;3250;184;0
ТрансК ао;60;20170317;140000;3270;3310;3270;3310;202;0
ТрансК ао;60;20170317;150000;3350;3350;3350;3350;1;0
ТрансК ао;60;20170317;160000;3310;3310;3310;3310;3;0
ТрансК ао;60;20170317;170000;3350;3350;3350;3350;1;0
ТрансК ао;60;20170320;100000;3310;3310;3310;3310;1;0
ТрансК ао;60;20170320;180000;3345;3345;3345;3345;1;0
ТрансК ао;60;20170321;140000;3340;3340;3340;3340;2;0
ТрансК ао;60;20170321;170000;3305;3305;3305;3305;1;0
ТрансК ао;60;20170321;180000;3340;3340;3340;3340;1;0
ТрансК ао;60;20170322;160000;3325;3325;3325;3325;9;0
ТрансК ао;60;20170323;100000;3255;3310;3255;3305;129;0
ТрансК ао;60;20170323;110000;3305;3325;3305;3325;18;0
ТрансК ао;60;20170323;120000;3330;3330;3330;3330;1;0
ТрансК ао;60;20170323;160000;3335;3495;3335;3495;118;0
ТрансК ао;60;20170324;100000;3570;3625;3500;3625;54;0
ТрансК ао;60;20170324;110000;3585;3585;3550;3550;271;0
ТрансК ао;60;20170324;120000;3565;3575;3565;3575;21;0
ТрансК ао;60;20170324;130000;3550;3550;3550;3550;40;0
ТрансК ао;60;20170324;140000;3550;3550;3550;3550;44;0
ТрансК ао;60;20170324;150000;3550;3550;3550;3550;36;0
ТрансК ао;60;20170324;160000;3550;3550;3550;3550;26;0
ТрансК ао;60;20170324;170000;3550;3550;3550;3550;29;0
ТрансК ао;60;20170324;180000;3550;3550;3550;3550;24;0
ТрансК ао;60;20170327;120000;3545;3545;3545;3545;16;0
ТрансК ао;60;20170327;140000;3510;3510;3500;3500;63;0
ТрансК ао;60;20170327;150000;3500;3500;3485;3485;9;0
ТрансК ао;60;20170328;110000;3490;3490;3490;3490;1;0
ТрансК ао;60;20170328;160000;3495;3495;3495;3495;1;0
ТрансК ао;60;20170328;170000;3445;3445;3445;3445;60;0
ТрансК ао;60;20170329;110000;3440;3450;3435;3450;143;0
ТрансК ао;60;20170330;100000;3490;3490;3490;3490;60;0
ТрансК ао;60;20170330;130000;3445;3445;3440;3440;7;0
ТрансК ао;60;20170330;170000;3440;3440;3425;3425;100;0
ТрансК ао;60;20170331;100000;3445;3445;3400;3400;10;0
ТрансК ао;60;20170331;110000;3400;3400;3400;3400;1;0
ТрансК ао;60;20170331;120000;3380;3380;3380;3380;1;0
ТрансК ао;60;20170331;140000;3410;3530;3410;3440;411;0
ТрансК ао;60;20170331;150000;3440;3440;3440;3440;1;0
ТрансК ао;60;20170331;170000;3440;3440;3440;3440;3;0
ТрансК ао;60;20170403;100000;3470;3470;3430;3430;56;0
ТрансК ао;60;20170403;110000;3385;3400;3385;3385;80;0
ТрансК ао;60;20170403;180000;3415;3415;3415;3415;60;0
ТрансК ао;60;20170404;180000;3460;3460;3460;3460;10;0
ТрансК ао;60;20170405;100000;3450;3450;3410;3410;7;0
ТрансК ао;60;20170405;160000;3410;3410;3410;3410;2;0
ТрансК ао;60;20170406;100000;3400;3400;3400;3400;9;0
ТрансК ао;60;20170406;120000;3385;3385;3385;3385;1;0
ТрансК ао;60;20170406;130000;3385;3385;3385;3385;1;0
ТрансК ао;60;20170406;170000;3425;3490;3425;3460;80;0
ТрансК ао;60;20170406;180000;3495;3520;3495;3515;190;0
ТрансК ао;60;20170407;100000;3450;3450;3400;3440;257;0
ТрансК ао;60;20170411;170000;3400;3400;3400;3400;29;0
ТрансК ао;60;20170411;180000;3450;3450;3450;3450;1;0
ТрансК ао;60;20170412;100000;3400;3420;3400;3420;3;0
ТрансК ао;60;20170412;170000;3385;3425;3375;3425;10;0
ТрансК ао;60;20170413;120000;3370;3370;3340;3340;148;0
ТрансК ао;60;20170413;150000;3325;3325;3325;3325;1;0
ТрансК ао;60;20170413;160000;3350;3350;3350;3350;5;0
ТрансК ао;60;20170413;180000;3300;3330;3300;3330;63;0
ТрансК ао;60;20170414;150000;3295;3300;3290;3290;18;0
ТрансК ао;60;20170414;170000;3275;3275;3275;3275;1;0
ТрансК ао;60;20170414;180000;3270;3270;3270;3270;60;0
ТрансК ао;60;20170417;110000;3315;3315;3315;3315;1;0
ТрансК ао;60;20170418;180000;3300;3300;3300;3300;1;0
ТрансК ао;60;20170419;140000;3285;3285;3250;3250;62;0
ТрансК ао;60;20170419;160000;3250;3250;3250;3250;6;0
ТрансК ао;60;20170419;170000;3250;3250;3250;3250;1;0
ТрансК ао;60;20170419;180000;3250;3250;3250;3250;11;0
ТрансК ао;60;20170420;160000;3260;3260;3260;3260;2;0
ТрансК ао;60;20170420;180000;3260;3260;3260;3260;1;0
ТрансК ао;60;20170421;110000;3200;3200;3200;3200;2;0
ТрансК ао;60;20170421;140000;3220;3220;3220;3220;1;0
ТрансК ао;60;20170421;160000;3220;3220;3220;3220;1;0
ТрансК ао;60;20170421;170000;3210;3210;3210;3210;4;0
ТрансК ао;60;20170421;180000;3210;3210;3210;3210;6;0
ТрансК ао;60;20170424;100000;3250;3255;3250;3255;141;0
ТрансК ао;60;20170424;110000;3295;3400;3295;3400;90;0
ТрансК ао;60;20170424;140000;3330;3350;3330;3350;6;0
ТрансК ао;60;20170424;170000;3350;3350;3350;3350;3;0
ТрансК ао;60;20170424;180000;3350;3355;3350;3355;5;0
ТрансК ао;60;20170425;100000;3380;3395;3380;3395;2;0
ТрансК ао;60;20170425;120000;3385;3385;3385;3385;1;0
ТрансК ао;60;20170425;140000;3355;3355;3355;3355;6;0
ТрансК ао;60;20170425;150000;3395;3395;3395;3395;4;0
ТрансК ао;60;20170425;170000;3355;3355;3355;3355;10;0
ТрансК ао;60;20170425;180000;3355;3360;3315;3360;67;0
ТрансК ао;60;20170426;100000;3295;3450;3295;3355;132;0
ТрансК ао;60;20170426;110000;3380;3380;3380;3380;15;0
ТрансК ао;60;20170426;180000;3385;3385;3385;3385;1;0
ТрансК ао;60;20170427;100000;3350;3350;3350;3350;6;0
ТрансК ао;60;20170427;110000;3350;3350;3350;3350;1;0
ТрансК ао;60;20170427;130000;3350;3350;3350;3350;1;0
ТрансК ао;60;20170427;140000;3310;3310;3295;3295;98;0
ТрансК ао;60;20170427;150000;3340;3340;3340;3340;2;0
ТрансК ао;60;20170427;160000;3340;3340;3340;3340;1;0
ТрансК ао;60;20170427;180000;3300;3335;3290;3335;4;0
ТрансК ао;60;20170428;100000;3345;3345;3345;3345;60;0
ТрансК ао;60;20170428;150000;3340;3340;3340;3340;1;0
ТрансК ао;60;20170502;100000;3345;3345;3345;3345;2;0
ТрансК ао;60;20170502;120000;3325;3325;3325;3325;70;0
ТрансК ао;60;20170502;160000;3300;3300;3300;3300;3;0
ТрансК ао;60;20170502;180000;3325;3325;3325;3325;1;0
ТрансК ао;60;20170503;120000;3260;3260;3260;3260;2;0
ТрансК ао;60;20170503;170000;3280;3280;3280;3280;5;0
ТрансК ао;60;20170504;180000;3265;3275;3265;3275;61;0
ТрансК ао;60;20170505;110000;3320;3320;3320;3320;3;0
ТрансК ао;60;20170505;130000;3320;3320;3320;3320;2;0
ТрансК ао;60;20170510;140000;3320;3320;3280;3280;38;0
ТрансК ао;60;20170510;160000;3320;3320;3320;3320;1;0
ТрансК ао;60;20170510;170000;3320;3320;3320;3320;60;0
ТрансК ао;60;20170510;180000;3335;3335;3335;3335;1;0
ТрансК ао;60;20170511;110000;3280;3280;3280;3280;60;0
ТрансК ао;60;20170511;120000;3300;3300;3280;3280;20;0
ТрансК ао;60;20170511;130000;3280;3280;3280;3280;2;0
ТрансК ао;60;20170511;150000;3280;3280;3280;3280;8;0
ТрансК ао;60;20170511;160000;3300;3300;3300;3300;1;0
ТрансК ао;60;20170512;110000;3300;3300;3300;3300;1;0
ТрансК ао;60;20170512;180000;3310;3310;3310;3310;1;0
ТрансК ао;60;20170515;100000;3310;3310;3305;3305;60;0
ТрансК ао;60;20170515;130000;3275;3275;3265;3265;11;0
ТрансК ао;60;20170515;170000;3265;3300;3265;3300;15;0
ТрансК ао;60;20170517;100000;3300;3300;3300;3300;1;0
ТрансК ао;60;20170517;110000;3305;3305;3305;3305;1;0
ТрансК ао;60;20170517;180000;3305;3305;3305;3305;1;0
ТрансК ао;60;20170518;140000;3280;3280;3280;3280;1;0
ТрансК ао;60;20170518;150000;3260;3280;3260;3280;6;0
ТрансК ао;60;20170518;160000;3275;3280;3275;3280;3;0
ТрансК ао;60;20170519;100000;3280;3280;3280;3280;1;0
ТрансК ао;60;20170519;110000;3260;3600;3220;3380;534;0
ТрансК ао;60;20170519;120000;3375;3375;3260;3260;421;0
ТрансК ао;60;20170519;160000;3260;3260;3260;3260;1;0
ТрансК ао;60;20170519;170000;3250;3250;3250;3250;3;0
ТрансК ао;60;20170522;100000;3255;3255;3255;3255;1;0
ТрансК ао;60;20170522;140000;3275;3275;3275;3275;2;0
ТрансК ао;60;20170523;110000;3250;3265;3220;3220;4;0
ТрансК ао;60;20170523;120000;3265;3265;3265;3265;1;0
ТрансК ао;60;20170523;140000;3265;3265;3265;3265;6;0
ТрансК ао;60;20170524;110000;3265;3265;3265;3265;20;0
ТрансК ао;60;20170524;170000;3225;3225;3220;3220;20;0
ТрансК ао;60;20170525;140000;3250;3250;3250;3250;1;0
ТрансК ао;60;20170525;170000;3245;3245;3245;3245;2;0
ТрансК ао;60;20170526;100000;3210;3210;3210;3210;1;0
ТрансК ао;60;20170526;180000;3245;3245;3245;3245;12;0
ТрансК ао;60;20170529;110000;3250;3250;3210;3210;3;0
ТрансК ао;60;20170529;160000;3215;3215;3215;3215;1;0
ТрансК ао;60;20170529;170000;3210;3210;3210;3210;2;0
ТрансК ао;60;20170529;180000;3210;3210;3210;3210;1;0
ТрансК ао;60;20170530;120000;3210;3210;3210;3210;3;0
ТрансК ао;60;20170530;170000;3215;3215;3210;3210;4;0
ТрансК ао;60;20170530;180000;3245;3245;3245;3245;1;0
ТрансК ао;60;20170531;100000;3230;3230;3090;3125;243;0
ТрансК ао;60;20170531;110000;3125;3125;3125;3125;7;0
ТрансК ао;60;20170531;140000;3130;3130;3130;3130;15;0
ТрансК ао;60;20170601;110000;3145;3145;3145;3145;1;0
ТрансК ао;60;20170601;150000;3150;3150;3150;3150;6;0
ТрансК ао;60;20170601;170000;3150;3150;3150;3150;7;0
ТрансК ао;60;20170602;100000;3145;3145;3145;3145;10;0
ТрансК ао;60;20170602;120000;3145;3145;3145;3145;14;0
ТрансК ао;60;20170602;170000;3145;3145;3140;3140;18;0
ТрансК ао;60;20170605;100000;3140;3140;3140;3140;1;0
ТрансК ао;60;20170605;160000;3140;3145;3140;3145;98;0
ТрансК ао;60;20170605;180000;3145;3145;3145;3145;12;0
ТрансК ао;60;20170606;100000;3100;3100;3000;3045;390;0
ТрансК ао;60;20170606;110000;3045;3055;3040;3055;8;0
ТрансК ао;60;20170606;120000;3060;3060;3060;3060;70;0
ТрансК ао;60;20170606;140000;3080;3080;3080;3080;1;0
ТрансК ао;60;20170606;160000;3085;3085;3085;3085;6;0
ТрансК ао;60;20170607;090000;3095;3095;3095;3095;4;0
ТрансК ао;60;20170607;100000;3020;3255;3020;3040;67;0
ТрансК ао;60;20170607;120000;3040;3045;3040;3045;8;0
ТрансК ао;60;20170607;170000;3045;3045;3045;3045;2;0
ТрансК ао;60;20170607;180000;3010;3040;3000;3040;72;0
ТрансК ао;60;20170608;100000;3055;3055;3000;3000;214;0
ТрансК ао;60;20170608;110000;3035;3035;3035;3035;1;0
ТрансК ао;60;20170608;140000;3040;3040;3040;3040;1;0
ТрансК ао;60;20170608;150000;3040;3040;3040;3040;4;0
ТрансК ао;60;20170608;180000;3045;3045;3045;3045;2;0
ТрансК ао;60;20170609;110000;3045;3045;3045;3045;3;0
ТрансК ао;60;20170609;120000;3045;3045;3045;3045;15;0
ТрансК ао;60;20170609;130000;3045;3045;3045;3045;1;0
ТрансК ао;60;20170609;140000;3005;3040;3005;3040;6;0
ТрансК ао;60;20170609;150000;3040;3040;3040;3040;9;0
ТрансК ао;60;20170613;100000;3000;3050;3000;3050;6;0
ТрансК ао;60;20170613;110000;3070;3070;3060;3060;8;0
ТрансК ао;60;20170613;140000;3075;3080;3060;3070;139;0
ТрансК ао;60;20170613;150000;3040;3040;3040;3040;1;0
ТрансК ао;60;20170613;170000;3075;3075;3075;3075;1;0
ТрансК ао;60;20170613;180000;3040;3040;3035;3035;22;0
ТрансК ао;60;20170614;100000;3040;3040;3040;3040;2;0
ТрансК ао;60;20170614;110000;3000;3015;2995;3000;198;0
ТрансК ао;60;20170614;140000;3000;3000;3000;3000;1;0
ТрансК ао;60;20170614;180000;2980;2980;2980;2980;10;0
ТрансК ао;60;20170615;100000;3055;3055;3000;3000;130;0
ТрансК ао;60;20170615;120000;2995;2995;2995;2995;8;0
ТрансК ао;60;20170615;130000;2975;2975;2975;2975;1;0
ТрансК ао;60;20170615;180000;2995;2995;2995;2995;4;0
ТрансК ао;60;20170616;100000;3000;3000;3000;3000;7;0
ТрансК ао;60;20170619;100000;2960;2960;2960;2960;1;0
ТрансК ао;60;20170619;110000;3000;3000;3000;3000;2;0
ТрансК ао;60;20170619;140000;3000;3000;3000;3000;5;0
ТрансК ао;60;20170619;160000;2965;3100;2965;3100;88;0
ТрансК ао;60;20170619;170000;3005;3035;2995;3000;7;0
ТрансК ао;60;20170620;100000;3000;3110;2990;2990;125;0
ТрансК ао;60;20170620;110000;3000;3000;3000;3000;1;0
ТрансК ао;60;20170620;130000;3020;3020;3020;3020;2;0
ТрансК ао;60;20170620;140000;3020;3020;3020;3020;1;0
ТрансК ао;60;20170620;180000;3020;3020;3020;3020;1;0
ТрансК ао;60;20170621;100000;3035;3115;3000;3000;672;0
ТрансК ао;60;20170621;120000;3000;3000;3000;3000;2;0
ТрансК ао;60;20170621;150000;2985;2985;2985;2985;3;0
ТрансК ао;60;20170621;160000;3010;3015;3010;3015;89;0
ТрансК ао;60;20170621;170000;3015;3015;2960;3000;143;0
ТрансК ао;60;20170622;140000;2995;2995;2995;2995;1;0
ТрансК ао;60;20170623;100000;2935;2950;2930;2950;286;0
ТрансК ао;60;20170623;110000;2950;2965;2950;2965;23;0
ТрансК ао;60;20170623;120000;2965;2965;2950;2950;9;0
ТрансК ао;60;20170623;160000;2955;2955;2955;2955;1;0
ТрансК ао;60;20170623;170000;2955;3100;2955;3100;12;0
ТрансК ао;60;20170626;100000;3045;3045;3045;3045;1;0
ТрансК ао;60;20170626;110000;3045;3045;2995;2995;133;0
ТрансК ао;60;20170626;120000;2995;3035;2995;3035;62;0
ТрансК ао;60;20170626;130000;3035;3035;3000;3000;51;0
ТрансК ао;60;20170626;150000;3005;3005;2980;2980;152;0
ТрансК ао;60;20170626;170000;2985;2995;2985;2995;2;0
ТрансК ао;60;20170627;100000;3015;3015;2940;2980;113;0
ТрансК ао;60;20170627;110000;2985;2985;2985;2985;11;0
ТрансК ао;60;20170627;130000;2990;2990;2990;2990;10;0
ТрансК ао;60;20170627;150000;2990;2990;2990;2990;1;0
ТрансК ао;60;20170628;100000;3010;3010;3010;3010;1;0
ТрансК ао;60;20170628;110000;3005;3005;3000;3000;17;0
ТрансК ао;60;20170628;140000;3005;3005;3005;3005;1;0
ТрансК ао;60;20170628;150000;3005;3005;3005;3005;1;0
ТрансК ао;60;20170628;170000;3005;3005;3005;3005;1;0
ТрансК ао;60;20170628;180000;3095;3095;3095;3095;1;0
ТрансК ао;60;20170629;100000;3115;3115;3020;3025;167;0
ТрансК ао;60;20170629;110000;3020;3020;3020;3020;1;0
ТрансК ао;60;20170629;130000;3005;3005;3000;3000;7;0
ТрансК ао;60;20170629;140000;3000;3000;3000;3000;18;0
ТрансК ао;60;20170629;150000;3000;3000;3000;3000;1;0
ТрансК ао;60;20170629;160000;2995;2995;2995;2995;1;0
ТрансК ао;60;20170630;100000;2995;2995;2995;2995;1;0
ТрансК ао;60;20170630;120000;2995;2995;2995;2995;1;0
ТрансК ао;60;20170630;150000;3000;3000;3000;3000;3;0
ТрансК ао;60;20170630;160000;3000;3000;2995;2995;7;0
ТрансК ао;60;20170630;170000;2995;2995;2945;2965;28;0
ТрансК ао;60;20170630;180000;2995;3000;2995;3000;65;0
ТрансК ао;60;20170704;100000;3020;3020;3020;3020;1;0
ТрансК ао;60;20170704;170000;3000;3000;3000;3000;1;0
ТрансК ао;60;20170704;180000;3005;3095;3000;3095;6;0
ТрансК ао;60;20170705;100000;3035;3035;2995;2995;12;0
ТрансК ао;60;20170705;110000;2995;2995;2995;2995;40;0
ТрансК ао;60;20170705;180000;2995;2995;2955;2955;7;0
ТрансК ао;60;20170706;110000;2975;3015;2975;3010;179;0
ТрансК ао;60;20170706;120000;3050;3100;3050;3065;431;0
ТрансК ао;60;20170706;130000;3065;3070;3060;3060;26;0
ТрансК ао;60;20170706;140000;3060;3070;3060;3065;27;0
ТрансК ао;60;20170706;150000;3065;3065;3065;3065;26;0
ТрансК ао;60;20170706;160000;3065;3070;3015;3065;36;0
ТрансК ао;60;20170706;170000;3065;3075;3060;3070;27;0
ТрансК ао;60;20170706;180000;3070;3075;3070;3075;17;0
ТрансК ао;60;20170707;100000;3140;3140;3060;3060;102;0
ТрансК ао;60;20170707;110000;3065;3065;3065;3065;1;0
ТрансК ао;60;20170707;160000;3060;3105;3060;3105;126;0
ТрансК ао;60;20170710;120000;3055;3055;3025;3025;182;0
ТрансК ао;60;20170710;170000;3030;3030;3025;3025;103;0
ТрансК ао;60;20170710;180000;3025;3100;3025;3100;103;0
ТрансК ао;60;20170711;100000;3035;3035;3020;3030;76;0
ТрансК ао;60;20170711;110000;3025;3030;3020;3020;3;0
ТрансК ао;60;20170711;120000;3015;3015;3000;3000;57;0
ТрансК ао;60;20170711;130000;3000;3000;3000;3000;2;0
ТрансК ао;60;20170711;140000;3005;3010;3000;3010;120;0
ТрансК ао;60;20170711;150000;3010;3010;3010;3010;7;0
ТрансК ао;60;20170711;160000;3010;3010;3010;3010;6;0
ТрансК ао;60;20170711;170000;3010;3010;3000;3000;25;0
ТрансК ао;60;20170711;180000;3005;3010;3005;3005;5;0
ТрансК ао;60;20170712;100000;3030;3030;3000;3000;3;0
ТрансК ао;60;20170712;110000;3030;3030;3030;3030;1;0
ТрансК ао;60;20170712;120000;3005;3035;3000;3035;105;0
ТрансК ао;60;20170712;130000;3030;3035;3030;3035;17;0
ТрансК ао;60;20170712;150000;3040;3070;3030;3030;335;0
ТрансК ао;60;20170713;100000;3025;3025;3025;3025;1;0
ТрансК ао;60;20170713;120000;3025;3025;3025;3025;2;0
ТрансК ао;60;20170713;160000;3000;3000;3000;3000;154;0
ТрансК ао;60;20170713;170000;2995;2995;2995;2995;1;0
ТрансК ао;60;20170713;180000;2985;2985;2980;2980;14;0
ТрансК ао;60;20170714;100000;3020;3020;3000;3000;4;0
ТрансК ао;60;20170714;110000;3000;3000;3000;3000;50;0
ТрансК ао;60;20170717;140000;2990;2990;2985;2985;3;0
ТрансК ао;60;20170717;150000;3000;3000;3000;3000;1;0
ТрансК ао;60;20170717;170000;2995;2995;2995;2995;2;0
ТрансК ао;60;20170718;100000;2995;2995;2995;2995;2;0
ТрансК ао;60;20170718;120000;2990;2990;2990;2990;1;0
ТрансК ао;60;20170718;130000;2995;3015;2990;2990;770;0
ТрансК ао;60;20170718;150000;3005;3005;3005;3005;7;0
ТрансК ао;60;20170718;170000;2990;2990;2970;2970;33;0
ТрансК ао;60;20170719;120000;2960;2970;2955;2960;152;0
ТрансК ао;60;20170719;130000;2955;2955;2935;2955;5;0
ТрансК ао;60;20170719;140000;2945;2945;2945;2945;1;0
ТрансК ао;60;20170719;150000;2955;2955;2955;2955;5;0
ТрансК ао;60;20170719;160000;2960;2960;2960;2960;1;0
ТрансК ао;60;20170719;180000;2940;2940;2940;2940;1;0
ТрансК ао;60;20170720;110000;2955;2955;2955;2955;1;0
ТрансК ао;60;20170720;130000;2950;2950;2950;2950;1;0
ТрансК ао;60;20170720;140000;2955;2960;2955;2960;11;0
ТрансК ао;60;20170720;150000;2970;2980;2970;2980;125;0
ТрансК ао;60;20170720;160000;3010;3025;3010;3020;101;0
ТрансК ао;60;20170720;170000;3015;3015;2980;2980;65;0
ТрансК ао;60;20170720;180000;3000;3000;2995;2995;4;0
ТрансК ао;60;20170721;100000;3000;3025;3000;3005;79;0
ТрансК ао;60;20170721;120000;3005;3005;3000;3000;121;0
ТрансК ао;60;20170721;170000;3000;3000;3000;3000;52;0
ТрансК ао;60;20170721;180000;3000;3000;3000;3000;10;0
ТрансК ао;60;20170724;100000;3005;3200;3005;3115;911;0
ТрансК ао;60;20170724;110000;3115;3130;3115;3130;13;0
ТрансК ао;60;20170724;120000;3120;3120;2995;3020;580;0
ТрансК ао;60;20170724;130000;3020;3020;3020;3020;5;0
ТрансК ао;60;20170724;140000;3025;3025;3025;3025;3;0
ТрансК ао;60;20170724;150000;3040;3040;3025;3025;6;0
ТрансК ао;60;20170724;170000;3030;3030;3030;3030;8;0
ТрансК ао;60;20170724;180000;3010;3010;3010;3010;2;0
ТрансК ао;60;20170725;110000;3020;3025;3020;3020;7;0
ТрансК ао;60;20170725;120000;3020;3020;2985;2985;144;0
ТрансК ао;60;20170725;140000;2965;2985;2925;2960;253;0
ТрансК ао;60;20170725;150000;2970;2980;2970;2980;241;0
ТрансК ао;60;20170725;160000;2960;2960;2955;2955;2;0
ТрансК ао;60;20170726;100000;2980;2980;2980;2980;5;0
ТрансК ао;60;20170726;130000;2950;2950;2950;2950;1;0
ТрансК ао;60;20170726;170000;2955;2955;2955;2955;1;0
ТрансК ао;60;20170726;180000;2950;2950;2950;2950;100;0
ТрансК ао;60;20170727;100000;2950;2960;2940;2940;11;0
ТрансК ао;60;20170727;110000;2960;2995;2960;2990;193;0
ТрансК ао;60;20170727;120000;2995;3100;2995;3065;377;0
ТрансК ао;60;20170727;130000;3040;3040;3040;3040;30;0
ТрансК ао;60;20170727;140000;3055;3075;3055;3075;2;0
ТрансК ао;60;20170728;100000;3080;3130;3080;3080;101;0
ТрансК ао;60;20170728;110000;3080;3080;3075;3075;7;0
ТрансК ао;60;20170728;120000;3080;3080;3070;3070;11;0
ТрансК ао;60;20170728;150000;3070;3070;3070;3070;11;0
ТрансК ао;60;20170731;100000;3090;3090;3005;3005;178;0
ТрансК ао;60;20170731;110000;3000;3005;2970;2995;132;0
ТрансК ао;60;20170731;120000;2975;2975;2975;2975;17;0
ТрансК ао;60;20170731;160000;2995;2995;2995;2995;45;0
ТрансК ао;60;20170731;170000;3040;3040;3040;3040;3;0
ТрансК ао;60;20170731;180000;3040;3040;3040;3040;4;0
ТрансК ао;60;20170801;100000;2955;2955;2955;2955;1;0
ТрансК ао;60;20170801;120000;2975;2980;2975;2980;32;0
ТрансК ао;60;20170801;130000;2980;2980;2980;2980;3;0
ТрансК ао;60;20170801;140000;2980;2980;2980;2980;19;0
ТрансК ао;60;20170801;160000;2995;2995;2995;2995;6;0
ТрансК ао;60;20170801;170000;2975;2975;2965;2965;16;0
ТрансК ао;60;20170801;180000;2975;2975;2965;2965;71;0
ТрансК ао;60;20170802;100000;2985;2985;2985;2985;10;0
ТрансК ао;60;20170802;110000;2990;2990;2990;2990;11;0
ТрансК ао;60;20170802;140000;2995;2995;2995;2995;1;0
ТрансК ао;60;20170802;160000;2995;2995;2995;2995;1;0
ТрансК ао;60;20170802;180000;2985;2985;2940;2950;89;0
ТрансК ао;60;20170803;100000;2950;2950;2945;2950;38;0
ТрансК ао;60;20170803;110000;2950;2975;2950;2950;228;0
ТрансК ао;60;20170803;120000;2975;3005;2975;3000;53;0
ТрансК ао;60;20170803;130000;3000;3000;2970;2975;241;0
ТрансК ао;60;20170803;160000;2970;2970;2970;2970;7;0
ТрансК ао;60;20170803;170000;2965;2965;2965;2965;1;0
ТрансК ао;60;20170803;180000;2970;2980;2970;2980;83;0
ТрансК ао;60;20170804;100000;3000;3070;3000;3015;207;0
ТрансК ао;60;20170804;110000;3005;3005;3000;3000;4;0
ТрансК ао;60;20170804;140000;3000;3025;2980;3025;308;0
ТрансК ао;60;20170804;150000;3025;3025;3025;3025;8;0
ТрансК ао;60;20170804;160000;3025;3025;2985;2985;158;0
ТрансК ао;60;20170804;170000;2990;2990;2990;2990;10;0
ТрансК ао;60;20170804;180000;2965;2965;2960;2960;23;0
ТрансК ао;60;20170807;100000;2980;2995;2975;2995;45;0
ТрансК ао;60;20170807;110000;2990;3050;2990;3050;494;0
ТрансК ао;60;20170807;120000;3050;3075;3000;3000;734;0
ТрансК ао;60;20170807;160000;3030;3030;3030;3030;1;0
ТрансК ао;60;20170807;170000;2990;3000;2990;3000;272;0
ТрансК ао;60;20170807;180000;3015;3020;3015;3020;16;0
ТрансК ао;60;20170808;100000;3040;3040;3010;3010;177;0
ТрансК ао;60;20170808;120000;3000;3000;2975;2980;224;0
ТрансК ао;60;20170808;130000;2990;3010;2990;3010;52;0
ТрансК ао;60;20170808;150000;3005;3005;3005;3005;1;0
ТрансК ао;60;20170809;100000;3025;3025;3000;3000;110;0
ТрансК ао;60;20170810;100000;3045;3190;3045;3115;615;0
ТрансК ао;60;20170810;110000;3100;3110;3100;3110;15;0
ТрансК ао;60;20170810;120000;3100;3100;3075;3075;121;0
ТрансК ао;60;20170810;130000;3075;3075;3075;3075;2;0
ТрансК ао;60;20170810;140000;3065;3065;3060;3060;15;0
ТрансК ао;60;20170810;150000;3070;3070;3070;3070;4;0
ТрансК ао;60;20170810;160000;3085;3090;3085;3090;5;0
ТрансК ао;60;20170810;170000;3085;3085;3085;3085;4;0
ТрансК ао;60;20170811;100000;3095;3095;3095;3095;1;0
ТрансК ао;60;20170811;110000;3090;3090;3090;3090;1;0
ТрансК ао;60;20170811;130000;3090;3100;3090;3100;100;0
ТрансК ао;60;20170811;140000;3110;3110;3110;3110;2;0
ТрансК ао;60;20170811;180000;3110;3110;3065;3065;5;0
ТрансК ао;60;20170814;100000;3065;3085;3065;3085;9;0
ТрансК ао;60;20170814;110000;3085;3085;3085;3085;25;0
ТрансК ао;60;20170814;120000;3100;3100;3100;3100;31;0
ТрансК ао;60;20170814;130000;3100;3110;3100;3110;10;0
ТрансК ао;60;20170814;150000;3115;3115;3115;3115;1;0
ТрансК ао;60;20170814;160000;3115;3115;3115;3115;1;0
ТрансК ао;60;20170814;170000;3115;3115;3115;3115;1;0
ТрансК ао;60;20170814;180000;3080;3150;3080;3150;2;0
ТрансК ао;60;20170815;110000;3125;3125;3125;3125;1;0
ТрансК ао;60;20170815;120000;3125;3125;3125;3125;3;0
ТрансК ао;60;20170815;140000;3125;3125;3125;3125;105;0
ТрансК ао;60;20170815;180000;3130;3130;3125;3125;28;0
ТрансК ао;60;20170816;100000;3150;3180;3150;3180;52;0
ТрансК ао;60;20170816;130000;3180;3180;3180;3180;2;0
ТрансК ао;60;20170816;140000;3180;3195;3180;3195;95;0
ТрансК ао;60;20170816;150000;3180;3200;3180;3200;105;0
ТрансК ао;60;20170816;160000;3200;3295;3200;3295;230;0
ТрансК ао;60;20170816;170000;3265;3265;3265;3265;69;0
ТрансК ао;60;20170816;180000;3300;3300;3300;3300;5;0
ТрансК ао;60;20170817;100000;3275;3275;3230;3270;62;0
ТрансК ао;60;20170817;110000;3270;3280;3270;3270;43;0
ТрансК ао;60;20170817;160000;3270;3270;3270;3270;2;0
ТрансК ао;60;20170817;170000;3250;3250;3235;3235;27;0
ТрансК ао;60;20170817;180000;3290;3340;3290;3340;17;0
ТрансК ао;60;20170818;100000;3320;3400;3300;3400;283;0
ТрансК ао;60;20170818;110000;3355;3490;3340;3375;409;0
ТрансК ао;60;20170818;120000;3395;3395;3395;3395;1;0
ТрансК ао;60;20170818;140000;3395;3395;3395;3395;7;0
ТрансК ао;60;20170818;180000;3410;3420;3400;3400;9;0
ТрансК ао;60;20170821;100000;3400;3400;3365;3365;128;0
ТрансК ао;60;20170821;110000;3335;3350;3335;3335;16;0
ТрансК ао;60;20170821;120000;3335;3375;3330;3375;114;0
ТрансК ао;60;20170821;130000;3355;3355;3330;3330;15;0
ТрансК ао;60;20170821;140000;3360;3365;3360;3365;2;0
ТрансК ао;60;20170821;160000;3355;3355;3355;3355;2;0
ТрансК ао;60;20170821;170000;3315;3315;3300;3300;78;0
ТрансК ао;60;20170822;100000;3280;3280;3265;3265;40;0
ТрансК ао;60;20170822;120000;3245;3245;3245;3245;13;0
ТрансК ао;60;20170822;130000;3255;3255;3255;3255;2;0
ТрансК ао;60;20170822;140000;3270;3275;3270;3275;5;0
ТрансК ао;60;20170822;160000;3280;3280;3280;3280;2;0
ТрансК ао;60;20170822;180000;3270;3275;3270;3275;3;0
ТрансК ао;60;20170823;100000;3285;3295;3285;3295;125;0
ТрансК ао;60;20170823;110000;3335;3340;3295;3295;12;0
ТрансК ао;60;20170823;140000;3335;3340;3300;3300;6;0
ТрансК ао;60;20170823;170000;3335;3335;3300;3300;30;0
ТрансК ао;60;20170823;180000;3320;3320;3320;3320;11;0
ТрансК ао;60;20170824;100000;3325;3330;3295;3295;63;0
ТрансК ао;60;20170824;110000;3290;3350;3290;3350;353;0
ТрансК ао;60;20170824;120000;3340;3340;3330;3330;91;0
ТрансК ао;60;20170824;170000;3305;3305;3305;3305;1;0
ТрансК ао;60;20170824;180000;3300;3300;3300;3300;10;0
ТрансК ао;60;20170825;100000;3280;3280;3275;3280;13;0
ТрансК ао;60;20170825;110000;3310;3320;3310;3320;10;0
ТрансК ао;60;20170825;120000;3280;3280;3280;3280;3;0
ТрансК ао;60;20170825;130000;3280;3285;3280;3285;5;0
ТрансК ао;60;20170825;150000;3280;3280;3275;3275;10;0
ТрансК ао;60;20170825;170000;3275;3275;3255;3255;156;0
ТрансК ао;60;20170825;180000;3255;3255;3255;3255;9;0
ТрансК ао;60;20170828;100000;3265;3265;3175;3190;409;0
ТрансК ао;60;20170828;120000;3170;3170;3170;3170;2;0
ТрансК ао;60;20170828;130000;3170;3185;3165;3170;25;0
ТрансК ао;60;20170828;140000;3185;3185;3170;3185;61;0
ТрансК ао;60;20170828;160000;3190;3190;3190;3190;4;0
ТрансК ао;60;20170828;170000;3190;3200;3190;3200;7;0
ТрансК ао;60;20170829;090000;3235;3235;3235;3235;1;0
ТрансК ао;60;20170829;100000;3270;3280;3180;3185;482;0
ТрансК ао;60;20170829;110000;3185;3270;3185;3250;415;0
ТрансК ао;60;20170829;120000;3265;3270;3265;3265;10;0
ТрансК ао;60;20170829;130000;3265;3270;3265;3270;64;0
ТрансК ао;60;20170829;150000;3270;3335;3270;3325;153;0
ТрансК ао;60;20170829;160000;3260;3260;3245;3245;30;0
ТрансК ао;60;20170829;170000;3255;3285;3210;3210;79;0
ТрансК ао;60;20170829;180000;3220;3220;3190;3190;107;0
ТрансК ао;60;20170830;100000;3185;3220;3155;3215;202;0
ТрансК ао;60;20170830;120000;3190;3225;3185;3225;178;0
ТрансК ао;60;20170830;130000;3240;3265;3240;3265;52;0
ТрансК ао;60;20170830;140000;3265;3265;3265;3265;30;0
ТрансК ао;60;20170830;150000;3275;3275;3275;3275;1;0
ТрансК ао;60;20170830;170000;3270;3275;3270;3275;10;0
ТрансК ао;60;20170830;180000;3275;3275;3275;3275;5;0
ТрансК ао;60;20170831;100000;3280;3280;3280;3280;1;0
ТрансК ао;60;20170831;110000;3280;3280;3280;3280;6;0
ТрансК ао;60;20170831;130000;3270;3270;3270;3270;15;0
ТрансК ао;60;20170831;140000;3260;3260;3260;3260;1;0
ТрансК ао;60;20170831;150000;3260;3260;3260;3260;1;0
ТрансК ао;60;20170831;170000;3260;3260;3240;3240;7;0
ТрансК ао;60;20170831;180000;3230;3230;3205;3205;52;0
ТрансК ао;60;20170901;100000;3220;3220;3200;3200;151;0
ТрансК ао;60;20170901;110000;3220;3310;3220;3300;224;0
ТрансК ао;60;20170901;120000;3265;3270;3255;3255;69;0
ТрансК ао;60;20170901;140000;3275;3285;3275;3285;30;0
ТрансК ао;60;20170901;170000;3255;3255;3250;3250;4;0
ТрансК ао;60;20170901;180000;3250;3250;3250;3250;3;0
ТрансК ао;60;20170904;100000;3265;3400;3265;3355;280;0
ТрансК ао;60;20170904;110000;3350;3350;3305;3305;276;0
ТрансК ао;60;20170904;120000;3305;3310;3295;3295;8;0
ТрансК ао;60;20170904;130000;3310;3310;3300;3310;7;0
ТрансК ао;60;20170904;140000;3310;3310;3310;3310;1;0
ТрансК ао;60;20170904;160000;3310;3310;3310;3310;35;0
ТрансК ао;60;20170904;170000;3310;3360;3310;3360;34;0
ТрансК ао;60;20170904;180000;3315;3350;3300;3350;51;0
ТрансК ао;60;20170905;100000;3370;3370;3335;3335;54;0
ТрансК ао;60;20170905;110000;3305;3305;3295;3295;106;0
ТрансК ао;60;20170905;120000;3300;3300;3300;3300;50;0
ТрансК ао;60;20170905;150000;3295;3315;3295;3315;2;0
ТрансК ао;60;20170905;160000;3315;3315;3315;3315;1;0
ТрансК ао;60;20170905;170000;3310;3310;3310;3310;1;0
ТрансК ао;60;20170905;180000;3310;3385;3310;3385;306;0
ТрансК ао;60;20170906;100000;3370;3370;3350;3355;64;0
ТрансК ао;60;20170906;110000;3330;3360;3320;3360;310;0
ТрансК ао;60;20170906;120000;3365;3365;3355;3360;151;0
ТрансК ао;60;20170906;130000;3340;3340;3295;3330;180;0
ТрансК ао;60;20170906;140000;3350;3565;3350;3500;404;0
ТрансК ао;60;20170906;150000;3500;3525;3400;3455;728;0
ТрансК ао;60;20170906;160000;3475;3695;3475;3650;1176;0
ТрансК ао;60;20170906;170000;3640;3740;3595;3720;959;0
ТрансК ао;60;20170906;180000;3695;3880;3650;3865;572;0
ТрансК ао;60;20170907;090000;3925;3925;3925;3925;12;0
ТрансК ао;60;20170907;100000;3930;4070;3800;3870;1664;0
ТрансК ао;60;20170907;110000;3840;3900;3840;3900;299;0
ТрансК ао;60;20170907;120000;3900;3965;3890;3890;275;0
ТрансК ао;60;20170907;130000;3890;3915;3880;3900;83;0
ТрансК ао;60;20170907;140000;3895;3950;3890;3950;154;0
ТрансК ао;60;20170907;150000;3925;3925;3905;3905;5;0
ТрансК ао;60;20170907;160000;3905;3915;3890;3890;39;0
ТрансК ао;60;20170907;170000;3880;3975;3880;3975;203;0
ТрансК ао;60;20170907;180000;3980;4000;3915;3915;204;0
ТрансК ао;60;20170908;100000;3860;3975;3860;3925;108;0
ТрансК ао;60;20170908;110000;3925;4095;3925;3995;745;0
ТрансК ао;60;20170908;120000;3950;3950;3915;3940;66;0
ТрансК ао;60;20170908;130000;3960;3960;3940;3940;54;0
ТрансК ао;60;20170908;140000;3970;3975;3970;3975;12;0
ТрансК ао;60;20170908;150000;3970;3970;3970;3970;1;0
ТрансК ао;60;20170908;160000;3950;3970;3940;3945;88;0
ТрансК ао;60;20170908;170000;3950;3950;3950;3950;25;0
ТрансК ао;60;20170908;180000;3970;3990;3940;3990;33;0
ТрансК ао;60;20170911;100000;3960;4050;3960;4050;108;0
ТрансК ао;60;20170911;110000;4025;4065;4025;4040;30;0
ТрансК ао;60;20170911;120000;4025;4055;4025;4055;143;0
ТрансК ао;60;20170911;130000;4060;4160;4060;4145;271;0
ТрансК ао;60;20170911;140000;4150;4180;4070;4080;97;0
ТрансК ао;60;20170911;150000;4095;4280;4095;4270;229;0
ТрансК ао;60;20170911;160000;4245;4250;4200;4230;172;0
ТрансК ао;60;20170911;170000;4225;4230;4225;4230;7;0
ТрансК ао;60;20170911;180000;4185;4185;4010;4160;116;0
ТрансК ао;60;20170912;100000;4130;4180;4130;4130;124;0
ТрансК ао;60;20170912;120000;4145;4170;4110;4150;139;0
ТрансК ао;60;20170912;130000;4160;4165;4015;4015;79;0
ТрансК ао;60;20170912;140000;4015;4015;4015;4015;6;0
ТрансК ао;60;20170912;150000;4040;4085;4040;4085;19;0
ТрансК ао;60;20170912;160000;4085;4085;4085;4085;10;0
ТрансК ао;60;20170912;170000;4055;4085;4025;4025;12;0
ТрансК ао;60;20170912;180000;4020;4020;4015;4015;27;0
ТрансК ао;60;20170913;100000;4010;4040;4010;4040;16;0
ТрансК ао;60;20170913;110000;4015;4015;3940;3960;178;0
ТрансК ао;60;20170913;120000;3920;3920;3915;3915;10;0
ТрансК ао;60;20170913;130000;3945;3950;3935;3935;15;0
ТрансК ао;60;20170913;140000;3935;3935;3850;3860;144;0
ТрансК ао;60;20170913;150000;3855;3870;3800;3860;282;0
ТрансК ао;60;20170913;160000;3850;3900;3845;3900;41;0
ТрансК ао;60;20170913;170000;3900;3900;3880;3900;55;0
ТрансК ао;60;20170913;180000;3895;4000;3895;4000;36;0
ТрансК ао;60;20170914;100000;3975;3980;3975;3980;51;0
ТрансК ао;60;20170914;130000;3985;4000;3985;4000;29;0
ТрансК ао;60;20170914;140000;3960;3960;3465;3810;750;0
ТрансК ао;60;20170914;150000;3835;3835;3770;3780;62;0
ТрансК ао;60;20170914;160000;3820;3835;3820;3835;23;0
ТрансК ао;60;20170914;170000;3900;3900;3900;3900;1;0
ТрансК ао;60;20170914;180000;3895;3895;3825;3895;42;0
ТрансК ао;60;20170915;100000;3880;3885;3880;3885;11;0
ТрансК ао;60;20170915;110000;3875;3875;3845;3845;10;0
ТрансК ао;60;20170915;120000;3855;3855;3835;3835;12;0
ТрансК ао;60;20170915;130000;3840;3840;3750;3750;161;0
ТрансК ао;60;20170915;140000;3750;3790;3740;3775;32;0
ТрансК ао;60;20170915;150000;3775;3775;3775;3775;20;0
ТрансК ао;60;20170915;160000;3775;3865;3775;3865;23;0
ТрансК ао;60;20170915;170000;3790;3870;3780;3870;6;0
ТрансК ао;60;20170915;180000;3795;3870;3795;3870;2;0
ТрансК ао;60;20170918;100000;3995;3995;3875;3915;171;0
ТрансК ао;60;20170918;110000;3915;3940;3915;3940;37;0
ТрансК ао;60;20170918;120000;3940;3980;3940;3980;47;0
ТрансК ао;60;20170918;130000;3970;3995;3935;3995;43;0
ТрансК ао;60;20170918;140000;3995;4000;3950;4000;132;0
ТрансК ао;60;20170918;150000;4000;4000;3955;3960;74;0
ТрансК ао;60;20170918;160000;3995;3995;3950;3960;82;0
ТрансК ао;60;20170918;170000;3960;3970;3950;3950;44;0
ТрансК ао;60;20170918;180000;3950;4095;3950;4095;208;0
ТрансК ао;60;20170919;100000;4090;4090;4030;4040;57;0
ТрансК ао;60;20170919;120000;4000;4000;3960;3975;12;0
ТрансК ао;60;20170919;130000;3980;3980;3980;3980;10;0
ТрансК ао;60;20170919;140000;3980;3980;3980;3980;1;0
ТрансК ао;60;20170919;150000;3975;3975;3975;3975;54;0
ТрансК ао;60;20170919;170000;3905;3905;3905;3905;1;0
ТрансК ао;60;20170919;180000;3905;3940;3835;3940;51;0
ТрансК ао;60;20170920;100000;3965;3965;3915;3915;4;0
ТрансК ао;60;20170920;120000;3900;3900;3890;3890;2;0
ТрансК ао;60;20170920;130000;3905;3905;3905;3905;1;0
ТрансК ао;60;20170920;140000;3910;3930;3910;3920;26;0
ТрансК ао;60;20170920;180000;3890;3930;3890;3930;9;0
ТрансК ао;60;20170921;100000;3880;3980;3880;3895;193;0
ТрансК ао;60;20170921;130000;3925;3925;3925;3925;10;0
ТрансК ао;60;20170921;170000;3925;4040;3895;3970;130;0
ТрансК ао;60;20170921;180000;3965;3970;3965;3970;7;0
ТрансК ао;60;20170922;100000;3940;3940;3890;3940;58;0
ТрансК ао;60;20170922;160000;3895;3895;3890;3890;9;0
ТрансК ао;60;20170922;170000;3935;3990;3935;3990;100;0
ТрансК ао;60;20170922;180000;3900;3900;3900;3900;1;0
ТрансК ао;60;20170925;100000;3895;3895;3835;3885;41;0
ТрансК ао;60;20170925;110000;3895;3925;3870;3925;196;0
ТрансК ао;60;20170925;120000;3950;3950;3925;3925;48;0
ТрансК ао;60;20170925;130000;3950;3950;3950;3950;100;0
ТрансК ао;60;20170925;160000;3925;3925;3925;3925;50;0
ТрансК ао;60;20170925;180000;3925;3925;3925;3925;1;0
ТрансК ао;60;20170926;140000;3945;3945;3945;3945;31;0
ТрансК ао;60;20170926;150000;3945;3945;3945;3945;1;0
ТрансК ао;60;20170926;170000;3945;3945;3945;3945;10;0
ТрансК ао;60;20170927;100000;3945;3945;3945;3945;1;0
ТрансК ао;60;20170927;110000;3915;3915;3915;3915;24;0
ТрансК ао;60;20170927;120000;3915;3915;3915;3915;30;0
ТрансК ао;60;20170927;140000;3900;3930;3885;3930;18;0
ТрансК ао;60;20170927;150000;3935;3950;3935;3950;326;0
ТрансК ао;60;20170927;160000;3950;3985;3950;3980;285;0
ТрансК ао;60;20170927;170000;3980;4015;3980;4005;288;0
ТрансК ао;60;20170927;180000;4005;4500;4005;4385;415;0
ТрансК ао;60;20170928;100000;4400;4430;4300;4360;322;0
ТрансК ао;60;20170928;110000;4400;4450;4380;4440;36;0
ТрансК ао;60;20170928;120000;4400;4450;4400;4450;17;0
ТрансК ао;60;20170928;130000;4440;4575;4440;4560;38;0
ТрансК ао;60;20170928;140000;4560;4610;4510;4510;200;0
ТрансК ао;60;20170928;150000;4510;4540;4510;4540;67;0
ТрансК ао;60;20170928;160000;4515;4515;4510;4510;8;0
ТрансК ао;60;20170928;170000;4535;4535;4470;4510;12;0
ТрансК ао;60;20170928;180000;4505;4505;4440;4500;5;0
ТрансК ао;60;20170929;090000;4850;4850;4850;4850;5;0
ТрансК ао;60;20170929;100000;4700;4775;4560;4595;162;0
ТрансК ао;60;20170929;110000;4560;4560;4280;4280;116;0
ТрансК ао;60;20170929;120000;4285;4355;4280;4355;122;0
ТрансК ао;60;20170929;130000;4375;4460;4375;4460;128;0
ТрансК ао;60;20170929;140000;4460;4460;4395;4395;96;0
ТрансК ао;60;20170929;150000;4355;4355;4110;4195;194;0
ТрансК ао;60;20170929;160000;4220;4255;4220;4255;94;0
ТрансК ао;60;20170929;170000;4255;4255;4255;4255;3;0
ТрансК ао;60;20170929;180000;4250;4250;4250;4250;2;0
ТрансК ао;60;20171002;100000;4210;4310;4205;4225;59;0
ТрансК ао;60;20171002;110000;4225;4225;4225;4225;34;0
ТрансК ао;60;20171002;120000;4245;4245;4245;4245;1;0
ТрансК ао;60;20171002;130000;4220;4250;4220;4250;59;0
ТрансК ао;60;20171002;140000;4250;4250;4250;4250;10;0
ТрансК ао;60;20171002;160000;4250;4250;4250;4250;14;0
ТрансК ао;60;20171002;170000;4210;4210;4210;4210;1;0
ТрансК ао;60;20171002;180000;4210;4250;4210;4250;7;0
ТрансК ао;60;20171003;090000;4580;4580;4580;4580;4;0
ТрансК ао;60;20171003;100000;4425;4425;4305;4315;84;0
ТрансК ао;60;20171003;120000;4305;4305;4295;4295;24;0
ТрансК ао;60;20171003;130000;4295;4295;4290;4290;3;0
ТрансК ао;60;20171003;150000;4295;4295;4245;4245;156;0
ТрансК ао;60;20171003;160000;4245;4255;4225;4255;34;0
ТрансК ао;60;20171003;170000;4255;4355;4255;4355;5;0
ТрансК ао;60;20171003;180000;4250;4350;4250;4350;2;0
ТрансК ао;60;20171004;090000;4655;4655;4655;4655;3;0
ТрансК ао;60;20171004;100000;4425;4430;4315;4405;230;0
ТрансК ао;60;20171004;110000;4405;4405;4360;4360;29;0
ТрансК ао;60;20171004;130000;4360;4360;4360;4360;20;0
ТрансК ао;60;20171004;140000;4360;4360;4355;4355;94;0
ТрансК ао;60;20171004;150000;4330;4330;4330;4330;15;0
ТрансК ао;60;20171004;160000;4300;4330;4300;4330;87;0
ТрансК ао;60;20171004;170000;4350;4410;4350;4410;29;0
ТрансК ао;60;20171005;100000;4370;4370;4270;4270;17;0
ТрансК ао;60;20171005;110000;4315;4410;4315;4410;84;0
ТрансК ао;60;20171005;120000;4410;4430;4405;4405;118;0
ТрансК ао;60;20171005;130000;4430;4445;4405;4445;72;0
ТрансК ао;60;20171005;140000;4400;4445;4400;4415;45;0
ТрансК ао;60;20171005;150000;4400;4400;4400;4400;1;0
ТрансК ао;60;20171005;160000;4430;4430;4430;4430;1;0
ТрансК ао;60;20171005;170000;4405;4405;4395;4395;25;0
ТрансК ао;60;20171005;180000;4395;4395;4395;4395;60;0
ТрансК ао;60;20171006;100000;4410;4410;4410;4410;51;0
ТрансК ао;60;20171006;110000;4410;4430;4410;4430;78;0
ТрансК ао;60;20171006;130000;4440;4515;4440;4480;170;0
ТрансК ао;60;20171006;140000;4500;4500;4500;4500;2;0
ТрансК ао;60;20171006;150000;4480;4480;4440;4440;70;0
ТрансК ао;60;20171006;170000;4450;4480;4450;4480;60;0
ТрансК ао;60;20171006;180000;4450;4450;4450;4450;1;0
ТрансК ао;60;20171009;100000;4480;4610;4480;4540;355;0
ТрансК ао;60;20171009;110000;4540;4540;4475;4475;39;0
ТрансК ао;60;20171009;120000;4540;4545;4540;4545;31;0
ТрансК ао;60;20171009;130000;4530;4530;4530;4530;4;0
ТрансК ао;60;20171009;150000;4520;4690;4520;4690;149;0
ТрансК ао;60;20171009;160000;4685;4690;4685;4690;15;0
ТрансК ао;60;20171009;170000;4690;4700;4690;4700;12;0
ТрансК ао;60;20171009;180000;4700;4700;4690;4690;11;0
ТрансК ао;60;20171010;090000;4790;4790;4790;4790;1;0
ТрансК ао;60;20171010;100000;4755;4755;4700;4700;125;0
ТрансК ао;60;20171010;110000;4750;4770;4695;4740;189;0
ТрансК ао;60;20171010;120000;4740;4740;4740;4740;1;0
ТрансК ао;60;20171010;130000;4725;4725;4725;4725;1;0
ТрансК ао;60;20171010;140000;4675;4675;4650;4650;100;0
ТрансК ао;60;20171010;160000;4680;4695;4680;4695;43;0
ТрансК ао;60;20171011;100000;4695;4750;4695;4750;11;0
ТрансК ао;60;20171011;110000;4750;4785;4750;4785;50;0
ТрансК ао;60;20171011;120000;4795;4795;4795;4795;11;0
ТрансК ао;60;20171011;130000;4790;4790;4760;4760;58;0
ТрансК ао;60;20171011;140000;4790;4790;4760;4760;64;0
ТрансК ао;60;20171011;150000;4790;4795;4790;4795;32;0
ТрансК ао;60;20171011;160000;4795;4795;4775;4775;12;0
ТрансК ао;60;20171011;170000;4795;4795;4775;4775;9;0
ТрансК ао;60;20171011;180000;4775;4775;4750;4750;43;0
ТрансК ао;60;20171012;100000;4725;4725;4630;4700;120;0
ТрансК ао;60;20171012;110000;4700;4715;4655;4655;50;0
ТрансК ао;60;20171012;120000;4705;4705;4645;4685;53;0
ТрансК ао;60;20171012;130000;4695;4695;4635;4690;63;0
ТрансК ао;60;20171012;140000;4690;4700;4635;4700;49;0
ТрансК ао;60;20171012;150000;4700;4750;4700;4750;34;0
ТрансК ао;60;20171012;160000;4750;4750;4745;4750;34;0
ТрансК ао;60;20171012;170000;4750;4750;4745;4750;36;0
ТрансК ао;60;20171012;180000;4750;4750;4740;4740;34;0
ТрансК ао;60;20171013;100000;4710;4710;4705;4705;83;0
ТрансК ао;60;20171013;120000;4690;4700;4675;4675;42;0
ТрансК ао;60;20171013;130000;4655;4655;4655;4655;75;0
ТрансК ао;60;20171013;140000;4655;4655;4650;4650;19;0
ТрансК ао;60;20171013;150000;4650;4650;4650;4650;2;0
ТрансК ао;60;20171013;170000;4650;4650;4645;4645;4;0
ТрансК ао;60;20171013;180000;4655;4655;4655;4655;7;0
ТрансК ао;60;20171016;100000;4625;4650;4620;4650;53;0
ТрансК ао;60;20171016;110000;4670;4720;4670;4700;67;0
ТрансК ао;60;20171016;120000;4700;4700;4700;4700;19;0
ТрансК ао;60;20171016;130000;4670;4670;4605;4620;121;0
ТрансК ао;60;20171016;140000;4650;4650;4650;4650;1;0
ТрансК ао;60;20171016;150000;4650;4650;4620;4650;116;0
ТрансК ао;60;20171016;160000;4625;4625;4615;4615;7;0
ТрансК ао;60;20171016;170000;4610;4610;4500;4500;155;0
ТрансК ао;60;20171016;180000;4505;4545;4350;4350;41;0
ТрансК ао;60;20171017;100000;4365;4415;4300;4400;159;0
ТрансК ао;60;20171017;110000;4400;4400;4400;4400;47;0
ТрансК ао;60;20171017;130000;4395;4425;4370;4420;325;0
ТрансК ао;60;20171017;140000;4420;4420;4420;4420;22;0
ТрансК ао;60;20171017;150000;4415;4425;4415;4420;3;0
ТрансК ао;60;20171017;160000;4425;4430;4420;4420;27;0
ТрансК ао;60;20171017;170000;4420;4450;4415;4450;17;0
ТрансК ао;60;20171018;100000;4470;4550;4470;4535;64;0
ТрансК ао;60;20171018;110000;4535;4535;4440;4440;72;0
ТрансК ао;60;20171018;120000;4435;4435;4385;4385;54;0
ТрансК ао;60;20171018;130000;4390;4450;4390;4450;14;0
ТрансК ао;60;20171018;140000;4455;4455;4455;4455;6;0
ТрансК ао;60;20171018;150000;4460;4460;4460;4460;5;0
ТрансК ао;60;20171018;180000;4460;4460;4460;4460;1;0
ТрансК ао;60;20171019;100000;4475;4480;4475;4480;4;0
ТрансК ао;60;20171019;120000;4455;4455;4450;4450;4;0
ТрансК ао;60;20171019;140000;4465;4465;4450;4450;2;0
ТрансК ао;60;20171019;150000;4465;4490;4465;4490;30;0
ТрансК ао;60;20171019;160000;4490;4680;4490;4620;165;0
ТрансК ао;60;20171019;170000;4665;4665;4665;4665;39;0
ТрансК ао;60;20171019;180000;4665;4665;4600;4610;14;0
ТрансК ао;60;20171020;100000;4635;4635;4595;4595;248;0
ТрансК ао;60;20171020;120000;4600;4600;4600;4600;1;0
ТрансК ао;60;20171020;130000;4600;4600;4580;4600;26;0
ТрансК ао;60;20171020;140000;4600;4600;4585;4585;2;0
ТрансК ао;60;20171020;150000;4600;4600;4555;4555;41;0
ТрансК ао;60;20171020;160000;4555;4555;4555;4555;2;0
ТрансК ао;60;20171020;170000;4550;4550;4535;4550;17;0
ТрансК ао;60;20171020;180000;4595;4600;4595;4600;10;0
ТрансК ао;60;20171023;100000;4600;4600;4600;4600;1;0
ТрансК ао;60;20171023;110000;4600;4600;4600;4600;1;0
ТрансК ао;60;20171023;120000;4600;4600;4600;4600;5;0
ТрансК ао;60;20171023;130000;4600;4600;4600;4600;8;0
ТрансК ао;60;20171023;140000;4570;4570;4565;4565;2;0
ТрансК ао;60;20171023;150000;4600;4600;4600;4600;1;0
ТрансК ао;60;20171023;170000;4595;4595;4595;4595;1;0
ТрансК ао;60;20171024;100000;4600;4745;4600;4670;393;0
ТрансК ао;60;20171024;110000;4675;4675;4660;4675;26;0
ТрансК ао;60;20171024;120000;4675;4675;4655;4655;13;0
ТрансК ао;60;20171024;130000;4655;4655;4640;4640;15;0
ТрансК ао;60;20171024;140000;4635;4635;4615;4615;11;0
ТрансК ао;60;20171024;150000;4610;4615;4610;4615;5;0
ТрансК ао;60;20171024;160000;4635;4635;4580;4580;8;0
ТрансК ао;60;20171024;170000;4660;4675;4660;4675;11;0
ТрансК ао;60;20171024;180000;4675;4695;4675;4695;39;0
ТрансК ао;60;20171025;120000;4700;4710;4630;4630;77;0
ТрансК ао;60;20171025;130000;4620;4620;4590;4590;13;0
ТрансК ао;60;20171025;140000;4580;4580;4580;4580;1;0
ТрансК ао;60;20171025;180000;4685;4685;4685;4685;1;0
ТрансК ао;60;20171026;100000;4640;4640;4605;4605;13;0
ТрансК ао;60;20171026;110000;4635;4640;4635;4640;5;0
ТрансК ао;60;20171026;120000;4610;4610;4610;4610;1;0
ТрансК ао;60;20171026;130000;4610;4635;4605;4635;12;0
ТрансК ао;60;20171026;150000;4640;4640;4640;4640;15;0
ТрансК ао;60;20171026;170000;4660;4665;4660;4665;15;0
ТрансК ао;60;20171026;180000;4630;4630;4630;4630;1;0
ТрансК ао;60;20171027;100000;4690;4725;4600;4615;215;0
ТрансК ао;60;20171027;110000;4590;4590;4590;4590;1;0
ТрансК ао;60;20171027;120000;4600;4600;4600;4600;1;0
ТрансК ао;60;20171027;140000;4595;4595;4590;4590;12;0
ТрансК ао;60;20171027;160000;4570;4570;4550;4550;32;0
ТрансК ао;60;20171027;170000;4520;4520;4520;4520;1;0
ТрансК ао;60;20171027;180000;4565;4635;4565;4635;5;0
ТрансК ао;60;20171030;100000;4635;4635;4635;4635;10;0
ТрансК ао;60;20171030;110000;4600;4600;4595;4595;7;0
ТрансК ао;60;20171030;120000;4595;4595;4580;4580;24;0
ТрансК ао;60;20171030;130000;4555;4555;4555;4555;1;0
ТрансК ао;60;20171030;140000;4560;4560;4560;4560;5;0
ТрансК ао;60;20171030;150000;4595;4595;4595;4595;2;0
ТрансК ао;60;20171030;160000;4565;4565;4565;4565;1;0
ТрансК ао;60;20171030;180000;4560;4595;4560;4595;5;0
ТрансК ао;60;20171031;110000;4625;4625;4625;4625;1;0
ТрансК ао;60;20171031;130000;4615;4615;4615;4615;1;0
ТрансК ао;60;20171031;140000;4575;4575;4490;4490;179;0
ТрансК ао;60;20171031;150000;4490;4490;4490;4490;7;0
ТрансК ао;60;20171031;160000;4490;4490;4450;4450;33;0
ТрансК ао;60;20171031;170000;4450;4480;4450;4480;4;0
ТрансК ао;60;20171031;180000;4450;4500;4450;4500;21;0
ТрансК ао;60;20171101;100000;4425;4450;4425;4450;17;0
ТрансК ао;60;20171101;110000;4500;4530;4470;4480;15;0
ТрансК ао;60;20171101;120000;4470;4470;4470;4470;23;0
ТрансК ао;60;20171101;150000;4460;4460;4455;4455;30;0
ТрансК ао;60;20171101;160000;4460;4460;4455;4455;20;0
ТрансК ао;60;20171101;170000;4455;4455;4455;4455;19;0
ТрансК ао;60;20171101;180000;4460;4460;4450;4450;2;0
ТрансК ао;60;20171102;100000;4530;4560;4525;4525;17;0
ТрансК ао;60;20171102;120000;4490;4490;4490;4490;11;0
ТрансК ао;60;20171102;140000;4490;4490;4490;4490;1;0
ТрансК ао;60;20171102;150000;4465;4465;4460;4460;80;0
ТрансК ао;60;20171102;160000;4465;4470;4465;4470;3;0
ТрансК ао;60;20171102;170000;4435;4435;4435;4435;7;0
ТрансК ао;60;20171102;180000;4430;4430;4430;4430;1;0
ТрансК ао;60;20171103;110000;4450;4460;4450;4450;16;0
ТрансК ао;60;20171103;120000;4450;4450;4405;4430;10;0
ТрансК ао;60;20171103;130000;4410;4410;4395;4395;58;0
ТрансК ао;60;20171103;140000;4375;4410;4375;4410;133;0
ТрансК ао;60;20171103;160000;4465;4475;4465;4475;79;0
ТрансК ао;60;20171103;180000;4475;4475;4420;4420;4;0
ТрансК ао;60;20171107;100000;4480;4480;4450;4450;18;0
ТрансК ао;60;20171107;120000;4455;4455;4455;4455;2;0
ТрансК ао;60;20171107;130000;4450;4450;4415;4415;29;0
ТрансК ао;60;20171107;150000;4460;4460;4460;4460;1;0
ТрансК ао;60;20171107;160000;4415;4415;4410;4410;5;0
ТрансК ао;60;20171107;180000;4410;4410;4410;4410;1;0
ТрансК ао;60;20171108;100000;4440;4450;4360;4365;75;0
ТрансК ао;60;20171108;110000;4375;4375;4295;4300;210;0
ТрансК ао;60;20171108;120000;4295;4300;4220;4295;177;0
ТрансК ао;60;20171108;130000;4255;4270;4245;4270;95;0
ТрансК ао;60;20171108;140000;4275;4280;4270;4275;17;0
ТрансК ао;60;20171108;150000;4280;4280;4230;4230;17;0
ТрансК ао;60;20171108;160000;4280;4280;4280;4280;5;0
ТрансК ао;60;20171108;170000;4290;4290;4290;4290;2;0
ТрансК ао;60;20171108;180000;4335;4385;4335;4385;3;0
ТрансК ао;60;20171109;100000;4290;4290;4290;4290;1;0
ТрансК ао;60;20171109;110000;4315;4380;4315;4380;177;0
ТрансК ао;60;20171109;120000;4375;4385;4375;4385;3;0
ТрансК ао;60;20171109;130000;4380;4380;4380;4380;1;0
ТрансК ао;60;20171109;150000;4380;4380;4375;4375;61;0
ТрансК ао;60;20171109;160000;4350;4350;4350;4350;5;0
ТрансК ао;60;20171109;180000;4355;4355;4330;4330;10;0
ТрансК ао;60;20171110;100000;4340;4340;4300;4305;147;0
ТрансК ао;60;20171110;110000;4305;4305;4305;4305;2;0
ТрансК ао;60;20171110;120000;4290;4305;4290;4305;6;0
ТрансК ао;60;20171110;130000;4285;4285;4285;4285;2;0
ТрансК ао;60;20171110;140000;4290;4295;4290;4295;3;0
ТрансК ао;60;20171110;150000;4290;4290;4290;4290;3;0
ТрансК ао;60;20171110;160000;4290;4300;4265;4265;53;0
ТрансК ао;60;20171110;170000;4250;4250;4240;4240;34;0
ТрансК ао;60;20171110;180000;4290;4295;4210;4295;34;0
ТрансК ао;60;20171113;100000;4215;4270;4215;4270;12;0
ТрансК ао;60;20171113;130000;4270;4270;4250;4250;3;0
ТрансК ао;60;20171113;140000;4270;4270;4270;4270;3;0
ТрансК ао;60;20171113;160000;4275;4275;4275;4275;20;0
ТрансК ао;60;20171113;180000;4290;4290;4290;4290;15;0
ТрансК ао;60;20171114;100000;4320;4320;4320;4320;22;0
ТрансК ао;60;20171114;110000;4325;4360;4325;4325;73;0
ТрансК ао;60;20171114;130000;4325;4325;4325;4325;15;0
ТрансК ао;60;20171114;160000;4320;4325;4320;4325;9;0
ТрансК ао;60;20171114;170000;4325;4355;4325;4350;21;0
ТрансК ао;60;20171114;180000;4325;4325;4325;4325;1;0
ТрансК ао;60;20171115;110000;4315;4315;4315;4315;1;0
ТрансК ао;60;20171115;150000;4315;4315;4315;4315;2;0
ТрансК ао;60;20171116;100000;4315;4315;4315;4315;14;0
ТрансК ао;60;20171116;120000;4300;4300;4300;4300;12;0
ТрансК ао;60;20171116;130000;4325;4325;4325;4325;1;0
ТрансК ао;60;20171116;160000;4280;4280;4275;4275;3;0
ТрансК ао;60;20171116;180000;4300;4320;4300;4310;16;0
ТрансК ао;60;20171117;180000;4300;4300;4300;4300;2;0
ТрансК ао;60;20171120;090000;4345;4345;4345;4345;2;0
ТрансК ао;60;20171120;100000;4345;4345;4345;4345;2;0
ТрансК ао;60;20171120;110000;4350;4370;4350;4370;33;0
ТрансК ао;60;20171120;120000;4370;4370;4370;4370;3;0
ТрансК ао;60;20171120;130000;4355;4355;4350;4350;33;0
ТрансК ао;60;20171120;140000;4350;4350;4350;4350;6;0
ТрансК ао;60;20171120;150000;4350;4350;4350;4350;2;0
ТрансК ао;60;20171120;180000;4355;4355;4350;4350;10;0
ТрансК ао;60;20171121;110000;4350;4350;4350;4350;8;0
ТрансК ао;60;20171121;120000;4350;4350;4350;4350;5;0
ТрансК ао;60;20171121;130000;4350;4350;4350;4350;10;0
ТрансК ао;60;20171121;140000;4350;4350;4350;4350;2;0
ТрансК ао;60;20171121;150000;4350;4350;4350;4350;5;0
ТрансК ао;60;20171121;170000;4375;4375;4350;4350;12;0
ТрансК ао;60;20171122;100000;4350;4350;4350;4350;9;0
ТрансК ао;60;20171122;110000;4370;4370;4370;4370;5;0
ТрансК ао;60;20171122;120000;4395;4395;4395;4395;1;0
ТрансК ао;60;20171122;180000;4380;4395;4350;4395;17;0
ТрансК ао;60;20171123;100000;4355;4360;4350;4360;19;0
ТрансК ао;60;20171123;110000;4355;4360;4350;4360;12;0
ТрансК ао;60;20171123;120000;4360;4360;4360;4360;20;0
ТрансК ао;60;20171123;160000;4350;4350;4350;4350;1;0
ТрансК ао;60;20171124;100000;4380;4380;4380;4380;11;0
ТрансК ао;60;20171124;110000;4390;4390;4390;4390;1;0
ТрансК ао;60;20171124;120000;4350;4350;4350;4350;8;0
ТрансК ао;60;20171124;130000;4350;4350;4350;4350;53;0
ТрансК ао;60;20171124;150000;4360;4360;4360;4360;70;0
ТрансК ао;60;20171124;160000;4350;4350;4350;4350;70;0
ТрансК ао;60;20171124;170000;4360;4360;4360;4360;8;0
ТрансК ао;60;20171127;100000;4350;4350;4350;4350;93;0
ТрансК ао;60;20171127;120000;4375;4375;4375;4375;2;0
ТрансК ао;60;20171127;180000;4360;4360;4360;4360;1;0
ТрансК ао;60;20171128;100000;4390;4480;4390;4470;383;0
ТрансК ао;60;20171128;110000;4490;4560;4480;4480;311;0
ТрансК ао;60;20171128;120000;4475;4490;4470;4490;14;0
ТрансК ао;60;20171128;130000;4480;4485;4440;4485;164;0
ТрансК ао;60;20171128;140000;4485;4490;4485;4490;43;0
ТрансК ао;60;20171128;160000;4500;4500;4500;4500;1;0
ТрансК ао;60;20171128;170000;4500;4500;4490;4490;5;0
ТрансК ао;60;20171128;180000;4470;4495;4470;4495;8;0
ТрансК ао;60;20171129;110000;4465;4465;4465;4465;7;0
ТрансК ао;60;20171129;120000;4465;4465;4465;4465;5;0
ТрансК ао;60;20171129;130000;4465;4465;4465;4465;3;0
ТрансК ао;60;20171129;140000;4465;4465;4450;4450;24;0
ТрансК ао;60;20171129;180000;4490;4495;4490;4495;7;0
ТрансК ао;60;20171130;150000;4475;4475;4470;4470;11;0
ТрансК ао;60;20171130;160000;4470;4470;4465;4465;5;0
ТрансК ао;60;20171130;180000;4465;4495;4450;4495;20;0
ТрансК ао;60;20171201;100000;4445;4445;4400;4400;27;0
ТрансК ао;60;20171201;120000;4415;4415;4410;4410;2;0
ТрансК ао;60;20171201;130000;4420;4450;4420;4450;3;0
ТрансК ао;60;20171204;100000;4425;4425;4420;4420;4;0
ТрансК ао;60;20171204;110000;4405;4405;4385;4400;21;0
ТрансК ао;60;20171204;120000;4385;4385;4380;4380;8;0
ТрансК ао;60;20171204;130000;4380;4380;4380;4380;2;0
ТрансК ао;60;20171204;140000;4380;4405;4380;4405;2;0
ТрансК ао;60;20171204;160000;4420;4420;4405;4405;12;0
ТрансК ао;60;20171204;170000;4395;4395;4395;4395;30;0
ТрансК ао;60;20171204;180000;4395;4395;4360;4360;28;0
ТрансК ао;60;20171205;100000;4355;4395;4355;4375;83;0
ТрансК ао;60;20171205;110000;4360;4360;4350;4350;31;0
ТрансК ао;60;20171205;130000;4350;4350;4350;4350;18;0
ТрансК ао;60;20171205;150000;4350;4350;4350;4350;5;0
ТрансК ао;60;20171205;170000;4350;4350;4350;4350;20;0
ТрансК ао;60;20171206;120000;4375;4375;4375;4375;1;0
ТрансК ао;60;20171206;150000;4370;4400;4370;4390;65;0
ТрансК ао;60;20171206;160000;4420;4425;4420;4425;10;0
ТрансК ао;60;20171206;170000;4435;4440;4435;4440;3;0
ТрансК ао;60;20171207;120000;4445;4450;4445;4450;37;0
ТрансК ао;60;20171207;160000;4420;4420;4420;4420;1;0
ТрансК ао;60;20171207;180000;4430;4430;4390;4390;7;0
ТрансК ао;60;20171208;100000;4400;4400;4400;4400;1;0
ТрансК ао;60;20171208;110000;4395;4395;4375;4375;3;0
ТрансК ао;60;20171208;120000;4370;4370;4350;4360;102;0
ТрансК ао;60;20171208;140000;4380;4390;4375;4390;4;0
ТрансК ао;60;20171208;170000;4410;4410;4410;4410;1;0
ТрансК ао;60;20171208;180000;4370;4370;4360;4365;11;0
ТрансК ао;60;20171211;100000;4335;4365;4335;4350;396;0
ТрансК ао;60;20171211;120000;4360;4365;4360;4365;3;0
ТрансК ао;60;20171211;140000;4350;4350;4350;4350;58;0
ТрансК ао;60;20171211;150000;4345;4345;4325;4325;38;0
ТрансК ао;60;20171211;160000;4330;4330;4295;4295;8;0
ТрансК ао;60;20171211;180000;4315;4315;4315;4315;2;0
ТрансК ао;60;20171212;130000;4335;4335;4335;4335;1;0
ТрансК ао;60;20171212;140000;4320;4320;4320;4320;1;0
ТрансК ао;60;20171212;160000;4320;4320;4300;4300;60;0
ТрансК ао;60;20171212;170000;4325;4325;4325;4325;1;0
ТрансК ао;60;20171213;100000;4295;4325;4295;4325;8;0
ТрансК ао;60;20171213;110000;4330;4340;4330;4335;22;0
ТрансК ао;60;20171213;120000;4345;4345;4340;4340;33;0
ТрансК ао;60;20171213;130000;4315;4345;4315;4340;8;0
ТрансК ао;60;20171213;140000;4345;4355;4345;4355;28;0
ТрансК ао;60;20171213;150000;4355;4360;4355;4360;12;0
ТрансК ао;60;20171213;160000;4355;4355;4355;4355;3;0
ТрансК ао;60;20171213;170000;4365;4365;4365;4365;2;0
ТрансК ао;60;20171213;180000;4370;4375;4370;4375;10;0
ТрансК ао;60;20171214;100000;4400;4560;4400;4535;489;0
ТрансК ао;60;20171214;110000;4535;4580;4535;4580;203;0
ТрансК ао;60;20171214;120000;4575;4670;4575;4670;117;0
ТрансК ао;60;20171214;130000;4665;4670;4615;4630;31;0
ТрансК ао;60;20171214;140000;4630;4630;4625;4630;4;0
ТрансК ао;60;20171214;150000;4630;4630;4610;4610;13;0
ТрансК ао;60;20171214;160000;4605;4605;4580;4580;78;0
ТрансК ао;60;20171214;180000;4575;4615;4575;4615;3;0
ТрансК ао;60;20171215;100000;4735;4735;4640;4665;23;0
ТрансК ао;60;20171215;120000;4660;4660;4645;4645;53;0
ТрансК ао;60;20171215;150000;4630;4655;4630;4655;5;0
ТрансК ао;60;20171215;160000;4615;4615;4615;4615;4;0
ТрансК ао;60;20171215;170000;4655;4660;4650;4660;3;0
ТрансК ао;60;20171215;180000;4610;4610;4560;4560;5;0
ТрансК ао;60;20171218;100000;4740;4820;4720;4720;94;0
ТрансК ао;60;20171218;110000;4715;4720;4715;4715;5;0
ТрансК ао;60;20171218;130000;4690;4690;4690;4690;1;0
ТрансК ао;60;20171218;140000;4685;4685;4675;4675;39;0
ТрансК ао;60;20171218;160000;4670;4670;4670;4670;1;0
ТрансК ао;60;20171219;130000;4650;4650;4620;4620;9;0
ТрансК ао;60;20171219;160000;4595;4595;4590;4590;2;0
ТрансК ао;60;20171219;170000;4600;4600;4530;4550;6;0
ТрансК ао;60;20171219;180000;4610;4610;4610;4610;1;0
ТрансК ао;60;20171220;110000;4610;4610;4610;4610;23;0
ТрансК ао;60;20171220;120000;4600;4600;4600;4600;1;0
ТрансК ао;60;20171220;130000;4595;4595;4570;4570;14;0
ТрансК ао;60;20171220;140000;4595;4615;4595;4615;18;0
ТрансК ао;60;20171220;160000;4600;4615;4595;4615;94;0
ТрансК ао;60;20171220;170000;4600;4615;4595;4615;65;0
ТрансК ао;60;20171220;180000;4615;4615;4615;4615;49;0
ТрансК ао;60;20171221;100000;4645;4645;4645;4645;1;0
ТрансК ао;60;20171221;110000;4645;4645;4600;4600;7;0
ТрансК ао;60;20171221;120000;4600;4600;4600;4600;3;0
ТрансК ао;60;20171222;130000;4575;4575;4540;4540;17;0
ТрансК ао;60;20171222;140000;4535;4535;4520;4520;25;0
ТрансК ао;60;20171222;170000;4525;4525;4400;4400;87;0
ТрансК ао;60;20171222;180000;4400;4525;4400;4525;132;0
ТрансК ао;60;20171225;090000;4530;4530;4530;4530;10;0
ТрансК ао;60;20171225;100000;4530;4570;4500;4530;86;0
ТрансК ао;60;20171225;110000;4555;4575;4555;4565;55;0
ТрансК ао;60;20171225;130000;4620;4620;4610;4610;25;0
ТрансК ао;60;20171225;180000;4610;4610;4610;4610;1;0
ТрансК ао;60;20171226;140000;4580;4585;4580;4585;19;0
ТрансК ао;60;20171226;160000;4575;4575;4575;4575;41;0
ТрансК ао;60;20171227;100000;4540;4540;4540;4540;99;0
ТрансК ао;60;20171227;120000;4600;4600;4600;4600;1;0
ТрансК ао;60;20171227;140000;4600;4600;4600;4600;1;0
ТрансК ао;60;20171227;160000;4580;4580;4560;4560;10;0
ТрансК ао;60;20171227;180000;4595;4595;4595;4595;3;0
ТрансК ао;60;20171228;100000;4535;4535;4535;4535;5;0
ТрансК ао;60;20171228;110000;4545;4545;4545;4545;5;0
ТрансК ао;60;20171228;160000;4550;4550;4550;4550;7;0
ТрансК ао;60;20171228;170000;4545;4545;4545;4545;1;0
ТрансК ао;60;20171228;180000;4545;4545;4545;4545;1;0
ТрансК ао;60;20171229;120000;4575;4575;4575;4575;1;0
ТрансК ао;60;20171229;130000;4540;4540;4530;4530;11;0
ТрансК ао;60;20171229;160000;4535;4535;4530;4530;504;0
ТрансК ао;60;20171229;180000;4530;4560;4530;4560;251;0
