<TICKER>;<PER>;<DATE>;<TIME>;<OPEN>;<HIGH>;<LOW>;<CLOSE>;<VOL>;<OPENINT>
УралСиб ао;60;20170124;100000;0.1397;0.1459;0.1391;0.143;1946;0
УралСиб ао;60;20170124;110000;0.1429;0.144;0.1409;0.1416;562;0
УралСиб ао;60;20170124;120000;0.1421;0.1422;0.1414;0.1418;106;0
УралСиб ао;60;20170124;130000;0.1413;0.1415;0.1408;0.1409;78;0
УралСиб ао;60;20170124;140000;0.1408;0.1435;0.1404;0.1415;165;0
УралСиб ао;60;20170124;150000;0.1415;0.1415;0.14;0.14;463;0
УралСиб ао;60;20170124;160000;0.1404;0.1428;0.1404;0.1407;220;0
УралСиб ао;60;20170124;170000;0.1415;0.1415;0.1375;0.1375;557;0
УралСиб ао;60;20170124;180000;0.138;0.14;0.1364;0.1367;314;0
УралСиб ао;60;20170125;100000;0.1362;0.137;0.132;0.132;412;0
УралСиб ао;60;20170125;110000;0.1338;0.1378;0.1338;0.1378;70;0
УралСиб ао;60;20170125;120000;0.1379;0.138;0.1368;0.1375;126;0
УралСиб ао;60;20170125;130000;0.1374;0.1377;0.1374;0.1377;35;0
УралСиб ао;60;20170125;140000;0.1368;0.1368;0.1359;0.1364;34;0
УралСиб ао;60;20170125;150000;0.1372;0.1377;0.1359;0.1377;56;0
УралСиб ао;60;20170125;160000;0.1365;0.1365;0.1364;0.1364;4;0
УралСиб ао;60;20170125;170000;0.1368;0.1368;0.1368;0.1368;3;0
УралСиб ао;60;20170125;180000;0.1364;0.1364;0.1358;0.1363;98;0
УралСиб ао;60;20170126;100000;0.1371;0.1373;0.1357;0.1361;54;0
УралСиб ао;60;20170126;110000;0.1371;0.1371;0.1362;0.1362;15;0
УралСиб ао;60;20170126;120000;0.1362;0.1369;0.134;0.1359;86;0
УралСиб ао;60;20170126;130000;0.1356;0.1361;0.1356;0.1361;6;0
УралСиб ао;60;20170126;140000;0.1361;0.1398;0.1361;0.1371;257;0
УралСиб ао;60;20170126;150000;0.1371;0.1376;0.1371;0.1376;17;0
УралСиб ао;60;20170126;160000;0.1376;0.1376;0.1369;0.137;32;0
УралСиб ао;60;20170126;170000;0.137;0.1371;0.1367;0.1371;15;0
УралСиб ао;60;20170126;180000;0.1371;0.1371;0.1366;0.1366;11;0
УралСиб ао;60;20170127;090000;0.125;0.125;0.125;0.125;231;0
УралСиб ао;60;20170127;100000;0.1254;0.1311;0.1008;0.1215;8927;0
УралСиб ао;60;20170127;110000;0.1218;0.1274;0.1217;0.1268;1427;0
УралСиб ао;60;20170127;120000;0.1265;0.1267;0.1234;0.1247;1136;0
УралСиб ао;60;20170127;130000;0.1241;0.1243;0.1214;0.1242;798;0
УралСиб ао;60;20170127;140000;0.1232;0.1233;0.12;0.1204;1173;0
УралСиб ао;60;20170127;150000;0.1203;0.1203;0.1151;0.1172;1889;0
УралСиб ао;60;20170127;160000;0.1173;0.1215;0.1155;0.1209;2378;0
УралСиб ао;60;20170127;170000;0.1208;0.121;0.1193;0.1206;733;0
УралСиб ао;60;20170127;180000;0.1206;0.1217;0.1195;0.12;843;0
УралСиб ао;60;20170130;090000;0.1173;0.1173;0.1173;0.1173;7;0
УралСиб ао;60;20170130;100000;0.1173;0.1185;0.1068;0.109;6630;0
УралСиб ао;60;20170130;110000;0.1095;0.1098;0.1073;0.109;871;0
УралСиб ао;60;20170130;120000;0.1091;0.11;0.108;0.1093;829;0
УралСиб ао;60;20170130;130000;0.1094;0.1102;0.1088;0.1101;461;0
УралСиб ао;60;20170130;140000;0.1095;0.1112;0.1093;0.1107;415;0
УралСиб ао;60;20170130;150000;0.1106;0.111;0.109;0.109;525;0
УралСиб ао;60;20170130;160000;0.1091;0.1097;0.1089;0.1097;610;0
УралСиб ао;60;20170130;170000;0.1093;0.11;0.107;0.11;1781;0
УралСиб ао;60;20170130;180000;0.1096;0.11;0.1084;0.1085;380;0
УралСиб ао;60;20170131;100000;0.109;0.1097;0.1087;0.1096;377;0
УралСиб ао;60;20170131;110000;0.1095;0.1096;0.1082;0.1083;252;0
УралСиб ао;60;20170131;120000;0.1087;0.1089;0.1083;0.1084;117;0
УралСиб ао;60;20170131;130000;0.1088;0.109;0.108;0.108;798;0
УралСиб ао;60;20170131;140000;0.108;0.1086;0.1076;0.1078;76;0
УралСиб ао;60;20170131;150000;0.1078;0.1086;0.1078;0.108;235;0
УралСиб ао;60;20170131;160000;0.1079;0.1085;0.1078;0.1083;119;0
УралСиб ао;60;20170131;170000;0.1084;0.1084;0.1079;0.1079;378;0
УралСиб ао;60;20170131;180000;0.108;0.1082;0.108;0.1082;35;0
УралСиб ао;60;20170201;100000;0.1077;0.1077;0.1066;0.1074;400;0
УралСиб ао;60;20170201;110000;0.1067;0.1069;0.1059;0.1066;433;0
УралСиб ао;60;20170201;120000;0.1066;0.1077;0.1066;0.1076;160;0
УралСиб ао;60;20170201;130000;0.1075;0.1076;0.1073;0.1073;118;0
УралСиб ао;60;20170201;140000;0.1072;0.1075;0.1072;0.1075;38;0
УралСиб ао;60;20170201;150000;0.1074;0.1075;0.1069;0.107;298;0
УралСиб ао;60;20170201;160000;0.1073;0.1077;0.107;0.107;258;0
УралСиб ао;60;20170201;170000;0.107;0.107;0.1067;0.1067;48;0
УралСиб ао;60;20170201;180000;0.1068;0.107;0.1066;0.1069;66;0
УралСиб ао;60;20170202;100000;0.1075;0.1075;0.1061;0.1064;97;0
УралСиб ао;60;20170202;110000;0.1065;0.1071;0.1059;0.1059;807;0
УралСиб ао;60;20170202;120000;0.1059;0.1062;0.1035;0.1044;1144;0
УралСиб ао;60;20170202;130000;0.104;0.104;0.1036;0.1037;66;0
УралСиб ао;60;20170202;140000;0.1038;0.1039;0.103;0.1035;233;0
УралСиб ао;60;20170202;150000;0.1035;0.1038;0.103;0.1035;88;0
УралСиб ао;60;20170202;160000;0.1033;0.1037;0.1027;0.1032;194;0
УралСиб ао;60;20170202;170000;0.1033;0.1035;0.103;0.1035;229;0
УралСиб ао;60;20170202;180000;0.1035;0.104;0.1031;0.104;108;0
УралСиб ао;60;20170203;100000;0.104;0.1127;0.1033;0.1098;1391;0
УралСиб ао;60;20170203;110000;0.1097;0.1126;0.1087;0.1087;2296;0
УралСиб ао;60;20170203;120000;0.1086;0.1105;0.1081;0.1105;367;0
УралСиб ао;60;20170203;130000;0.1102;0.1106;0.11;0.11;373;0
УралСиб ао;60;20170203;140000;0.11;0.1118;0.1091;0.1115;838;0
УралСиб ао;60;20170203;150000;0.1114;0.1132;0.1105;0.1105;954;0
УралСиб ао;60;20170203;160000;0.1112;0.1112;0.1103;0.1103;274;0
УралСиб ао;60;20170203;170000;0.1105;0.1112;0.1103;0.1103;59;0
УралСиб ао;60;20170203;180000;0.111;0.1113;0.1103;0.1103;91;0
УралСиб ао;60;20170206;100000;0.1112;0.1117;0.1106;0.1117;385;0
УралСиб ао;60;20170206;110000;0.1112;0.112;0.1107;0.111;165;0
УралСиб ао;60;20170206;120000;0.111;0.111;0.1089;0.1092;978;0
УралСиб ао;60;20170206;130000;0.109;0.109;0.109;0.109;3;0
УралСиб ао;60;20170206;140000;0.109;0.1092;0.109;0.1092;4;0
УралСиб ао;60;20170206;150000;0.1094;0.1095;0.1094;0.1095;10;0
УралСиб ао;60;20170206;160000;0.1095;0.1095;0.1085;0.1086;152;0
УралСиб ао;60;20170206;170000;0.1091;0.1099;0.109;0.1092;43;0
УралСиб ао;60;20170206;180000;0.1091;0.1096;0.1088;0.1096;11;0
УралСиб ао;60;20170207;100000;0.1093;0.1101;0.1092;0.1093;127;0
УралСиб ао;60;20170207;120000;0.1093;0.1097;0.1091;0.1097;7;0
УралСиб ао;60;20170207;130000;0.1098;0.11;0.109;0.109;179;0
УралСиб ао;60;20170207;140000;0.1096;0.1106;0.1096;0.11;181;0
УралСиб ао;60;20170207;160000;0.1101;0.1113;0.1101;0.1113;199;0
УралСиб ао;60;20170207;170000;0.111;0.1123;0.1109;0.1121;121;0
УралСиб ао;60;20170207;180000;0.1121;0.1128;0.1119;0.1123;95;0
УралСиб ао;60;20170208;100000;0.112;0.112;0.111;0.1115;125;0
УралСиб ао;60;20170208;110000;0.1115;0.112;0.1115;0.1119;94;0
УралСиб ао;60;20170208;120000;0.1119;0.1119;0.1112;0.1119;100;0
УралСиб ао;60;20170208;130000;0.1119;0.1119;0.111;0.111;97;0
УралСиб ао;60;20170208;140000;0.1115;0.1119;0.1115;0.1118;100;0
УралСиб ао;60;20170208;150000;0.1111;0.1111;0.1102;0.1106;142;0
УралСиб ао;60;20170208;160000;0.1104;0.1104;0.1102;0.1102;9;0
УралСиб ао;60;20170208;170000;0.1102;0.1108;0.11;0.1103;133;0
УралСиб ао;60;20170208;180000;0.1102;0.1108;0.1102;0.1108;42;0
УралСиб ао;60;20170209;100000;0.111;0.111;0.1103;0.1104;17;0
УралСиб ао;60;20170209;110000;0.1103;0.1107;0.1099;0.1107;99;0
УралСиб ао;60;20170209;120000;0.1101;0.1101;0.1087;0.109;83;0
УралСиб ао;60;20170209;130000;0.109;0.109;0.109;0.109;5;0
УралСиб ао;60;20170209;140000;0.109;0.1093;0.1087;0.1088;26;0
УралСиб ао;60;20170209;150000;0.1093;0.1093;0.1093;0.1093;1;0
УралСиб ао;60;20170209;160000;0.1093;0.1106;0.1093;0.1105;9;0
УралСиб ао;60;20170209;170000;0.1093;0.1102;0.1088;0.1092;186;0
УралСиб ао;60;20170209;180000;0.1094;0.1106;0.1091;0.1106;13;0
УралСиб ао;60;20170210;100000;0.1102;0.1102;0.1097;0.1097;34;0
УралСиб ао;60;20170210;110000;0.1095;0.1095;0.1095;0.1095;1;0
УралСиб ао;60;20170210;120000;0.1095;0.1095;0.1086;0.1086;62;0
УралСиб ао;60;20170210;130000;0.1086;0.1088;0.1083;0.1087;70;0
УралСиб ао;60;20170210;140000;0.1086;0.1087;0.1085;0.1087;25;0
УралСиб ао;60;20170210;150000;0.1087;0.1087;0.1079;0.1079;92;0
УралСиб ао;60;20170210;160000;0.108;0.1082;0.108;0.1082;2;0
УралСиб ао;60;20170210;180000;0.1083;0.1084;0.1079;0.1084;15;0
УралСиб ао;60;20170213;100000;0.1092;0.1092;0.1077;0.1085;98;0
УралСиб ао;60;20170213;110000;0.1085;0.1085;0.1082;0.1082;7;0
УралСиб ао;60;20170213;120000;0.1083;0.1083;0.1083;0.1083;5;0
УралСиб ао;60;20170213;130000;0.1082;0.1108;0.1082;0.1091;82;0
УралСиб ао;60;20170213;140000;0.1089;0.1092;0.1087;0.109;35;0
УралСиб ао;60;20170213;150000;0.1085;0.1085;0.1077;0.1082;109;0
УралСиб ао;60;20170213;160000;0.1087;0.1087;0.1085;0.1087;13;0
УралСиб ао;60;20170213;170000;0.1082;0.1082;0.108;0.108;7;0
УралСиб ао;60;20170213;180000;0.108;0.108;0.1075;0.1078;94;0
УралСиб ао;60;20170214;100000;0.1074;0.1085;0.1071;0.1079;26;0
УралСиб ао;60;20170214;110000;0.1085;0.109;0.1074;0.1087;331;0
УралСиб ао;60;20170214;120000;0.1082;0.1082;0.107;0.1074;93;0
УралСиб ао;60;20170214;130000;0.1071;0.1071;0.1071;0.1071;9;0
УралСиб ао;60;20170214;140000;0.1071;0.1077;0.107;0.107;52;0
УралСиб ао;60;20170214;150000;0.1077;0.109;0.1077;0.108;155;0
УралСиб ао;60;20170214;160000;0.108;0.108;0.108;0.108;11;0
УралСиб ао;60;20170214;170000;0.1081;0.109;0.108;0.108;338;0
УралСиб ао;60;20170214;180000;0.1081;0.1081;0.1074;0.1076;100;0
УралСиб ао;60;20170215;100000;0.1097;0.1097;0.1064;0.1076;72;0
УралСиб ао;60;20170215;110000;0.1077;0.1077;0.1064;0.1069;259;0
УралСиб ао;60;20170215;120000;0.107;0.1072;0.1066;0.1069;63;0
УралСиб ао;60;20170215;130000;0.1067;0.1069;0.1051;0.1069;156;0
УралСиб ао;60;20170215;140000;0.107;0.107;0.105;0.1056;205;0
УралСиб ао;60;20170215;150000;0.1056;0.106;0.1055;0.1057;38;0
УралСиб ао;60;20170215;160000;0.1057;0.1089;0.1054;0.1089;447;0
УралСиб ао;60;20170215;170000;0.108;0.1085;0.1078;0.1078;61;0
УралСиб ао;60;20170215;180000;0.1066;0.1079;0.1065;0.1079;38;0
УралСиб ао;60;20170216;090000;0.1084;0.1084;0.1084;0.1084;12;0
УралСиб ао;60;20170216;100000;0.1083;0.1083;0.1074;0.1077;37;0
УралСиб ао;60;20170216;110000;0.1073;0.1074;0.107;0.107;114;0
УралСиб ао;60;20170216;120000;0.1072;0.1072;0.1071;0.1071;12;0
УралСиб ао;60;20170216;130000;0.1071;0.1074;0.1071;0.1074;9;0
УралСиб ао;60;20170216;140000;0.1072;0.1079;0.1072;0.1079;12;0
УралСиб ао;60;20170216;150000;0.1076;0.1076;0.1076;0.1076;5;0
УралСиб ао;60;20170216;160000;0.1074;0.1074;0.107;0.107;28;0
УралСиб ао;60;20170216;170000;0.1069;0.1072;0.106;0.1072;79;0
УралСиб ао;60;20170216;180000;0.1065;0.1071;0.1065;0.1071;10;0
УралСиб ао;60;20170217;100000;0.1067;0.1069;0.1051;0.1059;299;0
УралСиб ао;60;20170217;110000;0.1058;0.1058;0.1057;0.1057;22;0
УралСиб ао;60;20170217;120000;0.1058;0.1059;0.1057;0.1059;11;0
УралСиб ао;60;20170217;130000;0.106;0.1064;0.1059;0.1059;23;0
УралСиб ао;60;20170217;140000;0.1062;0.1062;0.1062;0.1062;1;0
УралСиб ао;60;20170217;150000;0.1064;0.1066;0.1064;0.1065;76;0
УралСиб ао;60;20170217;160000;0.1061;0.1061;0.1032;0.1038;659;0
УралСиб ао;60;20170217;170000;0.1042;0.105;0.1042;0.105;30;0
УралСиб ао;60;20170217;180000;0.105;0.1057;0.1046;0.1057;39;0
УралСиб ао;60;20170220;100000;0.1058;0.1068;0.105;0.1056;205;0
УралСиб ао;60;20170220;110000;0.1055;0.1057;0.105;0.1055;55;0
УралСиб ао;60;20170220;120000;0.1053;0.1053;0.1047;0.1051;55;0
УралСиб ао;60;20170220;130000;0.105;0.105;0.1046;0.1046;16;0
УралСиб ао;60;20170220;140000;0.1052;0.1052;0.1046;0.1051;8;0
УралСиб ао;60;20170220;160000;0.1052;0.1054;0.105;0.1054;180;0
УралСиб ао;60;20170220;170000;0.1051;0.1054;0.105;0.1054;42;0
УралСиб ао;60;20170220;180000;0.105;0.1055;0.1047;0.1052;98;0
УралСиб ао;60;20170221;100000;0.105;0.1052;0.1047;0.1051;218;0
УралСиб ао;60;20170221;110000;0.1052;0.1052;0.105;0.1052;5;0
УралСиб ао;60;20170221;120000;0.1051;0.1052;0.1047;0.1049;33;0
УралСиб ао;60;20170221;130000;0.1047;0.1055;0.1047;0.1055;42;0
УралСиб ао;60;20170221;140000;0.1055;0.1055;0.1048;0.1054;12;0
УралСиб ао;60;20170221;150000;0.1054;0.1054;0.1054;0.1054;5;0
УралСиб ао;60;20170221;160000;0.1053;0.1055;0.1053;0.1055;30;0
УралСиб ао;60;20170221;170000;0.1054;0.1057;0.1051;0.1055;109;0
УралСиб ао;60;20170221;180000;0.1055;0.106;0.1054;0.1058;213;0
УралСиб ао;60;20170222;100000;0.1052;0.1057;0.1051;0.1054;16;0
УралСиб ао;60;20170222;110000;0.1059;0.1061;0.1055;0.1061;35;0
УралСиб ао;60;20170222;120000;0.1062;0.1065;0.1062;0.1065;59;0
УралСиб ао;60;20170222;130000;0.1058;0.1088;0.1058;0.1088;90;0
УралСиб ао;60;20170222;140000;0.1069;0.1083;0.1061;0.1061;24;0
УралСиб ао;60;20170222;150000;0.1057;0.1063;0.1054;0.1054;28;0
УралСиб ао;60;20170222;160000;0.1053;0.1053;0.1048;0.1048;100;0
УралСиб ао;60;20170222;170000;0.1049;0.1049;0.1049;0.1049;1;0
УралСиб ао;60;20170222;180000;0.1053;0.1062;0.1051;0.1062;7;0
УралСиб ао;60;20170224;100000;0.1069;0.1069;0.1047;0.1048;12;0
УралСиб ао;60;20170224;110000;0.1063;0.1069;0.105;0.106;75;0
УралСиб ао;60;20170224;120000;0.1054;0.1054;0.1054;0.1054;2;0
УралСиб ао;60;20170224;130000;0.1053;0.1053;0.1053;0.1053;2;0
УралСиб ао;60;20170224;140000;0.1062;0.1063;0.1045;0.106;41;0
УралСиб ао;60;20170224;160000;0.106;0.1062;0.106;0.1062;20;0
УралСиб ао;60;20170224;180000;0.1059;0.1061;0.1053;0.1061;4;0
УралСиб ао;60;20170227;100000;0.1061;0.1061;0.103;0.105;74;0
УралСиб ао;60;20170227;110000;0.1049;0.1049;0.104;0.104;14;0
УралСиб ао;60;20170227;120000;0.1039;0.1039;0.1037;0.1037;15;0
УралСиб ао;60;20170227;130000;0.1039;0.104;0.1037;0.104;56;0
УралСиб ао;60;20170227;140000;0.1037;0.1049;0.1036;0.1049;48;0
УралСиб ао;60;20170227;150000;0.1049;0.105;0.1036;0.1036;369;0
УралСиб ао;60;20170227;160000;0.1036;0.105;0.1025;0.104;973;0
УралСиб ао;60;20170227;170000;0.104;0.1043;0.104;0.104;198;0
УралСиб ао;60;20170227;180000;0.104;0.1044;0.104;0.1044;12;0
УралСиб ао;60;20170228;100000;0.1058;0.1061;0.1025;0.103;789;0
УралСиб ао;60;20170228;110000;0.1027;0.1035;0.0988;0.1031;295;0
УралСиб ао;60;20170228;120000;0.1016;0.102;0.0989;0.102;349;0
УралСиб ао;60;20170228;130000;0.1014;0.1023;0.0989;0.1006;383;0
УралСиб ао;60;20170228;140000;0.1016;0.1028;0.1002;0.1011;195;0
УралСиб ао;60;20170228;150000;0.1012;0.1021;0.1;0.101;106;0
УралСиб ао;60;20170228;160000;0.101;0.1015;0.101;0.1015;22;0
УралСиб ао;60;20170228;170000;0.1013;0.1019;0.1013;0.1019;12;0
УралСиб ао;60;20170228;180000;0.1012;0.1012;0.1002;0.101;134;0
УралСиб ао;60;20170301;100000;0.1034;0.1034;0.1003;0.1023;6;0
УралСиб ао;60;20170301;110000;0.101;0.1021;0.101;0.1018;32;0
УралСиб ао;60;20170301;120000;0.102;0.1021;0.1017;0.1018;61;0
УралСиб ао;60;20170301;130000;0.1019;0.1022;0.1015;0.1015;55;0
УралСиб ао;60;20170301;140000;0.102;0.1024;0.102;0.1024;20;0
УралСиб ао;60;20170301;150000;0.1025;0.1034;0.1025;0.1031;178;0
УралСиб ао;60;20170301;160000;0.1027;0.1034;0.1018;0.1031;123;0
УралСиб ао;60;20170301;170000;0.1031;0.1032;0.1029;0.103;21;0
УралСиб ао;60;20170301;180000;0.1029;0.1034;0.1029;0.1034;8;0
УралСиб ао;60;20170302;100000;0.1036;0.1059;0.103;0.103;64;0
УралСиб ао;60;20170302;110000;0.1035;0.1035;0.1024;0.1029;42;0
УралСиб ао;60;20170302;120000;0.1032;0.1034;0.1032;0.1032;19;0
УралСиб ао;60;20170302;130000;0.1034;0.1035;0.1033;0.1035;8;0
УралСиб ао;60;20170302;140000;0.1031;0.1031;0.1027;0.1027;93;0
УралСиб ао;60;20170302;150000;0.1028;0.1028;0.1025;0.1028;16;0
УралСиб ао;60;20170302;160000;0.1027;0.1028;0.1027;0.1028;4;0
УралСиб ао;60;20170302;170000;0.1028;0.1028;0.1026;0.1028;19;0
УралСиб ао;60;20170302;180000;0.1027;0.1033;0.1025;0.1033;11;0
УралСиб ао;60;20170303;100000;0.1017;0.1032;0.1002;0.1009;182;0
УралСиб ао;60;20170303;110000;0.1007;0.1036;0.1002;0.1015;148;0
УралСиб ао;60;20170303;120000;0.1015;0.1016;0.1013;0.1013;42;0
УралСиб ао;60;20170303;130000;0.1014;0.1015;0.1008;0.1008;86;0
УралСиб ао;60;20170303;140000;0.1012;0.1012;0.1006;0.1006;27;0
УралСиб ао;60;20170303;150000;0.1008;0.1016;0.1008;0.1011;40;0
УралСиб ао;60;20170303;160000;0.1011;0.1012;0.1011;0.1012;5;0
УралСиб ао;60;20170303;170000;0.1012;0.1015;0.1012;0.1015;6;0
УралСиб ао;60;20170303;180000;0.1015;0.1016;0.1009;0.1016;18;0
УралСиб ао;60;20170306;100000;0.1024;0.1026;0.1014;0.1014;22;0
УралСиб ао;60;20170306;110000;0.1015;0.102;0.1014;0.102;19;0
УралСиб ао;60;20170306;120000;0.1023;0.1023;0.1;0.1009;268;0
УралСиб ао;60;20170306;130000;0.1012;0.1012;0.1012;0.1012;3;0
УралСиб ао;60;20170306;140000;0.1012;0.1012;0.1009;0.1012;11;0
УралСиб ао;60;20170306;150000;0.1012;0.1014;0.1011;0.1014;15;0
УралСиб ао;60;20170306;160000;0.1009;0.1018;0.1009;0.1018;29;0
УралСиб ао;60;20170306;170000;0.1018;0.1018;0.1001;0.1001;51;0
УралСиб ао;60;20170306;180000;0.1011;0.102;0.1011;0.102;92;0
УралСиб ао;60;20170307;100000;0.1016;0.1016;0.101;0.101;24;0
УралСиб ао;60;20170307;110000;0.101;0.1018;0.101;0.1016;49;0
УралСиб ао;60;20170307;120000;0.1015;0.1015;0.1008;0.1008;101;0
УралСиб ао;60;20170307;130000;0.1008;0.1008;0.0997;0.1;110;0
УралСиб ао;60;20170307;140000;0.1;0.1004;0.0975;0.099;114;0
УралСиб ао;60;20170307;150000;0.0991;0.0997;0.0988;0.0997;7;0
УралСиб ао;60;20170307;160000;0.0992;0.0992;0.0991;0.0991;6;0
УралСиб ао;60;20170307;170000;0.0997;0.1001;0.0997;0.1;348;0
УралСиб ао;60;20170307;180000;0.1004;0.1039;0.0967;0.1009;338;0
УралСиб ао;60;20170309;100000;0.1003;0.1005;0.0926;0.0993;64;0
УралСиб ао;60;20170309;110000;0.0991;0.0999;0.0987;0.0987;26;0
УралСиб ао;60;20170309;120000;0.0987;0.0987;0.097;0.097;30;0
УралСиб ао;60;20170309;130000;0.097;0.098;0.0964;0.098;92;0
УралСиб ао;60;20170309;140000;0.098;0.098;0.094;0.094;91;0
УралСиб ао;60;20170309;150000;0.0957;0.0957;0.0957;0.0957;4;0
УралСиб ао;60;20170309;160000;0.0956;0.0969;0.0955;0.0969;248;0
УралСиб ао;60;20170309;170000;0.0968;0.1021;0.0968;0.0991;1045;0
УралСиб ао;60;20170309;180000;0.0991;0.1006;0.0989;0.099;128;0
УралСиб ао;60;20170310;100000;0.0992;0.1007;0.0965;0.0986;152;0
УралСиб ао;60;20170310;110000;0.0986;0.0986;0.0986;0.0986;9;0
УралСиб ао;60;20170310;120000;0.0986;0.0986;0.0986;0.0986;5;0
УралСиб ао;60;20170310;130000;0.0985;0.0985;0.0984;0.0984;14;0
УралСиб ао;60;20170310;140000;0.0987;0.0987;0.0984;0.0984;13;0
УралСиб ао;60;20170310;150000;0.0983;0.0983;0.0983;0.0983;2;0
УралСиб ао;60;20170310;160000;0.0984;0.0986;0.0982;0.0985;66;0
УралСиб ао;60;20170310;170000;0.0985;0.0988;0.0985;0.0987;35;0
УралСиб ао;60;20170310;180000;0.0988;0.0988;0.0983;0.0986;31;0
УралСиб ао;60;20170313;100000;0.0981;0.0986;0.0971;0.098;9;0
УралСиб ао;60;20170313;110000;0.098;0.098;0.098;0.098;1;0
УралСиб ао;60;20170313;120000;0.098;0.0984;0.098;0.0983;25;0
УралСиб ао;60;20170313;130000;0.0994;0.0997;0.0982;0.0982;77;0
УралСиб ао;60;20170313;140000;0.0981;0.0984;0.0981;0.0984;22;0
УралСиб ао;60;20170313;150000;0.0994;0.0995;0.0983;0.0983;6;0
УралСиб ао;60;20170313;160000;0.0985;0.0985;0.0971;0.0971;8;0
УралСиб ао;60;20170313;170000;0.0982;0.0982;0.0982;0.0982;1;0
УралСиб ао;60;20170313;180000;0.0993;0.0993;0.0993;0.0993;2;0
УралСиб ао;60;20170314;100000;0.0962;0.0986;0.0962;0.0986;6;0
УралСиб ао;60;20170314;110000;0.099;0.0992;0.0971;0.0974;67;0
УралСиб ао;60;20170314;130000;0.099;0.099;0.099;0.099;1;0
УралСиб ао;60;20170314;140000;0.099;0.0992;0.098;0.098;8;0
УралСиб ао;60;20170314;170000;0.099;0.099;0.098;0.098;11;0
УралСиб ао;60;20170314;180000;0.098;0.0988;0.0979;0.0988;13;0
УралСиб ао;60;20170315;100000;0.0963;0.0991;0.0963;0.0989;3;0
УралСиб ао;60;20170315;110000;0.0989;0.0995;0.0989;0.0995;12;0
УралСиб ао;60;20170315;120000;0.0994;0.0994;0.0994;0.0994;1;0
УралСиб ао;60;20170315;130000;0.0986;0.0986;0.0983;0.0984;7;0
УралСиб ао;60;20170315;150000;0.0992;0.0998;0.0983;0.0992;85;0
УралСиб ао;60;20170315;160000;0.0986;0.0986;0.0985;0.0985;6;0
УралСиб ао;60;20170315;180000;0.0983;0.0988;0.0982;0.0987;22;0
УралСиб ао;60;20170316;100000;0.0979;0.0997;0.0971;0.0981;66;0
УралСиб ао;60;20170316;110000;0.099;0.099;0.099;0.099;1;0
УралСиб ао;60;20170316;120000;0.099;0.099;0.098;0.0985;136;0
УралСиб ао;60;20170316;140000;0.099;0.099;0.0982;0.0982;8;0
УралСиб ао;60;20170316;150000;0.0987;0.0987;0.098;0.0982;13;0
УралСиб ао;60;20170316;160000;0.0984;0.0986;0.0982;0.0982;8;0
УралСиб ао;60;20170316;170000;0.0981;0.0983;0.0974;0.0977;121;0
УралСиб ао;60;20170316;180000;0.098;0.0981;0.098;0.098;4;0
УралСиб ао;60;20170317;100000;0.0989;0.0989;0.0971;0.0988;226;0
УралСиб ао;60;20170317;110000;0.0988;0.099;0.0988;0.099;4;0
УралСиб ао;60;20170317;120000;0.0984;0.0988;0.0984;0.0988;7;0
УралСиб ао;60;20170317;130000;0.0988;0.0998;0.0959;0.096;136;0
УралСиб ао;60;20170317;140000;0.0959;0.0997;0.0959;0.0995;194;0
УралСиб ао;60;20170317;150000;0.0994;0.0994;0.0994;0.0994;2;0
УралСиб ао;60;20170317;160000;0.0993;0.0993;0.0993;0.0993;1;0
УралСиб ао;60;20170317;170000;0.0986;0.0986;0.0973;0.0984;47;0
УралСиб ао;60;20170317;180000;0.0975;0.0983;0.0975;0.0983;5;0
УралСиб ао;60;20170320;100000;0.0988;0.1017;0.0988;0.1017;50;0
УралСиб ао;60;20170320;110000;0.1003;0.1004;0.0992;0.0992;20;0
УралСиб ао;60;20170320;120000;0.0992;0.0998;0.0986;0.0998;25;0
УралСиб ао;60;20170320;130000;0.1001;0.1004;0.1001;0.1004;33;0
УралСиб ао;60;20170320;150000;0.099;0.099;0.0987;0.0987;7;0
УралСиб ао;60;20170320;160000;0.1002;0.1002;0.0989;0.0989;11;0
УралСиб ао;60;20170320;170000;0.0999;0.1;0.0987;0.0988;103;0
УралСиб ао;60;20170320;180000;0.0988;0.0995;0.0986;0.0995;19;0
УралСиб ао;60;20170321;100000;0.1008;0.102;0.0988;0.1005;45;0
УралСиб ао;60;20170321;110000;0.0995;0.0995;0.0992;0.0992;21;0
УралСиб ао;60;20170321;120000;0.0992;0.0998;0.0992;0.0998;40;0
УралСиб ао;60;20170321;130000;0.0998;0.0998;0.0998;0.0998;5;0
УралСиб ао;60;20170321;140000;0.0997;0.0997;0.0995;0.0995;2;0
УралСиб ао;60;20170321;150000;0.0999;0.1006;0.0996;0.0997;222;0
УралСиб ао;60;20170321;160000;0.1004;0.1004;0.1004;0.1004;1;0
УралСиб ао;60;20170321;170000;0.1001;0.1001;0.1;0.1;101;0
УралСиб ао;60;20170321;180000;0.0995;0.1002;0.099;0.0994;36;0
УралСиб ао;60;20170322;100000;0.0983;0.0989;0.0976;0.0988;64;0
УралСиб ао;60;20170322;110000;0.0988;0.0988;0.0982;0.0982;22;0
УралСиб ао;60;20170322;120000;0.098;0.0987;0.0978;0.0978;34;0
УралСиб ао;60;20170322;130000;0.0979;0.098;0.0978;0.0978;51;0
УралСиб ао;60;20170322;140000;0.0986;0.0986;0.0986;0.0986;10;0
УралСиб ао;60;20170322;150000;0.0987;0.0987;0.0979;0.0979;4;0
УралСиб ао;60;20170322;170000;0.0984;0.099;0.0975;0.099;570;0
УралСиб ао;60;20170322;180000;0.0989;0.0995;0.0989;0.0995;37;0
УралСиб ао;60;20170323;100000;0.0998;0.0998;0.0991;0.0992;35;0
УралСиб ао;60;20170323;120000;0.0988;0.0988;0.0988;0.0988;4;0
УралСиб ао;60;20170323;150000;0.0996;0.1002;0.0985;0.0987;34;0
УралСиб ао;60;20170323;160000;0.0999;0.1;0.0988;0.0988;8;0
УралСиб ао;60;20170323;170000;0.0997;0.0998;0.099;0.099;6;0
УралСиб ао;60;20170323;180000;0.0998;0.0998;0.0998;0.0998;1;0
УралСиб ао;60;20170324;100000;0.0985;0.0992;0.0985;0.0992;3;0
УралСиб ао;60;20170324;110000;0.099;0.0995;0.099;0.0995;10;0
УралСиб ао;60;20170324;120000;0.0993;0.0993;0.0993;0.0993;8;0
УралСиб ао;60;20170324;130000;0.0992;0.0994;0.0991;0.0991;12;0
УралСиб ао;60;20170324;140000;0.0995;0.1008;0.0995;0.1005;81;0
УралСиб ао;60;20170324;160000;0.1002;0.1006;0.0999;0.1002;18;0
УралСиб ао;60;20170324;170000;0.1001;0.1001;0.0995;0.0995;12;0
УралСиб ао;60;20170324;180000;0.0997;0.1001;0.0997;0.1001;3;0
УралСиб ао;60;20170327;090000;0.101;0.101;0.101;0.101;2;0
УралСиб ао;60;20170327;100000;0.1014;0.102;0.0978;0.0994;179;0
УралСиб ао;60;20170327;130000;0.0997;0.0997;0.0977;0.0977;49;0
УралСиб ао;60;20170327;160000;0.0983;0.0983;0.0981;0.0981;4;0
УралСиб ао;60;20170327;170000;0.0988;0.0989;0.0973;0.0973;42;0
УралСиб ао;60;20170327;180000;0.0974;0.0979;0.0971;0.0977;31;0
УралСиб ао;60;20170504;090000;0.0977;0.0977;0.0977;0.0977;5;0
УралСиб ао;60;20170504;100000;0.0977;0.1005;0.096;0.099;138;0
УралСиб ао;60;20170504;110000;0.0989;0.0995;0.0982;0.0983;17;0
УралСиб ао;60;20170504;120000;0.0984;0.0995;0.0983;0.0983;14;0
УралСиб ао;60;20170504;130000;0.0983;0.0984;0.0975;0.0979;23;0
УралСиб ао;60;20170504;140000;0.0984;0.0999;0.0984;0.0999;35;0
УралСиб ао;60;20170504;150000;0.1;0.1007;0.0987;0.0999;58;0
УралСиб ао;60;20170504;160000;0.1002;0.1007;0.097;0.0998;286;0
УралСиб ао;60;20170504;170000;0.0984;0.0993;0.0979;0.0979;20;0
УралСиб ао;60;20170504;180000;0.0978;0.0979;0.095;0.0979;114;0
УралСиб ао;60;20170505;100000;0.0973;0.0976;0.0969;0.0969;7;0
УралСиб ао;60;20170505;110000;0.0967;0.097;0.0967;0.097;4;0
УралСиб ао;60;20170505;130000;0.097;0.0986;0.0951;0.0951;137;0
УралСиб ао;60;20170505;140000;0.0949;0.0949;0.0925;0.0948;235;0
УралСиб ао;60;20170505;150000;0.0949;0.0957;0.094;0.094;49;0
УралСиб ао;60;20170505;160000;0.094;0.0945;0.0936;0.0945;15;0
УралСиб ао;60;20170505;170000;0.0937;0.0951;0.093;0.0947;43;0
УралСиб ао;60;20170505;180000;0.0938;0.0973;0.093;0.097;71;0
УралСиб ао;60;20170510;100000;0.094;0.0966;0.094;0.0946;6;0
УралСиб ао;60;20170510;110000;0.0947;0.0948;0.0946;0.0948;16;0
УралСиб ао;60;20170510;120000;0.0964;0.0968;0.0964;0.0968;10;0
УралСиб ао;60;20170510;140000;0.0959;0.0959;0.0959;0.0959;1;0
УралСиб ао;60;20170510;150000;0.0957;0.096;0.094;0.0955;83;0
УралСиб ао;60;20170510;160000;0.0955;0.0955;0.094;0.0947;18;0
УралСиб ао;60;20170510;170000;0.0945;0.0945;0.092;0.0938;90;0
УралСиб ао;60;20170510;180000;0.0938;0.0978;0.0938;0.0945;116;0
УралСиб ао;60;20170511;110000;0.0947;0.0989;0.0947;0.0989;2;0
УралСиб ао;60;20170511;120000;0.0977;0.0988;0.0956;0.0956;132;0
УралСиб ао;60;20170511;140000;0.0982;0.0982;0.0982;0.0982;1;0
УралСиб ао;60;20170511;150000;0.0959;0.0969;0.0958;0.0969;11;0
УралСиб ао;60;20170511;160000;0.0959;0.096;0.0957;0.0957;14;0
УралСиб ао;60;20170511;170000;0.0957;0.0966;0.095;0.0965;9;0
УралСиб ао;60;20170511;180000;0.096;0.0964;0.0948;0.0964;11;0
УралСиб ао;60;20170512;100000;0.0943;0.0963;0.0921;0.0941;116;0
УралСиб ао;60;20170512;110000;0.0944;0.0944;0.0935;0.0935;52;0
УралСиб ао;60;20170512;120000;0.0933;0.0933;0.0933;0.0933;1;0
УралСиб ао;60;20170512;130000;0.0934;0.0934;0.092;0.0931;180;0
УралСиб ао;60;20170512;140000;0.0929;0.0931;0.0929;0.0931;10;0
УралСиб ао;60;20170512;150000;0.0928;0.0928;0.0923;0.0923;14;0
УралСиб ао;60;20170512;160000;0.0922;0.0938;0.0922;0.0928;31;0
УралСиб ао;60;20170512;170000;0.0927;0.0932;0.0927;0.093;9;0
УралСиб ао;60;20170512;180000;0.0931;0.0933;0.092;0.0928;260;0
УралСиб ао;60;20170515;100000;0.0924;0.0924;0.0902;0.0902;90;0
УралСиб ао;60;20170515;110000;0.0909;0.0909;0.0901;0.0905;54;0
УралСиб ао;60;20170515;120000;0.0905;0.0912;0.0905;0.0912;10;0
УралСиб ао;60;20170515;130000;0.0907;0.0907;0.09;0.0906;128;0
УралСиб ао;60;20170515;140000;0.0907;0.091;0.09;0.0909;116;0
УралСиб ао;60;20170515;150000;0.0912;0.0912;0.0912;0.0912;1;0
УралСиб ао;60;20170515;160000;0.0903;0.0903;0.0903;0.0903;1;0
УралСиб ао;60;20170515;180000;0.0906;0.0906;0.0901;0.0905;12;0
УралСиб ао;60;20170516;100000;0.0898;0.0909;0.0822;0.0909;125;0
УралСиб ао;60;20170516;110000;0.0912;0.0912;0.0912;0.0912;5;0
УралСиб ао;60;20170516;120000;0.0903;0.0903;0.09;0.0901;72;0
УралСиб ао;60;20170516;130000;0.0901;0.0901;0.09;0.09;11;0
УралСиб ао;60;20170516;140000;0.0906;0.091;0.0906;0.091;4;0
УралСиб ао;60;20170516;150000;0.0901;0.0905;0.09;0.0905;162;0
УралСиб ао;60;20170516;160000;0.0903;0.0903;0.0903;0.0903;2;0
УралСиб ао;60;20170516;170000;0.0901;0.0901;0.0901;0.0901;9;0
УралСиб ао;60;20170516;180000;0.0909;0.0909;0.0909;0.0909;1;0
УралСиб ао;60;20170517;100000;0.0908;0.0908;0.09;0.09;23;0
УралСиб ао;60;20170517;120000;0.0902;0.0902;0.09;0.0901;8;0
УралСиб ао;60;20170517;130000;0.091;0.091;0.09;0.0905;12;0
УралСиб ао;60;20170517;150000;0.0901;0.0901;0.09;0.09;7;0
УралСиб ао;60;20170517;170000;0.09;0.0903;0.09;0.0903;7;0
УралСиб ао;60;20170517;180000;0.0902;0.0902;0.09;0.09;20;0
УралСиб ао;60;20170518;110000;0.0907;0.091;0.0907;0.0909;75;0
УралСиб ао;60;20170518;120000;0.0909;0.0917;0.0899;0.0915;208;0
УралСиб ао;60;20170518;130000;0.0916;0.0917;0.0916;0.0917;2;0
УралСиб ао;60;20170518;150000;0.0916;0.092;0.0916;0.092;50;0
УралСиб ао;60;20170518;160000;0.092;0.0921;0.092;0.0921;7;0
УралСиб ао;60;20170518;170000;0.0921;0.0922;0.0921;0.0922;50;0
УралСиб ао;60;20170518;180000;0.0913;0.092;0.0913;0.092;15;0
УралСиб ао;60;20170519;130000;0.092;0.092;0.092;0.092;1;0
УралСиб ао;60;20170519;140000;0.0922;0.0922;0.0922;0.0922;1;0
УралСиб ао;60;20170519;150000;0.0923;0.0924;0.0905;0.0914;54;0
УралСиб ао;60;20170519;160000;0.0914;0.0916;0.0908;0.0916;5;0
УралСиб ао;60;20170519;170000;0.0914;0.0914;0.0914;0.0914;2;0
УралСиб ао;60;20170519;180000;0.0922;0.0925;0.0907;0.0918;87;0
УралСиб ао;60;20170522;100000;0.0912;0.0916;0.0903;0.0916;32;0
УралСиб ао;60;20170522;110000;0.092;0.0923;0.092;0.0923;5;0
УралСиб ао;60;20170522;130000;0.0917;0.0918;0.0911;0.0915;5;0
УралСиб ао;60;20170522;140000;0.0915;0.0915;0.0897;0.0897;67;0
УралСиб ао;60;20170522;150000;0.0898;0.0903;0.0897;0.0903;3;0
УралСиб ао;60;20170522;170000;0.0906;0.0913;0.0904;0.0913;20;0
УралСиб ао;60;20170523;100000;0.0913;0.0913;0.0902;0.0902;9;0
УралСиб ао;60;20170523;110000;0.0914;0.0923;0.0914;0.092;10;0
УралСиб ао;60;20170523;120000;0.0914;0.0914;0.0913;0.0913;2;0
УралСиб ао;60;20170523;130000;0.091;0.0912;0.09;0.09;51;0
УралСиб ао;60;20170523;150000;0.0901;0.0925;0.0897;0.0925;308;0
УралСиб ао;60;20170523;160000;0.0914;0.092;0.0913;0.092;10;0
УралСиб ао;60;20170523;170000;0.092;0.092;0.09;0.0903;61;0
УралСиб ао;60;20170523;180000;0.0901;0.0901;0.089;0.09;97;0
УралСиб ао;60;20170524;100000;0.0905;0.0906;0.0905;0.0906;4;0
УралСиб ао;60;20170524;110000;0.0909;0.0914;0.0909;0.0914;22;0
УралСиб ао;60;20170524;120000;0.0904;0.0905;0.086;0.0905;104;0
УралСиб ао;60;20170524;130000;0.0884;0.0894;0.087;0.0894;39;0
УралСиб ао;60;20170524;140000;0.0895;0.0895;0.0895;0.0895;1;0
УралСиб ао;60;20170524;150000;0.0895;0.09;0.0895;0.09;12;0
УралСиб ао;60;20170524;170000;0.0889;0.0889;0.0889;0.0889;2;0
УралСиб ао;60;20170524;180000;0.0887;0.0892;0.0885;0.0892;8;0
УралСиб ао;60;20170525;110000;0.0888;0.0888;0.085;0.0881;284;0
УралСиб ао;60;20170525;120000;0.0879;0.0892;0.0879;0.088;112;0
УралСиб ао;60;20170525;130000;0.088;0.088;0.088;0.088;8;0
УралСиб ао;60;20170525;140000;0.0879;0.0879;0.0873;0.0873;40;0
УралСиб ао;60;20170525;150000;0.0872;0.0886;0.0872;0.0874;19;0
УралСиб ао;60;20170525;160000;0.0874;0.0885;0.0874;0.0884;425;0
УралСиб ао;60;20170525;170000;0.0879;0.0879;0.0879;0.0879;2;0
УралСиб ао;60;20170525;180000;0.0878;0.0878;0.0877;0.0877;5;0
УралСиб ао;60;20170526;100000;0.0872;0.0887;0.087;0.0887;32;0
УралСиб ао;60;20170526;110000;0.0879;0.0879;0.0879;0.0879;2;0
УралСиб ао;60;20170526;150000;0.0879;0.0879;0.0861;0.0874;38;0
УралСиб ао;60;20170526;160000;0.0876;0.0876;0.0876;0.0876;1;0
УралСиб ао;60;20170526;170000;0.0871;0.0871;0.0871;0.0871;2;0
УралСиб ао;60;20170526;180000;0.0875;0.0876;0.0875;0.0876;2;0
УралСиб ао;60;20170529;100000;0.0877;0.0898;0.085;0.0864;103;0
УралСиб ао;60;20170529;110000;0.087;0.0886;0.086;0.086;59;0
УралСиб ао;60;20170529;120000;0.0859;0.0864;0.0854;0.0863;33;0
УралСиб ао;60;20170529;130000;0.0856;0.0862;0.0856;0.0862;4;0
УралСиб ао;60;20170529;150000;0.0863;0.0863;0.0863;0.0863;5;0
УралСиб ао;60;20170529;170000;0.0858;0.0866;0.0852;0.0866;81;0
УралСиб ао;60;20170529;180000;0.0863;0.0866;0.0863;0.0864;34;0
УралСиб ао;60;20170530;100000;0.0868;0.0889;0.086;0.0867;79;0
УралСиб ао;60;20170530;110000;0.0867;0.0867;0.0867;0.0867;3;0
УралСиб ао;60;20170530;120000;0.0869;0.0869;0.0866;0.0866;6;0
УралСиб ао;60;20170530;130000;0.0872;0.0875;0.085;0.0859;1217;0
УралСиб ао;60;20170530;140000;0.0862;0.0878;0.086;0.0878;119;0
УралСиб ао;60;20170530;150000;0.0876;0.0881;0.0876;0.0881;13;0
УралСиб ао;60;20170530;160000;0.0881;0.0881;0.0873;0.0873;10;0
УралСиб ао;60;20170530;170000;0.0872;0.0873;0.0872;0.0873;12;0
УралСиб ао;60;20170530;180000;0.0873;0.0879;0.0873;0.0879;3;0
УралСиб ао;60;20170531;100000;0.0883;0.0889;0.0871;0.0871;193;0
УралСиб ао;60;20170531;110000;0.087;0.0879;0.0868;0.0871;27;0
УралСиб ао;60;20170531;120000;0.0879;0.0879;0.0869;0.0869;15;0
УралСиб ао;60;20170531;130000;0.0869;0.0877;0.0869;0.0877;16;0
УралСиб ао;60;20170531;140000;0.0876;0.0877;0.0869;0.0869;14;0
УралСиб ао;60;20170531;150000;0.0874;0.0874;0.0874;0.0874;4;0
УралСиб ао;60;20170531;160000;0.0868;0.0868;0.0867;0.0867;4;0
УралСиб ао;60;20170531;180000;0.0871;0.0874;0.0871;0.0874;2;0
УралСиб ао;60;20170601;100000;0.0866;0.0874;0.086;0.086;22;0
УралСиб ао;60;20170601;110000;0.0862;0.0868;0.0857;0.0859;1017;0
УралСиб ао;60;20170601;120000;0.0858;0.0863;0.0858;0.0862;15;0
УралСиб ао;60;20170601;130000;0.0861;0.0861;0.086;0.086;4;0
УралСиб ао;60;20170601;140000;0.0861;0.0861;0.0856;0.0857;14;0
УралСиб ао;60;20170601;150000;0.0856;0.0862;0.0856;0.0859;17;0
УралСиб ао;60;20170601;160000;0.0864;0.0868;0.086;0.086;3;0
УралСиб ао;60;20170601;170000;0.0859;0.0861;0.0856;0.086;15;0
УралСиб ао;60;20170601;180000;0.0857;0.086;0.0857;0.0858;8;0
УралСиб ао;60;20170602;100000;0.0858;0.0859;0.0852;0.0852;8;0
УралСиб ао;60;20170602;110000;0.0852;0.0852;0.0841;0.0851;30;0
УралСиб ао;60;20170602;120000;0.0852;0.0852;0.0852;0.0852;3;0
УралСиб ао;60;20170602;130000;0.0852;0.0861;0.0844;0.086;54;0
УралСиб ао;60;20170602;140000;0.0852;0.0855;0.0852;0.0855;2;0
УралСиб ао;60;20170602;150000;0.0855;0.0855;0.0851;0.0855;18;0
УралСиб ао;60;20170602;160000;0.0852;0.0852;0.0841;0.0849;26;0
УралСиб ао;60;20170602;170000;0.085;0.0855;0.0841;0.0853;31;0
УралСиб ао;60;20170602;180000;0.0844;0.0853;0.0842;0.0853;16;0
УралСиб ао;60;20170605;100000;0.085;0.0863;0.085;0.086;19;0
УралСиб ао;60;20170605;110000;0.086;0.0862;0.086;0.086;44;0
УралСиб ао;60;20170605;120000;0.086;0.086;0.086;0.086;10;0
УралСиб ао;60;20170605;130000;0.086;0.086;0.0842;0.0842;100;0
УралСиб ао;60;20170605;150000;0.0843;0.0843;0.0841;0.0841;112;0
УралСиб ао;60;20170605;160000;0.0848;0.0848;0.0842;0.0842;4;0
УралСиб ао;60;20170605;170000;0.0848;0.0881;0.0848;0.0867;973;0
УралСиб ао;60;20170605;180000;0.0867;0.0867;0.0863;0.0867;21;0
УралСиб ао;60;20170606;100000;0.0866;0.0866;0.0858;0.0858;9;0
УралСиб ао;60;20170606;110000;0.0853;0.0854;0.0844;0.0853;23;0
УралСиб ао;60;20170606;130000;0.0853;0.0853;0.0848;0.0848;2;0
УралСиб ао;60;20170606;140000;0.085;0.0853;0.085;0.0851;9;0
УралСиб ао;60;20170606;150000;0.0854;0.0856;0.0853;0.0853;5;0
УралСиб ао;60;20170606;180000;0.0863;0.0863;0.0862;0.0862;2;0
УралСиб ао;60;20170607;100000;0.0869;0.0869;0.0869;0.0869;2;0
УралСиб ао;60;20170607;160000;0.0856;0.0856;0.0856;0.0856;10;0
УралСиб ао;60;20170607;170000;0.0856;0.0856;0.085;0.085;63;0
УралСиб ао;60;20170607;180000;0.0856;0.0862;0.0853;0.0862;6;0
УралСиб ао;60;20170608;120000;0.0851;0.0851;0.085;0.085;95;0
УралСиб ао;60;20170608;130000;0.0852;0.0852;0.085;0.085;21;0
УралСиб ао;60;20170608;140000;0.0855;0.0855;0.0855;0.0855;1;0
УралСиб ао;60;20170608;150000;0.0855;0.0855;0.0855;0.0855;1;0
УралСиб ао;60;20170608;180000;0.0863;0.0863;0.0863;0.0863;1;0
УралСиб ао;60;20170609;090000;0.0864;0.0864;0.0864;0.0864;1;0
УралСиб ао;60;20170609;100000;0.0864;0.0864;0.085;0.085;27;0
УралСиб ао;60;20170609;110000;0.0852;0.0852;0.0851;0.0851;5;0
УралСиб ао;60;20170609;120000;0.0857;0.0857;0.0857;0.0857;9;0
УралСиб ао;60;20170609;130000;0.0857;0.0864;0.0857;0.0864;30;0
УралСиб ао;60;20170609;140000;0.0857;0.0858;0.0857;0.0857;64;0
УралСиб ао;60;20170609;150000;0.0857;0.0857;0.0852;0.0853;17;0
УралСиб ао;60;20170609;160000;0.0852;0.0852;0.0851;0.0851;18;0
УралСиб ао;60;20170609;170000;0.0851;0.0864;0.0851;0.0864;16;0
УралСиб ао;60;20170613;100000;0.0844;0.0867;0.0841;0.0867;20;0
УралСиб ао;60;20170613;110000;0.0865;0.0865;0.0865;0.0865;1;0
УралСиб ао;60;20170613;120000;0.0861;0.0861;0.0861;0.0861;1;0
УралСиб ао;60;20170613;130000;0.0861;0.0861;0.0861;0.0861;10;0
УралСиб ао;60;20170613;140000;0.0861;0.0861;0.0851;0.0855;65;0
УралСиб ао;60;20170613;150000;0.0851;0.0855;0.085;0.0855;203;0
УралСиб ао;60;20170613;160000;0.0851;0.0855;0.085;0.0855;17;0
УралСиб ао;60;20170613;170000;0.0854;0.0855;0.085;0.085;233;0
УралСиб ао;60;20170613;180000;0.085;0.0856;0.085;0.0856;82;0
УралСиб ао;60;20170614;100000;0.0855;0.0855;0.0855;0.0855;1;0
УралСиб ао;60;20170614;130000;0.0851;0.0851;0.085;0.085;3;0
УралСиб ао;60;20170614;140000;0.085;0.085;0.085;0.085;4;0
УралСиб ао;60;20170614;150000;0.0851;0.0866;0.085;0.0866;71;0
УралСиб ао;60;20170614;180000;0.085;0.0858;0.085;0.0858;6;0
УралСиб ао;60;20170615;100000;0.0828;0.0828;0.0825;0.0825;150;0
УралСиб ао;60;20170615;110000;0.0833;0.0859;0.083;0.0859;16;0
УралСиб ао;60;20170615;130000;0.0832;0.0832;0.0832;0.0832;1;0
УралСиб ао;60;20170615;160000;0.0834;0.0834;0.0825;0.0825;115;0
УралСиб ао;60;20170615;170000;0.0827;0.0827;0.0825;0.0825;8;0
УралСиб ао;60;20170615;180000;0.0845;0.0845;0.0845;0.0845;1;0
УралСиб ао;60;20170616;120000;0.0845;0.0845;0.0845;0.0845;1;0
УралСиб ао;60;20170616;150000;0.0845;0.0857;0.0845;0.0857;2;0
УралСиб ао;60;20170619;100000;0.0867;0.0869;0.0847;0.0847;61;0
УралСиб ао;60;20170619;170000;0.0864;0.0864;0.0864;0.0864;1;0
УралСиб ао;60;20170619;180000;0.0859;0.0859;0.0859;0.0859;1;0
УралСиб ао;60;20170620;100000;0.0856;0.0864;0.0852;0.0864;257;0
УралСиб ао;60;20170620;120000;0.0861;0.0867;0.086;0.086;257;0
УралСиб ао;60;20170620;140000;0.0859;0.0867;0.0859;0.0867;12;0
УралСиб ао;60;20170620;150000;0.0859;0.0859;0.085;0.085;307;0
УралСиб ао;60;20170620;170000;0.0857;0.0858;0.0857;0.0858;3;0
УралСиб ао;60;20170621;100000;0.085;0.0854;0.0828;0.085;22;0
УралСиб ао;60;20170621;110000;0.0847;0.0847;0.0838;0.0843;43;0
УралСиб ао;60;20170621;120000;0.0842;0.0847;0.0842;0.0847;4;0
УралСиб ао;60;20170621;140000;0.0842;0.0842;0.0841;0.0841;18;0
УралСиб ао;60;20170621;150000;0.0841;0.0841;0.0841;0.0841;31;0
УралСиб ао;60;20170621;160000;0.0844;0.0844;0.0844;0.0844;3;0
УралСиб ао;60;20170621;180000;0.0844;0.0844;0.0844;0.0844;2;0
УралСиб ао;60;20170622;100000;0.0847;0.0848;0.0847;0.0848;3;0
УралСиб ао;60;20170622;120000;0.0842;0.0842;0.0842;0.0842;3;0
УралСиб ао;60;20170622;140000;0.0849;0.085;0.0846;0.0846;40;0
УралСиб ао;60;20170622;170000;0.0855;0.0855;0.0855;0.0855;1;0
УралСиб ао;60;20170622;180000;0.0846;0.0855;0.0846;0.0855;3;0
УралСиб ао;60;20170623;120000;0.0847;0.0847;0.0847;0.0847;3;0
УралСиб ао;60;20170623;130000;0.0847;0.0847;0.0847;0.0847;1;0
УралСиб ао;60;20170623;160000;0.085;0.085;0.085;0.085;1;0
УралСиб ао;60;20170623;180000;0.085;0.085;0.085;0.085;2;0
УралСиб ао;60;20170626;110000;0.0847;0.0855;0.0837;0.0851;11;0
УралСиб ао;60;20170626;140000;0.0849;0.085;0.0849;0.085;3;0
УралСиб ао;60;20170626;150000;0.085;0.0854;0.085;0.0854;59;0
УралСиб ао;60;20170626;160000;0.0856;0.0871;0.0856;0.0869;22;0
УралСиб ао;60;20170626;170000;0.0869;0.0874;0.0869;0.0874;31;0
УралСиб ао;60;20170626;180000;0.0874;0.0877;0.0852;0.0877;37;0
УралСиб ао;60;20170627;100000;0.0878;0.0884;0.087;0.0884;71;0
УралСиб ао;60;20170627;120000;0.0885;0.0894;0.0885;0.0892;16;0
УралСиб ао;60;20170627;140000;0.0893;0.091;0.0892;0.091;112;0
УралСиб ао;60;20170627;150000;0.091;0.0919;0.091;0.0919;28;0
УралСиб ао;60;20170627;160000;0.0911;0.0912;0.0894;0.0899;196;0
УралСиб ао;60;20170627;170000;0.0894;0.0904;0.0884;0.0889;162;0
УралСиб ао;60;20170627;180000;0.0883;0.0889;0.0883;0.0889;15;0
УралСиб ао;60;20170628;100000;0.0878;0.0882;0.087;0.087;118;0
УралСиб ао;60;20170628;120000;0.0877;0.0877;0.0877;0.0877;1;0
УралСиб ао;60;20170628;150000;0.0877;0.0881;0.0877;0.0881;3;0
УралСиб ао;60;20170628;180000;0.0881;0.0881;0.0881;0.0881;1;0
УралСиб ао;60;20170629;110000;0.0887;0.0887;0.0884;0.0884;28;0
УралСиб ао;60;20170629;140000;0.0882;0.0882;0.0882;0.0882;2;0
УралСиб ао;60;20170629;170000;0.0882;0.0882;0.088;0.088;50;0
УралСиб ао;60;20170629;180000;0.0881;0.0885;0.0881;0.0885;9;0
УралСиб ао;60;20170630;100000;0.0851;0.0851;0.0851;0.0851;1;0
УралСиб ао;60;20170630;140000;0.0873;0.0873;0.086;0.086;199;0
УралСиб ао;60;20170630;150000;0.0874;0.0899;0.0874;0.0899;202;0
УралСиб ао;60;20170630;160000;0.0899;0.0899;0.0891;0.0891;36;0
УралСиб ао;60;20170630;170000;0.0893;0.0894;0.088;0.088;52;0
УралСиб ао;60;20170630;180000;0.088;0.0884;0.088;0.0884;2;0
УралСиб ао;60;20170703;110000;0.0897;0.0897;0.0897;0.0897;1;0
УралСиб ао;60;20170703;120000;0.0884;0.0904;0.0884;0.0903;237;0
УралСиб ао;60;20170703;130000;0.0891;0.0903;0.089;0.089;39;0
УралСиб ао;60;20170703;140000;0.0894;0.0894;0.0894;0.0894;19;0
УралСиб ао;60;20170703;150000;0.0891;0.0891;0.0891;0.0891;3;0
УралСиб ао;60;20170703;160000;0.089;0.089;0.089;0.089;40;0
УралСиб ао;60;20170703;170000;0.0891;0.0896;0.089;0.089;44;0
УралСиб ао;60;20170703;180000;0.0889;0.0889;0.0881;0.0881;54;0
УралСиб ао;60;20170704;100000;0.0878;0.0878;0.0877;0.0877;10;0
УралСиб ао;60;20170704;110000;0.0877;0.0882;0.0875;0.088;18;0
УралСиб ао;60;20170704;120000;0.0876;0.088;0.0875;0.088;7;0
УралСиб ао;60;20170704;130000;0.0881;0.0904;0.088;0.0904;127;0
УралСиб ао;60;20170704;140000;0.0906;0.0919;0.0904;0.0905;213;0
УралСиб ао;60;20170704;150000;0.0904;0.0906;0.09;0.0906;164;0
УралСиб ао;60;20170704;160000;0.0908;0.091;0.0906;0.0909;82;0
УралСиб ао;60;20170704;170000;0.0911;0.0911;0.0905;0.0905;109;0
УралСиб ао;60;20170704;180000;0.0906;0.091;0.0906;0.091;4;0
УралСиб ао;60;20170705;100000;0.0904;0.0909;0.09;0.0906;59;0
УралСиб ао;60;20170705;110000;0.0911;0.0911;0.0905;0.0906;6;0
УралСиб ао;60;20170705;130000;0.091;0.091;0.09;0.0902;239;0
УралСиб ао;60;20170705;140000;0.0902;0.0902;0.0899;0.09;20;0
УралСиб ао;60;20170705;150000;0.0899;0.0902;0.0899;0.0902;7;0
УралСиб ао;60;20170705;160000;0.0904;0.0907;0.0904;0.0905;14;0
УралСиб ао;60;20170705;170000;0.0902;0.0902;0.0901;0.0902;13;0
УралСиб ао;60;20170705;180000;0.0899;0.0901;0.0899;0.0901;4;0
УралСиб ао;60;20170706;100000;0.0888;0.0902;0.0878;0.0902;41;0
УралСиб ао;60;20170706;120000;0.0891;0.0915;0.0891;0.0915;73;0
УралСиб ао;60;20170706;130000;0.0911;0.0911;0.0911;0.0911;1;0
УралСиб ао;60;20170706;140000;0.0901;0.0905;0.0899;0.0899;14;0
УралСиб ао;60;20170706;150000;0.0905;0.0905;0.0905;0.0905;1;0
УралСиб ао;60;20170706;160000;0.09;0.09;0.09;0.09;5;0
УралСиб ао;60;20170706;170000;0.0904;0.0904;0.0898;0.0904;13;0
УралСиб ао;60;20170707;090000;0.0987;0.0987;0.0987;0.0987;1610;0
УралСиб ао;60;20170707;100000;0.0987;0.0987;0.0903;0.0904;148;0
УралСиб ао;60;20170707;110000;0.091;0.092;0.091;0.092;47;0
УралСиб ао;60;20170707;120000;0.0921;0.0927;0.0921;0.0927;22;0
УралСиб ао;60;20170707;130000;0.0919;0.0919;0.0913;0.0914;18;0
УралСиб ао;60;20170707;140000;0.0913;0.0924;0.0913;0.0924;33;0
УралСиб ао;60;20170707;160000;0.0918;0.0918;0.0913;0.0913;100;0
УралСиб ао;60;20170707;170000;0.0916;0.092;0.0911;0.092;251;0
УралСиб ао;60;20170707;180000;0.0922;0.0924;0.0922;0.0924;13;0
УралСиб ао;60;20170710;100000;0.093;0.0983;0.093;0.093;89;0
УралСиб ао;60;20170710;110000;0.093;0.0933;0.093;0.0933;3;0
УралСиб ао;60;20170710;120000;0.0934;0.0939;0.0926;0.0926;12;0
УралСиб ао;60;20170710;130000;0.0928;0.0928;0.091;0.0911;178;0
УралСиб ао;60;20170710;140000;0.092;0.092;0.092;0.092;1;0
УралСиб ао;60;20170710;170000;0.092;0.0923;0.092;0.0923;12;0
УралСиб ао;60;20170710;180000;0.092;0.092;0.092;0.092;2;0
УралСиб ао;60;20170711;100000;0.0917;0.0919;0.0915;0.0915;9;0
УралСиб ао;60;20170711;110000;0.0912;0.0912;0.0912;0.0912;1;0
УралСиб ао;60;20170711;120000;0.0912;0.0924;0.091;0.0924;125;0
УралСиб ао;60;20170711;130000;0.0915;0.0915;0.0915;0.0915;35;0
УралСиб ао;60;20170711;140000;0.0918;0.0927;0.0918;0.0927;30;0
УралСиб ао;60;20170711;160000;0.092;0.092;0.092;0.092;10;0
УралСиб ао;60;20170711;170000;0.0923;0.0923;0.092;0.092;14;0
УралСиб ао;60;20170712;100000;0.0935;0.0935;0.092;0.092;9;0
УралСиб ао;60;20170712;110000;0.0921;0.0922;0.092;0.0922;54;0
УралСиб ао;60;20170712;150000;0.0922;0.0923;0.0918;0.0923;5;0
УралСиб ао;60;20170712;160000;0.0923;0.0925;0.092;0.0925;10;0
УралСиб ао;60;20170712;170000;0.0919;0.0926;0.0917;0.0926;28;0
УралСиб ао;60;20170712;180000;0.0927;0.0927;0.092;0.0926;5;0
УралСиб ао;60;20170713;100000;0.0916;0.0918;0.091;0.0916;105;0
УралСиб ао;60;20170713;110000;0.0916;0.0917;0.091;0.0917;51;0
УралСиб ао;60;20170713;120000;0.0919;0.0919;0.0918;0.0918;2;0
УралСиб ао;60;20170713;160000;0.0917;0.0917;0.0906;0.0906;138;0
УралСиб ао;60;20170713;170000;0.0909;0.0909;0.0905;0.0905;53;0
УралСиб ао;60;20170713;180000;0.0909;0.0909;0.0909;0.0909;2;0
УралСиб ао;60;20170714;100000;0.0903;0.0903;0.0903;0.0903;1;0
УралСиб ао;60;20170714;120000;0.0904;0.0905;0.0903;0.0903;6;0
УралСиб ао;60;20170714;130000;0.0902;0.0902;0.0901;0.0901;11;0
УралСиб ао;60;20170714;140000;0.0904;0.0905;0.0901;0.0904;10;0
УралСиб ао;60;20170714;150000;0.0906;0.0906;0.0906;0.0906;2;0
УралСиб ао;60;20170714;160000;0.0908;0.0908;0.0905;0.0905;5;0
УралСиб ао;60;20170714;170000;0.0904;0.0904;0.0904;0.0904;6;0
УралСиб ао;60;20170714;180000;0.0905;0.0908;0.0902;0.0908;8;0
УралСиб ао;60;20170717;110000;0.091;0.0911;0.091;0.0911;16;0
УралСиб ао;60;20170717;120000;0.0914;0.0925;0.0911;0.0911;128;0
УралСиб ао;60;20170717;150000;0.0923;0.0923;0.0923;0.0923;10;0
УралСиб ао;60;20170717;160000;0.0916;0.0919;0.0916;0.0919;8;0
УралСиб ао;60;20170717;170000;0.0919;0.0919;0.0917;0.0917;15;0
УралСиб ао;60;20170717;180000;0.0917;0.0917;0.0916;0.0916;25;0
УралСиб ао;60;20170718;100000;0.0917;0.0917;0.091;0.091;110;0
УралСиб ао;60;20170718;110000;0.0912;0.0912;0.09;0.09;92;0
УралСиб ао;60;20170718;120000;0.0901;0.0901;0.09;0.09;100;0
УралСиб ао;60;20170718;130000;0.0908;0.0911;0.0908;0.0911;52;0
УралСиб ао;60;20170718;140000;0.0911;0.0911;0.0911;0.0911;5;0
УралСиб ао;60;20170718;150000;0.0911;0.0911;0.0911;0.0911;2;0
УралСиб ао;60;20170718;160000;0.0911;0.0911;0.0911;0.0911;95;0
УралСиб ао;60;20170718;170000;0.0911;0.0912;0.0901;0.0912;175;0
УралСиб ао;60;20170718;180000;0.091;0.091;0.091;0.091;10;0
УралСиб ао;60;20170719;100000;0.0912;0.0914;0.09;0.09;59;0
УралСиб ао;60;20170719;110000;0.0911;0.0911;0.0911;0.0911;1;0
УралСиб ао;60;20170719;120000;0.0908;0.0908;0.0908;0.0908;1;0
УралСиб ао;60;20170719;130000;0.0907;0.0907;0.0888;0.0888;35;0
УралСиб ао;60;20170719;140000;0.0888;0.0892;0.0875;0.0889;106;0
УралСиб ао;60;20170719;150000;0.0886;0.0887;0.0886;0.0887;12;0
УралСиб ао;60;20170719;160000;0.0883;0.0886;0.088;0.088;18;0
УралСиб ао;60;20170719;170000;0.0881;0.0883;0.0881;0.0882;5;0
УралСиб ао;60;20170719;180000;0.0883;0.0884;0.0883;0.0884;5;0
УралСиб ао;60;20170720;100000;0.0886;0.089;0.088;0.089;47;0
УралСиб ао;60;20170720;110000;0.0891;0.0896;0.0886;0.0886;15;0
УралСиб ао;60;20170720;120000;0.0886;0.089;0.0884;0.0889;90;0
УралСиб ао;60;20170720;130000;0.0886;0.0886;0.0878;0.088;169;0
УралСиб ао;60;20170720;140000;0.0885;0.0886;0.087;0.0879;38;0
УралСиб ао;60;20170720;160000;0.0885;0.089;0.0885;0.089;30;0
УралСиб ао;60;20170720;170000;0.0889;0.0889;0.0889;0.0889;2;0
УралСиб ао;60;20170720;180000;0.0889;0.0889;0.0889;0.0889;1;0
УралСиб ао;60;20170721;100000;0.089;0.089;0.0888;0.089;25;0
УралСиб ао;60;20170721;120000;0.0888;0.0888;0.0888;0.0888;2;0
УралСиб ао;60;20170721;130000;0.0888;0.0888;0.0888;0.0888;4;0
УралСиб ао;60;20170721;170000;0.0889;0.0889;0.0889;0.0889;1;0
УралСиб ао;60;20170724;110000;0.0888;0.0888;0.0888;0.0888;1;0
УралСиб ао;60;20170724;120000;0.0888;0.0888;0.0888;0.0888;14;0
УралСиб ао;60;20170724;130000;0.0889;0.089;0.0889;0.089;16;0
УралСиб ао;60;20170724;160000;0.0887;0.0887;0.0886;0.0886;9;0
УралСиб ао;60;20170725;100000;0.0888;0.0888;0.0888;0.0888;10;0
УралСиб ао;60;20170725;110000;0.0881;0.0881;0.0862;0.0877;56;0
УралСиб ао;60;20170725;120000;0.0868;0.0871;0.0862;0.0863;16;0
УралСиб ао;60;20170725;130000;0.0868;0.0869;0.085;0.0867;60;0
УралСиб ао;60;20170725;140000;0.0867;0.0867;0.086;0.0862;9;0
УралСиб ао;60;20170725;150000;0.0865;0.087;0.0865;0.087;6;0
УралСиб ао;60;20170725;160000;0.087;0.087;0.084;0.0855;3431;0
УралСиб ао;60;20170725;170000;0.0846;0.0855;0.0845;0.0855;56;0
УралСиб ао;60;20170725;180000;0.0866;0.0874;0.085;0.0873;111;0
УралСиб ао;60;20170726;120000;0.0858;0.087;0.0848;0.087;145;0
УралСиб ао;60;20170726;130000;0.0868;0.0868;0.0868;0.0868;2;0
УралСиб ао;60;20170726;140000;0.0857;0.0857;0.0855;0.0855;21;0
УралСиб ао;60;20170726;150000;0.0855;0.0855;0.0854;0.0854;10;0
УралСиб ао;60;20170726;170000;0.0855;0.0874;0.085;0.0874;69;0
УралСиб ао;60;20170726;180000;0.0861;0.0861;0.085;0.086;27;0
УралСиб ао;60;20170727;100000;0.0859;0.0859;0.0847;0.0855;76;0
УралСиб ао;60;20170727;120000;0.0855;0.0855;0.0855;0.0855;2;0
УралСиб ао;60;20170727;130000;0.0856;0.0856;0.0851;0.0852;18;0
УралСиб ао;60;20170727;140000;0.085;0.0852;0.085;0.0852;50;0
УралСиб ао;60;20170727;160000;0.0857;0.086;0.0857;0.086;3;0
УралСиб ао;60;20170727;170000;0.0856;0.0856;0.0855;0.0855;3;0
УралСиб ао;60;20170727;180000;0.0852;0.0854;0.0847;0.0854;49;0
УралСиб ао;60;20170728;100000;0.0852;0.0856;0.0852;0.0856;10;0
УралСиб ао;60;20170728;110000;0.085;0.085;0.085;0.085;5;0
УралСиб ао;60;20170728;130000;0.0854;0.0854;0.0849;0.0849;8;0
УралСиб ао;60;20170728;160000;0.0849;0.0849;0.0849;0.0849;6;0
УралСиб ао;60;20170728;170000;0.085;0.085;0.0847;0.0847;25;0
УралСиб ао;60;20170728;180000;0.0847;0.0847;0.0839;0.0839;50;0
УралСиб ао;60;20170731;100000;0.0847;0.0847;0.0847;0.0847;8;0
УралСиб ао;60;20170731;130000;0.0843;0.0845;0.084;0.0845;15;0
УралСиб ао;60;20170731;150000;0.0846;0.0846;0.0846;0.0846;6;0
УралСиб ао;60;20170731;160000;0.0841;0.089;0.0841;0.0855;98;0
УралСиб ао;60;20170731;170000;0.086;0.086;0.086;0.086;1;0
УралСиб ао;60;20170731;180000;0.0856;0.086;0.0856;0.086;5;0
УралСиб ао;60;20170801;100000;0.0862;0.0862;0.0862;0.0862;1;0
УралСиб ао;60;20170801;110000;0.0862;0.0862;0.0862;0.0862;4;0
УралСиб ао;60;20170801;130000;0.0863;0.0864;0.0863;0.0864;16;0
УралСиб ао;60;20170801;140000;0.0864;0.0864;0.0863;0.0863;73;0
УралСиб ао;60;20170801;170000;0.0863;0.0863;0.0863;0.0863;2;0
УралСиб ао;60;20170801;180000;0.0861;0.0863;0.086;0.0863;13;0
УралСиб ао;60;20170802;110000;0.0864;0.0877;0.0863;0.0877;9;0
УралСиб ао;60;20170802;130000;0.0876;0.0877;0.0876;0.0877;9;0
УралСиб ао;60;20170802;140000;0.087;0.0879;0.0866;0.0867;18;0
УралСиб ао;60;20170802;150000;0.0867;0.0877;0.0864;0.0874;12;0
УралСиб ао;60;20170802;160000;0.0874;0.088;0.0874;0.088;16;0
УралСиб ао;60;20170802;170000;0.0881;0.0881;0.0881;0.0881;1;0
УралСиб ао;60;20170803;100000;0.0937;0.0937;0.0876;0.0883;7;0
УралСиб ао;60;20170803;110000;0.0877;0.0877;0.0877;0.0877;1;0
УралСиб ао;60;20170803;120000;0.0876;0.0884;0.0876;0.088;10;0
УралСиб ао;60;20170803;130000;0.088;0.088;0.088;0.088;4;0
УралСиб ао;60;20170803;150000;0.0875;0.088;0.0874;0.088;7;0
УралСиб ао;60;20170803;170000;0.0873;0.0873;0.0873;0.0873;4;0
УралСиб ао;60;20170803;180000;0.0872;0.088;0.0871;0.088;8;0
УралСиб ао;60;20170804;100000;0.087;0.0877;0.086;0.0862;43;0
УралСиб ао;60;20170804;110000;0.0861;0.0861;0.0861;0.0861;1;0
УралСиб ао;60;20170804;120000;0.0865;0.0865;0.0865;0.0865;6;0
УралСиб ао;60;20170804;180000;0.0875;0.0877;0.0875;0.0877;2;0
УралСиб ао;60;20170807;100000;0.0883;0.0887;0.0879;0.0884;35;0
УралСиб ао;60;20170807;110000;0.0884;0.0894;0.0884;0.0894;58;0
УралСиб ао;60;20170807;120000;0.0881;0.0881;0.0879;0.0881;6;0
УралСиб ао;60;20170807;150000;0.0889;0.0914;0.0885;0.0891;137;0
УралСиб ао;60;20170807;160000;0.0884;0.0894;0.0831;0.0877;221;0
УралСиб ао;60;20170807;170000;0.088;0.0889;0.088;0.0886;16;0
УралСиб ао;60;20170807;180000;0.0885;0.093;0.088;0.0912;432;0
УралСиб ао;60;20170808;100000;0.091;0.0943;0.091;0.0925;465;0
УралСиб ао;60;20170808;110000;0.0923;0.0923;0.0917;0.092;65;0
УралСиб ао;60;20170808;120000;0.092;0.092;0.0917;0.0918;25;0
УралСиб ао;60;20170808;130000;0.0922;0.0922;0.091;0.091;51;0
УралСиб ао;60;20170808;140000;0.0911;0.0918;0.0911;0.0913;6;0
УралСиб ао;60;20170808;150000;0.0911;0.0911;0.0911;0.0911;2;0
УралСиб ао;60;20170808;160000;0.091;0.091;0.0906;0.0907;21;0
УралСиб ао;60;20170808;180000;0.0907;0.0922;0.0897;0.0897;145;0
УралСиб ао;60;20170809;100000;0.0908;0.092;0.0898;0.0898;2512;0
УралСиб ао;60;20170809;110000;0.091;0.091;0.0898;0.09;10;0
УралСиб ао;60;20170809;120000;0.09;0.09;0.09;0.09;1;0
УралСиб ао;60;20170809;130000;0.0901;0.0905;0.0874;0.0876;291;0
УралСиб ао;60;20170809;140000;0.0877;0.0877;0.0877;0.0877;10;0
УралСиб ао;60;20170809;160000;0.0886;0.0886;0.0886;0.0886;4;0
УралСиб ао;60;20170809;180000;0.088;0.0899;0.0877;0.0899;350;0
УралСиб ао;60;20170810;120000;0.0891;0.0891;0.0891;0.0891;1;0
УралСиб ао;60;20170810;130000;0.0891;0.0891;0.0891;0.0891;6;0
УралСиб ао;60;20170810;150000;0.0895;0.0895;0.0895;0.0895;1;0
УралСиб ао;60;20170810;180000;0.089;0.089;0.0888;0.089;7;0
УралСиб ао;60;20170811;110000;0.0893;0.0893;0.0893;0.0893;5;0
УралСиб ао;60;20170811;120000;0.0883;0.0887;0.0883;0.0887;4;0
УралСиб ао;60;20170811;150000;0.0882;0.089;0.0882;0.089;18;0
УралСиб ао;60;20170811;160000;0.089;0.089;0.089;0.089;65;0
УралСиб ао;60;20170811;170000;0.089;0.089;0.089;0.089;10;0
УралСиб ао;60;20170811;180000;0.089;0.089;0.089;0.089;10;0
УралСиб ао;60;20170814;120000;0.0881;0.0881;0.0881;0.0881;6;0
УралСиб ао;60;20170814;130000;0.088;0.0884;0.0875;0.0883;12;0
УралСиб ао;60;20170814;140000;0.0882;0.0882;0.0878;0.0878;10;0
УралСиб ао;60;20170814;150000;0.088;0.088;0.088;0.088;1;0
УралСиб ао;60;20170814;160000;0.0879;0.0879;0.0879;0.0879;1;0
УралСиб ао;60;20170814;180000;0.0879;0.0879;0.0876;0.0876;11;0
УралСиб ао;60;20170815;110000;0.0888;0.0888;0.088;0.0881;9;0
УралСиб ао;60;20170815;120000;0.0886;0.0886;0.088;0.088;5;0
УралСиб ао;60;20170815;130000;0.0876;0.0876;0.0876;0.0876;6;0
УралСиб ао;60;20170815;160000;0.0877;0.0877;0.0877;0.0877;1;0
УралСиб ао;60;20170815;170000;0.0876;0.088;0.0875;0.088;3;0
УралСиб ао;60;20170815;180000;0.0875;0.0875;0.0868;0.0868;20;0
УралСиб ао;60;20170816;120000;0.0876;0.0876;0.0876;0.0876;1;0
УралСиб ао;60;20170816;130000;0.0876;0.0876;0.0876;0.0876;3;0
УралСиб ао;60;20170816;170000;0.0872;0.0872;0.0872;0.0872;1;0
УралСиб ао;60;20170816;180000;0.0872;0.0872;0.0872;0.0872;1;0
УралСиб ао;60;20170817;100000;0.0877;0.0898;0.0877;0.0898;14;0
УралСиб ао;60;20170817;110000;0.088;0.0891;0.0872;0.0891;4;0
УралСиб ао;60;20170818;090000;0.0884;0.0884;0.0884;0.0884;6;0
УралСиб ао;60;20170818;100000;0.0884;0.0889;0.0884;0.0889;14;0
УралСиб ао;60;20170818;120000;0.0881;0.0885;0.0879;0.0885;7;0
УралСиб ао;60;20170818;130000;0.0876;0.0889;0.0876;0.0889;15;0
УралСиб ао;60;20170818;150000;0.088;0.088;0.0701;0.0865;243;0
УралСиб ао;60;20170818;160000;0.0865;0.0865;0.086;0.0862;13;0
УралСиб ао;60;20170818;170000;0.086;0.086;0.0851;0.0851;42;0
УралСиб ао;60;20170818;180000;0.085;0.085;0.084;0.0848;68;0
УралСиб ао;60;20170821;100000;0.0854;0.0854;0.0854;0.0854;2;0
УралСиб ао;60;20170821;110000;0.0855;0.0857;0.0855;0.0857;2;0
УралСиб ао;60;20170821;130000;0.0863;0.0873;0.0863;0.0873;16;0
УралСиб ао;60;20170821;140000;0.0874;0.0884;0.0874;0.0884;20;0
УралСиб ао;60;20170821;150000;0.0862;0.0862;0.0862;0.0862;2;0
УралСиб ао;60;20170821;170000;0.0864;0.0864;0.0864;0.0864;1;0
УралСиб ао;60;20170821;180000;0.0864;0.0875;0.0863;0.0863;5;0
УралСиб ао;60;20170822;130000;0.0863;0.0863;0.0858;0.0858;30;0
УралСиб ао;60;20170822;160000;0.0856;0.0856;0.0847;0.0853;116;0
УралСиб ао;60;20170822;170000;0.0856;0.0856;0.0856;0.0856;1;0
УралСиб ао;60;20170823;110000;0.0867;0.0867;0.0867;0.0867;4;0
УралСиб ао;60;20170823;120000;0.0867;0.0867;0.0867;0.0867;1;0
УралСиб ао;60;20170823;140000;0.0866;0.0866;0.0866;0.0866;1;0
УралСиб ао;60;20170823;160000;0.0855;0.0855;0.085;0.085;8;0
УралСиб ао;60;20170823;170000;0.085;0.085;0.0841;0.0841;36;0
УралСиб ао;60;20170823;180000;0.085;0.085;0.085;0.085;4;0
УралСиб ао;60;20170824;100000;0.0866;0.0866;0.0866;0.0866;1;0
УралСиб ао;60;20170824;110000;0.0866;0.0866;0.0866;0.0866;10;0
УралСиб ао;60;20170824;130000;0.0864;0.0864;0.0864;0.0864;1;0
УралСиб ао;60;20170824;150000;0.0851;0.0851;0.0845;0.0845;7;0
УралСиб ао;60;20170824;160000;0.0847;0.0847;0.0841;0.0841;4;0
УралСиб ао;60;20170824;170000;0.0857;0.0858;0.0857;0.0858;5;0
УралСиб ао;60;20170825;100000;0.0855;0.0856;0.0855;0.0855;14;0
УралСиб ао;60;20170825;110000;0.086;0.086;0.086;0.086;1;0
УралСиб ао;60;20170825;120000;0.086;0.086;0.086;0.086;2;0
УралСиб ао;60;20170825;130000;0.0853;0.0853;0.0837;0.0851;68;0
УралСиб ао;60;20170825;140000;0.0852;0.0857;0.0852;0.0857;11;0
УралСиб ао;60;20170825;150000;0.0851;0.0858;0.0851;0.0858;2;0
УралСиб ао;60;20170825;170000;0.0853;0.0853;0.085;0.085;15;0
УралСиб ао;60;20170825;180000;0.0848;0.0855;0.0842;0.0855;71;0
УралСиб ао;60;20170828;100000;0.0846;0.0857;0.0845;0.0846;10;0
УралСиб ао;60;20170828;110000;0.0863;0.0863;0.0863;0.0863;1;0
УралСиб ао;60;20170828;170000;0.0852;0.0859;0.0852;0.0859;5;0
УралСиб ао;60;20170828;180000;0.0855;0.0861;0.0855;0.0861;3;0
УралСиб ао;60;20170829;100000;0.0866;0.0866;0.0852;0.0852;6;0
УралСиб ао;60;20170829;110000;0.0861;0.0861;0.0851;0.086;18;0
УралСиб ао;60;20170829;130000;0.0853;0.086;0.085;0.0851;21;0
УралСиб ао;60;20170829;140000;0.0858;0.0865;0.0858;0.0865;9;0
УралСиб ао;60;20170829;150000;0.086;0.086;0.0854;0.0854;10;0
УралСиб ао;60;20170829;160000;0.0855;0.0855;0.085;0.085;75;0
УралСиб ао;60;20170829;170000;0.0859;0.0859;0.0859;0.0859;1;0
УралСиб ао;60;20170830;100000;0.0857;0.0857;0.085;0.085;5;0
УралСиб ао;60;20170830;110000;0.0852;0.0853;0.0852;0.0853;10;0
УралСиб ао;60;20170830;120000;0.0853;0.0853;0.0853;0.0853;1;0
УралСиб ао;60;20170830;130000;0.0847;0.0869;0.0846;0.0869;15;0
УралСиб ао;60;20170830;140000;0.0853;0.0853;0.0831;0.085;58;0
УралСиб ао;60;20170830;150000;0.085;0.0852;0.085;0.0852;11;0
УралСиб ао;60;20170830;170000;0.0863;0.0863;0.0863;0.0863;1;0
УралСиб ао;60;20170830;180000;0.085;0.0859;0.085;0.0859;15;0
УралСиб ао;60;20170831;100000;0.0857;0.0857;0.0857;0.0857;2;0
УралСиб ао;60;20170831;110000;0.0857;0.086;0.0857;0.086;22;0
УралСиб ао;60;20170831;120000;0.0851;0.0851;0.0849;0.0849;10;0
УралСиб ао;60;20170831;130000;0.0852;0.0855;0.0851;0.0855;40;0
УралСиб ао;60;20170831;140000;0.085;0.0851;0.085;0.0851;21;0
УралСиб ао;60;20170831;150000;0.0854;0.0854;0.0853;0.0854;41;0
УралСиб ао;60;20170831;160000;0.0854;0.0855;0.0854;0.0855;46;0
УралСиб ао;60;20170831;170000;0.0855;0.0855;0.0855;0.0855;9;0
УралСиб ао;60;20170831;180000;0.0851;0.0851;0.085;0.085;20;0
УралСиб ао;60;20170901;100000;0.0849;0.0849;0.0849;0.0849;2;0
УралСиб ао;60;20170901;120000;0.085;0.085;0.085;0.085;2;0
УралСиб ао;60;20170901;160000;0.0849;0.0849;0.0848;0.0848;8;0
УралСиб ао;60;20170901;170000;0.0853;0.0853;0.0853;0.0853;2;0
УралСиб ао;60;20170901;180000;0.0848;0.0854;0.0848;0.0854;6;0
УралСиб ао;60;20170904;100000;0.085;0.085;0.085;0.085;2;0
УралСиб ао;60;20170904;110000;0.085;0.085;0.0846;0.0846;11;0
УралСиб ао;60;20170904;120000;0.0847;0.0857;0.0847;0.0857;12;0
УралСиб ао;60;20170904;140000;0.0857;0.0857;0.0849;0.0856;29;0
УралСиб ао;60;20170904;150000;0.0856;0.0856;0.0856;0.0856;15;0
УралСиб ао;60;20170904;160000;0.0856;0.0856;0.0856;0.0856;1;0
УралСиб ао;60;20170904;170000;0.0847;0.0847;0.0847;0.0847;5;0
УралСиб ао;60;20170904;180000;0.0853;0.0853;0.0853;0.0853;1;0
УралСиб ао;60;20170905;120000;0.085;0.085;0.083;0.0839;79;0
УралСиб ао;60;20170905;130000;0.084;0.0849;0.0836;0.0846;16;0
УралСиб ао;60;20170905;160000;0.0841;0.0841;0.084;0.084;7;0
УралСиб ао;60;20170905;170000;0.0844;0.0848;0.0844;0.0848;6;0
УралСиб ао;60;20170905;180000;0.084;0.0845;0.0832;0.0845;28;0
УралСиб ао;60;20170906;100000;0.0846;0.0846;0.0845;0.0845;4;0
УралСиб ао;60;20170906;120000;0.0839;0.0839;0.0839;0.0839;4;0
УралСиб ао;60;20170906;130000;0.084;0.084;0.084;0.084;1;0
УралСиб ао;60;20170906;140000;0.084;0.084;0.084;0.084;1;0
УралСиб ао;60;20170906;150000;0.0844;0.0844;0.0844;0.0844;2;0
УралСиб ао;60;20170906;160000;0.0843;0.0848;0.0832;0.0848;63;0
УралСиб ао;60;20170906;170000;0.0848;0.085;0.0848;0.085;41;0
УралСиб ао;60;20170906;180000;0.0851;0.0851;0.0841;0.0851;3;0
УралСиб ао;60;20170907;110000;0.0841;0.0848;0.0835;0.0835;36;0
УралСиб ао;60;20170907;120000;0.0836;0.0843;0.0836;0.0843;23;0
УралСиб ао;60;20170907;130000;0.084;0.084;0.084;0.084;10;0
УралСиб ао;60;20170907;140000;0.0844;0.0845;0.0839;0.0839;17;0
УралСиб ао;60;20170907;160000;0.084;0.0846;0.0837;0.0842;38;0
УралСиб ао;60;20170907;170000;0.0843;0.0843;0.0843;0.0843;4;0
УралСиб ао;60;20170907;180000;0.084;0.0841;0.0833;0.0841;38;0
УралСиб ао;60;20170908;100000;0.0841;0.0841;0.0838;0.0838;6;0
УралСиб ао;60;20170908;110000;0.0838;0.0852;0.0838;0.0852;222;0
УралСиб ао;60;20170908;120000;0.0845;0.0845;0.0835;0.0835;11;0
УралСиб ао;60;20170908;130000;0.0847;0.0847;0.0847;0.0847;2;0
УралСиб ао;60;20170908;140000;0.0848;0.0849;0.0836;0.0849;53;0
УралСиб ао;60;20170908;150000;0.0849;0.085;0.0849;0.085;9;0
УралСиб ао;60;20170908;160000;0.0845;0.0845;0.0845;0.0845;1;0
УралСиб ао;60;20170908;170000;0.0845;0.0845;0.0845;0.0845;1;0
УралСиб ао;60;20170908;180000;0.0845;0.0846;0.0838;0.0846;6;0
УралСиб ао;60;20170911;100000;0.0852;0.089;0.0835;0.0865;124;0
УралСиб ао;60;20170911;110000;0.0856;0.0856;0.085;0.085;14;0
УралСиб ао;60;20170911;120000;0.0848;0.0851;0.0848;0.085;11;0
УралСиб ао;60;20170911;130000;0.0854;0.0854;0.0854;0.0854;1;0
УралСиб ао;60;20170911;140000;0.0849;0.0855;0.0849;0.085;3;0
УралСиб ао;60;20170911;150000;0.0849;0.0849;0.0849;0.0849;40;0
УралСиб ао;60;20170911;170000;0.0852;0.0862;0.0852;0.086;410;0
УралСиб ао;60;20170911;180000;0.0856;0.0868;0.0855;0.086;116;0
УралСиб ао;60;20170912;090000;0.09;0.09;0.09;0.09;3;0
УралСиб ао;60;20170912;100000;0.0865;0.0888;0.0862;0.0865;60;0
УралСиб ао;60;20170912;110000;0.0863;0.0866;0.086;0.086;97;0
УралСиб ао;60;20170912;120000;0.086;0.0863;0.086;0.086;647;0
УралСиб ао;60;20170912;130000;0.086;0.086;0.0855;0.0856;193;0
УралСиб ао;60;20170912;140000;0.0858;0.0863;0.0857;0.0857;16;0
УралСиб ао;60;20170912;150000;0.086;0.086;0.086;0.086;1;0
УралСиб ао;60;20170912;160000;0.086;0.0864;0.086;0.0864;16;0
УралСиб ао;60;20170912;170000;0.0865;0.0872;0.0861;0.087;1671;0
УралСиб ао;60;20170912;180000;0.087;0.0874;0.087;0.0873;170;0
УралСиб ао;60;20170913;100000;0.087;0.0872;0.087;0.0872;12;0
УралСиб ао;60;20170913;110000;0.087;0.0872;0.0865;0.0872;45;0
УралСиб ао;60;20170913;120000;0.0866;0.0866;0.0864;0.0864;10;0
УралСиб ао;60;20170913;130000;0.0872;0.0873;0.0872;0.0873;6;0
УралСиб ао;60;20170913;150000;0.0866;0.0866;0.0866;0.0866;2;0
УралСиб ао;60;20170913;170000;0.0867;0.0872;0.0864;0.0872;28;0
УралСиб ао;60;20170913;180000;0.0872;0.0873;0.0864;0.0872;24;0
УралСиб ао;60;20170914;110000;0.087;0.087;0.087;0.087;1;0
УралСиб ао;60;20170914;120000;0.087;0.087;0.087;0.087;2;0
УралСиб ао;60;20170914;140000;0.0864;0.0864;0.0859;0.0859;20;0
УралСиб ао;60;20170914;160000;0.0869;0.0869;0.0869;0.0869;3;0
УралСиб ао;60;20170914;170000;0.0863;0.0869;0.0863;0.0869;2;0
УралСиб ао;60;20170914;180000;0.0863;0.0869;0.0863;0.0869;5;0
УралСиб ао;60;20170915;100000;0.087;0.087;0.0854;0.0864;18;0
УралСиб ао;60;20170915;110000;0.0863;0.0864;0.0863;0.0864;5;0
УралСиб ао;60;20170915;140000;0.0864;0.0864;0.0864;0.0864;1;0
УралСиб ао;60;20170915;160000;0.0869;0.0869;0.0869;0.0869;10;0
УралСиб ао;60;20170915;170000;0.0864;0.0869;0.0864;0.0869;2;0
УралСиб ао;60;20170915;180000;0.0869;0.0869;0.0864;0.0869;3;0
УралСиб ао;60;20170918;100000;0.0859;0.0865;0.0859;0.0865;18;0
УралСиб ао;60;20170918;110000;0.0865;0.0868;0.0865;0.0868;170;0
УралСиб ао;60;20170918;120000;0.0865;0.0866;0.0865;0.0866;12;0
УралСиб ао;60;20170918;150000;0.0867;0.0867;0.0861;0.0861;16;0
УралСиб ао;60;20170918;160000;0.0867;0.0876;0.0867;0.0867;77;0
УралСиб ао;60;20170918;170000;0.0868;0.0868;0.0868;0.0868;6;0
УралСиб ао;60;20170918;180000;0.0868;0.0868;0.0868;0.0868;1;0
УралСиб ао;60;20170919;100000;0.0866;0.0869;0.0866;0.0869;7;0
УралСиб ао;60;20170919;120000;0.0869;0.09;0.0869;0.0877;293;0
УралСиб ао;60;20170919;130000;0.0877;0.0877;0.087;0.087;44;0
УралСиб ао;60;20170919;140000;0.087;0.0872;0.0869;0.0872;7;0
УралСиб ао;60;20170919;160000;0.0869;0.0869;0.0869;0.0869;1;0
УралСиб ао;60;20170919;170000;0.0872;0.0873;0.0869;0.0872;20;0
УралСиб ао;60;20170920;100000;0.0869;0.0872;0.0869;0.0872;16;0
УралСиб ао;60;20170920;110000;0.0872;0.0872;0.0872;0.0872;3;0
УралСиб ао;60;20170920;120000;0.087;0.087;0.087;0.087;4;0
УралСиб ао;60;20170920;130000;0.0869;0.087;0.0869;0.0869;7;0
УралСиб ао;60;20170920;150000;0.087;0.087;0.0868;0.0868;4;0
УралСиб ао;60;20170920;160000;0.0869;0.0869;0.0869;0.0869;3;0
УралСиб ао;60;20170920;170000;0.087;0.0871;0.087;0.0871;4;0
УралСиб ао;60;20170920;180000;0.0871;0.0897;0.0864;0.089;217;0
УралСиб ао;60;20170921;100000;0.0873;0.0882;0.0872;0.0881;41;0
УралСиб ао;60;20170921;110000;0.0875;0.0878;0.0874;0.0876;6;0
УралСиб ао;60;20170921;120000;0.0878;0.0878;0.0877;0.0877;4;0
УралСиб ао;60;20170921;130000;0.0878;0.0878;0.0877;0.0877;6;0
УралСиб ао;60;20170921;140000;0.0878;0.0883;0.0878;0.0883;39;0
УралСиб ао;60;20170921;150000;0.0883;0.0884;0.0883;0.0884;12;0
УралСиб ао;60;20170921;160000;0.0884;0.0884;0.0882;0.0883;13;0
УралСиб ао;60;20170921;170000;0.0883;0.0885;0.088;0.0885;30;0
УралСиб ао;60;20170921;180000;0.0886;0.0889;0.0883;0.0885;54;0
УралСиб ао;60;20170922;100000;0.0882;0.0882;0.0882;0.0882;4;0
УралСиб ао;60;20170922;110000;0.0883;0.0884;0.0882;0.0882;13;0
УралСиб ао;60;20170922;120000;0.0883;0.0883;0.0882;0.0882;2;0
УралСиб ао;60;20170922;130000;0.0881;0.0881;0.0881;0.0881;1;0
УралСиб ао;60;20170922;150000;0.0881;0.0882;0.0881;0.0882;3;0
УралСиб ао;60;20170922;160000;0.0882;0.0882;0.0881;0.0881;3;0
УралСиб ао;60;20170922;170000;0.0882;0.0888;0.0882;0.0888;6;0
УралСиб ао;60;20170922;180000;0.0888;0.0888;0.0888;0.0888;3;0
УралСиб ао;60;20170925;100000;0.0885;0.0887;0.0885;0.0886;8;0
УралСиб ао;60;20170925;110000;0.0888;0.0889;0.0888;0.0889;3;0
УралСиб ао;60;20170925;120000;0.089;0.0891;0.087;0.087;345;0
УралСиб ао;60;20170925;130000;0.088;0.088;0.088;0.088;11;0
УралСиб ао;60;20170925;150000;0.0885;0.0894;0.0885;0.0894;414;0
УралСиб ао;60;20170925;160000;0.089;0.089;0.089;0.089;10;0
УралСиб ао;60;20170925;170000;0.0891;0.0891;0.0885;0.089;326;0
УралСиб ао;60;20170925;180000;0.089;0.089;0.0885;0.089;48;0
УралСиб ао;60;20170926;090000;0.0886;0.0886;0.0886;0.0886;1;0
УралСиб ао;60;20170926;100000;0.0888;0.0888;0.0885;0.0885;62;0
УралСиб ао;60;20170926;110000;0.0886;0.0888;0.0885;0.0885;59;0
УралСиб ао;60;20170926;120000;0.0884;0.0884;0.0883;0.0883;2;0
УралСиб ао;60;20170926;170000;0.0882;0.0883;0.088;0.0882;83;0
УралСиб ао;60;20170926;180000;0.0883;0.0885;0.0883;0.0885;37;0
УралСиб ао;60;20170927;100000;0.0889;0.0889;0.0889;0.0889;8;0
УралСиб ао;60;20170927;110000;0.0888;0.0889;0.0888;0.0889;2;0
УралСиб ао;60;20170927;120000;0.0889;0.089;0.0885;0.0885;11;0
УралСиб ао;60;20170927;130000;0.0881;0.0881;0.0881;0.0881;10;0
УралСиб ао;60;20170927;150000;0.088;0.088;0.088;0.088;2;0
УралСиб ао;60;20170927;160000;0.0883;0.0883;0.0881;0.0881;6;0
УралСиб ао;60;20170927;170000;0.0885;0.0885;0.0879;0.0879;3;0
УралСиб ао;60;20170927;180000;0.088;0.0885;0.088;0.0885;2;0
УралСиб ао;60;20170928;110000;0.0881;0.0881;0.088;0.0881;301;0
УралСиб ао;60;20170928;120000;0.0884;0.0884;0.0884;0.0884;1;0
УралСиб ао;60;20170928;150000;0.0884;0.0884;0.0884;0.0884;1;0
УралСиб ао;60;20170928;160000;0.0882;0.0883;0.0882;0.0883;300;0
УралСиб ао;60;20170928;180000;0.0884;0.0884;0.0884;0.0884;4;0
УралСиб ао;60;20170929;110000;0.0882;0.0882;0.0862;0.0871;68;0
УралСиб ао;60;20170929;120000;0.0867;0.0874;0.0851;0.0857;166;0
УралСиб ао;60;20170929;130000;0.087;0.0871;0.086;0.0862;37;0
УралСиб ао;60;20170929;140000;0.087;0.087;0.087;0.087;2;0
УралСиб ао;60;20170929;160000;0.0863;0.0863;0.0863;0.0863;4;0
УралСиб ао;60;20170929;180000;0.087;0.087;0.0863;0.087;8;0
УралСиб ао;60;20171002;100000;0.087;0.087;0.087;0.087;3;0
УралСиб ао;60;20171002;110000;0.0861;0.0861;0.0861;0.0861;4;0
УралСиб ао;60;20171002;120000;0.0862;0.087;0.0862;0.087;12;0
УралСиб ао;60;20171002;150000;0.0864;0.087;0.0864;0.0869;11;0
УралСиб ао;60;20171002;170000;0.087;0.087;0.087;0.087;4;0
УралСиб ао;60;20171002;180000;0.0863;0.087;0.0862;0.087;3;0
УралСиб ао;60;20171003;110000;0.0861;0.0861;0.0858;0.0858;8;0
УралСиб ао;60;20171003;120000;0.0861;0.0861;0.0861;0.0861;3;0
УралСиб ао;60;20171003;170000;0.0863;0.0864;0.086;0.0864;30;0
УралСиб ао;60;20171003;180000;0.0864;0.0865;0.086;0.0864;14;0
УралСиб ао;60;20171004;110000;0.0859;0.086;0.0851;0.0857;128;0
УралСиб ао;60;20171004;120000;0.0859;0.086;0.0859;0.086;16;0
УралСиб ао;60;20171004;150000;0.0859;0.0859;0.0859;0.0859;1;0
УралСиб ао;60;20171004;160000;0.0859;0.0859;0.0859;0.0859;1;0
УралСиб ао;60;20171004;180000;0.0859;0.0859;0.0859;0.0859;1;0
УралСиб ао;60;20171005;100000;0.086;0.086;0.086;0.086;3;0
УралСиб ао;60;20171005;110000;0.0859;0.0859;0.0853;0.0853;15;0
УралСиб ао;60;20171005;130000;0.0859;0.086;0.0859;0.086;209;0
УралСиб ао;60;20171005;140000;0.086;0.086;0.086;0.086;1495;0
УралСиб ао;60;20171005;150000;0.0855;0.0855;0.0855;0.0855;2;0
УралСиб ао;60;20171005;160000;0.0855;0.0855;0.0855;0.0855;6;0
УралСиб ао;60;20171005;170000;0.0854;0.086;0.085;0.0856;7628;0
УралСиб ао;60;20171005;180000;0.0859;0.0859;0.0856;0.0856;6;0
УралСиб ао;60;20171006;100000;0.0855;0.0857;0.0855;0.0857;21;0
УралСиб ао;60;20171006;110000;0.0856;0.0856;0.0856;0.0856;6;0
УралСиб ао;60;20171006;150000;0.0854;0.0854;0.0854;0.0854;3;0
УралСиб ао;60;20171006;160000;0.0856;0.0857;0.0856;0.0857;450;0
УралСиб ао;60;20171006;170000;0.0857;0.0857;0.0857;0.0857;3;0
УралСиб ао;60;20171006;180000;0.0856;0.0857;0.0853;0.0856;31;0
УралСиб ао;60;20171009;100000;0.0805;0.0855;0.0805;0.0853;100;0
УралСиб ао;60;20171009;110000;0.0854;0.0854;0.0852;0.0852;4;0
УралСиб ао;60;20171009;120000;0.085;0.085;0.0848;0.0848;5;0
УралСиб ао;60;20171009;140000;0.0853;0.0853;0.0853;0.0853;3;0
УралСиб ао;60;20171009;150000;0.0851;0.0851;0.0843;0.0846;50;0
УралСиб ао;60;20171009;170000;0.0851;0.0851;0.0846;0.0851;23;0
УралСиб ао;60;20171009;180000;0.0851;0.0853;0.0847;0.0852;21;0
УралСиб ао;60;20171010;100000;0.0854;0.086;0.0851;0.0852;23;0
УралСиб ао;60;20171010;110000;0.0852;0.0852;0.0839;0.0842;49;0
УралСиб ао;60;20171010;120000;0.0847;0.0849;0.0842;0.0842;115;0
УралСиб ао;60;20171010;140000;0.0847;0.0847;0.0847;0.0847;3;0
УралСиб ао;60;20171010;170000;0.0848;0.0848;0.0848;0.0848;1;0
УралСиб ао;60;20171010;180000;0.0845;0.0849;0.0844;0.0849;6;0
УралСиб ао;60;20171011;100000;0.0849;0.085;0.0849;0.0849;7;0
УралСиб ао;60;20171011;110000;0.085;0.0852;0.085;0.0852;135;0
УралСиб ао;60;20171011;140000;0.0852;0.0852;0.0852;0.0852;1;0
УралСиб ао;60;20171011;150000;0.0852;0.0852;0.0852;0.0852;14;0
УралСиб ао;60;20171011;160000;0.0853;0.0853;0.0853;0.0853;4;0
УралСиб ао;60;20171011;170000;0.0853;0.0853;0.0851;0.0851;75;0
УралСиб ао;60;20171011;180000;0.0853;0.0853;0.0852;0.0852;13;0
УралСиб ао;60;20171012;100000;0.0852;0.0852;0.0851;0.0851;2;0
УралСиб ао;60;20171012;120000;0.0853;0.0853;0.0853;0.0853;6;0
УралСиб ао;60;20171012;130000;0.0852;0.0852;0.0851;0.0851;4;0
УралСиб ао;60;20171012;150000;0.0853;0.0859;0.0853;0.0859;370;0
УралСиб ао;60;20171012;160000;0.0856;0.0856;0.0855;0.0855;2;0
УралСиб ао;60;20171012;170000;0.0858;0.0859;0.0855;0.0855;503;0
УралСиб ао;60;20171012;180000;0.0859;0.0861;0.0859;0.0861;2;0
УралСиб ао;60;20171013;100000;0.0859;0.0859;0.0855;0.0859;702;0
УралСиб ао;60;20171013;110000;0.0859;0.0859;0.0856;0.0856;30;0
УралСиб ао;60;20171013;120000;0.0856;0.0856;0.0856;0.0856;4;0
УралСиб ао;60;20171013;130000;0.0857;0.0857;0.0855;0.0855;608;0
УралСиб ао;60;20171013;150000;0.0859;0.0859;0.0855;0.0855;1768;0
УралСиб ао;60;20171013;160000;0.0856;0.0859;0.0855;0.0859;145;0
УралСиб ао;60;20171013;170000;0.0859;0.0859;0.0859;0.0859;1;0
УралСиб ао;60;20171013;180000;0.0859;0.0859;0.0857;0.0857;205;0
УралСиб ао;60;20171016;100000;0.0853;0.0866;0.0853;0.0859;1169;0
УралСиб ао;60;20171016;110000;0.0859;0.0859;0.0855;0.0859;2225;0
УралСиб ао;60;20171016;120000;0.0858;0.0859;0.0858;0.0858;37;0
УралСиб ао;60;20171016;130000;0.0859;0.0859;0.0858;0.0858;225;0
УралСиб ао;60;20171016;140000;0.0858;0.0859;0.0858;0.0859;435;0
УралСиб ао;60;20171016;150000;0.0859;0.0859;0.0858;0.0859;202;0
УралСиб ао;60;20171016;160000;0.0859;0.0862;0.0859;0.0862;113;0
УралСиб ао;60;20171016;170000;0.0859;0.0859;0.0855;0.0859;391;0
УралСиб ао;60;20171016;180000;0.0855;0.086;0.0855;0.086;51;0
УралСиб ао;60;20171017;100000;0.0856;0.0857;0.085;0.0857;31;0
УралСиб ао;60;20171017;110000;0.0854;0.0854;0.0854;0.0854;2;0
УралСиб ао;60;20171017;120000;0.0854;0.0859;0.085;0.0859;1375;0
УралСиб ао;60;20171017;130000;0.0855;0.0855;0.0855;0.0855;2;0
УралСиб ао;60;20171017;140000;0.0857;0.0857;0.0857;0.0857;1;0
УралСиб ао;60;20171017;160000;0.0858;0.0859;0.0858;0.0859;10;0
УралСиб ао;60;20171017;170000;0.0857;0.0857;0.0856;0.0857;2116;0
УралСиб ао;60;20171018;110000;0.0853;0.0855;0.0851;0.0852;32;0
УралСиб ао;60;20171018;120000;0.0856;0.0858;0.0856;0.0858;108;0
УралСиб ао;60;20171018;130000;0.0854;0.0854;0.0851;0.0851;10;0
УралСиб ао;60;20171018;140000;0.0852;0.0852;0.0852;0.0852;2;0
УралСиб ао;60;20171018;150000;0.0855;0.0856;0.0855;0.0856;7;0
УралСиб ао;60;20171018;170000;0.0853;0.0858;0.0853;0.0858;53;0
УралСиб ао;60;20171018;180000;0.0857;0.0858;0.0856;0.0858;4;0
УралСиб ао;60;20171019;100000;0.0855;0.0855;0.0855;0.0855;1;0
УралСиб ао;60;20171019;120000;0.0855;0.0855;0.0855;0.0855;9;0
УралСиб ао;60;20171019;180000;0.0855;0.0855;0.0855;0.0855;1;0
УралСиб ао;60;20171020;110000;0.0857;0.0857;0.085;0.085;11;0
УралСиб ао;60;20171020;120000;0.0851;0.0851;0.085;0.085;99;0
УралСиб ао;60;20171020;130000;0.085;0.085;0.0845;0.0849;23;0
УралСиб ао;60;20171020;140000;0.0846;0.0846;0.0845;0.0845;4;0
УралСиб ао;60;20171020;150000;0.0849;0.0849;0.0849;0.0849;5;0
УралСиб ао;60;20171020;160000;0.0846;0.0846;0.0845;0.0845;10;0
УралСиб ао;60;20171020;170000;0.0846;0.085;0.0845;0.0845;78;0
УралСиб ао;60;20171020;180000;0.0846;0.0849;0.0845;0.0845;71;0
УралСиб ао;60;20171023;100000;0.0851;0.0851;0.0851;0.0851;3;0
УралСиб ао;60;20171023;110000;0.0851;0.0852;0.0851;0.0852;20;0
УралСиб ао;60;20171023;120000;0.0854;0.0854;0.085;0.085;42;0
УралСиб ао;60;20171023;130000;0.0854;0.0856;0.0854;0.0855;101;0
УралСиб ао;60;20171023;140000;0.0855;0.0855;0.0851;0.0852;45;0
УралСиб ао;60;20171023;150000;0.085;0.085;0.085;0.085;15;0
УралСиб ао;60;20171023;160000;0.085;0.0851;0.085;0.0851;28;0
УралСиб ао;60;20171023;170000;0.085;0.085;0.0849;0.0849;15;0
УралСиб ао;60;20171023;180000;0.0851;0.0851;0.0851;0.0851;1;0
УралСиб ао;60;20171024;100000;0.085;0.085;0.0849;0.0849;9;0
УралСиб ао;60;20171024;110000;0.0849;0.085;0.082;0.084;117;0
УралСиб ао;60;20171024;130000;0.0846;0.0846;0.0846;0.0846;4;0
УралСиб ао;60;20171024;140000;0.0842;0.0842;0.0841;0.0841;25;0
УралСиб ао;60;20171024;150000;0.0842;0.0842;0.0842;0.0842;1;0
УралСиб ао;60;20171024;160000;0.0842;0.0843;0.084;0.0843;12;0
УралСиб ао;60;20171024;170000;0.084;0.0843;0.084;0.084;19;0
УралСиб ао;60;20171024;180000;0.0839;0.084;0.0824;0.0835;57;0
УралСиб ао;60;20171025;100000;0.0824;0.0835;0.0824;0.0835;23;0
УралСиб ао;60;20171025;120000;0.0831;0.0835;0.0831;0.0835;2;0
УралСиб ао;60;20171025;130000;0.0834;0.0834;0.083;0.083;9;0
УралСиб ао;60;20171025;140000;0.0832;0.0832;0.0832;0.0832;1;0
УралСиб ао;60;20171025;150000;0.0833;0.0833;0.0833;0.0833;1;0
УралСиб ао;60;20171025;160000;0.0835;0.0835;0.0835;0.0835;1;0
УралСиб ао;60;20171025;170000;0.0834;0.0836;0.0834;0.0836;5;0
УралСиб ао;60;20171025;180000;0.0838;0.0839;0.0835;0.0835;9;0
УралСиб ао;60;20171026;100000;0.0838;0.0838;0.0819;0.0834;13;0
УралСиб ао;60;20171026;110000;0.083;0.083;0.083;0.083;11;0
УралСиб ао;60;20171026;120000;0.083;0.083;0.082;0.0828;111;0
УралСиб ао;60;20171026;130000;0.0825;0.0825;0.0825;0.0825;2;0
УралСиб ао;60;20171026;140000;0.0825;0.0828;0.0825;0.0825;11;0
УралСиб ао;60;20171026;150000;0.0825;0.0828;0.0823;0.0828;17;0
УралСиб ао;60;20171026;160000;0.0823;0.0824;0.0823;0.0824;2;0
УралСиб ао;60;20171026;170000;0.0826;0.0829;0.0826;0.0829;3;0
УралСиб ао;60;20171026;180000;0.0825;0.0828;0.0825;0.0828;2;0
УралСиб ао;60;20171027;100000;0.0828;0.083;0.0828;0.0829;11;0
УралСиб ао;60;20171027;110000;0.0825;0.0829;0.0825;0.0827;70;0
УралСиб ао;60;20171027;120000;0.0828;0.0828;0.0828;0.0828;1;0
УралСиб ао;60;20171027;130000;0.0829;0.0829;0.0828;0.0828;3;0
УралСиб ао;60;20171027;140000;0.0827;0.0831;0.0827;0.083;106;0
УралСиб ао;60;20171027;150000;0.083;0.0837;0.083;0.0835;42;0
УралСиб ао;60;20171027;160000;0.0833;0.0836;0.0833;0.0835;7;0
УралСиб ао;60;20171027;170000;0.0834;0.0837;0.0833;0.0834;26;0
УралСиб ао;60;20171027;180000;0.0832;0.0839;0.083;0.0838;114;0
УралСиб ао;60;20171030;110000;0.0835;0.0835;0.0835;0.0835;1;0
УралСиб ао;60;20171030;130000;0.0835;0.0835;0.0835;0.0835;1;0
УралСиб ао;60;20171030;140000;0.0836;0.0836;0.0836;0.0836;1;0
УралСиб ао;60;20171030;150000;0.0837;0.0844;0.0837;0.0844;66;0
УралСиб ао;60;20171030;160000;0.0845;0.0846;0.0844;0.0844;9;0
УралСиб ао;60;20171030;170000;0.0844;0.0847;0.0844;0.0844;43;0
УралСиб ао;60;20171030;180000;0.0846;0.0846;0.0846;0.0846;1;0
УралСиб ао;60;20171031;110000;0.0841;0.0856;0.0841;0.0843;25;0
УралСиб ао;60;20171031;120000;0.0841;0.0847;0.0841;0.0843;79;0
УралСиб ао;60;20171031;130000;0.0842;0.0845;0.0842;0.0845;21;0
УралСиб ао;60;20171031;140000;0.0845;0.0845;0.0842;0.0842;5;0
УралСиб ао;60;20171031;150000;0.0842;0.0844;0.0838;0.0843;78;0
УралСиб ао;60;20171031;160000;0.0843;0.0843;0.084;0.084;4;0
УралСиб ао;60;20171031;170000;0.0842;0.0844;0.0839;0.0839;10;0
УралСиб ао;60;20171031;180000;0.084;0.0843;0.084;0.0843;3;0
УралСиб ао;60;20171101;090000;0.0854;0.0854;0.0854;0.0854;770;0
УралСиб ао;60;20171101;100000;0.0848;0.0876;0.0842;0.0868;8504;0
УралСиб ао;60;20171101;110000;0.0864;0.0864;0.0859;0.0861;66;0
УралСиб ао;60;20171101;120000;0.086;0.086;0.0852;0.0852;188;0
УралСиб ао;60;20171101;130000;0.0852;0.0862;0.085;0.086;669;0
УралСиб ао;60;20171101;140000;0.0856;0.086;0.0855;0.086;158;0
УралСиб ао;60;20171101;150000;0.0856;0.0856;0.0856;0.0856;1;0
УралСиб ао;60;20171101;160000;0.0855;0.0856;0.0855;0.0856;2;0
УралСиб ао;60;20171101;170000;0.0856;0.0856;0.0856;0.0856;9;0
УралСиб ао;60;20171101;180000;0.0857;0.0858;0.0855;0.0855;123;0
УралСиб ао;60;20171102;100000;0.0855;0.0855;0.0844;0.0849;37;0
УралСиб ао;60;20171102;110000;0.0845;0.0845;0.0837;0.0837;90;0
УралСиб ао;60;20171102;120000;0.0837;0.0843;0.083;0.0838;87;0
УралСиб ао;60;20171102;130000;0.0842;0.0842;0.0842;0.0842;1;0
УралСиб ао;60;20171102;140000;0.084;0.084;0.0835;0.084;13;0
УралСиб ао;60;20171102;170000;0.0834;0.0839;0.0834;0.0839;6;0
УралСиб ао;60;20171102;180000;0.0835;0.084;0.0831;0.084;57;0
УралСиб ао;60;20171103;100000;0.0832;0.084;0.0832;0.084;5;0
УралСиб ао;60;20171103;110000;0.084;0.084;0.084;0.084;100;0
УралСиб ао;60;20171103;120000;0.0841;0.0841;0.084;0.084;39;0
УралСиб ао;60;20171103;130000;0.084;0.0842;0.0837;0.0841;236;0
УралСиб ао;60;20171103;140000;0.084;0.084;0.084;0.084;76;0
УралСиб ао;60;20171103;150000;0.0841;0.0841;0.0841;0.0841;1;0
УралСиб ао;60;20171103;160000;0.0842;0.0851;0.0842;0.0851;42;0
УралСиб ао;60;20171103;170000;0.085;0.0871;0.085;0.0866;120;0
УралСиб ао;60;20171103;180000;0.0866;0.0866;0.0849;0.0862;21;0
УралСиб ао;60;20171107;120000;0.0854;0.0854;0.0846;0.0848;70;0
УралСиб ао;60;20171107;130000;0.0848;0.0848;0.0848;0.0848;3;0
УралСиб ао;60;20171107;140000;0.0846;0.0848;0.0845;0.0845;7;0
УралСиб ао;60;20171107;160000;0.0844;0.0844;0.0841;0.0841;32;0
УралСиб ао;60;20171107;170000;0.0843;0.0844;0.0842;0.0844;16;0
УралСиб ао;60;20171107;180000;0.0845;0.0845;0.0845;0.0845;1;0
УралСиб ао;60;20171108;100000;0.0845;0.0845;0.0826;0.0826;408;0
УралСиб ао;60;20171108;110000;0.0833;0.0833;0.083;0.0831;24;0
УралСиб ао;60;20171108;120000;0.0833;0.0834;0.0833;0.0834;67;0
УралСиб ао;60;20171108;130000;0.0836;0.0836;0.0833;0.0833;49;0
УралСиб ао;60;20171108;140000;0.0833;0.0833;0.0833;0.0833;1;0
УралСиб ао;60;20171108;150000;0.0837;0.086;0.0837;0.084;353;0
УралСиб ао;60;20171108;160000;0.0841;0.0841;0.0841;0.0841;1;0
УралСиб ао;60;20171108;170000;0.0839;0.0839;0.0839;0.0839;1;0
УралСиб ао;60;20171108;180000;0.0837;0.0837;0.0833;0.0833;21;0
УралСиб ао;60;20171109;100000;0.0838;0.0841;0.0838;0.0841;3;0
УралСиб ао;60;20171109;110000;0.0838;0.0838;0.0838;0.0838;1;0
УралСиб ао;60;20171109;130000;0.0839;0.0842;0.0839;0.0842;122;0
УралСиб ао;60;20171109;140000;0.0843;0.0848;0.0843;0.0848;115;0
УралСиб ао;60;20171109;150000;0.0848;0.0851;0.0848;0.085;60;0
УралСиб ао;60;20171109;160000;0.085;0.085;0.085;0.085;50;0
УралСиб ао;60;20171109;170000;0.085;0.0851;0.0848;0.0851;52;0
УралСиб ао;60;20171109;180000;0.0851;0.0854;0.0848;0.0848;64;0
УралСиб ао;60;20171110;100000;0.0848;0.0848;0.0848;0.0848;1;0
УралСиб ао;60;20171110;110000;0.0853;0.0863;0.0853;0.0862;235;0
УралСиб ао;60;20171110;120000;0.0864;0.0869;0.0863;0.0863;347;0
УралСиб ао;60;20171110;130000;0.0863;0.0863;0.0852;0.0852;58;0
УралСиб ао;60;20171110;170000;0.0851;0.0855;0.0851;0.0855;3;0
УралСиб ао;60;20171110;180000;0.0849;0.0849;0.0849;0.0849;13;0
УралСиб ао;60;20171113;100000;0.0874;0.0876;0.0874;0.0875;78;0
УралСиб ао;60;20171113;110000;0.0875;0.0876;0.0856;0.0858;188;0
УралСиб ао;60;20171113;120000;0.0857;0.0858;0.0857;0.0857;10;0
УралСиб ао;60;20171113;130000;0.0858;0.086;0.0858;0.086;37;0
УралСиб ао;60;20171113;140000;0.086;0.0862;0.086;0.0862;23;0
УралСиб ао;60;20171113;150000;0.0862;0.0863;0.086;0.0863;107;0
УралСиб ао;60;20171113;170000;0.086;0.0863;0.0858;0.0863;45;0
УралСиб ао;60;20171113;180000;0.0863;0.0864;0.0863;0.0864;46;0
УралСиб ао;60;20171114;100000;0.0867;0.0877;0.0867;0.0867;5;0
УралСиб ао;60;20171114;110000;0.0868;0.0872;0.0868;0.0872;50;0
УралСиб ао;60;20171114;120000;0.0869;0.0869;0.0869;0.0869;11;0
УралСиб ао;60;20171114;130000;0.0866;0.0866;0.0865;0.0865;73;0
УралСиб ао;60;20171114;140000;0.0869;0.087;0.0869;0.087;6;0
УралСиб ао;60;20171114;150000;0.0869;0.0871;0.0869;0.0871;67;0
УралСиб ао;60;20171114;160000;0.087;0.087;0.0865;0.0865;41;0
УралСиб ао;60;20171114;180000;0.087;0.087;0.0865;0.0865;4;0
УралСиб ао;60;20171115;100000;0.0856;0.086;0.0851;0.0857;21;0
УралСиб ао;60;20171115;110000;0.0857;0.0866;0.0857;0.0866;194;0
УралСиб ао;60;20171115;120000;0.0861;0.0866;0.0861;0.0866;6;0
УралСиб ао;60;20171115;130000;0.0865;0.0865;0.0861;0.0861;16;0
УралСиб ао;60;20171115;140000;0.0861;0.0862;0.0856;0.0862;130;0
УралСиб ао;60;20171115;150000;0.0858;0.0858;0.0856;0.0856;18;0
УралСиб ао;60;20171115;160000;0.0859;0.0866;0.0855;0.0855;497;0
УралСиб ао;60;20171115;170000;0.0855;0.086;0.0854;0.0856;284;0
УралСиб ао;60;20171115;180000;0.0856;0.0864;0.0855;0.0864;755;0
УралСиб ао;60;20171116;100000;0.0854;0.0864;0.0854;0.0864;17;0
УралСиб ао;60;20171116;120000;0.0864;0.0864;0.0858;0.0858;23;0
УралСиб ао;60;20171116;130000;0.0857;0.0857;0.083;0.083;706;0
УралСиб ао;60;20171116;140000;0.083;0.0844;0.083;0.0844;278;0
УралСиб ао;60;20171116;150000;0.0839;0.0839;0.0839;0.0839;1;0
УралСиб ао;60;20171116;160000;0.0837;0.084;0.0837;0.0839;15;0
УралСиб ао;60;20171116;170000;0.0839;0.084;0.0839;0.084;7;0
УралСиб ао;60;20171116;180000;0.084;0.0843;0.0836;0.0836;118;0
УралСиб ао;60;20171117;100000;0.0834;0.0836;0.083;0.0836;48;0
УралСиб ао;60;20171117;110000;0.0834;0.0839;0.0834;0.0839;8;0
УралСиб ао;60;20171117;150000;0.0839;0.0839;0.0835;0.0835;6;0
УралСиб ао;60;20171117;160000;0.0835;0.0835;0.0834;0.0834;2;0
УралСиб ао;60;20171117;170000;0.0834;0.0839;0.0834;0.0834;11;0
УралСиб ао;60;20171117;180000;0.0838;0.0838;0.0836;0.0836;7;0
УралСиб ао;60;20171120;100000;0.0839;0.0843;0.0839;0.0843;7;0
УралСиб ао;60;20171120;110000;0.0844;0.0844;0.0844;0.0844;2;0
УралСиб ао;60;20171120;120000;0.0839;0.0839;0.0839;0.0839;1;0
УралСиб ао;60;20171120;130000;0.0838;0.0844;0.0838;0.0844;20;0
УралСиб ао;60;20171120;160000;0.0844;0.0848;0.0844;0.0848;23;0
УралСиб ао;60;20171120;170000;0.0839;0.0843;0.0839;0.0842;7;0
УралСиб ао;60;20171120;180000;0.0842;0.0842;0.0842;0.0842;7;0
УралСиб ао;60;20171121;100000;0.084;0.0841;0.084;0.0841;7;0
УралСиб ао;60;20171121;130000;0.084;0.0841;0.084;0.0841;17;0
УралСиб ао;60;20171121;140000;0.084;0.084;0.084;0.084;1;0
УралСиб ао;60;20171121;150000;0.084;0.084;0.084;0.084;3;0
УралСиб ао;60;20171121;170000;0.0843;0.0843;0.0842;0.0842;5;0
УралСиб ао;60;20171121;180000;0.0843;0.0844;0.0839;0.0842;11;0
УралСиб ао;60;20171122;110000;0.0843;0.0843;0.083;0.0838;53;0
УралСиб ао;60;20171122;130000;0.0838;0.084;0.0838;0.084;33;0
УралСиб ао;60;20171122;140000;0.084;0.084;0.0834;0.0835;89;0
УралСиб ао;60;20171122;150000;0.0836;0.0841;0.0826;0.0827;233;0
УралСиб ао;60;20171122;160000;0.0831;0.0836;0.0831;0.0835;111;0
УралСиб ао;60;20171122;170000;0.0837;0.0837;0.0836;0.0836;2;0
УралСиб ао;60;20171122;180000;0.0836;0.084;0.0836;0.084;144;0
УралСиб ао;60;20171123;090000;0.084;0.084;0.084;0.084;1;0
УралСиб ао;60;20171123;100000;0.0832;0.0839;0.083;0.083;64;0
УралСиб ао;60;20171123;110000;0.083;0.0845;0.0829;0.0829;178;0
УралСиб ао;60;20171123;120000;0.0829;0.0833;0.0829;0.0833;126;0
УралСиб ао;60;20171123;130000;0.0832;0.0836;0.0832;0.0836;13;0
УралСиб ао;60;20171123;140000;0.0832;0.0832;0.0832;0.0832;5;0
УралСиб ао;60;20171123;160000;0.0836;0.084;0.0836;0.084;110;0
УралСиб ао;60;20171123;170000;0.084;0.084;0.084;0.084;131;0
УралСиб ао;60;20171123;180000;0.0841;0.0845;0.0841;0.0845;116;0
УралСиб ао;60;20171124;110000;0.0839;0.0839;0.0832;0.0832;58;0
УралСиб ао;60;20171124;120000;0.0832;0.0835;0.083;0.0835;57;0
УралСиб ао;60;20171124;130000;0.0833;0.0833;0.083;0.083;60;0
УралСиб ао;60;20171124;140000;0.0835;0.0835;0.0835;0.0835;18;0
УралСиб ао;60;20171124;150000;0.0835;0.0836;0.0835;0.0836;26;0
УралСиб ао;60;20171124;160000;0.0837;0.0839;0.0837;0.0839;4;0
УралСиб ао;60;20171124;170000;0.0838;0.085;0.0838;0.084;213;0
УралСиб ао;60;20171124;180000;0.084;0.0848;0.084;0.0845;41;0
УралСиб ао;60;20171127;100000;0.084;0.084;0.084;0.084;5;0
УралСиб ао;60;20171127;110000;0.0841;0.0841;0.0841;0.0841;1;0
УралСиб ао;60;20171127;120000;0.0841;0.0841;0.084;0.084;6;0
УралСиб ао;60;20171127;130000;0.0842;0.0842;0.084;0.084;2;0
УралСиб ао;60;20171127;140000;0.0841;0.0841;0.0841;0.0841;1;0
УралСиб ао;60;20171127;150000;0.084;0.084;0.084;0.084;1;0
УралСиб ао;60;20171127;170000;0.0839;0.0839;0.0833;0.0838;42;0
УралСиб ао;60;20171127;180000;0.0839;0.0839;0.0832;0.0839;14;0
УралСиб ао;60;20171128;100000;0.0837;0.0838;0.083;0.0838;36;0
УралСиб ао;60;20171128;110000;0.0838;0.084;0.0838;0.084;22;0
УралСиб ао;60;20171128;120000;0.084;0.0862;0.084;0.0857;601;0
УралСиб ао;60;20171128;130000;0.0862;0.0863;0.0852;0.0852;54;0
УралСиб ао;60;20171128;140000;0.0856;0.0856;0.0852;0.0852;17;0
УралСиб ао;60;20171128;150000;0.0854;0.0854;0.0853;0.0853;2;0
УралСиб ао;60;20171128;160000;0.0852;0.0852;0.0852;0.0852;20;0
УралСиб ао;60;20171128;170000;0.0852;0.0853;0.0851;0.0853;9;0
УралСиб ао;60;20171129;100000;0.085;0.0852;0.085;0.0852;16;0
УралСиб ао;60;20171129;130000;0.0853;0.0858;0.0853;0.0858;121;0
УралСиб ао;60;20171129;140000;0.0858;0.0862;0.0856;0.086;1041;0
УралСиб ао;60;20171129;150000;0.086;0.086;0.086;0.086;18;0
УралСиб ао;60;20171129;160000;0.0858;0.0858;0.0857;0.0857;7;0
УралСиб ао;60;20171129;170000;0.0857;0.0857;0.0857;0.0857;7;0
УралСиб ао;60;20171129;180000;0.0857;0.086;0.0854;0.086;197;0
УралСиб ао;60;20171130;100000;0.085;0.0851;0.0848;0.0848;15;0
УралСиб ао;60;20171130;120000;0.0849;0.085;0.0849;0.085;61;0
УралСиб ао;60;20171130;130000;0.085;0.085;0.085;0.085;90;0
УралСиб ао;60;20171130;140000;0.085;0.085;0.085;0.085;25;0
УралСиб ао;60;20171130;150000;0.085;0.085;0.0849;0.085;82;0
УралСиб ао;60;20171130;180000;0.085;0.0851;0.0848;0.0851;31;0
УралСиб ао;60;20171201;110000;0.0844;0.088;0.0841;0.087;1103;0
УралСиб ао;60;20171201;120000;0.087;0.0884;0.087;0.0872;189;0
УралСиб ао;60;20171201;130000;0.0872;0.0872;0.0872;0.0872;8;0
УралСиб ао;60;20171201;140000;0.0873;0.0873;0.085;0.0861;115;0
УралСиб ао;60;20171201;150000;0.0863;0.0878;0.085;0.0878;323;0
УралСиб ао;60;20171201;160000;0.0878;0.0884;0.0875;0.088;272;0
УралСиб ао;60;20171201;170000;0.0877;0.088;0.0875;0.088;224;0
УралСиб ао;60;20171201;180000;0.0875;0.0885;0.0875;0.0885;420;0
УралСиб ао;60;20171204;100000;0.0885;0.0885;0.0877;0.0877;48;0
УралСиб ао;60;20171204;110000;0.0884;0.1107;0.0884;0.1052;3891;0
УралСиб ао;60;20171204;120000;0.1049;0.1138;0.1024;0.1114;5548;0
УралСиб ао;60;20171204;130000;0.1111;0.1119;0.1085;0.1087;1623;0
УралСиб ао;60;20171204;140000;0.1088;0.111;0.108;0.1092;595;0
УралСиб ао;60;20171204;150000;0.1094;0.11;0.0981;0.0995;4339;0
УралСиб ао;60;20171204;160000;0.0992;0.1002;0.0976;0.0984;807;0
УралСиб ао;60;20171204;170000;0.0985;0.1014;0.0977;0.0984;1634;0
УралСиб ао;60;20171204;180000;0.0985;0.1005;0.097;0.1005;1521;0
УралСиб ао;60;20171205;100000;0.097;0.1039;0.097;0.0983;1719;0
УралСиб ао;60;20171205;110000;0.0985;0.1;0.0977;0.0977;248;0
УралСиб ао;60;20171205;120000;0.0977;0.0977;0.096;0.096;636;0
УралСиб ао;60;20171205;130000;0.0979;0.0979;0.0947;0.0947;362;0
УралСиб ао;60;20171205;140000;0.0944;0.095;0.0938;0.094;73;0
УралСиб ао;60;20171205;150000;0.094;0.095;0.0937;0.094;153;0
УралСиб ао;60;20171205;160000;0.0948;0.0951;0.0948;0.0951;9;0
УралСиб ао;60;20171205;170000;0.0951;0.0962;0.0948;0.0955;84;0
УралСиб ао;60;20171205;180000;0.0952;0.0956;0.0947;0.0954;182;0
УралСиб ао;60;20171206;100000;0.0949;0.095;0.0926;0.0949;47;0
УралСиб ао;60;20171206;110000;0.0948;0.0951;0.094;0.095;69;0
УралСиб ао;60;20171206;120000;0.0948;0.0951;0.0934;0.0935;79;0
УралСиб ао;60;20171206;130000;0.0936;0.0936;0.0927;0.0931;23;0
УралСиб ао;60;20171206;140000;0.0931;0.095;0.093;0.095;136;0
УралСиб ао;60;20171206;150000;0.0952;0.0955;0.095;0.095;119;0
УралСиб ао;60;20171206;160000;0.095;0.095;0.0943;0.0943;55;0
УралСиб ао;60;20171206;170000;0.0946;0.0946;0.0939;0.0946;51;0
УралСиб ао;60;20171206;180000;0.0941;0.0946;0.094;0.0946;21;0
УралСиб ао;60;20171207;100000;0.0936;0.097;0.0929;0.0929;207;0
УралСиб ао;60;20171207;110000;0.0929;0.0945;0.0925;0.093;157;0
УралСиб ао;60;20171207;120000;0.093;0.094;0.093;0.093;166;0
УралСиб ао;60;20171207;130000;0.093;0.0944;0.0926;0.093;129;0
УралСиб ао;60;20171207;140000;0.093;0.093;0.0924;0.0924;67;0
УралСиб ао;60;20171207;150000;0.0925;0.0927;0.092;0.092;18;0
УралСиб ао;60;20171207;160000;0.092;0.0921;0.092;0.0921;6;0
УралСиб ао;60;20171207;170000;0.0927;0.0935;0.0924;0.0935;23;0
УралСиб ао;60;20171207;180000;0.0935;0.0935;0.0922;0.0922;10;0
УралСиб ао;60;20171208;100000;0.0928;0.0929;0.0928;0.0928;53;0
УралСиб ао;60;20171208;110000;0.0924;0.0925;0.0924;0.0925;4;0
УралСиб ао;60;20171208;120000;0.0926;0.0926;0.0909;0.0909;173;0
УралСиб ао;60;20171208;130000;0.0909;0.091;0.0909;0.0909;8;0
УралСиб ао;60;20171208;140000;0.0906;0.092;0.0896;0.092;101;0
УралСиб ао;60;20171208;150000;0.0901;0.091;0.0901;0.091;27;0
УралСиб ао;60;20171208;160000;0.0906;0.091;0.0905;0.091;38;0
УралСиб ао;60;20171208;170000;0.091;0.0915;0.091;0.0913;42;0
УралСиб ао;60;20171208;180000;0.0913;0.092;0.091;0.0919;345;0
УралСиб ао;60;20171211;100000;0.0912;0.0919;0.091;0.0917;89;0
УралСиб ао;60;20171211;110000;0.0919;0.0924;0.0919;0.0924;26;0
УралСиб ао;60;20171211;120000;0.0919;0.0919;0.0919;0.0919;13;0
УралСиб ао;60;20171211;130000;0.0919;0.092;0.0915;0.0915;19;0
УралСиб ао;60;20171211;140000;0.0913;0.0913;0.0913;0.0913;4;0
УралСиб ао;60;20171211;150000;0.0913;0.0918;0.0911;0.0918;108;0
УралСиб ао;60;20171211;160000;0.0915;0.0925;0.091;0.0922;172;0
УралСиб ао;60;20171211;170000;0.092;0.092;0.0915;0.0917;99;0
УралСиб ао;60;20171211;180000;0.0919;0.0919;0.0919;0.0919;216;0
УралСиб ао;60;20171212;100000;0.0919;0.0919;0.0919;0.0919;9;0
УралСиб ао;60;20171212;110000;0.0919;0.0919;0.0919;0.0919;56;0
УралСиб ао;60;20171212;120000;0.092;0.092;0.0915;0.0915;69;0
УралСиб ао;60;20171212;130000;0.0915;0.0915;0.0911;0.0911;119;0
УралСиб ао;60;20171212;140000;0.0909;0.0909;0.0905;0.0905;16;0
УралСиб ао;60;20171212;150000;0.0913;0.0914;0.0905;0.0905;33;0
УралСиб ао;60;20171212;160000;0.0913;0.0913;0.0905;0.0905;21;0
УралСиб ао;60;20171212;170000;0.091;0.091;0.0905;0.091;6;0
УралСиб ао;60;20171212;180000;0.091;0.091;0.091;0.091;1;0
УралСиб ао;60;20171213;100000;0.0921;0.0937;0.0911;0.0937;199;0
УралСиб ао;60;20171213;110000;0.093;0.095;0.0913;0.0921;278;0
УралСиб ао;60;20171213;120000;0.0921;0.0922;0.0905;0.0922;173;0
УралСиб ао;60;20171213;130000;0.0906;0.0922;0.0901;0.0919;208;0
УралСиб ао;60;20171213;140000;0.0919;0.0922;0.0919;0.0919;298;0
УралСиб ао;60;20171213;150000;0.0919;0.0921;0.0919;0.0919;95;0
УралСиб ао;60;20171213;160000;0.0919;0.0919;0.0919;0.0919;100;0
УралСиб ао;60;20171213;170000;0.0917;0.092;0.0917;0.0919;2615;0
УралСиб ао;60;20171213;180000;0.092;0.0921;0.092;0.092;213;0
УралСиб ао;60;20171214;100000;0.093;0.093;0.093;0.093;1;0
УралСиб ао;60;20171214;110000;0.0916;0.0928;0.0916;0.0928;2527;0
УралСиб ао;60;20171214;120000;0.0918;0.0918;0.0918;0.0918;20;0
УралСиб ао;60;20171214;130000;0.092;0.092;0.092;0.092;243;0
УралСиб ао;60;20171214;140000;0.0918;0.092;0.0918;0.092;33;0
УралСиб ао;60;20171214;150000;0.092;0.092;0.092;0.092;37;0
УралСиб ао;60;20171214;160000;0.0918;0.0919;0.091;0.0919;71;0
УралСиб ао;60;20171214;170000;0.0916;0.0916;0.0916;0.0916;1;0
УралСиб ао;60;20171214;180000;0.0919;0.092;0.0919;0.092;210;0
УралСиб ао;60;20171215;100000;0.0916;0.0916;0.09;0.09;49;0
УралСиб ао;60;20171215;110000;0.0905;0.0916;0.0905;0.0916;29;0
УралСиб ао;60;20171215;120000;0.0909;0.0909;0.0909;0.0909;1;0
УралСиб ао;60;20171215;140000;0.0909;0.0909;0.0909;0.0909;4;0
УралСиб ао;60;20171215;160000;0.0912;0.0912;0.0912;0.0912;3;0
УралСиб ао;60;20171215;170000;0.0908;0.0908;0.0901;0.0901;78;0
УралСиб ао;60;20171215;180000;0.0902;0.091;0.0893;0.091;107;0
УралСиб ао;60;20171218;100000;0.09;0.09;0.09;0.09;58;0
УралСиб ао;60;20171218;110000;0.09;0.09;0.09;0.09;12;0
УралСиб ао;60;20171218;130000;0.09;0.09;0.09;0.09;56;0
УралСиб ао;60;20171218;150000;0.09;0.09;0.09;0.09;202;0
УралСиб ао;60;20171218;160000;0.09;0.09;0.0895;0.0895;25;0
УралСиб ао;60;20171218;170000;0.0895;0.0895;0.0895;0.0895;1;0
УралСиб ао;60;20171218;180000;0.09;0.091;0.0895;0.091;73;0
УралСиб ао;60;20171219;100000;0.0916;0.0916;0.0894;0.0895;41;0
УралСиб ао;60;20171219;110000;0.0895;0.0898;0.0893;0.0893;8;0
УралСиб ао;60;20171219;120000;0.0898;0.0898;0.0885;0.0893;209;0
УралСиб ао;60;20171219;130000;0.0886;0.0894;0.0885;0.0892;45;0
УралСиб ао;60;20171219;140000;0.0885;0.0885;0.087;0.087;1008;0
УралСиб ао;60;20171219;150000;0.0874;0.0874;0.0866;0.0874;70;0
УралСиб ао;60;20171219;160000;0.0874;0.0874;0.087;0.0874;39;0
УралСиб ао;60;20171219;170000;0.0874;0.0879;0.0873;0.0874;25;0
УралСиб ао;60;20171219;180000;0.0879;0.0879;0.0874;0.0879;13;0
УралСиб ао;60;20171220;100000;0.088;0.0895;0.088;0.0883;7056;0
УралСиб ао;60;20171220;110000;0.0882;0.0882;0.088;0.088;234;0
УралСиб ао;60;20171220;120000;0.0881;0.0881;0.088;0.088;32;0
УралСиб ао;60;20171220;130000;0.0879;0.0879;0.087;0.0879;48;0
УралСиб ао;60;20171220;140000;0.0878;0.0878;0.0872;0.0872;4;0
УралСиб ао;60;20171220;150000;0.0877;0.0877;0.0873;0.0873;7;0
УралСиб ао;60;20171220;160000;0.0877;0.0877;0.0872;0.0872;7;0
УралСиб ао;60;20171220;170000;0.0871;0.0879;0.0871;0.0879;15;0
УралСиб ао;60;20171220;180000;0.0882;0.0889;0.0879;0.0882;222;0
УралСиб ао;60;20171221;100000;0.0883;0.0885;0.0881;0.0881;73;0
УралСиб ао;60;20171221;110000;0.0881;0.0881;0.0881;0.0881;3;0
УралСиб ао;60;20171221;130000;0.0878;0.0884;0.0832;0.0867;269;0
УралСиб ао;60;20171221;140000;0.0867;0.0873;0.0867;0.0873;3;0
УралСиб ао;60;20171221;150000;0.087;0.087;0.087;0.087;2;0
УралСиб ао;60;20171221;180000;0.0873;0.0874;0.0873;0.0874;3;0
УралСиб ао;60;20171222;100000;0.0863;0.0863;0.0863;0.0863;1;0
УралСиб ао;60;20171222;110000;0.0873;0.0878;0.0873;0.0878;2;0
УралСиб ао;60;20171222;120000;0.0873;0.0873;0.0869;0.0869;8;0
УралСиб ао;60;20171222;130000;0.0871;0.0871;0.0871;0.0871;3;0
УралСиб ао;60;20171222;150000;0.0871;0.0872;0.0871;0.0872;27;0
УралСиб ао;60;20171222;160000;0.087;0.087;0.087;0.087;1;0
УралСиб ао;60;20171222;180000;0.0873;0.0877;0.0873;0.0877;19;0
УралСиб ао;60;20171225;100000;0.0868;0.0868;0.0863;0.0863;2;0
УралСиб ао;60;20171225;110000;0.0861;0.0861;0.0853;0.086;110;0
УралСиб ао;60;20171225;120000;0.086;0.086;0.0857;0.0857;15;0
УралСиб ао;60;20171225;130000;0.0859;0.086;0.0859;0.086;444;0
УралСиб ао;60;20171225;140000;0.0863;0.0867;0.0863;0.0867;3;0
УралСиб ао;60;20171225;150000;0.0863;0.0863;0.0857;0.086;28;0
УралСиб ао;60;20171225;180000;0.0864;0.0872;0.086;0.0872;53;0
УралСиб ао;60;20171226;110000;0.0872;0.0872;0.0872;0.0872;20;0
УралСиб ао;60;20171226;120000;0.0868;0.0868;0.0858;0.0858;43;0
УралСиб ао;60;20171226;130000;0.0868;0.0874;0.0868;0.087;25;0
УралСиб ао;60;20171226;150000;0.0866;0.0866;0.0866;0.0866;6;0
УралСиб ао;60;20171226;170000;0.0869;0.087;0.0865;0.087;9;0
УралСиб ао;60;20171226;180000;0.0865;0.0873;0.0864;0.0873;21;0
УралСиб ао;60;20171227;100000;0.086;0.086;0.0855;0.0855;30;0
УралСиб ао;60;20171227;110000;0.0855;0.0855;0.0855;0.0855;271;0
УралСиб ао;60;20171227;120000;0.0864;0.087;0.0864;0.087;15;0
УралСиб ао;60;20171227;140000;0.0863;0.0863;0.0862;0.0862;5;0
УралСиб ао;60;20171227;150000;0.0867;0.0867;0.0867;0.0867;1;0
УралСиб ао;60;20171227;160000;0.0862;0.0862;0.0862;0.0862;7;0
УралСиб ао;60;20171227;180000;0.0864;0.0882;0.0862;0.088;151;0
УралСиб ао;60;20171228;100000;0.0869;0.087;0.0868;0.0869;7;0
УралСиб ао;60;20171228;120000;0.087;0.087;0.0868;0.0868;12;0
УралСиб ао;60;20171228;150000;0.0867;0.087;0.0867;0.087;2;0
УралСиб ао;60;20171228;160000;0.087;0.087;0.087;0.087;1;0
УралСиб ао;60;20171229;100000;0.0867;0.0867;0.0857;0.0857;9;0
УралСиб ао;60;20171229;110000;0.0858;0.0859;0.0857;0.0857;4;0
УралСиб ао;60;20171229;120000;0.086;0.086;0.086;0.086;30;0
УралСиб ао;60;20171229;130000;0.086;0.086;0.0854;0.0855;314;0
УралСиб ао;60;20171229;150000;0.0855;0.086;0.0855;0.086;27;0
УралСиб ао;60;20171229;160000;0.0856;0.0856;0.0856;0.0856;1;0
УралСиб ао;60;20171229;170000;0.0864;0.0865;0.0856;0.0856;23;0
УралСиб ао;60;20171229;180000;0.0855;0.0864;0.0855;0.0864;405;0
