<TICKER>;<PER>;<DATE>;<TIME>;<OPEN>;<HIGH>;<LOW>;<CLOSE>;<VOL>;<OPENINT>
Химпром ап;60;20170124;110000;6.21;6.21;6.2;6.2;3;0
Химпром ап;60;20170124;130000;6.21;6.53;6.21;6.49;47;0
Химпром ап;60;20170124;140000;6.42;6.42;6.32;6.32;20;0
Химпром ап;60;20170124;160000;6.31;6.31;6.27;6.28;8;0
Химпром ап;60;20170124;170000;6.29;6.29;6.28;6.28;2;0
Химпром ап;60;20170124;180000;6.38;6.45;6.38;6.45;12;0
Химпром ап;60;20170125;110000;6.42;6.42;6.42;6.42;2;0
Химпром ап;60;20170125;120000;6.36;6.36;6.35;6.35;7;0
Химпром ап;60;20170125;130000;6.3;6.3;6.3;6.3;1;0
Химпром ап;60;20170125;140000;6.3;6.32;6.28;6.32;7;0
Химпром ап;60;20170125;150000;6.28;6.28;6.26;6.28;3;0
Химпром ап;60;20170125;160000;6.31;6.31;6.31;6.31;1;0
Химпром ап;60;20170125;170000;6.28;6.35;6.28;6.35;8;0
Химпром ап;60;20170125;180000;6.43;6.43;6.25;6.4;22;0
Химпром ап;60;20170126;120000;6.31;6.31;6.3;6.3;3;0
Химпром ап;60;20170126;130000;6.29;6.29;6.26;6.26;5;0
Химпром ап;60;20170126;140000;6.26;6.26;6.26;6.26;2;0
Химпром ап;60;20170126;150000;6.27;6.27;6.26;6.26;3;0
Химпром ап;60;20170126;170000;6.26;6.32;6.26;6.26;5;0
Химпром ап;60;20170126;180000;6.31;6.33;6.31;6.33;3;0
Химпром ап;60;20170127;110000;6.34;6.34;6.25;6.25;8;0
Химпром ап;60;20170127;120000;6.38;6.39;6.38;6.39;4;0
Химпром ап;60;20170127;130000;6.36;6.36;6.36;6.36;1;0
Химпром ап;60;20170127;140000;6.36;6.36;6.36;6.36;2;0
Химпром ап;60;20170127;150000;6.39;6.4;6.39;6.4;5;0
Химпром ап;60;20170127;160000;6.4;6.47;6.36;6.36;4;0
Химпром ап;60;20170127;170000;6.46;6.46;6.46;6.46;1;0
Химпром ап;60;20170127;180000;6.46;6.46;6.46;6.46;1;0
Химпром ап;60;20170130;100000;6.5;6.77;6.5;6.75;37;0
Химпром ап;60;20170130;110000;6.74;7.2;6.67;7;61;0
Химпром ап;60;20170130;120000;7.01;7.18;7;7.06;71;0
Химпром ап;60;20170130;130000;7.06;7.06;7;7.01;19;0
Химпром ап;60;20170130;140000;7.15;7.15;7.15;7.15;6;0
Химпром ап;60;20170130;150000;7.03;7.2;7.02;7.2;21;0
Химпром ап;60;20170130;160000;7.27;7.54;7.13;7.2;53;0
Химпром ап;60;20170130;170000;7.11;7.15;7.02;7.14;12;0
Химпром ап;60;20170130;180000;7.06;7.27;6.99;7.27;16;0
Химпром ап;60;20170131;100000;7.25;7.25;6.9;7.19;21;0
Химпром ап;60;20170131;120000;7.05;7.05;6.9;6.9;7;0
Химпром ап;60;20170131;130000;6.91;7.27;6.9;7.27;17;0
Химпром ап;60;20170131;140000;7.26;7.3;7.26;7.28;5;0
Химпром ап;60;20170131;150000;7.11;7.11;7.02;7.02;3;0
Химпром ап;60;20170131;160000;7.02;7.02;7.02;7.02;5;0
Химпром ап;60;20170131;180000;7.02;7.02;6.75;6.95;53;0
Химпром ап;60;20170201;100000;7;7;7;7;12;0
Химпром ап;60;20170201;110000;6.94;6.94;6.79;6.79;12;0
Химпром ап;60;20170201;130000;6.79;6.79;6.79;6.79;1;0
Химпром ап;60;20170201;150000;6.81;6.81;6.81;6.81;2;0
Химпром ап;60;20170201;160000;6.81;6.81;6.81;6.81;1;0
Химпром ап;60;20170201;180000;6.98;6.98;6.98;6.98;1;0
Химпром ап;60;20170202;100000;6.66;6.66;6.66;6.66;2;0
Химпром ап;60;20170202;110000;6.8;7;6.8;7;6;0
Химпром ап;60;20170202;120000;7;7;7;7;7;0
Химпром ап;60;20170202;130000;6.83;6.99;6.83;6.99;3;0
Химпром ап;60;20170202;140000;6.95;6.96;6.95;6.96;3;0
Химпром ап;60;20170202;180000;7.07;7.07;7.07;7.07;1;0
Химпром ап;60;20170203;110000;6.71;6.9;6.5;6.89;47;0
Химпром ап;60;20170203;120000;6.7;6.86;6.5;6.7;51;0
Химпром ап;60;20170203;130000;6.7;6.8;6.7;6.75;13;0
Химпром ап;60;20170203;140000;6.75;6.78;6.74;6.78;9;0
Химпром ап;60;20170203;150000;6.78;6.79;6.72;6.72;7;0
Химпром ап;60;20170203;160000;6.72;6.75;6.7;6.75;25;0
Химпром ап;60;20170203;170000;6.78;6.79;6.78;6.79;7;0
Химпром ап;60;20170203;180000;6.78;6.8;6.78;6.8;6;0
Химпром ап;60;20170206;100000;6.6;6.6;6.6;6.6;2;0
Химпром ап;60;20170206;110000;6.6;6.84;6.6;6.84;13;0
Химпром ап;60;20170206;120000;6.85;6.85;6.7;6.7;34;0
Химпром ап;60;20170206;130000;6.73;6.73;6.7;6.7;56;0
Химпром ап;60;20170206;140000;6.76;6.76;6.7;6.7;79;0
Химпром ап;60;20170206;150000;6.7;6.71;6.7;6.7;11;0
Химпром ап;60;20170206;160000;6.78;6.85;6.78;6.85;13;0
Химпром ап;60;20170206;170000;6.8;6.85;6.8;6.85;4;0
Химпром ап;60;20170206;180000;6.79;6.79;6.79;6.79;7;0
Химпром ап;60;20170207;100000;6.95;6.96;6.95;6.96;3;0
Химпром ап;60;20170207;110000;6.96;6.97;6.96;6.96;5;0
Химпром ап;60;20170207;120000;6.99;6.99;6.96;6.96;2;0
Химпром ап;60;20170207;130000;6.96;6.96;6.96;6.96;2;0
Химпром ап;60;20170207;140000;6.86;6.87;6.86;6.87;2;0
Химпром ап;60;20170207;150000;6.82;6.82;6.82;6.82;1;0
Химпром ап;60;20170207;160000;6.88;6.88;6.88;6.88;1;0
Химпром ап;60;20170207;170000;6.96;6.96;6.96;6.96;1;0
Химпром ап;60;20170207;180000;6.97;6.97;6.97;6.97;1;0
Химпром ап;60;20170208;100000;6.97;7.3;6.97;7.15;38;0
Химпром ап;60;20170208;110000;7.14;7.3;7.14;7.3;25;0
Химпром ап;60;20170208;120000;7.27;7.29;7.27;7.27;5;0
Химпром ап;60;20170208;140000;7.18;7.19;7.16;7.16;4;0
Химпром ап;60;20170208;150000;7.2;7.2;7.2;7.2;1;0
Химпром ап;60;20170208;160000;7.2;7.2;7.15;7.15;2;0
Химпром ап;60;20170208;170000;7.13;7.2;7.13;7.2;9;0
Химпром ап;60;20170208;180000;7.21;7.38;7.15;7.38;37;0
Химпром ап;60;20170209;090000;7.2;7.2;7.2;7.2;3;0
Химпром ап;60;20170209;100000;7.3;8.04;7.3;8.01;85;0
Химпром ап;60;20170209;110000;8.01;8.47;7.72;8.46;283;0
Химпром ап;60;20170209;120000;8.47;8.68;8.03;8.14;145;0
Химпром ап;60;20170209;130000;8.12;8.33;8.01;8.14;75;0
Химпром ап;60;20170209;140000;8.14;8.16;8.02;8.12;31;0
Химпром ап;60;20170209;150000;8.07;8.65;8.07;8.49;151;0
Химпром ап;60;20170209;160000;8.49;8.49;8.07;8.16;46;0
Химпром ап;60;20170209;170000;8.17;8.37;8.11;8.28;41;0
Химпром ап;60;20170209;180000;8.19;8.4;8.17;8.39;36;0
Химпром ап;60;20170210;090000;8.2;8.2;8.2;8.2;5;0
Химпром ап;60;20170210;100000;8.16;8.2;7.6;7.89;94;0
Химпром ап;60;20170210;110000;7.85;8.09;7.7;7.71;150;0
Химпром ап;60;20170210;120000;7.75;7.9;7.73;7.73;12;0
Химпром ап;60;20170210;130000;7.74;7.75;7.7;7.75;23;0
Химпром ап;60;20170210;140000;7.73;7.9;7.7;7.79;39;0
Химпром ап;60;20170210;150000;7.75;7.88;7.75;7.88;5;0
Химпром ап;60;20170210;160000;7.81;7.91;7.81;7.91;9;0
Химпром ап;60;20170210;170000;7.91;8.04;7.88;8.04;19;0
Химпром ап;60;20170210;180000;7.95;8.03;7.93;8.03;7;0
Химпром ап;60;20170213;100000;7.9;7.9;7.6;7.64;22;0
Химпром ап;60;20170213;110000;7.64;7.64;7.05;7.48;106;0
Химпром ап;60;20170213;120000;7.68;7.68;7.5;7.68;5;0
Химпром ап;60;20170213;130000;7.5;7.5;7.48;7.48;3;0
Химпром ап;60;20170213;140000;7.45;7.53;7.45;7.53;3;0
Химпром ап;60;20170213;150000;7.45;7.45;7.36;7.36;15;0
Химпром ап;60;20170213;160000;7.36;7.56;7.34;7.34;31;0
Химпром ап;60;20170213;170000;7.4;7.4;7.3;7.3;20;0
Химпром ап;60;20170213;180000;7.3;7.42;7.22;7.39;15;0
Химпром ап;60;20170214;100000;7.4;7.53;7.4;7.41;6;0
Химпром ап;60;20170214;110000;7.41;7.52;7.18;7.51;26;0
Химпром ап;60;20170214;120000;7.52;7.54;7.52;7.54;14;0
Химпром ап;60;20170214;140000;7.33;7.33;7.26;7.26;9;0
Химпром ап;60;20170214;160000;7.32;7.6;7.32;7.6;29;0
Химпром ап;60;20170214;170000;7.6;7.65;7.33;7.33;20;0
Химпром ап;60;20170214;180000;7.48;7.48;7.48;7.48;3;0
Химпром ап;60;20170215;110000;7.42;7.55;7.42;7.53;14;0
Химпром ап;60;20170215;120000;7.35;7.35;7.35;7.35;1;0
Химпром ап;60;20170215;130000;7.65;7.99;7.65;7.99;21;0
Химпром ап;60;20170215;140000;8;8.12;8;8.12;23;0
Химпром ап;60;20170215;160000;8;8;7.68;7.68;9;0
Химпром ап;60;20170215;170000;7.69;7.77;7.67;7.77;4;0
Химпром ап;60;20170215;180000;7.68;7.69;7.63;7.69;18;0
Химпром ап;60;20170216;100000;7.7;8.49;7.2;7.6;114;0
Химпром ап;60;20170216;110000;7.62;7.75;7.62;7.7;7;0
Химпром ап;60;20170216;120000;7.7;7.7;7.5;7.68;17;0
Химпром ап;60;20170216;130000;7.54;7.54;7.54;7.54;1;0
Химпром ап;60;20170216;140000;7.56;7.56;7.54;7.54;2;0
Химпром ап;60;20170216;150000;7.53;7.53;7.4;7.4;5;0
Химпром ап;60;20170216;160000;7.4;7.5;7.4;7.42;4;0
Химпром ап;60;20170216;170000;7.59;7.59;7.41;7.41;2;0
Химпром ап;60;20170216;180000;7.55;7.55;7.3;7.33;32;0
Химпром ап;60;20170217;100000;7.57;7.57;7.56;7.56;3;0
Химпром ап;60;20170217;110000;7.53;7.53;7.25;7.32;10;0
Химпром ап;60;20170217;140000;7.31;7.4;7.31;7.38;9;0
Химпром ап;60;20170217;150000;7.35;7.35;7.17;7.25;10;0
Химпром ап;60;20170217;160000;7.27;7.33;6.99;7.09;95;0
Химпром ап;60;20170217;170000;7.07;7.15;6.95;6.96;67;0
Химпром ап;60;20170217;180000;7;7.1;7;7.09;58;0
Химпром ап;60;20170220;100000;7.15;7.5;7.06;7.5;21;0
Химпром ап;60;20170220;110000;7.4;7.45;7.13;7.13;8;0
Химпром ап;60;20170220;130000;7.16;7.16;7.16;7.16;5;0
Химпром ап;60;20170220;140000;7.29;7.29;7.29;7.29;2;0
Химпром ап;60;20170220;160000;7.16;7.16;7.16;7.16;1;0
Химпром ап;60;20170220;170000;7.16;7.16;7.16;7.16;1;0
Химпром ап;60;20170220;180000;7.15;7.15;7.15;7.15;1;0
Химпром ап;60;20170221;100000;7.4;7.45;7.01;7.29;38;0
Химпром ап;60;20170221;110000;7.27;7.29;7.1;7.17;14;0
Химпром ап;60;20170221;120000;7.25;7.25;7.05;7.05;4;0
Химпром ап;60;20170221;160000;7.07;7.07;7.07;7.07;1;0
Химпром ап;60;20170221;180000;7.23;7.27;7.23;7.23;32;0
Химпром ап;60;20170222;130000;7.32;7.32;7.01;7.01;11;0
Химпром ап;60;20170222;140000;7.05;7.05;7.05;7.05;2;0
Химпром ап;60;20170222;150000;7.05;7.05;7.05;7.05;1;0
Химпром ап;60;20170222;180000;7.02;7.07;6.91;6.91;20;0
Химпром ап;60;20170224;100000;7;7;6.77;6.77;12;0
Химпром ап;60;20170224;120000;6.78;6.78;6.77;6.77;14;0
Химпром ап;60;20170224;140000;6.76;6.85;6.75;6.85;15;0
Химпром ап;60;20170224;150000;6.99;7;6.9;6.9;9;0
Химпром ап;60;20170224;160000;6.91;6.91;6.91;6.91;1;0
Химпром ап;60;20170224;170000;6.9;6.99;6.9;6.99;10;0
Химпром ап;60;20170224;180000;6.98;7;6.98;7;10;0
Химпром ап;60;20170227;110000;6.87;6.91;6.87;6.9;6;0
Химпром ап;60;20170227;120000;6.85;6.85;6.85;6.85;1;0
Химпром ап;60;20170227;130000;6.81;6.81;6.7;6.7;16;0
Химпром ап;60;20170227;140000;6.71;6.79;6.63;6.79;64;0
Химпром ап;60;20170227;150000;6.79;6.79;6.73;6.73;2;0
Химпром ап;60;20170227;170000;6.79;6.8;6.79;6.8;4;0
Химпром ап;60;20170227;180000;6.92;6.98;6.89;6.89;10;0
Химпром ап;60;20170228;100000;6.89;6.89;6.66;6.7;8;0
Химпром ап;60;20170228;110000;6.63;6.69;6.4;6.51;37;0
Химпром ап;60;20170228;120000;6.52;6.52;6.52;6.52;1;0
Химпром ап;60;20170228;130000;6.66;6.7;6.66;6.7;15;0
Химпром ап;60;20170228;140000;6.73;6.76;6.7;6.76;6;0
Химпром ап;60;20170228;160000;6.75;6.75;6.75;6.75;4;0
Химпром ап;60;20170228;170000;6.77;6.89;6.75;6.75;24;0
Химпром ап;60;20170228;180000;6.7;6.77;6.7;6.77;13;0
Химпром ап;60;20170301;100000;6.89;6.89;6.75;6.75;8;0
Химпром ап;60;20170301;110000;6.92;6.95;6.92;6.95;4;0
Химпром ап;60;20170301;120000;6.88;7.05;6.88;7.05;18;0
Химпром ап;60;20170301;140000;6.79;6.91;6.79;6.9;6;0
Химпром ап;60;20170301;150000;6.9;6.9;6.8;6.8;23;0
Химпром ап;60;20170301;160000;6.78;6.91;6.78;6.91;2;0
Химпром ап;60;20170301;170000;6.79;6.79;6.7;6.7;50;0
Химпром ап;60;20170301;180000;6.7;6.7;6.35;6.53;208;0
Химпром ап;60;20170302;100000;6.64;6.8;6.6;6.8;43;0
Химпром ап;60;20170302;130000;6.67;6.8;6.67;6.8;2;0
Химпром ап;60;20170302;140000;6.84;6.84;6.84;6.84;31;0
Химпром ап;60;20170302;150000;6.7;6.7;6.56;6.56;9;0
Химпром ап;60;20170302;160000;6.56;6.56;6.45;6.45;19;0
Химпром ап;60;20170302;170000;6.63;6.63;6.51;6.51;9;0
Химпром ап;60;20170302;180000;6.67;6.67;6.38;6.47;44;0
Химпром ап;60;20170303;100000;6.32;6.4;6.2;6.35;24;0
Химпром ап;60;20170303;110000;6.22;6.33;6.12;6.29;47;0
Химпром ап;60;20170303;120000;6.25;6.3;6.25;6.3;3;0
Химпром ап;60;20170303;130000;6.2;6.2;6.17;6.17;6;0
Химпром ап;60;20170303;150000;6.21;6.3;6.2;6.3;6;0
Химпром ап;60;20170303;160000;6.29;6.32;6.29;6.32;11;0
Химпром ап;60;20170303;170000;6.32;6.32;6.32;6.32;1;0
Химпром ап;60;20170303;180000;6.33;6.36;6.28;6.29;6;0
Химпром ап;60;20170306;100000;6.23;6.34;6.23;6.34;6;0
Химпром ап;60;20170306;110000;6.34;6.34;6.29;6.29;12;0
Химпром ап;60;20170306;120000;6.29;6.29;6.29;6.29;15;0
Химпром ап;60;20170306;150000;6.3;6.3;6.3;6.3;1;0
Химпром ап;60;20170306;160000;6.39;6.4;6.39;6.4;3;0
Химпром ап;60;20170306;170000;6.4;7.18;6.4;7.18;125;0
Химпром ап;60;20170306;180000;6.83;6.83;6.4;6.51;55;0
Химпром ап;60;20170307;100000;6.56;6.56;6.26;6.35;32;0
Химпром ап;60;20170307;110000;6.41;6.43;6.41;6.43;6;0
Химпром ап;60;20170307;120000;6.4;6.5;6.35;6.5;20;0
Химпром ап;60;20170307;140000;6.33;6.4;6.3;6.3;7;0
Химпром ап;60;20170307;150000;6.31;6.31;6.31;6.31;3;0
Химпром ап;60;20170307;160000;6.4;6.55;6.31;6.31;13;0
Химпром ап;60;20170307;180000;6.49;6.49;6.49;6.49;3;0
Химпром ап;60;20170309;100000;6.2;6.37;6.2;6.37;6;0
Химпром ап;60;20170309;120000;6.29;6.29;6.26;6.27;5;0
Химпром ап;60;20170309;130000;6.25;6.25;5.6;6.01;155;0
Химпром ап;60;20170309;140000;6.05;6.05;5.97;5.98;4;0
Химпром ап;60;20170309;150000;5.94;5.94;5.83;5.92;7;0
Химпром ап;60;20170309;160000;5.9;5.96;5.9;5.96;15;0
Химпром ап;60;20170309;170000;5.95;5.95;5.81;5.9;16;0
Химпром ап;60;20170309;180000;5.9;5.9;5.8;5.8;27;0
Химпром ап;60;20170310;100000;5.49;6.01;5.45;5.99;21;0
Химпром ап;60;20170310;110000;5.92;6.09;5.9;6.09;38;0
Химпром ап;60;20170310;120000;5.96;5.96;5.96;5.96;1;0
Химпром ап;60;20170310;150000;6.12;6.12;6.1;6.1;2;0
Химпром ап;60;20170310;160000;6.1;6.19;6.1;6.15;15;0
Химпром ап;60;20170310;170000;6.19;6.2;6.02;6.16;5;0
Химпром ап;60;20170310;180000;6.14;6.26;6.14;6.26;15;0
Химпром ап;60;20170313;100000;6.16;6.21;6.15;6.15;12;0
Химпром ап;60;20170313;110000;6.14;6.18;6.14;6.18;2;0
Химпром ап;60;20170313;170000;6.18;6.23;6.17;6.18;10;0
Химпром ап;60;20170313;180000;6.25;6.3;6.23;6.23;8;0
Химпром ап;60;20170314;100000;6.1;6.2;6.1;6.2;2;0
Химпром ап;60;20170314;110000;6.21;6.21;6.21;6.21;1;0
Химпром ап;60;20170314;120000;6.22;6.33;6.22;6.33;9;0
Химпром ап;60;20170314;140000;6.34;6.34;6.25;6.25;2;0
Химпром ап;60;20170314;150000;6.25;6.25;6.25;6.25;1;0
Химпром ап;60;20170314;160000;6.24;6.24;6.2;6.2;8;0
Химпром ап;60;20170314;170000;6.22;6.22;6.2;6.2;4;0
Химпром ап;60;20170315;110000;6.29;6.29;6.28;6.28;2;0
Химпром ап;60;20170315;140000;6.32;6.32;6.32;6.32;1;0
Химпром ап;60;20170315;170000;6.22;6.22;6.22;6.22;11;0
Химпром ап;60;20170315;180000;6.22;6.3;6.18;6.3;18;0
Химпром ап;60;20170316;100000;6.46;6.46;6.31;6.31;5;0
Химпром ап;60;20170316;110000;6.3;6.31;6.3;6.31;4;0
Химпром ап;60;20170316;120000;6.31;6.36;6.15;6.36;17;0
Химпром ап;60;20170316;130000;6.2;6.2;6.18;6.18;5;0
Химпром ап;60;20170316;140000;6.18;6.18;6.18;6.18;3;0
Химпром ап;60;20170316;160000;6.25;6.25;6.25;6.25;1;0
Химпром ап;60;20170316;170000;6.25;6.28;6.18;6.2;26;0
Химпром ап;60;20170316;180000;6.15;6.23;6.1;6.23;23;0
Химпром ап;60;20170317;100000;6.27;6.27;6.03;6.09;8;0
Химпром ап;60;20170317;110000;6.1;6.1;6.1;6.1;1;0
Химпром ап;60;20170317;120000;6.1;6.1;6.05;6.05;3;0
Химпром ап;60;20170317;130000;6.05;6.05;6.01;6.01;29;0
Химпром ап;60;20170317;140000;6.08;6.09;6.08;6.09;9;0
Химпром ап;60;20170317;150000;6.03;6.03;6.03;6.03;1;0
Химпром ап;60;20170317;160000;6.07;6.07;6.03;6.03;8;0
Химпром ап;60;20170317;170000;6.01;6.05;6;6.05;23;0
Химпром ап;60;20170317;180000;6.03;6.09;6.02;6.09;8;0
Химпром ап;60;20170320;130000;6.06;6.06;6.05;6.05;10;0
Химпром ап;60;20170320;140000;6;6;6;6;5;0
Химпром ап;60;20170320;150000;6;6.05;6;6.05;6;0
Химпром ап;60;20170320;160000;6;6.06;6;6.06;13;0
Химпром ап;60;20170320;170000;6.09;6.09;6.09;6.09;2;0
Химпром ап;60;20170320;180000;6.09;6.19;6.09;6.19;5;0
Химпром ап;60;20170321;100000;6.06;6.07;6.05;6.05;11;0
Химпром ап;60;20170321;110000;6.16;6.16;6.16;6.16;1;0
Химпром ап;60;20170321;120000;6.09;6.09;6.09;6.09;1;0
Химпром ап;60;20170321;130000;6.09;6.1;6.09;6.1;3;0
Химпром ап;60;20170321;140000;6.08;6.08;6.03;6.08;3;0
Химпром ап;60;20170321;150000;6.04;6.04;6.04;6.04;4;0
Химпром ап;60;20170321;160000;6.09;6.09;6.09;6.09;1;0
Химпром ап;60;20170321;170000;6.09;6.09;6;6;19;0
Химпром ап;60;20170321;180000;5.99;5.99;5.92;5.93;39;0
Химпром ап;60;20170322;100000;6.08;6.09;5.75;5.99;21;0
Химпром ап;60;20170322;120000;5.92;5.92;5.92;5.92;4;0
Химпром ап;60;20170322;130000;5.95;6.08;5.95;6.08;20;0
Химпром ап;60;20170322;140000;6.05;6.05;5.97;5.97;13;0
Химпром ап;60;20170322;150000;6;6.04;6;6.04;5;0
Химпром ап;60;20170322;160000;6.04;6.06;6.02;6.02;7;0
Химпром ап;60;20170322;170000;6.08;6.1;5.95;6.03;12;0
Химпром ап;60;20170322;180000;6;6;5.95;5.95;99;0
Химпром ап;60;20170323;100000;6.05;6.05;6.05;6.05;1;0
Химпром ап;60;20170323;140000;6.04;6.04;6.04;6.04;2;0
Химпром ап;60;20170323;160000;5.92;5.92;5.91;5.91;4;0
Химпром ап;60;20170323;170000;5.9;5.94;5.9;5.94;7;0
Химпром ап;60;20170323;180000;6.01;6.01;5.99;5.99;4;0
Химпром ап;60;20170324;100000;6;6;6;6;1;0
Химпром ап;60;20170324;130000;5.9;5.91;5.9;5.91;3;0
Химпром ап;60;20170324;140000;5.97;6.01;5.97;6;11;0
Химпром ап;60;20170324;150000;6;6;6;6;2;0
Химпром ап;60;20170324;170000;6.02;6.02;6.02;6.02;1;0
Химпром ап;60;20170324;180000;5.99;5.99;5.99;5.99;1;0
Химпром ап;60;20170327;120000;5.9;5.9;5.9;5.9;1;0
Химпром ап;60;20170327;130000;5.94;5.95;5.94;5.95;2;0
Химпром ап;60;20170327;150000;5.97;5.97;5.97;5.97;1;0
Химпром ап;60;20170327;170000;5.91;5.91;5.9;5.9;13;0
Химпром ап;60;20170327;180000;5.9;5.98;5.85;5.98;4;0
Химпром ап;60;20170328;100000;5.86;5.86;5.86;5.86;1;0
Химпром ап;60;20170328;110000;5.91;5.99;5.91;5.99;9;0
Химпром ап;60;20170328;130000;5.91;5.92;5.9;5.92;3;0
Химпром ап;60;20170328;140000;5.88;5.99;5.88;5.99;5;0
Химпром ап;60;20170328;150000;5.97;6;5.97;6;3;0
Химпром ап;60;20170328;170000;6;6;6;6;6;0
Химпром ап;60;20170328;180000;5.95;6.04;5.95;6.04;4;0
Химпром ап;60;20170329;150000;6.07;6.07;6.07;6.07;1;0
Химпром ап;60;20170329;160000;6.07;6.07;6.07;6.07;1;0
Химпром ап;60;20170329;170000;5.94;6.05;5.94;6.05;2;0
Химпром ап;60;20170330;120000;5.95;5.97;5.95;5.96;4;0
Химпром ап;60;20170330;160000;6;6;6;6;1;0
Химпром ап;60;20170330;170000;6.02;6.02;6.02;6.02;1;0
Химпром ап;60;20170330;180000;6.01;6.01;6.01;6.01;1;0
Химпром ап;60;20170331;120000;5.99;6.05;5.99;6.05;3;0
Химпром ап;60;20170331;140000;6;6.08;6;6.08;5;0
Химпром ап;60;20170331;160000;6.02;6.02;6.02;6.02;3;0
Химпром ап;60;20170331;170000;6.02;6.33;6.02;6.33;52;0
Химпром ап;60;20170331;180000;6.33;6.33;6.19;6.2;21;0
Химпром ап;60;20170403;100000;6.39;6.84;6.3;6.83;120;0
Химпром ап;60;20170403;110000;6.71;6.81;6.3;6.57;108;0
Химпром ап;60;20170403;120000;6.25;6.38;6.2;6.38;77;0
Химпром ап;60;20170403;130000;6.39;6.39;6.39;6.39;1;0
Химпром ап;60;20170403;140000;6.24;6.24;6.05;6.05;32;0
Химпром ап;60;20170403;150000;6.19;6.19;6.19;6.19;1;0
Химпром ап;60;20170403;160000;6.19;6.29;6.12;6.12;4;0
Химпром ап;60;20170403;170000;6.12;6.12;6.1;6.1;4;0
Химпром ап;60;20170403;180000;6.17;6.17;6.17;6.17;2;0
Химпром ап;60;20170404;100000;6.09;6.09;6.09;6.09;1;0
Химпром ап;60;20170404;110000;6.1;6.1;6.1;6.1;1;0
Химпром ап;60;20170404;120000;6.09;6.09;6.02;6.02;2;0
Химпром ап;60;20170404;130000;6.08;6.08;6.05;6.05;137;0
Химпром ап;60;20170404;140000;6.07;6.07;6.07;6.07;3;0
Химпром ап;60;20170404;150000;6.07;6.07;6.07;6.07;2;0
Химпром ап;60;20170404;160000;6.07;6.07;6.07;6.07;5;0
Химпром ап;60;20170404;170000;6.08;6.08;6.08;6.08;1;0
Химпром ап;60;20170404;180000;6.07;6.16;6.07;6.16;3;0
Химпром ап;60;20170405;120000;6.09;6.09;6.09;6.09;2;0
Химпром ап;60;20170405;140000;6.08;6.08;6.07;6.07;2;0
Химпром ап;60;20170405;150000;6.08;6.08;6.07;6.07;2;0
Химпром ап;60;20170405;170000;6.06;6.06;6.06;6.06;1;0
Химпром ап;60;20170405;180000;6.07;6.07;6.07;6.07;1;0
Химпром ап;60;20170406;100000;6.02;6.14;6.02;6.14;5;0
Химпром ап;60;20170406;110000;6.02;6.02;6.02;6.02;2;0
Химпром ап;60;20170406;120000;6.02;6.02;5.99;5.99;13;0
Химпром ап;60;20170406;150000;5.98;5.98;5.98;5.98;1;0
Химпром ап;60;20170406;160000;5.97;5.97;5.94;5.94;6;0
Химпром ап;60;20170406;170000;5.93;5.93;5.86;5.87;25;0
Химпром ап;60;20170406;180000;5.91;5.95;5.9;5.9;14;0
Химпром ап;60;20170407;100000;5.98;6;5.98;5.99;8;0
Химпром ап;60;20170407;130000;5.86;5.86;5.81;5.81;6;0
Химпром ап;60;20170407;140000;5.86;5.86;5.86;5.86;2;0
Химпром ап;60;20170407;150000;5.81;5.81;5.78;5.78;11;0
Химпром ап;60;20170407;160000;5.77;5.8;5.5;5.5;67;0
Химпром ап;60;20170407;170000;5.5;5.61;5.5;5.61;22;0
Химпром ап;60;20170407;180000;5.65;5.79;5.65;5.79;10;0
Химпром ап;60;20170410;110000;5.71;5.71;5.66;5.66;2;0
Химпром ап;60;20170410;120000;5.84;5.84;5.79;5.8;4;0
Химпром ап;60;20170410;130000;5.85;5.85;5.85;5.85;1;0
Химпром ап;60;20170410;150000;5.71;5.71;5.65;5.68;11;0
Химпром ап;60;20170410;160000;5.6;5.6;5.33;5.47;45;0
Химпром ап;60;20170410;170000;5.5;5.57;5.5;5.51;15;0
Химпром ап;60;20170410;180000;5.59;5.59;5.5;5.5;6;0
Химпром ап;60;20170411;100000;5.49;5.5;5.4;5.41;6;0
Химпром ап;60;20170411;110000;5.41;5.5;5.41;5.5;3;0
Химпром ап;60;20170411;120000;5.55;5.57;5.55;5.57;11;0
Химпром ап;60;20170411;130000;5.57;5.57;5.5;5.5;3;0
Химпром ап;60;20170411;150000;5.57;5.58;5.55;5.55;5;0
Химпром ап;60;20170411;160000;5.55;5.55;5.55;5.55;10;0
Химпром ап;60;20170411;170000;5.51;5.51;5.5;5.5;5;0
Химпром ап;60;20170411;180000;5.48;5.5;5.48;5.5;7;0
Химпром ап;60;20170412;100000;5.28;5.44;5.25;5.44;29;0
Химпром ап;60;20170412;110000;5.4;5.4;5.4;5.4;1;0
Химпром ап;60;20170412;130000;5.4;5.4;5.4;5.4;1;0
Химпром ап;60;20170412;140000;5.39;5.39;5.21;5.25;66;0
Химпром ап;60;20170412;150000;5.25;5.25;5.2;5.2;3;0
Химпром ап;60;20170412;160000;5.2;5.25;5.2;5.25;12;0
Химпром ап;60;20170412;170000;5.2;5.2;5.19;5.2;37;0
Химпром ап;60;20170412;180000;5.15;5.21;5.12;5.14;7;0
Химпром ап;60;20170413;100000;5.26;5.26;5.1;5.11;13;0
Химпром ап;60;20170413;110000;5.1;5.1;5.01;5.1;12;0
Химпром ап;60;20170413;120000;5.11;5.15;5.11;5.15;18;0
Химпром ап;60;20170413;170000;5.03;5.03;5.03;5.03;3;0
Химпром ап;60;20170413;180000;5.12;5.12;5.05;5.08;7;0
Химпром ап;60;20170414;100000;4.86;5;4.86;5;2;0
Химпром ап;60;20170414;140000;5.04;5.05;5.02;5.05;4;0
Химпром ап;60;20170414;150000;5.06;5.06;5;5;11;0
Химпром ап;60;20170414;160000;5;5.24;5;5.24;18;0
Химпром ап;60;20170414;170000;5.07;5.07;5.07;5.07;1;0
Химпром ап;60;20170417;100000;4.84;5.12;4.84;5.12;3;0
Химпром ап;60;20170417;110000;5.24;5.24;5.19;5.19;3;0
Химпром ап;60;20170417;120000;5.2;5.2;5.2;5.2;2;0
Химпром ап;60;20170417;140000;5.01;5.23;5.01;5.23;2;0
Химпром ап;60;20170417;150000;5.24;5.78;5.2;5.5;66;0
Химпром ап;60;20170417;170000;5.15;5.15;5.15;5.15;1;0
Химпром ап;60;20170418;180000;5.05;5.2;5.05;5.2;3;0
Химпром ап;60;20170419;100000;5.03;5.03;5.03;5.03;1;0
Химпром ап;60;20170419;130000;5.05;5.05;5.05;5.05;1;0
Химпром ап;60;20170419;150000;5.06;5.06;5.06;5.06;1;0
Химпром ап;60;20170419;180000;5.06;5.06;5.02;5.02;5;0
Химпром ап;60;20170420;120000;5.22;5.22;5.22;5.22;1;0
Химпром ап;60;20170420;130000;5.17;5.17;5.08;5.08;2;0
Химпром ап;60;20170420;140000;5.05;5.05;5.01;5.01;6;0
Химпром ап;60;20170420;160000;4.98;4.98;4.98;4.98;1;0
Химпром ап;60;20170420;180000;5.01;5.07;4.96;5.07;9;0
Химпром ап;60;20170421;110000;5.07;5.07;5.07;5.07;1;0
Химпром ап;60;20170421;130000;5.07;5.08;5.07;5.08;3;0
Химпром ап;60;20170421;160000;5.09;5.2;5.09;5.1;11;0
Химпром ап;60;20170424;100000;4.98;5.06;4.98;5.03;5;0
Химпром ап;60;20170424;110000;5.17;5.17;5.17;5.17;1;0
Химпром ап;60;20170424;160000;5.05;5.05;5.05;5.05;1;0
Химпром ап;60;20170424;180000;5.03;5.03;5.03;5.03;2;0
Химпром ап;60;20170425;100000;5.13;5.13;5.13;5.13;1;0
Химпром ап;60;20170425;110000;5.01;5.01;4.94;4.94;8;0
Химпром ап;60;20170425;120000;4.97;4.97;4.97;4.97;1;0
Химпром ап;60;20170425;130000;4.98;5.04;4.98;5.04;3;0
Химпром ап;60;20170425;150000;4.98;4.98;4.98;4.98;13;0
Химпром ап;60;20170425;160000;4.98;4.98;4.94;4.98;16;0
Химпром ап;60;20170425;170000;4.98;4.99;3.36;4.7;331;0
Химпром ап;60;20170425;180000;4.75;4.89;4.7;4.84;18;0
Химпром ап;60;20170426;100000;4.83;4.94;4.83;4.84;4;0
Химпром ап;60;20170426;110000;4.84;4.84;4.84;4.84;3;0
Химпром ап;60;20170426;120000;4.84;4.84;4.84;4.84;7;0
Химпром ап;60;20170426;130000;4.84;4.84;4.84;4.84;1;0
Химпром ап;60;20170426;140000;4.76;4.76;4.76;4.76;2;0
Химпром ап;60;20170426;150000;4.76;4.83;4.7;4.83;8;0
Химпром ап;60;20170426;160000;4.83;4.83;4.62;4.79;9;0
Химпром ап;60;20170426;170000;4.68;4.68;4.68;4.68;1;0
Химпром ап;60;20170426;180000;4.74;4.74;4.62;4.74;3;0
Химпром ап;60;20170427;100000;4.97;4.97;4.65;4.65;4;0
Химпром ап;60;20170427;110000;4.55;4.67;4.51;4.55;16;0
Химпром ап;60;20170427;120000;4.55;4.6;4.46;4.6;26;0
Химпром ап;60;20170427;130000;4.56;4.6;4.52;4.6;20;0
Химпром ап;60;20170427;180000;4.55;4.55;4.51;4.51;10;0
Химпром ап;60;20170428;100000;4.6;4.6;4.59;4.59;2;0
Химпром ап;60;20170428;170000;4.5;4.69;4.36;4.5;66;0
Химпром ап;60;20170428;180000;4.6;4.68;4.6;4.68;2;0
Химпром ап;60;20170502;100000;4.81;4.85;4.7;4.7;6;0
Химпром ап;60;20170502;120000;4.55;4.72;4.55;4.7;5;0
Химпром ап;60;20170502;130000;4.52;4.6;4.5;4.55;7;0
Химпром ап;60;20170502;140000;4.43;4.54;4.43;4.54;3;0
Химпром ап;60;20170502;150000;4.54;4.54;4.54;4.54;1;0
Химпром ап;60;20170502;180000;4.55;4.7;4.55;4.7;6;0
Химпром ап;60;20170503;100000;4.72;4.78;4.7;4.78;4;0
Химпром ап;60;20170503;160000;4.46;4.46;4.46;4.46;1;0
Химпром ап;60;20170503;170000;4.6;4.72;4.6;4.7;3;0
Химпром ап;60;20170504;110000;4.7;4.7;4.7;4.7;1;0
Химпром ап;60;20170504;140000;4.51;4.6;4.51;4.6;4;0
Химпром ап;60;20170504;160000;4.5;4.67;4.5;4.6;14;0
Химпром ап;60;20170504;170000;4.6;4.63;4.6;4.63;2;0
Химпром ап;60;20170504;180000;4.52;4.52;4.52;4.52;1;0
Химпром ап;60;20170505;100000;4.49;4.68;4.45;4.68;11;0
Химпром ап;60;20170505;110000;4.57;4.57;4.57;4.57;1;0
Химпром ап;60;20170505;120000;4.47;4.47;4.47;4.47;1;0
Химпром ап;60;20170505;140000;4.44;4.44;4.44;4.44;1;0
Химпром ап;60;20170505;150000;4.43;4.53;4.43;4.53;2;0
Химпром ап;60;20170505;160000;4.47;4.53;4.45;4.53;6;0
Химпром ап;60;20170505;170000;4.54;4.54;4.54;4.54;1;0
Химпром ап;60;20170510;110000;4.28;4.71;4.28;4.69;16;0
Химпром ап;60;20170510;130000;4.7;4.7;4.7;4.7;2;0
Химпром ап;60;20170510;140000;4.71;4.71;4.71;4.71;5;0
Химпром ап;60;20170510;150000;4.78;4.82;4.78;4.82;6;0
Химпром ап;60;20170510;170000;4.63;4.7;4.63;4.7;3;0
Химпром ап;60;20170510;180000;4.53;4.6;4.52;4.52;4;0
Химпром ап;60;20170511;100000;4.67;4.7;4.41;4.7;8;0
Химпром ап;60;20170511;110000;4.64;4.64;4.5;4.5;14;0
Химпром ап;60;20170511;120000;4.53;4.53;4.53;4.53;6;0
Химпром ап;60;20170511;140000;4.55;4.57;4.55;4.57;6;0
Химпром ап;60;20170511;150000;4.52;4.52;4.52;4.52;3;0
Химпром ап;60;20170511;160000;4.53;4.53;4.53;4.53;2;0
Химпром ап;60;20170511;170000;4.57;4.59;4.57;4.57;6;0
Химпром ап;60;20170511;180000;4.6;4.6;4.6;4.6;3;0
Химпром ап;60;20170512;120000;4.6;4.77;4.5;4.5;16;0
Химпром ап;60;20170512;130000;4.53;4.69;4.51;4.6;13;0
Химпром ап;60;20170512;150000;4.51;4.51;4.5;4.5;7;0
Химпром ап;60;20170512;170000;4.44;4.44;4.44;4.44;2;0
Химпром ап;60;20170512;180000;4.45;4.45;4.45;4.45;1;0
Химпром ап;60;20170515;110000;4.67;4.67;4.59;4.59;2;0
Химпром ап;60;20170515;120000;4.58;4.6;4.58;4.6;2;0
Химпром ап;60;20170515;150000;4.53;4.53;4.53;4.53;1;0
Химпром ап;60;20170515;160000;4.53;4.55;4.5;4.55;7;0
Химпром ап;60;20170515;170000;4.5;4.55;4.5;4.53;7;0
Химпром ап;60;20170515;180000;4.5;4.5;4.5;4.5;1;0
Химпром ап;60;20170516;100000;4.42;4.42;4.42;4.42;3;0
Химпром ап;60;20170516;110000;4.53;4.53;4.42;4.43;3;0
Химпром ап;60;20170516;120000;4.41;4.41;4.41;4.41;1;0
Химпром ап;60;20170516;140000;4.37;4.4;4.37;4.4;6;0
Химпром ап;60;20170516;160000;4.31;4.31;4.31;4.31;1;0
Химпром ап;60;20170516;170000;4.42;4.42;4.42;4.42;1;0
Химпром ап;60;20170516;180000;4.35;4.43;4.35;4.43;2;0
Химпром ап;60;20170517;100000;4.51;4.51;4.3;4.3;6;0
Химпром ап;60;20170517;110000;4.3;4.3;4.23;4.23;5;0
Химпром ап;60;20170517;130000;4.3;4.35;4.28;4.3;14;0
Химпром ап;60;20170517;140000;4.23;4.65;4.21;4.64;34;0
Химпром ап;60;20170517;150000;4.51;4.61;4.32;4.45;23;0
Химпром ап;60;20170517;160000;4.5;4.5;4.5;4.5;1;0
Химпром ап;60;20170517;180000;4.5;4.5;4.5;4.5;2;0
Химпром ап;60;20170518;110000;4.48;4.64;4.48;4.64;7;0
Химпром ап;60;20170518;120000;4.64;4.65;4.64;4.65;5;0
Химпром ап;60;20170518;130000;4.65;4.65;4.65;4.65;3;0
Химпром ап;60;20170518;160000;4.52;4.52;4.43;4.43;12;0
Химпром ап;60;20170518;170000;4.41;4.41;4.39;4.39;9;0
Химпром ап;60;20170518;180000;4.49;4.52;4.49;4.52;4;0
Химпром ап;60;20170519;100000;4.65;4.65;4.59;4.59;2;0
Химпром ап;60;20170519;110000;4.57;4.57;4.57;4.57;1;0
Химпром ап;60;20170519;130000;4.57;4.57;4.57;4.57;8;0
Химпром ап;60;20170519;160000;4.58;4.58;4.58;4.58;1;0
Химпром ап;60;20170522;100000;4.45;4.45;4.45;4.45;1;0
Химпром ап;60;20170522;110000;4.57;4.58;4.57;4.58;2;0
Химпром ап;60;20170522;160000;4.58;4.58;4.46;4.46;2;0
Химпром ап;60;20170522;170000;4.5;4.59;4.5;4.59;8;0
Химпром ап;60;20170522;180000;4.6;4.6;4.6;4.6;6;0
Химпром ап;60;20170523;100000;4.69;4.98;4.6;4.8;32;0
Химпром ап;60;20170523;110000;4.71;4.71;4.68;4.68;21;0
Химпром ап;60;20170523;120000;4.68;4.8;4.68;4.8;4;0
Химпром ап;60;20170523;150000;4.8;5;4.8;5;7;0
Химпром ап;60;20170523;160000;4.92;4.95;4.69;4.69;6;0
Химпром ап;60;20170523;170000;4.71;4.71;4.71;4.71;2;0
Химпром ап;60;20170523;180000;4.71;4.71;4.71;4.71;1;0
Химпром ап;60;20170524;100000;4.84;4.93;4.84;4.93;6;0
Химпром ап;60;20170524;110000;4.9;4.9;4.9;4.9;1;0
Химпром ап;60;20170524;120000;4.7;4.94;4.7;4.86;25;0
Химпром ап;60;20170524;140000;4.85;4.9;4.85;4.9;3;0
Химпром ап;60;20170524;180000;4.9;4.9;4.7;4.7;4;0
Химпром ап;60;20170525;100000;4.9;5.36;4.75;4.9;13;0
Химпром ап;60;20170525;110000;4.8;4.9;4.75;4.89;13;0
Химпром ап;60;20170525;120000;4.9;4.9;4.9;4.9;1;0
Химпром ап;60;20170525;160000;4.93;4.93;4.93;4.93;1;0
Химпром ап;60;20170525;180000;4.9;4.94;4.9;4.94;15;0
Химпром ап;60;20170526;100000;5.08;5.08;5.08;5.08;1;0
Химпром ап;60;20170526;120000;5;5.26;5;5.26;25;0
Химпром ап;60;20170526;130000;5.24;6.39;5.24;5.84;729;0
Химпром ап;60;20170526;140000;5.82;6.28;5.8;6.28;133;0
Химпром ап;60;20170526;150000;6.28;6.28;5.74;5.74;105;0
Химпром ап;60;20170526;160000;5.73;6.09;5.51;5.51;188;0
Химпром ап;60;20170526;170000;5.5;5.54;5.22;5.22;66;0
Химпром ап;60;20170526;180000;5.37;5.37;5.09;5.09;22;0
Химпром ап;60;20170529;100000;5.28;5.28;4.81;4.9;44;0
Химпром ап;60;20170529;110000;4.77;5;4.77;4.82;12;0
Химпром ап;60;20170529;120000;4.9;4.99;4.81;4.99;7;0
Химпром ап;60;20170529;140000;4.86;5.29;4.8;5.25;28;0
Химпром ап;60;20170529;150000;5.07;5.1;4.9;4.92;35;0
Химпром ап;60;20170529;160000;5.03;5.03;5;5;5;0
Химпром ап;60;20170529;170000;5.03;5.07;4.95;4.95;5;0
Химпром ап;60;20170529;180000;5;5;4.95;4.95;9;0
Химпром ап;60;20170530;110000;4.91;5.06;4.9;4.9;12;0
Химпром ап;60;20170530;120000;4.97;4.98;4.86;4.98;17;0
Химпром ап;60;20170530;140000;4.86;4.86;4.86;4.86;2;0
Химпром ап;60;20170530;160000;4.96;4.98;4.96;4.98;10;0
Химпром ап;60;20170531;100000;5.01;5.04;5;5.04;5;0
Химпром ап;60;20170531;110000;5.06;5.1;5.06;5.1;12;0
Химпром ап;60;20170531;120000;4.91;5.09;4.91;5.09;2;0
Химпром ап;60;20170531;130000;5.05;5.05;4.93;4.93;2;0
Химпром ап;60;20170531;140000;5.04;5.04;4.9;4.9;4;0
Химпром ап;60;20170531;150000;5;5.1;5;5.1;14;0
Химпром ап;60;20170531;170000;4.96;5.14;4.96;5.01;22;0
Химпром ап;60;20170531;180000;5;5;5;5;1;0
Химпром ап;60;20170601;100000;4.91;5.1;4.88;5.1;4;0
Химпром ап;60;20170601;120000;4.92;4.92;4.91;4.91;3;0
Химпром ап;60;20170601;130000;4.91;5.12;4.91;5.12;18;0
Химпром ап;60;20170601;150000;4.94;5;4.91;4.91;4;0
Химпром ап;60;20170601;170000;5;5;5;5;1;0
Химпром ап;60;20170602;100000;4.85;5;4.82;4.82;5;0
Химпром ап;60;20170602;110000;4.83;4.88;4.71;4.88;13;0
Химпром ап;60;20170602;140000;4.8;4.8;4.8;4.8;1;0
Химпром ап;60;20170602;160000;4.74;4.74;4.73;4.74;5;0
Химпром ап;60;20170602;180000;4.76;4.87;4.75;4.82;5;0
Химпром ап;60;20170605;100000;4.97;4.97;4.9;4.9;2;0
Химпром ап;60;20170605;110000;4.81;4.81;4.79;4.79;5;0
Химпром ап;60;20170605;120000;4.81;4.95;4.81;4.95;3;0
Химпром ап;60;20170605;130000;4.81;4.81;4.81;4.81;1;0
Химпром ап;60;20170605;150000;4.8;4.8;4.8;4.8;2;0
Химпром ап;60;20170605;180000;4.78;4.78;4.78;4.78;1;0
Химпром ап;60;20170606;110000;4.71;4.71;4.7;4.7;3;0
Химпром ап;60;20170606;140000;4.71;4.71;4.71;4.71;1;0
Химпром ап;60;20170606;150000;4.82;4.83;4.82;4.83;2;0
Химпром ап;60;20170606;160000;4.79;4.79;4.79;4.79;2;0
Химпром ап;60;20170607;100000;4.79;4.8;4.79;4.8;3;0
Химпром ап;60;20170607;110000;4.79;5;4.79;5;7;0
Химпром ап;60;20170607;120000;4.89;4.89;4.89;4.89;2;0
Химпром ап;60;20170607;140000;4.83;4.83;4.83;4.83;2;0
Химпром ап;60;20170607;160000;4.83;4.83;4.83;4.83;10;0
Химпром ап;60;20170608;100000;4.81;4.82;4.78;4.78;5;0
Химпром ап;60;20170608;110000;4.77;4.77;4.7;4.71;14;0
Химпром ап;60;20170608;120000;4.92;4.92;4.72;4.72;11;0
Химпром ап;60;20170608;180000;4.74;4.82;4.7;4.82;8;0
Химпром ап;60;20170609;110000;4.75;4.75;4.75;4.75;1;0
Химпром ап;60;20170609;120000;4.75;4.75;4.75;4.75;4;0
Химпром ап;60;20170609;180000;4.77;4.77;4.75;4.75;4;0
Химпром ап;60;20170613;100000;4.78;4.78;4.78;4.78;1;0
Химпром ап;60;20170613;120000;4.8;4.8;4.8;4.8;2;0
Химпром ап;60;20170613;150000;4.75;4.75;4.75;4.75;1;0
Химпром ап;60;20170613;160000;4.73;4.73;4.71;4.71;10;0
Химпром ап;60;20170613;170000;4.71;4.71;4.71;4.71;3;0
Химпром ап;60;20170613;180000;4.7;4.73;4.7;4.73;11;0
Химпром ап;60;20170614;100000;4.65;4.7;4.65;4.7;2;0
Химпром ап;60;20170614;110000;4.64;4.64;4.62;4.62;3;0
Химпром ап;60;20170614;120000;4.65;4.65;4.61;4.61;2;0
Химпром ап;60;20170614;180000;4.6;4.6;4.6;4.6;9;0
Химпром ап;60;20170615;100000;4.58;4.6;4.5;4.5;16;0
Химпром ап;60;20170615;110000;4.52;4.52;4.52;4.52;1;0
Химпром ап;60;20170615;120000;4.49;4.49;4.45;4.45;4;0
Химпром ап;60;20170615;130000;4.48;4.5;4.48;4.5;5;0
Химпром ап;60;20170615;140000;4.5;4.5;4.5;4.5;15;0
Химпром ап;60;20170615;160000;4.49;4.49;4.4;4.4;12;0
Химпром ап;60;20170615;170000;4.4;4.66;4.4;4.48;68;0
Химпром ап;60;20170615;180000;4.52;4.52;4.52;4.52;1;0
Химпром ап;60;20170616;100000;4.57;4.57;4.57;4.57;1;0
Химпром ап;60;20170616;110000;4.57;5.1;4.57;4.91;61;0
Химпром ап;60;20170616;120000;4.91;4.91;4.5;4.5;27;0
Химпром ап;60;20170616;130000;4.6;4.6;4.6;4.6;6;0
Химпром ап;60;20170616;140000;4.59;4.65;4.56;4.56;3;0
Химпром ап;60;20170616;150000;4.55;4.55;4.55;4.55;15;0
Химпром ап;60;20170616;160000;4.54;4.54;4.5;4.5;46;0
Химпром ап;60;20170616;180000;4.53;4.53;4.51;4.51;6;0
Химпром ап;60;20170619;100000;4.59;4.59;4.59;4.59;3;0
Химпром ап;60;20170619;110000;4.51;4.51;4.51;4.51;1;0
Химпром ап;60;20170619;130000;4.59;4.6;4.59;4.6;9;0
Химпром ап;60;20170619;140000;4.55;4.55;4.55;4.55;2;0
Химпром ап;60;20170619;160000;4.46;4.46;4.46;4.46;1;0
Химпром ап;60;20170619;170000;4.51;4.51;4.45;4.45;3;0
Химпром ап;60;20170620;110000;4.44;4.5;4.43;4.5;8;0
Химпром ап;60;20170620;140000;4.5;4.5;4.5;4.5;1;0
Химпром ап;60;20170620;150000;4.5;4.5;4.5;4.5;2;0
Химпром ап;60;20170620;160000;4.55;4.55;4.44;4.5;13;0
Химпром ап;60;20170620;170000;4.43;4.49;4.4;4.49;12;0
Химпром ап;60;20170621;110000;4.58;4.58;4.58;4.58;1;0
Химпром ап;60;20170621;120000;4.55;4.6;4.55;4.6;5;0
Химпром ап;60;20170621;160000;4.52;4.52;4.52;4.52;1;0
Химпром ап;60;20170622;120000;4.6;4.61;4.6;4.6;4;0
Химпром ап;60;20170622;180000;4.43;4.43;4.43;4.43;2;0
Химпром ап;60;20170623;100000;4.56;5.33;4.56;4.7;7;0
Химпром ап;60;20170623;110000;4.57;4.6;4.57;4.6;2;0
Химпром ап;60;20170623;140000;4.52;4.52;4.5;4.5;19;0
Химпром ап;60;20170623;150000;4.74;4.74;4.74;4.74;1;0
Химпром ап;60;20170623;160000;4.59;4.6;4.59;4.6;2;0
Химпром ап;60;20170623;180000;4.66;4.66;4.66;4.66;1;0
Химпром ап;60;20170626;110000;4.79;4.79;4.7;4.7;2;0
Химпром ап;60;20170626;120000;4.7;4.7;4.65;4.65;5;0
Химпром ап;60;20170626;150000;4.56;4.6;4.55;4.6;4;0
Химпром ап;60;20170626;160000;4.75;4.75;4.51;4.51;19;0
Химпром ап;60;20170626;170000;4.6;4.6;4.6;4.6;1;0
Химпром ап;60;20170626;180000;4.57;4.57;4.51;4.51;4;0
Химпром ап;60;20170627;100000;4.58;4.65;4.58;4.65;3;0
Химпром ап;60;20170627;120000;4.54;4.54;4.54;4.54;12;0
Химпром ап;60;20170627;140000;4.67;4.67;4.67;4.67;1;0
Химпром ап;60;20170627;170000;4.65;4.65;4.65;4.65;2;0
Химпром ап;60;20170627;180000;4.66;4.66;4.66;4.66;1;0
Химпром ап;60;20170628;100000;4.76;4.77;4.69;4.77;9;0
Химпром ап;60;20170628;120000;4.76;4.76;4.76;4.76;1;0
Химпром ап;60;20170628;160000;4.66;4.66;4.66;4.66;1;0
Химпром ап;60;20170628;170000;4.74;4.75;4.74;4.75;3;0
Химпром ап;60;20170629;140000;4.75;4.77;4.75;4.77;11;0
Химпром ап;60;20170629;170000;4.77;4.77;4.72;4.72;4;0
Химпром ап;60;20170629;180000;4.76;4.76;4.76;4.76;5;0
Химпром ап;60;20170703;120000;4.78;4.78;4.78;4.78;1;0
Химпром ап;60;20170703;140000;4.94;4.94;4.81;4.81;4;0
Химпром ап;60;20170703;170000;4.71;4.71;4.7;4.7;4;0
Химпром ап;60;20170703;180000;4.67;4.67;4.67;4.67;2;0
Химпром ап;60;20170704;110000;4.87;4.87;4.87;4.87;1;0
Химпром ап;60;20170704;120000;4.8;4.8;4.8;4.8;2;0
Химпром ап;60;20170704;140000;4.78;4.79;4.78;4.79;2;0
Химпром ап;60;20170704;150000;4.78;4.79;4.78;4.79;2;0
Химпром ап;60;20170704;170000;4.73;4.73;4.73;4.73;2;0
Химпром ап;60;20170705;150000;4.87;5.2;4.76;4.9;27;0
Химпром ап;60;20170705;170000;4.9;5;4.9;4.91;12;0
Химпром ап;60;20170705;180000;4.87;4.9;4.87;4.9;2;0
Химпром ап;60;20170706;100000;5.1;5.1;5;5.1;10;0
Химпром ап;60;20170706;120000;5.01;5.01;5;5;3;0
Химпром ап;60;20170706;130000;4.9;4.9;4.9;4.9;1;0
Химпром ап;60;20170706;150000;4.9;4.9;4.88;4.88;4;0
Химпром ап;60;20170707;150000;4.9;4.9;4.9;4.9;2;0
Химпром ап;60;20170707;160000;4.9;4.9;4.9;4.9;4;0
Химпром ап;60;20170707;170000;5.07;5.07;5.07;5.07;1;0
Химпром ап;60;20170707;180000;5;5.07;5;5.07;5;0
Химпром ап;60;20170710;100000;5;5;5;5;1;0
Химпром ап;60;20170710;130000;4.91;4.91;4.9;4.9;7;0
Химпром ап;60;20170710;160000;4.91;4.91;4.68;4.68;22;0
Химпром ап;60;20170710;170000;4.82;4.82;4.82;4.82;1;0
Химпром ап;60;20170711;110000;4.73;4.8;4.7;4.7;11;0
Химпром ап;60;20170711;120000;4.66;4.66;4.66;4.66;1;0
Химпром ап;60;20170711;130000;4.67;4.67;4.65;4.65;10;0
Химпром ап;60;20170711;160000;4.78;4.78;4.78;4.78;1;0
Химпром ап;60;20170711;170000;4.69;4.69;4.69;4.69;6;0
Химпром ап;60;20170712;110000;5.04;5.04;4.67;4.67;4;0
Химпром ап;60;20170712;120000;4.7;4.7;4.69;4.69;2;0
Химпром ап;60;20170712;130000;4.68;4.68;4.68;4.68;1;0
Химпром ап;60;20170712;140000;4.89;4.89;4.8;4.8;2;0
Химпром ап;60;20170712;150000;4.68;4.68;4.5;4.5;30;0
Химпром ап;60;20170712;160000;4.7;4.7;4.7;4.7;1;0
Химпром ап;60;20170712;170000;4.69;4.69;4.69;4.69;1;0
Химпром ап;60;20170712;180000;4.55;4.55;4.55;4.55;4;0
Химпром ап;60;20170713;160000;4.6;4.6;4.6;4.6;1;0
Химпром ап;60;20170714;100000;4.59;4.59;4.59;4.59;2;0
Химпром ап;60;20170714;120000;4.65;4.65;4.65;4.65;1;0
Химпром ап;60;20170717;110000;4.6;4.6;4.6;4.6;1;0
Химпром ап;60;20170717;170000;4.66;4.93;4.65;4.7;5;0
Химпром ап;60;20170719;100000;4.8;4.8;4.8;4.8;2;0
Химпром ап;60;20170719;110000;4.77;4.77;4.77;4.77;1;0
Химпром ап;60;20170719;130000;4.73;4.73;4.73;4.73;2;0
Химпром ап;60;20170719;140000;4.73;4.73;4.65;4.65;5;0
Химпром ап;60;20170719;150000;4.75;4.75;4.75;4.75;1;0
Химпром ап;60;20170719;180000;4.65;4.65;4.62;4.62;23;0
Химпром ап;60;20170720;100000;4.89;4.89;4.8;4.8;2;0
Химпром ап;60;20170720;110000;4.88;4.88;4.68;4.68;10;0
Химпром ап;60;20170720;120000;4.68;4.68;4.68;4.68;1;0
Химпром ап;60;20170720;150000;4.68;4.68;4.6;4.6;21;0
Химпром ап;60;20170720;160000;4.6;4.6;4.6;4.6;2;0
Химпром ап;60;20170720;170000;4.76;4.76;4.69;4.69;3;0
Химпром ап;60;20170720;180000;4.56;4.56;4.56;4.56;1;0
Химпром ап;60;20170721;110000;4.58;4.58;4.58;4.58;1;0
Химпром ап;60;20170721;140000;4.73;4.73;4.69;4.69;2;0
Химпром ап;60;20170721;160000;4.6;4.6;4.6;4.6;2;0
Химпром ап;60;20170721;170000;4.59;4.59;4.58;4.58;3;0
Химпром ап;60;20170721;180000;4.58;4.67;4.57;4.57;5;0
Химпром ап;60;20170724;130000;4.63;4.63;4.63;4.63;1;0
Химпром ап;60;20170724;150000;4.68;4.68;4.68;4.68;2;0
Химпром ап;60;20170724;180000;4.79;5.19;4.79;5.03;131;0
Химпром ап;60;20170725;100000;5.12;5.18;5.02;5.03;6;0
Химпром ап;60;20170725;110000;5.02;5.02;5.02;5.02;1;0
Химпром ап;60;20170725;120000;5.07;5.07;5.07;5.07;2;0
Химпром ап;60;20170725;150000;5.05;5.05;5.05;5.05;5;0
Химпром ап;60;20170725;160000;5.02;5.02;5;5;14;0
Химпром ап;60;20170725;170000;5;5;5;5;4;0
Химпром ап;60;20170725;180000;5.15;5.15;4.97;4.97;2;0
Химпром ап;60;20170726;100000;5.19;5.19;5.1;5.1;2;0
Химпром ап;60;20170726;120000;5.12;5.13;5.12;5.13;4;0
Химпром ап;60;20170726;140000;5.16;5.16;5.16;5.16;2;0
Химпром ап;60;20170726;170000;5.03;5.08;5.02;5.02;4;0
Химпром ап;60;20170726;180000;5.16;5.25;5.02;5.2;40;0
Химпром ап;60;20170727;100000;5.4;5.4;5.3;5.3;9;0
Химпром ап;60;20170727;130000;5.35;5.35;5.35;5.35;1;0
Химпром ап;60;20170727;140000;5.36;5.4;5.28;5.3;6;0
Химпром ап;60;20170727;150000;5.22;5.22;5.17;5.17;7;0
Химпром ап;60;20170727;160000;5.17;5.4;5.17;5.3;6;0
Химпром ап;60;20170727;180000;5.17;5.17;5.17;5.17;1;0
Химпром ап;60;20170728;110000;5.1;5.2;5.05;5.05;4;0
Химпром ап;60;20170728;120000;5.06;5.06;5.06;5.06;3;0
Химпром ап;60;20170728;130000;5.1;5.1;5.1;5.1;1;0
Химпром ап;60;20170728;170000;5.06;5.06;5.06;5.06;1;0
Химпром ап;60;20170731;090000;5.12;5.12;5.12;5.12;1;0
Химпром ап;60;20170731;100000;5.15;5.44;5.15;5.4;8;0
Химпром ап;60;20170731;110000;5.31;5.31;5.3;5.3;3;0
Химпром ап;60;20170731;120000;5.43;5.43;5.21;5.21;2;0
Химпром ап;60;20170731;130000;5.2;5.34;5.2;5.34;3;0
Химпром ап;60;20170731;140000;5.3;5.37;5.3;5.37;5;0
Химпром ап;60;20170731;150000;5.38;5.4;5.35;5.36;11;0
Химпром ап;60;20170731;160000;5.4;5.4;4.99;5;96;0
Химпром ап;60;20170731;170000;5.19;5.2;4.92;5.09;29;0
Химпром ап;60;20170731;180000;4.97;4.97;4.9;4.93;22;0
Химпром ап;60;20170801;100000;4.81;4.81;4.7;4.7;16;0
Химпром ап;60;20170801;110000;4.83;4.84;4.83;4.84;3;0
Химпром ап;60;20170801;120000;4.8;4.8;4.8;4.8;5;0
Химпром ап;60;20170801;140000;4.77;4.81;4.77;4.81;17;0
Химпром ап;60;20170801;160000;4.81;4.81;4.81;4.81;10;0
Химпром ап;60;20170801;170000;4.81;4.81;4.81;4.81;1;0
Химпром ап;60;20170801;180000;4.82;4.82;4.76;4.76;3;0
Химпром ап;60;20170802;100000;5.02;5.02;4.89;4.89;2;0
Химпром ап;60;20170802;110000;4.89;4.89;4.8;4.8;2;0
Химпром ап;60;20170802;120000;4.89;4.89;4.89;4.89;2;0
Химпром ап;60;20170802;140000;4.9;4.98;4.9;4.98;3;0
Химпром ап;60;20170802;170000;4.96;4.96;4.96;4.96;6;0
Химпром ап;60;20170802;180000;4.96;4.96;4.96;4.96;1;0
Химпром ап;60;20170803;100000;4.9;4.9;4.88;4.88;2;0
Химпром ап;60;20170803;110000;4.86;4.86;4.86;4.86;1;0
Химпром ап;60;20170803;170000;4.8;4.8;4.78;4.78;18;0
Химпром ап;60;20170804;100000;4.71;4.71;4.71;4.71;1;0
Химпром ап;60;20170804;120000;4.89;4.89;4.89;4.89;1;0
Химпром ап;60;20170804;140000;4.8;4.8;4.8;4.8;1;0
Химпром ап;60;20170804;170000;4.81;4.81;4.81;4.81;1;0
Химпром ап;60;20170804;180000;4.92;4.92;4.92;4.92;1;0
Химпром ап;60;20170807;100000;4.96;4.96;4.45;4.69;42;0
Химпром ап;60;20170807;110000;4.68;5.17;4.68;5.17;31;0
Химпром ап;60;20170807;130000;4.78;4.9;4.77;4.77;7;0
Химпром ап;60;20170807;150000;4.93;4.93;4.82;4.82;4;0
Химпром ап;60;20170807;180000;4.89;4.89;4.8;4.8;8;0
Химпром ап;60;20170808;100000;4.99;4.99;4.9;4.99;13;0
Химпром ап;60;20170808;110000;4.78;4.8;4.78;4.78;3;0
Химпром ап;60;20170808;130000;4.83;4.96;4.83;4.89;3;0
Химпром ап;60;20170808;150000;4.9;4.9;4.9;4.9;1;0
Химпром ап;60;20170808;160000;4.81;4.95;4.81;4.95;3;0
Химпром ап;60;20170808;180000;4.82;4.82;4.82;4.82;1;0
Химпром ап;60;20170809;100000;4.9;5.07;4.86;5;21;0
Химпром ап;60;20170809;110000;4.96;5.01;4.96;5.01;2;0
Химпром ап;60;20170809;120000;5.02;5.02;5.02;5.02;1;0
Химпром ап;60;20170809;160000;4.99;5;4.99;5;3;0
Химпром ап;60;20170809;170000;5;5;4.94;5;7;0
Химпром ап;60;20170809;180000;5.02;5.02;4.95;4.95;6;0
Химпром ап;60;20170810;100000;4.88;4.9;4.88;4.9;2;0
Химпром ап;60;20170810;110000;4.92;4.92;4.9;4.9;3;0
Химпром ап;60;20170810;140000;5.02;5.02;5.02;5.02;1;0
Химпром ап;60;20170810;170000;4.89;5.08;4.89;5.08;9;0
Химпром ап;60;20170810;180000;5.01;5.01;4.95;4.95;4;0
Химпром ап;60;20170811;110000;4.85;4.9;4.85;4.85;5;0
Химпром ап;60;20170811;120000;4.88;4.98;4.86;4.96;5;0
Химпром ап;60;20170811;130000;4.87;4.87;4.86;4.86;2;0
Химпром ап;60;20170811;160000;4.87;4.87;4.87;4.87;2;0
Химпром ап;60;20170811;170000;4.86;4.95;4.72;4.9;38;0
Химпром ап;60;20170814;100000;4.88;4.88;4.88;4.88;1;0
Химпром ап;60;20170814;150000;5.01;5.1;4.99;5.1;34;0
Химпром ап;60;20170814;160000;5.15;5.38;5.15;5.21;37;0
Химпром ап;60;20170814;170000;5.21;5.21;5.18;5.18;13;0
Химпром ап;60;20170814;180000;5.1;5.26;5;5;19;0
Химпром ап;60;20170815;120000;5.08;5.12;5.08;5.12;12;0
Химпром ап;60;20170815;140000;4.97;5.04;4.9;5.04;12;0
Химпром ап;60;20170815;150000;5.03;5.03;5.03;5.03;1;0
Химпром ап;60;20170815;160000;4.96;4.96;4.96;4.96;1;0
Химпром ап;60;20170815;170000;4.98;4.98;4.97;4.97;2;0
Химпром ап;60;20170815;180000;4.97;5.03;4.96;5.03;5;0
Химпром ап;60;20170816;100000;4.99;4.99;4.94;4.98;4;0
Химпром ап;60;20170816;110000;4.93;4.93;4.93;4.93;1;0
Химпром ап;60;20170816;120000;4.93;4.93;4.93;4.93;1;0
Химпром ап;60;20170816;130000;4.96;4.96;4.96;4.96;2;0
Химпром ап;60;20170816;140000;4.92;4.99;4.86;4.99;53;0
Химпром ап;60;20170816;150000;4.94;4.94;4.94;4.94;2;0
Химпром ап;60;20170816;160000;4.95;4.95;4.95;4.95;8;0
Химпром ап;60;20170816;180000;4.91;4.91;4.86;4.86;23;0
Химпром ап;60;20170817;100000;4.99;4.99;4.9;4.9;21;0
Химпром ап;60;20170817;120000;4.96;4.96;4.96;4.96;4;0
Химпром ап;60;20170817;150000;4.89;4.99;4.89;4.99;2;0
Химпром ап;60;20170818;100000;4.98;5.02;4.98;5.02;12;0
Химпром ап;60;20170818;120000;4.91;4.91;4.88;4.88;16;0
Химпром ап;60;20170818;180000;4.9;4.9;4.88;4.88;4;0
Химпром ап;60;20170821;100000;4.9;4.9;4.9;4.9;5;0
Химпром ап;60;20170821;110000;4.9;5;4.85;5;11;0
Химпром ап;60;20170821;120000;4.99;5;4.99;5;2;0
Химпром ап;60;20170821;130000;4.99;5.34;4.99;5.2;124;0
Химпром ап;60;20170821;150000;5;5.19;5;5.19;49;0
Химпром ап;60;20170821;160000;5.01;5.01;5.01;5.01;1;0
Химпром ап;60;20170821;170000;5.17;5.18;5.17;5.18;4;0
Химпром ап;60;20170821;180000;5.05;5.15;5.04;5.15;4;0
Химпром ап;60;20170822;090000;5.3;5.3;5.3;5.3;1;0
Химпром ап;60;20170822;100000;5.24;5.8;5.1;5.6;149;0
Химпром ап;60;20170822;110000;5.6;5.89;5.21;5.21;238;0
Химпром ап;60;20170822;120000;5.2;5.21;5.18;5.21;3;0
Химпром ап;60;20170822;130000;5.2;5.2;5.05;5.15;31;0
Химпром ап;60;20170822;150000;5.14;5.14;5.05;5.05;6;0
Химпром ап;60;20170822;160000;5.06;5.07;5.05;5.05;3;0
Химпром ап;60;20170822;170000;5.02;5.02;5.01;5.01;6;0
Химпром ап;60;20170822;180000;5.12;5.16;5.01;5.1;17;0
Химпром ап;60;20170823;110000;5.11;5.11;5.1;5.1;3;0
Химпром ап;60;20170824;100000;5.28;5.3;5.19;5.27;11;0
Химпром ап;60;20170824;120000;5.11;5.11;5.11;5.11;1;0
Химпром ап;60;20170824;130000;5.11;5.11;5.1;5.1;8;0
Химпром ап;60;20170824;150000;5.1;5.1;5.1;5.1;1;0
Химпром ап;60;20170824;160000;5.06;5.14;5.03;5.14;11;0
Химпром ап;60;20170824;180000;5.02;5.02;5.02;5.02;4;0
Химпром ап;60;20170825;100000;5.02;5.03;5.02;5.03;3;0
Химпром ап;60;20170825;120000;5.02;5.19;5.02;5.19;3;0
Химпром ап;60;20170825;130000;5.18;5.29;5.09;5.1;39;0
Химпром ап;60;20170825;150000;5.24;5.28;5.11;5.11;11;0
Химпром ап;60;20170825;160000;5.19;5.19;5.19;5.19;1;0
Химпром ап;60;20170825;180000;5.19;5.2;5.1;5.1;4;0
Химпром ап;60;20170828;160000;5.25;5.25;5.25;5.25;2;0
Химпром ап;60;20170828;180000;5.19;5.19;5.19;5.19;1;0
Химпром ап;60;20170829;100000;5.19;5.19;5.05;5.1;10;0
Химпром ап;60;20170829;110000;5.16;5.2;5.16;5.2;10;0
Химпром ап;60;20170829;130000;5.2;5.2;5.2;5.2;1;0
Химпром ап;60;20170829;140000;5.11;5.11;5.1;5.1;4;0
Химпром ап;60;20170829;180000;5.17;5.2;5.06;5.1;7;0
Химпром ап;60;20170830;090000;5.6;5.6;5.6;5.6;1;0
Химпром ап;60;20170830;110000;5.14;5.14;5.14;5.14;2;0
Химпром ап;60;20170830;120000;5.13;5.13;5.13;5.13;2;0
Химпром ап;60;20170830;130000;5.15;5.15;5.15;5.15;1;0
Химпром ап;60;20170830;150000;5.28;5.28;5.28;5.28;2;0
Химпром ап;60;20170830;170000;5.29;5.31;5.29;5.31;4;0
Химпром ап;60;20170831;100000;5.24;5.34;5.24;5.34;14;0
Химпром ап;60;20170831;110000;5.31;5.35;5.31;5.35;11;0
Химпром ап;60;20170831;120000;5.38;5.38;5.38;5.38;1;0
Химпром ап;60;20170831;130000;5.37;5.37;5.34;5.34;7;0
Химпром ап;60;20170831;160000;5.16;5.21;5.15;5.21;10;0
Химпром ап;60;20170831;170000;5.21;5.21;5.12;5.2;16;0
Химпром ап;60;20170831;180000;5.12;5.12;5.11;5.11;2;0
Химпром ап;60;20170901;100000;5.2;5.37;5.2;5.29;6;0
Химпром ап;60;20170901;110000;5.25;5.25;5.25;5.25;1;0
Химпром ап;60;20170901;120000;5.25;5.25;5.25;5.25;4;0
Химпром ап;60;20170901;130000;5.25;5.25;5.2;5.2;10;0
Химпром ап;60;20170904;100000;5.43;5.43;5.3;5.33;5;0
Химпром ап;60;20170904;120000;5.23;5.3;5.23;5.3;2;0
Химпром ап;60;20170904;140000;5.31;5.31;5.31;5.31;1;0
Химпром ап;60;20170904;150000;5.3;5.3;5.3;5.3;14;0
Химпром ап;60;20170904;160000;5.3;5.3;5.3;5.3;1;0
Химпром ап;60;20170904;170000;5.3;5.3;5.25;5.25;5;0
Химпром ап;60;20170905;110000;5.41;5.41;5.26;5.3;6;0
Химпром ап;60;20170905;160000;5.19;5.21;5.16;5.16;8;0
Химпром ап;60;20170906;100000;5.16;5.29;5.16;5.29;2;0
Химпром ап;60;20170906;140000;5.16;5.16;5.16;5.16;2;0
Химпром ап;60;20170906;160000;5.25;5.25;5.25;5.25;1;0
Химпром ап;60;20170906;180000;5.25;5.27;5.25;5.27;12;0
Химпром ап;60;20170907;090000;5.19;5.19;5.19;5.19;1;0
Химпром ап;60;20170907;100000;5.13;5.17;5.13;5.15;10;0
Химпром ап;60;20170907;110000;5.15;5.15;5.15;5.15;1;0
Химпром ап;60;20170907;140000;5.23;5.23;5.23;5.23;1;0
Химпром ап;60;20170907;170000;5.2;5.2;5.2;5.2;1;0
Химпром ап;60;20170907;180000;5.18;5.24;5.18;5.24;10;0
Химпром ап;60;20170908;100000;5.21;5.37;5.21;5.37;21;0
Химпром ап;60;20170908;120000;5.24;5.24;5.2;5.2;6;0
Химпром ап;60;20170908;140000;5.29;5.29;5.29;5.29;2;0
Химпром ап;60;20170908;150000;5.29;5.29;5.2;5.2;4;0
Химпром ап;60;20170908;170000;5.28;5.29;5.28;5.29;2;0
Химпром ап;60;20170908;180000;5.21;5.21;5.19;5.19;6;0
Химпром ап;60;20170911;100000;5.19;5.33;5.18;5.3;7;0
Химпром ап;60;20170911;110000;5.2;5.2;5.2;5.2;1;0
Химпром ап;60;20170911;120000;5.3;5.3;5.3;5.3;1;0
Химпром ап;60;20170911;130000;5.22;5.22;5.2;5.2;2;0
Химпром ап;60;20170911;140000;5.3;5.3;5.21;5.21;2;0
Химпром ап;60;20170911;150000;5.2;5.2;5.2;5.2;1;0
Химпром ап;60;20170911;180000;5.2;5.2;5.19;5.19;5;0
Химпром ап;60;20170912;100000;5.28;5.3;5.28;5.29;5;0
Химпром ап;60;20170912;110000;5.21;5.21;5.2;5.2;12;0
Химпром ап;60;20170912;160000;5.24;5.26;5.24;5.26;12;0
Химпром ап;60;20170912;170000;5.21;5.21;5.2;5.2;3;0
Химпром ап;60;20170912;180000;5.19;5.2;5.18;5.18;7;0
Химпром ап;60;20170913;100000;5.2;5.25;5.18;5.25;10;0
Химпром ап;60;20170913;120000;5.25;5.25;5.25;5.25;1;0
Химпром ап;60;20170913;170000;5.25;5.25;5.25;5.25;4;0
Химпром ап;60;20170913;180000;5.18;5.27;5.18;5.27;2;0
Химпром ап;60;20170914;100000;5.29;5.29;5.29;5.29;1;0
Химпром ап;60;20170914;110000;5.27;5.27;5.27;5.27;2;0
Химпром ап;60;20170914;130000;5.2;5.2;5.2;5.2;2;0
Химпром ап;60;20170915;180000;5.2;5.2;5.2;5.2;2;0
Химпром ап;60;20170918;170000;5.22;5.23;5.18;5.18;12;0
Химпром ап;60;20170918;180000;5.17;5.18;5.17;5.18;2;0
Химпром ап;60;20170919;100000;5.05;5.1;5.04;5.04;3;0
Химпром ап;60;20170919;110000;5.21;5.23;5.16;5.16;12;0
Химпром ап;60;20170919;170000;5.2;5.23;5.16;5.16;13;0
Химпром ап;60;20170919;180000;5.16;5.16;5.16;5.16;1;0
Химпром ап;60;20170920;150000;5.12;5.12;5.12;5.12;1;0
Химпром ап;60;20170921;100000;5.32;5.32;5.29;5.29;4;0
Химпром ап;60;20170921;110000;5.29;5.29;5.29;5.29;1;0
Химпром ап;60;20170921;180000;5.19;5.19;5.19;5.19;1;0
Химпром ап;60;20170922;100000;5.31;5.31;5.31;5.31;1;0
Химпром ап;60;20170922;170000;5.3;5.3;5.3;5.3;15;0
Химпром ап;60;20170922;180000;5.3;5.31;5.3;5.31;11;0
Химпром ап;60;20170925;100000;5.3;5.3;5.3;5.3;1;0
Химпром ап;60;20170925;120000;5.26;5.26;5.25;5.25;4;0
Химпром ап;60;20170925;150000;5.27;5.28;5.27;5.28;13;0
Химпром ап;60;20170925;170000;5.2;5.2;5.19;5.19;2;0
Химпром ап;60;20170926;110000;5.17;5.17;5.15;5.15;3;0
Химпром ап;60;20170926;180000;5.29;5.29;5.29;5.29;1;0
Химпром ап;60;20170927;110000;5.22;5.22;5.22;5.22;1;0
Химпром ап;60;20170927;120000;5.2;5.2;5.2;5.2;2;0
Химпром ап;60;20170927;130000;5.17;5.17;5.15;5.15;5;0
Химпром ап;60;20170927;180000;5.19;5.19;5.19;5.19;1;0
Химпром ап;60;20170928;100000;5.27;5.27;5.27;5.27;1;0
Химпром ап;60;20170928;120000;5.27;5.27;5.27;5.27;2;0
Химпром ап;60;20170928;170000;5.19;5.19;5.12;5.19;14;0
Химпром ап;60;20170928;180000;5.12;5.12;5.12;5.12;2;0
Химпром ап;60;20170929;140000;5.27;5.31;5.27;5.31;9;0
Химпром ап;60;20170929;180000;5.21;5.21;5.2;5.2;2;0
Химпром ап;60;20171002;110000;5.12;5.12;5.11;5.11;4;0
Химпром ап;60;20171002;130000;5.2;5.26;5.2;5.26;5;0
Химпром ап;60;20171002;150000;5.17;5.17;5.1;5.1;4;0
Химпром ап;60;20171002;180000;5.26;5.26;5.26;5.26;1;0
Химпром ап;60;20171003;100000;5.29;5.29;5.29;5.29;1;0
Химпром ап;60;20171003;110000;5.12;5.12;5.12;5.12;1;0
Химпром ап;60;20171003;140000;5.27;5.29;5.27;5.29;4;0
Химпром ап;60;20171003;180000;5.23;5.23;5.23;5.23;1;0
Химпром ап;60;20171004;140000;5.23;5.23;5.23;5.23;1;0
Химпром ап;60;20171004;150000;5.23;5.23;5.23;5.23;1;0
Химпром ап;60;20171004;160000;5.23;5.25;5.21;5.21;3;0
Химпром ап;60;20171004;170000;5.22;5.22;5.22;5.22;1;0
Химпром ап;60;20171005;130000;5.21;5.21;5.2;5.2;2;0
Химпром ап;60;20171006;110000;5.24;5.27;5.24;5.27;8;0
Химпром ап;60;20171006;130000;5.23;5.23;5.23;5.23;1;0
Химпром ап;60;20171006;140000;5.17;5.17;5.17;5.17;3;0
Химпром ап;60;20171006;150000;5.16;5.16;5.16;5.16;2;0
Химпром ап;60;20171006;160000;5.16;5.16;5.16;5.16;2;0
Химпром ап;60;20171006;170000;5.16;5.16;5.16;5.16;1;0
Химпром ап;60;20171006;180000;5.23;5.23;5.17;5.17;5;0
Химпром ап;60;20171009;100000;5.2;5.2;5.2;5.2;17;0
Химпром ап;60;20171009;110000;5.23;5.28;5.23;5.28;2;0
Химпром ап;60;20171009;120000;5.28;5.29;5.28;5.29;5;0
Химпром ап;60;20171009;130000;5.28;5.3;5.28;5.3;10;0
Химпром ап;60;20171009;140000;5.31;5.31;5.31;5.31;2;0
Химпром ап;60;20171009;150000;5.32;5.32;5.32;5.32;1;0
Химпром ап;60;20171009;160000;5.23;5.23;5.15;5.22;12;0
Химпром ап;60;20171010;100000;5.19;5.21;5.19;5.21;16;0
Химпром ап;60;20171010;110000;5.2;5.2;5.2;5.2;3;0
Химпром ап;60;20171010;130000;5.21;5.31;5.21;5.3;13;0
Химпром ап;60;20171010;140000;5.31;5.32;5.31;5.32;2;0
Химпром ап;60;20171010;170000;5.29;5.29;5.29;5.29;1;0
Химпром ап;60;20171011;100000;5.21;5.28;5.15;5.28;7;0
Химпром ап;60;20171011;110000;5.21;5.21;5.21;5.21;2;0
Химпром ап;60;20171011;120000;5.21;5.21;5.21;5.21;4;0
Химпром ап;60;20171011;130000;5.21;5.21;5.21;5.21;6;0
Химпром ап;60;20171011;140000;5.2;5.2;5.2;5.2;2;0
Химпром ап;60;20171011;150000;5.21;5.21;5.21;5.21;3;0
Химпром ап;60;20171011;170000;5.25;5.25;5.25;5.25;1;0
Химпром ап;60;20171012;110000;5.26;5.41;5.26;5.3;68;0
Химпром ап;60;20171012;120000;5.3;5.74;5.21;5.3;75;0
Химпром ап;60;20171012;130000;5.3;5.47;5.24;5.47;19;0
Химпром ап;60;20171012;140000;5.48;5.48;5.31;5.31;15;0
Химпром ап;60;20171012;150000;5.31;5.32;5.31;5.32;3;0
Химпром ап;60;20171012;160000;5.3;5.32;5.3;5.31;42;0
Химпром ап;60;20171012;170000;5.4;5.4;5.4;5.4;2;0
Химпром ап;60;20171012;180000;5.33;5.41;5.33;5.41;12;0
Химпром ап;60;20171013;100000;5.6;5.62;5.42;5.55;17;0
Химпром ап;60;20171013;120000;5.54;5.54;5.54;5.54;2;0
Химпром ап;60;20171013;140000;5.47;5.5;5.47;5.5;2;0
Химпром ап;60;20171013;160000;5.53;5.53;5.53;5.53;1;0
Химпром ап;60;20171013;180000;5.54;5.55;5.46;5.55;12;0
Химпром ап;60;20171016;100000;5.54;5.54;5.54;5.54;1;0
Химпром ап;60;20171016;120000;5.54;5.65;5.54;5.6;23;0
Химпром ап;60;20171016;140000;5.6;5.6;5.6;5.6;1;0
Химпром ап;60;20171016;150000;5.6;5.6;5.6;5.6;1;0
Химпром ап;60;20171016;160000;5.6;5.6;5.6;5.6;5;0
Химпром ап;60;20171016;170000;5.6;5.65;5.6;5.65;3;0
Химпром ап;60;20171016;180000;5.65;5.72;5.65;5.72;42;0
Химпром ап;60;20171017;100000;5.75;5.8;5.7;5.8;7;0
Химпром ап;60;20171017;120000;5.8;6.54;5.62;5.89;104;0
Химпром ап;60;20171017;130000;5.8;5.8;5.7;5.7;7;0
Химпром ап;60;20171017;140000;5.71;5.71;5.66;5.66;4;0
Химпром ап;60;20171017;150000;5.71;5.71;5.7;5.7;3;0
Химпром ап;60;20171017;160000;5.8;5.8;5.79;5.8;4;0
Химпром ап;60;20171017;170000;5.73;5.83;5.63;5.83;9;0
Химпром ап;60;20171017;180000;5.7;5.8;5.64;5.8;9;0
Химпром ап;60;20171018;100000;6.11;6.29;5.6;5.63;19;0
Химпром ап;60;20171018;110000;5.65;5.65;5.56;5.56;10;0
Химпром ап;60;20171018;130000;5.57;5.57;5.57;5.57;2;0
Химпром ап;60;20171018;150000;5.7;5.8;5.53;5.53;18;0
Химпром ап;60;20171018;160000;5.52;5.52;5.51;5.51;5;0
Химпром ап;60;20171018;180000;5.67;5.67;5.55;5.55;2;0
Химпром ап;60;20171019;100000;5.51;5.6;5.46;5.5;19;0
Химпром ап;60;20171019;110000;5.46;5.46;5.42;5.42;6;0
Химпром ап;60;20171019;120000;5.43;5.43;5.43;5.43;2;0
Химпром ап;60;20171019;130000;5.44;5.45;5.44;5.45;2;0
Химпром ап;60;20171019;140000;5.5;5.5;5.5;5.5;1;0
Химпром ап;60;20171019;150000;5.58;5.58;5.58;5.58;4;0
Химпром ап;60;20171020;100000;5.49;5.58;5.47;5.58;6;0
Химпром ап;60;20171020;120000;5.63;5.63;5.62;5.62;2;0
Химпром ап;60;20171020;140000;5.53;5.53;5.53;5.53;1;0
Химпром ап;60;20171020;150000;5.52;5.52;5.52;5.52;2;0
Химпром ап;60;20171020;160000;5.51;5.51;5.46;5.46;20;0
Химпром ап;60;20171020;170000;5.47;5.61;5.46;5.61;9;0
Химпром ап;60;20171020;180000;5.49;5.49;5.46;5.46;13;0
Химпром ап;60;20171023;100000;5.42;5.47;5.21;5.29;90;0
Химпром ап;60;20171023;110000;5.3;5.3;5.3;5.3;3;0
Химпром ап;60;20171023;120000;5.3;5.3;5.3;5.3;7;0
Химпром ап;60;20171023;130000;5.3;5.3;5.3;5.3;3;0
Химпром ап;60;20171023;140000;5.3;5.3;5.3;5.3;7;0
Химпром ап;60;20171023;150000;5.38;5.39;5.38;5.39;13;0
Химпром ап;60;20171023;160000;5.45;5.7;5.45;5.7;33;0
Химпром ап;60;20171023;170000;5.53;5.69;5.5;5.69;19;0
Химпром ап;60;20171023;180000;5.55;5.6;5.4;5.5;17;0
Химпром ап;60;20171024;110000;5.55;5.55;5.5;5.5;3;0
Химпром ап;60;20171024;120000;5.5;5.5;5.5;5.5;4;0
Химпром ап;60;20171024;140000;5.43;5.43;5.29;5.4;12;0
Химпром ап;60;20171024;160000;5.39;5.4;5.39;5.4;2;0
Химпром ап;60;20171024;180000;5.39;5.39;5.3;5.3;21;0
Химпром ап;60;20171025;100000;5.43;5.5;5.32;5.32;5;0
Химпром ап;60;20171025;110000;5.42;5.42;5.41;5.42;4;0
Химпром ап;60;20171025;120000;5.43;5.43;5.37;5.37;2;0
Химпром ап;60;20171025;140000;5.4;5.42;5.4;5.42;2;0
Химпром ап;60;20171025;180000;5.37;5.37;5.32;5.32;21;0
Химпром ап;60;20171026;110000;5.3;5.3;5.3;5.3;1;0
Химпром ап;60;20171026;160000;5.47;5.47;5.35;5.35;9;0
Химпром ап;60;20171026;170000;5.46;5.46;5.46;5.46;1;0
Химпром ап;60;20171026;180000;5.4;5.4;5.4;5.4;1;0
Химпром ап;60;20171027;100000;5.49;5.5;5.4;5.4;5;0
Химпром ап;60;20171027;110000;5.5;5.59;5.5;5.59;2;0
Химпром ап;60;20171027;140000;5.55;5.55;5.55;5.55;2;0
Химпром ап;60;20171027;150000;5.55;5.55;5.55;5.55;1;0
Химпром ап;60;20171027;170000;5.45;5.57;5.35;5.35;17;0
Химпром ап;60;20171027;180000;5.35;5.35;5.35;5.35;9;0
Химпром ап;60;20171030;100000;5.43;5.44;5.43;5.44;2;0
Химпром ап;60;20171030;120000;5.5;5.5;5.49;5.5;3;0
Химпром ап;60;20171030;130000;5.49;5.5;5.49;5.5;2;0
Химпром ап;60;20171030;140000;5.5;5.5;5.5;5.5;20;0
Химпром ап;60;20171030;150000;5.5;5.5;5.5;5.5;1;0
Химпром ап;60;20171030;160000;5.58;5.59;5.58;5.59;4;0
Химпром ап;60;20171031;100000;5.6;5.6;5.6;5.6;1;0
Химпром ап;60;20171031;110000;5.55;5.55;5.55;5.55;1;0
Химпром ап;60;20171031;120000;5.55;5.6;5.55;5.6;3;0
Химпром ап;60;20171031;130000;5.52;5.52;5.52;5.52;1;0
Химпром ап;60;20171031;140000;5.59;5.72;5.5;5.6;45;0
Химпром ап;60;20171031;170000;5.7;5.7;5.7;5.7;2;0
Химпром ап;60;20171031;180000;5.6;5.6;5.6;5.6;1;0
Химпром ап;60;20171101;140000;5.55;5.55;5.55;5.55;1;0
Химпром ап;60;20171101;150000;5.55;5.55;5.45;5.5;17;0
Химпром ап;60;20171101;180000;5.51;5.51;5.5;5.5;11;0
Химпром ап;60;20171102;110000;5.74;5.74;5.59;5.59;2;0
Химпром ап;60;20171102;120000;5.6;5.74;5.6;5.74;4;0
Химпром ап;60;20171102;130000;5.65;5.65;5.65;5.65;1;0
Химпром ап;60;20171102;140000;5.55;5.6;5.49;5.49;26;0
Химпром ап;60;20171102;150000;5.55;5.55;5.55;5.55;3;0
Химпром ап;60;20171102;170000;5.53;5.53;5.53;5.53;3;0
Химпром ап;60;20171102;180000;5.53;5.53;5.53;5.53;1;0
Химпром ап;60;20171103;110000;5.63;5.65;5.6;5.65;10;0
Химпром ап;60;20171103;120000;5.51;5.51;5.51;5.51;1;0
Химпром ап;60;20171103;140000;5.67;5.75;5.67;5.75;52;0
Химпром ап;60;20171103;150000;5.61;5.61;5.6;5.6;5;0
Химпром ап;60;20171103;160000;5.72;5.72;5.6;5.6;6;0
Химпром ап;60;20171103;180000;5.61;5.61;5.6;5.6;6;0
Химпром ап;60;20171107;120000;5.75;5.75;5.75;5.75;3;0
Химпром ап;60;20171107;130000;5.75;5.77;5.75;5.77;5;0
Химпром ап;60;20171107;140000;5.78;5.8;5.77;5.8;15;0
Химпром ап;60;20171107;150000;5.84;5.89;5.84;5.89;5;0
Химпром ап;60;20171107;160000;5.9;5.9;5.9;5.9;4;0
Химпром ап;60;20171107;170000;5.9;5.9;5.9;5.9;1;0
Химпром ап;60;20171107;180000;5.86;5.86;5.76;5.76;9;0
Химпром ап;60;20171108;100000;5.97;5.97;5.89;5.89;4;0
Химпром ап;60;20171108;110000;5.81;5.81;5.81;5.81;1;0
Химпром ап;60;20171108;130000;5.82;5.82;5.81;5.81;7;0
Химпром ап;60;20171108;140000;5.82;5.88;5.82;5.88;12;0
Химпром ап;60;20171108;150000;5.88;5.88;5.81;5.81;15;0
Химпром ап;60;20171109;110000;6;6;5.8;5.8;9;0
Химпром ап;60;20171109;120000;5.99;6.03;5.93;6.03;21;0
Химпром ап;60;20171109;130000;6.1;6.1;6.1;6.1;3;0
Химпром ап;60;20171109;140000;6.01;6.1;6.01;6.1;3;0
Химпром ап;60;20171109;160000;6.1;6.15;6.1;6.15;2;0
Химпром ап;60;20171109;170000;6.05;6.05;6.05;6.05;1;0
Химпром ап;60;20171109;180000;6.04;6.05;6.04;6.05;6;0
Химпром ап;60;20171110;100000;5.78;5.78;5.78;5.78;2;0
Химпром ап;60;20171110;110000;6;6;6;6;1;0
Химпром ап;60;20171110;120000;6;6;6;6;1;0
Химпром ап;60;20171110;130000;5.99;5.99;5.99;5.99;1;0
Химпром ап;60;20171110;140000;6.04;6.1;6.04;6.09;4;0
Химпром ап;60;20171110;150000;6.09;6.1;6.09;6.1;4;0
Химпром ап;60;20171110;160000;6.1;6.1;6.04;6.04;4;0
Химпром ап;60;20171113;100000;6.04;6.1;6.04;6.1;22;0
Химпром ап;60;20171113;110000;6.1;6.1;6.1;6.1;7;0
Химпром ап;60;20171113;130000;6.14;6.2;6.07;6.07;6;0
Химпром ап;60;20171113;150000;6.05;6.05;6;6;3;0
Химпром ап;60;20171113;170000;6.02;6.02;6;6;5;0
Химпром ап;60;20171114;100000;6.19;6.19;5.72;6.02;13;0
Химпром ап;60;20171114;110000;5.84;6.01;5.84;5.9;6;0
Химпром ап;60;20171114;120000;5.84;6.02;5.81;6.02;8;0
Химпром ап;60;20171114;150000;6.03;6.03;6.03;6.03;1;0
Химпром ап;60;20171114;160000;6.09;6.09;5.81;5.81;12;0
Химпром ап;60;20171114;170000;5.8;5.8;5.8;5.8;5;0
Химпром ап;60;20171114;180000;6.05;6.05;5.9;6.05;3;0
Химпром ап;60;20171115;100000;5.73;6;5.63;6;7;0
Химпром ап;60;20171115;150000;5.9;5.9;5.9;5.9;2;0
Химпром ап;60;20171115;180000;5.8;5.8;5.8;5.8;2;0
Химпром ап;60;20171116;100000;5.77;5.78;5.77;5.78;3;0
Химпром ап;60;20171116;180000;5.78;5.89;5.39;5.89;100;0
Химпром ап;60;20171117;100000;5.57;5.7;5.57;5.7;4;0
Химпром ап;60;20171117;110000;5.71;5.71;5.7;5.7;2;0
Химпром ап;60;20171117;120000;5.86;5.88;5.79;5.88;62;0
Химпром ап;60;20171117;130000;5.89;5.89;5.88;5.88;5;0
Химпром ап;60;20171117;140000;5.76;5.76;5.76;5.76;1;0
Химпром ап;60;20171117;170000;5.77;5.77;5.7;5.7;15;0
Химпром ап;60;20171117;180000;5.89;5.89;5.79;5.79;11;0
Химпром ап;60;20171120;120000;5.78;5.79;5.77;5.77;7;0
Химпром ап;60;20171120;140000;6.07;6.07;5.71;5.8;10;0
Химпром ап;60;20171120;160000;5.89;5.89;5.89;5.89;1;0
Химпром ап;60;20171120;170000;5.89;5.89;5.89;5.89;1;0
Химпром ап;60;20171120;180000;5.89;5.89;5.89;5.89;1;0
Химпром ап;60;20171121;100000;5.74;5.74;5.74;5.74;1;0
Химпром ап;60;20171121;150000;5.98;5.98;5.98;5.98;1;0
Химпром ап;60;20171121;160000;5.89;5.89;5.89;5.89;3;0
Химпром ап;60;20171121;180000;5.9;6.05;5.9;6.05;3;0
Химпром ап;60;20171122;140000;5.86;5.86;5.76;5.76;21;0
Химпром ап;60;20171122;150000;5.88;6.02;5.88;6.02;13;0
Химпром ап;60;20171122;160000;6;6;6;6;1;0
Химпром ап;60;20171122;180000;5.99;6.03;5.89;5.89;3;0
Химпром ап;60;20171123;120000;5.8;5.91;5.79;5.9;5;0
Химпром ап;60;20171123;130000;5.84;5.84;5.84;5.84;1;0
Химпром ап;60;20171123;140000;5.84;5.85;5.84;5.85;4;0
Химпром ап;60;20171123;180000;5.99;5.99;5.99;5.99;1;0
Химпром ап;60;20171124;100000;5.74;5.74;5.74;5.74;1;0
Химпром ап;60;20171124;110000;5.83;5.95;5.83;5.95;4;0
Химпром ап;60;20171124;130000;5.83;5.83;5.76;5.76;23;0
Химпром ап;60;20171124;140000;5.8;5.8;5.8;5.8;14;0
Химпром ап;60;20171124;150000;5.76;5.76;5.74;5.74;27;0
Химпром ап;60;20171124;160000;5.8;5.8;5.76;5.76;20;0
Химпром ап;60;20171124;170000;5.83;5.85;5.8;5.85;21;0
Химпром ап;60;20171124;180000;5.84;5.84;5.8;5.8;11;0
Химпром ап;60;20171127;100000;5.77;5.77;5.77;5.77;1;0
Химпром ап;60;20171127;120000;5.94;5.96;5.94;5.96;4;0
Химпром ап;60;20171127;130000;5.89;5.9;5.89;5.9;6;0
Химпром ап;60;20171127;140000;5.9;5.9;5.9;5.9;21;0
Химпром ап;60;20171127;150000;5.85;5.85;5.85;5.85;1;0
Химпром ап;60;20171127;160000;5.83;5.83;5.83;5.83;1;0
Химпром ап;60;20171127;170000;5.83;5.83;5.82;5.82;2;0
Химпром ап;60;20171127;180000;5.82;5.82;5.8;5.8;8;0
Химпром ап;60;20171128;120000;5.95;5.95;5.95;5.95;1;0
Химпром ап;60;20171128;170000;5.83;5.99;5.79;5.79;44;0
Химпром ап;60;20171128;180000;6;6;6;6;1;0
Химпром ап;60;20171129;100000;5.88;5.89;5.84;5.84;6;0
Химпром ап;60;20171129;120000;5.96;5.97;5.96;5.97;2;0
Химпром ап;60;20171129;130000;5.97;6.15;5.97;6.15;12;0
Химпром ап;60;20171129;140000;5.9;5.9;5.9;5.9;3;0
Химпром ап;60;20171130;110000;5.86;6.14;5.78;6.02;69;0
Химпром ап;60;20171130;120000;6.02;6.02;6.02;6.02;1;0
Химпром ап;60;20171130;130000;5.97;5.97;5.96;5.96;5;0
Химпром ап;60;20171130;140000;6.04;6.04;6.04;6.04;4;0
Химпром ап;60;20171130;160000;5.93;5.93;5.91;5.91;6;0
Химпром ап;60;20171130;170000;5.88;5.99;5.86;5.99;5;0
Химпром ап;60;20171130;180000;5.91;5.97;5.74;5.92;56;0
Химпром ап;60;20171201;100000;5.77;6;5.77;6;4;0
Химпром ап;60;20171201;140000;5.99;6;5.99;6;5;0
Химпром ап;60;20171201;150000;6;6;6;6;1;0
Химпром ап;60;20171201;180000;5.99;5.99;5.99;5.99;1;0
Химпром ап;60;20171204;100000;5.86;5.9;5.86;5.9;2;0
Химпром ап;60;20171204;110000;5.87;5.87;5.87;5.87;3;0
Химпром ап;60;20171204;130000;5.87;5.87;5.87;5.87;1;0
Химпром ап;60;20171204;140000;5.94;5.95;5.94;5.95;2;0
Химпром ап;60;20171204;170000;5.93;5.93;5.93;5.93;1;0
Химпром ап;60;20171204;180000;5.94;5.94;5.94;5.94;2;0
Химпром ап;60;20171205;100000;5.86;5.86;5.81;5.83;12;0
Химпром ап;60;20171205;110000;5.85;5.85;5.85;5.85;1;0
Химпром ап;60;20171205;120000;5.9;5.9;5.9;5.9;2;0
Химпром ап;60;20171205;160000;5.99;5.99;5.99;5.99;1;0
Химпром ап;60;20171205;170000;5.97;5.98;5.97;5.98;3;0
Химпром ап;60;20171206;110000;5.92;5.99;5.9;5.9;9;0
Химпром ап;60;20171206;130000;5.99;6;5.99;6;9;0
Химпром ап;60;20171206;140000;5.93;5.93;5.9;5.9;17;0
Химпром ап;60;20171206;160000;5.99;6;5.99;6;5;0
Химпром ап;60;20171206;170000;5.92;5.98;5.92;5.98;2;0
Химпром ап;60;20171206;180000;5.91;5.99;5.91;5.99;2;0
Химпром ап;60;20171207;100000;6;6.1;5.95;5.99;20;0
Химпром ап;60;20171207;120000;6;6.01;6;6.01;8;0
Химпром ап;60;20171207;130000;6;6.01;6;6.01;2;0
Химпром ап;60;20171207;140000;6.01;6.05;5.97;6.05;7;0
Химпром ап;60;20171207;150000;6.01;6.01;6;6;35;0
Химпром ап;60;20171207;160000;5.99;6.01;5.94;5.94;29;0
Химпром ап;60;20171207;170000;5.95;5.95;5.93;5.93;6;0
Химпром ап;60;20171207;180000;5.98;5.98;5.98;5.98;5;0
Химпром ап;60;20171208;090000;5.5;5.5;5.5;5.5;2;0
Химпром ап;60;20171208;100000;5.7;5.75;5.6;5.65;33;0
Химпром ап;60;20171208;120000;5.72;5.85;5.7;5.8;18;0
Химпром ап;60;20171208;130000;5.75;5.75;5.66;5.66;14;0
Химпром ап;60;20171208;140000;5.86;5.86;5.75;5.75;4;0
Химпром ап;60;20171208;150000;5.76;5.76;5.75;5.75;3;0
Химпром ап;60;20171208;170000;5.79;5.79;5.79;5.79;2;0
Химпром ап;60;20171211;110000;5.63;5.63;5.63;5.63;2;0
Химпром ап;60;20171211;150000;5.8;5.8;5.8;5.8;1;0
Химпром ап;60;20171211;160000;5.72;5.8;5.72;5.8;4;0
Химпром ап;60;20171211;180000;5.76;5.76;5.76;5.76;1;0
Химпром ап;60;20171212;100000;5.65;5.65;5.65;5.65;1;0
Химпром ап;60;20171212;110000;5.7;5.7;5.67;5.67;2;0
Химпром ап;60;20171212;120000;5.79;5.8;5.78;5.8;5;0
Химпром ап;60;20171212;130000;5.67;5.67;5.67;5.67;2;0
Химпром ап;60;20171212;140000;5.79;5.79;5.71;5.71;2;0
Химпром ап;60;20171212;150000;5.79;5.8;5.74;5.74;25;0
Химпром ап;60;20171212;160000;5.74;5.74;5.74;5.74;1;0
Химпром ап;60;20171213;100000;5.82;5.82;5.82;5.82;1;0
Химпром ап;60;20171213;160000;5.81;5.81;5.81;5.81;1;0
Химпром ап;60;20171213;170000;5.79;5.99;5.79;5.99;20;0
Химпром ап;60;20171213;180000;5.89;5.89;5.89;5.89;1;0
Химпром ап;60;20171214;100000;5.74;5.74;5.72;5.72;9;0
Химпром ап;60;20171214;170000;5.75;5.75;5.75;5.75;9;0
Химпром ап;60;20171215;120000;5.94;5.94;5.72;5.72;6;0
Химпром ап;60;20171215;150000;5.71;5.71;5.7;5.7;10;0
Химпром ап;60;20171215;170000;5.87;5.87;5.87;5.87;1;0
Химпром ап;60;20171215;180000;5.71;5.71;5.65;5.69;31;0
Химпром ап;60;20171218;140000;5.67;5.67;5.6;5.6;20;0
Химпром ап;60;20171218;170000;5.6;5.6;5.5;5.53;45;0
Химпром ап;60;20171218;180000;5.64;5.65;5.54;5.65;4;0
Химпром ап;60;20171219;100000;5.62;5.62;5.62;5.62;3;0
Химпром ап;60;20171219;170000;5.62;5.62;5.62;5.62;1;0
Химпром ап;60;20171219;180000;5.62;5.62;5.61;5.61;2;0
Химпром ап;60;20171220;110000;5.65;5.65;5.65;5.65;3;0
Химпром ап;60;20171220;130000;5.6;5.6;5.47;5.47;28;0
Химпром ап;60;20171220;140000;5.5;5.57;5.3;5.57;41;0
Химпром ап;60;20171220;150000;5.49;5.5;5.49;5.5;10;0
Химпром ап;60;20171220;160000;5.5;5.5;5.46;5.46;30;0
Химпром ап;60;20171220;180000;5.46;5.46;5.46;5.46;1;0
Химпром ап;60;20171221;100000;5.47;5.5;5.43;5.43;4;0
Химпром ап;60;20171221;110000;5.39;5.4;5.33;5.37;6;0
Химпром ап;60;20171221;120000;5.37;5.4;5.37;5.4;16;0
Химпром ап;60;20171221;130000;5.35;5.35;5.1;5.3;42;0
Химпром ап;60;20171221;160000;5.27;5.27;5.25;5.25;2;0
Химпром ап;60;20171221;170000;5.28;5.29;5.28;5.29;5;0
Химпром ап;60;20171221;180000;5.28;5.47;5.28;5.4;7;0
Химпром ап;60;20171222;110000;5.41;5.48;5.41;5.48;4;0
Химпром ап;60;20171222;120000;5.47;5.48;5.47;5.48;6;0
Химпром ап;60;20171222;130000;5.5;5.5;5.5;5.5;2;0
Химпром ап;60;20171222;150000;5.5;5.5;5.5;5.5;1;0
Химпром ап;60;20171225;100000;5.57;5.78;5.57;5.78;5;0
Химпром ап;60;20171225;110000;5.5;5.5;5.5;5.5;1;0
Химпром ап;60;20171225;120000;5.6;5.6;5.6;5.6;2;0
Химпром ап;60;20171225;130000;5.5;5.5;5.4;5.4;5;0
Химпром ап;60;20171225;140000;5.49;5.49;5.49;5.49;1;0
Химпром ап;60;20171226;100000;5.75;5.75;5.38;5.41;6;0
Химпром ап;60;20171226;130000;5.59;5.59;5.59;5.59;1;0
Химпром ап;60;20171226;150000;5.59;5.59;5.59;5.59;1;0
Химпром ап;60;20171226;170000;5.48;5.48;5.48;5.48;5;0
Химпром ап;60;20171226;180000;5.48;5.6;5.48;5.6;4;0
Химпром ап;60;20171227;130000;5.61;5.61;5.6;5.6;11;0
Химпром ап;60;20171227;140000;5.63;5.63;5.6;5.6;9;0
Химпром ап;60;20171228;120000;5.5;5.5;5.41;5.41;2;0
Химпром ап;60;20171228;150000;5.67;5.69;5.67;5.69;3;0
Химпром ап;60;20171228;160000;5.52;5.52;5.52;5.52;1;0
Химпром ап;60;20171228;170000;5.68;5.97;5.68;5.88;158;0
Химпром ап;60;20171228;180000;5.87;5.98;5.84;5.92;114;0
Химпром ап;60;20171229;090000;5.53;5.53;5.53;5.53;21;0
Химпром ап;60;20171229;100000;5.72;5.8;5.72;5.73;19;0
Химпром ап;60;20171229;110000;5.73;5.73;5.73;5.73;1;0
Химпром ап;60;20171229;130000;5.73;5.73;5.58;5.73;23;0
Химпром ап;60;20171229;140000;5.59;5.59;5.46;5.46;66;0
Химпром ап;60;20171229;160000;5.5;5.6;5.5;5.6;2;0
Химпром ап;60;20171229;170000;5.6;5.6;5.6;5.6;1;0
Химпром ап;60;20171229;180000;5.6;5.6;5.6;5.6;2;0
