<TICKER>;<PER>;<DATE>;<TIME>;<OPEN>;<HIGH>;<LOW>;<CLOSE>;<VOL>;<OPENINT>
ЦМТ ао;60;20170124;130000;9.05;9.1;9.05;9.1;2;0
ЦМТ ао;60;20170124;140000;8.95;8.95;8.95;8.95;5;0
ЦМТ ао;60;20170125;120000;8.95;8.95;8.95;8.95;3;0
ЦМТ ао;60;20170126;120000;8.85;8.95;8.7;8.95;14;0
ЦМТ ао;60;20170126;140000;8.75;8.95;8.65;8.95;31;0
ЦМТ ао;60;20170126;150000;8.75;8.75;8.7;8.7;5;0
ЦМТ ао;60;20170126;170000;8.7;8.7;8.7;8.7;2;0
ЦМТ ао;60;20170126;180000;8.7;8.7;8.7;8.7;6;0
ЦМТ ао;60;20170127;120000;8.8;8.8;8.8;8.8;4;0
ЦМТ ао;60;20170127;130000;8.8;8.8;8.8;8.8;1;0
ЦМТ ао;60;20170127;140000;8.8;8.8;8.8;8.8;4;0
ЦМТ ао;60;20170127;150000;8.8;8.8;8.8;8.8;1;0
ЦМТ ао;60;20170127;160000;8.8;8.8;8.7;8.7;9;0
ЦМТ ао;60;20170127;170000;8.7;8.7;8.7;8.7;5;0
ЦМТ ао;60;20170130;100000;8.65;8.65;8.6;8.6;7;0
ЦМТ ао;60;20170130;150000;8.75;8.75;8.75;8.75;1;0
ЦМТ ао;60;20170130;160000;8.75;8.75;8.75;8.75;1;0
ЦМТ ао;60;20170130;170000;8.7;8.75;8.6;8.75;6;0
ЦМТ ао;60;20170130;180000;8.6;8.95;8.6;8.95;14;0
ЦМТ ао;60;20170131;100000;8.8;8.8;8.8;8.8;1;0
ЦМТ ао;60;20170131;110000;9;9;9;9;17;0
ЦМТ ао;60;20170131;150000;8.95;9;8.95;8.95;6;0
ЦМТ ао;60;20170131;160000;8.95;8.95;8.95;8.95;1;0
ЦМТ ао;60;20170131;170000;9;9;9;9;1;0
ЦМТ ао;60;20170201;100000;8.85;8.85;8.7;8.7;11;0
ЦМТ ао;60;20170201;110000;8.85;9;8.85;9;5;0
ЦМТ ао;60;20170201;160000;8.85;8.85;8.8;8.8;2;0
ЦМТ ао;60;20170201;180000;8.95;8.95;8.95;8.95;1;0
ЦМТ ао;60;20170202;130000;8.75;8.75;8.75;8.75;1;0
ЦМТ ао;60;20170203;110000;8.7;8.7;8.6;8.6;5;0
ЦМТ ао;60;20170203;130000;8.6;8.6;8.6;8.6;4;0
ЦМТ ао;60;20170206;100000;8.8;9;8.75;8.95;12;0
ЦМТ ао;60;20170206;110000;8.85;8.85;8.85;8.85;1;0
ЦМТ ао;60;20170206;130000;8.85;8.85;8.5;8.5;40;0
ЦМТ ао;60;20170206;150000;8.65;8.65;8.65;8.65;1;0
ЦМТ ао;60;20170208;150000;8.6;8.6;8.6;8.6;1;0
ЦМТ ао;60;20170208;160000;8.55;8.55;8.55;8.55;1;0
ЦМТ ао;60;20170213;140000;8.75;8.75;8.75;8.75;1;0
ЦМТ ао;60;20170214;170000;8.6;8.75;8.6;8.75;2;0
ЦМТ ао;60;20170216;100000;8.6;8.6;8;8.5;12;0
ЦМТ ао;60;20170217;120000;8.5;8.6;8.2;8.6;977;0
ЦМТ ао;60;20170217;180000;8.65;9;8.65;9;26;0
ЦМТ ао;60;20170220;100000;8.85;8.85;8.75;8.85;4;0
ЦМТ ао;60;20170220;150000;8.9;8.9;8.9;8.9;2;0
ЦМТ ао;60;20170220;170000;8.95;8.95;8.9;8.95;709;0
ЦМТ ао;60;20170220;180000;8.9;8.9;8.9;8.9;1;0
ЦМТ ао;60;20170221;170000;8.95;8.95;8.95;8.95;110;0
ЦМТ ао;60;20170222;130000;8.85;8.85;8.85;8.85;1;0
ЦМТ ао;60;20170222;160000;8.8;8.8;8.8;8.8;6;0
ЦМТ ао;60;20170222;170000;8.9;8.9;8.9;8.9;170;0
ЦМТ ао;60;20170224;100000;8.75;8.75;8.3;8.3;23;0
ЦМТ ао;60;20170224;110000;8.35;8.4;8.25;8.4;11;0
ЦМТ ао;60;20170224;120000;8.25;8.25;8.25;8.25;6;0
ЦМТ ао;60;20170224;140000;8.4;8.6;8.4;8.45;11;0
ЦМТ ао;60;20170224;180000;8.6;8.65;8.6;8.65;2;0
ЦМТ ао;60;20170227;100000;8.65;8.8;8.1;8.8;301;0
ЦМТ ао;60;20170227;120000;8.8;8.8;8.8;8.8;1;0
ЦМТ ао;60;20170227;130000;8.6;8.7;8.5;8.7;22;0
ЦМТ ао;60;20170227;150000;8.7;8.7;8.7;8.7;1;0
ЦМТ ао;60;20170227;160000;8.5;8.5;8.5;8.5;11;0
ЦМТ ао;60;20170227;170000;8.5;8.5;8.5;8.5;11;0
ЦМТ ао;60;20170227;180000;8.5;8.5;8.5;8.5;2;0
ЦМТ ао;60;20170228;110000;8.7;8.8;8.7;8.8;5;0
ЦМТ ао;60;20170228;140000;8.6;8.6;8.6;8.6;1;0
ЦМТ ао;60;20170301;100000;8.5;8.85;8.5;8.85;8;0
ЦМТ ао;60;20170301;120000;8.6;8.65;8.6;8.65;6;0
ЦМТ ао;60;20170301;140000;8.65;8.65;8.65;8.65;2;0
ЦМТ ао;60;20170301;170000;8.55;8.55;8.55;8.55;1;0
ЦМТ ао;60;20170301;180000;8.5;8.5;8.5;8.5;3;0
ЦМТ ао;60;20170302;100000;8.6;9;8.6;9;10;0
ЦМТ ао;60;20170302;150000;8.7;8.7;8.7;8.7;1;0
ЦМТ ао;60;20170303;100000;8.8;9;8.7;8.7;19;0
ЦМТ ао;60;20170303;140000;8.7;8.7;8.7;8.7;7;0
ЦМТ ао;60;20170303;160000;8.85;8.9;8.85;8.9;3;0
ЦМТ ао;60;20170306;110000;8.75;8.75;8.7;8.7;2;0
ЦМТ ао;60;20170307;100000;8.85;9;8.7;8.7;9;0
ЦМТ ао;60;20170309;110000;8.85;8.95;8.85;8.95;850;0
ЦМТ ао;60;20170309;120000;8.55;8.55;8.55;8.55;1;0
ЦМТ ао;60;20170309;130000;8.65;8.7;8.65;8.7;8;0
ЦМТ ао;60;20170310;110000;8.75;8.75;8.7;8.7;2;0
ЦМТ ао;60;20170310;150000;8.65;8.65;8.65;8.65;2;0
ЦМТ ао;60;20170310;170000;8.65;8.65;8.65;8.65;10;0
ЦМТ ао;60;20170313;120000;8.8;9;8.8;9;5;0
ЦМТ ао;60;20170313;130000;8.85;8.85;8.85;8.85;1;0
ЦМТ ао;60;20170313;150000;8.8;8.8;8.7;8.7;3;0
ЦМТ ао;60;20170315;120000;8.7;8.7;8.7;8.7;1;0
ЦМТ ао;60;20170315;180000;8.7;8.7;8.5;8.5;7;0
ЦМТ ао;60;20170316;090000;8.65;8.65;8.65;8.65;1;0
ЦМТ ао;60;20170316;160000;8.65;8.65;8.65;8.65;1;0
ЦМТ ао;60;20170317;110000;8.8;9.15;8.8;9.15;5;0
ЦМТ ао;60;20170317;140000;8.7;8.7;8.7;8.7;6;0
ЦМТ ао;60;20170317;170000;8.7;8.7;8.7;8.7;1;0
ЦМТ ао;60;20170320;110000;8.65;8.65;8.5;8.5;5;0
ЦМТ ао;60;20170320;120000;8.5;8.5;8.5;8.5;3;0
ЦМТ ао;60;20170320;150000;8.5;8.5;8.5;8.5;1;0
ЦМТ ао;60;20170321;110000;8.45;8.45;8.45;8.45;9;0
ЦМТ ао;60;20170321;150000;8.5;8.5;8.5;8.5;10;0
ЦМТ ао;60;20170322;140000;8.4;8.4;8.2;8.2;18;0
ЦМТ ао;60;20170322;150000;8.35;8.35;8.35;8.35;1;0
ЦМТ ао;60;20170322;170000;8.3;8.3;8;8.1;99;0
ЦМТ ао;60;20170322;180000;8.25;8.25;8.25;8.25;1;0
ЦМТ ао;60;20170323;130000;8.25;8.25;8;8;11;0
ЦМТ ао;60;20170323;140000;8.15;8.15;8.15;8.15;1;0
ЦМТ ао;60;20170324;090000;8.05;8.05;8.05;8.05;1;0
ЦМТ ао;60;20170324;150000;8.05;8.05;8;8;52;0
ЦМТ ао;60;20170324;160000;8.05;8.15;8.05;8.15;3;0
ЦМТ ао;60;20170327;090000;8.25;8.25;8.25;8.25;3;0
ЦМТ ао;60;20170327;100000;8.3;8.3;8.3;8.3;1;0
ЦМТ ао;60;20170327;130000;8.25;8.25;8;8;12;0
ЦМТ ао;60;20170327;140000;8.1;8.1;8.1;8.1;1;0
ЦМТ ао;60;20170327;160000;8.1;8.1;8.1;8.1;1;0
ЦМТ ао;60;20170330;100000;8.05;8.05;8.05;8.05;3;0
ЦМТ ао;60;20170330;130000;8.05;8.05;8.05;8.05;51;0
ЦМТ ао;60;20170331;120000;8;8;8;8;2;0
ЦМТ ао;60;20170331;160000;8;8;8;8;1;0
ЦМТ ао;60;20170403;150000;8;8;8;8;1;0
ЦМТ ао;60;20170403;170000;8;8;8;8;14;0
ЦМТ ао;60;20170404;100000;8;8;8;8;3;0
ЦМТ ао;60;20170404;130000;8;8;8;8;1;0
ЦМТ ао;60;20170404;140000;8;8;8;8;2;0
ЦМТ ао;60;20170404;170000;8;8;8;8;1;0
ЦМТ ао;60;20170404;180000;8;8;8;8;2;0
ЦМТ ао;60;20170405;120000;8;8;8;8;5;0
ЦМТ ао;60;20170405;140000;8;8;8;8;7;0
ЦМТ ао;60;20170405;180000;8;8;8;8;2;0
ЦМТ ао;60;20170406;130000;8;8;8;8;1;0
ЦМТ ао;60;20170406;170000;8;8;8;8;1;0
ЦМТ ао;60;20170407;160000;7.95;8;7.95;8;3;0
ЦМТ ао;60;20170407;170000;8;8;8;8;2;0
ЦМТ ао;60;20170410;100000;7.9;7.9;7.5;7.8;20;0
ЦМТ ао;60;20170410;140000;7.85;7.85;7.85;7.85;1;0
ЦМТ ао;60;20170411;100000;7.9;7.9;7.9;7.9;1;0
ЦМТ ао;60;20170411;170000;7.85;7.85;7.85;7.85;1;0
ЦМТ ао;60;20170411;180000;7.9;7.9;7.9;7.9;1;0
ЦМТ ао;60;20170412;110000;7.85;7.85;7.8;7.8;5;0
ЦМТ ао;60;20170412;180000;7.75;7.75;7.75;7.75;3;0
ЦМТ ао;60;20170413;110000;7.6;7.6;7.6;7.6;2;0
ЦМТ ао;60;20170413;180000;7.6;7.6;7.5;7.5;409;0
ЦМТ ао;60;20170414;120000;7.5;7.5;7.5;7.5;2;0
ЦМТ ао;60;20170414;180000;7.35;7.35;7.35;7.35;1;0
ЦМТ ао;60;20170417;100000;7.8;8.15;7.8;8.15;11;0
ЦМТ ао;60;20170418;160000;7.65;7.65;7.65;7.65;2;0
ЦМТ ао;60;20170420;170000;7.7;7.7;7.7;7.7;1;0
ЦМТ ао;60;20170421;170000;7.6;7.6;7.05;7.25;25;0
ЦМТ ао;60;20170421;180000;7.25;7.75;7.25;7.75;12;0
ЦМТ ао;60;20170426;110000;7.65;7.65;7.65;7.65;1;0
ЦМТ ао;60;20170426;170000;7.7;7.75;7.7;7.75;2;0
ЦМТ ао;60;20170427;100000;7.75;7.75;7.75;7.75;5;0
ЦМТ ао;60;20170428;100000;7.85;7.85;7.75;7.75;6;0
ЦМТ ао;60;20170428;110000;7.75;7.75;7.75;7.75;2;0
ЦМТ ао;60;20170428;130000;7.75;7.75;7.75;7.75;1;0
ЦМТ ао;60;20170428;150000;7.75;7.75;7.75;7.75;6;0
ЦМТ ао;60;20170502;110000;7.75;7.75;7.75;7.75;1;0
ЦМТ ао;60;20170502;160000;7.7;7.7;7.7;7.7;3;0
ЦМТ ао;60;20170503;130000;7.75;7.75;7.75;7.75;1;0
ЦМТ ао;60;20170504;130000;7.65;7.65;7.65;7.65;4;0
ЦМТ ао;60;20170504;160000;7.6;7.6;7.6;7.6;1;0
ЦМТ ао;60;20170505;100000;7.55;7.55;7.1;7.1;384;0
ЦМТ ао;60;20170505;110000;7.35;7.45;7.35;7.4;3;0
ЦМТ ао;60;20170505;130000;7.55;7.55;7.55;7.55;1;0
ЦМТ ао;60;20170505;180000;7.6;7.6;7.6;7.6;8;0
ЦМТ ао;60;20170512;120000;7.6;7.6;7.6;7.6;1;0
ЦМТ ао;60;20170512;170000;7.5;7.5;7.5;7.5;1;0
ЦМТ ао;60;20170515;120000;7.55;7.55;7.55;7.55;1;0
ЦМТ ао;60;20170515;180000;7.6;7.6;7.6;7.6;1;0
ЦМТ ао;60;20170516;120000;7.55;7.55;7.55;7.55;1;0
ЦМТ ао;60;20170516;130000;7.6;7.6;7.6;7.6;1;0
ЦМТ ао;60;20170517;130000;7.55;7.55;7.55;7.55;2;0
ЦМТ ао;60;20170518;100000;7.5;7.5;7.5;7.5;4;0
ЦМТ ао;60;20170518;130000;7.55;7.55;7.55;7.55;1;0
ЦМТ ао;60;20170522;150000;7.4;7.4;7.4;7.4;1;0
ЦМТ ао;60;20170524;130000;7.45;7.45;7.45;7.45;1;0
ЦМТ ао;60;20170524;140000;7.5;7.5;7.5;7.5;1;0
ЦМТ ао;60;20170524;150000;7.5;7.5;7.5;7.5;1;0
ЦМТ ао;60;20170525;160000;7.55;8.5;7.55;8.5;117;0
ЦМТ ао;60;20170525;170000;8.05;8.05;8.05;8.05;1;0
ЦМТ ао;60;20170526;120000;7.85;7.85;7.85;7.85;1;0
ЦМТ ао;60;20170526;140000;7.95;8.15;7.95;8.15;14;0
ЦМТ ао;60;20170526;150000;8.2;8.5;8.2;8.5;80;0
ЦМТ ао;60;20170526;160000;8.45;8.5;8.15;8.15;7;0
ЦМТ ао;60;20170526;170000;8.15;8.15;8.15;8.15;5;0
ЦМТ ао;60;20170529;090000;8.65;8.65;8.65;8.65;1;0
ЦМТ ао;60;20170529;100000;8.6;8.6;8.2;8.5;15;0
ЦМТ ао;60;20170529;110000;8.45;8.45;8.3;8.3;4;0
ЦМТ ао;60;20170529;120000;8.25;8.25;8.2;8.2;2;0
ЦМТ ао;60;20170529;130000;8.15;8.15;8.15;8.15;1;0
ЦМТ ао;60;20170529;150000;8.1;8.5;8.1;8.5;50;0
ЦМТ ао;60;20170529;160000;8.5;8.85;8.5;8.5;48;0
ЦМТ ао;60;20170529;180000;8.6;8.6;8.6;8.6;1;0
ЦМТ ао;60;20170530;090000;8.45;8.45;8.45;8.45;2;0
ЦМТ ао;60;20170530;100000;8.5;8.5;8.4;8.4;3;0
ЦМТ ао;60;20170530;130000;8.35;8.35;8.05;8.05;140;0
ЦМТ ао;60;20170530;140000;8.4;8.5;8.4;8.5;5;0
ЦМТ ао;60;20170530;180000;8.5;8.5;8.5;8.5;4;0
ЦМТ ао;60;20170601;100000;8.45;8.45;8.4;8.4;2;0
ЦМТ ао;60;20170601;110000;8.35;8.35;8.35;8.35;1;0
ЦМТ ао;60;20170602;120000;8.35;8.35;8.35;8.35;1;0
ЦМТ ао;60;20170605;100000;8.5;8.5;8.5;8.5;4;0
ЦМТ ао;60;20170607;090000;8.5;8.5;8.5;8.5;1;0
ЦМТ ао;60;20170607;120000;8.45;8.45;8.45;8.45;1;0
ЦМТ ао;60;20170607;140000;8.4;8.4;8.4;8.4;1;0
ЦМТ ао;60;20170608;130000;8.5;8.5;8.5;8.5;57;0
ЦМТ ао;60;20170609;110000;8.3;8.3;8.3;8.3;1;0
ЦМТ ао;60;20170613;160000;8.4;8.4;8.4;8.4;1;0
ЦМТ ао;60;20170614;150000;8.45;8.45;8.45;8.45;1;0
ЦМТ ао;60;20170615;100000;8.15;8.45;7.75;8.45;6;0
ЦМТ ао;60;20170615;110000;7.75;7.75;7.75;7.75;1;0
ЦМТ ао;60;20170615;120000;7.8;7.8;7.7;7.7;16;0
ЦМТ ао;60;20170615;130000;7.65;7.65;7.65;7.65;1;0
ЦМТ ао;60;20170615;140000;7.9;7.9;7.9;7.9;1;0
ЦМТ ао;60;20170615;170000;7.8;7.8;7.8;7.8;1;0
ЦМТ ао;60;20170615;180000;7.7;7.8;7.6;7.8;11;0
ЦМТ ао;60;20170616;110000;8.25;8.25;8.25;8.25;2;0
ЦМТ ао;60;20170616;130000;8.25;8.25;8.25;8.25;1;0
ЦМТ ао;60;20170616;140000;8.3;8.3;8.25;8.25;2;0
ЦМТ ао;60;20170619;110000;8.2;8.2;8.2;8.2;1;0
ЦМТ ао;60;20170621;090000;7.9;7.9;7.9;7.9;2;0
ЦМТ ао;60;20170623;100000;8.1;8.1;8.1;8.1;1;0
ЦМТ ао;60;20170623;170000;7.9;7.9;7.9;7.9;1;0
ЦМТ ао;60;20170626;090000;8.15;8.15;8.15;8.15;1;0
ЦМТ ао;60;20170626;100000;8.1;8.1;8;8;8;0
ЦМТ ао;60;20170626;120000;7.95;7.95;7.95;7.95;1;0
ЦМТ ао;60;20170626;130000;8.05;8.5;8.05;8.5;13;0
ЦМТ ао;60;20170626;140000;8.5;8.5;8.5;8.5;3;0
ЦМТ ао;60;20170626;170000;8.5;8.5;8.5;8.5;2;0
ЦМТ ао;60;20170627;100000;8.4;8.4;8.15;8.15;4;0
ЦМТ ао;60;20170627;110000;8.3;8.7;8.3;8.7;5;0
ЦМТ ао;60;20170627;120000;8.35;8.35;8.1;8.1;3;0
ЦМТ ао;60;20170627;140000;8.25;8.5;8.25;8.5;5;0
ЦМТ ао;60;20170627;150000;8.4;8.4;8.3;8.3;3;0
ЦМТ ао;60;20170628;130000;8.4;8.7;8.4;8.7;4;0
ЦМТ ао;60;20170628;150000;8.5;8.5;8.5;8.5;12;0
ЦМТ ао;60;20170628;160000;8.5;8.5;8.5;8.5;1;0
ЦМТ ао;60;20170629;130000;8.6;9;8.6;9;7;0
ЦМТ ао;60;20170629;140000;8.6;8.6;8.2;8.2;12;0
ЦМТ ао;60;20170629;180000;8.3;8.55;8.3;8.35;11;0
ЦМТ ао;60;20170630;130000;8.3;8.3;8.3;8.3;1;0
ЦМТ ао;60;20170630;150000;8.25;8.25;8.2;8.2;3;0
ЦМТ ао;60;20170703;160000;8.15;8.15;8;8;32;0
ЦМТ ао;60;20170703;170000;8;8;8;8;1;0
ЦМТ ао;60;20170703;180000;8.3;8.3;8.3;8.3;1;0
ЦМТ ао;60;20170704;090000;8;8;8;8;2;0
ЦМТ ао;60;20170704;100000;8.05;8.05;8.05;8.05;1;0
ЦМТ ао;60;20170704;110000;8.05;8.05;8;8;18;0
ЦМТ ао;60;20170705;090000;8.3;8.3;8.3;8.3;1;0
ЦМТ ао;60;20170705;100000;8.3;8.3;8.3;8.3;2;0
ЦМТ ао;60;20170705;180000;8.3;8.3;8.3;8.3;1;0
ЦМТ ао;60;20170706;100000;8.05;8.05;8.05;8.05;1;0
ЦМТ ао;60;20170706;110000;8.25;8.25;8.25;8.25;1;0
ЦМТ ао;60;20170711;110000;8.35;8.95;8;8.9;361;0
ЦМТ ао;60;20170711;120000;8.4;8.85;8.05;8.1;515;0
ЦМТ ао;60;20170711;130000;8.55;8.7;8.05;8.65;251;0
ЦМТ ао;60;20170711;140000;8.3;8.6;8.05;8.3;362;0
ЦМТ ао;60;20170711;180000;8.1;8.1;8.05;8.05;35;0
ЦМТ ао;60;20170712;100000;8.1;8.8;8.05;8.75;289;0
ЦМТ ао;60;20170712;110000;8.3;8.95;8.15;8.95;344;0
ЦМТ ао;60;20170712;120000;8.95;8.95;8.8;8.8;3;0
ЦМТ ао;60;20170712;130000;8.9;8.9;8.9;8.9;2;0
ЦМТ ао;60;20170712;150000;8.7;8.85;8.25;8.35;277;0
ЦМТ ао;60;20170712;160000;8.3;8.4;8.2;8.4;77;0
ЦМТ ао;60;20170712;170000;8.25;8.35;8.15;8.3;34;0
ЦМТ ао;60;20170712;180000;8.4;8.4;8.2;8.25;118;0
ЦМТ ао;60;20170713;100000;8.15;8.35;8.1;8.1;70;0
ЦМТ ао;60;20170717;180000;8.35;8.5;8.3;8.3;6;0
ЦМТ ао;60;20170718;160000;8.2;8.2;8.2;8.2;1;0
ЦМТ ао;60;20170718;180000;8.2;8.45;8.2;8.45;5;0
ЦМТ ао;60;20170719;100000;8.25;8.25;8.25;8.25;1;0
ЦМТ ао;60;20170720;110000;8.25;8.25;8.2;8.2;5;0
ЦМТ ао;60;20170721;180000;8.2;8.2;8.2;8.2;1;0
ЦМТ ао;60;20170724;120000;8.2;8.2;8.15;8.15;4;0
ЦМТ ао;60;20170724;140000;8.05;8.05;8.05;8.05;10;0
ЦМТ ао;60;20170725;130000;8.15;8.15;8;8;170;0
ЦМТ ао;60;20170726;180000;8.1;8.1;8.1;8.1;1;0
ЦМТ ао;60;20170727;170000;8;8;7.9;7.9;4;0
ЦМТ ао;60;20170727;180000;7.9;7.9;7.9;7.9;1;0
ЦМТ ао;60;20170728;110000;7.95;8;7.7;7.95;38;0
ЦМТ ао;60;20170728;120000;7.85;7.85;7.7;7.7;28;0
ЦМТ ао;60;20170728;140000;7.85;7.85;7.85;7.85;1;0
ЦМТ ао;60;20170731;140000;7.7;7.7;7.7;7.7;2;0
ЦМТ ао;60;20170731;180000;7.7;7.7;7.65;7.65;2;0
ЦМТ ао;60;20170801;110000;7.7;7.7;7.7;7.7;2;0
ЦМТ ао;60;20170801;130000;7.65;7.65;7.65;7.65;1;0
ЦМТ ао;60;20170801;170000;7.65;7.65;7.65;7.65;1;0
ЦМТ ао;60;20170801;180000;7.65;7.65;7.65;7.65;2;0
ЦМТ ао;60;20170802;110000;7.6;7.6;7.6;7.6;1;0
ЦМТ ао;60;20170802;120000;7.65;7.65;7.55;7.55;10;0
ЦМТ ао;60;20170802;160000;7.6;7.6;7.6;7.6;1;0
ЦМТ ао;60;20170802;180000;7.6;7.6;7.6;7.6;1;0
ЦМТ ао;60;20170803;130000;7.6;7.6;7.55;7.55;2;0
ЦМТ ао;60;20170803;180000;7.6;7.6;7.6;7.6;3;0
ЦМТ ао;60;20170804;140000;7.55;7.55;7.4;7.4;25;0
ЦМТ ао;60;20170804;150000;7.5;7.5;7.5;7.5;143;0
ЦМТ ао;60;20170804;170000;7.5;7.5;7.5;7.5;2;0
ЦМТ ао;60;20170804;180000;7.5;7.5;7.5;7.5;1;0
ЦМТ ао;60;20170807;100000;7.45;7.45;7.3;7.3;35;0
ЦМТ ао;60;20170807;110000;7.3;7.3;7.3;7.3;1;0
ЦМТ ао;60;20170807;120000;7.3;8;7.3;8;352;0
ЦМТ ао;60;20170807;130000;8;8;7.3;7.7;18;0
ЦМТ ао;60;20170807;140000;7.65;7.65;7.6;7.6;3;0
ЦМТ ао;60;20170808;150000;7.65;7.65;7.5;7.5;13;0
ЦМТ ао;60;20170808;180000;7.55;7.55;7.55;7.55;242;0
ЦМТ ао;60;20170809;130000;7.5;7.5;7.5;7.5;1;0
ЦМТ ао;60;20170809;140000;7.65;7.7;7.65;7.7;2;0
ЦМТ ао;60;20170809;150000;7.75;7.75;7.75;7.75;2;0
ЦМТ ао;60;20170809;160000;7.55;7.55;7.55;7.55;1;0
ЦМТ ао;60;20170810;110000;7.5;7.5;7.5;7.5;1;0
ЦМТ ао;60;20170810;150000;7.65;7.65;7.65;7.65;1;0
ЦМТ ао;60;20170810;170000;7.7;7.7;7.7;7.7;1;0
ЦМТ ао;60;20170811;100000;7.6;7.6;7.6;7.6;1;0
ЦМТ ао;60;20170814;100000;7.75;7.8;7.75;7.8;2;0
ЦМТ ао;60;20170814;130000;7.6;7.6;7.5;7.5;2;0
ЦМТ ао;60;20170814;140000;7.7;7.75;7.7;7.75;2;0
ЦМТ ао;60;20170814;170000;7.8;7.85;7.8;7.85;2;0
ЦМТ ао;60;20170815;140000;7.65;7.65;7.65;7.65;1;0
ЦМТ ао;60;20170816;110000;7.6;7.6;7.6;7.6;1;0
ЦМТ ао;60;20170816;170000;7.75;8.25;7.75;8.25;19;0
ЦМТ ао;60;20170816;180000;8.2;8.5;8.2;8.45;102;0
ЦМТ ао;60;20170817;110000;8.4;8.5;8.4;8.5;6;0
ЦМТ ао;60;20170817;130000;8.45;8.5;8.05;8.5;7;0
ЦМТ ао;60;20170817;150000;8.45;8.5;8.45;8.5;3;0
ЦМТ ао;60;20170817;170000;8.15;8.5;8.15;8.5;3;0
ЦМТ ао;60;20170817;180000;8.5;9;8.5;9;50;0
ЦМТ ао;60;20170818;100000;8.9;8.9;8.9;8.9;1;0
ЦМТ ао;60;20170818;180000;8.8;8.85;8.8;8.85;6;0
ЦМТ ао;60;20170821;140000;8.85;8.9;8.85;8.9;8;0
ЦМТ ао;60;20170821;180000;8.85;8.85;8.85;8.85;1;0
ЦМТ ао;60;20170822;160000;8.9;8.9;8.9;8.9;4;0
ЦМТ ао;60;20170823;110000;8.85;8.85;8.85;8.85;2;0
ЦМТ ао;60;20170823;160000;8.15;8.15;8.15;8.15;1;0
ЦМТ ао;60;20170823;170000;8.3;8.3;8.3;8.3;1;0
ЦМТ ао;60;20170824;150000;8.45;8.45;7.6;7.9;24;0
ЦМТ ао;60;20170824;170000;7.8;7.8;7.7;7.7;4;0
ЦМТ ао;60;20170824;180000;7.95;7.95;7.95;7.95;1;0
ЦМТ ао;60;20170825;100000;8.05;8.05;8.05;8.05;2;0
ЦМТ ао;60;20170825;120000;8.05;8.05;7.95;7.95;3;0
ЦМТ ао;60;20170825;160000;7.95;7.95;7.95;7.95;4;0
ЦМТ ао;60;20170825;170000;7.95;7.95;7.95;7.95;5;0
ЦМТ ао;60;20170829;100000;7.85;7.85;7.85;7.85;1;0
ЦМТ ао;60;20170829;120000;7.85;7.85;7.85;7.85;1;0
ЦМТ ао;60;20170829;130000;7.85;7.85;7.85;7.85;6;0
ЦМТ ао;60;20170830;110000;8;8;8;8;1;0
ЦМТ ао;60;20170830;120000;7.95;7.95;7.9;7.9;2;0
ЦМТ ао;60;20170830;130000;7.9;7.95;7.9;7.95;11;0
ЦМТ ао;60;20170830;180000;7.95;7.95;7.95;7.95;1;0
ЦМТ ао;60;20170831;100000;7.85;8.05;7.2;8.05;34;0
ЦМТ ао;60;20170831;110000;8.05;8.1;8.05;8.1;2;0
ЦМТ ао;60;20170831;120000;8.05;8.05;8.05;8.05;5;0
ЦМТ ао;60;20170831;130000;7.95;7.95;7.95;7.95;2;0
ЦМТ ао;60;20170831;140000;7.95;7.95;7.95;7.95;6;0
ЦМТ ао;60;20170831;170000;7.95;7.95;7.95;7.95;3;0
ЦМТ ао;60;20170901;090000;7.9;7.9;7.9;7.9;1;0
ЦМТ ао;60;20170901;150000;8.05;8.05;8.05;8.05;2;0
ЦМТ ао;60;20170901;180000;7.9;7.9;7.9;7.9;1;0
ЦМТ ао;60;20170904;150000;7.85;7.85;7.85;7.85;1;0
ЦМТ ао;60;20170904;170000;8.05;8.05;8.05;8.05;1;0
ЦМТ ао;60;20170905;090000;7.9;7.9;7.9;7.9;1;0
ЦМТ ао;60;20170905;100000;7.9;7.9;7.9;7.9;1;0
ЦМТ ао;60;20170905;130000;7.9;7.9;7.9;7.9;4;0
ЦМТ ао;60;20170905;150000;7.9;7.95;7.9;7.95;3;0
ЦМТ ао;60;20170906;160000;8;8.25;8;8.25;100;0
ЦМТ ао;60;20170907;120000;8.05;8.05;5.05;7.55;353;0
ЦМТ ао;60;20170907;130000;7.5;7.55;7.4;7.4;45;0
ЦМТ ао;60;20170907;140000;7.4;7.5;7.35;7.45;17;0
ЦМТ ао;60;20170907;150000;7.45;7.45;7.45;7.45;1;0
ЦМТ ао;60;20170907;160000;7.35;7.4;7.2;7.2;26;0
ЦМТ ао;60;20170907;170000;7.25;7.6;7.1;7.6;62;0
ЦМТ ао;60;20170907;180000;7.55;7.65;7.55;7.65;22;0
ЦМТ ао;60;20170908;090000;7.55;7.55;7.55;7.55;1;0
ЦМТ ао;60;20170908;140000;7.6;7.6;7.5;7.5;285;0
ЦМТ ао;60;20170908;150000;7.65;7.7;7.65;7.7;6;0
ЦМТ ао;60;20170908;160000;7.75;7.75;7.75;7.75;1;0
ЦМТ ао;60;20170908;170000;7.6;7.6;7.3;7.3;20;0
ЦМТ ао;60;20170911;100000;7.55;7.95;7.5;7.5;27;0
ЦМТ ао;60;20170911;110000;7.55;7.55;6.95;7.35;597;0
ЦМТ ао;60;20170911;130000;7.4;7.4;7.4;7.4;2;0
ЦМТ ао;60;20170911;140000;7.4;7.8;7.4;7.8;41;0
ЦМТ ао;60;20170911;150000;7.85;7.9;7.85;7.9;5;0
ЦМТ ао;60;20170911;160000;7.8;7.8;7.8;7.8;8;0
ЦМТ ао;60;20170912;100000;7.7;7.7;7.7;7.7;1;0
ЦМТ ао;60;20170912;110000;7.8;7.9;7.8;7.9;15;0
ЦМТ ао;60;20170912;120000;7.9;7.9;7.9;7.9;2;0
ЦМТ ао;60;20170913;140000;7.75;7.75;7.75;7.75;2;0
ЦМТ ао;60;20170913;150000;7.7;7.7;7.7;7.7;2;0
ЦМТ ао;60;20170914;100000;7.85;7.85;7.85;7.85;1;0
ЦМТ ао;60;20170914;120000;7.8;7.8;7.8;7.8;3;0
ЦМТ ао;60;20170914;170000;7.8;7.8;7.8;7.8;4;0
ЦМТ ао;60;20170914;180000;7.75;7.75;7.75;7.75;1;0
ЦМТ ао;60;20170915;100000;7.7;7.7;7.7;7.7;1;0
ЦМТ ао;60;20170915;180000;7.7;7.95;7.7;7.8;51;0
ЦМТ ао;60;20170918;100000;7.75;7.75;7.75;7.75;2;0
ЦМТ ао;60;20170918;130000;7.7;7.7;7.7;7.7;2;0
ЦМТ ао;60;20170918;150000;7.8;7.85;7.8;7.85;553;0
ЦМТ ао;60;20170919;140000;7.8;7.8;7.65;7.65;6;0
ЦМТ ао;60;20170919;150000;7.7;8;7.7;8;681;0
ЦМТ ао;60;20170920;100000;7.85;7.85;7.8;7.8;2;0
ЦМТ ао;60;20170920;160000;7.95;7.95;7.95;7.95;2;0
ЦМТ ао;60;20170921;160000;7.95;7.95;7.95;7.95;1;0
ЦМТ ао;60;20170921;180000;7.85;7.85;7.85;7.85;1;0
ЦМТ ао;60;20170922;130000;7.8;7.8;7.8;7.8;1;0
ЦМТ ао;60;20170925;100000;7.95;8;7.95;8;2;0
ЦМТ ао;60;20170925;170000;7.95;7.95;7.95;7.95;5;0
ЦМТ ао;60;20170926;100000;8;8;8;8;5;0
ЦМТ ао;60;20170926;110000;7.8;7.8;7.8;7.8;1;0
ЦМТ ао;60;20170927;100000;7.8;7.8;7.8;7.8;2;0
ЦМТ ао;60;20170927;140000;7.8;7.8;7.8;7.8;2;0
ЦМТ ао;60;20170927;170000;7.8;7.8;7.8;7.8;1;0
ЦМТ ао;60;20170929;110000;7.7;7.7;7.7;7.7;1;0
ЦМТ ао;60;20171002;130000;7.65;7.65;7.6;7.6;4;0
ЦМТ ао;60;20171002;160000;7.55;7.55;7.3;7.55;812;0
ЦМТ ао;60;20171002;180000;7.6;7.6;7.6;7.6;4;0
ЦМТ ао;60;20171003;100000;7.4;7.4;7.35;7.35;4;0
ЦМТ ао;60;20171003;120000;7.45;7.5;7.45;7.5;4;0
ЦМТ ао;60;20171003;140000;7.45;7.5;7.45;7.5;51;0
ЦМТ ао;60;20171003;150000;7.6;7.6;7.6;7.6;1;0
ЦМТ ао;60;20171004;140000;7.6;7.6;7.6;7.6;2;0
ЦМТ ао;60;20171004;170000;7.45;7.55;7.15;7.55;12;0
ЦМТ ао;60;20171005;170000;7.55;7.55;7.55;7.55;1;0
ЦМТ ао;60;20171006;140000;7.6;7.6;7.6;7.6;30;0
ЦМТ ао;60;20171009;100000;7.6;7.65;7.35;7.65;70;0
ЦМТ ао;60;20171009;110000;7.65;7.65;7.4;7.4;14;0
ЦМТ ао;60;20171009;140000;7.6;7.6;7.6;7.6;1;0
ЦМТ ао;60;20171009;170000;7.7;7.7;7.7;7.7;3;0
ЦМТ ао;60;20171009;180000;7.55;7.55;7.55;7.55;1;0
ЦМТ ао;60;20171010;100000;7.65;7.9;7.65;7.9;90;0
ЦМТ ао;60;20171010;110000;7.9;8;7.9;8;10;0
ЦМТ ао;60;20171010;120000;7.7;7.7;7.7;7.7;1;0
ЦМТ ао;60;20171010;160000;7.85;7.95;7.85;7.95;2;0
ЦМТ ао;60;20171010;180000;7.8;7.8;7.8;7.8;1;0
ЦМТ ао;60;20171011;100000;7.95;8;7.95;8;3;0
ЦМТ ао;60;20171012;160000;7.95;8;7.95;8;11;0
ЦМТ ао;60;20171013;110000;8;8.05;8;8.05;3;0
ЦМТ ао;60;20171013;130000;8.1;8.25;8.1;8.1;15;0
ЦМТ ао;60;20171013;150000;8.05;8.05;7.4;7.7;11;0
ЦМТ ао;60;20171013;170000;7.9;7.9;7.9;7.9;1;0
ЦМТ ао;60;20171016;130000;7.95;8;7.95;8;2;0
ЦМТ ао;60;20171017;110000;7.85;7.85;7.85;7.85;1;0
ЦМТ ао;60;20171017;120000;7.9;8.2;7.9;7.9;7;0
ЦМТ ао;60;20171017;140000;7.9;7.9;7.9;7.9;1;0
ЦМТ ао;60;20171017;160000;7.85;7.85;7.85;7.85;1;0
ЦМТ ао;60;20171017;180000;7.9;7.9;7.9;7.9;1;0
ЦМТ ао;60;20171018;120000;7.8;7.8;7.8;7.8;1;0
ЦМТ ао;60;20171018;140000;7.85;7.85;7.85;7.85;1;0
ЦМТ ао;60;20171018;150000;7.8;7.8;7.8;7.8;1;0
ЦМТ ао;60;20171018;160000;7.8;7.8;7.8;7.8;1;0
ЦМТ ао;60;20171018;180000;7.8;7.85;7.8;7.85;2;0
ЦМТ ао;60;20171019;140000;7.75;7.75;7.75;7.75;4;0
ЦМТ ао;60;20171019;150000;7.7;7.75;7.7;7.75;2;0
ЦМТ ао;60;20171019;180000;7.7;7.7;7.7;7.7;1;0
ЦМТ ао;60;20171020;120000;7.7;7.8;7.65;7.65;4;0
ЦМТ ао;60;20171020;130000;7.75;7.8;7.75;7.8;2;0
ЦМТ ао;60;20171020;140000;7.8;7.8;7.8;7.8;1;0
ЦМТ ао;60;20171023;100000;7.65;7.75;7.65;7.7;4;0
ЦМТ ао;60;20171023;110000;7.6;7.65;7.6;7.65;2;0
ЦМТ ао;60;20171023;120000;7.6;7.65;7.6;7.65;4;0
ЦМТ ао;60;20171023;130000;7.6;7.6;7.6;7.6;3;0
ЦМТ ао;60;20171023;140000;7.6;7.6;7.6;7.6;3;0
ЦМТ ао;60;20171023;150000;7.6;7.6;7.6;7.6;4;0
ЦМТ ао;60;20171023;160000;7.6;7.65;7.6;7.6;4;0
ЦМТ ао;60;20171023;170000;7.6;7.6;7.6;7.6;3;0
ЦМТ ао;60;20171023;180000;7.6;7.6;7.6;7.6;7;0
ЦМТ ао;60;20171024;100000;7.55;7.6;7.55;7.6;3;0
ЦМТ ао;60;20171024;110000;7.6;7.6;7.55;7.55;3;0
ЦМТ ао;60;20171024;120000;7.55;7.55;7.55;7.55;3;0
ЦМТ ао;60;20171024;130000;7.55;7.55;7.5;7.5;9;0
ЦМТ ао;60;20171024;140000;7.5;7.5;7.5;7.5;3;0
ЦМТ ао;60;20171024;150000;7.5;7.5;7.5;7.5;4;0
ЦМТ ао;60;20171024;160000;7.5;7.6;7.5;7.6;10;0
ЦМТ ао;60;20171024;170000;7.5;7.5;7.5;7.5;3;0
ЦМТ ао;60;20171024;180000;7.5;7.55;7.5;7.55;4;0
ЦМТ ао;60;20171025;100000;7.45;7.45;7.45;7.45;1;0
ЦМТ ао;60;20171025;110000;7.45;7.45;7.45;7.45;4;0
ЦМТ ао;60;20171025;120000;7.4;7.45;7.4;7.45;2;0
ЦМТ ао;60;20171025;130000;7.4;7.45;7.4;7.4;4;0
ЦМТ ао;60;20171025;140000;7.4;7.4;7.4;7.4;3;0
ЦМТ ао;60;20171025;150000;7.4;7.4;7.35;7.35;3;0
ЦМТ ао;60;20171025;160000;7.35;7.45;7.35;7.45;5;0
ЦМТ ао;60;20171025;170000;7.35;7.35;7.35;7.35;2;0
ЦМТ ао;60;20171025;180000;7.35;7.35;7.35;7.35;3;0
ЦМТ ао;60;20171026;100000;7.3;7.3;7.3;7.3;7;0
ЦМТ ао;60;20171026;110000;7.3;7.3;7.3;7.3;3;0
ЦМТ ао;60;20171026;120000;7.3;7.3;7.25;7.25;3;0
ЦМТ ао;60;20171026;130000;7.25;7.25;7.25;7.25;4;0
ЦМТ ао;60;20171026;140000;7.3;7.35;7.2;7.2;12;0
ЦМТ ао;60;20171026;150000;7.2;7.2;7.2;7.2;4;0
ЦМТ ао;60;20171026;160000;7.2;7.25;7.2;7.25;4;0
ЦМТ ао;60;20171026;170000;7.25;7.35;7.2;7.2;5;0
ЦМТ ао;60;20171026;180000;7.2;7.2;7.2;7.2;3;0
ЦМТ ао;60;20171027;100000;7.2;7.3;7.15;7.2;6;0
ЦМТ ао;60;20171027;110000;7.2;7.2;7.2;7.2;4;0
ЦМТ ао;60;20171027;120000;7.2;7.2;7.2;7.2;2;0
ЦМТ ао;60;20171027;130000;7.15;7.15;7.15;7.15;4;0
ЦМТ ао;60;20171027;140000;7.15;7.15;7.15;7.15;3;0
ЦМТ ао;60;20171027;150000;7.15;7.2;7.15;7.15;4;0
ЦМТ ао;60;20171027;160000;7.15;7.2;7.15;7.2;5;0
ЦМТ ао;60;20171027;170000;7.2;7.2;7.2;7.2;3;0
ЦМТ ао;60;20171027;180000;7.2;7.2;7.2;7.2;3;0
ЦМТ ао;60;20171030;100000;7.2;7.25;7.2;7.25;3;0
ЦМТ ао;60;20171030;110000;7.15;7.15;7.1;7.1;3;0
ЦМТ ао;60;20171030;120000;7.1;7.15;7.05;7.15;4;0
ЦМТ ао;60;20171030;130000;7.05;7.05;7.05;7.05;3;0
ЦМТ ао;60;20171030;140000;7.05;7.05;7.05;7.05;3;0
ЦМТ ао;60;20171030;150000;7.05;7.1;7.05;7.05;4;0
ЦМТ ао;60;20171030;160000;7.05;7.1;7.05;7.1;4;0
ЦМТ ао;60;20171030;170000;7.05;7.1;7.05;7.1;4;0
ЦМТ ао;60;20171030;180000;7.1;7.15;6;6.85;608;0
ЦМТ ао;60;20171031;100000;6.85;6.95;6.8;6.9;21;0
ЦМТ ао;60;20171031;110000;6.8;6.85;6.8;6.85;3;0
ЦМТ ао;60;20171031;120000;6.85;6.85;6.8;6.85;3;0
ЦМТ ао;60;20171031;130000;6.75;6.75;6.75;6.75;2;0
ЦМТ ао;60;20171031;140000;6.75;7;6.75;6.95;68;0
ЦМТ ао;60;20171031;160000;6.75;6.9;6.75;6.9;9;0
ЦМТ ао;60;20171031;170000;6.9;6.9;6.9;6.9;3;0
ЦМТ ао;60;20171101;100000;6.7;6.8;6.7;6.75;4;0
ЦМТ ао;60;20171101;110000;6.75;7;6.75;7;21;0
ЦМТ ао;60;20171101;120000;6.9;6.9;6.9;6.9;1;0
ЦМТ ао;60;20171101;130000;6.9;6.9;6.9;6.9;4;0
ЦМТ ао;60;20171101;140000;6.9;6.9;6.9;6.9;1;0
ЦМТ ао;60;20171101;150000;6.8;6.8;6.75;6.75;3;0
ЦМТ ао;60;20171101;160000;6.75;6.75;6.75;6.75;4;0
ЦМТ ао;60;20171101;170000;6.8;6.8;6.75;6.75;3;0
ЦМТ ао;60;20171101;180000;6.8;6.95;6.8;6.9;9;0
ЦМТ ао;60;20171102;100000;6.85;6.85;6.6;6.8;13;0
ЦМТ ао;60;20171102;110000;6.75;6.8;6.75;6.8;5;0
ЦМТ ао;60;20171102;120000;6.8;6.8;6.8;6.8;3;0
ЦМТ ао;60;20171102;130000;6.8;6.8;6.8;6.8;3;0
ЦМТ ао;60;20171102;140000;6.75;6.9;6.75;6.9;21;0
ЦМТ ао;60;20171102;150000;6.8;6.85;6.8;6.8;3;0
ЦМТ ао;60;20171102;160000;6.8;6.8;6.8;6.8;3;0
ЦМТ ао;60;20171102;170000;6.7;6.7;6.7;6.7;2;0
ЦМТ ао;60;20171102;180000;6.7;6.9;6.7;6.8;35;0
ЦМТ ао;60;20171103;100000;6.8;6.8;6.8;6.8;2;0
ЦМТ ао;60;20171103;110000;6.75;6.75;6.75;6.75;2;0
ЦМТ ао;60;20171103;120000;6.7;6.8;6.7;6.75;8;0
ЦМТ ао;60;20171103;130000;6.75;6.75;6.75;6.75;1;0
ЦМТ ао;60;20171103;140000;6.7;6.7;6.7;6.7;2;0
ЦМТ ао;60;20171103;150000;6.65;6.8;6.65;6.8;6;0
ЦМТ ао;60;20171103;160000;6.65;6.65;6.65;6.65;2;0
ЦМТ ао;60;20171103;170000;6.65;6.75;6.65;6.7;4;0
ЦМТ ао;60;20171103;180000;6.65;6.7;6.65;6.7;4;0
ЦМТ ао;60;20171107;100000;6.75;6.8;6.75;6.75;12;0
ЦМТ ао;60;20171107;110000;6.7;6.7;6.7;6.7;3;0
ЦМТ ао;60;20171107;120000;6.7;6.7;6.7;6.7;3;0
ЦМТ ао;60;20171107;130000;6.7;7;6.7;6.9;87;0
ЦМТ ао;60;20171107;140000;6.85;7;6.85;7;100;0
ЦМТ ао;60;20171107;150000;6.9;6.95;6.9;6.95;5;0
ЦМТ ао;60;20171107;160000;6.95;7;6.95;7;4;0
ЦМТ ао;60;20171107;170000;6.95;6.95;6.9;6.9;2;0
ЦМТ ао;60;20171107;180000;6.85;6.85;6.85;6.85;2;0
ЦМТ ао;60;20171108;100000;6.85;6.85;6.8;6.8;3;0
ЦМТ ао;60;20171108;110000;6.8;7;6.8;7;414;0
ЦМТ ао;60;20171108;120000;7;7;6.8;6.9;661;0
ЦМТ ао;60;20171108;130000;6.85;6.85;6.85;6.85;1;0
ЦМТ ао;60;20171108;140000;6.8;7;6.8;6.9;102;0
ЦМТ ао;60;20171108;150000;6.8;7;6.8;7;10;0
ЦМТ ао;60;20171108;160000;6.85;6.85;6.8;6.8;3;0
ЦМТ ао;60;20171108;170000;6.8;6.85;6.8;6.85;5;0
ЦМТ ао;60;20171108;180000;6.8;6.8;6.8;6.8;1;0
ЦМТ ао;60;20171109;100000;6.8;6.85;6.8;6.8;4;0
ЦМТ ао;60;20171109;110000;6.8;6.85;6.8;6.85;4;0
ЦМТ ао;60;20171109;120000;6.8;6.85;6.8;6.85;7;0
ЦМТ ао;60;20171109;130000;6.8;6.85;6.8;6.85;4;0
ЦМТ ао;60;20171109;140000;6.8;6.85;6.75;6.85;4;0
ЦМТ ао;60;20171109;150000;6.75;6.8;6.75;6.75;3;0
ЦМТ ао;60;20171109;160000;6.75;6.75;6.75;6.75;4;0
ЦМТ ао;60;20171109;170000;6.75;6.75;6.75;6.75;3;0
ЦМТ ао;60;20171109;180000;6.75;6.75;6.75;6.75;3;0
ЦМТ ао;60;20171110;100000;6.75;6.85;6.75;6.85;10;0
ЦМТ ао;60;20171110;110000;6.75;6.75;6.75;6.75;3;0
ЦМТ ао;60;20171110;120000;6.75;6.75;6.75;6.75;3;0
ЦМТ ао;60;20171110;130000;6.75;6.8;6.75;6.8;5;0
ЦМТ ао;60;20171110;140000;6.75;6.8;6.75;6.8;3;0
ЦМТ ао;60;20171110;150000;6.8;7.35;6.65;7.3;755;0
ЦМТ ао;60;20171110;160000;7;7;6.65;6.85;98;0
ЦМТ ао;60;20171110;170000;6.85;7.05;6.85;7;19;0
ЦМТ ао;60;20171110;180000;6.9;7.2;6.9;7;111;0
ЦМТ ао;60;20171113;100000;7;7.05;7;7;3;0
ЦМТ ао;60;20171113;110000;7;7.15;7;7.05;8;0
ЦМТ ао;60;20171113;120000;7.1;7.1;7;7;3;0
ЦМТ ао;60;20171113;130000;7;7;6.9;7;1005;0
ЦМТ ао;60;20171113;140000;6.95;6.95;6.95;6.95;2;0
ЦМТ ао;60;20171113;150000;6.95;6.95;6.95;6.95;487;0
ЦМТ ао;60;20171113;160000;6.9;6.95;6.9;6.9;50;0
ЦМТ ао;60;20171113;170000;6.95;7.05;6.95;7.05;2493;0
ЦМТ ао;60;20171113;180000;7.05;7.4;7.05;7.25;5090;0
ЦМТ ао;60;20171114;110000;7.1;7.15;7.1;7.15;9;0
ЦМТ ао;60;20171114;120000;7.1;7.1;7.1;7.1;3;0
ЦМТ ао;60;20171114;130000;7.1;7.1;7.1;7.1;4;0
ЦМТ ао;60;20171114;140000;7.1;7.1;7.1;7.1;3;0
ЦМТ ао;60;20171114;150000;7.1;7.15;7.1;7.15;4;0
ЦМТ ао;60;20171114;160000;7.1;7.15;7.1;7.1;7;0
ЦМТ ао;60;20171114;170000;7.1;7.1;7.1;7.1;3;0
ЦМТ ао;60;20171114;180000;7.1;7.1;7.1;7.1;3;0
ЦМТ ао;60;20171115;100000;7.1;7.1;7.1;7.1;5;0
ЦМТ ао;60;20171115;110000;7.1;7.1;7.1;7.1;17;0
ЦМТ ао;60;20171115;120000;7.1;7.1;7.05;7.05;5;0
ЦМТ ао;60;20171115;130000;7;7;6.95;6.95;9;0
ЦМТ ао;60;20171115;140000;6.95;6.95;6.95;6.95;4;0
ЦМТ ао;60;20171115;150000;6.95;7.05;6.95;7.05;4;0
ЦМТ ао;60;20171115;160000;7;7;7;7;1;0
ЦМТ ао;60;20171116;100000;6.95;6.95;6.95;6.95;1;0
ЦМТ ао;60;20171116;120000;7;7.05;6.95;6.95;4;0
ЦМТ ао;60;20171116;140000;6.95;6.95;6.95;6.95;5;0
ЦМТ ао;60;20171116;160000;7;7;7;7;1;0
ЦМТ ао;60;20171116;170000;7.05;7.1;7.05;7.1;11;0
ЦМТ ао;60;20171117;160000;7.05;7.05;6.7;6.8;614;0
ЦМТ ао;60;20171117;170000;6.85;6.9;6.85;6.9;10;0
ЦМТ ао;60;20171117;180000;6.85;6.9;6.85;6.9;9;0
ЦМТ ао;60;20171120;100000;6.8;6.95;6.8;6.95;11;0
ЦМТ ао;60;20171120;120000;7;7;7;7;14;0
ЦМТ ао;60;20171120;140000;7.05;7.1;7.05;7.1;7;0
ЦМТ ао;60;20171120;150000;7.1;7.1;7.1;7.1;3;0
ЦМТ ао;60;20171120;170000;7.15;7.15;7.15;7.15;3;0
ЦМТ ао;60;20171120;180000;7.2;7.2;7.2;7.2;3;0
ЦМТ ао;60;20171121;100000;7.2;7.2;7.2;7.2;7;0
ЦМТ ао;60;20171121;110000;7.25;7.3;7.2;7.2;23;0
ЦМТ ао;60;20171121;120000;7.2;7.35;7.2;7.35;23;0
ЦМТ ао;60;20171121;140000;7.2;7.3;7.2;7.3;8;0
ЦМТ ао;60;20171121;150000;7.25;7.25;7.25;7.25;2;0
ЦМТ ао;60;20171121;160000;7.3;7.3;7.3;7.3;2;0
ЦМТ ао;60;20171121;170000;7.25;7.3;7.25;7.3;10;0
ЦМТ ао;60;20171122;100000;7.3;7.5;7.3;7.4;53;0
ЦМТ ао;60;20171122;150000;7.35;7.5;7.35;7.5;27;0
ЦМТ ао;60;20171122;160000;7.4;7.4;7.4;7.4;1;0
ЦМТ ао;60;20171123;100000;7.5;7.55;7.5;7.55;28;0
ЦМТ ао;60;20171123;110000;7.55;7.55;7.55;7.55;1;0
ЦМТ ао;60;20171123;120000;7.5;7.5;7.5;7.5;4;0
ЦМТ ао;60;20171123;130000;7.5;7.5;7.4;7.4;16;0
ЦМТ ао;60;20171123;140000;7.45;7.45;7.45;7.45;3;0
ЦМТ ао;60;20171123;160000;7.35;7.35;7.35;7.35;1;0
ЦМТ ао;60;20171123;170000;7.35;7.35;7.35;7.35;2;0
ЦМТ ао;60;20171123;180000;7.45;7.45;7.45;7.45;1;0
ЦМТ ао;60;20171124;150000;7.3;7.3;7.3;7.3;2;0
ЦМТ ао;60;20171124;180000;7.3;7.3;7.3;7.3;1;0
ЦМТ ао;60;20171127;100000;7.3;7.3;7.3;7.3;1;0
ЦМТ ао;60;20171127;110000;7.3;7.3;7.3;7.3;7;0
ЦМТ ао;60;20171127;120000;7.3;7.3;7.3;7.3;400;0
ЦМТ ао;60;20171127;140000;7.3;7.3;7.3;7.3;1;0
ЦМТ ао;60;20171127;150000;7.3;7.3;7.3;7.3;4;0
ЦМТ ао;60;20171130;090000;7.25;7.25;7.25;7.25;1;0
ЦМТ ао;60;20171130;150000;7.25;7.25;7.2;7.2;3;0
ЦМТ ао;60;20171130;160000;7.2;7.2;7.2;7.2;1;0
ЦМТ ао;60;20171201;160000;7.25;7.25;7.25;7.25;1;0
ЦМТ ао;60;20171201;170000;7.3;7.3;7.25;7.25;2;0
ЦМТ ао;60;20171204;120000;7.25;7.25;7.25;7.25;6;0
ЦМТ ао;60;20171204;140000;7.25;7.25;7.25;7.25;5;0
ЦМТ ао;60;20171205;110000;7.3;7.35;7.3;7.35;4;0
ЦМТ ао;60;20171205;120000;7.25;7.25;7.25;7.25;1;0
ЦМТ ао;60;20171205;130000;7.25;7.25;7.25;7.25;1;0
ЦМТ ао;60;20171205;170000;7.2;7.2;7.2;7.2;11;0
ЦМТ ао;60;20171206;100000;7.25;7.25;7.25;7.25;2;0
ЦМТ ао;60;20171206;120000;7.2;7.2;7.2;7.2;1;0
ЦМТ ао;60;20171207;100000;7.15;7.15;7.1;7.1;12;0
ЦМТ ао;60;20171207;120000;7.15;7.15;7.15;7.15;1;0
ЦМТ ао;60;20171207;130000;7.15;7.15;7.15;7.15;1;0
ЦМТ ао;60;20171207;150000;7.1;7.1;7;7;15;0
ЦМТ ао;60;20171207;160000;7;7.1;7;7.1;3;0
ЦМТ ао;60;20171207;170000;7.05;7.15;7;7.1;12;0
ЦМТ ао;60;20171208;100000;7.1;7.1;7.1;7.1;5;0
ЦМТ ао;60;20171208;130000;7.1;7.1;7.1;7.1;5;0
ЦМТ ао;60;20171208;150000;7.1;7.1;7.1;7.1;1;0
ЦМТ ао;60;20171208;160000;7.15;7.15;7.15;7.15;1;0
ЦМТ ао;60;20171208;170000;7.1;7.1;7.1;7.1;6982;0
ЦМТ ао;60;20171208;180000;7.1;7.1;7.1;7.1;3;0
ЦМТ ао;60;20171211;100000;7.1;7.2;7.1;7.2;3;0
ЦМТ ао;60;20171211;150000;7.2;7.3;7.2;7.3;2;0
ЦМТ ао;60;20171212;100000;7.1;7.1;7.1;7.1;1;0
ЦМТ ао;60;20171212;120000;7.15;7.15;7.15;7.15;1;0
ЦМТ ао;60;20171212;130000;7.2;7.3;7.2;7.3;4;0
ЦМТ ао;60;20171212;140000;7.3;7.35;7.3;7.35;5;0
ЦМТ ао;60;20171212;170000;7.3;7.35;7.3;7.35;7;0
ЦМТ ао;60;20171213;100000;7.1;7.15;7.1;7.15;2;0
ЦМТ ао;60;20171213;170000;7.45;7.45;7.4;7.4;3;0
ЦМТ ао;60;20171214;150000;7.4;7.4;7.4;7.4;1;0
ЦМТ ао;60;20171214;170000;7.4;7.4;7.4;7.4;6;0
ЦМТ ао;60;20171215;120000;7.35;7.35;7.2;7.3;5;0
ЦМТ ао;60;20171218;140000;7.35;7.4;7.35;7.4;4;0
ЦМТ ао;60;20171218;160000;7.3;7.3;7.25;7.25;3;0
ЦМТ ао;60;20171219;160000;7.35;7.4;7.35;7.4;4;0
ЦМТ ао;60;20171220;150000;7.4;7.4;7.25;7.25;4;0
ЦМТ ао;60;20171220;160000;7.25;7.25;7.25;7.25;5;0
ЦМТ ао;60;20171221;120000;7.2;7.2;7.2;7.2;5;0
ЦМТ ао;60;20171222;150000;7.3;7.3;7.2;7.3;4;0
ЦМТ ао;60;20171222;170000;7.15;7.15;7.15;7.15;5;0
ЦМТ ао;60;20171225;110000;7.15;7.15;7.15;7.15;1;0
ЦМТ ао;60;20171225;120000;7.15;7.15;7.15;7.15;1;0
ЦМТ ао;60;20171226;110000;7.25;7.3;7.15;7.15;14;0
ЦМТ ао;60;20171226;150000;7.15;7.15;7.15;7.15;10;0
ЦМТ ао;60;20171228;120000;7.25;7.25;7.25;7.25;1;0
ЦМТ ао;60;20171228;150000;7.25;7.25;7.25;7.25;2;0
ЦМТ ао;60;20171228;180000;7.25;7.25;7.25;7.25;1;0
