<TICKER>;<PER>;<DATE>;<TIME>;<OPEN>;<HIGH>;<LOW>;<CLOSE>;<VOL>;<OPENINT>
ЧелябЭС ап;60;20170124;100000;0.118;0.118;0.118;0.118;2;0
ЧелябЭС ап;60;20170124;130000;0.118;0.118;0.118;0.118;18;0
ЧелябЭС ап;60;20170124;140000;0.1175;0.1175;0.117;0.117;2;0
ЧелябЭС ап;60;20170124;150000;0.1165;0.1165;0.116;0.116;21;0
ЧелябЭС ап;60;20170124;180000;0.1165;0.1165;0.1165;0.1165;2;0
ЧелябЭС ап;60;20170125;100000;0.115;0.115;0.115;0.115;2;0
ЧелябЭС ап;60;20170125;110000;0.114;0.114;0.114;0.114;1;0
ЧелябЭС ап;60;20170125;120000;0.114;0.115;0.114;0.115;26;0
ЧелябЭС ап;60;20170125;130000;0.115;0.115;0.112;0.112;37;0
ЧелябЭС ап;60;20170125;140000;0.111;0.1145;0.1105;0.1145;8;0
ЧелябЭС ап;60;20170125;150000;0.115;0.118;0.115;0.118;10;0
ЧелябЭС ап;60;20170125;160000;0.116;0.116;0.116;0.116;10;0
ЧелябЭС ап;60;20170125;170000;0.1145;0.1145;0.1145;0.1145;1;0
ЧелябЭС ап;60;20170125;180000;0.113;0.113;0.1105;0.1105;7;0
ЧелябЭС ап;60;20170126;110000;0.1155;0.116;0.1155;0.116;3;0
ЧелябЭС ап;60;20170126;120000;0.112;0.112;0.112;0.112;6;0
ЧелябЭС ап;60;20170126;130000;0.112;0.112;0.112;0.112;4;0
ЧелябЭС ап;60;20170126;150000;0.1145;0.1145;0.1145;0.1145;2;0
ЧелябЭС ап;60;20170126;160000;0.112;0.115;0.112;0.115;6;0
ЧелябЭС ап;60;20170126;170000;0.115;0.116;0.115;0.116;57;0
ЧелябЭС ап;60;20170126;180000;0.116;0.116;0.116;0.116;10;0
ЧелябЭС ап;60;20170127;100000;0.116;0.116;0.116;0.116;5;0
ЧелябЭС ап;60;20170127;120000;0.116;0.116;0.116;0.116;11;0
ЧелябЭС ап;60;20170130;110000;0.1175;0.1175;0.1175;0.1175;1;0
ЧелябЭС ап;60;20170130;120000;0.1175;0.1175;0.1175;0.1175;29;0
ЧелябЭС ап;60;20170130;130000;0.1165;0.1165;0.1165;0.1165;1;0
ЧелябЭС ап;60;20170130;140000;0.117;0.117;0.117;0.117;1;0
ЧелябЭС ап;60;20170130;150000;0.1155;0.1155;0.115;0.115;38;0
ЧелябЭС ап;60;20170130;160000;0.115;0.1165;0.115;0.1165;9;0
ЧелябЭС ап;60;20170131;100000;0.1175;0.12;0.1175;0.12;23;0
ЧелябЭС ап;60;20170131;120000;0.118;0.118;0.1175;0.1175;7;0
ЧелябЭС ап;60;20170131;140000;0.1155;0.1155;0.1155;0.1155;3;0
ЧелябЭС ап;60;20170131;180000;0.115;0.1175;0.115;0.1175;3;0
ЧелябЭС ап;60;20170201;130000;0.1175;0.1175;0.1175;0.1175;1;0
ЧелябЭС ап;60;20170201;180000;0.1175;0.1175;0.1175;0.1175;1;0
ЧелябЭС ап;60;20170202;120000;0.118;0.118;0.118;0.118;1;0
ЧелябЭС ап;60;20170202;130000;0.1195;0.1195;0.1195;0.1195;1;0
ЧелябЭС ап;60;20170203;110000;0.1195;0.1195;0.1195;0.1195;1;0
ЧелябЭС ап;60;20170206;120000;0.118;0.118;0.118;0.118;10;0
ЧелябЭС ап;60;20170206;130000;0.1165;0.1165;0.1165;0.1165;1;0
ЧелябЭС ап;60;20170206;140000;0.1175;0.118;0.1175;0.118;3;0
ЧелябЭС ап;60;20170206;160000;0.116;0.1175;0.116;0.1175;10;0
ЧелябЭС ап;60;20170207;100000;0.1165;0.122;0.1165;0.122;27;0
ЧелябЭС ап;60;20170208;100000;0.117;0.119;0.117;0.118;46;0
ЧелябЭС ап;60;20170208;110000;0.1175;0.1175;0.1175;0.1175;1;0
ЧелябЭС ап;60;20170208;140000;0.118;0.118;0.1175;0.1175;3;0
ЧелябЭС ап;60;20170209;110000;0.117;0.117;0.117;0.117;1;0
ЧелябЭС ап;60;20170209;120000;0.118;0.118;0.118;0.118;2;0
ЧелябЭС ап;60;20170209;150000;0.117;0.117;0.117;0.117;2;0
ЧелябЭС ап;60;20170210;110000;0.1175;0.1175;0.116;0.117;14;0
ЧелябЭС ап;60;20170210;120000;0.1155;0.1165;0.115;0.1165;13;0
ЧелябЭС ап;60;20170210;140000;0.116;0.116;0.116;0.116;1;0
ЧелябЭС ап;60;20170210;160000;0.1155;0.1155;0.115;0.115;2;0
ЧелябЭС ап;60;20170210;170000;0.1155;0.1155;0.115;0.115;4;0
ЧелябЭС ап;60;20170213;100000;0.1155;0.1155;0.114;0.114;4;0
ЧелябЭС ап;60;20170213;110000;0.114;0.1165;0.1125;0.1135;26;0
ЧелябЭС ап;60;20170213;120000;0.1165;0.1165;0.1165;0.1165;1;0
ЧелябЭС ап;60;20170213;140000;0.1135;0.1155;0.1135;0.114;24;0
ЧелябЭС ап;60;20170213;150000;0.1165;0.1165;0.114;0.114;8;0
ЧелябЭС ап;60;20170213;160000;0.114;0.114;0.114;0.114;13;0
ЧелябЭС ап;60;20170213;170000;0.114;0.114;0.113;0.113;21;0
ЧелябЭС ап;60;20170213;180000;0.1125;0.113;0.111;0.113;71;0
ЧелябЭС ап;60;20170214;100000;0.1145;0.1145;0.114;0.114;9;0
ЧелябЭС ап;60;20170214;110000;0.1145;0.1145;0.1145;0.1145;34;0
ЧелябЭС ап;60;20170214;130000;0.1145;0.1145;0.1145;0.1145;3;0
ЧелябЭС ап;60;20170214;140000;0.1145;0.1145;0.1145;0.1145;2;0
ЧелябЭС ап;60;20170214;180000;0.1135;0.1135;0.1135;0.1135;1;0
ЧелябЭС ап;60;20170215;100000;0.1135;0.1135;0.111;0.111;9;0
ЧелябЭС ап;60;20170215;110000;0.113;0.113;0.113;0.113;2;0
ЧелябЭС ап;60;20170215;120000;0.113;0.113;0.111;0.111;4;0
ЧелябЭС ап;60;20170215;130000;0.1135;0.1135;0.1135;0.1135;1;0
ЧелябЭС ап;60;20170215;140000;0.1135;0.1135;0.113;0.113;5;0
ЧелябЭС ап;60;20170215;160000;0.1135;0.1135;0.1135;0.1135;1;0
ЧелябЭС ап;60;20170215;180000;0.113;0.114;0.113;0.114;3;0
ЧелябЭС ап;60;20170216;100000;0.113;0.1145;0.112;0.113;20;0
ЧелябЭС ап;60;20170216;110000;0.112;0.113;0.112;0.113;11;0
ЧелябЭС ап;60;20170216;120000;0.1115;0.112;0.111;0.112;9;0
ЧелябЭС ап;60;20170216;140000;0.111;0.111;0.111;0.111;1;0
ЧелябЭС ап;60;20170216;180000;0.112;0.112;0.112;0.112;4;0
ЧелябЭС ап;60;20170217;170000;0.111;0.1125;0.11;0.1125;48;0
ЧелябЭС ап;60;20170217;180000;0.1105;0.1105;0.1105;0.1105;1;0
ЧелябЭС ап;60;20170220;100000;0.1105;0.1105;0.109;0.109;13;0
ЧелябЭС ап;60;20170220;130000;0.11;0.11;0.11;0.11;5;0
ЧелябЭС ап;60;20170220;140000;0.111;0.111;0.111;0.111;1;0
ЧелябЭС ап;60;20170220;150000;0.111;0.111;0.111;0.111;1;0
ЧелябЭС ап;60;20170220;170000;0.1115;0.1115;0.1115;0.1115;1;0
ЧелябЭС ап;60;20170221;100000;0.1115;0.112;0.1115;0.112;5;0
ЧелябЭС ап;60;20170221;140000;0.1115;0.1115;0.1115;0.1115;1;0
ЧелябЭС ап;60;20170221;170000;0.1115;0.1115;0.11;0.1115;66;0
ЧелябЭС ап;60;20170222;100000;0.11;0.11;0.097;0.107;234;0
ЧелябЭС ап;60;20170222;110000;0.106;0.1075;0.106;0.106;7;0
ЧелябЭС ап;60;20170222;120000;0.1075;0.1075;0.1075;0.1075;9;0
ЧелябЭС ап;60;20170222;130000;0.1075;0.1075;0.107;0.107;25;0
ЧелябЭС ап;60;20170222;140000;0.1075;0.1075;0.1;0.104;439;0
ЧелябЭС ап;60;20170222;150000;0.104;0.104;0.0995;0.103;74;0
ЧелябЭС ап;60;20170222;160000;0.103;0.103;0.102;0.1025;12;0
ЧелябЭС ап;60;20170222;170000;0.1025;0.1025;0.1015;0.1015;11;0
ЧелябЭС ап;60;20170222;180000;0.102;0.1025;0.101;0.102;24;0
ЧелябЭС ап;60;20170224;160000;0.1005;0.106;0.1;0.105;99;0
ЧелябЭС ап;60;20170224;170000;0.1015;0.105;0.1005;0.105;202;0
ЧелябЭС ап;60;20170224;180000;0.1045;0.105;0.1045;0.105;4;0
ЧелябЭС ап;60;20170227;100000;0.105;0.105;0.1035;0.1035;4;0
ЧелябЭС ап;60;20170227;110000;0.1045;0.1045;0.1045;0.1045;1;0
ЧелябЭС ап;60;20170227;130000;0.1045;0.1045;0.1045;0.1045;1;0
ЧелябЭС ап;60;20170227;140000;0.103;0.1035;0.1025;0.1025;3;0
ЧелябЭС ап;60;20170227;150000;0.101;0.105;0.1;0.105;202;0
ЧелябЭС ап;60;20170228;100000;0.102;0.102;0.101;0.101;4;0
ЧелябЭС ап;60;20170228;110000;0.1;0.103;0.1;0.103;8;0
ЧелябЭС ап;60;20170228;120000;0.101;0.101;0.098;0.098;9;0
ЧелябЭС ап;60;20170228;140000;0.1;0.101;0.1;0.101;7;0
ЧелябЭС ап;60;20170228;170000;0.101;0.101;0.101;0.101;1;0
ЧелябЭС ап;60;20170228;180000;0.103;0.103;0.103;0.103;3;0
ЧелябЭС ап;60;20170301;110000;0.102;0.102;0.102;0.102;21;0
ЧелябЭС ап;60;20170301;120000;0.102;0.102;0.102;0.102;20;0
ЧелябЭС ап;60;20170301;140000;0.102;0.102;0.102;0.102;2;0
ЧелябЭС ап;60;20170301;150000;0.102;0.102;0.102;0.102;9;0
ЧелябЭС ап;60;20170301;160000;0.102;0.102;0.102;0.102;19;0
ЧелябЭС ап;60;20170301;170000;0.103;0.104;0.101;0.101;8;0
ЧелябЭС ап;60;20170301;180000;0.1025;0.103;0.1025;0.103;2;0
ЧелябЭС ап;60;20170302;110000;0.1015;0.103;0.1;0.1025;17;0
ЧелябЭС ап;60;20170302;120000;0.102;0.102;0.101;0.101;3;0
ЧелябЭС ап;60;20170302;160000;0.1015;0.103;0.1015;0.103;7;0
ЧелябЭС ап;60;20170302;170000;0.103;0.103;0.103;0.103;1;0
ЧелябЭС ап;60;20170302;180000;0.102;0.1035;0.101;0.1035;31;0
ЧелябЭС ап;60;20170303;140000;0.1035;0.1035;0.1035;0.1035;3;0
ЧелябЭС ап;60;20170303;160000;0.1015;0.1015;0.1015;0.1015;3;0
ЧелябЭС ап;60;20170303;170000;0.101;0.102;0.1;0.102;4;0
ЧелябЭС ап;60;20170303;180000;0.0995;0.102;0.099;0.102;6;0
ЧелябЭС ап;60;20170306;100000;0.1005;0.1005;0.1005;0.1005;1;0
ЧелябЭС ап;60;20170306;110000;0.099;0.1005;0.099;0.0995;15;0
ЧелябЭС ап;60;20170306;140000;0.101;0.101;0.101;0.101;34;0
ЧелябЭС ап;60;20170306;150000;0.101;0.101;0.101;0.101;5;0
ЧелябЭС ап;60;20170306;160000;0.101;0.133;0.101;0.1205;897;0
ЧелябЭС ап;60;20170306;170000;0.1275;0.128;0.1155;0.1155;92;0
ЧелябЭС ап;60;20170306;180000;0.1155;0.1195;0.1155;0.1165;37;0
ЧелябЭС ап;60;20170307;100000;0.11;0.1165;0.11;0.1105;26;0
ЧелябЭС ап;60;20170307;110000;0.1125;0.116;0.112;0.116;39;0
ЧелябЭС ап;60;20170307;120000;0.1135;0.1135;0.108;0.1125;106;0
ЧелябЭС ап;60;20170307;130000;0.112;0.1125;0.1085;0.11;52;0
ЧелябЭС ап;60;20170307;140000;0.112;0.1125;0.112;0.1125;4;0
ЧелябЭС ап;60;20170307;150000;0.1125;0.1125;0.1125;0.1125;1;0
ЧелябЭС ап;60;20170307;160000;0.111;0.1115;0.1085;0.1085;45;0
ЧелябЭС ап;60;20170307;170000;0.11;0.1115;0.11;0.1105;38;0
ЧелябЭС ап;60;20170307;180000;0.1085;0.111;0.1085;0.111;24;0
ЧелябЭС ап;60;20170309;100000;0.115;0.115;0.11;0.11;19;0
ЧелябЭС ап;60;20170309;110000;0.114;0.1165;0.114;0.115;117;0
ЧелябЭС ап;60;20170309;120000;0.1155;0.1155;0.1125;0.1155;111;0
ЧелябЭС ап;60;20170309;130000;0.1125;0.1125;0.11;0.11;13;0
ЧелябЭС ап;60;20170309;140000;0.11;0.11;0.109;0.109;8;0
ЧелябЭС ап;60;20170309;150000;0.11;0.11;0.1095;0.1095;4;0
ЧелябЭС ап;60;20170309;160000;0.1095;0.1095;0.109;0.109;2;0
ЧелябЭС ап;60;20170309;170000;0.1085;0.1095;0.108;0.1095;28;0
ЧелябЭС ап;60;20170310;100000;0.1095;0.11;0.109;0.109;9;0
ЧелябЭС ап;60;20170310;110000;0.11;0.11;0.11;0.11;4;0
ЧелябЭС ап;60;20170310;120000;0.109;0.11;0.109;0.109;12;0
ЧелябЭС ап;60;20170310;130000;0.1095;0.1095;0.106;0.106;4;0
ЧелябЭС ап;60;20170310;150000;0.1095;0.11;0.1095;0.11;22;0
ЧелябЭС ап;60;20170310;170000;0.11;0.11;0.11;0.11;20;0
ЧелябЭС ап;60;20170310;180000;0.112;0.112;0.112;0.112;5;0
ЧелябЭС ап;60;20170313;110000;0.1185;0.1185;0.114;0.118;23;0
ЧелябЭС ап;60;20170313;140000;0.112;0.112;0.112;0.112;10;0
ЧелябЭС ап;60;20170313;150000;0.112;0.112;0.112;0.112;1;0
ЧелябЭС ап;60;20170314;100000;0.111;0.111;0.111;0.111;4;0
ЧелябЭС ап;60;20170314;110000;0.111;0.115;0.111;0.111;47;0
ЧелябЭС ап;60;20170314;120000;0.1115;0.1115;0.1115;0.1115;1;0
ЧелябЭС ап;60;20170314;130000;0.1115;0.1115;0.111;0.111;20;0
ЧелябЭС ап;60;20170314;140000;0.111;0.111;0.111;0.111;1;0
ЧелябЭС ап;60;20170314;150000;0.1105;0.1105;0.1095;0.11;33;0
ЧелябЭС ап;60;20170314;180000;0.11;0.1115;0.11;0.11;61;0
ЧелябЭС ап;60;20170315;100000;0.109;0.109;0.109;0.109;1;0
ЧелябЭС ап;60;20170315;120000;0.111;0.111;0.107;0.108;16;0
ЧелябЭС ап;60;20170315;130000;0.106;0.106;0.1015;0.106;21;0
ЧелябЭС ап;60;20170315;140000;0.106;0.111;0.106;0.111;15;0
ЧелябЭС ап;60;20170315;150000;0.111;0.116;0.111;0.112;914;0
ЧелябЭС ап;60;20170315;180000;0.112;0.112;0.112;0.112;2;0
ЧелябЭС ап;60;20170316;110000;0.1115;0.112;0.1115;0.112;8;0
ЧелябЭС ап;60;20170316;170000;0.114;0.114;0.114;0.114;10;0
ЧелябЭС ап;60;20170317;150000;0.1135;0.1135;0.113;0.113;3;0
ЧелябЭС ап;60;20170317;160000;0.1115;0.1115;0.1105;0.1105;3;0
ЧелябЭС ап;60;20170317;180000;0.1105;0.1105;0.1105;0.1105;1;0
ЧелябЭС ап;60;20170320;120000;0.1155;0.1155;0.114;0.114;4;0
ЧелябЭС ап;60;20170320;130000;0.114;0.114;0.114;0.114;3;0
ЧелябЭС ап;60;20170320;150000;0.114;0.115;0.11;0.115;34;0
ЧелябЭС ап;60;20170320;170000;0.1105;0.1105;0.1105;0.1105;2;0
ЧелябЭС ап;60;20170320;180000;0.113;0.113;0.113;0.113;13;0
ЧелябЭС ап;60;20170321;100000;0.1125;0.113;0.1125;0.113;15;0
ЧелябЭС ап;60;20170321;110000;0.114;0.114;0.114;0.114;2;0
ЧелябЭС ап;60;20170321;140000;0.1135;0.114;0.1135;0.114;14;0
ЧелябЭС ап;60;20170321;150000;0.114;0.114;0.114;0.114;95;0
ЧелябЭС ап;60;20170321;160000;0.1145;0.1145;0.1145;0.1145;2;0
ЧелябЭС ап;60;20170321;180000;0.113;0.113;0.113;0.113;6;0
ЧелябЭС ап;60;20170322;140000;0.113;0.113;0.113;0.113;50;0
ЧелябЭС ап;60;20170322;150000;0.113;0.113;0.113;0.113;23;0
ЧелябЭС ап;60;20170322;160000;0.113;0.1155;0.113;0.113;32;0
ЧелябЭС ап;60;20170323;140000;0.115;0.115;0.115;0.115;1;0
ЧелябЭС ап;60;20170323;160000;0.113;0.113;0.113;0.113;1;0
ЧелябЭС ап;60;20170323;170000;0.112;0.112;0.111;0.111;110;0
ЧелябЭС ап;60;20170324;100000;0.112;0.112;0.112;0.112;10;0
ЧелябЭС ап;60;20170324;110000;0.112;0.112;0.112;0.112;13;0
ЧелябЭС ап;60;20170324;120000;0.112;0.112;0.112;0.112;50;0
ЧелябЭС ап;60;20170324;140000;0.114;0.1345;0.114;0.1345;135;0
ЧелябЭС ап;60;20170324;150000;0.127;0.1355;0.1245;0.1275;319;0
ЧелябЭС ап;60;20170324;160000;0.127;0.148;0.127;0.1375;996;0
ЧелябЭС ап;60;20170324;170000;0.137;0.1395;0.1255;0.1365;361;0
ЧелябЭС ап;60;20170324;180000;0.131;0.1355;0.13;0.1315;118;0
ЧелябЭС ап;60;20170327;090000;0.124;0.124;0.124;0.124;1;0
ЧелябЭС ап;60;20170327;100000;0.139;0.139;0.1245;0.128;95;0
ЧелябЭС ап;60;20170327;110000;0.13;0.13;0.121;0.1275;368;0
ЧелябЭС ап;60;20170327;120000;0.127;0.1285;0.124;0.124;107;0
ЧелябЭС ап;60;20170327;130000;0.1275;0.132;0.1275;0.132;7;0
ЧелябЭС ап;60;20170327;140000;0.13;0.13;0.124;0.125;28;0
ЧелябЭС ап;60;20170327;150000;0.125;0.1295;0.125;0.1295;2;0
ЧелябЭС ап;60;20170327;160000;0.1255;0.129;0.124;0.1245;13;0
ЧелябЭС ап;60;20170327;170000;0.124;0.1285;0.124;0.1285;33;0
ЧелябЭС ап;60;20170327;180000;0.124;0.124;0.123;0.123;28;0
ЧелябЭС ап;60;20170328;100000;0.124;0.124;0.123;0.123;13;0
ЧелябЭС ап;60;20170328;110000;0.1235;0.1235;0.1235;0.1235;1;0
ЧелябЭС ап;60;20170328;120000;0.1235;0.1235;0.1235;0.1235;10;0
ЧелябЭС ап;60;20170328;130000;0.123;0.124;0.122;0.124;172;0
ЧелябЭС ап;60;20170328;140000;0.1225;0.1225;0.119;0.1195;65;0
ЧелябЭС ап;60;20170328;150000;0.12;0.125;0.12;0.125;64;0
ЧелябЭС ап;60;20170328;160000;0.1245;0.125;0.1245;0.125;7;0
ЧелябЭС ап;60;20170328;170000;0.123;0.125;0.12;0.122;22;0
ЧелябЭС ап;60;20170329;100000;0.1205;0.1205;0.1165;0.119;36;0
ЧелябЭС ап;60;20170329;110000;0.119;0.1205;0.1185;0.1205;10;0
ЧелябЭС ап;60;20170329;120000;0.12;0.12;0.1185;0.1185;24;0
ЧелябЭС ап;60;20170329;130000;0.1205;0.1205;0.1205;0.1205;1;0
ЧелябЭС ап;60;20170329;140000;0.119;0.119;0.119;0.119;3;0
ЧелябЭС ап;60;20170329;180000;0.1205;0.1205;0.12;0.12;5;0
ЧелябЭС ап;60;20170330;100000;0.1195;0.1195;0.1195;0.1195;1;0
ЧелябЭС ап;60;20170330;110000;0.12;0.1205;0.12;0.12;41;0
ЧелябЭС ап;60;20170330;120000;0.12;0.121;0.12;0.121;11;0
ЧелябЭС ап;60;20170330;130000;0.121;0.121;0.121;0.121;1;0
ЧелябЭС ап;60;20170330;140000;0.12;0.121;0.12;0.121;11;0
ЧелябЭС ап;60;20170330;150000;0.12;0.12;0.12;0.12;2;0
ЧелябЭС ап;60;20170330;160000;0.12;0.121;0.12;0.121;2;0
ЧелябЭС ап;60;20170330;180000;0.12;0.12;0.12;0.12;55;0
ЧелябЭС ап;60;20170331;100000;0.1185;0.12;0.1165;0.12;49;0
ЧелябЭС ап;60;20170331;110000;0.12;0.12;0.117;0.12;58;0
ЧелябЭС ап;60;20170331;120000;0.1205;0.1205;0.12;0.12;2;0
ЧелябЭС ап;60;20170331;130000;0.121;0.121;0.121;0.121;11;0
ЧелябЭС ап;60;20170331;140000;0.1205;0.1205;0.1205;0.1205;1;0
ЧелябЭС ап;60;20170331;150000;0.121;0.121;0.121;0.121;2;0
ЧелябЭС ап;60;20170331;170000;0.12;0.12;0.12;0.12;12;0
ЧелябЭС ап;60;20170331;180000;0.12;0.12;0.12;0.12;2;0
ЧелябЭС ап;60;20170403;100000;0.122;0.127;0.122;0.1235;15;0
ЧелябЭС ап;60;20170403;110000;0.1235;0.1235;0.123;0.123;9;0
ЧелябЭС ап;60;20170403;120000;0.123;0.123;0.12;0.12;20;0
ЧелябЭС ап;60;20170403;140000;0.122;0.126;0.12;0.1245;23;0
ЧелябЭС ап;60;20170403;150000;0.126;0.135;0.1225;0.131;247;0
ЧелябЭС ап;60;20170403;160000;0.13;0.1345;0.128;0.1345;143;0
ЧелябЭС ап;60;20170403;170000;0.133;0.1415;0.133;0.135;595;0
ЧелябЭС ап;60;20170403;180000;0.135;0.135;0.13;0.132;80;0
ЧелябЭС ап;60;20170404;100000;0.138;0.1385;0.138;0.1385;35;0
ЧелябЭС ап;60;20170404;110000;0.1355;0.1355;0.13;0.13;107;0
ЧелябЭС ап;60;20170404;120000;0.133;0.133;0.133;0.133;1;0
ЧелябЭС ап;60;20170404;130000;0.1305;0.1325;0.1305;0.1325;3;0
ЧелябЭС ап;60;20170404;140000;0.13;0.13;0.13;0.13;1;0
ЧелябЭС ап;60;20170404;160000;0.1305;0.1305;0.13;0.13;7;0
ЧелябЭС ап;60;20170404;170000;0.13;0.13;0.1265;0.1265;94;0
ЧелябЭС ап;60;20170404;180000;0.13;0.1325;0.13;0.1325;2;0
ЧелябЭС ап;60;20170405;100000;0.1285;0.1285;0.128;0.128;8;0
ЧелябЭС ап;60;20170405;130000;0.129;0.129;0.129;0.129;1;0
ЧелябЭС ап;60;20170405;140000;0.13;0.1305;0.13;0.1305;6;0
ЧелябЭС ап;60;20170405;150000;0.1305;0.1305;0.1305;0.1305;1;0
ЧелябЭС ап;60;20170405;160000;0.13;0.13;0.13;0.13;36;0
ЧелябЭС ап;60;20170405;170000;0.128;0.128;0.1235;0.128;96;0
ЧелябЭС ап;60;20170405;180000;0.128;0.1285;0.1245;0.128;114;0
ЧелябЭС ап;60;20170406;100000;0.123;0.13;0.123;0.13;4;0
ЧелябЭС ап;60;20170406;170000;0.127;0.127;0.127;0.127;2;0
ЧелябЭС ап;60;20170406;180000;0.1295;0.1295;0.129;0.129;2;0
ЧелябЭС ап;60;20170407;100000;0.125;0.136;0.124;0.134;19;0
ЧелябЭС ап;60;20170407;110000;0.129;0.129;0.1275;0.1275;6;0
ЧелябЭС ап;60;20170407;120000;0.128;0.128;0.1225;0.1225;19;0
ЧелябЭС ап;60;20170407;130000;0.124;0.1245;0.1215;0.124;22;0
ЧелябЭС ап;60;20170407;150000;0.1245;0.1255;0.1245;0.1255;4;0
ЧелябЭС ап;60;20170407;180000;0.126;0.126;0.126;0.126;2;0
ЧелябЭС ап;60;20170410;100000;0.123;0.1495;0.1225;0.1495;74;0
ЧелябЭС ап;60;20170410;110000;0.1405;0.141;0.133;0.133;6;0
ЧелябЭС ап;60;20170410;140000;0.13;0.135;0.1255;0.1345;63;0
ЧелябЭС ап;60;20170410;150000;0.1345;0.1345;0.1345;0.1345;2;0
ЧелябЭС ап;60;20170411;110000;0.1285;0.1285;0.1285;0.1285;10;0
ЧелябЭС ап;60;20170411;140000;0.129;0.129;0.128;0.1285;84;0
ЧелябЭС ап;60;20170411;160000;0.1285;0.1285;0.1255;0.1265;133;0
ЧелябЭС ап;60;20170411;170000;0.1255;0.1255;0.1255;0.1255;2;0
ЧелябЭС ап;60;20170412;100000;0.1295;0.137;0.126;0.126;6;0
ЧелябЭС ап;60;20170412;110000;0.127;0.127;0.127;0.127;5;0
ЧелябЭС ап;60;20170412;130000;0.127;0.127;0.127;0.127;5;0
ЧелябЭС ап;60;20170412;140000;0.1265;0.1265;0.124;0.124;2;0
ЧелябЭС ап;60;20170412;150000;0.124;0.124;0.124;0.124;8;0
ЧелябЭС ап;60;20170412;170000;0.1245;0.1245;0.1225;0.1225;5;0
ЧелябЭС ап;60;20170412;180000;0.122;0.1265;0.1215;0.1265;13;0
ЧелябЭС ап;60;20170413;100000;0.121;0.129;0.121;0.129;2;0
ЧелябЭС ап;60;20170413;120000;0.121;0.121;0.121;0.121;1;0
ЧелябЭС ап;60;20170413;170000;0.124;0.124;0.124;0.124;2;0
ЧелябЭС ап;60;20170413;180000;0.124;0.126;0.124;0.126;25;0
ЧелябЭС ап;60;20170414;100000;0.123;0.123;0.123;0.123;4;0
ЧелябЭС ап;60;20170414;150000;0.1245;0.1245;0.1245;0.1245;5;0
ЧелябЭС ап;60;20170414;180000;0.1265;0.1265;0.1265;0.1265;1;0
ЧелябЭС ап;60;20170417;150000;0.1245;0.1245;0.124;0.124;75;0
ЧелябЭС ап;60;20170417;170000;0.1285;0.1285;0.1285;0.1285;1;0
ЧелябЭС ап;60;20170418;100000;0.126;0.126;0.122;0.122;2;0
ЧелябЭС ап;60;20170418;110000;0.1215;0.124;0.121;0.1215;103;0
ЧелябЭС ап;60;20170418;120000;0.125;0.126;0.125;0.126;34;0
ЧелябЭС ап;60;20170418;160000;0.1235;0.1235;0.123;0.123;106;0
ЧелябЭС ап;60;20170418;180000;0.123;0.1255;0.123;0.1255;7;0
ЧелябЭС ап;60;20170419;100000;0.1335;0.1335;0.1285;0.1285;12;0
ЧелябЭС ап;60;20170419;150000;0.123;0.123;0.12;0.12;62;0
ЧелябЭС ап;60;20170419;160000;0.121;0.121;0.121;0.121;6;0
ЧелябЭС ап;60;20170419;180000;0.1205;0.1205;0.12;0.12;47;0
ЧелябЭС ап;60;20170420;130000;0.1215;0.1215;0.1215;0.1215;5;0
ЧелябЭС ап;60;20170420;140000;0.117;0.117;0.1165;0.1165;13;0
ЧелябЭС ап;60;20170420;150000;0.1165;0.1165;0.112;0.112;7;0
ЧелябЭС ап;60;20170420;170000;0.114;0.114;0.1135;0.1135;20;0
ЧелябЭС ап;60;20170420;180000;0.114;0.115;0.114;0.115;6;0
ЧелябЭС ап;60;20170421;110000;0.1135;0.1135;0.1135;0.1135;1;0
ЧелябЭС ап;60;20170421;120000;0.113;0.113;0.1125;0.1125;140;0
ЧелябЭС ап;60;20170421;130000;0.1165;0.117;0.1165;0.117;23;0
ЧелябЭС ап;60;20170421;140000;0.119;0.1195;0.119;0.1195;14;0
ЧелябЭС ап;60;20170421;150000;0.1195;0.12;0.119;0.12;15;0
ЧелябЭС ап;60;20170421;180000;0.12;0.12;0.12;0.12;1;0
ЧелябЭС ап;60;20170424;130000;0.115;0.115;0.115;0.115;1;0
ЧелябЭС ап;60;20170424;140000;0.1255;0.1255;0.1255;0.1255;1;0
ЧелябЭС ап;60;20170425;110000;0.126;0.126;0.126;0.126;1;0
ЧелябЭС ап;60;20170425;140000;0.126;0.126;0.126;0.126;11;0
ЧелябЭС ап;60;20170425;150000;0.1295;0.1405;0.1295;0.133;31;0
ЧелябЭС ап;60;20170425;160000;0.1385;0.1405;0.135;0.135;18;0
ЧелябЭС ап;60;20170425;170000;0.135;0.1355;0.135;0.1355;3;0
ЧелябЭС ап;60;20170425;180000;0.1355;0.1355;0.1355;0.1355;2;0
ЧелябЭС ап;60;20170426;100000;0.1305;0.14;0.1305;0.14;3;0
ЧелябЭС ап;60;20170427;170000;0.1295;0.1295;0.1285;0.1285;10;0
ЧелябЭС ап;60;20170427;180000;0.128;0.128;0.124;0.1255;14;0
ЧелябЭС ап;60;20170428;100000;0.123;0.1345;0.123;0.1345;10;0
ЧелябЭС ап;60;20170428;140000;0.1235;0.1235;0.1235;0.1235;2;0
ЧелябЭС ап;60;20170428;150000;0.13;0.13;0.123;0.123;17;0
ЧелябЭС ап;60;20170428;170000;0.129;0.1295;0.123;0.1295;115;0
ЧелябЭС ап;60;20170428;180000;0.1315;0.1315;0.1295;0.1295;3;0
ЧелябЭС ап;60;20170502;100000;0.1385;0.1385;0.1385;0.1385;2;0
ЧелябЭС ап;60;20170502;120000;0.1275;0.1275;0.1275;0.1275;1;0
ЧелябЭС ап;60;20170502;180000;0.1295;0.1295;0.1295;0.1295;101;0
ЧелябЭС ап;60;20170503;120000;0.129;0.1295;0.129;0.129;25;0
ЧелябЭС ап;60;20170503;130000;0.128;0.129;0.128;0.129;15;0
ЧелябЭС ап;60;20170503;140000;0.129;0.129;0.129;0.129;47;0
ЧелябЭС ап;60;20170503;150000;0.129;0.1295;0.12;0.129;98;0
ЧелябЭС ап;60;20170503;160000;0.129;0.129;0.129;0.129;20;0
ЧелябЭС ап;60;20170503;180000;0.129;0.129;0.129;0.129;10;0
ЧелябЭС ап;60;20170504;110000;0.1285;0.129;0.1285;0.129;27;0
ЧелябЭС ап;60;20170504;120000;0.129;0.129;0.129;0.129;10;0
ЧелябЭС ап;60;20170504;140000;0.1305;0.131;0.1305;0.131;35;0
ЧелябЭС ап;60;20170504;180000;0.1275;0.1275;0.1275;0.1275;1;0
ЧелябЭС ап;60;20170505;120000;0.126;0.126;0.126;0.126;1830;0
ЧелябЭС ап;60;20170505;140000;0.125;0.126;0.123;0.126;296;0
ЧелябЭС ап;60;20170505;180000;0.128;0.128;0.128;0.128;1;0
ЧелябЭС ап;60;20170511;100000;0.1265;0.1265;0.126;0.126;10;0
ЧелябЭС ап;60;20170511;120000;0.126;0.129;0.126;0.129;15;0
ЧелябЭС ап;60;20170511;140000;0.129;0.129;0.129;0.129;2;0
ЧелябЭС ап;60;20170511;150000;0.1295;0.1295;0.1295;0.1295;15;0
ЧелябЭС ап;60;20170511;160000;0.126;0.1295;0.126;0.1295;9;0
ЧелябЭС ап;60;20170511;170000;0.129;0.129;0.129;0.129;2;0
ЧелябЭС ап;60;20170511;180000;0.126;0.126;0.126;0.126;2;0
ЧелябЭС ап;60;20170512;100000;0.1165;0.1165;0.1165;0.1165;2;0
ЧелябЭС ап;60;20170512;110000;0.1265;0.129;0.1265;0.129;50;0
ЧелябЭС ап;60;20170512;120000;0.129;0.131;0.129;0.1305;20;0
ЧелябЭС ап;60;20170512;130000;0.127;0.127;0.126;0.126;101;0
ЧелябЭС ап;60;20170512;140000;0.125;0.125;0.125;0.125;1;0
ЧелябЭС ап;60;20170512;150000;0.125;0.125;0.125;0.125;2;0
ЧелябЭС ап;60;20170512;160000;0.126;0.1295;0.126;0.1295;23;0
ЧелябЭС ап;60;20170512;170000;0.126;0.13;0.126;0.13;5;0
ЧелябЭС ап;60;20170512;180000;0.13;0.13;0.126;0.1295;138;0
ЧелябЭС ап;60;20170515;130000;0.1305;0.131;0.1305;0.131;33;0
ЧелябЭС ап;60;20170515;140000;0.1305;0.1305;0.13;0.13;5;0
ЧелябЭС ап;60;20170515;150000;0.13;0.131;0.13;0.131;14;0
ЧелябЭС ап;60;20170515;160000;0.131;0.131;0.131;0.131;2;0
ЧелябЭС ап;60;20170515;170000;0.129;0.129;0.129;0.129;4;0
ЧелябЭС ап;60;20170515;180000;0.13;0.13;0.13;0.13;4;0
ЧелябЭС ап;60;20170516;100000;0.1205;0.1345;0.1205;0.1345;2;0
ЧелябЭС ап;60;20170516;160000;0.1325;0.1325;0.1325;0.1325;10;0
ЧелябЭС ап;60;20170516;180000;0.1325;0.1325;0.1325;0.1325;2;0
ЧелябЭС ап;60;20170517;100000;0.1325;0.1365;0.1305;0.1365;27;0
ЧелябЭС ап;60;20170517;110000;0.133;0.133;0.132;0.132;53;0
ЧелябЭС ап;60;20170517;120000;0.1325;0.1325;0.1325;0.1325;8;0
ЧелябЭС ап;60;20170517;130000;0.1345;0.135;0.1345;0.135;10;0
ЧелябЭС ап;60;20170517;140000;0.1365;0.137;0.1335;0.1335;4;0
ЧелябЭС ап;60;20170517;150000;0.136;0.1365;0.136;0.1365;12;0
ЧелябЭС ап;60;20170517;160000;0.136;0.1365;0.13;0.13;189;0
ЧелябЭС ап;60;20170517;170000;0.13;0.136;0.13;0.1355;26;0
ЧелябЭС ап;60;20170517;180000;0.1365;0.14;0.1365;0.14;105;0
ЧелябЭС ап;60;20170518;100000;0.141;0.141;0.141;0.141;1;0
ЧелябЭС ап;60;20170518;110000;0.135;0.135;0.135;0.135;2;0
ЧелябЭС ап;60;20170518;130000;0.14;0.144;0.1375;0.1375;31;0
ЧелябЭС ап;60;20170518;180000;0.141;0.141;0.141;0.141;6;0
ЧелябЭС ап;60;20170519;100000;0.121;0.1405;0.121;0.1405;2;0
ЧелябЭС ап;60;20170519;120000;0.137;0.144;0.1325;0.1325;20;0
ЧелябЭС ап;60;20170519;140000;0.1375;0.1375;0.137;0.137;70;0
ЧелябЭС ап;60;20170519;150000;0.137;0.137;0.137;0.137;2;0
ЧелябЭС ап;60;20170519;170000;0.1375;0.1375;0.1375;0.1375;1;0
ЧелябЭС ап;60;20170519;180000;0.137;0.1425;0.137;0.1425;2;0
ЧелябЭС ап;60;20170522;100000;0.1395;0.1395;0.1395;0.1395;2;0
ЧелябЭС ап;60;20170522;120000;0.139;0.139;0.135;0.135;85;0
ЧелябЭС ап;60;20170522;130000;0.135;0.135;0.135;0.135;13;0
ЧелябЭС ап;60;20170522;140000;0.14;0.14;0.14;0.14;1;0
ЧелябЭС ап;60;20170522;160000;0.135;0.135;0.135;0.135;1;0
ЧелябЭС ап;60;20170523;100000;0.14;0.14;0.14;0.14;1;0
ЧелябЭС ап;60;20170523;130000;0.14;0.14;0.14;0.14;10;0
ЧелябЭС ап;60;20170523;140000;0.141;0.143;0.135;0.135;12;0
ЧелябЭС ап;60;20170523;170000;0.1355;0.1355;0.1355;0.1355;3;0
ЧелябЭС ап;60;20170524;100000;0.137;0.1425;0.137;0.1425;3;0
ЧелябЭС ап;60;20170524;110000;0.136;0.1425;0.136;0.139;10;0
ЧелябЭС ап;60;20170524;120000;0.1425;0.1425;0.1425;0.1425;18;0
ЧелябЭС ап;60;20170524;130000;0.1425;0.144;0.1425;0.1425;28;0
ЧелябЭС ап;60;20170524;140000;0.141;0.143;0.141;0.143;2;0
ЧелябЭС ап;60;20170524;160000;0.1405;0.1405;0.1405;0.1405;1;0
ЧелябЭС ап;60;20170524;170000;0.1405;0.1405;0.1405;0.1405;1;0
ЧелябЭС ап;60;20170525;100000;0.1435;0.1455;0.136;0.1395;50;0
ЧелябЭС ап;60;20170525;110000;0.1445;0.1445;0.1445;0.1445;1;0
ЧелябЭС ап;60;20170525;130000;0.138;0.138;0.138;0.138;1;0
ЧелябЭС ап;60;20170525;140000;0.1435;0.1455;0.1435;0.1455;7;0
ЧелябЭС ап;60;20170525;170000;0.141;0.141;0.1375;0.1375;15;0
ЧелябЭС ап;60;20170525;180000;0.1445;0.1445;0.1445;0.1445;1;0
ЧелябЭС ап;60;20170526;120000;0.1385;0.146;0.1385;0.146;4;0
ЧелябЭС ап;60;20170526;140000;0.145;0.145;0.145;0.145;13;0
ЧелябЭС ап;60;20170526;150000;0.145;0.1465;0.145;0.1465;7;0
ЧелябЭС ап;60;20170526;160000;0.145;0.145;0.145;0.145;37;0
ЧелябЭС ап;60;20170529;100000;0.1385;0.146;0.1385;0.146;6;0
ЧелябЭС ап;60;20170529;120000;0.1395;0.1395;0.1395;0.1395;3;0
ЧелябЭС ап;60;20170530;120000;0.1385;0.1385;0.1385;0.1385;3;0
ЧелябЭС ап;60;20170530;130000;0.1445;0.1445;0.1385;0.1385;6;0
ЧелябЭС ап;60;20170531;100000;0.148;0.148;0.148;0.148;1;0
ЧелябЭС ап;60;20170531;180000;0.1445;0.1445;0.1445;0.1445;1;0
ЧелябЭС ап;60;20170601;100000;0.14;0.14;0.14;0.14;2;0
ЧелябЭС ап;60;20170601;110000;0.138;0.138;0.1375;0.1375;22;0
ЧелябЭС ап;60;20170601;120000;0.1395;0.14;0.1395;0.1395;725;0
ЧелябЭС ап;60;20170601;130000;0.1395;0.14;0.1395;0.14;964;0
ЧелябЭС ап;60;20170601;140000;0.1395;0.14;0.1395;0.14;200;0
ЧелябЭС ап;60;20170601;170000;0.1395;0.14;0.1395;0.14;478;0
ЧелябЭС ап;60;20170602;100000;0.1475;0.1475;0.1475;0.1475;1;0
ЧелябЭС ап;60;20170605;110000;0.1465;0.147;0.1465;0.1465;33;0
ЧелябЭС ап;60;20170605;150000;0.142;0.142;0.111;0.111;100;0
ЧелябЭС ап;60;20170605;160000;0.1375;0.143;0.133;0.143;8;0
ЧелябЭС ап;60;20170606;170000;0.1405;0.155;0.1405;0.155;146;0
ЧелябЭС ап;60;20170606;180000;0.1515;0.1515;0.1515;0.1515;1;0
ЧелябЭС ап;60;20170607;100000;0.159;0.159;0.14;0.148;63;0
ЧелябЭС ап;60;20170607;110000;0.148;0.148;0.148;0.148;16;0
ЧелябЭС ап;60;20170607;120000;0.148;0.148;0.148;0.148;4;0
ЧелябЭС ап;60;20170607;130000;0.148;0.155;0.148;0.155;12;0
ЧелябЭС ап;60;20170607;140000;0.155;0.1605;0.1505;0.152;1574;0
ЧелябЭС ап;60;20170607;160000;0.152;0.152;0.152;0.152;1;0
ЧелябЭС ап;60;20170607;180000;0.1505;0.1505;0.1505;0.1505;2;0
ЧелябЭС ап;60;20170608;100000;0.15;0.15;0.15;0.15;12;0
ЧелябЭС ап;60;20170608;110000;0.144;0.144;0.141;0.141;21;0
ЧелябЭС ап;60;20170608;140000;0.142;0.154;0.142;0.154;3;0
ЧелябЭС ап;60;20170608;180000;0.1475;0.1475;0.1475;0.1475;2;0
ЧелябЭС ап;60;20170609;100000;0.1395;0.16;0.1395;0.159;3;0
ЧелябЭС ап;60;20170609;170000;0.141;0.141;0.141;0.141;2;0
ЧелябЭС ап;60;20170609;180000;0.15;0.15;0.15;0.15;1;0
ЧелябЭС ап;60;20170613;100000;0.138;0.1585;0.138;0.1585;2;0
ЧелябЭС ап;60;20170613;130000;0.1395;0.1395;0.139;0.139;3;0
ЧелябЭС ап;60;20170614;090000;0.1385;0.1385;0.1385;0.1385;1;0
ЧелябЭС ап;60;20170614;100000;0.1515;0.1645;0.14;0.1645;3;0
ЧелябЭС ап;60;20170614;150000;0.155;0.155;0.155;0.155;1;0
ЧелябЭС ап;60;20170614;180000;0.1545;0.1545;0.1545;0.1545;1;0
ЧелябЭС ап;60;20170615;110000;0.1395;0.1395;0.1395;0.1395;2;0
ЧелябЭС ап;60;20170615;150000;0.1405;0.153;0.14;0.153;8;0
ЧелябЭС ап;60;20170616;100000;0.156;0.156;0.152;0.152;2;0
ЧелябЭС ап;60;20170619;110000;0.148;0.148;0.148;0.148;1;0
ЧелябЭС ап;60;20170619;120000;0.1485;0.1485;0.1485;0.1485;2;0
ЧелябЭС ап;60;20170619;130000;0.1455;0.1455;0.1455;0.1455;5;0
ЧелябЭС ап;60;20170619;150000;0.1485;0.1485;0.1485;0.1485;1;0
ЧелябЭС ап;60;20170619;160000;0.1485;0.1485;0.1485;0.1485;1;0
ЧелябЭС ап;60;20170619;170000;0.1485;0.1485;0.1485;0.1485;1;0
ЧелябЭС ап;60;20170619;180000;0.149;0.149;0.149;0.149;1;0
ЧелябЭС ап;60;20170620;100000;0.1555;0.1555;0.1555;0.1555;1;0
ЧелябЭС ап;60;20170620;110000;0.148;0.148;0.148;0.148;1;0
ЧелябЭС ап;60;20170620;120000;0.1495;0.1495;0.1495;0.1495;1;0
ЧелябЭС ап;60;20170620;150000;0.1425;0.1425;0.1425;0.1425;1;0
ЧелябЭС ап;60;20170620;170000;0.1465;0.1465;0.1465;0.1465;1;0
ЧелябЭС ап;60;20170620;180000;0.1465;0.1465;0.1465;0.1465;1;0
ЧелябЭС ап;60;20170621;100000;0.142;0.1545;0.142;0.1545;2;0
ЧелябЭС ап;60;20170622;090000;0.142;0.142;0.142;0.142;9;0
ЧелябЭС ап;60;20170622;100000;0.14;0.14;0.14;0.14;2;0
ЧелябЭС ап;60;20170622;160000;0.1415;0.1415;0.14;0.14;13;0
ЧелябЭС ап;60;20170623;100000;0.1395;0.145;0.1395;0.145;2;0
ЧелябЭС ап;60;20170623;150000;0.139;0.139;0.135;0.135;58;0
ЧелябЭС ап;60;20170623;160000;0.1315;0.1315;0.1315;0.1315;1;0
ЧелябЭС ап;60;20170626;110000;0.132;0.1375;0.122;0.1375;114;0
ЧелябЭС ап;60;20170626;120000;0.1365;0.137;0.1365;0.137;8;0
ЧелябЭС ап;60;20170626;130000;0.138;0.138;0.138;0.138;7;0
ЧелябЭС ап;60;20170626;140000;0.1345;0.135;0.1345;0.135;50;0
ЧелябЭС ап;60;20170626;160000;0.138;0.138;0.138;0.138;3;0
ЧелябЭС ап;60;20170627;100000;0.126;0.129;0.124;0.125;225;0
ЧелябЭС ап;60;20170627;110000;0.125;0.129;0.1245;0.129;69;0
ЧелябЭС ап;60;20170627;120000;0.1295;0.1295;0.1295;0.1295;1;0
ЧелябЭС ап;60;20170627;130000;0.129;0.1335;0.129;0.13;55;0
ЧелябЭС ап;60;20170627;140000;0.1255;0.1255;0.124;0.124;71;0
ЧелябЭС ап;60;20170627;150000;0.1265;0.1275;0.123;0.1265;17;0
ЧелябЭС ап;60;20170627;170000;0.1265;0.1265;0.125;0.125;3;0
ЧелябЭС ап;60;20170627;180000;0.1255;0.1255;0.124;0.124;12;0
ЧелябЭС ап;60;20170628;100000;0.1235;0.1235;0.12;0.123;41;0
ЧелябЭС ап;60;20170628;110000;0.121;0.1285;0.121;0.1285;68;0
ЧелябЭС ап;60;20170628;120000;0.1255;0.1255;0.121;0.123;35;0
ЧелябЭС ап;60;20170628;130000;0.1235;0.125;0.123;0.125;126;0
ЧелябЭС ап;60;20170628;140000;0.126;0.1275;0.125;0.126;38;0
ЧелябЭС ап;60;20170628;150000;0.1265;0.1265;0.1185;0.119;197;0
ЧелябЭС ап;60;20170628;160000;0.119;0.125;0.1185;0.1205;240;0
ЧелябЭС ап;60;20170628;170000;0.121;0.123;0.119;0.119;21;0
ЧелябЭС ап;60;20170628;180000;0.1195;0.121;0.1185;0.121;11;0
ЧелябЭС ап;60;20170629;100000;0.12;0.126;0.12;0.126;11;0
ЧелябЭС ап;60;20170629;110000;0.1225;0.1225;0.1225;0.1225;7;0
ЧелябЭС ап;60;20170629;180000;0.1215;0.1225;0.121;0.1225;13;0
ЧелябЭС ап;60;20170630;100000;0.123;0.1235;0.123;0.1235;8;0
ЧелябЭС ап;60;20170630;110000;0.1235;0.1235;0.1235;0.1235;1;0
ЧелябЭС ап;60;20170630;150000;0.1225;0.1225;0.12;0.1215;11;0
ЧелябЭС ап;60;20170630;170000;0.12;0.12;0.119;0.119;9;0
ЧелябЭС ап;60;20170630;180000;0.119;0.1195;0.119;0.1195;9;0
ЧелябЭС ап;60;20170703;100000;0.121;0.121;0.121;0.121;5;0
ЧелябЭС ап;60;20170703;110000;0.121;0.1215;0.12;0.12;8;0
ЧелябЭС ап;60;20170703;120000;0.121;0.121;0.121;0.121;2;0
ЧелябЭС ап;60;20170703;140000;0.121;0.1235;0.121;0.1235;40;0
ЧелябЭС ап;60;20170704;130000;0.1245;0.1245;0.1245;0.1245;1;0
ЧелябЭС ап;60;20170704;150000;0.121;0.121;0.1205;0.1205;24;0
ЧелябЭС ап;60;20170704;180000;0.122;0.122;0.122;0.122;1;0
ЧелябЭС ап;60;20170705;100000;0.122;0.122;0.122;0.122;2;0
ЧелябЭС ап;60;20170705;110000;0.1185;0.1185;0.1155;0.1185;19;0
ЧелябЭС ап;60;20170705;120000;0.119;0.119;0.119;0.119;1;0
ЧелябЭС ап;60;20170705;130000;0.119;0.12;0.118;0.12;11;0
ЧелябЭС ап;60;20170705;140000;0.118;0.118;0.118;0.118;1;0
ЧелябЭС ап;60;20170705;170000;0.118;0.1245;0.118;0.124;103;0
ЧелябЭС ап;60;20170705;180000;0.1235;0.1235;0.1235;0.1235;1;0
ЧелябЭС ап;60;20170706;100000;0.1265;0.1265;0.1255;0.1255;7;0
ЧелябЭС ап;60;20170706;110000;0.125;0.125;0.125;0.125;1;0
ЧелябЭС ап;60;20170707;100000;0.1195;0.124;0.116;0.124;24;0
ЧелябЭС ап;60;20170707;120000;0.1185;0.1185;0.1155;0.1155;24;0
ЧелябЭС ап;60;20170707;130000;0.121;0.121;0.121;0.121;1;0
ЧелябЭС ап;60;20170707;150000;0.1195;0.12;0.1195;0.12;19;0
ЧелябЭС ап;60;20170707;180000;0.12;0.1385;0.12;0.1385;32;0
ЧелябЭС ап;60;20170710;110000;0.1335;0.1335;0.123;0.123;5;0
ЧелябЭС ап;60;20170710;120000;0.127;0.127;0.127;0.127;2;0
ЧелябЭС ап;60;20170710;130000;0.122;0.122;0.122;0.122;12;0
ЧелябЭС ап;60;20170710;140000;0.1295;0.13;0.1295;0.13;11;0
ЧелябЭС ап;60;20170710;150000;0.13;0.1355;0.13;0.1355;43;0
ЧелябЭС ап;60;20170712;120000;0.1255;0.1255;0.1255;0.1255;3;0
ЧелябЭС ап;60;20170712;130000;0.1345;0.1345;0.1345;0.1345;1;0
ЧелябЭС ап;60;20170712;150000;0.1255;0.1255;0.1245;0.1245;113;0
ЧелябЭС ап;60;20170712;160000;0.1245;0.125;0.1245;0.125;99;0
ЧелябЭС ап;60;20170712;170000;0.1245;0.1245;0.1245;0.1245;2;0
ЧелябЭС ап;60;20170712;180000;0.1235;0.1235;0.1235;0.1235;1;0
ЧелябЭС ап;60;20170713;100000;0.125;0.125;0.1245;0.1245;6;0
ЧелябЭС ап;60;20170713;120000;0.122;0.122;0.122;0.122;1;0
ЧелябЭС ап;60;20170713;160000;0.1245;0.125;0.1245;0.125;112;0
ЧелябЭС ап;60;20170713;180000;0.132;0.132;0.132;0.132;1;0
ЧелябЭС ап;60;20170714;100000;0.1305;0.1305;0.1305;0.1305;1;0
ЧелябЭС ап;60;20170714;110000;0.1305;0.1305;0.12;0.12;6;0
ЧелябЭС ап;60;20170714;120000;0.1305;0.1305;0.1305;0.1305;1;0
ЧелябЭС ап;60;20170714;160000;0.129;0.129;0.129;0.129;1;0
ЧелябЭС ап;60;20170714;170000;0.129;0.129;0.129;0.129;1;0
ЧелябЭС ап;60;20170714;180000;0.13;0.13;0.13;0.13;1;0
ЧелябЭС ап;60;20170717;180000;0.132;0.132;0.132;0.132;1;0
ЧелябЭС ап;60;20170718;100000;0.133;0.133;0.133;0.133;1;0
ЧелябЭС ап;60;20170718;110000;0.1305;0.1305;0.1305;0.1305;5;0
ЧелябЭС ап;60;20170718;150000;0.1255;0.1255;0.113;0.113;100;0
ЧелябЭС ап;60;20170718;160000;0.1235;0.13;0.12;0.1205;70;0
ЧелябЭС ап;60;20170718;180000;0.1255;0.1255;0.1255;0.1255;1;0
ЧелябЭС ап;60;20170720;100000;0.126;0.138;0.126;0.138;22;0
ЧелябЭС ап;60;20170720;130000;0.1365;0.1365;0.1365;0.1365;1;0
ЧелябЭС ап;60;20170721;130000;0.126;0.126;0.126;0.126;6;0
ЧелябЭС ап;60;20170721;170000;0.1265;0.1285;0.125;0.1285;121;0
ЧелябЭС ап;60;20170725;120000;0.1185;0.1305;0.1185;0.1305;3;0
ЧелябЭС ап;60;20170726;120000;0.12;0.1265;0.12;0.1265;4;0
ЧелябЭС ап;60;20170726;130000;0.124;0.124;0.124;0.124;1;0
ЧелябЭС ап;60;20170726;180000;0.122;0.122;0.122;0.122;7;0
ЧелябЭС ап;60;20170727;100000;0.119;0.1255;0.119;0.1255;4;0
ЧелябЭС ап;60;20170727;120000;0.126;0.129;0.126;0.129;4;0
ЧелябЭС ап;60;20170727;180000;0.1215;0.1275;0.1215;0.1275;2;0
ЧелябЭС ап;60;20170728;100000;0.1195;0.1195;0.1195;0.1195;1;0
ЧелябЭС ап;60;20170728;110000;0.1205;0.1205;0.1205;0.1205;4;0
ЧелябЭС ап;60;20170728;130000;0.128;0.129;0.128;0.129;2;0
ЧелябЭС ап;60;20170728;140000;0.1285;0.142;0.122;0.125;746;0
ЧелябЭС ап;60;20170728;150000;0.1255;0.1395;0.1245;0.1305;341;0
ЧелябЭС ап;60;20170728;170000;0.1385;0.139;0.1325;0.1385;92;0
ЧелябЭС ап;60;20170731;100000;0.135;0.135;0.135;0.135;21;0
ЧелябЭС ап;60;20170731;120000;0.135;0.135;0.135;0.135;1;0
ЧелябЭС ап;60;20170731;130000;0.137;0.1395;0.137;0.1395;76;0
ЧелябЭС ап;60;20170731;160000;0.136;0.1395;0.132;0.1395;454;0
ЧелябЭС ап;60;20170731;180000;0.135;0.1395;0.1345;0.1395;6;0
ЧелябЭС ап;60;20170801;100000;0.1405;0.148;0.1405;0.148;7;0
ЧелябЭС ап;60;20170801;110000;0.1405;0.1405;0.1405;0.1405;1;0
ЧелябЭС ап;60;20170801;130000;0.1405;0.1405;0.1405;0.1405;2;0
ЧелябЭС ап;60;20170801;140000;0.1405;0.1405;0.1395;0.1395;15;0
ЧелябЭС ап;60;20170801;170000;0.138;0.1385;0.138;0.1385;3;0
ЧелябЭС ап;60;20170802;100000;0.133;0.133;0.133;0.133;3;0
ЧелябЭС ап;60;20170802;140000;0.1345;0.135;0.1345;0.135;13;0
ЧелябЭС ап;60;20170803;120000;0.1345;0.1345;0.1345;0.1345;2;0
ЧелябЭС ап;60;20170804;140000;0.133;0.133;0.133;0.133;1;0
ЧелябЭС ап;60;20170804;160000;0.1345;0.1345;0.1345;0.1345;2;0
ЧелябЭС ап;60;20170804;180000;0.133;0.133;0.133;0.133;2;0
ЧелябЭС ап;60;20170807;150000;0.133;0.1335;0.133;0.1335;16;0
ЧелябЭС ап;60;20170807;180000;0.1365;0.1365;0.1365;0.1365;1;0
ЧелябЭС ап;60;20170810;100000;0.1265;0.1265;0.1255;0.1255;50;0
ЧелябЭС ап;60;20170810;150000;0.1285;0.1285;0.1275;0.1275;31;0
ЧелябЭС ап;60;20170810;180000;0.1325;0.1325;0.1325;0.1325;1;0
ЧелябЭС ап;60;20170811;100000;0.1335;0.1335;0.1335;0.1335;1;0
ЧелябЭС ап;60;20170811;160000;0.1325;0.1325;0.1325;0.1325;2;0
ЧелябЭС ап;60;20170814;110000;0.1335;0.1335;0.1325;0.1325;5;0
ЧелябЭС ап;60;20170814;130000;0.133;0.136;0.133;0.136;5;0
ЧелябЭС ап;60;20170815;110000;0.1275;0.1325;0.126;0.1325;27;0
ЧелябЭС ап;60;20170815;120000;0.1325;0.1395;0.1325;0.1395;99;0
ЧелябЭС ап;60;20170815;160000;0.129;0.138;0.128;0.138;10;0
ЧелябЭС ап;60;20170816;130000;0.1375;0.1425;0.133;0.133;26;0
ЧелябЭС ап;60;20170816;150000;0.1385;0.1385;0.1385;0.1385;1;0
ЧелябЭС ап;60;20170818;100000;0.1375;0.1375;0.1375;0.1375;1;0
ЧелябЭС ап;60;20170818;110000;0.128;0.137;0.128;0.137;4;0
ЧелябЭС ап;60;20170818;120000;0.137;0.137;0.137;0.137;10;0
ЧелябЭС ап;60;20170818;130000;0.137;0.137;0.137;0.137;1;0
ЧелябЭС ап;60;20170818;180000;0.134;0.1365;0.12;0.1365;110;0
ЧелябЭС ап;60;20170821;130000;0.1305;0.133;0.13;0.133;26;0
ЧелябЭС ап;60;20170821;180000;0.1305;0.1335;0.1305;0.1335;9;0
ЧелябЭС ап;60;20170822;100000;0.126;0.1305;0.1205;0.1205;116;0
ЧелябЭС ап;60;20170822;110000;0.122;0.1265;0.122;0.1265;41;0
ЧелябЭС ап;60;20170822;120000;0.1295;0.13;0.1295;0.13;9;0
ЧелябЭС ап;60;20170822;130000;0.13;0.13;0.13;0.13;41;0
ЧелябЭС ап;60;20170822;180000;0.1325;0.1325;0.1325;0.1325;1;0
ЧелябЭС ап;60;20170823;180000;0.13;0.13;0.13;0.13;10;0
ЧелябЭС ап;60;20170824;100000;0.132;0.133;0.132;0.133;10;0
ЧелябЭС ап;60;20170824;110000;0.1265;0.1265;0.1265;0.1265;1;0
ЧелябЭС ап;60;20170824;180000;0.129;0.131;0.129;0.131;30;0
ЧелябЭС ап;60;20170825;100000;0.127;0.127;0.127;0.127;2;0
ЧелябЭС ап;60;20170825;110000;0.1265;0.134;0.1265;0.134;17;0
ЧелябЭС ап;60;20170828;130000;0.1355;0.139;0.1355;0.139;71;0
ЧелябЭС ап;60;20170829;120000;0.1295;0.1295;0.129;0.129;2;0
ЧелябЭС ап;60;20170829;170000;0.13;0.13;0.13;0.13;1;0
ЧелябЭС ап;60;20170829;180000;0.138;0.138;0.1345;0.135;3;0
ЧелябЭС ап;60;20170830;110000;0.1375;0.1375;0.1375;0.1375;1;0
ЧелябЭС ап;60;20170830;140000;0.136;0.136;0.136;0.136;10;0
ЧелябЭС ап;60;20170830;180000;0.137;0.137;0.137;0.137;1;0
ЧелябЭС ап;60;20170901;120000;0.13;0.13;0.13;0.13;2;0
ЧелябЭС ап;60;20170901;160000;0.131;0.131;0.131;0.131;2;0
ЧелябЭС ап;60;20170901;180000;0.1305;0.132;0.1295;0.132;5;0
ЧелябЭС ап;60;20170904;100000;0.129;0.129;0.128;0.129;20;0
ЧелябЭС ап;60;20170904;110000;0.129;0.129;0.129;0.129;9;0
ЧелябЭС ап;60;20170904;130000;0.1295;0.1295;0.1235;0.1235;22;0
ЧелябЭС ап;60;20170904;170000;0.1285;0.1285;0.1285;0.1285;1;0
ЧелябЭС ап;60;20170904;180000;0.1315;0.1315;0.1315;0.1315;1;0
ЧелябЭС ап;60;20170905;160000;0.1275;0.1275;0.126;0.126;10;0
ЧелябЭС ап;60;20170905;180000;0.132;0.132;0.132;0.132;1;0
ЧелябЭС ап;60;20170906;110000;0.125;0.125;0.125;0.125;400;0
ЧелябЭС ап;60;20170906;120000;0.1355;0.1355;0.1245;0.125;218;0
ЧелябЭС ап;60;20170906;130000;0.125;0.125;0.125;0.125;49;0
ЧелябЭС ап;60;20170906;140000;0.126;0.126;0.1235;0.125;85;0
ЧелябЭС ап;60;20170906;150000;0.1245;0.125;0.1245;0.1245;111;0
ЧелябЭС ап;60;20170906;160000;0.125;0.125;0.125;0.125;21;0
ЧелябЭС ап;60;20170906;170000;0.125;0.125;0.124;0.125;281;0
ЧелябЭС ап;60;20170906;180000;0.124;0.128;0.124;0.128;3;0
ЧелябЭС ап;60;20170907;100000;0.1245;0.125;0.1245;0.125;333;0
ЧелябЭС ап;60;20170907;110000;0.125;0.125;0.125;0.125;100;0
ЧелябЭС ап;60;20170907;120000;0.125;0.125;0.125;0.125;79;0
ЧелябЭС ап;60;20170907;130000;0.125;0.125;0.125;0.125;233;0
ЧелябЭС ап;60;20170907;140000;0.131;0.131;0.131;0.131;1;0
ЧелябЭС ап;60;20170907;160000;0.1255;0.1255;0.1255;0.1255;1;0
ЧелябЭС ап;60;20170907;170000;0.13;0.13;0.13;0.13;1;0
ЧелябЭС ап;60;20170907;180000;0.131;0.1315;0.131;0.1315;30;0
ЧелябЭС ап;60;20170908;100000;0.1275;0.1325;0.1275;0.1325;2;0
ЧелябЭС ап;60;20170908;120000;0.128;0.128;0.128;0.128;2;0
ЧелябЭС ап;60;20170908;150000;0.128;0.128;0.128;0.128;2;0
ЧелябЭС ап;60;20170908;170000;0.131;0.133;0.131;0.133;80;0
ЧелябЭС ап;60;20170911;100000;0.13;0.13;0.13;0.13;1;0
ЧелябЭС ап;60;20170911;120000;0.1315;0.133;0.1315;0.133;39;0
ЧелябЭС ап;60;20170911;130000;0.134;0.134;0.133;0.133;2;0
ЧелябЭС ап;60;20170911;140000;0.134;0.136;0.134;0.136;50;0
ЧелябЭС ап;60;20170911;150000;0.1365;0.1365;0.1365;0.1365;1;0
ЧелябЭС ап;60;20170911;160000;0.136;0.1365;0.136;0.1365;11;0
ЧелябЭС ап;60;20170911;170000;0.1365;0.1395;0.1365;0.1395;109;0
ЧелябЭС ап;60;20170911;180000;0.1375;0.1375;0.1375;0.1375;1;0
ЧелябЭС ап;60;20170912;100000;0.1305;0.1305;0.1305;0.1305;1;0
ЧелябЭС ап;60;20170912;110000;0.1335;0.14;0.133;0.14;63;0
ЧелябЭС ап;60;20170912;120000;0.1395;0.1405;0.1395;0.1405;54;0
ЧелябЭС ап;60;20170912;130000;0.1325;0.1395;0.1325;0.1395;12;0
ЧелябЭС ап;60;20170912;140000;0.1395;0.1395;0.1395;0.1395;68;0
ЧелябЭС ап;60;20170912;150000;0.1395;0.1395;0.1395;0.1395;11;0
ЧелябЭС ап;60;20170912;160000;0.1395;0.1395;0.1345;0.1395;141;0
ЧелябЭС ап;60;20170913;100000;0.1395;0.1395;0.139;0.1395;30;0
ЧелябЭС ап;60;20170913;110000;0.1395;0.1395;0.1395;0.1395;61;0
ЧелябЭС ап;60;20170913;130000;0.133;0.133;0.133;0.133;2;0
ЧелябЭС ап;60;20170913;140000;0.139;0.139;0.1335;0.1335;3;0
ЧелябЭС ап;60;20170913;150000;0.1385;0.1395;0.1385;0.1395;34;0
ЧелябЭС ап;60;20170913;160000;0.1395;0.1395;0.134;0.134;22;0
ЧелябЭС ап;60;20170913;170000;0.135;0.1395;0.135;0.1365;304;0
ЧелябЭС ап;60;20170913;180000;0.1365;0.139;0.1355;0.139;6;0
ЧелябЭС ап;60;20170914;180000;0.1355;0.137;0.1355;0.137;3;0
ЧелябЭС ап;60;20170915;180000;0.135;0.135;0.135;0.135;1;0
ЧелябЭС ап;60;20170918;110000;0.137;0.137;0.137;0.137;1;0
ЧелябЭС ап;60;20170918;140000;0.137;0.139;0.137;0.139;16;0
ЧелябЭС ап;60;20170918;170000;0.1365;0.1365;0.1365;0.1365;3;0
ЧелябЭС ап;60;20170918;180000;0.1365;0.1365;0.1365;0.1365;3;0
ЧелябЭС ап;60;20170919;100000;0.1355;0.1355;0.1355;0.1355;1;0
ЧелябЭС ап;60;20170919;110000;0.1355;0.1365;0.1355;0.1365;52;0
ЧелябЭС ап;60;20170919;140000;0.136;0.136;0.136;0.136;3;0
ЧелябЭС ап;60;20170919;150000;0.1355;0.1355;0.13;0.13;35;0
ЧелябЭС ап;60;20170919;160000;0.1365;0.1365;0.1365;0.1365;1;0
ЧелябЭС ап;60;20170919;170000;0.1355;0.1355;0.13;0.134;44;0
ЧелябЭС ап;60;20170919;180000;0.13;0.1315;0.126;0.1315;108;0
ЧелябЭС ап;60;20170920;140000;0.131;0.1325;0.131;0.1325;2;0
ЧелябЭС ап;60;20170920;150000;0.13;0.132;0.1275;0.132;6;0
ЧелябЭС ап;60;20170920;160000;0.132;0.1325;0.132;0.1325;4;0
ЧелябЭС ап;60;20170920;170000;0.1325;0.139;0.1275;0.1355;141;0
ЧелябЭС ап;60;20170920;180000;0.135;0.1355;0.135;0.135;11;0
ЧелябЭС ап;60;20170921;120000;0.1305;0.1305;0.1305;0.1305;6;0
ЧелябЭС ап;60;20170921;150000;0.131;0.131;0.1305;0.1305;8;0
ЧелябЭС ап;60;20170922;110000;0.13;0.13;0.13;0.13;2;0
ЧелябЭС ап;60;20170922;130000;0.1325;0.1325;0.1325;0.1325;4;0
ЧелябЭС ап;60;20170922;140000;0.1325;0.1325;0.1325;0.1325;2;0
ЧелябЭС ап;60;20170922;150000;0.131;0.131;0.13;0.13;4;0
ЧелябЭС ап;60;20170922;160000;0.13;0.13;0.1275;0.1275;50;0
ЧелябЭС ап;60;20170922;180000;0.1325;0.1325;0.1325;0.1325;1;0
ЧелябЭС ап;60;20170925;110000;0.128;0.1315;0.127;0.1315;28;0
ЧелябЭС ап;60;20170925;140000;0.131;0.131;0.131;0.131;3;0
ЧелябЭС ап;60;20170925;160000;0.131;0.132;0.127;0.132;66;0
ЧелябЭС ап;60;20170925;170000;0.132;0.132;0.1315;0.132;35;0
ЧелябЭС ап;60;20170925;180000;0.132;0.132;0.1315;0.132;112;0
ЧелябЭС ап;60;20170926;100000;0.1315;0.132;0.1315;0.132;11;0
ЧелябЭС ап;60;20170926;110000;0.1315;0.132;0.1315;0.132;23;0
ЧелябЭС ап;60;20170926;120000;0.128;0.128;0.125;0.125;71;0
ЧелябЭС ап;60;20170926;160000;0.128;0.128;0.128;0.128;1;0
ЧелябЭС ап;60;20170926;180000;0.13;0.13;0.13;0.13;1;0
ЧелябЭС ап;60;20170927;110000;0.13;0.13;0.1265;0.1265;4;0
ЧелябЭС ап;60;20170927;160000;0.127;0.13;0.1255;0.13;191;0
ЧелябЭС ап;60;20170927;170000;0.1295;0.1295;0.1295;0.1295;1;0
ЧелябЭС ап;60;20170927;180000;0.1295;0.1295;0.1295;0.1295;1;0
ЧелябЭС ап;60;20170928;100000;0.1295;0.13;0.129;0.1295;14;0
ЧелябЭС ап;60;20170928;110000;0.1295;0.1345;0.1295;0.1345;100;0
ЧелябЭС ап;60;20170928;120000;0.1335;0.1335;0.1335;0.1335;4;0
ЧелябЭС ап;60;20170929;160000;0.1285;0.1285;0.1265;0.1265;35;0
ЧелябЭС ап;60;20170929;170000;0.1265;0.1265;0.1255;0.1255;50;0
ЧелябЭС ап;60;20170929;180000;0.127;0.129;0.127;0.129;2;0
ЧелябЭС ап;60;20171002;140000;0.129;0.129;0.129;0.129;1;0
ЧелябЭС ап;60;20171002;180000;0.128;0.129;0.128;0.129;4;0
ЧелябЭС ап;60;20171003;110000;0.1315;0.1315;0.1315;0.1315;1;0
ЧелябЭС ап;60;20171003;170000;0.1295;0.1295;0.1295;0.1295;1;0
ЧелябЭС ап;60;20171003;180000;0.1275;0.1275;0.1265;0.1265;20;0
ЧелябЭС ап;60;20171004;160000;0.129;0.129;0.129;0.129;1;0
ЧелябЭС ап;60;20171005;100000;0.1275;0.1275;0.1275;0.1275;1;0
ЧелябЭС ап;60;20171006;100000;0.1295;0.13;0.1295;0.13;17;0
ЧелябЭС ап;60;20171006;130000;0.1295;0.1295;0.1295;0.1295;5;0
ЧелябЭС ап;60;20171006;150000;0.1295;0.1295;0.1295;0.1295;1;0
ЧелябЭС ап;60;20171009;100000;0.1265;0.1325;0.124;0.124;356;0
ЧелябЭС ап;60;20171009;110000;0.1265;0.1265;0.126;0.126;126;0
ЧелябЭС ап;60;20171009;130000;0.1255;0.1255;0.125;0.125;16;0
ЧелябЭС ап;60;20171009;140000;0.125;0.125;0.125;0.125;1;0
ЧелябЭС ап;60;20171009;160000;0.125;0.125;0.125;0.125;156;0
ЧелябЭС ап;60;20171009;170000;0.1255;0.1255;0.12;0.1235;792;0
ЧелябЭС ап;60;20171009;180000;0.1245;0.127;0.1245;0.127;56;0
ЧелябЭС ап;60;20171010;120000;0.1285;0.1285;0.1285;0.1285;1;0
ЧелябЭС ап;60;20171010;170000;0.126;0.126;0.126;0.126;1;0
ЧелябЭС ап;60;20171010;180000;0.128;0.128;0.128;0.128;2;0
ЧелябЭС ап;60;20171011;110000;0.125;0.125;0.1245;0.1245;5;0
ЧелябЭС ап;60;20171011;120000;0.1255;0.1255;0.1255;0.1255;1;0
ЧелябЭС ап;60;20171011;130000;0.127;0.132;0.127;0.132;146;0
ЧелябЭС ап;60;20171011;140000;0.1325;0.138;0.1325;0.137;263;0
ЧелябЭС ап;60;20171011;160000;0.134;0.135;0.13;0.135;13;0
ЧелябЭС ап;60;20171012;110000;0.138;0.1385;0.138;0.1385;2;0
ЧелябЭС ап;60;20171012;120000;0.134;0.138;0.1295;0.1305;14;0
ЧелябЭС ап;60;20171012;180000;0.13;0.13;0.1275;0.1275;17;0
ЧелябЭС ап;60;20171013;110000;0.136;0.1365;0.136;0.1365;5;0
ЧелябЭС ап;60;20171013;130000;0.1325;0.1325;0.132;0.132;6;0
ЧелябЭС ап;60;20171016;120000;0.131;0.1335;0.131;0.1335;4;0
ЧелябЭС ап;60;20171016;130000;0.133;0.133;0.133;0.133;1;0
ЧелябЭС ап;60;20171016;170000;0.1325;0.1325;0.128;0.128;31;0
ЧелябЭС ап;60;20171016;180000;0.1325;0.1325;0.13;0.13;2;0
ЧелябЭС ап;60;20171017;100000;0.13;0.1375;0.13;0.137;46;0
ЧелябЭС ап;60;20171017;110000;0.131;0.1375;0.131;0.1375;3;0
ЧелябЭС ап;60;20171017;180000;0.135;0.1365;0.135;0.1365;50;0
ЧелябЭС ап;60;20171018;130000;0.1365;0.137;0.1365;0.1365;6;0
ЧелябЭС ап;60;20171018;150000;0.132;0.1345;0.132;0.134;3;0
ЧелябЭС ап;60;20171018;160000;0.135;0.135;0.135;0.135;1;0
ЧелябЭС ап;60;20171018;180000;0.1355;0.1355;0.1355;0.1355;1;0
ЧелябЭС ап;60;20171019;100000;0.1295;0.137;0.1295;0.137;2;0
ЧелябЭС ап;60;20171019;120000;0.1325;0.1325;0.1325;0.1325;1;0
ЧелябЭС ап;60;20171019;150000;0.1325;0.1325;0.1325;0.1325;3;0
ЧелябЭС ап;60;20171019;160000;0.132;0.132;0.132;0.132;1;0
ЧелябЭС ап;60;20171019;180000;0.1305;0.1305;0.1305;0.1305;1;0
ЧелябЭС ап;60;20171020;100000;0.129;0.1365;0.129;0.1365;2;0
ЧелябЭС ап;60;20171020;110000;0.1335;0.1335;0.1335;0.1335;1;0
ЧелябЭС ап;60;20171020;150000;0.1305;0.1305;0.13;0.13;2;0
ЧелябЭС ап;60;20171020;180000;0.132;0.132;0.132;0.132;1;0
ЧелябЭС ап;60;20171023;100000;0.136;0.136;0.136;0.136;8;0
ЧелябЭС ап;60;20171023;120000;0.132;0.1385;0.132;0.1385;74;0
ЧелябЭС ап;60;20171023;130000;0.1335;0.136;0.1335;0.136;2;0
ЧелябЭС ап;60;20171023;140000;0.1345;0.1345;0.134;0.134;2;0
ЧелябЭС ап;60;20171024;100000;0.133;0.133;0.133;0.133;1;0
ЧелябЭС ап;60;20171024;110000;0.133;0.133;0.1325;0.1325;2;0
ЧелябЭС ап;60;20171025;100000;0.1305;0.1305;0.1305;0.1305;1;0
ЧелябЭС ап;60;20171025;110000;0.132;0.132;0.132;0.132;1;0
ЧелябЭС ап;60;20171025;120000;0.1305;0.1305;0.13;0.13;34;0
ЧелябЭС ап;60;20171025;180000;0.133;0.133;0.133;0.133;1;0
ЧелябЭС ап;60;20171026;100000;0.1295;0.1295;0.129;0.129;2;0
ЧелябЭС ап;60;20171026;130000;0.128;0.128;0.11;0.124;431;0
ЧелябЭС ап;60;20171026;140000;0.1225;0.125;0.1225;0.125;29;0
ЧелябЭС ап;60;20171026;150000;0.126;0.1265;0.125;0.125;15;0
ЧелябЭС ап;60;20171026;160000;0.1255;0.1255;0.1255;0.1255;1;0
ЧелябЭС ап;60;20171026;170000;0.1255;0.126;0.1245;0.1245;8;0
ЧелябЭС ап;60;20171026;180000;0.125;0.1295;0.125;0.1295;66;0
ЧелябЭС ап;60;20171027;150000;0.128;0.128;0.128;0.128;1;0
ЧелябЭС ап;60;20171030;100000;0.13;0.13;0.13;0.13;1;0
ЧелябЭС ап;60;20171030;120000;0.128;0.13;0.128;0.13;4;0
ЧелябЭС ап;60;20171030;170000;0.13;0.13;0.13;0.13;1;0
ЧелябЭС ап;60;20171030;180000;0.13;0.13;0.13;0.13;34;0
ЧелябЭС ап;60;20171031;090000;0.131;0.131;0.131;0.131;2;0
ЧелябЭС ап;60;20171031;100000;0.131;0.131;0.1305;0.1305;2;0
ЧелябЭС ап;60;20171031;110000;0.1315;0.1335;0.1315;0.1335;9;0
ЧелябЭС ап;60;20171031;120000;0.134;0.1435;0.134;0.1395;167;0
ЧелябЭС ап;60;20171031;130000;0.139;0.146;0.139;0.1425;414;0
ЧелябЭС ап;60;20171031;140000;0.138;0.1385;0.138;0.1385;2;0
ЧелябЭС ап;60;20171031;150000;0.138;0.1415;0.1345;0.138;63;0
ЧелябЭС ап;60;20171031;160000;0.138;0.1395;0.133;0.136;64;0
ЧелябЭС ап;60;20171031;170000;0.134;0.134;0.131;0.131;16;0
ЧелябЭС ап;60;20171031;180000;0.136;0.138;0.136;0.138;25;0
ЧелябЭС ап;60;20171101;100000;0.1285;0.136;0.128;0.1285;23;0
ЧелябЭС ап;60;20171101;110000;0.1285;0.1285;0.1285;0.1285;9;0
ЧелябЭС ап;60;20171101;130000;0.1325;0.136;0.132;0.136;17;0
ЧелябЭС ап;60;20171101;150000;0.132;0.132;0.132;0.132;40;0
ЧелябЭС ап;60;20171101;160000;0.131;0.131;0.13;0.13;7;0
ЧелябЭС ап;60;20171101;170000;0.13;0.13;0.1275;0.13;95;0
ЧелябЭС ап;60;20171101;180000;0.1275;0.131;0.1275;0.131;30;0
ЧелябЭС ап;60;20171102;130000;0.133;0.133;0.132;0.133;14;0
ЧелябЭС ап;60;20171102;150000;0.1305;0.1305;0.13;0.13;6;0
ЧелябЭС ап;60;20171102;160000;0.133;0.133;0.133;0.133;20;0
ЧелябЭС ап;60;20171103;100000;0.135;0.135;0.135;0.135;10;0
ЧелябЭС ап;60;20171103;120000;0.1295;0.1335;0.1275;0.1335;9;0
ЧелябЭС ап;60;20171103;140000;0.1285;0.1285;0.1235;0.1275;46;0
ЧелябЭС ап;60;20171103;150000;0.128;0.128;0.125;0.128;29;0
ЧелябЭС ап;60;20171103;160000;0.126;0.129;0.126;0.129;7;0
ЧелябЭС ап;60;20171103;170000;0.1305;0.131;0.1305;0.131;4;0
ЧелябЭС ап;60;20171103;180000;0.13;0.13;0.13;0.13;1;0
ЧелябЭС ап;60;20171107;160000;0.13;0.13;0.13;0.13;1;0
ЧелябЭС ап;60;20171107;180000;0.1285;0.1305;0.128;0.1305;33;0
ЧелябЭС ап;60;20171109;100000;0.1275;0.128;0.1235;0.1235;33;0
ЧелябЭС ап;60;20171109;110000;0.1295;0.1295;0.126;0.126;2;0
ЧелябЭС ап;60;20171109;120000;0.1275;0.133;0.1275;0.133;22;0
ЧелябЭС ап;60;20171110;100000;0.133;0.1365;0.132;0.132;22;0
ЧелябЭС ап;60;20171110;120000;0.129;0.1305;0.129;0.129;10;0
ЧелябЭС ап;60;20171110;130000;0.133;0.144;0.1315;0.14;291;0
ЧелябЭС ап;60;20171110;150000;0.136;0.138;0.136;0.138;3;0
ЧелябЭС ап;60;20171110;170000;0.1345;0.1375;0.134;0.1375;16;0
ЧелябЭС ап;60;20171110;180000;0.1355;0.1355;0.1355;0.1355;3;0
ЧелябЭС ап;60;20171114;100000;0.13;0.132;0.13;0.132;12;0
ЧелябЭС ап;60;20171114;120000;0.137;0.137;0.134;0.134;2;0
ЧелябЭС ап;60;20171114;180000;0.1335;0.1335;0.1335;0.1335;1;0
ЧелябЭС ап;60;20171115;100000;0.133;0.1375;0.133;0.136;10;0
ЧелябЭС ап;60;20171115;120000;0.136;0.136;0.136;0.136;6;0
ЧелябЭС ап;60;20171115;130000;0.135;0.135;0.13;0.13;20;0
ЧелябЭС ап;60;20171115;150000;0.13;0.13;0.13;0.13;9;0
ЧелябЭС ап;60;20171115;160000;0.13;0.133;0.13;0.133;2;0
ЧелябЭС ап;60;20171115;170000;0.1315;0.1315;0.1315;0.1315;2;0
ЧелябЭС ап;60;20171115;180000;0.1315;0.132;0.1315;0.1315;81;0
ЧелябЭС ап;60;20171116;100000;0.128;0.1415;0.128;0.135;9;0
ЧелябЭС ап;60;20171116;140000;0.135;0.135;0.135;0.135;1;0
ЧелябЭС ап;60;20171116;150000;0.1355;0.1355;0.1305;0.134;6;0
ЧелябЭС ап;60;20171116;160000;0.1355;0.1355;0.134;0.134;2;0
ЧелябЭС ап;60;20171116;170000;0.134;0.134;0.134;0.134;2;0
ЧелябЭС ап;60;20171117;100000;0.135;0.141;0.135;0.136;13;0
ЧелябЭС ап;60;20171117;110000;0.135;0.136;0.135;0.136;7;0
ЧелябЭС ап;60;20171117;120000;0.135;0.135;0.135;0.135;8;0
ЧелябЭС ап;60;20171117;140000;0.135;0.135;0.135;0.135;2;0
ЧелябЭС ап;60;20171117;150000;0.135;0.135;0.135;0.135;1;0
ЧелябЭС ап;60;20171117;160000;0.135;0.135;0.135;0.135;5;0
ЧелябЭС ап;60;20171120;100000;0.1345;0.135;0.1345;0.135;8;0
ЧелябЭС ап;60;20171120;120000;0.135;0.135;0.134;0.135;4;0
ЧелябЭС ап;60;20171120;150000;0.134;0.134;0.134;0.134;1;0
ЧелябЭС ап;60;20171120;160000;0.133;0.133;0.132;0.132;9;0
ЧелябЭС ап;60;20171120;170000;0.133;0.133;0.132;0.132;3;0
ЧелябЭС ап;60;20171120;180000;0.133;0.133;0.133;0.133;1;0
ЧелябЭС ап;60;20171121;100000;0.13;0.1495;0.13;0.1335;8;0
ЧелябЭС ап;60;20171121;120000;0.1335;0.1335;0.1335;0.1335;1;0
ЧелябЭС ап;60;20171121;170000;0.1335;0.1335;0.1335;0.1335;3;0
ЧелябЭС ап;60;20171122;140000;0.135;0.135;0.134;0.134;3;0
ЧелябЭС ап;60;20171122;170000;0.1335;0.1335;0.1335;0.1335;1;0
ЧелябЭС ап;60;20171123;100000;0.132;0.1335;0.13;0.1335;23;0
ЧелябЭС ап;60;20171123;120000;0.1345;0.1345;0.132;0.1335;4;0
ЧелябЭС ап;60;20171123;130000;0.134;0.134;0.1325;0.1325;3;0
ЧелябЭС ап;60;20171123;150000;0.132;0.132;0.1265;0.1305;22;0
ЧелябЭС ап;60;20171124;110000;0.131;0.131;0.131;0.131;6;0
ЧелябЭС ап;60;20171124;150000;0.1305;0.1305;0.13;0.13;3;0
ЧелябЭС ап;60;20171124;160000;0.13;0.13;0.13;0.13;4;0
ЧелябЭС ап;60;20171124;170000;0.13;0.1315;0.13;0.1315;2;0
ЧелябЭС ап;60;20171127;100000;0.1315;0.1375;0.13;0.13;39;0
ЧелябЭС ап;60;20171127;110000;0.134;0.134;0.13;0.133;9;0
ЧелябЭС ап;60;20171127;120000;0.132;0.132;0.132;0.132;1;0
ЧелябЭС ап;60;20171127;160000;0.1335;0.134;0.1335;0.134;4;0
ЧелябЭС ап;60;20171127;180000;0.134;0.134;0.134;0.134;3;0
ЧелябЭС ап;60;20171128;120000;0.133;0.133;0.133;0.133;1;0
ЧелябЭС ап;60;20171129;100000;0.1325;0.1325;0.1325;0.1325;1;0
ЧелябЭС ап;60;20171129;110000;0.132;0.132;0.132;0.132;2;0
ЧелябЭС ап;60;20171129;130000;0.1315;0.1315;0.1305;0.1305;4;0
ЧелябЭС ап;60;20171129;140000;0.1305;0.1305;0.1305;0.1305;1;0
ЧелябЭС ап;60;20171129;180000;0.13;0.13;0.128;0.13;10;0
ЧелябЭС ап;60;20171130;100000;0.1295;0.1295;0.1295;0.1295;1;0
ЧелябЭС ап;60;20171130;140000;0.1285;0.1285;0.1265;0.1265;9;0
ЧелябЭС ап;60;20171130;170000;0.1285;0.1285;0.1285;0.1285;1;0
ЧелябЭС ап;60;20171130;180000;0.129;0.13;0.129;0.13;3;0
ЧелябЭС ап;60;20171201;100000;0.1305;0.1305;0.1305;0.1305;1;0
ЧелябЭС ап;60;20171204;130000;0.129;0.129;0.1205;0.123;257;0
ЧелябЭС ап;60;20171204;140000;0.123;0.1245;0.123;0.1245;71;0
ЧелябЭС ап;60;20171204;160000;0.125;0.125;0.125;0.125;2;0
ЧелябЭС ап;60;20171204;170000;0.125;0.125;0.125;0.125;1;0
ЧелябЭС ап;60;20171204;180000;0.1245;0.1245;0.1245;0.1245;1;0
ЧелябЭС ап;60;20171205;100000;0.1275;0.1275;0.1275;0.1275;1;0
ЧелябЭС ап;60;20171205;110000;0.1255;0.13;0.1255;0.13;206;0
ЧелябЭС ап;60;20171205;120000;0.1285;0.1285;0.122;0.1265;12;0
ЧелябЭС ап;60;20171205;150000;0.1265;0.1265;0.1265;0.1265;1;0
ЧелябЭС ап;60;20171206;110000;0.128;0.1295;0.128;0.129;56;0
ЧелябЭС ап;60;20171206;130000;0.129;0.131;0.129;0.131;108;0
ЧелябЭС ап;60;20171206;150000;0.131;0.131;0.131;0.131;12;0
ЧелябЭС ап;60;20171206;160000;0.1315;0.132;0.131;0.132;43;0
ЧелябЭС ап;60;20171206;170000;0.132;0.1325;0.132;0.1325;2;0
ЧелябЭС ап;60;20171207;100000;0.131;0.131;0.131;0.131;1;0
ЧелябЭС ап;60;20171207;140000;0.1305;0.1305;0.13;0.13;3;0
ЧелябЭС ап;60;20171207;150000;0.1295;0.1295;0.1295;0.1295;1;0
ЧелябЭС ап;60;20171207;180000;0.1305;0.131;0.1305;0.131;23;0
ЧелябЭС ап;60;20171208;110000;0.1315;0.132;0.1315;0.132;3;0
ЧелябЭС ап;60;20171208;140000;0.131;0.131;0.131;0.131;1;0
ЧелябЭС ап;60;20171208;150000;0.131;0.131;0.131;0.131;1;0
ЧелябЭС ап;60;20171208;160000;0.1305;0.1305;0.13;0.13;4;0
ЧелябЭС ап;60;20171208;170000;0.13;0.13;0.13;0.13;111;0
ЧелябЭС ап;60;20171208;180000;0.1305;0.1315;0.1305;0.1315;107;0
ЧелябЭС ап;60;20171211;100000;0.131;0.1315;0.131;0.1315;28;0
ЧелябЭС ап;60;20171211;130000;0.1315;0.1315;0.1315;0.1315;1;0
ЧелябЭС ап;60;20171211;160000;0.131;0.131;0.131;0.131;5;0
ЧелябЭС ап;60;20171211;180000;0.1315;0.1315;0.1315;0.1315;1;0
ЧелябЭС ап;60;20171212;120000;0.131;0.131;0.131;0.131;4;0
ЧелябЭС ап;60;20171212;130000;0.1305;0.1305;0.13;0.13;12;0
ЧелябЭС ап;60;20171212;160000;0.13;0.13;0.13;0.13;91;0
ЧелябЭС ап;60;20171212;170000;0.131;0.132;0.131;0.132;18;0
ЧелябЭС ап;60;20171213;120000;0.1305;0.1355;0.1305;0.134;17;0
ЧелябЭС ап;60;20171213;130000;0.1355;0.1355;0.1355;0.1355;1;0
ЧелябЭС ап;60;20171213;140000;0.134;0.134;0.134;0.134;67;0
ЧелябЭС ап;60;20171213;160000;0.134;0.134;0.134;0.134;5;0
ЧелябЭС ап;60;20171213;170000;0.1345;0.1345;0.133;0.133;4;0
ЧелябЭС ап;60;20171214;110000;0.1325;0.1325;0.132;0.132;3;0
ЧелябЭС ап;60;20171214;120000;0.132;0.132;0.131;0.131;3;0
ЧелябЭС ап;60;20171214;130000;0.131;0.132;0.131;0.132;21;0
ЧелябЭС ап;60;20171214;180000;0.1315;0.132;0.1305;0.132;22;0
ЧелябЭС ап;60;20171215;100000;0.131;0.132;0.131;0.132;34;0
ЧелябЭС ап;60;20171215;120000;0.1325;0.1325;0.1325;0.1325;1;0
ЧелябЭС ап;60;20171215;140000;0.132;0.132;0.132;0.132;2;0
ЧелябЭС ап;60;20171215;150000;0.132;0.132;0.132;0.132;19;0
ЧелябЭС ап;60;20171215;160000;0.131;0.131;0.1305;0.1305;2;0
ЧелябЭС ап;60;20171215;170000;0.13;0.13;0.13;0.13;11;0
ЧелябЭС ап;60;20171215;180000;0.1315;0.1315;0.1315;0.1315;1;0
ЧелябЭС ап;60;20171218;120000;0.132;0.132;0.1305;0.1305;3;0
ЧелябЭС ап;60;20171218;130000;0.1305;0.131;0.1295;0.131;22;0
ЧелябЭС ап;60;20171218;140000;0.1295;0.1295;0.1295;0.1295;1;0
ЧелябЭС ап;60;20171218;150000;0.129;0.129;0.128;0.128;4;0
ЧелябЭС ап;60;20171218;170000;0.128;0.1295;0.1265;0.1265;47;0
ЧелябЭС ап;60;20171218;180000;0.1285;0.1285;0.1285;0.1285;6;0
ЧелябЭС ап;60;20171219;100000;0.129;0.13;0.129;0.13;3;0
ЧелябЭС ап;60;20171219;120000;0.1285;0.1285;0.128;0.1285;74;0
ЧелябЭС ап;60;20171219;130000;0.1295;0.1295;0.1295;0.1295;1;0
ЧелябЭС ап;60;20171219;160000;0.1285;0.1285;0.1285;0.1285;5;0
ЧелябЭС ап;60;20171219;170000;0.128;0.128;0.128;0.128;1;0
ЧелябЭС ап;60;20171219;180000;0.1275;0.1285;0.1275;0.1285;2;0
ЧелябЭС ап;60;20171220;100000;0.127;0.127;0.126;0.126;4;0
ЧелябЭС ап;60;20171220;110000;0.1255;0.1255;0.125;0.125;38;0
ЧелябЭС ап;60;20171220;120000;0.126;0.126;0.126;0.126;20;0
ЧелябЭС ап;60;20171220;130000;0.1265;0.127;0.1245;0.1245;306;0
ЧелябЭС ап;60;20171220;140000;0.124;0.1245;0.124;0.1245;6;0
ЧелябЭС ап;60;20171220;150000;0.1245;0.125;0.1245;0.125;10;0
ЧелябЭС ап;60;20171220;160000;0.125;0.1255;0.125;0.1255;97;0
ЧелябЭС ап;60;20171220;170000;0.126;0.1265;0.126;0.1265;3;0
ЧелябЭС ап;60;20171220;180000;0.127;0.128;0.127;0.128;12;0
ЧелябЭС ап;60;20171221;120000;0.1265;0.1265;0.1235;0.125;13;0
ЧелябЭС ап;60;20171221;130000;0.1255;0.1265;0.1255;0.1265;5;0
ЧелябЭС ап;60;20171221;140000;0.127;0.127;0.127;0.127;1;0
ЧелябЭС ап;60;20171221;150000;0.1275;0.1275;0.1275;0.1275;1;0
ЧелябЭС ап;60;20171222;170000;0.1275;0.1285;0.1275;0.1285;4;0
ЧелябЭС ап;60;20171225;160000;0.1265;0.1265;0.123;0.123;15;0
ЧелябЭС ап;60;20171225;170000;0.1255;0.1255;0.1255;0.1255;2;0
ЧелябЭС ап;60;20171225;180000;0.1255;0.1265;0.1255;0.1265;3;0
ЧелябЭС ап;60;20171226;110000;0.125;0.125;0.123;0.123;8;0
ЧелябЭС ап;60;20171226;150000;0.125;0.125;0.125;0.125;1;0
ЧелябЭС ап;60;20171226;160000;0.124;0.124;0.124;0.124;1;0
ЧелябЭС ап;60;20171226;170000;0.124;0.124;0.124;0.124;2;0
ЧелябЭС ап;60;20171226;180000;0.1245;0.1265;0.1245;0.1265;4;0
ЧелябЭС ап;60;20171227;100000;0.125;0.125;0.125;0.125;1;0
ЧелябЭС ап;60;20171227;110000;0.1245;0.1245;0.122;0.122;23;0
ЧелябЭС ап;60;20171227;120000;0.124;0.124;0.124;0.124;1;0
ЧелябЭС ап;60;20171227;130000;0.1225;0.124;0.1225;0.124;8;0
ЧелябЭС ап;60;20171227;170000;0.1235;0.1235;0.1235;0.1235;4;0
ЧелябЭС ап;60;20171227;180000;0.1245;0.1245;0.1245;0.1245;1;0
ЧелябЭС ап;60;20171228;120000;0.124;0.126;0.1235;0.126;17;0
ЧелябЭС ап;60;20171228;130000;0.124;0.124;0.123;0.123;7;0
ЧелябЭС ап;60;20171228;150000;0.1245;0.1285;0.1245;0.1245;26;0
ЧелябЭС ап;60;20171228;180000;0.126;0.126;0.126;0.126;1;0
ЧелябЭС ап;60;20171229;110000;0.1265;0.1265;0.1265;0.1265;1;0
ЧелябЭС ап;60;20171229;120000;0.125;0.125;0.125;0.125;1;0
ЧелябЭС ап;60;20171229;130000;0.125;0.125;0.125;0.125;1;0
ЧелябЭС ап;60;20171229;160000;0.1245;0.1245;0.124;0.124;2;0
ЧелябЭС ап;60;20171229;170000;0.126;0.1275;0.126;0.1275;4;0
ЧелябЭС ап;60;20171229;180000;0.1275;0.1275;0.1275;0.1275;1;0
