<TICKER>;<PER>;<DATE>;<TIME>;<OPEN>;<HIGH>;<LOW>;<CLOSE>;<VOL>;<OPENINT>
ЮТэйр ао;60;20170124;100000;10.26;10.26;10.26;10.26;1;0
ЮТэйр ао;60;20170124;110000;10.21;10.22;10.21;10.22;2;0
ЮТэйр ао;60;20170124;120000;10.23;10.27;10.23;10.27;8;0
ЮТэйр ао;60;20170124;130000;10.24;10.24;10.23;10.24;101;0
ЮТэйр ао;60;20170124;140000;10.24;10.38;10.24;10.38;83;0
ЮТэйр ао;60;20170124;180000;10.34;10.34;10.34;10.34;1;0
ЮТэйр ао;60;20170125;100000;10.34;10.34;10.34;10.34;5;0
ЮТэйр ао;60;20170125;110000;10.33;10.36;8.68;10.21;561;0
ЮТэйр ао;60;20170125;120000;10.19;10.2;10.19;10.19;11;0
ЮТэйр ао;60;20170125;140000;10.13;10.13;10.04;10.04;66;0
ЮТэйр ао;60;20170125;150000;10.15;10.15;10.15;10.15;1;0
ЮТэйр ао;60;20170125;160000;10.16;10.17;10.13;10.13;5;0
ЮТэйр ао;60;20170125;170000;10.14;10.16;10.13;10.16;4;0
ЮТэйр ао;60;20170125;180000;10.13;10.17;10.1;10.1;35;0
ЮТэйр ао;60;20170126;100000;10.11;10.11;10.1;10.1;2;0
ЮТэйр ао;60;20170126;110000;10.14;10.16;10.14;10.16;3;0
ЮТэйр ао;60;20170126;120000;10.14;10.14;10.14;10.14;5;0
ЮТэйр ао;60;20170126;130000;10.11;10.11;10.11;10.11;3;0
ЮТэйр ао;60;20170126;140000;10.12;10.12;9.94;10;378;0
ЮТэйр ао;60;20170126;150000;10;10.14;9.99;10.04;112;0
ЮТэйр ао;60;20170126;160000;10.07;10.08;9.99;10;14;0
ЮТэйр ао;60;20170126;170000;10;10;9.9;9.9;278;0
ЮТэйр ао;60;20170126;180000;9.99;10.05;9.9;9.9;193;0
ЮТэйр ао;60;20170127;100000;9.94;9.96;9.82;9.9;43;0
ЮТэйр ао;60;20170127;110000;9.9;9.9;9.8;9.8;130;0
ЮТэйр ао;60;20170127;120000;9.84;9.9;9.84;9.89;210;0
ЮТэйр ао;60;20170127;130000;9.88;9.89;9.7;9.84;408;0
ЮТэйр ао;60;20170127;140000;9.82;9.82;9.76;9.82;42;0
ЮТэйр ао;60;20170127;150000;9.81;9.89;9.81;9.89;25;0
ЮТэйр ао;60;20170127;160000;9.88;9.9;9.88;9.89;21;0
ЮТэйр ао;60;20170127;170000;9.88;9.88;9.88;9.88;1;0
ЮТэйр ао;60;20170127;180000;9.88;9.9;9.88;9.9;68;0
ЮТэйр ао;60;20170130;100000;9.87;9.9;9.87;9.89;43;0
ЮТэйр ао;60;20170130;110000;9.9;9.9;9.89;9.89;96;0
ЮТэйр ао;60;20170130;120000;9.89;9.9;9.89;9.9;30;0
ЮТэйр ао;60;20170130;130000;9.9;9.9;9.9;9.9;50;0
ЮТэйр ао;60;20170130;140000;9.9;9.9;9.9;9.9;5;0
ЮТэйр ао;60;20170130;160000;9.86;9.86;9.86;9.86;2;0
ЮТэйр ао;60;20170130;170000;9.9;9.96;9.9;9.95;20;0
ЮТэйр ао;60;20170130;180000;9.95;9.95;9.94;9.95;4;0
ЮТэйр ао;60;20170131;090000;9.98;9.98;9.98;9.98;2;0
ЮТэйр ао;60;20170131;100000;9.98;9.98;9.98;9.98;9;0
ЮТэйр ао;60;20170131;110000;9.93;9.97;9.91;9.92;23;0
ЮТэйр ао;60;20170131;120000;9.97;10;9.97;10;76;0
ЮТэйр ао;60;20170131;130000;10;10;10;10;10;0
ЮТэйр ао;60;20170131;140000;10;10.07;10;10.07;156;0
ЮТэйр ао;60;20170131;150000;9.98;9.98;9.98;9.98;2;0
ЮТэйр ао;60;20170131;180000;10.06;10.09;10.06;10.09;27;0
ЮТэйр ао;60;20170201;100000;10.09;10.1;10.09;10.1;256;0
ЮТэйр ао;60;20170201;110000;10.11;10.26;10.11;10.22;52;0
ЮТэйр ао;60;20170201;120000;10.22;10.24;10.06;10.06;364;0
ЮТэйр ао;60;20170201;130000;10.05;10.14;9.99;9.99;127;0
ЮТэйр ао;60;20170201;140000;10.13;10.15;10.12;10.15;111;0
ЮТэйр ао;60;20170201;150000;10.14;10.16;10.14;10.16;13;0
ЮТэйр ао;60;20170201;160000;10.07;10.16;10;10.05;141;0
ЮТэйр ао;60;20170201;170000;10.06;10.15;9.99;10.13;417;0
ЮТэйр ао;60;20170201;180000;10.13;10.22;10.11;10.11;159;0
ЮТэйр ао;60;20170202;100000;9.98;10.18;9.96;10.1;50;0
ЮТэйр ао;60;20170202;110000;10.1;10.1;10.1;10.1;3;0
ЮТэйр ао;60;20170202;120000;10.1;10.13;10.1;10.13;3;0
ЮТэйр ао;60;20170202;130000;10.14;10.19;10.14;10.19;34;0
ЮТэйр ао;60;20170202;140000;10.19;10.3;10.19;10.25;100;0
ЮТэйр ао;60;20170202;150000;10.21;10.24;10.04;10.14;230;0
ЮТэйр ао;60;20170202;160000;10.13;10.13;10;10.08;55;0
ЮТэйр ао;60;20170202;170000;10.07;10.14;10.07;10.14;11;0
ЮТэйр ао;60;20170202;180000;10.06;10.14;10;10;297;0
ЮТэйр ао;60;20170203;100000;10.19;10.2;10.12;10.13;28;0
ЮТэйр ао;60;20170203;110000;10.04;10.11;10;10.11;24;0
ЮТэйр ао;60;20170203;120000;10.1;10.12;10.09;10.12;5;0
ЮТэйр ао;60;20170203;130000;10.11;10.15;10.11;10.15;16;0
ЮТэйр ао;60;20170203;150000;10.14;10.16;10.06;10.16;150;0
ЮТэйр ао;60;20170203;170000;10.13;10.13;10;10;100;0
ЮТэйр ао;60;20170203;180000;10.12;10.12;10;10;174;0
ЮТэйр ао;60;20170206;100000;10.01;10.13;9.98;9.98;237;0
ЮТэйр ао;60;20170206;110000;9.98;9.98;9.98;9.98;10;0
ЮТэйр ао;60;20170206;120000;9.98;9.98;9.94;9.96;15;0
ЮТэйр ао;60;20170206;130000;9.97;9.97;9.96;9.96;2;0
ЮТэйр ао;60;20170206;140000;9.96;9.96;9.93;9.94;13;0
ЮТэйр ао;60;20170206;150000;9.98;10.05;9.98;9.99;118;0
ЮТэйр ао;60;20170206;160000;9.97;9.97;9.97;9.97;8;0
ЮТэйр ао;60;20170206;170000;10.02;10.03;10.02;10.03;5;0
ЮТэйр ао;60;20170206;180000;10.04;10.04;10;10;9;0
ЮТэйр ао;60;20170207;100000;9.98;10.06;9.96;9.96;31;0
ЮТэйр ао;60;20170207;110000;10.02;10.02;10.02;10.02;1;0
ЮТэйр ао;60;20170207;120000;10.01;10.01;10.01;10.01;5;0
ЮТэйр ао;60;20170207;150000;9.99;9.99;9.99;9.99;2;0
ЮТэйр ао;60;20170207;160000;10;10.01;10;10.01;95;0
ЮТэйр ао;60;20170207;170000;10;10.09;9.99;10.09;35;0
ЮТэйр ао;60;20170207;180000;10.09;10.09;10;10;6;0
ЮТэйр ао;60;20170208;100000;10;10;10;10;36;0
ЮТэйр ао;60;20170208;120000;9.99;9.99;9.98;9.98;19;0
ЮТэйр ао;60;20170208;130000;9.97;10.04;9.9;10.04;139;0
ЮТэйр ао;60;20170208;160000;10.01;10.05;10.01;10.05;13;0
ЮТэйр ао;60;20170208;170000;10.05;10.05;10.05;10.05;1;0
ЮТэйр ао;60;20170208;180000;10.05;10.1;10;10.1;345;0
ЮТэйр ао;60;20170209;100000;10.03;10.03;9.6;9.92;132;0
ЮТэйр ао;60;20170209;110000;9.95;9.99;9.91;9.99;163;0
ЮТэйр ао;60;20170209;120000;9.97;10.03;9.91;10.03;40;0
ЮТэйр ао;60;20170209;130000;9.99;9.99;9.86;9.86;126;0
ЮТэйр ао;60;20170209;140000;9.96;9.96;9.92;9.92;57;0
ЮТэйр ао;60;20170209;150000;9.92;9.92;9.92;9.92;2;0
ЮТэйр ао;60;20170209;160000;9.94;9.95;9.94;9.95;7;0
ЮТэйр ао;60;20170209;170000;9.94;9.94;9.94;9.94;1;0
ЮТэйр ао;60;20170209;180000;9.97;10.04;9.97;10.04;37;0
ЮТэйр ао;60;20170210;100000;9.99;10.03;9.92;9.92;62;0
ЮТэйр ао;60;20170210;180000;9.94;9.94;9.92;9.92;33;0
ЮТэйр ао;60;20170213;100000;9.92;9.92;9.92;9.92;5;0
ЮТэйр ао;60;20170213;110000;9.92;9.95;9.9;9.9;8;0
ЮТэйр ао;60;20170213;120000;9.96;9.97;9.96;9.97;10;0
ЮТэйр ао;60;20170213;130000;9.97;9.98;9.97;9.98;8;0
ЮТэйр ао;60;20170213;140000;9.97;9.97;9.97;9.97;4;0
ЮТэйр ао;60;20170213;150000;9.98;9.99;9.94;9.94;32;0
ЮТэйр ао;60;20170213;170000;9.98;9.99;9.98;9.99;70;0
ЮТэйр ао;60;20170213;180000;9.95;9.99;9.91;9.91;120;0
ЮТэйр ао;60;20170214;120000;9.97;9.97;9.9;9.9;111;0
ЮТэйр ао;60;20170214;130000;9.92;9.98;9.92;9.93;20;0
ЮТэйр ао;60;20170214;140000;9.92;9.92;9.88;9.88;4;0
ЮТэйр ао;60;20170214;160000;9.94;9.94;9.94;9.94;3;0
ЮТэйр ао;60;20170214;170000;9.89;9.89;9.88;9.88;50;0
ЮТэйр ао;60;20170214;180000;9.93;10;9.93;10;22;0
ЮТэйр ао;60;20170215;100000;9.89;9.98;9.82;9.82;24;0
ЮТэйр ао;60;20170215;110000;9.89;9.89;9.89;9.89;28;0
ЮТэйр ао;60;20170215;120000;9.81;9.88;9.81;9.88;10;0
ЮТэйр ао;60;20170215;130000;9.88;9.88;9.81;9.81;23;0
ЮТэйр ао;60;20170215;140000;9.89;9.89;9.89;9.89;5;0
ЮТэйр ао;60;20170215;160000;9.89;9.89;9.8;9.84;42;0
ЮТэйр ао;60;20170215;170000;9.85;9.86;9.85;9.86;151;0
ЮТэйр ао;60;20170216;100000;9.95;9.95;9.91;9.92;24;0
ЮТэйр ао;60;20170216;110000;9.91;9.92;9.91;9.92;4;0
ЮТэйр ао;60;20170216;120000;9.91;9.92;9.91;9.92;13;0
ЮТэйр ао;60;20170216;130000;9.91;9.91;9.79;9.88;16;0
ЮТэйр ао;60;20170216;140000;9.87;9.87;9.86;9.86;2;0
ЮТэйр ао;60;20170216;150000;9.9;9.9;9.85;9.85;8;0
ЮТэйр ао;60;20170216;170000;9.84;9.84;9.84;9.84;1;0
ЮТэйр ао;60;20170216;180000;9.89;9.89;9.89;9.89;1;0
ЮТэйр ао;60;20170217;100000;9.83;9.83;9.81;9.82;27;0
ЮТэйр ао;60;20170217;110000;9.82;9.82;9.82;9.82;1;0
ЮТэйр ао;60;20170217;120000;9.81;9.81;9.8;9.81;10;0
ЮТэйр ао;60;20170217;140000;9.8;9.82;9.8;9.82;42;0
ЮТэйр ао;60;20170217;160000;9.8;9.8;9.8;9.8;51;0
ЮТэйр ао;60;20170217;170000;9.79;9.79;9.7;9.78;414;0
ЮТэйр ао;60;20170217;180000;9.8;9.83;9.8;9.83;23;0
ЮТэйр ао;60;20170220;100000;9.83;9.83;9.83;9.83;1;0
ЮТэйр ао;60;20170220;110000;9.76;9.85;9.76;9.85;5;0
ЮТэйр ао;60;20170220;120000;9.86;9.87;9.86;9.87;2;0
ЮТэйр ао;60;20170220;140000;9.88;9.9;9.88;9.9;18;0
ЮТэйр ао;60;20170220;150000;9.84;9.84;9.76;9.83;19;0
ЮТэйр ао;60;20170220;160000;9.86;9.86;9.86;9.86;1;0
ЮТэйр ао;60;20170220;170000;9.86;9.87;9.85;9.85;114;0
ЮТэйр ао;60;20170220;180000;9.85;9.85;9.85;9.85;3;0
ЮТэйр ао;60;20170221;100000;9.85;9.85;9.85;9.85;2;0
ЮТэйр ао;60;20170221;110000;9.86;9.86;9.86;9.86;5;0
ЮТэйр ао;60;20170221;120000;9.86;9.86;9.85;9.85;30;0
ЮТэйр ао;60;20170221;130000;9.85;9.9;9.85;9.9;32;0
ЮТэйр ао;60;20170221;140000;9.89;9.9;9.89;9.9;49;0
ЮТэйр ао;60;20170221;160000;9.91;9.92;9.91;9.92;2;0
ЮТэйр ао;60;20170221;170000;9.93;10.07;9.93;10.07;69;0
ЮТэйр ао;60;20170221;180000;10.08;10.12;10.02;10.12;75;0
ЮТэйр ао;60;20170222;100000;10.12;10.12;10.01;10.06;22;0
ЮТэйр ао;60;20170222;110000;10.04;10.04;9.95;9.95;54;0
ЮТэйр ао;60;20170222;140000;9.98;9.98;9.98;9.98;1;0
ЮТэйр ао;60;20170222;150000;9.97;9.97;9.96;9.96;2;0
ЮТэйр ао;60;20170222;160000;9.93;9.93;9.9;9.9;7;0
ЮТэйр ао;60;20170222;170000;9.85;9.92;9.85;9.92;47;0
ЮТэйр ао;60;20170222;180000;9.92;9.92;9.91;9.91;23;0
ЮТэйр ао;60;20170224;110000;9.87;9.89;9.83;9.83;9;0
ЮТэйр ао;60;20170224;120000;9.88;9.88;9.88;9.88;1;0
ЮТэйр ао;60;20170224;140000;9.89;9.89;9.89;9.89;1;0
ЮТэйр ао;60;20170224;150000;9.89;9.93;9.89;9.93;36;0
ЮТэйр ао;60;20170224;160000;9.87;9.87;9.87;9.87;2;0
ЮТэйр ао;60;20170224;170000;9.9;9.9;9.9;9.9;3;0
ЮТэйр ао;60;20170224;180000;9.9;10.07;9.9;10.07;501;0
ЮТэйр ао;60;20170227;100000;9.99;10.07;9.93;10.07;163;0
ЮТэйр ао;60;20170227;110000;10;10.07;10;10.07;102;0
ЮТэйр ао;60;20170227;160000;10.06;10.1;10.06;10.1;298;0
ЮТэйр ао;60;20170227;170000;9.93;10.01;9.81;10;173;0
ЮТэйр ао;60;20170227;180000;10.05;10.1;10.01;10.08;656;0
ЮТэйр ао;60;20170228;100000;9.92;9.92;9.92;9.92;6;0
ЮТэйр ао;60;20170228;110000;9.93;9.94;9.61;9.94;24;0
ЮТэйр ао;60;20170228;120000;9.94;9.95;9.83;9.83;15;0
ЮТэйр ао;60;20170228;130000;9.83;9.87;9.8;9.87;23;0
ЮТэйр ао;60;20170228;140000;9.92;9.93;9.8;9.8;40;0
ЮТэйр ао;60;20170228;150000;9.8;9.95;9.8;9.95;102;0
ЮТэйр ао;60;20170228;160000;9.95;9.95;9.95;9.95;83;0
ЮТэйр ао;60;20170228;170000;9.95;9.95;9.95;9.95;4;0
ЮТэйр ао;60;20170228;180000;9.95;10;9.95;10;184;0
ЮТэйр ао;60;20170301;100000;9.99;10;9.99;10;45;0
ЮТэйр ао;60;20170301;110000;9.91;10;9.85;10;46;0
ЮТэйр ао;60;20170301;120000;9.92;9.92;9.88;9.88;70;0
ЮТэйр ао;60;20170301;140000;9.86;9.86;9.86;9.86;1;0
ЮТэйр ао;60;20170301;160000;9.9;9.91;9.9;9.91;5;0
ЮТэйр ао;60;20170301;170000;9.97;10;9.97;10;71;0
ЮТэйр ао;60;20170301;180000;9.99;10.05;9.99;10;26;0
ЮТэйр ао;60;20170302;110000;10.01;10.01;10.01;10.01;1;0
ЮТэйр ао;60;20170302;120000;10.01;10.01;10.01;10.01;5;0
ЮТэйр ао;60;20170302;130000;10.01;10.01;9.92;9.92;5;0
ЮТэйр ао;60;20170302;140000;10;10.08;10;10.08;22;0
ЮТэйр ао;60;20170302;150000;10.01;10.01;10.01;10.01;19;0
ЮТэйр ао;60;20170302;160000;10.08;10.08;10;10;19;0
ЮТэйр ао;60;20170302;170000;9.92;9.93;9.92;9.93;4;0
ЮТэйр ао;60;20170302;180000;9.99;9.99;9.91;9.91;6;0
ЮТэйр ао;60;20170303;100000;9.98;10;9.89;9.91;28;0
ЮТэйр ао;60;20170303;110000;9.95;9.99;9.95;9.99;116;0
ЮТэйр ао;60;20170303;120000;9.98;9.98;9.98;9.98;7;0
ЮТэйр ао;60;20170303;130000;9.99;9.99;9.99;9.99;90;0
ЮТэйр ао;60;20170303;140000;9.98;10.11;9.98;9.99;291;0
ЮТэйр ао;60;20170303;150000;10.09;10.09;10.09;10.09;1;0
ЮТэйр ао;60;20170303;160000;10.06;10.08;10.01;10.01;31;0
ЮТэйр ао;60;20170303;170000;10.02;10.15;10.02;10.15;219;0
ЮТэйр ао;60;20170303;180000;10.15;10.2;10.14;10.2;116;0
ЮТэйр ао;60;20170306;110000;10.09;10.09;10.08;10.08;31;0
ЮТэйр ао;60;20170306;120000;10.08;10.08;10.05;10.05;419;0
ЮТэйр ао;60;20170306;150000;10.07;10.07;10.07;10.07;4;0
ЮТэйр ао;60;20170306;170000;10.07;10.1;10.07;10.1;3;0
ЮТэйр ао;60;20170307;100000;10;10.15;9.99;10;9;0
ЮТэйр ао;60;20170307;110000;10;10;10;10;5;0
ЮТэйр ао;60;20170307;120000;10.06;10.08;9.99;9.99;101;0
ЮТэйр ао;60;20170307;130000;10.01;10.01;9.96;9.97;14;0
ЮТэйр ао;60;20170307;150000;10.06;10.09;10.06;10.09;22;0
ЮТэйр ао;60;20170307;160000;10;10;9.91;9.91;64;0
ЮТэйр ао;60;20170307;170000;9.96;9.97;9.91;9.91;118;0
ЮТэйр ао;60;20170307;180000;9.91;9.91;9.9;9.9;83;0
ЮТэйр ао;60;20170309;100000;9.87;9.93;9.81;9.81;63;0
ЮТэйр ао;60;20170309;110000;9.96;10.02;9.88;9.88;112;0
ЮТэйр ао;60;20170309;120000;9.9;9.9;9.86;9.86;9;0
ЮТэйр ао;60;20170309;130000;9.85;9.85;9.7;9.7;141;0
ЮТэйр ао;60;20170309;140000;9.75;9.75;9.75;9.75;30;0
ЮТэйр ао;60;20170309;150000;9.75;9.75;9.48;9.58;64;0
ЮТэйр ао;60;20170309;160000;9.69;9.7;9.68;9.68;31;0
ЮТэйр ао;60;20170309;180000;9.58;9.64;9.5;9.5;104;0
ЮТэйр ао;60;20170310;100000;9.53;9.58;9.22;9.52;212;0
ЮТэйр ао;60;20170310;110000;9.51;9.51;9.5;9.51;87;0
ЮТэйр ао;60;20170310;120000;9.4;9.49;9.31;9.49;24;0
ЮТэйр ао;60;20170310;130000;9.5;9.5;9.5;9.5;5;0
ЮТэйр ао;60;20170310;150000;9.5;9.5;9.5;9.5;1;0
ЮТэйр ао;60;20170310;160000;9.34;9.6;9.34;9.6;182;0
ЮТэйр ао;60;20170310;170000;9.61;9.61;9.61;9.61;10;0
ЮТэйр ао;60;20170310;180000;9.62;9.73;9.61;9.61;23;0
ЮТэйр ао;60;20170313;130000;9.67;9.67;9.67;9.67;4;0
ЮТэйр ао;60;20170313;150000;9.65;9.65;9.65;9.65;1;0
ЮТэйр ао;60;20170313;160000;9.7;9.7;9.7;9.7;1;0
ЮТэйр ао;60;20170313;170000;9.64;9.64;9.64;9.64;4;0
ЮТэйр ао;60;20170313;180000;9.79;9.79;9.71;9.71;21;0
ЮТэйр ао;60;20170314;110000;9.72;9.72;9.72;9.72;4;0
ЮТэйр ао;60;20170314;150000;9.81;9.82;9.81;9.82;25;0
ЮТэйр ао;60;20170314;160000;9.81;9.83;9.81;9.83;36;0
ЮТэйр ао;60;20170314;180000;9.83;9.83;9.83;9.83;1;0
ЮТэйр ао;60;20170315;100000;9.83;9.83;9.83;9.83;10;0
ЮТэйр ао;60;20170315;130000;9.73;9.73;9.73;9.73;2;0
ЮТэйр ао;60;20170315;150000;9.82;9.82;9.82;9.82;2;0
ЮТэйр ао;60;20170315;160000;9.75;9.75;9.75;9.75;1;0
ЮТэйр ао;60;20170315;180000;9.83;9.86;9.83;9.86;40;0
ЮТэйр ао;60;20170316;100000;9.86;9.9;9.86;9.9;16;0
ЮТэйр ао;60;20170316;110000;9.9;9.9;9.9;9.9;2;0
ЮТэйр ао;60;20170316;120000;9.94;9.94;9.94;9.94;4;0
ЮТэйр ао;60;20170316;130000;9.95;10.04;9.95;10.04;25;0
ЮТэйр ао;60;20170316;140000;9.98;9.98;9.98;9.98;22;0
ЮТэйр ао;60;20170316;170000;9.95;9.95;9.95;9.95;1;0
ЮТэйр ао;60;20170316;180000;9.9;9.95;9.9;9.95;75;0
ЮТэйр ао;60;20170317;100000;10.04;10.04;10.02;10.02;2;0
ЮТэйр ао;60;20170317;110000;9.95;10.03;9.95;10.03;80;0
ЮТэйр ао;60;20170317;120000;10.03;10.05;10.03;10.05;124;0
ЮТэйр ао;60;20170317;130000;10.05;10.05;10;10;47;0
ЮТэйр ао;60;20170317;140000;10;10;10;10;3;0
ЮТэйр ао;60;20170317;150000;10;10;10;10;2;0
ЮТэйр ао;60;20170317;160000;10;10;10;10;2;0
ЮТэйр ао;60;20170317;170000;10;10;9.97;9.97;30;0
ЮТэйр ао;60;20170317;180000;10;10;10;10;1;0
ЮТэйр ао;60;20170320;110000;9.95;9.95;9.86;9.86;43;0
ЮТэйр ао;60;20170320;120000;9.89;9.89;9.89;9.89;1;0
ЮТэйр ао;60;20170320;140000;9.89;9.89;9.89;9.89;3;0
ЮТэйр ао;60;20170320;170000;9.94;9.94;9.94;9.94;1;0
ЮТэйр ао;60;20170320;180000;10.04;10.04;10.04;10.04;1;0
ЮТэйр ао;60;20170321;100000;9.91;10.08;9.91;9.96;23;0
ЮТэйр ао;60;20170321;140000;9.97;9.97;9.97;9.97;10;0
ЮТэйр ао;60;20170321;180000;10.01;10.01;10.01;10.01;1;0
ЮТэйр ао;60;20170322;100000;9.82;9.88;9.81;9.88;43;0
ЮТэйр ао;60;20170322;120000;9.84;9.84;9.84;9.84;2;0
ЮТэйр ао;60;20170322;140000;9.95;9.95;9.95;9.95;1;0
ЮТэйр ао;60;20170322;180000;9.95;9.95;9.95;9.95;1;0
ЮТэйр ао;60;20170323;100000;9.96;9.96;9.96;9.96;9;0
ЮТэйр ао;60;20170323;110000;9.97;10;9.96;9.96;112;0
ЮТэйр ао;60;20170323;120000;9.97;9.97;9.97;9.97;8;0
ЮТэйр ао;60;20170323;140000;9.99;9.99;9.89;9.9;530;0
ЮТэйр ао;60;20170323;160000;9.97;9.97;9.97;9.97;1;0
ЮТэйр ао;60;20170323;180000;9.95;9.95;9.95;9.95;1;0
ЮТэйр ао;60;20170324;100000;9.9;9.92;9.9;9.92;24;0
ЮТэйр ао;60;20170324;110000;9.98;9.98;9.98;9.98;46;0
ЮТэйр ао;60;20170324;120000;9.93;9.93;9.9;9.9;109;0
ЮТэйр ао;60;20170324;160000;9.95;9.99;9.95;9.99;278;0
ЮТэйр ао;60;20170324;170000;9.98;9.98;9.98;9.98;56;0
ЮТэйр ао;60;20170324;180000;9.98;9.98;9.98;9.98;51;0
ЮТэйр ао;60;20170327;110000;9.99;10;9.89;9.89;44;0
ЮТэйр ао;60;20170327;120000;9.89;9.89;9.8;9.8;67;0
ЮТэйр ао;60;20170327;130000;9.79;9.79;9.79;9.79;2;0
ЮТэйр ао;60;20170327;140000;9.8;9.88;9.8;9.88;36;0
ЮТэйр ао;60;20170327;170000;9.89;9.89;9.89;9.89;3;0
ЮТэйр ао;60;20170328;100000;9.76;9.76;9.76;9.76;1;0
ЮТэйр ао;60;20170328;110000;9.83;9.84;9.83;9.84;2;0
ЮТэйр ао;60;20170328;130000;9.78;9.78;9.72;9.72;10;0
ЮТэйр ао;60;20170328;140000;9.72;9.72;9.68;9.7;82;0
ЮТэйр ао;60;20170328;150000;9.79;9.89;9.79;9.89;57;0
ЮТэйр ао;60;20170328;160000;9.81;9.81;9.8;9.8;20;0
ЮТэйр ао;60;20170328;180000;9.88;9.88;9.88;9.88;1;0
ЮТэйр ао;60;20170329;110000;9.87;9.88;9.87;9.88;5;0
ЮТэйр ао;60;20170329;120000;9.9;9.9;9.9;9.9;2;0
ЮТэйр ао;60;20170329;150000;9.82;9.82;9.79;9.79;6;0
ЮТэйр ао;60;20170329;170000;9.9;9.97;9.9;9.97;45;0
ЮТэйр ао;60;20170330;110000;9.99;10.07;9.99;10.07;5;0
ЮТэйр ао;60;20170330;140000;9.92;9.92;9.92;9.92;3;0
ЮТэйр ао;60;20170330;160000;9.96;9.96;9.91;9.94;34;0
ЮТэйр ао;60;20170330;180000;9.91;10;9.91;10;108;0
ЮТэйр ао;60;20170331;100000;9.9;9.9;9.9;9.9;37;0
ЮТэйр ао;60;20170331;110000;9.9;9.9;9.9;9.9;361;0
ЮТэйр ао;60;20170331;120000;9.97;9.97;9.97;9.97;4;0
ЮТэйр ао;60;20170331;160000;9.93;9.93;9.88;9.88;70;0
ЮТэйр ао;60;20170331;170000;9.88;9.89;9.88;9.89;4;0
ЮТэйр ао;60;20170331;180000;9.97;10;9.97;10;232;0
ЮТэйр ао;60;20170403;090000;10.01;10.01;10.01;10.01;51;0
ЮТэйр ао;60;20170403;100000;10.09;10.09;9.99;9.99;22;0
ЮТэйр ао;60;20170403;110000;10.07;10.36;10.07;10.36;445;0
ЮТэйр ао;60;20170403;120000;10.21;10.21;10.21;10.21;1;0
ЮТэйр ао;60;20170403;130000;10.21;10.21;10.21;10.21;2;0
ЮТэйр ао;60;20170403;140000;10.21;10.21;9.86;9.94;234;0
ЮТэйр ао;60;20170403;150000;9.94;10.03;9.9;10;11;0
ЮТэйр ао;60;20170403;160000;9.98;9.98;9.9;9.9;2;0
ЮТэйр ао;60;20170403;180000;9.87;10;9.87;9.99;105;0
ЮТэйр ао;60;20170404;100000;9.93;9.99;9.93;9.99;17;0
ЮТэйр ао;60;20170404;110000;9.9;9.9;9.8;9.81;177;0
ЮТэйр ао;60;20170404;120000;9.89;9.94;9.5;9.6;456;0
ЮТэйр ао;60;20170404;130000;9.7;9.79;9.7;9.79;100;0
ЮТэйр ао;60;20170404;140000;9.8;9.86;9.8;9.84;55;0
ЮТэйр ао;60;20170404;150000;9.82;9.82;9.82;9.82;1;0
ЮТэйр ао;60;20170404;170000;9.81;9.81;9.7;9.79;115;0
ЮТэйр ао;60;20170404;180000;9.76;9.81;9.76;9.81;51;0
ЮТэйр ао;60;20170405;120000;9.84;9.85;9.84;9.85;9;0
ЮТэйр ао;60;20170405;140000;9.85;9.85;9.85;9.85;4;0
ЮТэйр ао;60;20170405;160000;9.86;9.89;9.72;9.72;82;0
ЮТэйр ао;60;20170405;170000;9.8;9.8;9.8;9.8;4;0
ЮТэйр ао;60;20170406;140000;9.73;9.76;9.65;9.65;23;0
ЮТэйр ао;60;20170406;150000;9.64;9.64;9.59;9.6;150;0
ЮТэйр ао;60;20170406;160000;9.6;9.6;9.5;9.5;306;0
ЮТэйр ао;60;20170406;170000;9.57;9.57;9.54;9.55;13;0
ЮТэйр ао;60;20170406;180000;9.55;9.55;9.55;9.55;52;0
ЮТэйр ао;60;20170407;090000;9.6;9.6;9.6;9.6;5;0
ЮТэйр ао;60;20170407;100000;9.48;9.49;9.48;9.49;20;0
ЮТэйр ао;60;20170407;110000;9.48;9.5;9.46;9.49;50;0
ЮТэйр ао;60;20170407;130000;9.46;9.46;9.42;9.42;11;0
ЮТэйр ао;60;20170407;140000;9.41;9.41;9.41;9.41;10;0
ЮТэйр ао;60;20170407;150000;9.42;9.42;9.42;9.42;49;0
ЮТэйр ао;60;20170407;160000;9.52;9.57;9.52;9.57;4;0
ЮТэйр ао;60;20170410;100000;9.41;9.59;9.41;9.59;5;0
ЮТэйр ао;60;20170410;110000;9.59;9.59;9.59;9.59;2;0
ЮТэйр ао;60;20170410;120000;9.51;9.51;9.5;9.51;12;0
ЮТэйр ао;60;20170410;130000;9.5;9.5;9.5;9.5;1;0
ЮТэйр ао;60;20170410;140000;9.5;9.51;9.5;9.51;12;0
ЮТэйр ао;60;20170410;150000;9.6;9.68;9.55;9.55;52;0
ЮТэйр ао;60;20170410;170000;9.67;9.67;9.4;9.52;26;0
ЮТэйр ао;60;20170410;180000;9.55;9.69;9.55;9.69;31;0
ЮТэйр ао;60;20170411;100000;9.67;9.67;9.67;9.67;1;0
ЮТэйр ао;60;20170411;110000;9.6;9.6;9.54;9.54;12;0
ЮТэйр ао;60;20170411;140000;9.64;9.64;9.64;9.64;4;0
ЮТэйр ао;60;20170411;170000;9.68;9.68;9.6;9.67;3;0
ЮТэйр ао;60;20170412;110000;9.56;9.56;9.56;9.56;1;0
ЮТэйр ао;60;20170412;120000;9.55;9.55;9.41;9.41;27;0
ЮТэйр ао;60;20170412;130000;9.47;9.58;9.47;9.58;4;0
ЮТэйр ао;60;20170412;140000;9.43;9.43;6.43;9.2;686;0
ЮТэйр ао;60;20170412;150000;9.22;9.24;9.12;9.12;17;0
ЮТэйр ао;60;20170412;160000;9.13;9.37;8.76;9.09;536;0
ЮТэйр ао;60;20170412;170000;9.04;9.1;9.02;9.1;97;0
ЮТэйр ао;60;20170412;180000;9.1;9.11;9.1;9.1;43;0
ЮТэйр ао;60;20170413;100000;9.4;9.4;9.1;9.1;11;0
ЮТэйр ао;60;20170413;110000;9.16;9.16;9.16;9.16;1;0
ЮТэйр ао;60;20170413;130000;9.2;9.2;9.2;9.2;1;0
ЮТэйр ао;60;20170414;100000;9.16;9.16;9.16;9.16;1;0
ЮТэйр ао;60;20170414;130000;9.15;9.15;9.15;9.15;3;0
ЮТэйр ао;60;20170414;150000;8.99;9;8.99;9;2;0
ЮТэйр ао;60;20170414;160000;8.91;8.95;8.85;8.95;14;0
ЮТэйр ао;60;20170414;170000;9.01;9.01;8.92;8.93;16;0
ЮТэйр ао;60;20170414;180000;8.95;9.09;8.93;8.93;31;0
ЮТэйр ао;60;20170417;100000;8.73;8.91;8.71;8.91;85;0
ЮТэйр ао;60;20170417;110000;8.91;8.91;8.6;8.66;184;0
ЮТэйр ао;60;20170417;120000;8.71;8.75;8.24;8.64;147;0
ЮТэйр ао;60;20170417;130000;8.67;8.78;8.66;8.68;82;0
ЮТэйр ао;60;20170417;140000;8.65;8.65;8.65;8.65;2;0
ЮТэйр ао;60;20170417;150000;8.65;8.78;8.65;8.78;65;0
ЮТэйр ао;60;20170417;160000;8.75;8.75;8.71;8.71;2;0
ЮТэйр ао;60;20170417;170000;8.79;8.8;8.79;8.8;12;0
ЮТэйр ао;60;20170418;150000;8.9;8.98;8.9;8.98;24;0
ЮТэйр ао;60;20170418;160000;8.98;8.98;8.98;8.98;1;0
ЮТэйр ао;60;20170418;170000;9;9.01;9;9.01;7;0
ЮТэйр ао;60;20170418;180000;9.01;9.01;9;9;16;0
ЮТэйр ао;60;20170419;100000;9.15;9.15;9.15;9.15;1;0
ЮТэйр ао;60;20170419;110000;8.91;8.91;8.9;8.91;10;0
ЮТэйр ао;60;20170419;180000;8.98;9.07;8.86;8.89;43;0
ЮТэйр ао;60;20170420;140000;8.97;8.97;8.97;8.97;2;0
ЮТэйр ао;60;20170420;150000;8.69;8.83;8.69;8.83;8;0
ЮТэйр ао;60;20170420;160000;8.66;8.76;8.45;8.69;62;0
ЮТэйр ао;60;20170420;170000;8.61;8.79;8.61;8.79;26;0
ЮТэйр ао;60;20170420;180000;8.8;9.1;8.8;9.1;171;0
ЮТэйр ао;60;20170421;140000;9;9;9;9;1;0
ЮТэйр ао;60;20170421;150000;8.89;8.89;8.89;8.89;7;0
ЮТэйр ао;60;20170421;160000;8.89;8.89;8.89;8.89;19;0
ЮТэйр ао;60;20170424;100000;8.99;8.99;8.98;8.98;2;0
ЮТэйр ао;60;20170424;110000;8.79;8.79;8.75;8.75;39;0
ЮТэйр ао;60;20170424;130000;8.74;8.75;8.74;8.75;3;0
ЮТэйр ао;60;20170424;150000;8.74;8.74;8.67;8.7;80;0
ЮТэйр ао;60;20170424;160000;8.7;8.7;8.7;8.7;71;0
ЮТэйр ао;60;20170424;170000;8.69;8.7;8.69;8.7;37;0
ЮТэйр ао;60;20170424;180000;8.65;8.88;8.65;8.88;474;0
ЮТэйр ао;60;20170425;100000;8.68;8.83;8.65;8.83;12;0
ЮТэйр ао;60;20170425;150000;8.81;8.83;8.81;8.81;25;0
ЮТэйр ао;60;20170425;160000;8.85;8.85;8.85;8.85;30;0
ЮТэйр ао;60;20170425;180000;8.87;8.89;8.87;8.89;25;0
ЮТэйр ао;60;20170426;110000;8.87;8.87;8.85;8.85;67;0
ЮТэйр ао;60;20170426;120000;8.77;8.77;8.77;8.77;18;0
ЮТэйр ао;60;20170426;160000;8.9;8.96;8.9;8.96;32;0
ЮТэйр ао;60;20170426;170000;8.96;8.99;8.96;8.99;8;0
ЮТэйр ао;60;20170426;180000;8.95;8.95;8.9;8.9;7;0
ЮТэйр ао;60;20170427;130000;8.88;8.89;8.81;8.81;100;0
ЮТэйр ао;60;20170427;150000;9;9.07;9;9.06;86;0
ЮТэйр ао;60;20170427;160000;9.1;9.14;9.1;9.13;13;0
ЮТэйр ао;60;20170427;170000;9.13;9.15;9.1;9.1;64;0
ЮТэйр ао;60;20170427;180000;9.06;9.06;9.06;9.06;5;0
ЮТэйр ао;60;20170428;100000;9.18;9.25;9.18;9.25;40;0
ЮТэйр ао;60;20170428;110000;9.19;9.19;9.19;9.19;6;0
ЮТэйр ао;60;20170428;120000;9.2;9.4;9.2;9.3;57;0
ЮТэйр ао;60;20170428;130000;9.29;9.29;9.28;9.28;3;0
ЮТэйр ао;60;20170428;140000;9.38;9.38;9.28;9.28;3;0
ЮТэйр ао;60;20170428;150000;9.35;9.4;9.35;9.4;34;0
ЮТэйр ао;60;20170428;160000;9.44;9.44;9.44;9.44;2;0
ЮТэйр ао;60;20170428;170000;9.42;9.44;9.42;9.44;9;0
ЮТэйр ао;60;20170502;100000;9.47;9.55;9.47;9.55;61;0
ЮТэйр ао;60;20170502;110000;9.13;9.54;9.13;9.54;30;0
ЮТэйр ао;60;20170502;180000;9.24;9.43;9.24;9.43;2;0
ЮТэйр ао;60;20170503;110000;9.55;9.55;9.13;9.25;39;0
ЮТэйр ао;60;20170503;130000;9.12;9.12;9.01;9.01;6;0
ЮТэйр ао;60;20170503;140000;9.16;9.35;9.16;9.35;24;0
ЮТэйр ао;60;20170503;150000;9.4;9.4;9;9.03;140;0
ЮТэйр ао;60;20170503;160000;9.01;9.01;8.8;9;124;0
ЮТэйр ао;60;20170503;170000;9;9.02;9;9;20;0
ЮТэйр ао;60;20170504;100000;8.77;9.08;8.77;8.97;15;0
ЮТэйр ао;60;20170504;110000;9.06;9.07;9.03;9.03;5;0
ЮТэйр ао;60;20170504;130000;9;9;9;9;1;0
ЮТэйр ао;60;20170505;100000;9.01;9.01;9;9;8;0
ЮТэйр ао;60;20170505;110000;9;9;9;9;1;0
ЮТэйр ао;60;20170505;140000;8.92;8.98;8.9;8.98;24;0
ЮТэйр ао;60;20170505;160000;9;9.04;9;9.04;38;0
ЮТэйр ао;60;20170510;160000;9.21;9.21;9.21;9.21;2;0
ЮТэйр ао;60;20170511;100000;9.11;9.11;9.11;9.11;8;0
ЮТэйр ао;60;20170511;140000;9.11;9.16;9.11;9.16;30;0
ЮТэйр ао;60;20170511;160000;9.18;9.18;9.18;9.18;6;0
ЮТэйр ао;60;20170512;110000;9.01;9.02;9;9.02;8;0
ЮТэйр ао;60;20170512;140000;9.02;9.02;9.02;9.02;20;0
ЮТэйр ао;60;20170512;150000;9.01;9.01;9.01;9.01;1;0
ЮТэйр ао;60;20170512;160000;9.01;9.12;9.01;9.12;31;0
ЮТэйр ао;60;20170512;170000;8.99;8.99;8.96;8.96;9;0
ЮТэйр ао;60;20170512;180000;9.01;9.01;9.01;9.01;4;0
ЮТэйр ао;60;20170515;120000;9.01;9.01;8.99;8.99;23;0
ЮТэйр ао;60;20170515;170000;9;9;9;9;2;0
ЮТэйр ао;60;20170515;180000;8.99;8.99;8.99;8.99;1;0
ЮТэйр ао;60;20170516;110000;9.13;9.14;9.06;9.14;8;0
ЮТэйр ао;60;20170516;120000;9.01;9.01;8.8;8.91;146;0
ЮТэйр ао;60;20170516;140000;8.8;8.8;8.8;8.8;2;0
ЮТэйр ао;60;20170516;150000;8.81;8.89;8.8;8.89;112;0
ЮТэйр ао;60;20170516;160000;8.89;8.89;8.89;8.89;1;0
ЮТэйр ао;60;20170516;170000;8.86;8.89;8.78;8.78;38;0
ЮТэйр ао;60;20170516;180000;8.78;8.89;8.73;8.89;10;0
ЮТэйр ао;60;20170517;120000;8.79;8.79;8.79;8.79;5;0
ЮТэйр ао;60;20170517;130000;8.84;8.85;8.83;8.85;3;0
ЮТэйр ао;60;20170517;170000;8.88;8.94;8.88;8.94;30;0
ЮТэйр ао;60;20170518;110000;8.79;8.9;8.79;8.9;20;0
ЮТэйр ао;60;20170519;100000;8.75;8.81;8.69;8.74;51;0
ЮТэйр ао;60;20170519;120000;8.73;8.73;8.73;8.73;1;0
ЮТэйр ао;60;20170519;140000;8.73;8.73;8.64;8.64;6;0
ЮТэйр ао;60;20170519;150000;8.64;8.64;8.64;8.64;56;0
ЮТэйр ао;60;20170519;160000;8.63;8.64;8.55;8.62;115;0
ЮТэйр ао;60;20170519;170000;8.56;8.56;8.55;8.55;40;0
ЮТэйр ао;60;20170519;180000;8.61;8.64;8.61;8.64;32;0
ЮТэйр ао;60;20170522;100000;8.74;8.74;8.52;8.56;20;0
ЮТэйр ао;60;20170522;110000;8.53;8.6;8.53;8.58;35;0
ЮТэйр ао;60;20170522;120000;8.58;8.6;8.41;8.41;89;0
ЮТэйр ао;60;20170522;130000;8.41;8.59;8.41;8.59;31;0
ЮТэйр ао;60;20170522;150000;8.58;8.58;8.57;8.57;7;0
ЮТэйр ао;60;20170522;160000;8.58;8.6;8.18;8.18;1029;0
ЮТэйр ао;60;20170522;170000;8.22;8.78;8.22;8.78;150;0
ЮТэйр ао;60;20170522;180000;8.77;8.77;8.6;8.6;39;0
ЮТэйр ао;60;20170523;100000;8.64;8.68;8.64;8.68;18;0
ЮТэйр ао;60;20170523;120000;8.68;8.68;8.68;8.68;12;0
ЮТэйр ао;60;20170523;150000;8.58;8.58;8.58;8.58;2;0
ЮТэйр ао;60;20170523;160000;8.64;8.64;8.6;8.6;12;0
ЮТэйр ао;60;20170523;170000;8.6;8.6;8.6;8.6;21;0
ЮТэйр ао;60;20170523;180000;8.6;8.6;8.6;8.6;4;0
ЮТэйр ао;60;20170524;100000;8.65;8.65;8.65;8.65;1;0
ЮТэйр ао;60;20170524;110000;8.6;8.61;8.6;8.61;4;0
ЮТэйр ао;60;20170524;130000;8.73;8.8;8.73;8.8;15;0
ЮТэйр ао;60;20170524;140000;8.79;8.79;8.79;8.79;1;0
ЮТэйр ао;60;20170524;150000;8.65;8.66;8.65;8.66;4;0
ЮТэйр ао;60;20170524;170000;8.63;8.63;8.52;8.52;81;0
ЮТэйр ао;60;20170524;180000;8.55;8.55;8.55;8.55;5;0
ЮТэйр ао;60;20170525;100000;8.52;8.54;8.01;8.5;1319;0
ЮТэйр ао;60;20170525;110000;8.24;8.27;7.99;8.16;561;0
ЮТэйр ао;60;20170525;120000;8.21;8.43;8.2;8.39;99;0
ЮТэйр ао;60;20170525;130000;8.38;8.4;8.38;8.4;8;0
ЮТэйр ао;60;20170525;140000;8.4;8.4;8.37;8.37;12;0
ЮТэйр ао;60;20170525;150000;8.35;8.35;8.25;8.25;20;0
ЮТэйр ао;60;20170525;160000;8.26;8.32;8;8.12;503;0
ЮТэйр ао;60;20170525;170000;8.1;8.19;7.99;8.19;195;0
ЮТэйр ао;60;20170525;180000;8.11;8.17;8.1;8.13;84;0
ЮТэйр ао;60;20170526;100000;8.13;8.13;8.13;8.13;10;0
ЮТэйр ао;60;20170526;110000;8.01;8.03;8;8.03;11;0
ЮТэйр ао;60;20170526;120000;8.08;8.08;8.08;8.08;2;0
ЮТэйр ао;60;20170526;130000;8.04;8.04;8.03;8.03;155;0
ЮТэйр ао;60;20170526;140000;8;8.05;7.99;8.05;58;0
ЮТэйр ао;60;20170526;150000;8.07;8.07;8.01;8.01;10;0
ЮТэйр ао;60;20170526;160000;8.07;8.07;8.07;8.07;9;0
ЮТэйр ао;60;20170526;170000;8.07;8.07;8.01;8.01;6;0
ЮТэйр ао;60;20170526;180000;8.07;8.07;7.99;8.07;107;0
ЮТэйр ао;60;20170529;100000;8;8;7.99;7.99;44;0
ЮТэйр ао;60;20170529;110000;7.98;8.08;7.98;8.05;138;0
ЮТэйр ао;60;20170529;120000;8.01;8.01;7.95;7.95;63;0
ЮТэйр ао;60;20170529;140000;8.07;8.07;8.07;8.07;1;0
ЮТэйр ао;60;20170529;170000;7.99;8.09;7.99;8.08;53;0
ЮТэйр ао;60;20170530;100000;7.97;7.98;7.8;7.8;119;0
ЮТэйр ао;60;20170530;110000;7.89;7.98;7.8;7.89;103;0
ЮТэйр ао;60;20170530;120000;7.88;7.88;7.8;7.8;41;0
ЮТэйр ао;60;20170530;130000;7.91;7.92;7.85;7.85;10;0
ЮТэйр ао;60;20170530;140000;7.85;7.85;7.85;7.85;29;0
ЮТэйр ао;60;20170530;150000;7.94;7.99;7.94;7.99;253;0
ЮТэйр ао;60;20170530;170000;7.91;7.98;7.88;7.98;75;0
ЮТэйр ао;60;20170530;180000;7.97;7.97;7.95;7.95;8;0
ЮТэйр ао;60;20170531;100000;7.97;7.98;7.97;7.98;34;0
ЮТэйр ао;60;20170531;110000;7.98;7.98;7.78;7.8;40;0
ЮТэйр ао;60;20170531;120000;7.8;7.95;7.72;7.95;58;0
ЮТэйр ао;60;20170531;130000;7.95;7.95;7.8;7.8;7;0
ЮТэйр ао;60;20170531;140000;7.8;7.8;7.8;7.8;5;0
ЮТэйр ао;60;20170531;150000;7.78;7.78;7.78;7.78;1;0
ЮТэйр ао;60;20170531;160000;7.85;7.99;7.85;7.95;411;0
ЮТэйр ао;60;20170531;170000;7.97;8;7.95;8;104;0
ЮТэйр ао;60;20170531;180000;8;8;8;8;3;0
ЮТэйр ао;60;20170601;100000;8.04;8.04;8.02;8.03;57;0
ЮТэйр ао;60;20170601;110000;8.03;8.03;7.88;7.88;10;0
ЮТэйр ао;60;20170601;120000;7.87;7.87;7.86;7.87;34;0
ЮТэйр ао;60;20170601;160000;7.94;7.94;7.94;7.94;5;0
ЮТэйр ао;60;20170601;180000;7.95;7.98;7.95;7.98;40;0
ЮТэйр ао;60;20170602;100000;7.82;7.84;7.61;7.84;92;0
ЮТэйр ао;60;20170602;110000;7.86;7.89;7.86;7.89;2;0
ЮТэйр ао;60;20170602;140000;7.86;8;7.86;8;11;0
ЮТэйр ао;60;20170602;160000;7.97;7.97;7.97;7.97;22;0
ЮТэйр ао;60;20170602;170000;7.86;8.09;7.86;8.08;33;0
ЮТэйр ао;60;20170602;180000;8.09;8.1;8.09;8.1;13;0
ЮТэйр ао;60;20170605;120000;8.09;8.09;7.63;7.63;65;0
ЮТэйр ао;60;20170605;130000;7.8;7.87;7.79;7.87;3;0
ЮТэйр ао;60;20170605;140000;7.86;7.86;7.86;7.86;4;0
ЮТэйр ао;60;20170605;150000;7.91;7.91;7.91;7.91;1;0
ЮТэйр ао;60;20170605;160000;7.97;7.98;7.97;7.98;10;0
ЮТэйр ао;60;20170606;100000;7.88;7.88;7.88;7.88;1;0
ЮТэйр ао;60;20170606;120000;7.96;7.97;7.96;7.97;50;0
ЮТэйр ао;60;20170606;160000;7.96;7.97;7.96;7.97;21;0
ЮТэйр ао;60;20170606;170000;7.97;7.97;7.9;7.9;41;0
ЮТэйр ао;60;20170606;180000;7.96;7.97;7.96;7.97;9;0
ЮТэйр ао;60;20170607;130000;8.05;8.06;8.05;8.06;2;0
ЮТэйр ао;60;20170607;150000;8.06;8.06;8.06;8.06;1;0
ЮТэйр ао;60;20170608;100000;8.08;8.08;8.08;8.08;2;0
ЮТэйр ао;60;20170608;130000;7.97;7.97;7.97;7.97;1;0
ЮТэйр ао;60;20170608;160000;7.99;7.99;7.99;7.99;1;0
ЮТэйр ао;60;20170608;170000;7.99;7.99;7.99;7.99;5;0
ЮТэйр ао;60;20170608;180000;8;8;8;8;1;0
ЮТэйр ао;60;20170609;100000;8.15;8.15;8.15;8.15;2;0
ЮТэйр ао;60;20170609;120000;7.9;7.9;7.9;7.9;1;0
ЮТэйр ао;60;20170609;140000;7.9;7.9;7.9;7.9;1;0
ЮТэйр ао;60;20170609;150000;8;8;8;8;1;0
ЮТэйр ао;60;20170609;160000;8;8;8;8;4;0
ЮТэйр ао;60;20170609;180000;7.98;7.98;7.98;7.98;2;0
ЮТэйр ао;60;20170613;110000;8.15;8.16;8.12;8.13;10;0
ЮТэйр ао;60;20170613;180000;7.95;8.09;7.95;8.09;31;0
ЮТэйр ао;60;20170614;100000;7.94;7.97;7.71;7.75;42;0
ЮТэйр ао;60;20170614;110000;7.8;7.8;7.73;7.73;20;0
ЮТэйр ао;60;20170614;130000;7.87;7.87;7.86;7.86;2;0
ЮТэйр ао;60;20170614;140000;7.87;7.88;7.87;7.88;2;0
ЮТэйр ао;60;20170614;160000;7.91;7.91;7.86;7.86;3;0
ЮТэйр ао;60;20170614;170000;7.85;7.97;7.84;7.97;8;0
ЮТэйр ао;60;20170614;180000;7.85;7.9;7.85;7.9;3;0
ЮТэйр ао;60;20170615;100000;7.77;7.77;7.1;7.58;356;0
ЮТэйр ао;60;20170615;110000;7.58;7.6;7.53;7.6;214;0
ЮТэйр ао;60;20170615;120000;7.6;7.61;7.35;7.61;324;0
ЮТэйр ао;60;20170615;130000;7.46;7.47;7.43;7.47;8;0
ЮТэйр ао;60;20170615;140000;7.43;7.43;7.3;7.3;70;0
ЮТэйр ао;60;20170615;150000;7.39;7.48;7.39;7.48;6;0
ЮТэйр ао;60;20170615;160000;7.49;7.5;7.49;7.5;112;0
ЮТэйр ао;60;20170615;170000;7.51;7.51;7.49;7.5;22;0
ЮТэйр ао;60;20170615;180000;7.5;7.76;7.5;7.74;135;0
ЮТэйр ао;60;20170616;100000;7.59;7.69;7.52;7.52;121;0
ЮТэйр ао;60;20170616;110000;7.53;7.69;7.51;7.57;85;0
ЮТэйр ао;60;20170616;120000;7.61;7.65;7.61;7.64;5;0
ЮТэйр ао;60;20170616;130000;7.6;7.6;7.6;7.6;1;0
ЮТэйр ао;60;20170616;140000;7.59;7.59;7.59;7.59;1;0
ЮТэйр ао;60;20170616;180000;7.63;7.64;7.63;7.64;3;0
ЮТэйр ао;60;20170619;090000;7.47;7.47;7.47;7.47;2;0
ЮТэйр ао;60;20170619;100000;7.47;7.76;7.47;7.76;11;0
ЮТэйр ао;60;20170619;110000;7.89;7.92;7.68;7.92;298;0
ЮТэйр ао;60;20170619;120000;7.91;7.91;7.89;7.89;39;0
ЮТэйр ао;60;20170619;130000;7.88;7.9;7.88;7.9;12;0
ЮТэйр ао;60;20170619;140000;7.9;7.9;7.9;7.9;34;0
ЮТэйр ао;60;20170619;150000;7.91;7.92;7.9;7.92;7;0
ЮТэйр ао;60;20170619;160000;7.93;7.95;7.93;7.93;4;0
ЮТэйр ао;60;20170619;170000;7.91;7.96;7.9;7.95;38;0
ЮТэйр ао;60;20170619;180000;7.97;7.97;7.95;7.95;2;0
ЮТэйр ао;60;20170620;100000;7.95;8.08;7.95;8.08;49;0
ЮТэйр ао;60;20170620;110000;8.01;8.01;8;8;36;0
ЮТэйр ао;60;20170620;150000;8;8;8;8;30;0
ЮТэйр ао;60;20170620;160000;8;8;8;8;35;0
ЮТэйр ао;60;20170620;170000;8.07;8.07;8.01;8.01;3;0
ЮТэйр ао;60;20170621;100000;8.01;8.02;8;8;10;0
ЮТэйр ао;60;20170621;110000;8;8;8;8;196;0
ЮТэйр ао;60;20170621;120000;7.98;8.1;7.98;8.1;101;0
ЮТэйр ао;60;20170621;140000;8.01;8.01;8.01;8.01;1;0
ЮТэйр ао;60;20170621;150000;8.01;8.01;8.01;8.01;1;0
ЮТэйр ао;60;20170621;160000;8.04;8.04;8;8;208;0
ЮТэйр ао;60;20170621;170000;8.01;8.01;8;8;21;0
ЮТэйр ао;60;20170621;180000;8.03;8.06;8.03;8.06;8;0
ЮТэйр ао;60;20170622;100000;7.85;8.06;7.84;7.99;13;0
ЮТэйр ао;60;20170622;120000;7.99;7.99;7.96;7.96;153;0
ЮТэйр ао;60;20170622;130000;7.99;8;7.99;8;86;0
ЮТэйр ао;60;20170623;100000;8.07;8.13;8.07;8.1;11;0
ЮТэйр ао;60;20170623;110000;8.1;8.1;8;8;63;0
ЮТэйр ао;60;20170623;130000;8.08;8.08;8.08;8.08;1;0
ЮТэйр ао;60;20170623;150000;8.07;8.07;8.04;8.05;5;0
ЮТэйр ао;60;20170623;180000;8.06;8.1;8.03;8.03;78;0
ЮТэйр ао;60;20170626;110000;8.03;8.05;7.92;8;25;0
ЮТэйр ао;60;20170626;120000;7.99;7.99;7.99;7.99;3;0
ЮТэйр ао;60;20170626;150000;7.99;7.99;7.82;7.93;40;0
ЮТэйр ао;60;20170626;170000;7.93;8;7.93;8;92;0
ЮТэйр ао;60;20170626;180000;8.01;8.03;8;8;12;0
ЮТэйр ао;60;20170627;100000;8;8.03;8;8.03;2;0
ЮТэйр ао;60;20170627;110000;8.04;8.06;7.98;7.98;15;0
ЮТэйр ао;60;20170627;150000;8.03;8.07;8.03;8.07;6;0
ЮТэйр ао;60;20170627;160000;8.06;8.06;8.06;8.06;1;0
ЮТэйр ао;60;20170627;170000;8.03;8.08;8.01;8.08;15;0
ЮТэйр ао;60;20170627;180000;8.08;8.14;8.08;8.14;9;0
ЮТэйр ао;60;20170628;100000;8.16;8.23;8.15;8.15;38;0
ЮТэйр ао;60;20170628;110000;8.14;8.14;8.14;8.14;21;0
ЮТэйр ао;60;20170628;120000;8.14;8.22;8.14;8.22;45;0
ЮТэйр ао;60;20170628;140000;8.14;8.16;8.14;8.16;4;0
ЮТэйр ао;60;20170628;150000;8.17;8.2;8.17;8.2;24;0
ЮТэйр ао;60;20170628;160000;8.21;8.24;8.21;8.24;22;0
ЮТэйр ао;60;20170628;170000;8.21;8.24;8.21;8.24;3;0
ЮТэйр ао;60;20170629;100000;8.21;8.34;8.2;8.27;123;0
ЮТэйр ао;60;20170629;110000;8.27;8.3;8.27;8.3;21;0
ЮТэйр ао;60;20170629;120000;8.3;8.3;8.3;8.3;9;0
ЮТэйр ао;60;20170629;170000;8.3;8.32;8.3;8.32;48;0
ЮТэйр ао;60;20170629;180000;8.32;8.32;8.32;8.32;172;0
ЮТэйр ао;60;20170630;100000;8.3;8.3;8.27;8.28;21;0
ЮТэйр ао;60;20170630;110000;8.26;8.27;8.21;8.27;12;0
ЮТэйр ао;60;20170630;120000;8.27;8.27;7.9;8;216;0
ЮТэйр ао;60;20170630;130000;7.99;7.99;7.98;7.98;22;0
ЮТэйр ао;60;20170630;140000;7.99;7.99;7.97;7.97;3;0
ЮТэйр ао;60;20170630;150000;7.98;7.99;7.76;7.98;29;0
ЮТэйр ао;60;20170630;160000;7.99;7.99;7.99;7.99;1;0
ЮТэйр ао;60;20170630;170000;7.99;7.99;7.99;7.99;16;0
ЮТэйр ао;60;20170703;100000;8;8.02;8;8.02;4;0
ЮТэйр ао;60;20170703;110000;8;8.01;7.88;7.88;52;0
ЮТэйр ао;60;20170703;120000;7.86;7.88;7.86;7.88;4;0
ЮТэйр ао;60;20170703;140000;7.84;7.84;7.84;7.84;5;0
ЮТэйр ао;60;20170703;160000;7.88;7.9;7.88;7.9;220;0
ЮТэйр ао;60;20170703;170000;7.84;7.84;7.84;7.84;1;0
ЮТэйр ао;60;20170703;180000;7.89;7.9;7.89;7.9;112;0
ЮТэйр ао;60;20170704;110000;7.93;7.93;7.91;7.91;10;0
ЮТэйр ао;60;20170704;120000;8.02;8.06;8;8;5;0
ЮТэйр ао;60;20170704;140000;8.04;8.19;8.04;8.08;30;0
ЮТэйр ао;60;20170704;180000;8.09;8.09;8.09;8.09;3;0
ЮТэйр ао;60;20170705;100000;8.1;8.1;8.1;8.1;1;0
ЮТэйр ао;60;20170705;120000;8.11;8.25;8.04;8.04;20;0
ЮТэйр ао;60;20170705;160000;8.06;8.06;8.05;8.05;16;0
ЮТэйр ао;60;20170705;170000;8.05;8.05;8.04;8.04;45;0
ЮТэйр ао;60;20170705;180000;8.11;8.11;8.11;8.11;1;0
ЮТэйр ао;60;20170706;100000;8.06;8.06;8.06;8.06;1;0
ЮТэйр ао;60;20170706;120000;8.05;8.05;7.9;7.94;89;0
ЮТэйр ао;60;20170706;130000;7.92;7.92;7.85;7.92;10;0
ЮТэйр ао;60;20170706;140000;7.82;7.93;7.8;7.8;90;0
ЮТэйр ао;60;20170706;150000;7.85;7.87;7.54;7.54;186;0
ЮТэйр ао;60;20170706;160000;7.64;7.8;7.64;7.8;47;0
ЮТэйр ао;60;20170706;170000;7.8;7.8;7.8;7.8;4;0
ЮТэйр ао;60;20170706;180000;7.8;7.8;7.74;7.75;16;0
ЮТэйр ао;60;20170707;100000;7.87;7.87;7.87;7.87;1;0
ЮТэйр ао;60;20170707;120000;7.88;7.88;7.88;7.88;2;0
ЮТэйр ао;60;20170707;130000;7.88;7.88;7.88;7.88;11;0
ЮТэйр ао;60;20170707;160000;7.88;7.88;7.88;7.88;10;0
ЮТэйр ао;60;20170707;180000;7.89;7.89;7.89;7.89;2;0
ЮТэйр ао;60;20170710;100000;7.99;7.99;7.99;7.99;1;0
ЮТэйр ао;60;20170710;110000;7.9;7.9;7.74;7.74;14;0
ЮТэйр ао;60;20170710;120000;7.82;7.96;7.82;7.96;13;0
ЮТэйр ао;60;20170710;130000;7.83;7.83;7.81;7.82;37;0
ЮТэйр ао;60;20170710;140000;7.82;7.82;7.82;7.82;1;0
ЮТэйр ао;60;20170710;150000;7.85;7.9;7.85;7.9;15;0
ЮТэйр ао;60;20170710;160000;7.81;7.81;7.8;7.8;26;0
ЮТэйр ао;60;20170710;180000;7.87;7.87;7.87;7.87;1;0
ЮТэйр ао;60;20170711;110000;7.79;7.8;7.79;7.8;2;0
ЮТэйр ао;60;20170711;120000;7.74;7.75;7.64;7.64;29;0
ЮТэйр ао;60;20170711;130000;7.72;7.76;7.72;7.76;4;0
ЮТэйр ао;60;20170711;150000;7.76;7.76;7.76;7.76;1;0
ЮТэйр ао;60;20170711;160000;7.76;7.85;7.76;7.85;21;0
ЮТэйр ао;60;20170711;170000;7.91;7.92;7.91;7.92;24;0
ЮТэйр ао;60;20170711;180000;7.9;7.9;7.9;7.9;1;0
ЮТэйр ао;60;20170712;130000;7.85;7.85;7.85;7.85;4;0
ЮТэйр ао;60;20170712;150000;7.93;7.94;7.93;7.94;6;0
ЮТэйр ао;60;20170712;160000;7.8;7.81;7.72;7.8;44;0
ЮТэйр ао;60;20170712;170000;7.8;7.8;7.8;7.8;1;0
ЮТэйр ао;60;20170712;180000;7.81;8;7.81;8;179;0
ЮТэйр ао;60;20170713;100000;8.01;8.01;8.01;8.01;2;0
ЮТэйр ао;60;20170713;110000;8.02;8.02;8.02;8.02;6;0
ЮТэйр ао;60;20170713;140000;8.06;8.06;8.06;8.06;1;0
ЮТэйр ао;60;20170713;150000;8.07;8.07;8.01;8.01;36;0
ЮТэйр ао;60;20170713;180000;8.05;8.05;8.05;8.05;1;0
ЮТэйр ао;60;20170714;110000;8.05;8.07;8.05;8.07;3;0
ЮТэйр ао;60;20170714;120000;8.03;8.03;7.99;7.99;33;0
ЮТэйр ао;60;20170714;140000;8.04;8.1;8.04;8.1;92;0
ЮТэйр ао;60;20170714;150000;8.1;8.3;8.01;8.3;66;0
ЮТэйр ао;60;20170714;160000;8.09;8.09;8.07;8.07;8;0
ЮТэйр ао;60;20170714;180000;8.15;8.2;8.15;8.16;31;0
ЮТэйр ао;60;20170717;120000;8.17;8.17;8.17;8.17;1;0
ЮТэйр ао;60;20170717;140000;8.01;8.01;8;8;10;0
ЮТэйр ао;60;20170717;160000;8.14;8.14;8.14;8.14;1;0
ЮТэйр ао;60;20170718;130000;8.06;8.06;8.06;8.06;9;0
ЮТэйр ао;60;20170718;140000;8.14;8.2;8.14;8.2;21;0
ЮТэйр ао;60;20170718;150000;8.19;8.2;8.19;8.2;3;0
ЮТэйр ао;60;20170718;160000;8.2;8.2;8.2;8.2;25;0
ЮТэйр ао;60;20170718;170000;8.2;8.2;8.2;8.2;1;0
ЮТэйр ао;60;20170719;100000;7.97;8.03;7.95;8;166;0
ЮТэйр ао;60;20170719;110000;8;8;8;8;6;0
ЮТэйр ао;60;20170719;120000;8;8.1;8;8.1;16;0
ЮТэйр ао;60;20170719;130000;8.09;8.09;8.09;8.09;1;0
ЮТэйр ао;60;20170719;150000;8.05;8.05;8.05;8.05;39;0
ЮТэйр ао;60;20170719;160000;8.06;8.06;8.06;8.06;9;0
ЮТэйр ао;60;20170720;110000;8.09;8.16;8.09;8.16;13;0
ЮТэйр ао;60;20170720;140000;8.1;8.16;8.1;8.16;9;0
ЮТэйр ао;60;20170720;150000;8.16;8.16;8.11;8.11;5;0
ЮТэйр ао;60;20170721;100000;7.97;7.97;7.96;7.96;2;0
ЮТэйр ао;60;20170721;120000;8.03;8.03;8;8;3;0
ЮТэйр ао;60;20170721;140000;8;8;7.53;7.8;268;0
ЮТэйр ао;60;20170721;170000;7.81;7.81;7.8;7.8;2;0
ЮТэйр ао;60;20170721;180000;7.9;7.9;7.85;7.85;3;0
ЮТэйр ао;60;20170724;110000;7.88;7.96;7.88;7.96;50;0
ЮТэйр ао;60;20170724;130000;7.9;7.9;7.9;7.9;1;0
ЮТэйр ао;60;20170724;160000;7.9;8.02;7.9;8.02;5;0
ЮТэйр ао;60;20170725;110000;7.92;7.92;7.84;7.84;12;0
ЮТэйр ао;60;20170725;140000;7.98;8.05;7.98;8.05;80;0
ЮТэйр ао;60;20170725;150000;8.08;8.1;8.08;8.1;20;0
ЮТэйр ао;60;20170726;140000;7.98;7.98;7.98;7.98;10;0
ЮТэйр ао;60;20170726;150000;8.02;8.02;8.01;8.02;8;0
ЮТэйр ао;60;20170726;160000;8.01;8.17;8.01;8.17;21;0
ЮТэйр ао;60;20170727;120000;8.16;8.17;8.09;8.17;15;0
ЮТэйр ао;60;20170727;130000;8.17;8.17;8.16;8.16;5;0
ЮТэйр ао;60;20170727;150000;8.2;8.2;8.2;8.2;3;0
ЮТэйр ао;60;20170727;160000;8.16;8.16;8.16;8.16;2;0
ЮТэйр ао;60;20170727;180000;8.11;8.11;8.11;8.11;8;0
ЮТэйр ао;60;20170728;130000;8.1;8.11;8.1;8.11;5;0
ЮТэйр ао;60;20170728;140000;8.1;8.1;8.09;8.09;2;0
ЮТэйр ао;60;20170728;150000;8.06;8.06;8.02;8.02;46;0
ЮТэйр ао;60;20170728;160000;8.09;8.11;8.09;8.11;17;0
ЮТэйр ао;60;20170728;180000;8.06;8.06;8;8.01;11;0
ЮТэйр ао;60;20170731;100000;7.97;8;7.97;8;6;0
ЮТэйр ао;60;20170731;110000;8.08;8.08;8.08;8.08;10;0
ЮТэйр ао;60;20170731;120000;8.08;8.13;8.08;8.08;24;0
ЮТэйр ао;60;20170731;130000;8.2;8.2;8.2;8.2;1;0
ЮТэйр ао;60;20170731;140000;8.2;8.21;8.2;8.2;7;0
ЮТэйр ао;60;20170731;150000;8.08;8.08;8.08;8.08;5;0
ЮТэйр ао;60;20170801;100000;8.13;8.13;7.84;8.1;61;0
ЮТэйр ао;60;20170801;160000;7.95;7.95;7.95;7.95;1;0
ЮТэйр ао;60;20170801;170000;7.95;7.96;7.95;7.96;2;0
ЮТэйр ао;60;20170801;180000;7.95;8;7.95;7.99;4;0
ЮТэйр ао;60;20170802;100000;8.06;8.2;8.06;8.09;11;0
ЮТэйр ао;60;20170802;120000;8.08;8.09;8.08;8.09;4;0
ЮТэйр ао;60;20170802;130000;8.12;8.12;8.12;8.12;1;0
ЮТэйр ао;60;20170802;150000;8.02;8.02;7.99;8;15;0
ЮТэйр ао;60;20170802;160000;8;8;7.97;7.97;12;0
ЮТэйр ао;60;20170802;170000;8;8;8;8;24;0
ЮТэйр ао;60;20170803;100000;7.98;7.98;7.98;7.98;1;0
ЮТэйр ао;60;20170803;110000;7.99;8.13;7.98;8.12;13;0
ЮТэйр ао;60;20170803;130000;8.1;8.1;8.1;8.1;2;0
ЮТэйр ао;60;20170803;140000;8.08;8.09;8;8;55;0
ЮТэйр ао;60;20170803;180000;8.01;8.01;8;8;33;0
ЮТэйр ао;60;20170804;110000;8.11;8.11;8.11;8.11;1;0
ЮТэйр ао;60;20170804;120000;8.11;8.11;8.11;8.11;1;0
ЮТэйр ао;60;20170804;170000;8;8;7.99;7.99;10;0
ЮТэйр ао;60;20170804;180000;8;8;8;8;1;0
ЮТэйр ао;60;20170807;100000;8.19;8.2;8.19;8.2;5;0
ЮТэйр ао;60;20170807;110000;8.19;8.19;8.05;8.05;23;0
ЮТэйр ао;60;20170807;120000;8.07;8.07;8.05;8.05;5;0
ЮТэйр ао;60;20170808;100000;8.08;8.09;8.08;8.09;3;0
ЮТэйр ао;60;20170808;110000;8.05;8.05;8.05;8.05;6;0
ЮТэйр ао;60;20170808;120000;8.15;8.17;8.07;8.07;43;0
ЮТэйр ао;60;20170808;150000;8.13;8.15;8.13;8.15;8;0
ЮТэйр ао;60;20170808;160000;8.14;8.14;8.07;8.07;15;0
ЮТэйр ао;60;20170808;170000;8.07;8.14;7.94;7.97;200;0
ЮТэйр ао;60;20170808;180000;7.98;8.01;7.98;8.01;8;0
ЮТэйр ао;60;20170809;100000;7.95;7.95;7.92;7.92;29;0
ЮТэйр ао;60;20170809;140000;7.96;8;7.96;8;49;0
ЮТэйр ао;60;20170809;180000;7.99;7.99;7.99;7.99;1;0
ЮТэйр ао;60;20170810;100000;8.01;8.01;8;8;2;0
ЮТэйр ао;60;20170810;120000;8.04;8.05;8.03;8.05;24;0
ЮТэйр ао;60;20170810;130000;8.05;8.05;8.05;8.05;18;0
ЮТэйр ао;60;20170810;150000;8.05;8.08;8.02;8.08;15;0
ЮТэйр ао;60;20170810;180000;8.07;8.07;8.02;8.07;20;0
ЮТэйр ао;60;20170811;100000;8.06;8.17;8.06;8.17;23;0
ЮТэйр ао;60;20170811;110000;8.09;8.1;8.06;8.06;79;0
ЮТэйр ао;60;20170811;120000;8.07;8.07;8.05;8.06;8;0
ЮТэйр ао;60;20170811;130000;8.06;8.06;8.06;8.06;4;0
ЮТэйр ао;60;20170811;140000;8.06;8.14;8.05;8.07;74;0
ЮТэйр ао;60;20170811;150000;8.14;8.25;8.14;8.25;100;0
ЮТэйр ао;60;20170811;160000;8.07;8.3;8.06;8.28;57;0
ЮТэйр ао;60;20170811;170000;8.29;8.35;8.2;8.24;45;0
ЮТэйр ао;60;20170811;180000;8.24;8.24;8.24;8.24;3;0
ЮТэйр ао;60;20170814;100000;8.28;8.28;8.2;8.2;3;0
ЮТэйр ао;60;20170814;120000;8.28;8.29;8.28;8.29;14;0
ЮТэйр ао;60;20170814;130000;8.29;8.4;8.29;8.4;42;0
ЮТэйр ао;60;20170814;140000;8.4;8.72;8.4;8.4;49;0
ЮТэйр ао;60;20170814;150000;8.4;8.45;8.4;8.45;41;0
ЮТэйр ао;60;20170814;160000;8.59;8.6;8.59;8.6;22;0
ЮТэйр ао;60;20170814;170000;8.59;8.6;8.59;8.6;25;0
ЮТэйр ао;60;20170814;180000;8.52;8.54;8.52;8.54;4;0
ЮТэйр ао;60;20170815;100000;8.54;8.54;8.54;8.54;18;0
ЮТэйр ао;60;20170815;110000;8.43;8.58;8.42;8.54;110;0
ЮТэйр ао;60;20170815;120000;8.54;8.54;8.5;8.53;9;0
ЮТэйр ао;60;20170815;130000;8.46;8.46;8.41;8.41;73;0
ЮТэйр ао;60;20170815;140000;8.4;8.4;8.39;8.39;11;0
ЮТэйр ао;60;20170815;150000;8.49;8.49;8.49;8.49;1;0
ЮТэйр ао;60;20170815;170000;8.43;8.43;8.39;8.39;8;0
ЮТэйр ао;60;20170815;180000;8.45;8.46;8.45;8.46;2;0
ЮТэйр ао;60;20170816;100000;8.47;8.49;8.47;8.49;45;0
ЮТэйр ао;60;20170816;110000;8.49;8.51;8.32;8.5;70;0
ЮТэйр ао;60;20170816;130000;8.48;8.53;8.48;8.53;10;0
ЮТэйр ао;60;20170816;140000;8.5;8.5;8.5;8.5;15;0
ЮТэйр ао;60;20170816;170000;8.5;8.5;8.47;8.47;13;0
ЮТэйр ао;60;20170816;180000;8.5;8.5;8.5;8.5;5;0
ЮТэйр ао;60;20170817;110000;8.53;8.53;8.53;8.53;6;0
ЮТэйр ао;60;20170817;120000;8.67;8.68;8.67;8.68;2;0
ЮТэйр ао;60;20170817;130000;8.65;8.69;8.5;8.5;84;0
ЮТэйр ао;60;20170817;140000;8.57;8.6;8.35;8.5;109;0
ЮТэйр ао;60;20170817;150000;8.67;8.67;8.67;8.67;1;0
ЮТэйр ао;60;20170817;160000;8.67;8.82;8.67;8.8;312;0
ЮТэйр ао;60;20170817;170000;8.8;8.8;8.62;8.62;48;0
ЮТэйр ао;60;20170817;180000;8.75;8.75;8.65;8.65;11;0
ЮТэйр ао;60;20170818;110000;8.68;8.8;8.68;8.8;17;0
ЮТэйр ао;60;20170818;120000;8.8;8.95;7.89;8.71;408;0
ЮТэйр ао;60;20170818;130000;8.7;8.7;8.7;8.7;1;0
ЮТэйр ао;60;20170818;170000;8.69;8.69;8.69;8.69;1;0
ЮТэйр ао;60;20170818;180000;8.81;8.81;8.81;8.81;1;0
ЮТэйр ао;60;20170821;100000;8.84;8.84;8.61;8.61;2;0
ЮТэйр ао;60;20170821;110000;8.61;8.61;8.58;8.58;5;0
ЮТэйр ао;60;20170821;180000;8.57;8.62;8.57;8.62;3;0
ЮТэйр ао;60;20170822;100000;8.59;8.59;8.59;8.59;2;0
ЮТэйр ао;60;20170822;110000;8.59;8.59;8.57;8.57;16;0
ЮТэйр ао;60;20170822;130000;8.63;8.63;8.63;8.63;1;0
ЮТэйр ао;60;20170822;150000;8.57;8.65;8.56;8.65;10;0
ЮТэйр ао;60;20170822;170000;8.62;8.63;8.62;8.63;6;0
ЮТэйр ао;60;20170823;100000;8.82;8.82;8.63;8.63;4;0
ЮТэйр ао;60;20170823;120000;8.62;8.62;8.57;8.57;7;0
ЮТэйр ао;60;20170824;090000;8.88;8.88;8.88;8.88;12;0
ЮТэйр ао;60;20170824;100000;8.62;8.73;8.62;8.73;7;0
ЮТэйр ао;60;20170824;130000;8.64;8.67;8.64;8.67;6;0
ЮТэйр ао;60;20170824;140000;8.67;8.67;8.67;8.67;3;0
ЮТэйр ао;60;20170824;150000;8.67;8.67;8.67;8.67;28;0
ЮТэйр ао;60;20170824;170000;8.67;8.67;8.67;8.67;1;0
ЮТэйр ао;60;20170825;100000;8.31;8.81;8.31;8.5;65;0
ЮТэйр ао;60;20170825;110000;8.52;8.52;8.5;8.5;44;0
ЮТэйр ао;60;20170825;130000;8.55;8.55;8.5;8.5;73;0
ЮТэйр ао;60;20170825;140000;8.5;8.5;8.5;8.5;1;0
ЮТэйр ао;60;20170825;160000;8.48;8.48;8.47;8.47;20;0
ЮТэйр ао;60;20170825;180000;8.58;8.58;8.58;8.58;1;0
ЮТэйр ао;60;20170828;110000;8.48;8.48;8.44;8.44;3;0
ЮТэйр ао;60;20170828;120000;8.48;8.48;8.42;8.42;47;0
ЮТэйр ао;60;20170828;140000;8.55;8.64;8.55;8.64;28;0
ЮТэйр ао;60;20170828;180000;8.54;8.54;8.52;8.53;10;0
ЮТэйр ао;60;20170829;120000;8.46;8.46;8.04;8.22;51;0
ЮТэйр ао;60;20170829;130000;8.24;8.31;8.24;8.31;5;0
ЮТэйр ао;60;20170829;150000;8.36;8.4;8.36;8.4;15;0
ЮТэйр ао;60;20170829;160000;8.41;8.41;8.41;8.41;12;0
ЮТэйр ао;60;20170829;170000;8.42;8.44;8.42;8.44;19;0
ЮТэйр ао;60;20170829;180000;8.46;8.54;8.46;8.54;419;0
ЮТэйр ао;60;20170830;090000;8.3;8.3;8.3;8.3;1202;0
ЮТэйр ао;60;20170830;100000;8.53;8.53;8.46;8.51;57;0
ЮТэйр ао;60;20170830;110000;8.51;8.54;8.47;8.54;29;0
ЮТэйр ао;60;20170830;120000;8.55;8.97;8.55;8.57;118;0
ЮТэйр ао;60;20170830;130000;8.55;8.65;8.5;8.5;7;0
ЮТэйр ао;60;20170830;140000;8.5;8.5;8.5;8.5;2;0
ЮТэйр ао;60;20170830;150000;8.54;8.54;8.54;8.54;1;0
ЮТэйр ао;60;20170830;160000;8.5;8.5;8.45;8.46;19;0
ЮТэйр ао;60;20170830;170000;8.45;8.5;8.45;8.5;12;0
ЮТэйр ао;60;20170830;180000;8.54;8.54;8.54;8.54;1;0
ЮТэйр ао;60;20170831;100000;8.63;8.63;8.63;8.63;2;0
ЮТэйр ао;60;20170831;120000;8.63;8.67;8.59;8.59;21;0
ЮТэйр ао;60;20170831;130000;8.63;8.64;8.6;8.6;6;0
ЮТэйр ао;60;20170831;140000;8.59;8.59;8.58;8.58;3;0
ЮТэйр ао;60;20170831;160000;8.56;8.63;8.55;8.61;10;0
ЮТэйр ао;60;20170831;180000;8.58;8.74;8.58;8.74;63;0
ЮТэйр ао;60;20170901;100000;8.74;8.97;8.55;8.55;39;0
ЮТэйр ао;60;20170901;110000;8.56;8.56;8.56;8.56;1;0
ЮТэйр ао;60;20170901;140000;8.58;8.58;8.58;8.58;5;0
ЮТэйр ао;60;20170901;150000;8.55;8.58;8.55;8.58;3;0
ЮТэйр ао;60;20170901;170000;8.56;8.56;8.55;8.55;10;0
ЮТэйр ао;60;20170904;110000;8.44;8.59;8.42;8.47;68;0
ЮТэйр ао;60;20170904;120000;8.43;8.52;8.42;8.52;4;0
ЮТэйр ао;60;20170904;180000;8.42;8.42;8.34;8.34;13;0
ЮТэйр ао;60;20170905;120000;8.45;8.45;8.45;8.45;5;0
ЮТэйр ао;60;20170905;130000;8.42;8.42;8.42;8.42;4;0
ЮТэйр ао;60;20170905;160000;8.45;8.45;8.45;8.45;1;0
ЮТэйр ао;60;20170906;120000;8.3;8.3;8.28;8.29;20;0
ЮТэйр ао;60;20170906;130000;8.29;8.3;8.29;8.29;67;0
ЮТэйр ао;60;20170906;140000;8.34;8.35;8.34;8.35;15;0
ЮТэйр ао;60;20170906;150000;8.3;8.3;8.25;8.25;33;0
ЮТэйр ао;60;20170906;160000;8.24;8.34;8.17;8.34;29;0
ЮТэйр ао;60;20170906;170000;8.17;8.34;8.16;8.34;129;0
ЮТэйр ао;60;20170906;180000;8.26;8.26;8.17;8.21;60;0
ЮТэйр ао;60;20170907;100000;8.51;8.52;8.51;8.52;5;0
ЮТэйр ао;60;20170907;110000;8.41;8.41;8.41;8.41;2;0
ЮТэйр ао;60;20170907;120000;8.39;8.39;8.39;8.39;1;0
ЮТэйр ао;60;20170907;130000;8.37;8.37;8.37;8.37;10;0
ЮТэйр ао;60;20170907;140000;8.4;8.4;8.26;8.26;60;0
ЮТэйр ао;60;20170907;180000;8.3;8.3;8.3;8.3;25;0
ЮТэйр ао;60;20170908;110000;8.27;8.27;8.1;8.1;27;0
ЮТэйр ао;60;20170908;130000;8.2;8.2;8.2;8.2;2;0
ЮТэйр ао;60;20170908;150000;8.29;8.29;8.29;8.29;1;0
ЮТэйр ао;60;20170908;160000;8.32;8.32;8.31;8.31;2;0
ЮТэйр ао;60;20170911;110000;8.31;8.32;8.31;8.32;8;0
ЮТэйр ао;60;20170911;130000;8.3;8.3;8.3;8.3;3;0
ЮТэйр ао;60;20170911;140000;8.23;8.23;8.18;8.2;40;0
ЮТэйр ао;60;20170911;150000;8.23;8.32;8.21;8.32;79;0
ЮТэйр ао;60;20170911;160000;8.32;8.32;8.32;8.32;2;0
ЮТэйр ао;60;20170911;170000;8.22;8.22;8.21;8.21;12;0
ЮТэйр ао;60;20170912;110000;8.27;8.34;8.27;8.34;17;0
ЮТэйр ао;60;20170912;140000;8.28;8.28;8.28;8.28;1;0
ЮТэйр ао;60;20170912;160000;8.27;8.35;8.1;8.35;494;0
ЮТэйр ао;60;20170912;170000;8.28;8.3;8.28;8.3;16;0
ЮТэйр ао;60;20170912;180000;8.3;8.3;8.3;8.3;20;0
ЮТэйр ао;60;20170913;100000;8.43;8.43;8.13;8.13;105;0
ЮТэйр ао;60;20170913;110000;8.23;8.36;8.23;8.35;59;0
ЮТэйр ао;60;20170913;120000;8.35;8.35;8.3;8.3;5;0
ЮТэйр ао;60;20170913;130000;8.26;8.26;8.16;8.16;19;0
ЮТэйр ао;60;20170913;140000;8.3;8.37;8.3;8.37;36;0
ЮТэйр ао;60;20170913;150000;8.26;8.3;8.26;8.3;2;0
ЮТэйр ао;60;20170913;170000;8.29;8.34;8.18;8.21;66;0
ЮТэйр ао;60;20170913;180000;8.21;8.21;8.21;8.21;2;0
ЮТэйр ао;60;20170914;100000;8.21;8.21;8.17;8.17;43;0
ЮТэйр ао;60;20170914;110000;8.14;8.2;8.11;8.2;132;0
ЮТэйр ао;60;20170914;120000;8.23;8.25;8.23;8.25;6;0
ЮТэйр ао;60;20170914;180000;8.25;8.25;8.25;8.25;1;0
ЮТэйр ао;60;20170915;100000;8.2;8.3;8.09;8.26;157;0
ЮТэйр ао;60;20170915;110000;8.26;8.3;8.26;8.3;12;0
ЮТэйр ао;60;20170915;120000;8.3;8.3;8.3;8.3;5;0
ЮТэйр ао;60;20170915;150000;8.32;8.33;8.32;8.33;13;0
ЮТэйр ао;60;20170915;160000;8.34;8.35;8.34;8.35;6;0
ЮТэйр ао;60;20170915;170000;8.33;8.33;8.33;8.33;1;0
ЮТэйр ао;60;20170918;130000;8.33;8.33;8.33;8.33;1;0
ЮТэйр ао;60;20170918;150000;8.33;8.33;8.22;8.22;5;0
ЮТэйр ао;60;20170918;160000;8.34;8.34;8.2;8.2;23;0
ЮТэйр ао;60;20170918;170000;8.19;8.19;8.18;8.18;3;0
ЮТэйр ао;60;20170918;180000;8.18;8.24;8.16;8.24;15;0
ЮТэйр ао;60;20170919;120000;8.19;8.19;8.19;8.19;1;0
ЮТэйр ао;60;20170919;130000;8.2;8.2;8.16;8.16;16;0
ЮТэйр ао;60;20170919;140000;8.17;8.17;8.17;8.17;1;0
ЮТэйр ао;60;20170919;150000;8.17;8.2;8.16;8.2;8;0
ЮТэйр ао;60;20170919;160000;8.16;8.2;8.16;8.2;15;0
ЮТэйр ао;60;20170919;170000;8.22;8.22;8.22;8.22;1;0
ЮТэйр ао;60;20170919;180000;8.23;8.26;8.15;8.15;84;0
ЮТэйр ао;60;20170920;130000;8.27;8.31;8.27;8.31;30;0
ЮТэйр ао;60;20170920;140000;8.21;8.21;8.21;8.21;2;0
ЮТэйр ао;60;20170920;150000;8.29;8.29;8.29;8.29;2;0
ЮТэйр ао;60;20170920;180000;8.23;8.23;8.21;8.21;16;0
ЮТэйр ао;60;20170921;170000;8.2;8.2;8.17;8.17;4;0
ЮТэйр ао;60;20170922;110000;8.15;8.15;8.07;8.07;50;0
ЮТэйр ао;60;20170922;130000;8.12;8.12;8.12;8.12;2;0
ЮТэйр ао;60;20170922;140000;8.19;8.19;8.19;8.19;1;0
ЮТэйр ао;60;20170922;150000;8.2;8.24;8.12;8.13;10;0
ЮТэйр ао;60;20170922;160000;8.11;8.11;8.11;8.11;25;0
ЮТэйр ао;60;20170922;170000;8.13;8.14;8.13;8.13;31;0
ЮТэйр ао;60;20170925;100000;8.15;8.15;8.15;8.15;1;0
ЮТэйр ао;60;20170925;110000;8.12;8.12;8.11;8.11;24;0
ЮТэйр ао;60;20170925;140000;8.19;8.23;8.19;8.23;30;0
ЮТэйр ао;60;20170925;150000;8.21;8.21;8.21;8.21;4;0
ЮТэйр ао;60;20170926;110000;8.14;8.14;8.14;8.14;7;0
ЮТэйр ао;60;20170926;120000;8.22;9.3;8.22;8.96;489;0
ЮТэйр ао;60;20170926;130000;8.57;9.1;8.56;8.78;440;0
ЮТэйр ао;60;20170926;140000;8.79;8.8;8.69;8.8;97;0
ЮТэйр ао;60;20170926;150000;8.69;8.7;8.51;8.68;140;0
ЮТэйр ао;60;20170926;160000;8.59;8.69;8.59;8.69;36;0
ЮТэйр ао;60;20170926;170000;8.7;8.7;8.7;8.7;1;0
ЮТэйр ао;60;20170926;180000;8.74;8.74;8.74;8.74;1;0
ЮТэйр ао;60;20170927;100000;8.79;8.8;8.79;8.8;28;0
ЮТэйр ао;60;20170927;120000;8.75;8.79;8.75;8.79;17;0
ЮТэйр ао;60;20170927;130000;8.62;8.62;8.61;8.61;20;0
ЮТэйр ао;60;20170927;140000;8.63;8.63;8.6;8.6;237;0
ЮТэйр ао;60;20170927;160000;8.52;8.58;8.51;8.58;8;0
ЮТэйр ао;60;20170927;170000;8.59;8.6;8.59;8.6;7;0
ЮТэйр ао;60;20170927;180000;8.55;8.55;8.42;8.5;55;0
ЮТэйр ао;60;20170928;100000;8.44;8.44;8.43;8.44;7;0
ЮТэйр ао;60;20170928;110000;8.43;8.43;8.43;8.43;7;0
ЮТэйр ао;60;20170928;130000;8.42;8.42;8.42;8.42;2;0
ЮТэйр ао;60;20170928;140000;8.42;8.42;8.42;8.42;4;0
ЮТэйр ао;60;20170928;150000;8.49;8.51;8.49;8.51;13;0
ЮТэйр ао;60;20170928;170000;8.43;8.43;8.43;8.43;73;0
ЮТэйр ао;60;20170928;180000;8.4;8.4;8.4;8.4;37;0
ЮТэйр ао;60;20170929;100000;8.59;8.77;8.59;8.67;38;0
ЮТэйр ао;60;20170929;110000;8.66;8.66;8.66;8.66;2;0
ЮТэйр ао;60;20170929;120000;8.66;8.66;8.66;8.66;1;0
ЮТэйр ао;60;20170929;130000;8.5;8.5;8.5;8.5;10;0
ЮТэйр ао;60;20170929;140000;8.48;8.48;8.44;8.44;48;0
ЮТэйр ао;60;20170929;160000;8.46;8.46;8.45;8.45;52;0
ЮТэйр ао;60;20170929;170000;8.48;8.48;8.48;8.48;1;0
ЮТэйр ао;60;20171002;100000;8.48;8.48;8.48;8.48;5;0
ЮТэйр ао;60;20171002;130000;8.43;8.43;8.43;8.43;2;0
ЮТэйр ао;60;20171002;150000;8.47;8.48;8.45;8.45;36;0
ЮТэйр ао;60;20171002;160000;8.43;8.43;8.43;8.43;33;0
ЮТэйр ао;60;20171002;180000;8.4;8.4;8.4;8.4;22;0
ЮТэйр ао;60;20171003;100000;8.3;8.39;8.3;8.39;2;0
ЮТэйр ао;60;20171003;120000;8.37;8.44;8.3;8.44;20;0
ЮТэйр ао;60;20171003;130000;8.35;8.35;8.31;8.31;31;0
ЮТэйр ао;60;20171003;140000;8.3;8.3;8.27;8.27;18;0
ЮТэйр ао;60;20171003;160000;8.3;8.3;8.27;8.27;4;0
ЮТэйр ао;60;20171003;170000;8.27;8.27;8.27;8.27;5;0
ЮТэйр ао;60;20171003;180000;8.26;8.27;8.26;8.27;9;0
ЮТэйр ао;60;20171004;120000;8.23;8.23;8.22;8.22;57;0
ЮТэйр ао;60;20171004;140000;8.24;8.24;8.1;8.24;169;0
ЮТэйр ао;60;20171004;150000;8.25;8.29;8.21;8.21;47;0
ЮТэйр ао;60;20171004;160000;8.21;8.21;8.2;8.2;24;0
ЮТэйр ао;60;20171004;180000;8.29;8.33;8.29;8.33;30;0
ЮТэйр ао;60;20171005;100000;8.35;8.35;8.2;8.2;9;0
ЮТэйр ао;60;20171005;110000;8.28;8.29;8.28;8.29;7;0
ЮТэйр ао;60;20171005;120000;8.22;8.22;8.2;8.2;83;0
ЮТэйр ао;60;20171005;140000;8.21;8.22;8.2;8.2;26;0
ЮТэйр ао;60;20171005;150000;8.26;8.26;8.26;8.26;2;0
ЮТэйр ао;60;20171005;170000;8.25;8.25;8.21;8.21;9;0
ЮТэйр ао;60;20171006;110000;8.23;8.25;8.22;8.25;42;0
ЮТэйр ао;60;20171006;170000;8.25;8.25;8.25;8.25;5;0
ЮТэйр ао;60;20171006;180000;8.22;8.26;8.2;8.26;6;0
ЮТэйр ао;60;20171009;110000;8.18;8.18;8.11;8.11;30;0
ЮТэйр ао;60;20171009;120000;8.27;8.27;8.27;8.27;1;0
ЮТэйр ао;60;20171009;130000;8.16;8.17;8.16;8.17;13;0
ЮТэйр ао;60;20171009;150000;8.2;8.2;8.2;8.2;18;0
ЮТэйр ао;60;20171009;170000;8.15;8.18;8.15;8.15;14;0
ЮТэйр ао;60;20171009;180000;8.17;8.17;8.17;8.17;1;0
ЮТэйр ао;60;20171010;100000;8.21;8.44;8.21;8.25;70;0
ЮТэйр ао;60;20171010;120000;8.24;8.24;8.21;8.21;8;0
ЮТэйр ао;60;20171010;130000;8.2;8.24;8.18;8.18;22;0
ЮТэйр ао;60;20171010;140000;8.2;8.2;8.17;8.17;26;0
ЮТэйр ао;60;20171010;160000;8.19;8.2;8.19;8.2;3;0
ЮТэйр ао;60;20171010;170000;8.2;8.2;8.2;8.2;15;0
ЮТэйр ао;60;20171010;180000;8.21;8.21;8.21;8.21;1;0
ЮТэйр ао;60;20171011;100000;8.2;8.21;8.2;8.21;4;0
ЮТэйр ао;60;20171011;110000;8.2;8.24;8.16;8.24;17;0
ЮТэйр ао;60;20171011;140000;8.23;8.23;8.23;8.23;5;0
ЮТэйр ао;60;20171011;150000;8.18;8.22;8.18;8.22;10;0
ЮТэйр ао;60;20171011;180000;8.2;8.2;8.2;8.2;2;0
ЮТэйр ао;60;20171012;110000;8.21;8.24;8.2;8.24;12;0
ЮТэйр ао;60;20171012;130000;8.24;8.24;8.24;8.24;1;0
ЮТэйр ао;60;20171012;140000;8.22;8.25;8.09;8.25;320;0
ЮТэйр ао;60;20171012;150000;8.22;8.28;8.22;8.25;40;0
ЮТэйр ао;60;20171012;160000;8.27;8.3;8.24;8.24;32;0
ЮТэйр ао;60;20171012;170000;8.24;8.24;8.24;8.24;1;0
ЮТэйр ао;60;20171012;180000;8.29;8.29;8.29;8.29;1;0
ЮТэйр ао;60;20171013;100000;8.28;8.34;8.28;8.34;22;0
ЮТэйр ао;60;20171013;110000;8.35;8.35;8.35;8.35;22;0
ЮТэйр ао;60;20171013;120000;8.27;8.3;8.26;8.3;4;0
ЮТэйр ао;60;20171013;130000;8.33;8.39;8.33;8.39;22;0
ЮТэйр ао;60;20171013;140000;8.33;8.33;8.3;8.3;11;0
ЮТэйр ао;60;20171013;150000;8.29;8.29;8.29;8.29;1;0
ЮТэйр ао;60;20171013;180000;8.32;8.32;8.32;8.32;2;0
ЮТэйр ао;60;20171016;100000;8.38;8.39;8.38;8.39;2;0
ЮТэйр ао;60;20171016;110000;8.4;8.4;8.36;8.36;5;0
ЮТэйр ао;60;20171016;140000;8.39;8.55;8.39;8.55;51;0
ЮТэйр ао;60;20171016;150000;8.55;8.55;8.55;8.55;6;0
ЮТэйр ао;60;20171016;170000;8.45;8.5;8.45;8.5;22;0
ЮТэйр ао;60;20171017;100000;8.79;8.79;8.63;8.63;11;0
ЮТэйр ао;60;20171017;110000;8.6;8.6;8.6;8.6;30;0
ЮТэйр ао;60;20171017;150000;8.6;8.6;8.6;8.6;1;0
ЮТэйр ао;60;20171017;160000;8.51;8.51;8.48;8.48;13;0
ЮТэйр ао;60;20171017;180000;8.5;8.5;8.5;8.5;5;0
ЮТэйр ао;60;20171018;090000;8.88;8.88;8.88;8.88;1;0
ЮТэйр ао;60;20171018;100000;8.69;8.7;8.69;8.7;2;0
ЮТэйр ао;60;20171018;110000;8.57;8.57;8.57;8.57;6;0
ЮТэйр ао;60;20171018;120000;8.57;8.57;8.57;8.57;5;0
ЮТэйр ао;60;20171018;130000;8.57;8.57;8.56;8.56;3;0
ЮТэйр ао;60;20171018;150000;8.59;8.6;8.59;8.6;7;0
ЮТэйр ао;60;20171018;160000;8.6;8.6;8.6;8.6;5;0
ЮТэйр ао;60;20171018;170000;8.6;8.6;8.6;8.6;15;0
ЮТэйр ао;60;20171018;180000;8.6;8.6;8.6;8.6;13;0
ЮТэйр ао;60;20171019;100000;8.48;8.7;8.41;8.65;101;0
ЮТэйр ао;60;20171019;110000;8.55;8.6;8.45;8.6;121;0
ЮТэйр ао;60;20171019;120000;8.52;8.66;8.52;8.66;3;0
ЮТэйр ао;60;20171019;160000;8.66;8.66;8.66;8.66;1;0
ЮТэйр ао;60;20171019;170000;8.47;8.47;8.45;8.45;10;0
ЮТэйр ао;60;20171020;100000;8.47;8.6;8.47;8.6;15;0
ЮТэйр ао;60;20171020;140000;8.57;8.59;8.57;8.59;42;0
ЮТэйр ао;60;20171020;160000;8.59;8.59;8.59;8.59;2;0
ЮТэйр ао;60;20171020;170000;8.59;8.59;8.59;8.59;1;0
ЮТэйр ао;60;20171020;180000;8.6;8.6;8.6;8.6;1;0
ЮТэйр ао;60;20171023;100000;8.6;8.78;8.6;8.7;30;0
ЮТэйр ао;60;20171023;110000;8.7;8.7;8.63;8.7;36;0
ЮТэйр ао;60;20171023;120000;8.7;8.7;8.7;8.7;1;0
ЮТэйр ао;60;20171023;130000;8.62;8.62;8.62;8.62;1;0
ЮТэйр ао;60;20171023;150000;8.62;8.7;8.61;8.7;123;0
ЮТэйр ао;60;20171023;160000;8.7;8.76;8.7;8.76;16;0
ЮТэйр ао;60;20171024;100000;8.8;8.8;8.8;8.8;8;0
ЮТэйр ао;60;20171024;110000;8.55;8.55;8.55;8.55;10;0
ЮТэйр ао;60;20171024;130000;8.55;8.55;8.51;8.51;4;0
ЮТэйр ао;60;20171024;140000;8.51;8.51;8.51;8.51;10;0
ЮТэйр ао;60;20171024;150000;8.65;8.65;8.65;8.65;1;0
ЮТэйр ао;60;20171024;160000;8.54;8.54;8.53;8.53;53;0
ЮТэйр ао;60;20171024;170000;8.53;8.53;8.51;8.51;10;0
ЮТэйр ао;60;20171024;180000;8.61;8.67;8.6;8.6;13;0
ЮТэйр ао;60;20171025;120000;8.66;8.71;8.66;8.71;100;0
ЮТэйр ао;60;20171025;140000;8.7;8.71;8.7;8.71;57;0
ЮТэйр ао;60;20171025;170000;8.64;8.64;8.64;8.64;1;0
ЮТэйр ао;60;20171026;100000;8.32;8.78;8.12;8.73;22;0
ЮТэйр ао;60;20171026;110000;8.65;8.65;8.65;8.65;2;0
ЮТэйр ао;60;20171026;120000;8.74;8.74;8.74;8.74;1;0
ЮТэйр ао;60;20171026;130000;8.7;8.7;8.7;8.7;7;0
ЮТэйр ао;60;20171026;170000;8.61;8.69;8.61;8.61;19;0
ЮТэйр ао;60;20171026;180000;8.61;8.61;8.59;8.59;36;0
ЮТэйр ао;60;20171027;100000;8.64;8.64;8.64;8.64;22;0
ЮТэйр ао;60;20171027;140000;8.57;8.57;8.55;8.55;55;0
ЮТэйр ао;60;20171027;160000;8.49;8.6;8.49;8.6;69;0
ЮТэйр ао;60;20171027;170000;8.6;8.6;8.6;8.6;3;0
ЮТэйр ао;60;20171027;180000;8.61;8.65;8.61;8.65;83;0
ЮТэйр ао;60;20171030;110000;8.55;8.55;8.55;8.55;1;0
ЮТэйр ао;60;20171030;130000;8.56;8.56;8.52;8.52;48;0
ЮТэйр ао;60;20171030;140000;8.66;8.69;8.66;8.69;20;0
ЮТэйр ао;60;20171030;150000;8.69;8.69;8.69;8.69;3;0
ЮТэйр ао;60;20171030;160000;8.69;8.69;8.69;8.69;10;0
ЮТэйр ао;60;20171030;170000;8.69;8.69;8.61;8.61;35;0
ЮТэйр ао;60;20171030;180000;8.65;8.65;8.65;8.65;1;0
ЮТэйр ао;60;20171031;100000;8.69;8.8;8.69;8.75;158;0
ЮТэйр ао;60;20171031;110000;8.68;8.68;8.66;8.66;8;0
ЮТэйр ао;60;20171031;120000;8.68;8.68;8.61;8.62;76;0
ЮТэйр ао;60;20171031;130000;8.7;8.7;8.7;8.7;3;0
ЮТэйр ао;60;20171031;150000;8.72;8.72;8.66;8.66;83;0
ЮТэйр ао;60;20171031;180000;8.74;8.77;8.74;8.77;30;0
ЮТэйр ао;60;20171101;140000;8.44;8.5;8.41;8.48;121;0
ЮТэйр ао;60;20171101;160000;8.58;8.58;8.56;8.56;6;0
ЮТэйр ао;60;20171101;170000;8.56;8.56;8.56;8.56;2;0
ЮТэйр ао;60;20171101;180000;8.5;8.5;8.5;8.5;14;0
ЮТэйр ао;60;20171102;100000;8.63;8.73;8.63;8.73;12;0
ЮТэйр ао;60;20171102;110000;8.65;8.65;8.65;8.65;1;0
ЮТэйр ао;60;20171102;130000;8.68;8.69;8.6;8.6;25;0
ЮТэйр ао;60;20171102;150000;8.6;8.6;8.6;8.6;5;0
ЮТэйр ао;60;20171102;180000;8.62;8.64;8.59;8.59;171;0
ЮТэйр ао;60;20171103;110000;8.6;8.6;8.6;8.6;15;0
ЮТэйр ао;60;20171103;160000;8.6;8.7;8.6;8.6;131;0
ЮТэйр ао;60;20171103;180000;8.52;8.52;8.3;8.3;131;0
ЮТэйр ао;60;20171107;100000;8.52;8.52;8.51;8.52;12;0
ЮТэйр ао;60;20171107;140000;8.57;8.57;8.57;8.57;4;0
ЮТэйр ао;60;20171107;180000;8.52;8.67;8.52;8.67;96;0
ЮТэйр ао;60;20171108;100000;8.68;8.68;8.6;8.61;100;0
ЮТэйр ао;60;20171108;120000;8.63;8.63;8.63;8.63;4;0
ЮТэйр ао;60;20171108;130000;8.65;8.7;8.65;8.7;251;0
ЮТэйр ао;60;20171108;140000;8.73;8.73;8.7;8.7;95;0
ЮТэйр ао;60;20171108;150000;8.78;8.79;8.72;8.72;24;0
ЮТэйр ао;60;20171108;160000;8.71;8.79;8.71;8.71;19;0
ЮТэйр ао;60;20171108;180000;8.71;8.71;8.69;8.69;62;0
ЮТэйр ао;60;20171109;120000;8.69;8.7;8.69;8.7;154;0
ЮТэйр ао;60;20171109;140000;8.7;8.7;8.63;8.7;11;0
ЮТэйр ао;60;20171109;150000;8.68;8.68;8.68;8.68;2;0
ЮТэйр ао;60;20171109;160000;8.69;8.69;8.69;8.69;1;0
ЮТэйр ао;60;20171109;180000;8.75;8.75;8.75;8.75;6;0
ЮТэйр ао;60;20171110;110000;8.77;8.89;8.77;8.8;46;0
ЮТэйр ао;60;20171110;180000;8.78;8.79;8.78;8.79;4;0
ЮТэйр ао;60;20171113;120000;8.71;8.86;8.7;8.86;84;0
ЮТэйр ао;60;20171113;130000;8.7;8.7;8.5;8.66;254;0
ЮТэйр ао;60;20171113;150000;8.55;8.77;8.51;8.77;76;0
ЮТэйр ао;60;20171113;160000;8.76;8.9;8.76;8.88;313;0
ЮТэйр ао;60;20171113;170000;8.87;8.87;8.87;8.87;1;0
ЮТэйр ао;60;20171113;180000;8.75;8.75;8.6;8.6;269;0
ЮТэйр ао;60;20171114;100000;8.56;8.68;8.55;8.55;55;0
ЮТэйр ао;60;20171114;110000;8.56;8.56;8.56;8.56;31;0
ЮТэйр ао;60;20171114;130000;8.56;8.56;8.55;8.55;21;0
ЮТэйр ао;60;20171114;150000;8.54;8.54;8.5;8.5;76;0
ЮТэйр ао;60;20171114;170000;8.51;8.51;8.5;8.5;4;0
ЮТэйр ао;60;20171114;180000;8.57;8.66;8.5;8.61;410;0
ЮТэйр ао;60;20171115;110000;8.73;8.73;8.73;8.73;11;0
ЮТэйр ао;60;20171115;130000;8.66;8.66;8.65;8.65;49;0
ЮТэйр ао;60;20171115;140000;8.66;8.66;8.63;8.63;56;0
ЮТэйр ао;60;20171115;150000;8.63;8.72;8.6;8.6;44;0
ЮТэйр ао;60;20171115;160000;8.67;8.68;8.6;8.6;86;0
ЮТэйр ао;60;20171115;170000;8.59;8.6;8.48;8.48;206;0
ЮТэйр ао;60;20171115;180000;8.59;8.64;8.51;8.64;95;0
ЮТэйр ао;60;20171116;100000;8.56;8.56;8.56;8.56;1;0
ЮТэйр ао;60;20171116;110000;8.58;8.58;8.58;8.58;1;0
ЮТэйр ао;60;20171116;120000;8.59;8.59;8.42;8.42;49;0
ЮТэйр ао;60;20171116;130000;8.42;8.51;8.4;8.51;157;0
ЮТэйр ао;60;20171116;140000;8.47;8.56;8.46;8.56;77;0
ЮТэйр ао;60;20171116;160000;8.56;8.58;8.56;8.58;8;0
ЮТэйр ао;60;20171116;170000;8.58;8.58;8.4;8.51;172;0
ЮТэйр ао;60;20171116;180000;8.46;8.48;8.3;8.36;354;0
ЮТэйр ао;60;20171117;100000;8.32;8.45;7.99;8.45;1024;0
ЮТэйр ао;60;20171117;110000;8.4;8.5;8.4;8.5;19;0
ЮТэйр ао;60;20171117;120000;8.5;8.57;8.5;8.54;51;0
ЮТэйр ао;60;20171117;130000;8.5;8.5;8.5;8.5;10;0
ЮТэйр ао;60;20171117;160000;8.51;8.54;8.51;8.54;8;0
ЮТэйр ао;60;20171117;170000;8.54;8.57;8.54;8.57;45;0
ЮТэйр ао;60;20171117;180000;8.57;8.62;8.57;8.62;42;0
ЮТэйр ао;60;20171120;100000;8.54;8.57;8.54;8.57;6;0
ЮТэйр ао;60;20171120;110000;8.58;8.58;8.57;8.57;10;0
ЮТэйр ао;60;20171120;120000;8.62;8.62;8.62;8.62;1;0
ЮТэйр ао;60;20171120;150000;8.62;8.62;8.62;8.62;1;0
ЮТэйр ао;60;20171120;170000;8.68;8.7;8.65;8.65;77;0
ЮТэйр ао;60;20171121;130000;8.64;8.64;8.6;8.6;34;0
ЮТэйр ао;60;20171121;140000;8.63;8.64;8.63;8.64;4;0
ЮТэйр ао;60;20171121;150000;8.62;8.63;8.62;8.63;8;0
ЮТэйр ао;60;20171121;160000;8.63;8.63;8.62;8.62;19;0
ЮТэйр ао;60;20171121;170000;8.69;8.69;8.69;8.69;1;0
ЮТэйр ао;60;20171122;110000;8.65;8.65;8.65;8.65;30;0
ЮТэйр ао;60;20171122;130000;8.65;8.65;8.65;8.65;13;0
ЮТэйр ао;60;20171122;140000;8.66;8.7;8.65;8.7;39;0
ЮТэйр ао;60;20171122;160000;8.7;8.7;8.7;8.7;1;0
ЮТэйр ао;60;20171122;180000;8.7;8.77;8.7;8.77;9;0
ЮТэйр ао;60;20171123;100000;8.78;8.98;8.53;8.78;35;0
ЮТэйр ао;60;20171123;130000;8.73;8.9;8.73;8.9;717;0
ЮТэйр ао;60;20171123;140000;8.91;8.91;8.9;8.9;9;0
ЮТэйр ао;60;20171123;150000;8.81;8.81;8.78;8.78;30;0
ЮТэйр ао;60;20171123;160000;8.87;8.95;8.87;8.95;103;0
ЮТэйр ао;60;20171123;170000;8.95;8.95;8.95;8.95;10;0
ЮТэйр ао;60;20171123;180000;8.94;8.94;8.93;8.93;4;0
ЮТэйр ао;60;20171124;100000;8.92;9.09;8.92;9;46;0
ЮТэйр ао;60;20171124;120000;8.9;8.9;8.9;8.9;30;0
ЮТэйр ао;60;20171124;130000;8.99;8.99;8.99;8.99;8;0
ЮТэйр ао;60;20171124;150000;8.99;8.99;8.99;8.99;13;0
ЮТэйр ао;60;20171124;160000;8.91;8.99;8.9;8.99;20;0
ЮТэйр ао;60;20171124;170000;8.97;9;8.97;9;37;0
ЮТэйр ао;60;20171124;180000;9;9.04;8.9;9.04;69;0
ЮТэйр ао;60;20171127;110000;8.89;8.99;8.85;8.99;116;0
ЮТэйр ао;60;20171127;160000;8.9;8.9;8.69;8.69;32;0
ЮТэйр ао;60;20171127;170000;8.8;8.8;8.8;8.8;1;0
ЮТэйр ао;60;20171127;180000;8.76;8.76;8.75;8.76;10;0
ЮТэйр ао;60;20171128;100000;8.77;8.77;8.76;8.76;6;0
ЮТэйр ао;60;20171128;110000;8.77;8.77;8.77;8.77;5;0
ЮТэйр ао;60;20171128;140000;8.75;8.75;8.75;8.75;1;0
ЮТэйр ао;60;20171128;180000;8.75;8.75;8.7;8.7;10;0
ЮТэйр ао;60;20171129;100000;8.69;8.7;8.62;8.62;53;0
ЮТэйр ао;60;20171129;110000;8.66;8.68;8.62;8.62;37;0
ЮТэйр ао;60;20171129;140000;8.61;8.61;8.61;8.61;2;0
ЮТэйр ао;60;20171129;160000;8.61;8.68;8.61;8.68;4;0
ЮТэйр ао;60;20171130;110000;8.67;8.71;8.67;8.71;6;0
ЮТэйр ао;60;20171130;140000;8.73;8.73;8.68;8.68;8;0
ЮТэйр ао;60;20171130;150000;8.68;8.71;8.61;8.61;75;0
ЮТэйр ао;60;20171130;160000;8.68;8.69;8.61;8.69;49;0
ЮТэйр ао;60;20171130;170000;8.69;8.69;8.69;8.69;12;0
ЮТэйр ао;60;20171130;180000;8.7;8.71;8.65;8.65;8;0
ЮТэйр ао;60;20171201;100000;8.6;8.61;8.59;8.59;12;0
ЮТэйр ао;60;20171201;120000;8.59;8.59;8.59;8.59;1;0
ЮТэйр ао;60;20171201;130000;8.59;8.59;8.52;8.52;8;0
ЮТэйр ао;60;20171201;160000;8.62;8.62;8.62;8.62;3;0
ЮТэйр ао;60;20171201;170000;8.65;8.66;8.65;8.66;5;0
ЮТэйр ао;60;20171201;180000;8.62;8.62;8.62;8.62;1;0
ЮТэйр ао;60;20171204;090000;8.41;8.41;8.41;8.41;8;0
ЮТэйр ао;60;20171204;110000;8.57;8.57;8.57;8.57;1;0
ЮТэйр ао;60;20171204;120000;8.64;8.65;8.64;8.65;5;0
ЮТэйр ао;60;20171204;130000;8.61;8.61;8.61;8.61;1;0
ЮТэйр ао;60;20171204;180000;8.52;8.52;8.52;8.52;2;0
ЮТэйр ао;60;20171205;100000;8.6;8.61;8.6;8.6;50;0
ЮТэйр ао;60;20171205;130000;8.53;8.53;8.53;8.53;20;0
ЮТэйр ао;60;20171205;150000;8.61;8.61;8.61;8.61;3;0
ЮТэйр ао;60;20171205;160000;8.61;8.62;8.61;8.62;5;0
ЮТэйр ао;60;20171206;100000;8.57;8.57;8.55;8.55;50;0
ЮТэйр ао;60;20171206;110000;8.55;8.66;8.55;8.66;14;0
ЮТэйр ао;60;20171206;120000;8.58;8.58;8.55;8.55;75;0
ЮТэйр ао;60;20171206;130000;8.58;8.58;8.58;8.58;8;0
ЮТэйр ао;60;20171206;150000;8.65;8.66;8.65;8.66;6;0
ЮТэйр ао;60;20171206;160000;8.59;8.59;8.55;8.55;46;0
ЮТэйр ао;60;20171206;170000;8.56;8.56;8.56;8.56;4;0
ЮТэйр ао;60;20171207;110000;8.54;8.54;8.51;8.51;46;0
ЮТэйр ао;60;20171207;130000;8.51;8.51;8.51;8.51;5;0
ЮТэйр ао;60;20171207;160000;8.61;8.62;8.61;8.62;13;0
ЮТэйр ао;60;20171207;170000;8.61;8.61;8.55;8.55;11;0
ЮТэйр ао;60;20171207;180000;8.66;8.66;8.66;8.66;1;0
ЮТэйр ао;60;20171208;100000;8.56;8.65;8.54;8.65;130;0
ЮТэйр ао;60;20171208;110000;8.66;8.66;8.66;8.66;1;0
ЮТэйр ао;60;20171208;120000;8.54;8.54;8.54;8.54;1;0
ЮТэйр ао;60;20171208;170000;8.63;8.65;8.63;8.65;30;0
ЮТэйр ао;60;20171208;180000;8.56;8.67;8.56;8.67;7;0
ЮТэйр ао;60;20171211;140000;8.58;8.58;8.58;8.58;1;0
ЮТэйр ао;60;20171211;150000;8.58;8.66;8.55;8.66;61;0
ЮТэйр ао;60;20171211;170000;8.65;8.65;8.55;8.55;35;0
ЮТэйр ао;60;20171212;100000;8.63;8.66;8.63;8.66;31;0
ЮТэйр ао;60;20171212;110000;8.65;8.69;8.65;8.69;64;0
ЮТэйр ао;60;20171212;120000;8.65;8.65;8.63;8.63;7;0
ЮТэйр ао;60;20171212;130000;8.63;8.63;8.63;8.63;17;0
ЮТэйр ао;60;20171212;170000;8.65;8.65;8.65;8.65;16;0
ЮТэйр ао;60;20171212;180000;8.65;8.65;8.65;8.65;3;0
ЮТэйр ао;60;20171213;110000;8.72;8.73;8.72;8.73;2;0
ЮТэйр ао;60;20171213;180000;8.72;8.73;8.72;8.73;2;0
ЮТэйр ао;60;20171214;110000;8.73;8.73;8.73;8.73;2;0
ЮТэйр ао;60;20171214;150000;8.73;8.73;8.73;8.73;1;0
ЮТэйр ао;60;20171214;160000;8.64;8.64;8.64;8.64;2;0
ЮТэйр ао;60;20171214;180000;8.71;8.74;8.7;8.74;23;0
ЮТэйр ао;60;20171215;100000;8.67;8.67;8.67;8.67;10;0
ЮТэйр ао;60;20171215;110000;8.63;8.67;8.53;8.65;102;0
ЮТэйр ао;60;20171215;120000;8.57;8.57;8.53;8.53;53;0
ЮТэйр ао;60;20171215;130000;8.59;8.66;8.56;8.56;41;0
ЮТэйр ао;60;20171215;180000;8.59;8.59;8.59;8.59;2;0
ЮТэйр ао;60;20171218;100000;8.56;8.62;8.52;8.62;29;0
ЮТэйр ао;60;20171218;180000;8.61;8.67;8.61;8.67;30;0
ЮТэйр ао;60;20171219;120000;8.68;8.71;8.68;8.71;15;0
ЮТэйр ао;60;20171219;170000;8.59;8.59;8.25;8.25;419;0
ЮТэйр ао;60;20171219;180000;8.36;8.37;8.2;8.37;196;0
ЮТэйр ао;60;20171220;100000;8.37;8.37;8.25;8.37;12;0
ЮТэйр ао;60;20171220;110000;8.27;8.36;8.26;8.36;18;0
ЮТэйр ао;60;20171220;120000;8.27;8.27;8.27;8.27;1;0
ЮТэйр ао;60;20171220;130000;8.26;8.28;8.22;8.28;43;0
ЮТэйр ао;60;20171220;150000;8.25;8.25;8.21;8.21;45;0
ЮТэйр ао;60;20171220;160000;8.21;8.22;8.2;8.2;23;0
ЮТэйр ао;60;20171220;170000;8.19;8.2;8.19;8.2;42;0
ЮТэйр ао;60;20171220;180000;8.23;8.23;8.23;8.23;12;0
ЮТэйр ао;60;20171221;110000;8.2;8.2;8.2;8.2;20;0
ЮТэйр ао;60;20171221;120000;8.17;8.25;8;8.2;518;0
ЮТэйр ао;60;20171221;130000;8.16;8.2;8.1;8.2;72;0
ЮТэйр ао;60;20171221;140000;8.12;8.2;8.12;8.2;25;0
ЮТэйр ао;60;20171221;160000;8.18;8.21;8.07;8.21;193;0
ЮТэйр ао;60;20171221;170000;8.2;8.39;8.2;8.39;142;0
ЮТэйр ао;60;20171221;180000;8.4;8.4;8.4;8.4;20;0
ЮТэйр ао;60;20171222;100000;8.4;8.63;8.38;8.51;232;0
ЮТэйр ао;60;20171222;110000;8.5;8.5;8.5;8.5;42;0
ЮТэйр ао;60;20171222;130000;8.47;8.5;8.45;8.5;35;0
ЮТэйр ао;60;20171222;140000;8.45;8.45;8.38;8.38;100;0
ЮТэйр ао;60;20171222;150000;8.5;8.5;8.5;8.5;10;0
ЮТэйр ао;60;20171222;160000;8.5;8.5;8.5;8.5;10;0
ЮТэйр ао;60;20171222;170000;8.52;8.57;8.52;8.57;121;0
ЮТэйр ао;60;20171222;180000;8.58;8.71;8.53;8.68;346;0
ЮТэйр ао;60;20171225;100000;8.37;8.57;8.37;8.51;14;0
ЮТэйр ао;60;20171225;110000;8.59;8.77;8.59;8.77;270;0
ЮТэйр ао;60;20171225;120000;8.75;8.75;8.75;8.75;7;0
ЮТэйр ао;60;20171225;130000;8.63;8.63;8.63;8.63;2;0
ЮТэйр ао;60;20171225;140000;8.68;8.68;8.68;8.68;1;0
ЮТэйр ао;60;20171226;120000;8.7;8.7;8.69;8.69;24;0
ЮТэйр ао;60;20171226;130000;8.7;8.7;8.69;8.69;73;0
ЮТэйр ао;60;20171226;140000;8.69;8.69;8.69;8.69;184;0
ЮТэйр ао;60;20171226;150000;8.69;8.69;8.69;8.69;11;0
ЮТэйр ао;60;20171226;180000;8.69;8.69;8.68;8.68;38;0
ЮТэйр ао;60;20171227;110000;8.63;8.64;8.56;8.6;20;0
ЮТэйр ао;60;20171227;120000;8.61;8.61;8.61;8.61;1;0
ЮТэйр ао;60;20171227;160000;8.6;8.7;8.6;8.7;126;0
ЮТэйр ао;60;20171227;170000;8.7;8.7;8.7;8.7;11;0
ЮТэйр ао;60;20171227;180000;8.7;8.7;8.7;8.7;23;0
ЮТэйр ао;60;20171228;110000;8.63;8.63;8.63;8.63;6;0
ЮТэйр ао;60;20171228;170000;8.69;8.7;8.69;8.7;45;0
ЮТэйр ао;60;20171228;180000;8.7;8.7;8.7;8.7;27;0
ЮТэйр ао;60;20171229;100000;8.61;8.61;8.61;8.61;1;0
ЮТэйр ао;60;20171229;110000;8.69;8.7;8.69;8.7;31;0
ЮТэйр ао;60;20171229;130000;8.7;8.7;8.7;8.7;1;0
ЮТэйр ао;60;20171229;160000;8.72;8.76;8.72;8.76;6;0
ЮТэйр ао;60;20171229;170000;8.77;9.2;8.77;9;767;0
ЮТэйр ао;60;20171229;180000;9;9.03;9;9.03;260;0
