<TICKER>;<PER>;<DATE>;<TIME>;<OPEN>;<HIGH>;<LOW>;<CLOSE>;<VOL>;<OPENINT>
Якутскэн-п;60;20170124;140000;0.283;0.283;0.282;0.282;9;0
Якутскэн-п;60;20170124;150000;0.284;0.285;0.283;0.285;8;0
Якутскэн-п;60;20170124;180000;0.282;0.282;0.282;0.282;1;0
Якутскэн-п;60;20170125;100000;0.284;0.286;0.283;0.286;3;0
Якутскэн-п;60;20170125;140000;0.287;0.288;0.287;0.288;2;0
Якутскэн-п;60;20170125;150000;0.288;0.288;0.288;0.288;1;0
Якутскэн-п;60;20170125;160000;0.288;0.291;0.288;0.291;70;0
Якутскэн-п;60;20170126;100000;0.288;0.288;0.288;0.288;2;0
Якутскэн-п;60;20170126;110000;0.291;0.304;0.291;0.304;71;0
Якутскэн-п;60;20170126;120000;0.305;0.31;0.302;0.302;157;0
Якутскэн-п;60;20170126;130000;0.301;0.301;0.296;0.296;14;0
Якутскэн-п;60;20170126;140000;0.295;0.297;0.295;0.297;9;0
Якутскэн-п;60;20170126;160000;0.296;0.297;0.296;0.297;2;0
Якутскэн-п;60;20170126;180000;0.294;0.294;0.294;0.294;2;0
Якутскэн-п;60;20170127;100000;0.295;0.314;0.295;0.308;83;0
Якутскэн-п;60;20170127;110000;0.307;0.315;0.305;0.313;100;0
Якутскэн-п;60;20170127;120000;0.312;0.312;0.305;0.305;33;0
Якутскэн-п;60;20170127;130000;0.305;0.305;0.3;0.301;45;0
Якутскэн-п;60;20170127;150000;0.302;0.305;0.302;0.305;34;0
Якутскэн-п;60;20170127;160000;0.305;0.305;0.305;0.305;6;0
Якутскэн-п;60;20170127;170000;0.302;0.307;0.302;0.307;9;0
Якутскэн-п;60;20170127;180000;0.304;0.304;0.304;0.304;1;0
Якутскэн-п;60;20170130;090000;0.308;0.308;0.308;0.308;1;0
Якутскэн-п;60;20170130;100000;0.308;0.31;0.308;0.31;9;0
Якутскэн-п;60;20170130;110000;0.31;0.31;0.31;0.31;32;0
Якутскэн-п;60;20170130;170000;0.306;0.306;0.305;0.305;4;0
Якутскэн-п;60;20170130;180000;0.304;0.304;0.304;0.304;1;0
Якутскэн-п;60;20170131;180000;0.304;0.304;0.304;0.304;2;0
Якутскэн-п;60;20170201;110000;0.304;0.304;0.304;0.304;1;0
Якутскэн-п;60;20170201;120000;0.306;0.306;0.306;0.306;1;0
Якутскэн-п;60;20170201;130000;0.304;0.304;0.304;0.304;1;0
Якутскэн-п;60;20170201;140000;0.303;0.303;0.29;0.29;43;0
Якутскэн-п;60;20170201;160000;0.297;0.298;0.29;0.298;11;0
Якутскэн-п;60;20170201;170000;0.295;0.295;0.295;0.295;3;0
Якутскэн-п;60;20170201;180000;0.294;0.294;0.29;0.29;5;0
Якутскэн-п;60;20170202;100000;0.293;0.297;0.293;0.295;8;0
Якутскэн-п;60;20170202;130000;0.295;0.295;0.295;0.295;2;0
Якутскэн-п;60;20170202;160000;0.295;0.295;0.295;0.295;19;0
Якутскэн-п;60;20170203;100000;0.295;0.295;0.295;0.295;1;0
Якутскэн-п;60;20170203;110000;0.294;0.294;0.294;0.294;1;0
Якутскэн-п;60;20170203;120000;0.293;0.293;0.289;0.289;36;0
Якутскэн-п;60;20170203;150000;0.293;0.293;0.293;0.293;8;0
Якутскэн-п;60;20170203;160000;0.295;0.298;0.295;0.298;7;0
Якутскэн-п;60;20170206;100000;0.295;0.298;0.294;0.298;9;0
Якутскэн-п;60;20170206;110000;0.296;0.299;0.296;0.299;9;0
Якутскэн-п;60;20170206;120000;0.3;0.3;0.3;0.3;1;0
Якутскэн-п;60;20170206;150000;0.297;0.297;0.296;0.296;10;0
Якутскэн-п;60;20170207;100000;0.298;0.299;0.298;0.299;15;0
Якутскэн-п;60;20170207;160000;0.3;0.3;0.296;0.296;3;0
Якутскэн-п;60;20170208;150000;0.3;0.3;0.3;0.3;1;0
Якутскэн-п;60;20170209;100000;0.297;0.297;0.297;0.297;1;0
Якутскэн-п;60;20170209;130000;0.296;0.296;0.296;0.296;1;0
Якутскэн-п;60;20170210;110000;0.297;0.297;0.297;0.297;1;0
Якутскэн-п;60;20170210;120000;0.297;0.297;0.297;0.297;130;0
Якутскэн-п;60;20170210;130000;0.297;0.297;0.29;0.29;20;0
Якутскэн-п;60;20170210;150000;0.292;0.292;0.29;0.29;7;0
Якутскэн-п;60;20170213;110000;0.293;0.293;0.29;0.29;5;0
Якутскэн-п;60;20170213;120000;0.29;0.29;0.288;0.288;7;0
Якутскэн-п;60;20170213;170000;0.293;0.293;0.289;0.289;2;0
Якутскэн-п;60;20170214;100000;0.29;0.29;0.29;0.29;6;0
Якутскэн-п;60;20170214;110000;0.289;0.289;0.289;0.289;1;0
Якутскэн-п;60;20170214;140000;0.289;0.289;0.287;0.287;4;0
Якутскэн-п;60;20170215;120000;0.29;0.29;0.29;0.29;1;0
Якутскэн-п;60;20170215;130000;0.288;0.288;0.281;0.287;24;0
Якутскэн-п;60;20170215;140000;0.284;0.284;0.284;0.284;10;0
Якутскэн-п;60;20170215;160000;0.288;0.29;0.288;0.29;20;0
Якутскэн-п;60;20170215;170000;0.29;0.29;0.29;0.29;3;0
Якутскэн-п;60;20170215;180000;0.29;0.29;0.285;0.285;4;0
Якутскэн-п;60;20170216;110000;0.288;0.288;0.281;0.281;12;0
Якутскэн-п;60;20170216;120000;0.286;0.289;0.286;0.289;3;0
Якутскэн-п;60;20170216;140000;0.289;0.29;0.289;0.29;50;0
Якутскэн-п;60;20170216;170000;0.288;0.288;0.288;0.288;3;0
Якутскэн-п;60;20170217;130000;0.286;0.286;0.281;0.281;15;0
Якутскэн-п;60;20170217;160000;0.282;0.285;0.281;0.285;5;0
Якутскэн-п;60;20170217;170000;0.282;0.282;0.28;0.28;30;0
Якутскэн-п;60;20170220;170000;0.282;0.282;0.28;0.28;54;0
Якутскэн-п;60;20170221;150000;0.283;0.283;0.283;0.283;5;0
Якутскэн-п;60;20170221;160000;0.284;0.284;0.284;0.284;2;0
Якутскэн-п;60;20170222;150000;0.284;0.284;0.284;0.284;1;0
Якутскэн-п;60;20170227;140000;0.284;0.284;0.284;0.284;2;0
Якутскэн-п;60;20170228;110000;0.279;0.279;0.277;0.277;2;0
Якутскэн-п;60;20170228;120000;0.275;0.275;0.265;0.271;8;0
Якутскэн-п;60;20170228;150000;0.273;0.273;0.273;0.273;1;0
Якутскэн-п;60;20170228;180000;0.272;0.272;0.272;0.272;1;0
Якутскэн-п;60;20170301;100000;0.274;0.274;0.267;0.267;3;0
Якутскэн-п;60;20170301;110000;0.271;0.279;0.271;0.279;2;0
Якутскэн-п;60;20170301;130000;0.28;0.28;0.28;0.28;2;0
Якутскэн-п;60;20170301;180000;0.282;0.282;0.282;0.282;1;0
Якутскэн-п;60;20170302;120000;0.28;0.28;0.28;0.28;1;0
Якутскэн-п;60;20170302;150000;0.279;0.279;0.279;0.279;1;0
Якутскэн-п;60;20170303;120000;0.272;0.274;0.272;0.274;2;0
Якутскэн-п;60;20170303;180000;0.272;0.275;0.27;0.275;33;0
Якутскэн-п;60;20170306;130000;0.271;0.273;0.266;0.266;46;0
Якутскэн-п;60;20170306;140000;0.271;0.273;0.271;0.273;4;0
Якутскэн-п;60;20170306;160000;0.27;0.27;0.269;0.269;10;0
Якутскэн-п;60;20170306;170000;0.269;0.269;0.268;0.268;19;0
Якутскэн-п;60;20170307;100000;0.271;0.271;0.271;0.271;1;0
Якутскэн-п;60;20170307;120000;0.269;0.269;0.26;0.26;29;0
Якутскэн-п;60;20170307;160000;0.261;0.267;0.261;0.267;20;0
Якутскэн-п;60;20170307;170000;0.269;0.269;0.269;0.269;1;0
Якутскэн-п;60;20170307;180000;0.269;0.269;0.269;0.269;5;0
Якутскэн-п;60;20170309;140000;0.265;0.265;0.26;0.26;2;0
Якутскэн-п;60;20170309;180000;0.259;0.259;0.259;0.259;22;0
Якутскэн-п;60;20170310;130000;0.258;0.258;0.257;0.257;5;0
Якутскэн-п;60;20170310;150000;0.26;0.26;0.26;0.26;1;0
Якутскэн-п;60;20170310;160000;0.261;0.261;0.261;0.261;1;0
Якутскэн-п;60;20170310;170000;0.259;0.259;0.259;0.259;1;0
Якутскэн-п;60;20170313;130000;0.266;0.266;0.266;0.266;1;0
Якутскэн-п;60;20170313;150000;0.266;0.266;0.266;0.266;1;0
Якутскэн-п;60;20170313;170000;0.267;0.267;0.267;0.267;1;0
Якутскэн-п;60;20170313;180000;0.268;0.27;0.268;0.27;5;0
Якутскэн-п;60;20170314;100000;0.27;0.274;0.27;0.27;10;0
Якутскэн-п;60;20170314;110000;0.267;0.279;0.263;0.279;105;0
Якутскэн-п;60;20170314;120000;0.279;0.28;0.279;0.28;2;0
Якутскэн-п;60;20170314;160000;0.268;0.268;0.266;0.266;5;0
Якутскэн-п;60;20170314;180000;0.27;0.27;0.266;0.269;7;0
Якутскэн-п;60;20170315;130000;0.265;0.265;0.265;0.265;3;0
Якутскэн-п;60;20170315;140000;0.27;0.27;0.27;0.27;1;0
Якутскэн-п;60;20170315;150000;0.265;0.265;0.265;0.265;3;0
Якутскэн-п;60;20170315;160000;0.264;0.264;0.262;0.263;39;0
Якутскэн-п;60;20170315;170000;0.263;0.263;0.263;0.263;1;0
Якутскэн-п;60;20170316;100000;0.267;0.267;0.267;0.267;1;0
Якутскэн-п;60;20170316;140000;0.269;0.27;0.269;0.27;3;0
Якутскэн-п;60;20170316;150000;0.271;0.271;0.271;0.271;1;0
Якутскэн-п;60;20170317;120000;0.279;0.279;0.279;0.279;1;0
Якутскэн-п;60;20170317;180000;0.271;0.271;0.271;0.271;1;0
Якутскэн-п;60;20170320;120000;0.27;0.27;0.27;0.27;3;0
Якутскэн-п;60;20170320;160000;0.27;0.27;0.27;0.27;5;0
Якутскэн-п;60;20170320;180000;0.27;0.27;0.266;0.266;2;0
Якутскэн-п;60;20170321;100000;0.27;0.27;0.27;0.27;1;0
Якутскэн-п;60;20170322;100000;0.267;0.267;0.26;0.26;4;0
Якутскэн-п;60;20170322;140000;0.263;0.263;0.26;0.26;34;0
Якутскэн-п;60;20170322;170000;0.261;0.262;0.261;0.262;2;0
Якутскэн-п;60;20170323;180000;0.262;0.262;0.262;0.262;1;0
Якутскэн-п;60;20170324;100000;0.262;0.269;0.262;0.269;151;0
Якутскэн-п;60;20170324;110000;0.263;0.263;0.263;0.263;151;0
Якутскэн-п;60;20170324;130000;0.27;0.27;0.27;0.27;1;0
Якутскэн-п;60;20170324;140000;0.266;0.266;0.266;0.266;8;0
Якутскэн-п;60;20170324;150000;0.27;0.27;0.27;0.27;3;0
Якутскэн-п;60;20170324;160000;0.268;0.27;0.268;0.27;13;0
Якутскэн-п;60;20170324;170000;0.27;0.275;0.27;0.275;12;0
Якутскэн-п;60;20170324;180000;0.266;0.267;0.266;0.267;2;0
Якутскэн-п;60;20170327;100000;0.263;0.263;0.26;0.26;5;0
Якутскэн-п;60;20170327;110000;0.26;0.26;0.26;0.26;10;0
Якутскэн-п;60;20170327;170000;0.26;0.26;0.259;0.259;2;0
Якутскэн-п;60;20170328;100000;0.266;0.266;0.258;0.258;8;0
Якутскэн-п;60;20170328;120000;0.258;0.258;0.258;0.258;6;0
Якутскэн-п;60;20170328;140000;0.257;0.257;0.257;0.257;4;0
Якутскэн-п;60;20170328;150000;0.257;0.266;0.257;0.266;88;0
Якутскэн-п;60;20170328;160000;0.257;0.257;0.257;0.257;290;0
Якутскэн-п;60;20170328;170000;0.265;0.265;0.265;0.265;1;0
Якутскэн-п;60;20170329;140000;0.256;0.259;0.252;0.259;12;0
Якутскэн-п;60;20170329;160000;0.264;0.264;0.264;0.264;2;0
Якутскэн-п;60;20170331;110000;0.265;0.265;0.265;0.265;1;0
Якутскэн-п;60;20170331;150000;0.265;0.277;0.265;0.277;23;0
Якутскэн-п;60;20170331;160000;0.271;0.271;0.27;0.27;2;0
Якутскэн-п;60;20170331;170000;0.272;0.278;0.272;0.278;20;0
Якутскэн-п;60;20170331;180000;0.277;0.28;0.277;0.28;85;0
Якутскэн-п;60;20170403;100000;0.273;0.29;0.25;0.26;107;0
Якутскэн-п;60;20170403;110000;0.262;0.266;0.258;0.262;32;0
Якутскэн-п;60;20170403;120000;0.264;0.269;0.264;0.269;16;0
Якутскэн-п;60;20170403;130000;0.269;0.27;0.26;0.264;7;0
Якутскэн-п;60;20170403;140000;0.27;0.27;0.26;0.269;6;0
Якутскэн-п;60;20170403;160000;0.27;0.27;0.27;0.27;3;0
Якутскэн-п;60;20170403;180000;0.27;0.27;0.27;0.27;1;0
Якутскэн-п;60;20170404;110000;0.262;0.262;0.262;0.262;1;0
Якутскэн-п;60;20170404;140000;0.269;0.278;0.268;0.268;15;0
Якутскэн-п;60;20170404;150000;0.278;0.278;0.278;0.278;1;0
Якутскэн-п;60;20170404;160000;0.269;0.269;0.263;0.263;2;0
Якутскэн-п;60;20170404;170000;0.263;0.263;0.263;0.263;3;0
Якутскэн-п;60;20170404;180000;0.267;0.267;0.267;0.267;1;0
Якутскэн-п;60;20170405;100000;0.273;0.28;0.273;0.28;2;0
Якутскэн-п;60;20170405;120000;0.278;0.278;0.278;0.278;1;0
Якутскэн-п;60;20170405;130000;0.277;0.277;0.271;0.271;4;0
Якутскэн-п;60;20170405;160000;0.27;0.27;0.264;0.264;3;0
Якутскэн-п;60;20170406;100000;0.274;0.275;0.271;0.271;3;0
Якутскэн-п;60;20170406;150000;0.272;0.272;0.27;0.27;14;0
Якутскэн-п;60;20170406;160000;0.27;0.27;0.269;0.269;2;0
Якутскэн-п;60;20170406;180000;0.27;0.27;0.268;0.268;5;0
Якутскэн-п;60;20170407;100000;0.268;0.268;0.268;0.268;1;0
Якутскэн-п;60;20170407;110000;0.265;0.265;0.263;0.263;5;0
Якутскэн-п;60;20170407;140000;0.263;0.263;0.262;0.262;2;0
Якутскэн-п;60;20170407;170000;0.261;0.261;0.261;0.261;5;0
Якутскэн-п;60;20170410;100000;0.262;0.265;0.26;0.265;13;0
Якутскэн-п;60;20170410;110000;0.266;0.266;0.265;0.265;2;0
Якутскэн-п;60;20170410;130000;0.26;0.26;0.26;0.26;5;0
Якутскэн-п;60;20170411;110000;0.255;0.255;0.255;0.255;4;0
Якутскэн-п;60;20170411;120000;0.265;0.266;0.257;0.266;6;0
Якутскэн-п;60;20170411;140000;0.255;0.266;0.254;0.266;5;0
Якутскэн-п;60;20170411;150000;0.267;0.267;0.267;0.267;1;0
Якутскэн-п;60;20170412;100000;0.264;0.264;0.263;0.263;2;0
Якутскэн-п;60;20170412;110000;0.263;0.263;0.261;0.261;3;0
Якутскэн-п;60;20170412;130000;0.255;0.255;0.251;0.251;20;0
Якутскэн-п;60;20170412;160000;0.252;0.252;0.25;0.25;24;0
Якутскэн-п;60;20170412;170000;0.259;0.259;0.242;0.242;9;0
Якутскэн-п;60;20170413;090000;0.26;0.26;0.26;0.26;1;0
Якутскэн-п;60;20170413;100000;0.255;0.255;0.254;0.254;2;0
Якутскэн-п;60;20170413;110000;0.255;0.255;0.255;0.255;2;0
Якутскэн-п;60;20170413;160000;0.25;0.25;0.247;0.247;5;0
Якутскэн-п;60;20170414;140000;0.254;0.255;0.254;0.255;2;0
Якутскэн-п;60;20170414;150000;0.258;0.259;0.257;0.257;6;0
Якутскэн-п;60;20170414;160000;0.258;0.259;0.257;0.257;16;0
Якутскэн-п;60;20170414;170000;0.256;0.26;0.256;0.26;86;0
Якутскэн-п;60;20170414;180000;0.26;0.264;0.252;0.26;121;0
Якутскэн-п;60;20170417;100000;0.259;0.259;0.259;0.259;1;0
Якутскэн-п;60;20170417;110000;0.258;0.258;0.258;0.258;2;0
Якутскэн-п;60;20170417;120000;0.257;0.257;0.24;0.25;42;0
Якутскэн-п;60;20170417;130000;0.249;0.25;0.249;0.249;5;0
Якутскэн-п;60;20170417;140000;0.25;0.25;0.25;0.25;6;0
Якутскэн-п;60;20170417;150000;0.252;0.252;0.252;0.252;1;0
Якутскэн-п;60;20170417;170000;0.249;0.252;0.247;0.25;11;0
Якутскэн-п;60;20170418;100000;0.247;0.247;0.247;0.247;1;0
Якутскэн-п;60;20170418;120000;0.25;0.25;0.25;0.25;1;0
Якутскэн-п;60;20170418;180000;0.247;0.247;0.245;0.245;11;0
Якутскэн-п;60;20170419;150000;0.25;0.253;0.25;0.253;6;0
Якутскэн-п;60;20170419;180000;0.25;0.25;0.25;0.25;1;0
Якутскэн-п;60;20170420;110000;0.25;0.25;0.25;0.25;1;0
Якутскэн-п;60;20170420;130000;0.249;0.249;0.247;0.247;7;0
Якутскэн-п;60;20170420;140000;0.246;0.246;0.245;0.245;4;0
Якутскэн-п;60;20170420;150000;0.245;0.245;0.244;0.244;3;0
Якутскэн-п;60;20170420;160000;0.243;0.243;0.24;0.24;40;0
Якутскэн-п;60;20170420;170000;0.239;0.239;0.239;0.239;3;0
Якутскэн-п;60;20170421;120000;0.24;0.24;0.24;0.24;1;0
Якутскэн-п;60;20170421;140000;0.24;0.24;0.24;0.24;1;0
Якутскэн-п;60;20170424;090000;0.238;0.238;0.238;0.238;1;0
Якутскэн-п;60;20170424;120000;0.24;0.24;0.24;0.24;3;0
Якутскэн-п;60;20170424;150000;0.238;0.238;0.238;0.238;5;0
Якутскэн-п;60;20170424;170000;0.241;0.241;0.241;0.241;2;0
Якутскэн-п;60;20170425;110000;0.242;0.242;0.242;0.242;1;0
Якутскэн-п;60;20170425;130000;0.243;0.243;0.243;0.243;1;0
Якутскэн-п;60;20170425;170000;0.24;0.24;0.24;0.24;1;0
Якутскэн-п;60;20170425;180000;0.243;0.25;0.242;0.242;32;0
Якутскэн-п;60;20170426;110000;0.248;0.25;0.247;0.247;12;0
Якутскэн-п;60;20170426;120000;0.25;0.25;0.25;0.25;4;0
Якутскэн-п;60;20170426;130000;0.251;0.251;0.251;0.251;4;0
Якутскэн-п;60;20170426;150000;0.252;0.252;0.252;0.252;5;0
Якутскэн-п;60;20170426;160000;0.249;0.249;0.249;0.249;1;0
Якутскэн-п;60;20170427;180000;0.248;0.248;0.248;0.248;1;0
Якутскэн-п;60;20170428;090000;0.253;0.253;0.253;0.253;4;0
Якутскэн-п;60;20170428;100000;0.254;0.258;0.254;0.257;11;0
Якутскэн-п;60;20170428;110000;0.257;0.259;0.257;0.259;6;0
Якутскэн-п;60;20170428;120000;0.257;0.257;0.257;0.257;1;0
Якутскэн-п;60;20170428;130000;0.255;0.255;0.25;0.255;8;0
Якутскэн-п;60;20170428;140000;0.255;0.255;0.255;0.255;1;0
Якутскэн-п;60;20170428;150000;0.255;0.255;0.255;0.255;1;0
Якутскэн-п;60;20170428;170000;0.255;0.255;0.25;0.25;5;0
Якутскэн-п;60;20170428;180000;0.254;0.254;0.254;0.254;2;0
Якутскэн-п;60;20170502;140000;0.255;0.255;0.255;0.255;1;0
Якутскэн-п;60;20170502;150000;0.257;0.258;0.257;0.258;2;0
Якутскэн-п;60;20170502;160000;0.255;0.255;0.255;0.255;1;0
Якутскэн-п;60;20170502;170000;0.257;0.257;0.257;0.257;1;0
Якутскэн-п;60;20170502;180000;0.254;0.254;0.254;0.254;1;0
Якутскэн-п;60;20170503;140000;0.255;0.255;0.255;0.255;1;0
Якутскэн-п;60;20170503;170000;0.254;0.254;0.254;0.254;1;0
Якутскэн-п;60;20170504;180000;0.254;0.254;0.254;0.254;4;0
Якутскэн-п;60;20170505;110000;0.253;0.253;0.25;0.25;13;0
Якутскэн-п;60;20170505;120000;0.25;0.25;0.248;0.248;7;0
Якутскэн-п;60;20170510;140000;0.251;0.255;0.251;0.255;12;0
Якутскэн-п;60;20170510;150000;0.256;0.258;0.256;0.258;10;0
Якутскэн-п;60;20170510;160000;0.256;0.256;0.256;0.256;1;0
Якутскэн-п;60;20170510;170000;0.254;0.254;0.254;0.254;1;0
Якутскэн-п;60;20170510;180000;0.254;0.254;0.253;0.253;7;0
Якутскэн-п;60;20170511;100000;0.252;0.252;0.252;0.252;6;0
Якутскэн-п;60;20170511;110000;0.256;0.256;0.255;0.255;5;0
Якутскэн-п;60;20170511;150000;0.252;0.252;0.252;0.252;1;0
Якутскэн-п;60;20170511;180000;0.256;0.257;0.256;0.257;8;0
Якутскэн-п;60;20170512;100000;0.257;0.257;0.257;0.257;5;0
Якутскэн-п;60;20170515;150000;0.253;0.253;0.253;0.253;3;0
Якутскэн-п;60;20170515;170000;0.253;0.253;0.253;0.253;2;0
Якутскэн-п;60;20170515;180000;0.252;0.252;0.252;0.252;3;0
Якутскэн-п;60;20170516;180000;0.244;0.244;0.244;0.244;1;0
Якутскэн-п;60;20170518;120000;0.248;0.248;0.248;0.248;1;0
Якутскэн-п;60;20170519;160000;0.241;0.244;0.241;0.244;2;0
Якутскэн-п;60;20170522;100000;0.24;0.24;0.24;0.24;10;0
Якутскэн-п;60;20170522;130000;0.25;0.25;0.25;0.25;10;0
Якутскэн-п;60;20170523;100000;0.24;0.24;0.24;0.24;10;0
Якутскэн-п;60;20170524;130000;0.238;0.238;0.236;0.236;36;0
Якутскэн-п;60;20170524;170000;0.237;0.25;0.236;0.25;64;0
Якутскэн-п;60;20170524;180000;0.25;0.25;0.25;0.25;1;0
Якутскэн-п;60;20170525;160000;0.242;0.242;0.242;0.242;1;0
Якутскэн-п;60;20170526;110000;0.244;0.244;0.244;0.244;11;0
Якутскэн-п;60;20170526;130000;0.248;0.248;0.248;0.248;12;0
Якутскэн-п;60;20170526;140000;0.243;0.243;0.243;0.243;1;0
Якутскэн-п;60;20170526;160000;0.248;0.248;0.248;0.248;3;0
Якутскэн-п;60;20170529;180000;0.241;0.241;0.236;0.236;2;0
Якутскэн-п;60;20170530;100000;0.241;0.241;0.24;0.24;4;0
Якутскэн-п;60;20170531;110000;0.249;0.249;0.249;0.249;4;0
Якутскэн-п;60;20170531;120000;0.255;0.255;0.252;0.252;6;0
Якутскэн-п;60;20170531;130000;0.251;0.251;0.248;0.248;5;0
Якутскэн-п;60;20170531;150000;0.25;0.25;0.25;0.25;1;0
Якутскэн-п;60;20170531;180000;0.248;0.248;0.248;0.248;8;0
Якутскэн-п;60;20170601;100000;0.248;0.248;0.238;0.241;25;0
Якутскэн-п;60;20170601;110000;0.242;0.243;0.242;0.243;2;0
Якутскэн-п;60;20170601;130000;0.244;0.247;0.244;0.247;4;0
Якутскэн-п;60;20170601;140000;0.248;0.248;0.248;0.248;1;0
Якутскэн-п;60;20170601;150000;0.246;0.246;0.245;0.245;4;0
Якутскэн-п;60;20170601;160000;0.244;0.246;0.244;0.246;3;0
Якутскэн-п;60;20170601;170000;0.244;0.246;0.244;0.246;4;0
Якутскэн-п;60;20170601;180000;0.246;0.25;0.246;0.25;3;0
Якутскэн-п;60;20170602;110000;0.246;0.246;0.246;0.246;1;0
Якутскэн-п;60;20170602;150000;0.245;0.245;0.245;0.245;1;0
Якутскэн-п;60;20170605;140000;0.245;0.245;0.232;0.237;15;0
Якутскэн-п;60;20170605;170000;0.239;0.239;0.239;0.239;1;0
Якутскэн-п;60;20170606;100000;0.241;0.247;0.241;0.247;12;0
Якутскэн-п;60;20170606;170000;0.245;0.245;0.243;0.243;3;0
Якутскэн-п;60;20170608;100000;0.234;0.234;0.23;0.23;24;0
Якутскэн-п;60;20170608;110000;0.238;0.244;0.238;0.244;23;0
Якутскэн-п;60;20170608;120000;0.24;0.24;0.24;0.24;1;0
Якутскэн-п;60;20170608;160000;0.236;0.238;0.233;0.238;16;0
Якутскэн-п;60;20170609;110000;0.241;0.241;0.241;0.241;1;0
Якутскэн-п;60;20170609;120000;0.241;0.242;0.241;0.242;5;0
Якутскэн-п;60;20170609;130000;0.245;0.245;0.245;0.245;26;0
Якутскэн-п;60;20170609;180000;0.247;0.25;0.247;0.25;5;0
Якутскэн-п;60;20170613;180000;0.245;0.245;0.245;0.245;1;0
Якутскэн-п;60;20170616;100000;0.25;0.25;0.25;0.25;4;0
Якутскэн-п;60;20170619;160000;0.244;0.244;0.24;0.244;24;0
Якутскэн-п;60;20170620;160000;0.249;0.249;0.249;0.249;1;0
Якутскэн-п;60;20170622;100000;0.245;0.246;0.245;0.246;3;0
Якутскэн-п;60;20170622;150000;0.247;0.247;0.247;0.247;1;0
Якутскэн-п;60;20170622;160000;0.245;0.247;0.245;0.247;2;0
Якутскэн-п;60;20170622;170000;0.245;0.245;0.235;0.235;10;0
Якутскэн-п;60;20170622;180000;0.245;0.245;0.245;0.245;5;0
Якутскэн-п;60;20170623;100000;0.244;0.244;0.243;0.243;2;0
Якутскэн-п;60;20170623;120000;0.245;0.247;0.245;0.247;10;0
Якутскэн-п;60;20170623;170000;0.245;0.245;0.244;0.244;2;0
Якутскэн-п;60;20170626;120000;0.243;0.243;0.236;0.236;8;0
Якутскэн-п;60;20170627;100000;0.241;0.243;0.238;0.243;24;0
Якутскэн-п;60;20170627;120000;0.243;0.244;0.243;0.244;5;0
Якутскэн-п;60;20170627;130000;0.242;0.242;0.233;0.236;18;0
Якутскэн-п;60;20170627;140000;0.237;0.239;0.237;0.239;3;0
Якутскэн-п;60;20170628;100000;0.24;0.241;0.24;0.241;2;0
Якутскэн-п;60;20170628;140000;0.241;0.243;0.241;0.243;10;0
Якутскэн-п;60;20170628;150000;0.243;0.246;0.24;0.24;27;0
Якутскэн-п;60;20170628;160000;0.24;0.242;0.239;0.239;61;0
Якутскэн-п;60;20170628;170000;0.238;0.238;0.23;0.23;60;0
Якутскэн-п;60;20170629;100000;0.236;0.236;0.236;0.236;1;0
Якутскэн-п;60;20170629;180000;0.236;0.236;0.236;0.236;1;0
Якутскэн-п;60;20170630;130000;0.238;0.238;0.238;0.238;2;0
Якутскэн-п;60;20170630;140000;0.236;0.236;0.235;0.235;4;0
Якутскэн-п;60;20170703;120000;0.234;0.234;0.233;0.233;3;0
Якутскэн-п;60;20170703;150000;0.233;0.234;0.233;0.234;9;0
Якутскэн-п;60;20170703;180000;0.233;0.234;0.233;0.234;6;0
Якутскэн-п;60;20170704;120000;0.235;0.235;0.235;0.235;1;0
Якутскэн-п;60;20170705;180000;0.232;0.239;0.229;0.239;19;0
Якутскэн-п;60;20170707;100000;0.237;0.237;0.236;0.236;2;0
Якутскэн-п;60;20170710;120000;0.237;0.264;0.237;0.253;104;0
Якутскэн-п;60;20170710;130000;0.247;0.27;0.228;0.262;189;0
Якутскэн-п;60;20170710;140000;0.264;0.28;0.241;0.258;164;0
Якутскэн-п;60;20170710;150000;0.257;0.27;0.234;0.27;147;0
Якутскэн-п;60;20170710;160000;0.27;0.279;0.234;0.278;676;0
Якутскэн-п;60;20170710;170000;0.266;0.279;0.25;0.25;512;0
Якутскэн-п;60;20170710;180000;0.258;0.267;0.258;0.26;72;0
Якутскэн-п;60;20170711;090000;0.267;0.267;0.267;0.267;5;0
Якутскэн-п;60;20170711;100000;0.265;0.265;0.242;0.242;183;0
Якутскэн-п;60;20170711;110000;0.249;0.25;0.242;0.249;35;0
Якутскэн-п;60;20170711;120000;0.244;0.244;0.244;0.244;1;0
Якутскэн-п;60;20170711;140000;0.244;0.246;0.242;0.246;11;0
Якутскэн-п;60;20170711;180000;0.248;0.25;0.246;0.246;5;0
Якутскэн-п;60;20170712;120000;0.242;0.242;0.241;0.241;3;0
Якутскэн-п;60;20170712;150000;0.244;0.246;0.244;0.246;3;0
Якутскэн-п;60;20170712;160000;0.243;0.243;0.241;0.241;8;0
Якутскэн-п;60;20170712;170000;0.241;0.241;0.241;0.241;2;0
Якутскэн-п;60;20170713;100000;0.24;0.24;0.24;0.24;12;0
Якутскэн-п;60;20170713;140000;0.24;0.24;0.24;0.24;5;0
Якутскэн-п;60;20170713;150000;0.244;0.255;0.244;0.255;57;0
Якутскэн-п;60;20170713;160000;0.253;0.261;0.251;0.261;111;0
Якутскэн-п;60;20170713;170000;0.26;0.26;0.258;0.26;43;0
Якутскэн-п;60;20170713;180000;0.26;0.264;0.259;0.262;59;0
Якутскэн-п;60;20170714;110000;0.258;0.261;0.258;0.261;30;0
Якутскэн-п;60;20170714;120000;0.262;0.267;0.262;0.267;6;0
Якутскэн-п;60;20170714;150000;0.267;0.27;0.267;0.27;20;0
Якутскэн-п;60;20170714;160000;0.261;0.269;0.261;0.269;4;0
Якутскэн-п;60;20170714;180000;0.263;0.263;0.26;0.26;14;0
Якутскэн-п;60;20170718;160000;0.257;0.257;0.252;0.252;8;0
Якутскэн-п;60;20170718;170000;0.251;0.251;0.25;0.25;7;0
Якутскэн-п;60;20170718;180000;0.252;0.252;0.25;0.25;6;0
Якутскэн-п;60;20170719;090000;0.255;0.255;0.255;0.255;1;0
Якутскэн-п;60;20170719;130000;0.251;0.251;0.251;0.251;1;0
Якутскэн-п;60;20170719;150000;0.25;0.25;0.249;0.249;2;0
Якутскэн-п;60;20170720;160000;0.254;0.255;0.254;0.255;9;0
Якутскэн-п;60;20170720;170000;0.256;0.26;0.256;0.26;30;0
Якутскэн-п;60;20170720;180000;0.261;0.261;0.255;0.26;5;0
Якутскэн-п;60;20170721;170000;0.261;0.261;0.261;0.261;1;0
Якутскэн-п;60;20170721;180000;0.262;0.262;0.262;0.262;2;0
Якутскэн-п;60;20170725;100000;0.258;0.258;0.253;0.253;17;0
Якутскэн-п;60;20170725;160000;0.257;0.258;0.257;0.258;4;0
Якутскэн-п;60;20170725;170000;0.258;0.259;0.258;0.259;4;0
Якутскэн-п;60;20170725;180000;0.258;0.259;0.258;0.259;4;0
Якутскэн-п;60;20170726;110000;0.255;0.256;0.255;0.256;3;0
Якутскэн-п;60;20170726;180000;0.255;0.255;0.255;0.255;2;0
Якутскэн-п;60;20170727;100000;0.257;0.257;0.257;0.257;1;0
Якутскэн-п;60;20170727;110000;0.256;0.256;0.256;0.256;12;0
Якутскэн-п;60;20170727;120000;0.259;0.259;0.259;0.259;1;0
Якутскэн-п;60;20170727;180000;0.256;0.256;0.256;0.256;1;0
Якутскэн-п;60;20170728;100000;0.268;0.268;0.268;0.268;1;0
Якутскэн-п;60;20170728;110000;0.256;0.256;0.255;0.255;2;0
Якутскэн-п;60;20170728;120000;0.258;0.258;0.258;0.258;3;0
Якутскэн-п;60;20170728;160000;0.254;0.254;0.254;0.254;1;0
Якутскэн-п;60;20170801;120000;0.255;0.255;0.255;0.255;1;0
Якутскэн-п;60;20170803;120000;0.255;0.255;0.255;0.255;4;0
Якутскэн-п;60;20170804;110000;0.264;0.264;0.253;0.253;2;0
Якутскэн-п;60;20170807;160000;0.262;0.262;0.26;0.26;3;0
Якутскэн-п;60;20170808;150000;0.262;0.262;0.262;0.262;3;0
Якутскэн-п;60;20170808;170000;0.263;0.263;0.263;0.263;1;0
Якутскэн-п;60;20170808;180000;0.264;0.264;0.264;0.264;2;0
Якутскэн-п;60;20170809;110000;0.259;0.259;0.259;0.259;1;0
Якутскэн-п;60;20170809;120000;0.258;0.258;0.258;0.258;1;0
Якутскэн-п;60;20170809;180000;0.261;0.261;0.261;0.261;1;0
Якутскэн-п;60;20170810;100000;0.265;0.29;0.265;0.268;8;0
Якутскэн-п;60;20170810;110000;0.268;0.268;0.268;0.268;4;0
Якутскэн-п;60;20170810;150000;0.26;0.264;0.26;0.264;2;0
Якутскэн-п;60;20170810;180000;0.265;0.265;0.265;0.265;2;0
Якутскэн-п;60;20170811;180000;0.263;0.263;0.263;0.263;3;0
Якутскэн-п;60;20170815;160000;0.262;0.263;0.262;0.263;4;0
Якутскэн-п;60;20170816;120000;0.262;0.262;0.262;0.262;4;0
Якутскэн-п;60;20170816;130000;0.265;0.268;0.265;0.268;3;0
Якутскэн-п;60;20170816;140000;0.262;0.262;0.26;0.26;3;0
Якутскэн-п;60;20170817;100000;0.268;0.268;0.268;0.268;2;0
Якутскэн-п;60;20170817;180000;0.26;0.26;0.26;0.26;2;0
Якутскэн-п;60;20170818;140000;0.26;0.26;0.26;0.26;1;0
Якутскэн-п;60;20170821;100000;0.268;0.268;0.268;0.268;8;0
Якутскэн-п;60;20170821;130000;0.263;0.263;0.263;0.263;2;0
Якутскэн-п;60;20170821;150000;0.267;0.268;0.267;0.268;2;0
Якутскэн-п;60;20170821;170000;0.267;0.267;0.267;0.267;1;0
Якутскэн-п;60;20170822;140000;0.269;0.286;0.269;0.286;38;0
Якутскэн-п;60;20170822;150000;0.28;0.28;0.268;0.268;7;0
Якутскэн-п;60;20170822;160000;0.268;0.268;0.265;0.265;12;0
Якутскэн-п;60;20170822;170000;0.276;0.277;0.276;0.277;3;0
Якутскэн-п;60;20170824;160000;0.265;0.277;0.26;0.277;22;0
Якутскэн-п;60;20170825;110000;0.263;0.263;0.263;0.263;1;0
Якутскэн-п;60;20170825;120000;0.27;0.27;0.27;0.27;1;0
Якутскэн-п;60;20170825;160000;0.27;0.275;0.27;0.275;18;0
Якутскэн-п;60;20170828;180000;0.273;0.277;0.27;0.277;13;0
Якутскэн-п;60;20170829;110000;0.269;0.27;0.268;0.27;3;0
Якутскэн-п;60;20170830;170000;0.273;0.273;0.273;0.273;1;0
Якутскэн-п;60;20170831;170000;0.275;0.276;0.274;0.276;15;0
Якутскэн-п;60;20170901;100000;0.278;0.278;0.278;0.278;1;0
Якутскэн-п;60;20170901;180000;0.278;0.278;0.278;0.278;2;0
Якутскэн-п;60;20170904;100000;0.268;0.268;0.268;0.268;2;0
Якутскэн-п;60;20170904;150000;0.267;0.268;0.267;0.268;10;0
Якутскэн-п;60;20170906;140000;0.275;0.275;0.275;0.275;1;0
Якутскэн-п;60;20170906;150000;0.275;0.275;0.275;0.275;1;0
Якутскэн-п;60;20170906;180000;0.27;0.27;0.268;0.268;5;0
Якутскэн-п;60;20170907;110000;0.271;0.271;0.268;0.268;8;0
Якутскэн-п;60;20170911;160000;0.267;0.267;0.267;0.267;2;0
Якутскэн-п;60;20170911;170000;0.266;0.266;0.26;0.26;18;0
Якутскэн-п;60;20170912;100000;0.267;0.267;0.267;0.267;1;0
Якутскэн-п;60;20170912;130000;0.263;0.264;0.263;0.264;2;0
Якутскэн-п;60;20170912;170000;0.27;0.271;0.27;0.271;2;0
Якутскэн-п;60;20170912;180000;0.266;0.266;0.266;0.266;3;0
Якутскэн-п;60;20170913;100000;0.27;0.275;0.27;0.275;8;0
Якутскэн-п;60;20170913;120000;0.274;0.274;0.266;0.266;10;0
Якутскэн-п;60;20170913;140000;0.275;0.275;0.275;0.275;2;0
Якутскэн-п;60;20170913;150000;0.277;0.278;0.277;0.278;7;0
Якутскэн-п;60;20170913;160000;0.269;0.269;0.269;0.269;4;0
Якутскэн-п;60;20170913;180000;0.274;0.274;0.274;0.274;1;0
Якутскэн-п;60;20170914;130000;0.278;0.294;0.278;0.293;89;0
Якутскэн-п;60;20170914;140000;0.288;0.288;0.287;0.287;65;0
Якутскэн-п;60;20170914;150000;0.287;0.29;0.287;0.29;31;0
Якутскэн-п;60;20170914;160000;0.29;0.29;0.28;0.28;16;0
Якутскэн-п;60;20170914;170000;0.281;0.281;0.28;0.28;24;0
Якутскэн-п;60;20170914;180000;0.277;0.281;0.277;0.281;3;0
Якутскэн-п;60;20170915;110000;0.277;0.287;0.277;0.287;6;0
Якутскэн-п;60;20170915;130000;0.282;0.282;0.282;0.282;2;0
Якутскэн-п;60;20170915;170000;0.28;0.28;0.28;0.28;11;0
Якутскэн-п;60;20170915;180000;0.28;0.28;0.28;0.28;1;0
Якутскэн-п;60;20170918;100000;0.285;0.285;0.285;0.285;1;0
Якутскэн-п;60;20170918;110000;0.287;0.29;0.287;0.29;19;0
Якутскэн-п;60;20170918;120000;0.29;0.29;0.29;0.29;2;0
Якутскэн-п;60;20170918;140000;0.29;0.29;0.29;0.29;1;0
Якутскэн-п;60;20170918;160000;0.29;0.29;0.29;0.29;3;0
Якутскэн-п;60;20170918;170000;0.29;0.29;0.285;0.285;31;0
Якутскэн-п;60;20170918;180000;0.29;0.29;0.29;0.29;2;0
Якутскэн-п;60;20170919;180000;0.284;0.284;0.284;0.284;2;0
Якутскэн-п;60;20170920;100000;0.289;0.289;0.283;0.283;4;0
Якутскэн-п;60;20170920;120000;0.288;0.288;0.288;0.288;1;0
Якутскэн-п;60;20170920;130000;0.289;0.289;0.289;0.289;1;0
Якутскэн-п;60;20170920;150000;0.289;0.289;0.289;0.289;1;0
Якутскэн-п;60;20170920;180000;0.29;0.291;0.29;0.291;2;0
Якутскэн-п;60;20170921;110000;0.291;0.291;0.29;0.29;3;0
Якутскэн-п;60;20170921;140000;0.29;0.29;0.29;0.29;1;0
Якутскэн-п;60;20170921;150000;0.291;0.291;0.289;0.289;9;0
Якутскэн-п;60;20170921;160000;0.289;0.289;0.289;0.289;1;0
Якутскэн-п;60;20170925;100000;0.286;0.286;0.286;0.286;1;0
Якутскэн-п;60;20170925;110000;0.291;0.295;0.291;0.294;88;0
Якутскэн-п;60;20170925;120000;0.292;0.292;0.292;0.292;20;0
Якутскэн-п;60;20170925;130000;0.289;0.289;0.285;0.289;5;0
Якутскэн-п;60;20170925;150000;0.283;0.283;0.283;0.283;1;0
Якутскэн-п;60;20170925;160000;0.284;0.284;0.284;0.284;2;0
Якутскэн-п;60;20170925;170000;0.288;0.288;0.288;0.288;1;0
Якутскэн-п;60;20170925;180000;0.289;0.291;0.284;0.284;5;0
Якутскэн-п;60;20170926;110000;0.291;0.292;0.291;0.292;3;0
Якутскэн-п;60;20170927;180000;0.293;0.293;0.293;0.293;1;0
Якутскэн-п;60;20170928;140000;0.292;0.294;0.292;0.294;4;0
Якутскэн-п;60;20170929;170000;0.286;0.286;0.282;0.282;3;0
Якутскэн-п;60;20170929;180000;0.293;0.324;0.281;0.286;110;0
Якутскэн-п;60;20171002;100000;0.282;0.3;0.282;0.295;11;0
Якутскэн-п;60;20171002;110000;0.295;0.301;0.295;0.301;30;0
Якутскэн-п;60;20171002;120000;0.302;0.303;0.301;0.301;3;0
Якутскэн-п;60;20171002;130000;0.3;0.305;0.3;0.305;14;0
Якутскэн-п;60;20171002;140000;0.3;0.3;0.3;0.3;1;0
Якутскэн-п;60;20171002;150000;0.3;0.3;0.3;0.3;11;0
Якутскэн-п;60;20171002;160000;0.3;0.3;0.297;0.297;8;0
Якутскэн-п;60;20171002;170000;0.297;0.297;0.297;0.297;1;0
Якутскэн-п;60;20171003;100000;0.291;0.3;0.291;0.3;4;0
Якутскэн-п;60;20171003;130000;0.294;0.298;0.293;0.298;9;0
Якутскэн-п;60;20171003;140000;0.298;0.298;0.298;0.298;1;0
Якутскэн-п;60;20171003;160000;0.3;0.3;0.3;0.3;1;0
Якутскэн-п;60;20171003;170000;0.298;0.298;0.298;0.298;3;0
Якутскэн-п;60;20171004;130000;0.295;0.295;0.295;0.295;1;0
Якутскэн-п;60;20171004;180000;0.295;0.295;0.295;0.295;7;0
Якутскэн-п;60;20171006;110000;0.293;0.293;0.29;0.29;20;0
Якутскэн-п;60;20171006;130000;0.299;0.299;0.299;0.299;1;0
Якутскэн-п;60;20171006;170000;0.295;0.299;0.295;0.299;3;0
Якутскэн-п;60;20171006;180000;0.295;0.295;0.295;0.295;8;0
Якутскэн-п;60;20171009;100000;0.295;0.295;0.295;0.295;2;0
Якутскэн-п;60;20171009;120000;0.295;0.295;0.295;0.295;1;0
Якутскэн-п;60;20171009;140000;0.295;0.295;0.295;0.295;1;0
Якутскэн-п;60;20171009;150000;0.298;0.298;0.296;0.296;2;0
Якутскэн-п;60;20171010;100000;0.297;0.299;0.297;0.299;3;0
Якутскэн-п;60;20171011;100000;0.3;0.3;0.3;0.3;1;0
Якутскэн-п;60;20171011;110000;0.302;0.302;0.299;0.299;2;0
Якутскэн-п;60;20171011;120000;0.299;0.299;0.299;0.299;1;0
Якутскэн-п;60;20171012;140000;0.298;0.298;0.298;0.298;1;0
Якутскэн-п;60;20171012;160000;0.297;0.297;0.296;0.296;3;0
Якутскэн-п;60;20171012;180000;0.301;0.304;0.301;0.304;3;0
Якутскэн-п;60;20171013;120000;0.3;0.3;0.3;0.3;1;0
Якутскэн-п;60;20171013;160000;0.298;0.299;0.298;0.298;3;0
Якутскэн-п;60;20171013;170000;0.298;0.298;0.298;0.298;1;0
Якутскэн-п;60;20171013;180000;0.297;0.297;0.297;0.297;3;0
Якутскэн-п;60;20171016;110000;0.297;0.297;0.297;0.297;1;0
Якутскэн-п;60;20171016;150000;0.297;0.297;0.296;0.296;2;0
Якутскэн-п;60;20171016;170000;0.301;0.301;0.301;0.301;1;0
Якутскэн-п;60;20171017;150000;0.301;0.302;0.301;0.302;2;0
Якутскэн-п;60;20171017;170000;0.304;0.31;0.303;0.303;22;0
Якутскэн-п;60;20171018;100000;0.301;0.301;0.29;0.29;42;0
Якутскэн-п;60;20171018;110000;0.291;0.291;0.287;0.287;17;0
Якутскэн-п;60;20171018;120000;0.288;0.288;0.287;0.287;6;0
Якутскэн-п;60;20171018;170000;0.29;0.29;0.29;0.29;1;0
Якутскэн-п;60;20171018;180000;0.29;0.29;0.286;0.286;2;0
Якутскэн-п;60;20171019;090000;0.291;0.291;0.291;0.291;1;0
Якутскэн-п;60;20171019;130000;0.286;0.286;0.286;0.286;1;0
Якутскэн-п;60;20171019;150000;0.287;0.289;0.285;0.285;24;0
Якутскэн-п;60;20171019;170000;0.291;0.298;0.291;0.291;4;0
Якутскэн-п;60;20171019;180000;0.294;0.294;0.294;0.294;1;0
Якутскэн-п;60;20171020;100000;0.295;0.299;0.295;0.299;2;0
Якутскэн-п;60;20171020;110000;0.288;0.288;0.288;0.288;1;0
Якутскэн-п;60;20171020;120000;0.292;0.295;0.285;0.295;14;0
Якутскэн-п;60;20171020;180000;0.297;0.298;0.297;0.298;2;0
Якутскэн-п;60;20171023;100000;0.3;0.3;0.3;0.3;1;0
Якутскэн-п;60;20171023;110000;0.29;0.29;0.29;0.29;2;0
Якутскэн-п;60;20171023;120000;0.299;0.299;0.299;0.299;1;0
Якутскэн-п;60;20171023;150000;0.288;0.292;0.285;0.292;21;0
Якутскэн-п;60;20171023;160000;0.285;0.285;0.283;0.283;51;0
Якутскэн-п;60;20171023;180000;0.289;0.289;0.28;0.284;37;0
Якутскэн-п;60;20171024;110000;0.281;0.281;0.274;0.274;22;0
Якутскэн-п;60;20171024;120000;0.277;0.279;0.275;0.279;18;0
Якутскэн-п;60;20171024;130000;0.283;0.284;0.28;0.284;3;0
Якутскэн-п;60;20171024;150000;0.286;0.286;0.286;0.286;1;0
Якутскэн-п;60;20171024;170000;0.281;0.283;0.281;0.283;3;0
Якутскэн-п;60;20171024;180000;0.284;0.285;0.284;0.285;2;0
Якутскэн-п;60;20171025;170000;0.285;0.285;0.285;0.285;1;0
Якутскэн-п;60;20171025;180000;0.28;0.286;0.28;0.286;12;0
Якутскэн-п;60;20171026;130000;0.281;0.281;0.28;0.28;15;0
Якутскэн-п;60;20171026;180000;0.28;0.28;0.28;0.28;1;0
Якутскэн-п;60;20171027;130000;0.28;0.282;0.28;0.282;2;0
Якутскэн-п;60;20171027;160000;0.28;0.28;0.28;0.28;4;0
Якутскэн-п;60;20171030;110000;0.28;0.28;0.279;0.28;6;0
Якутскэн-п;60;20171030;160000;0.279;0.28;0.279;0.28;8;0
Якутскэн-п;60;20171030;180000;0.28;0.28;0.28;0.28;8;0
Якутскэн-п;60;20171031;150000;0.28;0.28;0.28;0.28;1;0
Якутскэн-п;60;20171101;170000;0.28;0.28;0.28;0.28;1;0
Якутскэн-п;60;20171101;180000;0.28;0.28;0.28;0.28;4;0
Якутскэн-п;60;20171102;120000;0.281;0.282;0.281;0.282;5;0
Якутскэн-п;60;20171102;140000;0.281;0.281;0.281;0.281;5;0
Якутскэн-п;60;20171102;180000;0.28;0.28;0.272;0.277;23;0
Якутскэн-п;60;20171103;100000;0.278;0.278;0.278;0.278;1;0
Якутскэн-п;60;20171103;130000;0.279;0.279;0.279;0.279;1;0
Якутскэн-п;60;20171103;150000;0.278;0.278;0.278;0.278;1;0
Якутскэн-п;60;20171103;170000;0.281;0.281;0.279;0.281;10;0
Якутскэн-п;60;20171103;180000;0.281;0.282;0.281;0.282;3;0
Якутскэн-п;60;20171108;110000;0.275;0.275;0.275;0.275;1;0
Якутскэн-п;60;20171108;170000;0.276;0.276;0.276;0.276;3;0
Якутскэн-п;60;20171108;180000;0.276;0.282;0.275;0.282;11;0
Якутскэн-п;60;20171109;120000;0.28;0.281;0.28;0.28;8;0
Якутскэн-п;60;20171109;160000;0.282;0.282;0.282;0.282;2;0
Якутскэн-п;60;20171110;180000;0.28;0.28;0.28;0.28;1;0
Якутскэн-п;60;20171113;100000;0.271;0.275;0.271;0.275;2;0
Якутскэн-п;60;20171113;150000;0.278;0.278;0.278;0.278;2;0
Якутскэн-п;60;20171113;180000;0.277;0.282;0.277;0.282;9;0
Якутскэн-п;60;20171114;170000;0.276;0.276;0.276;0.276;2;0
Якутскэн-п;60;20171115;150000;0.275;0.275;0.275;0.275;1;0
Якутскэн-п;60;20171115;180000;0.28;0.282;0.28;0.282;5;0
Якутскэн-п;60;20171116;110000;0.276;0.276;0.276;0.276;3;0
Якутскэн-п;60;20171116;130000;0.275;0.279;0.27;0.279;38;0
Якутскэн-п;60;20171117;100000;0.272;0.272;0.272;0.272;4;0
Якутскэн-п;60;20171117;130000;0.273;0.276;0.273;0.276;6;0
Якутскэн-п;60;20171117;160000;0.273;0.273;0.273;0.273;6;0
Якутскэн-п;60;20171121;100000;0.276;0.28;0.276;0.28;7;0
Якутскэн-п;60;20171121;130000;0.283;0.283;0.283;0.283;3;0
Якутскэн-п;60;20171123;120000;0.276;0.276;0.275;0.276;7;0
Якутскэн-п;60;20171123;170000;0.276;0.276;0.275;0.275;12;0
Якутскэн-п;60;20171127;100000;0.283;0.283;0.278;0.278;8;0
Якутскэн-п;60;20171127;120000;0.277;0.277;0.276;0.276;2;0
Якутскэн-п;60;20171127;130000;0.275;0.275;0.275;0.275;2;0
Якутскэн-п;60;20171127;150000;0.274;0.274;0.271;0.271;10;0
Якутскэн-п;60;20171127;160000;0.27;0.27;0.27;0.27;19;0
Якутскэн-п;60;20171127;170000;0.269;0.269;0.267;0.267;4;0
Якутскэн-п;60;20171127;180000;0.269;0.269;0.269;0.269;2;0
Якутскэн-п;60;20171128;130000;0.268;0.269;0.268;0.268;3;0
Якутскэн-п;60;20171128;150000;0.269;0.269;0.268;0.268;2;0
Якутскэн-п;60;20171129;140000;0.268;0.268;0.266;0.266;9;0
Якутскэн-п;60;20171129;150000;0.265;0.267;0.265;0.267;5;0
Якутскэн-п;60;20171129;160000;0.267;0.267;0.267;0.267;3;0
Якутскэн-п;60;20171129;170000;0.268;0.27;0.268;0.27;43;0
Якутскэн-п;60;20171129;180000;0.269;0.269;0.269;0.269;14;0
Якутскэн-п;60;20171130;120000;0.267;0.267;0.264;0.264;8;0
Якутскэн-п;60;20171130;150000;0.266;0.266;0.26;0.26;25;0
Якутскэн-п;60;20171130;160000;0.264;0.264;0.264;0.264;1;0
Якутскэн-п;60;20171201;100000;0.261;0.262;0.256;0.259;49;0
Якутскэн-п;60;20171201;110000;0.259;0.26;0.259;0.26;6;0
Якутскэн-п;60;20171201;120000;0.257;0.257;0.255;0.255;25;0
Якутскэн-п;60;20171201;140000;0.258;0.258;0.258;0.258;1;0
Якутскэн-п;60;20171201;150000;0.258;0.258;0.258;0.258;6;0
Якутскэн-п;60;20171201;170000;0.259;0.26;0.259;0.259;4;0
Якутскэн-п;60;20171201;180000;0.257;0.257;0.255;0.255;7;0
Якутскэн-п;60;20171204;160000;0.259;0.26;0.259;0.26;3;0
Якутскэн-п;60;20171204;180000;0.26;0.262;0.26;0.262;3;0
Якутскэн-п;60;20171205;180000;0.262;0.262;0.262;0.262;1;0
Якутскэн-п;60;20171206;140000;0.26;0.26;0.259;0.259;2;0
Якутскэн-п;60;20171206;170000;0.261;0.263;0.261;0.263;6;0
Якутскэн-п;60;20171206;180000;0.264;0.265;0.264;0.265;4;0
Якутскэн-п;60;20171207;100000;0.266;0.27;0.266;0.27;21;0
Якутскэн-п;60;20171207;120000;0.269;0.27;0.269;0.269;51;0
Якутскэн-п;60;20171207;130000;0.269;0.269;0.269;0.269;15;0
Якутскэн-п;60;20171207;140000;0.269;0.269;0.269;0.269;2;0
Якутскэн-п;60;20171207;160000;0.268;0.268;0.268;0.268;1;0
Якутскэн-п;60;20171207;170000;0.267;0.267;0.267;0.267;9;0
Якутскэн-п;60;20171208;180000;0.27;0.274;0.27;0.274;10;0
Якутскэн-п;60;20171211;130000;0.275;0.277;0.275;0.277;5;0
Якутскэн-п;60;20171211;160000;0.274;0.274;0.26;0.265;103;0
Якутскэн-п;60;20171211;170000;0.263;0.264;0.262;0.264;5;0
Якутскэн-п;60;20171211;180000;0.261;0.262;0.26;0.262;14;0
Якутскэн-п;60;20171212;100000;0.259;0.26;0.256;0.26;13;0
Якутскэн-п;60;20171212;130000;0.261;0.261;0.261;0.261;1;0
Якутскэн-п;60;20171212;180000;0.26;0.26;0.25;0.25;107;0
Якутскэн-п;60;20171213;100000;0.253;0.254;0.253;0.254;3;0
Якутскэн-п;60;20171213;110000;0.254;0.254;0.254;0.254;1;0
Якутскэн-п;60;20171213;160000;0.254;0.254;0.254;0.254;15;0
Якутскэн-п;60;20171213;180000;0.254;0.254;0.254;0.254;1;0
Якутскэн-п;60;20171214;150000;0.251;0.251;0.25;0.25;2;0
Якутскэн-п;60;20171215;150000;0.25;0.25;0.25;0.25;1;0
Якутскэн-п;60;20171215;160000;0.249;0.25;0.247;0.25;9;0
Якутскэн-п;60;20171215;170000;0.251;0.252;0.251;0.252;83;0
Якутскэн-п;60;20171215;180000;0.252;0.252;0.252;0.252;6;0
Якутскэн-п;60;20171218;160000;0.25;0.25;0.25;0.25;1;0
Якутскэн-п;60;20171218;170000;0.249;0.249;0.246;0.246;5;0
Якутскэн-п;60;20171218;180000;0.249;0.249;0.249;0.249;1;0
Якутскэн-п;60;20171219;110000;0.25;0.253;0.25;0.253;10;0
Якутскэн-п;60;20171219;120000;0.253;0.253;0.253;0.253;1;0
Якутскэн-п;60;20171219;170000;0.252;0.252;0.252;0.252;1;0
Якутскэн-п;60;20171219;180000;0.251;0.251;0.249;0.249;7;0
Якутскэн-п;60;20171220;150000;0.25;0.25;0.25;0.25;8;0
Якутскэн-п;60;20171221;130000;0.251;0.251;0.247;0.247;17;0
Якутскэн-п;60;20171221;140000;0.246;0.246;0.241;0.245;13;0
Якутскэн-п;60;20171221;180000;0.245;0.248;0.245;0.248;15;0
Якутскэн-п;60;20171222;140000;0.246;0.246;0.24;0.243;37;0
Якутскэн-п;60;20171222;150000;0.244;0.244;0.244;0.244;2;0
Якутскэн-п;60;20171225;150000;0.244;0.244;0.244;0.244;1;0
Якутскэн-п;60;20171226;100000;0.244;0.245;0.244;0.245;3;0
Якутскэн-п;60;20171226;110000;0.245;0.246;0.245;0.246;4;0
Якутскэн-п;60;20171226;120000;0.246;0.246;0.246;0.246;50;0
Якутскэн-п;60;20171226;180000;0.243;0.243;0.243;0.243;1;0
Якутскэн-п;60;20171227;100000;0.243;0.243;0.24;0.24;15;0
Якутскэн-п;60;20171227;110000;0.24;0.24;0.23;0.239;33;0
Якутскэн-п;60;20171227;130000;0.238;0.238;0.238;0.238;1;0
Якутскэн-п;60;20171227;140000;0.238;0.238;0.238;0.238;4;0
Якутскэн-п;60;20171227;150000;0.238;0.245;0.238;0.245;50;0
Якутскэн-п;60;20171227;160000;0.243;0.243;0.242;0.242;2;0
Якутскэн-п;60;20171227;170000;0.245;0.245;0.245;0.245;30;0
Якутскэн-п;60;20171227;180000;0.245;0.249;0.245;0.249;8;0
Якутскэн-п;60;20171228;110000;0.245;0.245;0.245;0.245;1;0
Якутскэн-п;60;20171229;100000;0.245;0.245;0.245;0.245;1;0
Якутскэн-п;60;20171229;110000;0.248;0.25;0.248;0.25;16;0
Якутскэн-п;60;20171229;120000;0.249;0.25;0.249;0.25;4;0
Якутскэн-п;60;20171229;140000;0.25;0.251;0.248;0.248;5;0
Якутскэн-п;60;20171229;170000;0.248;0.248;0.248;0.248;1;0
Якутскэн-п;60;20171229;180000;0.251;0.251;0.248;0.248;2;0
